A1	B1	B2	B3	B4	B5
1.595829125E+3	-1.359488585E-1	-6.375835801E-5	7.695651034E-9	-2.646277607E-11	2.155209250E-14






Date	Time	200	201	202	203	204	205	206	207	208	209	210	211	212	213	214	215	216	217	218	219	220	221	222	223	224	225	226	227	228	229	230	231	232	233	234	235	236	237	238	239	240	241	242	243	244	245	246	247	248	249	250	251	252	253	254	255	256	257	258	259	260	261	262	263	264	265	266	267	268	269	270	271	272	273	274	275	276	277	278	279	280	281	282	283	284	285	286	287	288	289	290	291	292	293	294	295	296	297	298	299	300	301	302	303	304	305	306	307	308	309	310	311	312	313	314	315	316	317	318	319	320	321	322	323	324	325	326	327	328	329	330	331	332	333	334	335	336	337	338	339	340	341	342	343	344	345	346	347	348	349	350	351	352	353	354	355	356	357	358	359	360	361	362	363	364	365	366	367	368	369	370	371	372	373	374	375	376	377	378	379	380	381	382	383	384	385	386	387	388	389	390	391	392	393	394	395	396	397	398	399	
		1566.11514	1565.95387	1565.79248	1565.63096	1565.46931	1565.30753	1565.14563	1564.98359	1564.82143	1564.65914	1564.49673	1564.33418	1564.17151	1564.00871	1563.84578	1563.68273	1563.51955	1563.35623	1563.19279	1563.02923	1562.86553	1562.70171	1562.53776	1562.37368	1562.20947	1562.04513	1561.88067	1561.71607	1561.55135	1561.38650	1561.22152	1561.05641	1560.89118	1560.72581	1560.56032	1560.39470	1560.22895	1560.06307	1559.89707	1559.73093	1559.56467	1559.39827	1559.23175	1559.06510	1558.89832	1558.73141	1558.56437	1558.39721	1558.22991	1558.06249	1557.89493	1557.72725	1557.55944	1557.39150	1557.22343	1557.05523	1556.88690	1556.71844	1556.54986	1556.38114	1556.21229	1556.04332	1555.87421	1555.70498	1555.53562	1555.36612	1555.19650	1555.02675	1554.85687	1554.68685	1554.51671	1554.34644	1554.17604	1554.00551	1553.83485	1553.66406	1553.49314	1553.32209	1553.15091	1552.97960	1552.80816	1552.63659	1552.46489	1552.29306	1552.12110	1551.94901	1551.77679	1551.60444	1551.43196	1551.25935	1551.08661	1550.91374	1550.74073	1550.56760	1550.39434	1550.22094	1550.04742	1549.87377	1549.69998	1549.52607	1549.35202	1549.17784	1549.00354	1548.82910	1548.65453	1548.47983	1548.30500	1548.13004	1547.95495	1547.77973	1547.60437	1547.42889	1547.25328	1547.07753	1546.90165	1546.72564	1546.54951	1546.37324	1546.19684	1546.02030	1545.84364	1545.66685	1545.48992	1545.31286	1545.13568	1544.95836	1544.78091	1544.60333	1544.42561	1544.24777	1544.06979	1543.89169	1543.71345	1543.53508	1543.35658	1543.17794	1542.99918	1542.82028	1542.64126	1542.46210	1542.28281	1542.10339	1541.92383	1541.74415	1541.56433	1541.38438	1541.20430	1541.02409	1540.84375	1540.66327	1540.48267	1540.30193	1540.12106	1539.94005	1539.75892	1539.57765	1539.39626	1539.21473	1539.03306	1538.85127	1538.66935	1538.48729	1538.30510	1538.12278	1537.94032	1537.75774	1537.57502	1537.39217	1537.20919	1537.02608	1536.84283	1536.65945	1536.47594	1536.29230	1536.10853	1535.92462	1535.74058	1535.55641	1535.37211	1535.18768	1535.00311	1534.81841	1534.63358	1534.44862	1534.26352	1534.07829	1533.89294	1533.70744	1533.52182	1533.33606	1533.15017	1532.96415	1532.77800	1532.59171	1532.40530	1532.21875	1532.03206	1531.84525	1531.65830	1531.47122
04/01/1980	01:34:44	-2	6	4	12	7	-1	9	8	4	12	10	21	12	11	16	8	8	24	13	18	15	21	20	27	15	6	22	4	22	35	25	31	33	17	17	22	29	22	34	23	36	30	27	34	34	34	39	34	27	39	29	25	33	34	23	29	37	32	29	35	36	34	37	41	26	34	27	22	27	21	23	28	37	28	39	43	29	39	31	41	32	38	29	22	19	23	25	49	70	104	217	459	971	1985	3112	4069	5021	4625	3673	2609	1544	784	408	191	94	46	33	37	32	35	34	26	32	24	17	24	18	12	6	21	20	14	30	14	12	32	19	15	20	10	12	12	7	2	11	13	10	6	12	23	12	14	17	20	23	17	5	14	11	3	6	6	2	5	7	14	20	10	8	13	29	16	8	12	13	5	3	-1	4	8	9	11	16	16	14	29	5	23	18	20	19	12	27	11	19	17	21	27	37	24	22	37	22	26	30	16	20	7	10	19
