A1	B1	B2	B3	B4	B5
1.595829125E+3	-1.359488585E-1	-6.375835801E-5	7.695651034E-9	-2.646277607E-11	2.155209250E-14






Date	Time	400	401	402	403	404	405	406	407	408	409	410	411	412	413	414	415	416	417	418	419	420	421	422	423	424	425	426	427	428	429	430	431	432	433	434	435	436	437	438	439	440	441	442	443	444	445	446	447	448	449	450	451	452	453	454	455	456	457	458	459	460	461	462	463	464	465	466	467	468	469	470	471	472	473	474	475	476	477	478	479	480	481	482	483	484	485	486	487	488	489	490	491	492	493	494	495	496	497	498	499	500	501	502	503	504	505	506	507	508	509	510	511	
		1531.28401	1531.09667	1530.90919	1530.72158	1530.53384	1530.34597	1530.15797	1529.96983	1529.78156	1529.59316	1529.40462	1529.21596	1529.02716	1528.83823	1528.64917	1528.45997	1528.27064	1528.08118	1527.89159	1527.70187	1527.51201	1527.32202	1527.13190	1526.94165	1526.75126	1526.56075	1526.37010	1526.17932	1525.98840	1525.79736	1525.60618	1525.41487	1525.22343	1525.03185	1524.84014	1524.64831	1524.45634	1524.26423	1524.07200	1523.87963	1523.68713	1523.49450	1523.30174	1523.10885	1522.91582	1522.72266	1522.52937	1522.33595	1522.14240	1521.94871	1521.75489	1521.56095	1521.36687	1521.17265	1520.97831	1520.78383	1520.58923	1520.39449	1520.19962	1520.00461	1519.80948	1519.61421	1519.41882	1519.22329	1519.02763	1518.83184	1518.63592	1518.43986	1518.24368	1518.04736	1517.85091	1517.65433	1517.45762	1517.26078	1517.06381	1516.86671	1516.66947	1516.47211	1516.27461	1516.07698	1515.87923	1515.68134	1515.48332	1515.28517	1515.08689	1514.88847	1514.68993	1514.49126	1514.29245	1514.09352	1513.89446	1513.69526	1513.49593	1513.29648	1513.09689	1512.89718	1512.69733	1512.49735	1512.29725	1512.09701	1511.89664	1511.69615	1511.49552	1511.29476	1511.09388	1510.89286	1510.69171	1510.49044	1510.28903	1510.08750	1509.88584	1509.68404
04/01/1980	01:51:47	13	12	8	12	14	10	8	11	4	6	19	7	11	5	6	10	5	10	5	12	2	19	11	15	7	-4	10	-2	-5	8	1	23	1	9	0	5	2	13	4	9	6	10	2	1	12	13	-3	7	0	8	14	2	6	5	0	13	21	11	13	10	4	11	-7	8	0	1	4	5	4	10	6	4	2	6	9	3	-1	-2	7	14	6	0	2	7	4	3	22	-1	0	9	3	8	-1	4	-4	6	14	8	1	8	5	0	1	2	21	17	13	12	7	1	15	-1
