A1	B1	B2	B3	B4	B5
1.595829125E+3	-1.359488585E-1	-6.375835801E-5	7.695651034E-9	-2.646277607E-11	2.155209250E-14






Date	Time	0	1	2	3	4	5	6	7	8	9	10	11	12	13	14	15	16	17	18	19	20	21	22	23	24	25	26	27	28	29	30	31	32	33	34	35	36	37	38	39	40	41	42	43	44	45	46	47	48	49	50	51	52	53	54	55	56	57	58	59	60	61	62	63	64	65	66	67	68	69	70	71	72	73	74	75	76	77	78	79	80	81	82	83	84	85	86	87	88	89	90	91	92	93	94	95	96	97	98	99	100	101	102	103	104	105	106	107	108	109	110	111	112	113	114	115	116	117	118	119	120	121	122	123	124	125	126	127	128	129	130	131	132	133	134	135	136	137	138	139	140	141	142	143	144	145	146	147	148	149	150	151	152	153	154	155	156	157	158	159	160	161	162	163	164	165	166	167	168	169	170	171	172	173	174	175	176	177	178	179	180	181	182	183	184	185	186	187	188	189	190	191	192	193	194	195	196	197	198	199	
		1595.82912	1595.69311	1595.55697	1595.42070	1595.28431	1595.14779	1595.01114	1594.87436	1594.73746	1594.60043	1594.46327	1594.32598	1594.18857	1594.05103	1593.91336	1593.77557	1593.63765	1593.49960	1593.36143	1593.22313	1593.08470	1592.94615	1592.80747	1592.66866	1592.52973	1592.39066	1592.25148	1592.11216	1591.97272	1591.83316	1591.69346	1591.55364	1591.41370	1591.27363	1591.13343	1590.99310	1590.85265	1590.71207	1590.57137	1590.43054	1590.28958	1590.14850	1590.00729	1589.86596	1589.72450	1589.58291	1589.44120	1589.29936	1589.15740	1589.01531	1588.87309	1588.73075	1588.58828	1588.44568	1588.30296	1588.16012	1588.01715	1587.87405	1587.73082	1587.58747	1587.44400	1587.30040	1587.15667	1587.01282	1586.86884	1586.72474	1586.58051	1586.43615	1586.29167	1586.14706	1586.00233	1585.85747	1585.71249	1585.56738	1585.42214	1585.27678	1585.13129	1584.98568	1584.83994	1584.69408	1584.54809	1584.40197	1584.25573	1584.10937	1583.96288	1583.81626	1583.66952	1583.52265	1583.37565	1583.22853	1583.08129	1582.93391	1582.78642	1582.63880	1582.49105	1582.34317	1582.19517	1582.04705	1581.89880	1581.75042	1581.60192	1581.45329	1581.30454	1581.15566	1581.00666	1580.85753	1580.70827	1580.55889	1580.40938	1580.25975	1580.10999	1579.96011	1579.81010	1579.65996	1579.50970	1579.35931	1579.20880	1579.05816	1578.90740	1578.75650	1578.60549	1578.45435	1578.30308	1578.15169	1578.00017	1577.84852	1577.69675	1577.54485	1577.39283	1577.24068	1577.08841	1576.93601	1576.78348	1576.63083	1576.47805	1576.32514	1576.17211	1576.01896	1575.86567	1575.71227	1575.55873	1575.40507	1575.25128	1575.09737	1574.94333	1574.78917	1574.63487	1574.48046	1574.32591	1574.17124	1574.01645	1573.86152	1573.70647	1573.55130	1573.39600	1573.24057	1573.08501	1572.92933	1572.77353	1572.61759	1572.46153	1572.30535	1572.14903	1571.99259	1571.83603	1571.67933	1571.52251	1571.36557	1571.20849	1571.05130	1570.89397	1570.73652	1570.57894	1570.42123	1570.26340	1570.10544	1569.94735	1569.78914	1569.63080	1569.47233	1569.31373	1569.15501	1568.99616	1568.83719	1568.67809	1568.51886	1568.35950	1568.20001	1568.04040	1567.88067	1567.72080	1567.56081	1567.40069	1567.24044	1567.08006	1566.91956	1566.75893	1566.59818	1566.43729	1566.27628
04/01/1980	02:00:03	14	12	5	19	5	3	6	-7	2	2	0	6	1	0	8	12	7	23	8	4	12	9	-1	7	5	2	0	7	5	-6	9	17	8	11	13	11	0	18	0	6	-1	16	-1	-8	-5	-10	-4	6	9	10	20	18	0	1	9	-1	-4	5	-10	12	-7	11	11	7	5	0	9	17	16	8	4	5	-10	3	4	-2	3	4	2	1	11	3	20	13	14	7	9	10	11	-1	11	1	0	4	4	-1	-7	4	2	14	11	12	0	15	13	2	3	4	-3	8	7	-6	-2	10	12	7	7	10	7	9	8	3	0	5	3	1	-2	8	4	-4	5	15	12	13	17	10	8	7	3	-4	9	6	14	5	-7	4	1	10	6	8	5	6	9	10	3	3	1	-4	6	1	2	9	7	17	1	16	1	13	8	16	7	-1	5	3	12	-6	4	12	21	5	5	10	9	16	14	-4	-5	3	6	7	10	21	4	19	7	8	17	14	6	17
