Date/Time	2022-06-16 05:02:51
Line location	1
Line name	A1
OTDR wavelength [nm]	1550
OTDR pulse duration [ns]	2
OTDR scan time [s]	10
OTDR scan length [m]	1.500000E+2
Length offset [m]	0.000000E+0
Length increment [m]	3.996806E-2
Switch ID	VIAVI Solutions,OTU 8000E,11654,FO,16.76
OTDR ID	JDSU,OTU 8000E,11654,OTU(SmartOTU),V7.22

Reflected amplitude [dB]
8.142120E-1
8.068620E-1
7.818720E-1
7.377720E-1
6.833820E-1
6.348720E-1
5.937120E-1
5.613720E-1
5.363820E-1
5.437320E-1
6.172320E-1
7.407120E-1
8.847720E-1
1.050882E+0
1.211112E+0
1.341942E+0
1.440432E+0
1.510992E+0
1.562442E+0
1.591842E+0
1.591842E+0
1.559502E+0
1.502172E+0
1.418382E+0
1.305192E+0
1.175832E+0
1.039122E+0
8.980020E-1
7.495320E-1
6.040020E-1
4.687620E-1
3.467520E-1
2.379720E-1
1.483020E-1
7.480200E-2
1.747200E-2
-2.956800E-2
-6.778800E-2
-9.865800E-2
-1.236480E-1
-1.456980E-1
-1.633380E-1
-1.780380E-1
-1.912680E-1
-2.044980E-1
-2.147880E-1
-2.250780E-1
-2.324280E-1
-2.397780E-1
-2.471280E-1
-2.530080E-1
-2.574180E-1
-2.632980E-1
-2.691780E-1
-2.750580E-1
-2.824080E-1
-2.897580E-1
-2.971080E-1
-3.044580E-1
-3.103380E-1
-3.162180E-1
-3.206280E-1
-3.235680E-1
-3.279780E-1
-3.309180E-1
-3.338580E-1
-3.382680E-1
-3.412080E-1
-3.441480E-1
-3.456180E-1
-3.441480E-1
-3.397380E-1
-3.309180E-1
-3.176880E-1
-3.000480E-1
-2.779980E-1
-2.530080E-1
-2.280180E-1
-2.015580E-1
-1.780380E-1
-1.574580E-1
-1.412880E-1
-1.324680E-1
-1.295280E-1
-1.324680E-1
-1.427580E-1
-1.589280E-1
-1.809780E-1
-2.059680E-1
-2.338980E-1
-2.618280E-1
-2.897580E-1
-3.162180E-1
-3.426780E-1
-3.661980E-1
-3.882480E-1
-4.088280E-1
-4.279380E-1
-4.441080E-1
-4.602780E-1
-4.735080E-1
-4.852680E-1
-4.926180E-1
-4.984980E-1
-5.029080E-1
-5.043780E-1
-5.043780E-1
-5.029080E-1
-5.014380E-1
-4.999680E-1
-4.999680E-1
-5.014380E-1
-5.029080E-1
-5.043780E-1
-5.087880E-1
-5.131980E-1
-5.176080E-1
-5.220180E-1
-5.264280E-1
-5.293680E-1
-5.323080E-1
-5.337780E-1
-5.352480E-1
-5.367180E-1
-5.367180E-1
-5.352480E-1
-5.337780E-1
-5.308380E-1
-5.264280E-1
-5.205480E-1
-5.146680E-1
-5.087880E-1
-5.029080E-1
-4.970280E-1
-4.926180E-1
-4.896780E-1
-4.882080E-1
-4.882080E-1
-4.896780E-1
-4.911480E-1
-4.926180E-1
-4.955580E-1
-4.970280E-1
-4.984980E-1
-4.984980E-1
-4.102980E-1
1.747200E-2
9.229920E-1
2.113692E+0
3.330852E+0
4.442172E+0
5.397672E+0
6.195882E+0
6.860322E+0
7.414512E+0
7.871682E+0
8.237712E+0
8.519952E+0
8.722812E+0
8.855112E+0
8.922732E+0
8.931552E+0
8.885982E+0
8.787492E+0
8.639022E+0
8.442042E+0
8.196552E+0
7.906962E+0
7.574742E+0
7.202832E+0
6.792702E+0
6.348762E+0
5.878362E+0
5.388852E+0
4.887582E+0
4.380432E+0
3.879162E+0
3.397002E+0
2.956002E+0
2.569392E+0
2.243052E+0
1.971102E+0
1.743252E+0
1.546272E+0
1.369872E+0
1.197882E+0
1.014132E+0
8.303820E-1
6.525120E-1
4.878720E-1
3.379320E-1
1.953420E-1
6.451200E-2
-4.720800E-2
-1.383480E-1
-2.118480E-1
-2.691780E-1
-3.132780E-1
-3.485580E-1
-3.750180E-1
-3.955980E-1
-4.102980E-1
-4.205880E-1
-4.294080E-1
-4.382280E-1
-4.455780E-1
-4.529280E-1
-4.588080E-1
-4.646880E-1
-4.705680E-1
-4.735080E-1
-4.764480E-1
-4.779180E-1
-4.779180E-1
-4.793880E-1
-4.808580E-1
-4.823280E-1
-4.852680E-1
-4.867380E-1
-4.882080E-1
-4.896780E-1
-4.896780E-1
-4.882080E-1
-4.867380E-1
-4.852680E-1
-4.823280E-1
-4.808580E-1
-4.808580E-1
-4.793880E-1
-4.779180E-1
-4.764480E-1
-4.735080E-1
-4.690980E-1
-4.646880E-1
-4.588080E-1
-4.543980E-1
-4.514580E-1
-4.485180E-1
-4.470480E-1
-4.485180E-1
-4.485180E-1
-4.514580E-1
-4.529280E-1
-4.543980E-1
-4.543980E-1
-4.543980E-1
-4.543980E-1
-4.543980E-1
-4.529280E-1
-4.529280E-1
-4.514580E-1
-4.499880E-1
-4.485180E-1
-4.485180E-1
-4.470480E-1
-4.470480E-1
-4.455780E-1
-4.455780E-1
-4.455780E-1
-4.455780E-1
-4.455780E-1
-4.441080E-1
-4.441080E-1
-4.441080E-1
-4.441080E-1
-4.455780E-1
-4.470480E-1
-4.499880E-1
-4.529280E-1
-4.573380E-1
-4.632180E-1
-4.690980E-1
-4.749780E-1
-4.823280E-1
-4.882080E-1
-4.940880E-1
-4.984980E-1
-4.999680E-1
-4.999680E-1
-4.984980E-1
-4.940880E-1
-4.882080E-1
-4.808580E-1
-4.720380E-1
-4.632180E-1
-4.558680E-1
-4.485180E-1
-4.426380E-1
-4.382280E-1
-4.352880E-1
-4.338180E-1
-4.352880E-1
-4.367580E-1
-4.396980E-1
-4.441080E-1
-4.499880E-1
-4.543980E-1
-4.602780E-1
-4.661580E-1
-4.705680E-1
-4.764480E-1
-4.808580E-1
-4.852680E-1
-4.896780E-1
-4.940880E-1
-4.984980E-1
-5.014380E-1
-5.043780E-1
-5.073180E-1
-5.073180E-1
-5.073180E-1
-5.073180E-1
-5.073180E-1
-5.073180E-1
-5.073180E-1
-5.073180E-1
-5.087880E-1
-5.087880E-1
-5.102580E-1
-5.117280E-1
-5.131980E-1
-5.131980E-1
-5.146680E-1
-5.161380E-1
-5.176080E-1
-5.190780E-1
-5.205480E-1
-5.220180E-1
-5.220180E-1
-5.220180E-1
-5.205480E-1
-5.190780E-1
-5.146680E-1
-5.102580E-1
-5.043780E-1
-4.984980E-1
-4.911480E-1
-4.823280E-1
-4.749780E-1
-4.676280E-1
-4.588080E-1
-4.514580E-1
-4.426380E-1
-4.352880E-1
-4.279380E-1
-4.191180E-1
-4.117680E-1
-4.058880E-1
-3.985380E-1
-3.926580E-1
-3.867780E-1
-3.838380E-1
-3.794280E-1
-3.779580E-1
-3.750180E-1
-3.750180E-1
-3.750180E-1
-3.764880E-1
-3.794280E-1
-3.838380E-1
-3.897180E-1
-3.970680E-1
-4.073580E-1
-4.191180E-1
-4.323480E-1
-4.455780E-1
-4.588080E-1
-4.705680E-1
-4.793880E-1
-4.882080E-1
-4.926180E-1
-4.955580E-1
-4.955580E-1
-4.955580E-1
-4.926180E-1
-4.896780E-1
-4.852680E-1
-4.837980E-1
-4.808580E-1
-4.793880E-1
-4.793880E-1
-4.823280E-1
-4.852680E-1
-4.896780E-1
-4.955580E-1
-5.014380E-1
-5.058480E-1
-5.102580E-1
-5.131980E-1
-5.131980E-1
-5.131980E-1
-5.102580E-1
-5.073180E-1
-5.029080E-1
-4.984980E-1
-4.955580E-1
-4.911480E-1
-4.896780E-1
-4.867380E-1
-4.852680E-1
-4.823280E-1
-4.808580E-1
-4.779180E-1
-4.735080E-1
-4.676280E-1
-4.617480E-1
-4.543980E-1
-4.470480E-1
-4.382280E-1
-4.279380E-1
-4.191180E-1
-4.102980E-1
-4.014780E-1
-3.941280E-1
-3.897180E-1
-3.838380E-1
-3.808980E-1
-3.794280E-1
-3.779580E-1
-3.779580E-1
-3.779580E-1
-3.779580E-1
-3.794280E-1
-3.823680E-1
-3.853080E-1
-3.882480E-1
-3.926580E-1
-3.985380E-1
-4.044180E-1
-4.117680E-1
-4.205880E-1
-4.308780E-1
-4.411680E-1
-4.529280E-1
-4.632180E-1
-4.735080E-1
-4.837980E-1
-4.911480E-1
-4.970280E-1
-5.014380E-1
-5.043780E-1
-5.058480E-1
-5.087880E-1
-5.117280E-1
-5.161380E-1
-5.190780E-1
-5.234880E-1
-5.278980E-1
-5.308380E-1
-5.308380E-1
-5.293680E-1
-5.249580E-1
-5.176080E-1
-5.087880E-1
-4.999680E-1
-4.882080E-1
-4.779180E-1
-4.690980E-1
-4.617480E-1
-4.558680E-1
-4.529280E-1
-4.529280E-1
-4.558680E-1
-4.602780E-1
-4.661580E-1
-4.749780E-1
-4.823280E-1
-4.911480E-1
-4.999680E-1
-5.058480E-1
-5.117280E-1
-5.146680E-1
-5.161380E-1
-5.146680E-1
-5.117280E-1
-5.087880E-1
-5.043780E-1
-4.999680E-1
-4.970280E-1
-4.940880E-1
-4.911480E-1
-4.896780E-1
-4.882080E-1
-4.867380E-1
-4.852680E-1
-4.837980E-1
-4.808580E-1
-4.779180E-1
-4.749780E-1
-4.720380E-1
-4.676280E-1
-4.632180E-1
-4.588080E-1
-4.558680E-1
-4.529280E-1
-4.499880E-1
-4.499880E-1
-4.514580E-1
-4.543980E-1
-4.588080E-1
-4.646880E-1
-4.720380E-1
-4.779180E-1
-4.852680E-1
-4.926180E-1
-4.970280E-1
-5.014380E-1
-5.058480E-1
-5.087880E-1
-5.102580E-1
-5.102580E-1
-5.102580E-1
-5.102580E-1
-5.087880E-1
-5.073180E-1
-5.058480E-1
-5.043780E-1
-5.029080E-1
-5.029080E-1
-5.029080E-1
-5.029080E-1
-5.043780E-1
-5.058480E-1
-5.087880E-1
-5.131980E-1
-5.176080E-1
-5.205480E-1
-5.234880E-1
-5.249580E-1
-5.249580E-1
-5.234880E-1
-5.205480E-1
-5.176080E-1
-5.131980E-1
-5.102580E-1
-5.058480E-1
-5.029080E-1
-4.999680E-1
-4.970280E-1
-4.940880E-1
-4.926180E-1
-4.911480E-1
-4.896780E-1
-4.882080E-1
-4.867380E-1
-4.852680E-1
-4.837980E-1
-4.808580E-1
-4.779180E-1
-4.749780E-1
-4.720380E-1
-4.690980E-1
-4.690980E-1
-4.705680E-1
-4.735080E-1
-4.779180E-1
-4.852680E-1
-4.911480E-1
-4.984980E-1
-5.029080E-1
-5.058480E-1
-5.073180E-1
-5.073180E-1
-5.043780E-1
-5.029080E-1
-5.029080E-1
-5.029080E-1
-5.043780E-1
-5.087880E-1
-5.131980E-1
-5.190780E-1
-5.249580E-1
-5.293680E-1
-5.323080E-1
-5.337780E-1
-5.337780E-1
-5.323080E-1
-5.293680E-1
-5.264280E-1
-5.220180E-1
-5.176080E-1
-5.131980E-1
-5.102580E-1
-5.073180E-1
-5.043780E-1
-5.029080E-1
-5.014380E-1
-4.999680E-1
-4.984980E-1
-4.970280E-1
-4.940880E-1
-4.896780E-1
-4.837980E-1
-4.764480E-1
-4.690980E-1
-4.617480E-1
-4.543980E-1
-4.485180E-1
-4.426380E-1
-4.396980E-1
-4.382280E-1
-4.367580E-1
-4.367580E-1
-4.352880E-1
-4.323480E-1
-4.294080E-1
-4.249980E-1
-4.191180E-1
-4.132380E-1
-4.073580E-1
-4.014780E-1
-3.970680E-1
-3.955980E-1
-3.970680E-1
-4.000080E-1
-4.058880E-1
-4.147080E-1
-4.249980E-1
-4.352880E-1
-4.441080E-1
-4.543980E-1
-4.617480E-1
-4.661580E-1
-4.690980E-1
-4.705680E-1
-4.705680E-1
-4.690980E-1
-4.661580E-1
-4.646880E-1
-4.646880E-1
-4.632180E-1
-4.646880E-1
-4.646880E-1
-4.661580E-1
-4.661580E-1
-4.661580E-1
-4.661580E-1
-4.646880E-1
-4.646880E-1
-4.646880E-1
-4.646880E-1
-4.646880E-1
-4.661580E-1
-4.676280E-1
-4.690980E-1
-4.705680E-1
-4.720380E-1
-4.720380E-1
-4.735080E-1
-4.735080E-1
-4.749780E-1
-4.764480E-1
-4.793880E-1
-4.823280E-1
-4.867380E-1
-4.896780E-1
-4.926180E-1
-4.940880E-1
-4.940880E-1
-4.926180E-1
-4.911480E-1
-4.896780E-1
-4.867380E-1
-4.852680E-1
-4.837980E-1
-4.837980E-1
-4.837980E-1
-4.852680E-1
-4.852680E-1
-4.867380E-1
-4.867380E-1
-4.852680E-1
-4.837980E-1
-4.808580E-1
-4.764480E-1
-4.705680E-1
-4.661580E-1
-4.602780E-1
-4.573380E-1
-4.543980E-1
-4.543980E-1
-4.543980E-1
-4.573380E-1
-4.602780E-1
-4.646880E-1
-4.690980E-1
-4.720380E-1
-4.749780E-1
-4.779180E-1
-4.793880E-1
-4.808580E-1
-4.808580E-1
-4.793880E-1
-4.779180E-1
-4.764480E-1
-4.749780E-1
-4.735080E-1
-4.720380E-1
-4.720380E-1
-4.749780E-1
-4.764480E-1
-4.808580E-1
-4.837980E-1
-4.867380E-1
-4.867380E-1
-4.867380E-1
-4.837980E-1
-4.793880E-1
-4.749780E-1
-4.705680E-1
-4.661580E-1
-4.646880E-1
-4.632180E-1
-4.646880E-1
-4.676280E-1
-4.705680E-1
-4.735080E-1
-4.779180E-1
-4.793880E-1
-4.823280E-1
-4.837980E-1
-4.852680E-1
-4.867380E-1
-4.882080E-1
-4.911480E-1
-4.955580E-1
-5.014380E-1
-5.087880E-1
-5.161380E-1
-5.249580E-1
-5.337780E-1
-5.440680E-1
-5.528880E-1
-5.602380E-1
-5.661180E-1
-5.705280E-1
-5.734680E-1
-5.719980E-1
-5.690580E-1
-5.646480E-1
-5.572980E-1
-5.484780E-1
-5.381880E-1
-5.293680E-1
-5.190780E-1
-5.102580E-1
-5.029080E-1
-4.955580E-1
-4.882080E-1
-4.823280E-1
-4.779180E-1
-4.735080E-1
-4.720380E-1
-4.720380E-1
-4.735080E-1
-4.779180E-1
-4.852680E-1
-4.926180E-1
-5.029080E-1
-5.117280E-1
-5.205480E-1
-5.264280E-1
-5.323080E-1
-5.352480E-1
-5.367180E-1
-5.367180E-1
-5.367180E-1
-5.352480E-1
-5.352480E-1
-5.352480E-1
-5.337780E-1
-5.337780E-1
-5.337780E-1
-5.352480E-1
-5.352480E-1
-5.367180E-1
-5.381880E-1
-5.396580E-1
-5.411280E-1
-5.440680E-1
-5.455380E-1
-5.470080E-1
-5.470080E-1
-5.455380E-1
-5.425980E-1
-5.381880E-1
-5.323080E-1
-5.264280E-1
-5.205480E-1
-5.161380E-1
-5.117280E-1
-5.087880E-1
-5.073180E-1
-5.073180E-1
-5.087880E-1
-5.087880E-1
-5.102580E-1
-5.117280E-1
-5.102580E-1
-5.087880E-1
-5.073180E-1
-5.029080E-1
-4.999680E-1
-4.955580E-1
-4.926180E-1
-4.911480E-1
-4.896780E-1
-4.896780E-1
-4.911480E-1
-4.926180E-1
-4.955580E-1
-4.970280E-1
-4.984980E-1
-4.999680E-1
-4.999680E-1
-4.984980E-1
-4.970280E-1
-4.926180E-1
-4.896780E-1
-4.837980E-1
-4.793880E-1
-4.735080E-1
-4.676280E-1
-4.617480E-1
-4.558680E-1
-4.514580E-1
-4.470480E-1
-4.455780E-1
-4.441080E-1
-4.441080E-1
-4.455780E-1
-4.470480E-1
-4.499880E-1
-4.529280E-1
-4.558680E-1
-4.602780E-1
-4.646880E-1
-4.690980E-1
-4.749780E-1
-4.823280E-1
-4.882080E-1
-4.940880E-1
-4.999680E-1
-5.043780E-1
-5.087880E-1
-5.131980E-1
-5.176080E-1
-5.234880E-1
-5.293680E-1
-5.352480E-1
-5.411280E-1
-5.455380E-1
-5.499480E-1
-5.528880E-1
-5.528880E-1
-5.514180E-1
-5.470080E-1
-5.396580E-1
-5.308380E-1
-5.220180E-1
-5.146680E-1
-5.073180E-1
-5.029080E-1
-4.999680E-1
-4.984980E-1
-4.999680E-1
-5.029080E-1
-5.073180E-1
-5.087880E-1
-5.102580E-1
-5.102580E-1
-5.073180E-1
-5.043780E-1
-4.999680E-1
-4.955580E-1
-4.911480E-1
-4.867380E-1
-4.852680E-1
-4.837980E-1
-4.837980E-1
-4.837980E-1
-4.867380E-1
-4.896780E-1
-4.926180E-1
-4.955580E-1
-4.999680E-1
-5.029080E-1
-5.073180E-1
-5.102580E-1
-5.131980E-1
-5.146680E-1
-5.176080E-1
-5.205480E-1
-5.234880E-1
-5.249580E-1
-5.264280E-1
-5.264280E-1
-5.264280E-1
-5.264280E-1
-5.249580E-1
-5.249580E-1
-5.249580E-1
-5.264280E-1
-5.278980E-1
-5.293680E-1
-5.323080E-1
-5.337780E-1
-5.337780E-1
-5.337780E-1
-5.308380E-1
-5.278980E-1
-5.234880E-1
-5.190780E-1
-5.146680E-1
-5.102580E-1
-5.073180E-1
-5.043780E-1
-5.014380E-1
-4.999680E-1
-4.984980E-1
-4.970280E-1
-4.955580E-1
-4.926180E-1
-4.896780E-1
-4.867380E-1
-4.837980E-1
-4.779180E-1
-4.735080E-1
-4.690980E-1
-4.632180E-1
-4.588080E-1
-4.543980E-1
-4.514580E-1
-4.499880E-1
-4.485180E-1
-4.485180E-1
-4.485180E-1
-4.499880E-1
-4.514580E-1
-4.529280E-1
-4.543980E-1
-4.558680E-1
-4.588080E-1
-4.632180E-1
-4.676280E-1
-4.735080E-1
-4.808580E-1
-4.882080E-1
-4.955580E-1
-5.014380E-1
-5.058480E-1
-5.073180E-1
-5.058480E-1
-5.014380E-1
-4.970280E-1
-4.896780E-1
-4.823280E-1
-4.764480E-1
-4.720380E-1
-4.676280E-1
-4.646880E-1
-4.632180E-1
-4.617480E-1
-4.588080E-1
-4.573380E-1
-4.558680E-1
-4.543980E-1
-4.529280E-1
-4.529280E-1
-4.558680E-1
-4.588080E-1
-4.646880E-1
-4.720380E-1
-4.808580E-1
-4.896780E-1
-4.970280E-1
-5.058480E-1
-5.117280E-1
-5.161380E-1
-5.205480E-1
-5.220180E-1
-5.220180E-1
-5.220180E-1
-5.190780E-1
-5.161380E-1
-5.102580E-1
-5.043780E-1
-4.984980E-1
-4.911480E-1
-4.852680E-1
-4.793880E-1
-4.749780E-1
-4.720380E-1
-4.705680E-1
-4.705680E-1
-4.705680E-1
-4.720380E-1
-4.735080E-1
-4.749780E-1
-4.749780E-1
-4.764480E-1
-4.779180E-1
-4.793880E-1
-4.808580E-1
-4.837980E-1
-4.867380E-1
-4.911480E-1
-4.940880E-1
-4.970280E-1
-4.984980E-1
-4.999680E-1
-4.999680E-1
-4.999680E-1
-4.999680E-1
-4.999680E-1
-4.999680E-1
-5.029080E-1
-5.043780E-1
-5.073180E-1
-5.117280E-1
-5.146680E-1
-5.190780E-1
-5.234880E-1
-5.278980E-1
-5.308380E-1
-5.337780E-1
-5.367180E-1
-5.396580E-1
-5.425980E-1
-5.455380E-1
-5.514180E-1
-5.587680E-1
-5.690580E-1
-5.822880E-1
-6.013980E-1
-6.234480E-1
-6.499080E-1
-6.793080E-1
-7.131180E-1
-7.498680E-1
-7.895580E-1
-8.292480E-1
-8.689380E-1
-9.086280E-1
-9.468480E-1
-9.835980E-1
-1.015938E+0
-1.045338E+0
-1.070328E+0
-1.090908E+0
-1.107078E+0
-1.120308E+0
-1.130598E+0
-1.136478E+0
-1.140888E+0
-1.145298E+0
-1.148238E+0
-1.152648E+0
-1.157058E+0
-1.161468E+0
-1.167348E+0
-1.174698E+0
-1.180578E+0
-1.189398E+0
-1.196748E+0
-1.205568E+0
-1.212918E+0
-1.220268E+0
-1.227618E+0
-1.233498E+0
-1.239378E+0
-1.242318E+0
-1.245258E+0
-1.249668E+0
-1.252608E+0
-1.258488E+0
-1.265838E+0
-1.276128E+0
-1.287888E+0
-1.301118E+0
-1.314348E+0
-1.327578E+0
-1.337868E+0
-1.345218E+0
-1.348158E+0
-1.348158E+0
-1.343748E+0
-1.336398E+0
-1.327578E+0
-1.318758E+0
-1.311408E+0
-1.304058E+0
-1.301118E+0
-1.298178E+0
-1.299648E+0
-1.301118E+0
-1.304058E+0
-1.306998E+0
-1.309938E+0
-1.314348E+0
-1.318758E+0
-1.321698E+0
-1.327578E+0
-1.333458E+0
-1.343748E+0
-1.355508E+0
-1.370208E+0
-1.386378E+0
-1.405488E+0
-1.426068E+0
-1.443708E+0
-1.461348E+0
-1.473108E+0
-1.480458E+0
-1.483398E+0
-1.480458E+0
-1.471638E+0
-1.458408E+0
-1.443708E+0
-1.427538E+0
-1.411368E+0
-1.396668E+0
-1.384908E+0
-1.374618E+0
-1.368738E+0
-1.365798E+0
-1.365798E+0
-1.368738E+0
-1.373148E+0
-1.380498E+0
-1.387848E+0
-1.396668E+0
-1.405488E+0
-1.414308E+0
-1.421658E+0
-1.429008E+0
-1.434888E+0
-1.440768E+0
-1.445178E+0
-1.451058E+0
-1.455468E+0
-1.461348E+0
-1.468698E+0
-1.474578E+0
-1.481928E+0
-1.487808E+0
-1.495158E+0
-1.502508E+0
-1.509858E+0
-1.515738E+0
-1.523088E+0
-1.528968E+0
-1.534848E+0
-1.542198E+0
-1.546608E+0
-1.551018E+0
-1.555428E+0
-1.558368E+0
-1.562778E+0
-1.564248E+0
-1.567188E+0
-1.568658E+0
-1.570128E+0
-1.573068E+0
-1.574538E+0
-1.576008E+0
-1.577478E+0
-1.578948E+0
-1.578948E+0
-1.578948E+0
-1.577478E+0
-1.576008E+0
-1.573068E+0
-1.571598E+0
-1.570128E+0
-1.570128E+0
-1.570128E+0
-1.571598E+0
-1.576008E+0
-1.580418E+0
-1.584828E+0
-1.589238E+0
-1.593648E+0
-1.598058E+0
-1.600998E+0
-1.603938E+0
-1.605408E+0
-1.608348E+0
-1.611288E+0
-1.617168E+0
-1.624518E+0
-1.634808E+0
-1.646568E+0
-1.659798E+0
-1.671558E+0
-1.681848E+0
-1.690668E+0
-1.696548E+0
-1.698018E+0
-1.696548E+0
-1.693608E+0
-1.689198E+0
-1.684788E+0
-1.681848E+0
-1.678908E+0
-1.678908E+0
-1.680378E+0
-1.684788E+0
-1.689198E+0
-1.695078E+0
-1.700958E+0
-1.706838E+0
-1.711248E+0
-1.715658E+0
-1.718598E+0
-1.723008E+0
-1.727418E+0
-1.730358E+0
-1.736238E+0
-1.742118E+0
-1.746528E+0
-1.750938E+0
-1.755348E+0
-1.759758E+0
-1.761228E+0
-1.764168E+0
-1.765638E+0
-1.767108E+0
-1.770048E+0
-1.774458E+0
-1.778868E+0
-1.783278E+0
-1.790628E+0
-1.796508E+0
-1.805328E+0
-1.814148E+0
-1.821498E+0
-1.831788E+0
-1.840608E+0
-1.847958E+0
-1.855308E+0
-1.861188E+0
-1.867068E+0
-1.870008E+0
-1.872948E+0
-1.875888E+0
-1.878828E+0
-1.881768E+0
-1.884708E+0
-1.887648E+0
-1.890588E+0
-1.893528E+0
-1.896468E+0
-1.899408E+0
-1.900878E+0
-1.903818E+0
-1.905288E+0
-1.905288E+0
-1.905288E+0
-1.903818E+0
-1.899408E+0
-1.894998E+0
-1.890588E+0
-1.884708E+0
-1.878828E+0
-1.874418E+0
-1.871478E+0
-1.870008E+0
-1.868538E+0
-1.870008E+0
-1.870008E+0
-1.872948E+0
-1.874418E+0
-1.877358E+0
-1.880298E+0
-1.884708E+0
-1.889118E+0
-1.894998E+0
-1.902348E+0
-1.911168E+0
-1.919988E+0
-1.933218E+0
-1.944978E+0
-1.958208E+0
-1.971438E+0
-1.983198E+0
-1.993488E+0
-2.000838E+0
-2.005248E+0
-2.008188E+0
-2.006718E+0
-2.005248E+0
-2.000838E+0
-1.996428E+0
-1.992018E+0
-1.990548E+0
-1.990548E+0
-1.992018E+0
-1.997898E+0
-2.003778E+0
-2.012598E+0
-2.021418E+0
-2.028768E+0
-2.036118E+0
-2.040528E+0
-2.041998E+0
-2.041998E+0
-2.040528E+0
-2.039058E+0
-2.037588E+0
-2.039058E+0
-2.041998E+0
-2.046408E+0
-2.055228E+0
-2.064048E+0
-2.072868E+0
-2.081688E+0
-2.089038E+0
-2.091978E+0
-2.094918E+0
-2.093448E+0
-2.091978E+0
-2.089038E+0
-2.086098E+0
-2.084628E+0
-2.083158E+0
-2.083158E+0
-2.083158E+0
-2.084628E+0
-2.086098E+0
-2.087568E+0
-2.089038E+0
-2.090508E+0
-2.093448E+0
-2.094918E+0
-2.099328E+0
-2.102268E+0
-2.105208E+0
-2.108148E+0
-2.109618E+0
-2.112558E+0
-2.115498E+0
-2.119908E+0
-2.124318E+0
-2.130198E+0
-2.136078E+0
-2.141958E+0
-2.149308E+0
-2.155188E+0
-2.161068E+0
-2.166948E+0
-2.172828E+0
-2.178708E+0
-2.186058E+0
-2.191938E+0
-2.197818E+0
-2.202228E+0
-2.205168E+0
-2.205168E+0
-2.205168E+0
-2.203698E+0
-2.202228E+0
-2.202228E+0
-2.203698E+0
-2.206638E+0
-2.212518E+0
-2.222808E+0
-2.234568E+0
-2.247798E+0
-2.262498E+0
-2.278668E+0
-2.293368E+0
-2.308068E+0
-2.321298E+0
-2.333058E+0
-2.341878E+0
-2.349228E+0
-2.355108E+0
-2.358048E+0
-2.359518E+0
-2.359518E+0
-2.356578E+0
-2.353638E+0
-2.350698E+0
-2.346288E+0
-2.343348E+0
-2.337468E+0
-2.333058E+0
-2.327178E+0
-2.321298E+0
-2.315418E+0
-2.311008E+0
-2.306598E+0
-2.306598E+0
-2.308068E+0
-2.311008E+0
-2.316888E+0
-2.324238E+0
-2.330118E+0
-2.338938E+0
-2.346288E+0
-2.355108E+0
-2.365398E+0
-2.377158E+0
-2.388918E+0
-2.402148E+0
-2.416848E+0
-2.428608E+0
-2.438898E+0
-2.444778E+0
-2.447718E+0
-2.446248E+0
-2.440368E+0
-2.433018E+0
-2.425668E+0
-2.419788E+0
-2.415378E+0
-2.413908E+0
-2.415378E+0
-2.419788E+0
-2.428608E+0
-2.437428E+0
-2.447718E+0
-2.459478E+0
-2.471238E+0
-2.482998E+0
-2.494758E+0
-2.503578E+0
-2.512398E+0
-2.521218E+0
-2.528568E+0
-2.534448E+0
-2.540328E+0
-2.544738E+0
-2.552088E+0
-2.559438E+0
-2.566788E+0
-2.578548E+0
-2.591778E+0
-2.606478E+0
-2.624118E+0
-2.643228E+0
-2.662338E+0
-2.679978E+0
-2.696148E+0
-2.707908E+0
-2.716728E+0
-2.721138E+0
-2.718198E+0
-2.710848E+0
-2.696148E+0
-2.675568E+0
-2.652048E+0
-2.625588E+0
-2.597658E+0
-2.572668E+0
-2.550618E+0
-2.531508E+0
-2.516808E+0
-2.505048E+0
-2.494758E+0
-2.487408E+0
-2.480058E+0
-2.472708E+0
-2.466828E+0
-2.462418E+0
-2.460948E+0
-2.462418E+0
-2.469768E+0
-2.480058E+0
-2.494758E+0
-2.510928E+0
-2.528568E+0
-2.544738E+0
-2.557968E+0
-2.569728E+0
-2.580018E+0
-2.587368E+0
-2.596188E+0
-2.605008E+0
-2.615298E+0
-2.627058E+0
-2.638818E+0
-2.650578E+0
-2.663808E+0
-2.674098E+0
-2.684388E+0
-2.696148E+0
-2.706438E+0
-2.716728E+0
-2.727018E+0
-2.738778E+0
-2.750538E+0
-2.760828E+0
-2.771118E+0
-2.778468E+0
-2.784348E+0
-2.788758E+0
-2.791698E+0
-2.794638E+0
-2.797578E+0
-2.800518E+0
-2.803458E+0
-2.809338E+0
-2.815218E+0
-2.821098E+0
-2.825508E+0
-2.829918E+0
-2.834328E+0
-2.838738E+0
-2.840208E+0
-2.840208E+0
-2.840208E+0
-2.835798E+0
-2.831388E+0
-2.825508E+0
-2.818158E+0
-2.813748E+0
-2.810808E+0
-2.809338E+0
-2.810808E+0
-2.813748E+0
-2.816688E+0
-2.819628E+0
-2.818158E+0
-2.813748E+0
-2.806398E+0
-2.796108E+0
-2.785818E+0
-2.776998E+0
-2.772588E+0
-2.774058E+0
-2.779938E+0
-2.790228E+0
-2.804928E+0
-2.818158E+0
-2.831388E+0
-2.840208E+0
-2.846088E+0
-2.847558E+0
-2.844618E+0
-2.840208E+0
-2.834328E+0
-2.828448E+0
-2.822568E+0
-2.818158E+0
-2.815218E+0
-2.813748E+0
-2.815218E+0
-2.816688E+0
-2.818158E+0
-2.822568E+0
-2.828448E+0
-2.835798E+0
-2.844618E+0
-2.856378E+0
-2.868138E+0
-2.884308E+0
-2.901948E+0
-2.918118E+0
-2.934288E+0
-2.948988E+0
-2.959278E+0
-2.966628E+0
-2.972508E+0
-2.975448E+0
-2.975448E+0
-2.978388E+0
-2.981328E+0
-2.984268E+0
-2.988678E+0
-2.994558E+0
-2.998968E+0
-3.004848E+0
-3.009258E+0
-3.013668E+0
-3.018078E+0
-3.023958E+0
-3.029838E+0
-3.040128E+0
-3.050418E+0
-3.062178E+0
-3.073938E+0
-3.084228E+0
-3.091578E+0
-3.094518E+0
-3.094518E+0
-3.091578E+0
-3.085698E+0
-3.078348E+0
-3.072468E+0
-3.066588E+0
-3.065118E+0
-3.065118E+0
-3.068058E+0
-3.072468E+0
-3.078348E+0
-3.082758E+0
-3.085698E+0
-3.082758E+0
-3.076878E+0
-3.066588E+0
-3.053358E+0
-3.038658E+0
-3.025428E+0
-3.013668E+0
-3.004848E+0
-2.998968E+0
-2.997498E+0
-2.998968E+0
-3.001908E+0
-3.004848E+0
-3.007788E+0
-3.010728E+0
-3.013668E+0
-3.016608E+0
-3.019548E+0
-3.026898E+0
-3.035718E+0
-3.048948E+0
-3.066588E+0
-3.090108E+0
-3.118038E+0
-3.147438E+0
-3.176838E+0
-3.204768E+0
-3.228288E+0
-3.247398E+0
-3.259158E+0
-3.265038E+0
-3.265038E+0
-3.260628E+0
-3.253278E+0
-3.241518E+0
-3.228288E+0
-3.213588E+0
-3.198888E+0
-3.182718E+0
-3.168018E+0
-3.154788E+0
-3.143028E+0
-3.134208E+0
-3.129798E+0
-3.128328E+0
-3.129798E+0
-3.134208E+0
-3.144498E+0
-3.156258E+0
-3.170958E+0
-3.190068E+0
-3.212118E+0
-3.237108E+0
-3.262098E+0
-3.288558E+0
-3.316488E+0
-3.340008E+0
-3.363528E+0
-3.382638E+0
-3.398808E+0
-3.410568E+0
-3.419388E+0
-3.422328E+0
-3.420858E+0
-3.413508E+0
-3.403218E+0
-3.388518E+0
-3.372348E+0
-3.354708E+0
-3.335598E+0
-3.319428E+0
-3.303258E+0
-3.291498E+0
-3.282678E+0
-3.275328E+0
-3.270918E+0
-3.269448E+0
-3.269448E+0
-3.272388E+0
-3.276798E+0
-3.284148E+0
-3.294438E+0
-3.307668E+0
-3.323838E+0
-3.338538E+0
-3.356178E+0
-3.369408E+0
-3.381168E+0
-3.387048E+0
-3.389988E+0
-3.388518E+0
-3.385578E+0
-3.382638E+0
-3.378228E+0
-3.376758E+0
-3.375288E+0
-3.375288E+0
-3.376758E+0
-3.378228E+0
-3.379698E+0
-3.382638E+0
-3.385578E+0
-3.392928E+0
-3.401748E+0
-3.413508E+0
-3.429678E+0
-3.447318E+0
-3.466428E+0
-3.485538E+0
-3.503178E+0
-3.519348E+0
-3.531108E+0
-3.541398E+0
-3.550218E+0
-3.556098E+0
-3.561978E+0
-3.564918E+0
-3.569328E+0
-3.573738E+0
-3.579618E+0
-3.585498E+0
-3.595788E+0
-3.606078E+0
-3.619308E+0
-3.631068E+0
-3.641358E+0
-3.645768E+0
-3.642828E+0
-3.632538E+0
-3.613428E+0
-3.584028E+0
-3.550218E+0
-3.514938E+0
-3.479658E+0
-3.450258E+0
-3.425268E+0
-3.410568E+0
-3.401748E+0
-3.401748E+0
-3.407628E+0
-3.416448E+0
-3.429678E+0
-3.442908E+0
-3.456138E+0
-3.469368E+0
-3.482598E+0
-3.495828E+0
-3.510528E+0
-3.525228E+0
-3.542868E+0
-3.560508E+0
-3.581088E+0
-3.601668E+0
-3.620778E+0
-3.638418E+0
-3.653118E+0
-3.663408E+0
-3.667818E+0
-3.667818E+0
-3.661938E+0
-3.648708E+0
-3.631068E+0
-3.610488E+0
-3.591378E+0
-3.573738E+0
-3.560508E+0
-3.554628E+0
-3.557568E+0
-3.566388E+0
-3.579618E+0
-3.592848E+0
-3.601668E+0
-3.601668E+0
-3.586968E+0
-3.554628E+0
-3.501708E+0
-3.428208E+0
-3.338538E+0
-3.237108E+0
-3.125388E+0
-3.012198E+0
-2.903418E+0
-2.804928E+0
-2.721138E+0
-2.656458E+0
-2.610888E+0
-2.585898E+0
-2.580018E+0
-2.599128E+0
-2.657928E+0
-2.781408E+0
-2.976918E+0
-3.231228E+0
-3.525228E+0
-3.848628E+0
-4.191138E+0
-4.542468E+0
-4.901148E+0
-5.271588E+0
-5.656728E+0
-6.052158E+0
-6.454938E+0
-6.854778E+0
-7.253148E+0
-7.636818E+0
-7.996968E+0
-8.339478E+0
-8.658468E+0
-8.950998E+0
-9.186198E+0
-9.384648E+0
-9.543408E+0
-9.652188E+0
-9.727158E+0
-9.765378E+0
-9.791838E+0
-9.805068E+0
-9.818298E+0
-9.805068E+0
-9.778608E+0
-9.738918E+0
-9.663948E+0
-9.578688E+0
-9.474318E+0
-9.374358E+0
-9.299388E+0
-9.268518E+0
-9.309678E+0
-9.428748E+0
-9.638958E+0
-9.984408E+0
-1.046510E+1
-1.118099E+1
-1.229966E+1
-1.437383E+1
-2.088005E+1
-2.088005E+1
-2.088005E+1
-2.088005E+1
-2.088005E+1
-2.088005E+1
-2.088005E+1
-2.088005E+1
-2.088005E+1
-2.088005E+1
-2.088005E+1
-2.088005E+1
-2.088005E+1
-2.088005E+1
-2.088005E+1
-1.567331E+1
-1.281563E+1
-1.165433E+1
-1.096784E+1
-1.053860E+1
-1.029311E+1
-1.017992E+1
-1.014905E+1
-1.017992E+1
-1.022696E+1
-1.029311E+1
-1.034309E+1
-1.041218E+1
-1.050185E+1
-1.067237E+1
-1.092374E+1
-1.128389E+1
-1.181456E+1
-1.266275E+1
-1.416803E+1
-2.088005E+1
-2.088005E+1
-2.088005E+1
-2.088005E+1
-2.088005E+1
-2.088005E+1
-2.088005E+1
-2.088005E+1
-2.088005E+1
-2.088005E+1
-1.472663E+1
-1.315961E+1
-1.242902E+1
-1.202477E+1
-1.188218E+1
-1.191746E+1
-1.209974E+1
-1.242902E+1
-1.286855E+1
-1.342274E+1
-1.380494E+1
-1.407101E+1
-1.397840E+1
-1.372262E+1
-1.328750E+1
-1.286855E+1
-1.247312E+1
-1.217765E+1
-1.191746E+1
-1.174841E+1
-1.162346E+1
-1.156319E+1
-1.159259E+1
-1.174841E+1
-1.206152E+1
-1.266275E+1
-1.372262E+1
-1.698896E+1
-2.088005E+1
-2.088005E+1
-2.088005E+1
-2.088005E+1
-2.088005E+1
-2.088005E+1
-2.088005E+1
-2.088005E+1
-2.088005E+1
-2.088005E+1
-2.088005E+1
-2.088005E+1
-2.088005E+1
-2.088005E+1
-2.088005E+1
-2.088005E+1
-2.088005E+1
-2.088005E+1
-2.088005E+1
-2.088005E+1
-2.088005E+1
-2.088005E+1
-2.088005E+1
-2.088005E+1
-2.088005E+1
-1.531022E+1
-1.437383E+1
-1.472663E+1
-1.786949E+1
-2.088005E+1
-2.088005E+1
-2.088005E+1
-2.088005E+1
-2.088005E+1
-2.088005E+1
-2.088005E+1
-2.088005E+1
-2.088005E+1
-2.088005E+1
-2.088005E+1
-2.088005E+1
-2.088005E+1
-2.088005E+1
-2.088005E+1
-2.088005E+1
-2.088005E+1
-2.088005E+1
-2.088005E+1
-1.335365E+1
-1.184837E+1
-1.120745E+1
-1.092374E+1
-1.083554E+1
-1.096784E+1
-1.123244E+1
-1.171607E+1
-1.238492E+1
-1.335365E+1
-1.485893E+1
-1.786949E+1
-2.088005E+1
-2.088005E+1
-1.698896E+1
-1.437383E+1
-1.276271E+1
-1.165433E+1
-1.085759E+1
-1.027694E+1
-9.872688E+0
-9.627198E+0
-9.519888E+0
-9.543408E+0
-9.688938E+0
-9.969708E+0
-1.036073E+1
-1.079438E+1
-1.123244E+1
-1.156319E+1
-1.168520E+1
-1.153379E+1
-1.125743E+1
-1.090169E+1
-1.059446E+1
-1.034309E+1
-1.017992E+1
-1.011818E+1
-1.013288E+1
-1.025930E+1
-1.046510E+1
-1.077380E+1
-1.118099E+1
-1.174841E+1
-1.247312E+1
-1.349330E+1
-1.499858E+1
-2.088005E+1
-2.088005E+1
-2.088005E+1
-2.088005E+1
-2.088005E+1
-2.088005E+1
-2.088005E+1
-2.088005E+1
-2.088005E+1
-2.088005E+1
-2.088005E+1
-2.088005E+1
-2.088005E+1
-2.088005E+1
-2.088005E+1
-1.335365E+1
-1.174841E+1
-1.092374E+1
-1.041218E+1
-1.008731E+1
-9.885918E+0
-9.752148E+0
-9.688938E+0
-9.663948E+0
-9.663948E+0
-9.675708E+0
-9.727158E+0
-9.791838E+0
-9.857988E+0
-9.941778E+0
-1.001381E+1
-1.004321E+1
-1.004321E+1
-9.969708E+0
-9.844758E+0
-9.688938E+0
-9.519888E+0
-9.352308E+0
-9.227358E+0
-9.147978E+0
-9.147978E+0
-9.237648E+0
-9.450798E+0
-9.818298E+0
-1.041218E+1
-1.136327E+1
-1.322135E+1
-2.088005E+1
-2.088005E+1
-2.088005E+1
-2.088005E+1
-2.088005E+1
-2.088005E+1
-2.088005E+1
-2.088005E+1
-2.088005E+1
-2.088005E+1
-2.088005E+1
-2.088005E+1
-2.088005E+1
-2.088005E+1
-2.088005E+1
-2.088005E+1
-2.088005E+1
-2.088005E+1
-2.088005E+1
-2.088005E+1
-2.088005E+1
-2.088005E+1
-2.088005E+1
-2.088005E+1
-2.088005E+1
-1.786949E+1
-1.636421E+1
-1.531022E+1
-1.472663E+1
-1.416803E+1
-1.364324E+1
-1.322135E+1
-1.276271E+1
-1.225850E+1
-1.171607E+1
-1.120745E+1
-1.073264E+1
-1.036073E+1
-1.004321E+1
-9.805068E+0
-9.638958E+0
-9.555168E+0
-9.508128E+0
-9.496368E+0
-9.508128E+0
-9.519888E+0
-9.531648E+0
-9.555168E+0
-9.602208E+0
-9.702168E+0
-9.844758E+0
-1.007261E+1
-1.039454E+1
-1.081496E+1
-1.139120E+1
-1.209974E+1
-1.292441E+1
-1.380494E+1
-1.460315E+1
-1.499858E+1
-1.485893E+1
-1.460315E+1
-1.416803E+1
-1.389020E+1
-1.380494E+1
-1.364324E+1
-1.342274E+1
-1.303907E+1
-1.242902E+1
-1.174841E+1
-1.106045E+1
-1.044746E+1
-9.913848E+0
-9.484608E+0
-9.167088E+0
-8.968638E+0
-8.880438E+0
-8.906898E+0
-9.033318E+0
-9.268518E+0
-9.602208E+0
-1.004321E+1
-1.055624E+1
-1.113248E+1
-1.165433E+1
-1.206152E+1
-1.229966E+1
-1.238492E+1
-1.234082E+1
-1.234082E+1
-1.242902E+1
-1.261277E+1
-1.292441E+1
-1.335365E+1
-1.372262E+1
-1.380494E+1
-1.349330E+1
-1.292441E+1
-1.229966E+1
-1.168520E+1
-1.120745E+1
-1.083554E+1
-1.061357E+1
-1.051949E+1
-1.053860E+1
-1.063268E+1
-1.079438E+1
-1.101341E+1
-1.123244E+1
-1.141913E+1
-1.156319E+1
-1.165433E+1
-1.168520E+1
-1.174841E+1
-1.184837E+1
-1.202477E+1
-1.234082E+1
-1.292441E+1
-1.407101E+1
-1.849424E+1
-2.088005E+1
-2.088005E+1
-2.088005E+1
-2.088005E+1
-2.088005E+1
-2.088005E+1
-2.088005E+1
-2.088005E+1
-2.088005E+1
-2.088005E+1
-2.088005E+1
-2.088005E+1
-2.088005E+1
-2.088005E+1
-2.088005E+1
-1.636421E+1
-1.548368E+1
-1.636421E+1
-2.088005E+1
-2.088005E+1
-2.088005E+1
-2.088005E+1
-2.088005E+1
-2.088005E+1
-2.088005E+1
-2.088005E+1
-2.088005E+1
-2.088005E+1
-2.088005E+1
-2.088005E+1
-2.088005E+1
-2.088005E+1
-2.088005E+1
-2.088005E+1
-2.088005E+1
-2.088005E+1
-2.088005E+1
-2.088005E+1
-2.088005E+1
-2.088005E+1
-2.088005E+1
-2.088005E+1
-2.088005E+1
-2.088005E+1
-2.088005E+1
-2.088005E+1
-2.088005E+1
-2.088005E+1
-2.088005E+1
-2.088005E+1
-2.088005E+1
-2.088005E+1
-2.088005E+1
-2.088005E+1
-2.088005E+1
-2.088005E+1
-2.088005E+1
-2.088005E+1
-2.088005E+1
-2.088005E+1
-2.088005E+1
-1.416803E+1
-1.206152E+1
-1.115747E+1
-1.069148E+1
-1.051949E+1
-1.053860E+1
-1.079438E+1
-1.125743E+1
-1.202477E+1
-1.328750E+1
-1.567331E+1
-2.088005E+1
-2.088005E+1
-2.088005E+1
-2.088005E+1
-2.088005E+1
-2.088005E+1
-2.088005E+1
-2.088005E+1
-2.088005E+1
-2.088005E+1
-2.088005E+1
-2.088005E+1
-2.088005E+1
-2.088005E+1
-2.088005E+1
-2.088005E+1
-2.088005E+1
-2.088005E+1
-2.088005E+1
-2.088005E+1
-2.088005E+1
-2.088005E+1
-2.088005E+1
-2.088005E+1
-2.088005E+1
-2.088005E+1
-2.088005E+1
-2.088005E+1
-2.088005E+1
-1.372262E+1
-1.202477E+1
-1.139120E+1
-1.110749E+1
-1.110749E+1
-1.128389E+1
-1.165433E+1
-1.225850E+1
-1.315961E+1
-1.437383E+1
-1.587911E+1
-1.738439E+1
-1.698896E+1
-1.531022E+1
-1.397840E+1
-1.309787E+1
-1.261277E+1
-1.247312E+1
-1.271273E+1
-1.342274E+1
-1.567331E+1
-2.088005E+1
-2.088005E+1
-2.088005E+1
-2.088005E+1
-2.088005E+1
-2.088005E+1
-2.088005E+1
-2.088005E+1
-2.088005E+1
-2.088005E+1
-2.088005E+1
-2.088005E+1
-2.088005E+1
-2.088005E+1
-2.088005E+1
-1.738439E+1
-1.567331E+1
-1.636421E+1
-2.088005E+1
-2.088005E+1
-2.088005E+1
-2.088005E+1
-2.088005E+1
-2.088005E+1
-2.088005E+1
-2.088005E+1
-2.088005E+1
-2.088005E+1
-2.088005E+1
-2.088005E+1
-2.088005E+1
-2.088005E+1
-2.088005E+1
-2.088005E+1
-2.088005E+1
-2.088005E+1
-2.088005E+1
-2.088005E+1
-2.088005E+1
-2.088005E+1
-2.088005E+1
-2.088005E+1
-2.088005E+1
-2.088005E+1
-2.088005E+1
-2.088005E+1
-2.088005E+1
-2.088005E+1
-2.088005E+1
-2.088005E+1
-2.088005E+1
-1.342274E+1
-1.165433E+1
-1.081496E+1
-1.037690E+1
-1.017992E+1
-1.014905E+1
-1.025930E+1
-1.053860E+1
-1.101341E+1
-1.178222E+1
-1.328750E+1
-2.088005E+1
-2.088005E+1
-2.088005E+1
-2.088005E+1
-2.088005E+1
-2.088005E+1
-2.088005E+1
-2.088005E+1
-2.088005E+1
-2.088005E+1
-2.088005E+1
-2.088005E+1
-1.416803E+1
-1.225850E+1
-1.128389E+1
-1.061357E+1
-1.011818E+1
-9.765378E+0
-9.531648E+0
-9.418458E+0
-9.440508E+0
-9.615438E+0
-9.984408E+0
-1.063268E+1
-1.184837E+1
-1.548368E+1
-2.088005E+1
-2.088005E+1
-2.088005E+1
-2.088005E+1
-2.088005E+1
-2.088005E+1
-2.088005E+1
-2.088005E+1
-2.088005E+1
-1.372262E+1
-1.229966E+1
-1.171607E+1
-1.162346E+1
-1.191746E+1
-1.266275E+1
-1.437383E+1
-2.088005E+1
-2.088005E+1
-2.088005E+1
-2.088005E+1
-2.088005E+1
-2.088005E+1
-2.088005E+1
-2.088005E+1
-2.088005E+1
-2.088005E+1
-2.088005E+1
-2.088005E+1
-2.088005E+1
-2.088005E+1
-2.088005E+1
-2.088005E+1
-2.088005E+1
-2.088005E+1
-2.088005E+1
-2.088005E+1
-2.088005E+1
-2.088005E+1
-1.514852E+1
-1.335365E+1
-1.286855E+1
-1.298027E+1
-1.356680E+1
-1.514852E+1
-2.088005E+1
-2.088005E+1
-2.088005E+1
-2.088005E+1
-2.088005E+1
-2.088005E+1
-2.088005E+1
-2.088005E+1
-2.088005E+1
-2.088005E+1
-2.088005E+1
-2.088005E+1
-2.088005E+1
-2.088005E+1
-2.088005E+1
-1.665380E+1
-1.460315E+1
-1.342274E+1
-1.251869E+1
-1.181456E+1
-1.123244E+1
-1.071206E+1
-1.024313E+1
-9.818298E+0
-9.428748E+0
-9.099468E+0
-8.821638E+0
-8.596728E+0
-8.429148E+0
-8.333598E+0
-8.313018E+0
-8.367408E+0
-8.479128E+0
-8.658468E+0
-8.898078E+0
-9.167088E+0
-9.462558E+0
-9.738918E+0
-9.984408E+0
-1.017992E+1
-1.034309E+1
-1.051949E+1
-1.077380E+1
-1.115747E+1
-1.188218E+1
-1.356680E+1
-2.088005E+1
-2.088005E+1
-2.088005E+1
-2.088005E+1
-2.088005E+1
-2.088005E+1
-2.088005E+1
-2.088005E+1
-2.088005E+1
-2.088005E+1
-2.088005E+1
-2.088005E+1
-2.088005E+1
-2.088005E+1
-2.088005E+1
-1.335365E+1
-1.171607E+1
-1.106045E+1
-1.083554E+1
-1.087964E+1
-1.123244E+1
-1.191746E+1
-1.322135E+1
-1.849424E+1
-2.088005E+1
-2.088005E+1
-2.088005E+1
-2.088005E+1
-2.088005E+1
-2.088005E+1
-2.088005E+1
-2.088005E+1
-2.088005E+1
-2.088005E+1
-2.088005E+1
-2.088005E+1
-2.088005E+1
-2.088005E+1
-2.088005E+1
-2.088005E+1
-2.088005E+1
-2.088005E+1
-1.460315E+1
-1.322135E+1
-1.256573E+1
-1.217765E+1
-1.198802E+1
-1.191746E+1
-1.195274E+1
-1.209974E+1
-1.229966E+1
-1.251869E+1
-1.281563E+1
-1.315961E+1
-1.349330E+1
-1.397840E+1
-1.437383E+1
-1.499858E+1
-1.567331E+1
-1.665380E+1
-1.849424E+1
-2.088005E+1
-2.088005E+1
-2.088005E+1
-2.088005E+1
-2.088005E+1
-2.088005E+1
-2.088005E+1
-1.548368E+1
-1.372262E+1
-1.271273E+1
-1.206152E+1
-1.171607E+1
-1.162346E+1
-1.191746E+1
-1.281563E+1
-1.610843E+1
-2.088005E+1
-2.088005E+1
-2.088005E+1
-2.088005E+1
-2.088005E+1
-2.088005E+1
-2.088005E+1
-2.088005E+1
-2.088005E+1
-2.088005E+1
-2.088005E+1
-2.088005E+1
-2.088005E+1
-2.088005E+1
-2.088005E+1
-2.088005E+1
-2.088005E+1
-1.335365E+1
-1.188218E+1
-1.118099E+1
-1.079438E+1
-1.065326E+1
-1.071206E+1
-1.098989E+1
-1.159259E+1
-1.276271E+1
-1.610843E+1
-2.088005E+1
-2.088005E+1
-2.088005E+1
-2.088005E+1
-2.088005E+1
-2.088005E+1
-2.088005E+1
-2.088005E+1
-2.088005E+1
-2.088005E+1
-2.088005E+1
-2.088005E+1
-2.088005E+1
-2.088005E+1
-2.088005E+1
-2.088005E+1
-2.088005E+1
-2.088005E+1
-2.088005E+1
-2.088005E+1
-2.088005E+1
-2.088005E+1
-2.088005E+1
-2.088005E+1
-2.088005E+1
-2.088005E+1
-2.088005E+1
-2.088005E+1
-2.088005E+1
-2.088005E+1
-2.088005E+1
-2.088005E+1
-2.088005E+1
-2.088005E+1
-2.088005E+1
-2.088005E+1
-2.088005E+1
-2.088005E+1
-2.088005E+1
-2.088005E+1
-2.088005E+1
-2.088005E+1
-2.088005E+1
-2.088005E+1
-2.088005E+1
-2.088005E+1
-2.088005E+1
-2.088005E+1
-2.088005E+1
-1.786949E+1
-1.342274E+1
-1.213796E+1
-1.153379E+1
-1.131035E+1
-1.139120E+1
-1.181456E+1
-1.292441E+1
-1.738439E+1
-2.088005E+1
-2.088005E+1
-2.088005E+1
-2.088005E+1
-2.088005E+1
-2.088005E+1
-2.088005E+1
-2.088005E+1
-2.088005E+1
-2.088005E+1
-2.088005E+1
-2.088005E+1
-2.088005E+1
-2.088005E+1
-2.088005E+1
-2.088005E+1
-2.088005E+1
-2.088005E+1
-2.088005E+1
-2.088005E+1
-2.088005E+1
-2.088005E+1
-2.088005E+1
-2.088005E+1
-2.088005E+1
-2.088005E+1
-2.088005E+1
-1.349330E+1
-1.209974E+1
-1.141913E+1
-1.106045E+1
-1.092374E+1
-1.094579E+1
-1.110749E+1
-1.139120E+1
-1.178222E+1
-1.229966E+1
-1.298027E+1
-1.364324E+1
-1.437383E+1
-1.499858E+1
-1.548368E+1
-1.531022E+1
-1.485893E+1
-1.426799E+1
-1.380494E+1
-1.335365E+1
-1.298027E+1
-1.281563E+1
-1.276271E+1
-1.292441E+1
-1.342274E+1
-1.437383E+1
-1.786949E+1
-2.088005E+1
-2.088005E+1
-2.088005E+1
-2.088005E+1
-2.088005E+1
-2.088005E+1
-2.088005E+1
-2.088005E+1
-2.088005E+1
-2.088005E+1
-2.088005E+1
-2.088005E+1
-2.088005E+1
-2.088005E+1
-2.088005E+1
-2.088005E+1
-1.698896E+1
-1.567331E+1
-1.636421E+1
-2.088005E+1
-2.088005E+1
-2.088005E+1
-2.088005E+1
-2.088005E+1
-2.088005E+1
-2.088005E+1
-2.088005E+1
-2.088005E+1
-2.088005E+1
-2.088005E+1
-2.088005E+1
-2.088005E+1
-2.088005E+1
-1.397840E+1
-1.147499E+1
-1.039454E+1
-9.765378E+0
-9.384648E+0
-9.156798E+0
-9.050958E+0
-9.070068E+0
-9.186198E+0
-9.440508E+0
-9.844758E+0
-1.050185E+1
-1.171607E+1
-1.587911E+1
-2.088005E+1
-2.088005E+1
-2.088005E+1
-2.088005E+1
-2.088005E+1
-2.088005E+1
-2.088005E+1
-2.088005E+1
-2.088005E+1
-2.088005E+1
-2.088005E+1
-2.088005E+1
-2.088005E+1
-2.088005E+1
-2.088005E+1
-1.229966E+1
-1.103693E+1
-1.046510E+1
-1.024313E+1
-1.024313E+1
-1.044746E+1
-1.081496E+1
-1.139120E+1
-1.213796E+1
-1.298027E+1
-1.372262E+1
-1.397840E+1
-1.349330E+1
-1.266275E+1
-1.181456E+1
-1.110749E+1
-1.053860E+1
-1.008731E+1
-9.738918E+0
-9.474318E+0
-9.278808E+0
-9.137688E+0
-9.061248E+0
-9.033318E+0
-9.042138E+0
-9.099468E+0
-9.196488E+0
-9.330258E+0
-9.474318E+0
-9.627198E+0
-9.738918E+0
-9.805068E+0
-9.818298E+0
-9.791838E+0
-9.713928E+0
-9.627198E+0
-9.555168E+0
-9.531648E+0
-9.566928E+0
-9.688938E+0
-9.927078E+0
-1.030928E+1
-1.092374E+1
-1.195274E+1
-1.407101E+1
-2.088005E+1
-2.088005E+1
-2.088005E+1
-2.088005E+1
-2.088005E+1
-2.088005E+1
-2.088005E+1
-2.088005E+1
-2.088005E+1
-2.088005E+1
-2.088005E+1
-2.088005E+1
-1.472663E+1
-1.309787E+1
-1.217765E+1
-1.153379E+1
-1.103693E+1
-1.067237E+1
-1.041218E+1
-1.024313E+1
-1.016375E+1
-1.014905E+1
-1.016375E+1
-1.022696E+1
-1.027694E+1
-1.030928E+1
-1.032692E+1
-1.032692E+1
-1.037690E+1
-1.051949E+1
-1.081496E+1
-1.133681E+1
-1.234082E+1
-1.485893E+1
-2.088005E+1
-2.088005E+1
-2.088005E+1
-2.088005E+1
-2.088005E+1
-2.088005E+1
-2.088005E+1
-1.460315E+1
-1.217765E+1
-1.120745E+1
-1.073264E+1
-1.051949E+1
-1.050185E+1
-1.065326E+1
-1.094579E+1
-1.131035E+1
-1.171607E+1
-1.206152E+1
-1.221734E+1
-1.217765E+1
-1.188218E+1
-1.153379E+1
-1.113248E+1
-1.081496E+1
-1.053860E+1
-1.034309E+1
-1.024313E+1
-1.022696E+1
-1.029311E+1
-1.042982E+1
-1.061357E+1
-1.087964E+1
-1.120745E+1
-1.156319E+1
-1.191746E+1
-1.229966E+1
-1.261277E+1
-1.292441E+1
-1.309787E+1
-1.309787E+1
-1.303907E+1
-1.281563E+1
-1.256573E+1
-1.217765E+1
-1.181456E+1
-1.150439E+1
-1.120745E+1
-1.094579E+1
-1.073264E+1
-1.057535E+1
-1.046510E+1
-1.039454E+1
-1.037690E+1
-1.039454E+1
-1.048274E+1
-1.063268E+1
-1.092374E+1
-1.131035E+1
-1.191746E+1
-1.276271E+1
-1.416803E+1
-1.786949E+1
-2.088005E+1
-2.088005E+1
-2.088005E+1
-2.088005E+1
-2.088005E+1
-1.937477E+1
-1.698896E+1
-1.698896E+1
-2.088005E+1
-2.088005E+1
-2.088005E+1
-2.088005E+1
-2.088005E+1
-2.088005E+1
-2.088005E+1
-2.088005E+1
-1.937477E+1
-1.610843E+1
-1.567331E+1
-1.665380E+1
-2.088005E+1
-2.088005E+1
-2.088005E+1
-2.088005E+1
-2.088005E+1
-2.088005E+1
-2.088005E+1
-2.088005E+1
-2.088005E+1
-2.088005E+1
-2.088005E+1
-2.088005E+1
-2.088005E+1
-2.088005E+1
-2.088005E+1
-2.088005E+1
-2.088005E+1
-2.088005E+1
-2.088005E+1
-2.088005E+1
-2.088005E+1
-2.088005E+1
-2.088005E+1
-2.088005E+1
-2.088005E+1
-2.088005E+1
-2.088005E+1
-2.088005E+1
-2.088005E+1
-2.088005E+1
-2.088005E+1
-2.088005E+1
-2.088005E+1
-1.266275E+1
-1.108397E+1
-1.022696E+1
-9.675708E+0
-9.309678E+0
-9.089178E+0
-8.977458E+0
-8.968638E+0
-9.033318E+0
-9.156798E+0
-9.330258E+0
-9.531648E+0
-9.727158E+0
-9.913848E+0
-1.007261E+1
-1.021079E+1
-1.036073E+1
-1.053860E+1
-1.077380E+1
-1.113248E+1
-1.168520E+1
-1.251869E+1
-1.407101E+1
-2.088005E+1
-2.088005E+1
-2.088005E+1
-2.088005E+1
-2.088005E+1
-2.088005E+1
-2.088005E+1
-2.088005E+1
-2.088005E+1
-1.786949E+1
-1.587911E+1
-1.610843E+1
-2.088005E+1
-2.088005E+1
-2.088005E+1
-2.088005E+1
-2.088005E+1
-2.088005E+1
-2.088005E+1
-2.088005E+1
-2.088005E+1
-2.088005E+1
-2.088005E+1
-2.088005E+1
-2.088005E+1
-2.088005E+1
-1.499858E+1
-1.426799E+1
-1.448555E+1
-1.587911E+1
-2.088005E+1
-2.088005E+1
-2.088005E+1
-2.088005E+1
-2.088005E+1
-2.088005E+1
-2.088005E+1
-2.088005E+1
-2.088005E+1
-2.088005E+1
-1.849424E+1
-1.499858E+1
-1.380494E+1
-1.315961E+1
-1.266275E+1
-1.225850E+1
-1.191746E+1
-1.156319E+1
-1.123244E+1
-1.092374E+1
-1.063268E+1
-1.041218E+1
-1.024313E+1
-1.016375E+1
-1.016375E+1
-1.025930E+1
-1.046510E+1
-1.077380E+1
-1.120745E+1
-1.181456E+1
-1.271273E+1
-1.426799E+1
-2.088005E+1
-2.088005E+1
-2.088005E+1
-2.088005E+1
-2.088005E+1
-2.088005E+1
-2.088005E+1
-2.088005E+1
-2.088005E+1
-2.088005E+1
-2.088005E+1
-2.088005E+1
-2.088005E+1
-2.088005E+1
-2.088005E+1
-2.088005E+1
-2.088005E+1
-2.088005E+1
-2.088005E+1
-2.088005E+1
-2.088005E+1
-2.088005E+1
-2.088005E+1
-2.088005E+1
-2.088005E+1
-2.088005E+1
-1.397840E+1
-1.213796E+1
-1.118099E+1
-1.059446E+1
-1.017992E+1
-9.872688E+0
-9.675708E+0
-9.543408E+0
-9.484608E+0
-9.484608E+0
-9.531648E+0
-9.652188E+0
-9.831528E+0
-1.007261E+1
-1.036073E+1
-1.067237E+1
-1.094579E+1
-1.113248E+1
-1.120745E+1
-1.113248E+1
-1.094579E+1
-1.073264E+1
-1.053860E+1
-1.037690E+1
-1.029311E+1
-1.027694E+1
-1.034309E+1
-1.046510E+1
-1.065326E+1
-1.085759E+1
-1.108397E+1
-1.125743E+1
-1.136327E+1
-1.139120E+1
-1.128389E+1
-1.110749E+1
-1.090169E+1
-1.069148E+1
-1.053860E+1
-1.044746E+1
-1.041218E+1
-1.042982E+1
-1.051949E+1
-1.065326E+1
-1.081496E+1
-1.098989E+1
-1.110749E+1
-1.115747E+1
-1.110749E+1
-1.101341E+1
-1.085759E+1
-1.069148E+1
-1.055624E+1
-1.046510E+1
-1.048274E+1
-1.059446E+1
-1.079438E+1
-1.110749E+1
-1.153379E+1
-1.202477E+1
-1.251869E+1
-1.276271E+1
-1.276271E+1
-1.247312E+1
-1.202477E+1
-1.165433E+1
-1.136327E+1
-1.123244E+1
-1.128389E+1
-1.147499E+1
-1.184837E+1
-1.238492E+1
-1.303907E+1
-1.364324E+1
-1.380494E+1
-1.335365E+1
-1.261277E+1
-1.184837E+1
-1.120745E+1
-1.071206E+1
-1.036073E+1
-1.017992E+1
-1.013288E+1
-1.022696E+1
-1.046510E+1
-1.083554E+1
-1.133681E+1
-1.191746E+1
-1.238492E+1
-1.261277E+1
-1.242902E+1
-1.195274E+1
-1.141913E+1
-1.092374E+1
-1.051949E+1
-1.021079E+1
-9.984408E+0
-9.857988E+0
-9.818298E+0
-9.831528E+0
-9.899148E+0
-1.004321E+1
-1.025930E+1
-1.055624E+1
-1.098989E+1
-1.162346E+1
-1.266275E+1
-1.485893E+1
-2.088005E+1
-2.088005E+1
-2.088005E+1
-2.088005E+1
-2.088005E+1
-2.088005E+1
-2.088005E+1
-2.088005E+1
-2.088005E+1
-2.088005E+1
-2.088005E+1
-2.088005E+1
-2.088005E+1
-2.088005E+1
-2.088005E+1
-2.088005E+1
-2.088005E+1
-2.088005E+1
-2.088005E+1
-2.088005E+1
-2.088005E+1
-2.088005E+1
-2.088005E+1
-2.088005E+1
-2.088005E+1
-2.088005E+1
-2.088005E+1
-2.088005E+1
-2.088005E+1
-2.088005E+1
-2.088005E+1
-2.088005E+1
-2.088005E+1
-2.088005E+1
-2.088005E+1
-2.088005E+1
-2.088005E+1
-2.088005E+1
-2.088005E+1
-2.088005E+1
-1.610843E+1
-1.328750E+1
-1.213796E+1
-1.147499E+1
-1.110749E+1
-1.092374E+1
-1.094579E+1
-1.115747E+1
-1.153379E+1
-1.209974E+1
-1.281563E+1
-1.356680E+1
-1.407101E+1
-1.407101E+1
-1.356680E+1
-1.292441E+1
-1.238492E+1
-1.195274E+1
-1.162346E+1
-1.139120E+1
-1.120745E+1
-1.108397E+1
-1.098989E+1
-1.094579E+1
-1.092374E+1
-1.098989E+1
-1.115747E+1
-1.150439E+1
-1.209974E+1
-1.322135E+1
-1.636421E+1
-2.088005E+1
-2.088005E+1
-2.088005E+1
-2.088005E+1
-2.088005E+1
-2.088005E+1
-2.088005E+1
-2.088005E+1
-2.088005E+1
-2.088005E+1
-2.088005E+1
-2.088005E+1
-2.088005E+1
-2.088005E+1
-1.698896E+1
-1.144706E+1
-1.008731E+1
-9.342018E+0
-8.915718E+0
-8.705508E+0
-8.667288E+0
-8.795178E+0
-9.080358E+0
-9.543408E+0
-1.025930E+1
-1.133681E+1
-1.322135E+1
-2.088005E+1
-2.088005E+1
-2.088005E+1
-2.088005E+1
-2.088005E+1
-2.088005E+1
-1.389020E+1
-1.213796E+1
-1.118099E+1
-1.059446E+1
-1.024313E+1
-1.008731E+1
-1.008731E+1
-1.025930E+1
-1.063268E+1
-1.128389E+1
-1.247312E+1
-1.548368E+1
-2.088005E+1
-2.088005E+1
-2.088005E+1
-2.088005E+1
-2.088005E+1
-2.088005E+1
-2.088005E+1
-2.088005E+1
-2.088005E+1
-2.088005E+1
-2.088005E+1
-2.088005E+1
-2.088005E+1
-2.088005E+1
-2.088005E+1
-2.088005E+1
-2.088005E+1
-2.088005E+1
-2.088005E+1
-2.088005E+1
-2.088005E+1
-2.088005E+1
-2.088005E+1
-2.088005E+1
-2.088005E+1
-2.088005E+1
-1.472663E+1
-1.315961E+1
-1.251869E+1
-1.225850E+1
-1.225850E+1
-1.247312E+1
-1.292441E+1
-1.389020E+1
-1.610843E+1
-2.088005E+1
-2.088005E+1
-2.088005E+1
-2.088005E+1
-2.088005E+1
-2.088005E+1
-2.088005E+1
-2.088005E+1
-2.088005E+1
-2.088005E+1
-2.088005E+1
-2.088005E+1
-2.088005E+1
-2.088005E+1
-2.088005E+1
-2.088005E+1
-1.587911E+1
-1.380494E+1
-1.276271E+1
-1.217765E+1
-1.188218E+1
-1.184837E+1
-1.209974E+1
-1.292441E+1
-1.567331E+1
-2.088005E+1
-2.088005E+1
-2.088005E+1
-2.088005E+1
-2.088005E+1
-2.088005E+1
-2.088005E+1
-2.088005E+1
-2.088005E+1
-2.088005E+1
-2.088005E+1
-2.088005E+1
-2.088005E+1
-2.088005E+1
-2.088005E+1
-2.088005E+1
-2.088005E+1
-2.088005E+1
-2.088005E+1
-2.088005E+1
-2.088005E+1
-2.088005E+1
-2.088005E+1
-2.088005E+1
-2.088005E+1
-2.088005E+1
-2.088005E+1
-2.088005E+1
-2.088005E+1
-2.088005E+1
-2.088005E+1
-2.088005E+1
-2.088005E+1
-2.088005E+1
-2.088005E+1
-2.088005E+1
-2.088005E+1
-2.088005E+1
-2.088005E+1
-2.088005E+1
-2.088005E+1
-1.587911E+1
-1.531022E+1
-1.665380E+1
-2.088005E+1
-2.088005E+1
-2.088005E+1
-2.088005E+1
-2.088005E+1
-2.088005E+1
-2.088005E+1
-2.088005E+1
-2.088005E+1
-2.088005E+1
-2.088005E+1
-2.088005E+1
-2.088005E+1
-2.088005E+1
-2.088005E+1
-2.088005E+1
-2.088005E+1
-2.088005E+1
-2.088005E+1
-2.088005E+1
-2.088005E+1
-2.088005E+1
-2.088005E+1
-2.088005E+1
-2.088005E+1
-2.088005E+1
-2.088005E+1
-2.088005E+1
-2.088005E+1
-2.088005E+1
-1.548368E+1
-1.342274E+1
-1.292441E+1
-1.309787E+1
-1.389020E+1
-1.610843E+1
-2.088005E+1
-2.088005E+1
-2.088005E+1
-2.088005E+1
-2.088005E+1
-2.088005E+1
-2.088005E+1
-1.531022E+1
-1.407101E+1
-1.342274E+1
-1.322135E+1
-1.322135E+1
-1.328750E+1
-1.342274E+1
-1.349330E+1
-1.342274E+1
-1.315961E+1
-1.276271E+1
-1.229966E+1
-1.188218E+1
-1.153379E+1
-1.128389E+1
-1.113248E+1
-1.103693E+1
-1.106045E+1
-1.110749E+1
-1.115747E+1
-1.118099E+1
-1.110749E+1
-1.092374E+1
-1.067237E+1
-1.039454E+1
-1.011818E+1
-9.899148E+0
-9.778608E+0
-9.752148E+0
-9.872688E+0
-1.013288E+1
-1.057535E+1
-1.125743E+1
-1.234082E+1
-1.426799E+1
-2.088005E+1
-2.088005E+1
-2.088005E+1
-2.088005E+1
-1.849424E+1
-1.460315E+1
-1.322135E+1
-1.256573E+1
-1.217765E+1
-1.195274E+1
-1.178222E+1
-1.162346E+1
-1.144706E+1
-1.125743E+1
-1.108397E+1
-1.098989E+1
-1.101341E+1
-1.123244E+1
-1.178222E+1
-1.292441E+1
-1.786949E+1
-2.088005E+1
-2.088005E+1
-2.088005E+1
-2.088005E+1
-2.088005E+1
-2.088005E+1
-2.088005E+1
-2.088005E+1
-2.088005E+1
-2.088005E+1
-2.088005E+1
-2.088005E+1
-2.088005E+1
-2.088005E+1
-2.088005E+1
-2.088005E+1
-2.088005E+1
-2.088005E+1
-2.088005E+1
-2.088005E+1
-2.088005E+1
-2.088005E+1
-2.088005E+1
-2.088005E+1
-2.088005E+1
-2.088005E+1
-2.088005E+1
-2.088005E+1
-2.088005E+1
-2.088005E+1
-2.088005E+1
-2.088005E+1
-2.088005E+1
-2.088005E+1
-2.088005E+1
-2.088005E+1
-2.088005E+1
-2.088005E+1
-2.088005E+1
-1.665380E+1
-1.499858E+1
-1.397840E+1
-1.303907E+1
-1.213796E+1
-1.139120E+1
-1.077380E+1
-1.030928E+1
-9.984408E+0
-9.791838E+0
-9.738918E+0
-9.805068E+0
-9.984408E+0
-1.032692E+1
-1.083554E+1
-1.159259E+1
-1.286855E+1
-1.665380E+1
-2.088005E+1
-2.088005E+1
-2.088005E+1
-2.088005E+1
-2.088005E+1
-2.088005E+1
-2.088005E+1
-2.088005E+1
-2.088005E+1
-2.088005E+1
-2.088005E+1
-2.088005E+1
-1.610843E+1
-1.247312E+1
-1.110749E+1
-1.022696E+1
-9.602208E+0
-9.137688E+0
-8.787828E+0
-8.537928E+0
-8.360058E+0
-8.227758E+0
-8.139558E+0
-8.079288E+0
-8.038128E+0
-8.008728E+0
-7.996968E+0
-8.008728E+0
-8.061648E+0
-8.158668E+0
-8.299788E+0
-8.486478E+0
-8.705508E+0
-8.942178E+0
-9.177378E+0
-9.362598E+0
-9.496368E+0
-9.566928E+0
-9.602208E+0
-9.652188E+0
-9.727158E+0
-9.885918E+0
-1.014905E+1
-1.055624E+1
-1.113248E+1
-1.188218E+1
-1.286855E+1
-1.380494E+1
-1.426799E+1
-1.364324E+1
-1.261277E+1
-1.168520E+1
-1.098989E+1
-1.044746E+1
-1.010201E+1
-9.885918E+0
-9.818298E+0
-9.857988E+0
-9.999108E+0
-1.021079E+1
-1.044746E+1
-1.071206E+1
-1.092374E+1
-1.103693E+1
-1.108397E+1
-1.103693E+1
-1.096784E+1
-1.092374E+1
-1.098989E+1
-1.115747E+1
-1.147499E+1
-1.206152E+1
-1.303907E+1
-1.499858E+1
-2.088005E+1
-2.088005E+1
-2.088005E+1
-2.088005E+1
-2.088005E+1
-1.636421E+1
-1.322135E+1
-1.181456E+1
-1.092374E+1
-1.029311E+1
-9.791838E+0
-9.396408E+0
-9.070068E+0
-8.803998E+0
-8.612898E+0
-8.479128E+0
-8.414448E+0
-8.436498E+0
-8.545278E+0
-8.762838E+0
-9.108288E+0
-9.615438E+0
-1.036073E+1
-1.153379E+1
-1.389020E+1
-2.088005E+1
-2.088005E+1
-2.088005E+1
-2.088005E+1
-2.088005E+1
-2.088005E+1
-2.088005E+1
-2.088005E+1
-2.088005E+1
-2.088005E+1
-1.610843E+1
-1.242902E+1
-1.106045E+1
-1.022696E+1
-9.663948E+0
-9.299388E+0
-9.061248E+0
-8.959818E+0
-8.959818E+0
-9.070068E+0
-9.278808E+0
-9.590448E+0
-1.001381E+1
-1.051949E+1
-1.110749E+1
-1.174841E+1
-1.238492E+1
-1.276271E+1
-1.281563E+1
-1.247312E+1
-1.195274E+1
-1.136327E+1
-1.083554E+1
-1.037690E+1
-1.001381E+1
-9.738918E+0
-9.531648E+0
-9.396408E+0
-9.319968E+0
-9.299388E+0
-9.319968E+0
-9.362598E+0
-9.406698E+0
-9.462558E+0
-9.519888E+0
-9.543408E+0
-9.555168E+0
-9.543408E+0
-9.496368E+0
-9.440508E+0
-9.362598E+0
-9.289098E+0
-9.227358E+0
-9.206778E+0
-9.217068E+0
-9.278808E+0
-9.396408E+0
-9.566928E+0
-9.791838E+0
-1.005791E+1
-1.032692E+1
-1.059446E+1
-1.083554E+1
-1.106045E+1
-1.125743E+1
-1.147499E+1
-1.181456E+1
-1.225850E+1
-1.292441E+1
-1.397840E+1
-1.636421E+1
-2.088005E+1
-2.088005E+1
-2.088005E+1
-2.088005E+1
-2.088005E+1
-2.088005E+1
-1.665380E+1
-1.303907E+1
-1.150439E+1
-1.048274E+1
-9.727158E+0
-9.177378E+0
-8.762838E+0
-8.471778E+0
-8.292438E+0
-8.221878E+0
-8.240988E+0
-8.346828E+0
-8.530578E+0
-8.779008E+0
-9.080358E+0
-9.396408E+0
-9.688938E+0
-9.913848E+0
-1.001381E+1
-9.999108E+0
-9.885918E+0
-9.702168E+0
-9.531648E+0
-9.384648E+0
-9.299388E+0
-9.278808E+0
-9.330258E+0
-9.450798E+0
-9.652188E+0
-9.913848E+0
-1.024313E+1
-1.061357E+1
-1.103693E+1
-1.150439E+1
-1.188218E+1
-1.213796E+1
-1.217765E+1
-1.191746E+1
-1.147499E+1
-1.098989E+1
-1.051949E+1
