Date/Time	2022-06-19 09:40:32
Line location	1
Line name	A1
OTDR wavelength [nm]	1310
OTDR pulse duration [ns]	2
OTDR scan time [s]	10
OTDR scan length [m]	1.500000E+2
Length offset [m]	0.000000E+0
Length increment [m]	3.996806E-2
Switch ID	VIAVI Solutions,OTU 8000E,11654,FO,16.76
OTDR ID	JDSU,OTU 8000E,11654,OTU(SmartOTU),V7.22

Reflected amplitude [dB]
8.443520E-1
8.370020E-1
8.076020E-1
7.517420E-1
6.855920E-1
6.223820E-1
5.709320E-1
5.312420E-1
5.018420E-1
4.827320E-1
4.739120E-1
4.797920E-1
5.003720E-1
5.297720E-1
5.606420E-1
5.871020E-1
6.091520E-1
6.267920E-1
6.370820E-1
6.414920E-1
6.370820E-1
6.150320E-1
5.709320E-1
5.003720E-1
4.165820E-1
3.283820E-1
2.343020E-1
1.431620E-1
5.937200E-2
-1.265800E-2
-7.439800E-2
-1.273180E-1
-1.728880E-1
-2.111080E-1
-2.419780E-1
-2.684380E-1
-2.875480E-1
-3.037180E-1
-3.140080E-1
-3.213580E-1
-3.272380E-1
-3.316480E-1
-3.375280E-1
-3.448780E-1
-3.522280E-1
-3.639880E-1
-3.757480E-1
-3.904480E-1
-4.066180E-1
-4.227880E-1
-4.389580E-1
-4.536580E-1
-4.668880E-1
-4.801180E-1
-4.918780E-1
-5.036380E-1
-5.153980E-1
-5.271580E-1
-5.403880E-1
-5.550880E-1
-5.712580E-1
-5.874280E-1
-6.065380E-1
-6.227080E-1
-6.403480E-1
-6.535780E-1
-6.638680E-1
-6.697480E-1
-6.726880E-1
-6.712180E-1
-6.653380E-1
-6.579880E-1
-6.491680E-1
-6.388780E-1
-6.315280E-1
-6.241780E-1
-6.182980E-1
-6.138880E-1
-6.109480E-1
-6.080080E-1
-6.080080E-1
-6.080080E-1
-6.109480E-1
-6.138880E-1
-6.197680E-1
-6.271180E-1
-6.359380E-1
-6.447580E-1
-6.535780E-1
-6.623980E-1
-6.697480E-1
-6.770980E-1
-6.829780E-1
-6.873880E-1
-6.917980E-1
-6.976780E-1
-7.020880E-1
-7.064980E-1
-7.109080E-1
-7.153180E-1
-7.197280E-1
-7.241380E-1
-7.270780E-1
-7.300180E-1
-7.314880E-1
-7.300180E-1
-7.285480E-1
-7.256080E-1
-7.197280E-1
-7.153180E-1
-7.094380E-1
-7.050280E-1
-7.006180E-1
-6.962080E-1
-6.947380E-1
-6.947380E-1
-6.947380E-1
-6.947380E-1
-6.962080E-1
-6.962080E-1
-6.976780E-1
-6.976780E-1
-6.976780E-1
-6.976780E-1
-6.976780E-1
-6.991480E-1
-7.020880E-1
-7.064980E-1
-7.123780E-1
-7.211980E-1
-7.300180E-1
-7.388380E-1
-7.476580E-1
-7.535380E-1
-7.579480E-1
-7.594180E-1
-7.594180E-1
-7.564780E-1
-7.535380E-1
-7.491280E-1
-7.461880E-1
-7.447180E-1
-7.447180E-1
-7.461880E-1
-7.491280E-1
-6.521080E-1
-1.846480E-1
7.649720E-1
1.960082E+0
3.159602E+0
4.245932E+0
5.177912E+0
5.959952E+0
6.614102E+0
7.160942E+0
7.612232E+0
7.973852E+0
8.253152E+0
8.454542E+0
8.585372E+0
8.651522E+0
8.660342E+0
8.614772E+0
8.516282E+0
8.367812E+0
8.169362E+0
7.923872E+0
7.634282E+0
7.302062E+0
6.928682E+0
6.517082E+0
6.073142E+0
5.602742E+0
5.111762E+0
4.607552E+0
4.094522E+0
3.588842E+0
3.105212E+0
2.664212E+0
2.280542E+0
1.951262E+0
1.677842E+0
1.454402E+0
1.260362E+0
1.081022E+0
9.031520E-1
7.238120E-1
5.385920E-1
3.607220E-1
1.960820E-1
3.585200E-2
-1.184980E-1
-2.507980E-1
-3.625180E-1
-4.551280E-1
-5.300980E-1
-5.918380E-1
-6.432880E-1
-6.844480E-1
-7.182580E-1
-7.461880E-1
-7.667680E-1
-7.829380E-1
-7.961680E-1
-8.064580E-1
-8.138080E-1
-8.167480E-1
-8.182180E-1
-8.152780E-1
-8.108680E-1
-8.064580E-1
-7.991080E-1
-7.917580E-1
-7.844080E-1
-7.770580E-1
-7.711780E-1
-7.667680E-1
-7.623580E-1
-7.594180E-1
-7.564780E-1
-7.535380E-1
-7.491280E-1
-7.447180E-1
-7.403080E-1
-7.329580E-1
-7.270780E-1
-7.211980E-1
-7.153180E-1
-7.109080E-1
-7.109080E-1
-7.123780E-1
-7.182580E-1
-7.256080E-1
-7.358980E-1
-7.461880E-1
-7.579480E-1
-7.697080E-1
-7.814680E-1
-7.917580E-1
-8.020480E-1
-8.108680E-1
-8.182180E-1
-8.255680E-1
-8.314480E-1
-8.358580E-1
-8.402680E-1
-8.432080E-1
-8.461480E-1
-8.490880E-1
-8.505580E-1
-8.520280E-1
-8.534980E-1
-8.549680E-1
-8.549680E-1
-8.549680E-1
-8.534980E-1
-8.490880E-1
-8.432080E-1
-8.358580E-1
-8.270380E-1
-8.167480E-1
-8.064580E-1
-7.961680E-1
-7.873480E-1
-7.814680E-1
-7.785280E-1
-7.770580E-1
-7.785280E-1
-7.814680E-1
-7.873480E-1
-7.961680E-1
-8.035180E-1
-8.123380E-1
-8.196880E-1
-8.270380E-1
-8.299780E-1
-8.314480E-1
-8.299780E-1
-8.255680E-1
-8.182180E-1
-8.093980E-1
-7.991080E-1
-7.873480E-1
-7.770580E-1
-7.667680E-1
-7.594180E-1
-7.520680E-1
-7.476580E-1
-7.447180E-1
-7.432480E-1
-7.447180E-1
-7.476580E-1
-7.520680E-1
-7.579480E-1
-7.638280E-1
-7.711780E-1
-7.785280E-1
-7.844080E-1
-7.917580E-1
-7.991080E-1
-8.049880E-1
-8.093980E-1
-8.138080E-1
-8.167480E-1
-8.182180E-1
-8.182180E-1
-8.182180E-1
-8.167480E-1
-8.152780E-1
-8.138080E-1
-8.123380E-1
-8.108680E-1
-8.093980E-1
-8.079280E-1
-8.064580E-1
-8.035180E-1
-8.005780E-1
-7.976380E-1
-7.946980E-1
-7.917580E-1
-7.888180E-1
-7.873480E-1
-7.888180E-1
-7.932280E-1
-7.991080E-1
-8.079280E-1
-8.182180E-1
-8.285080E-1
-8.402680E-1
-8.505580E-1
-8.608480E-1
-8.681980E-1
-8.740780E-1
-8.784880E-1
-8.814280E-1
-8.814280E-1
-8.814280E-1
-8.799580E-1
-8.755480E-1
-8.696680E-1
-8.637880E-1
-8.549680E-1
-8.446780E-1
-8.329180E-1
-8.196880E-1
-8.049880E-1
-7.888180E-1
-7.741180E-1
-7.579480E-1
-7.417780E-1
-7.285480E-1
-7.153180E-1
-7.050280E-1
-6.976780E-1
-6.932680E-1
-6.917980E-1
-6.932680E-1
-6.976780E-1
-7.035580E-1
-7.123780E-1
-7.226680E-1
-7.358980E-1
-7.491280E-1
-7.623580E-1
-7.755880E-1
-7.873480E-1
-7.976380E-1
-8.064580E-1
-8.123380E-1
-8.182180E-1
-8.240980E-1
-8.285080E-1
-8.343880E-1
-8.402680E-1
-8.446780E-1
-8.490880E-1
-8.520280E-1
-8.520280E-1
-8.505580E-1
-8.476180E-1
-8.432080E-1
-8.402680E-1
-8.358580E-1
-8.329180E-1
-8.314480E-1
-8.299780E-1
-8.285080E-1
-8.285080E-1
-8.285080E-1
-8.270380E-1
-8.270380E-1
-8.270380E-1
-8.285080E-1
-8.314480E-1
-8.358580E-1
-8.417380E-1
-8.476180E-1
-8.534980E-1
-8.564380E-1
-8.564380E-1
-8.534980E-1
-8.476180E-1
-8.373280E-1
-8.255680E-1
-8.108680E-1
-7.961680E-1
-7.814680E-1
-7.652980E-1
-7.505980E-1
-7.358980E-1
-7.211980E-1
-7.079680E-1
-6.932680E-1
-6.800380E-1
-6.697480E-1
-6.594580E-1
-6.535780E-1
-6.491680E-1
-6.476980E-1
-6.491680E-1
-6.535780E-1
-6.609280E-1
-6.697480E-1
-6.800380E-1
-6.917980E-1
-7.064980E-1
-7.226680E-1
-7.403080E-1
-7.594180E-1
-7.785280E-1
-7.961680E-1
-8.138080E-1
-8.285080E-1
-8.402680E-1
-8.476180E-1
-8.520280E-1
-8.520280E-1
-8.520280E-1
-8.490880E-1
-8.476180E-1
-8.461480E-1
-8.446780E-1
-8.446780E-1
-8.461480E-1
-8.476180E-1
-8.476180E-1
-8.476180E-1
-8.476180E-1
-8.446780E-1
-8.417380E-1
-8.373280E-1
-8.314480E-1
-8.270380E-1
-8.226280E-1
-8.182180E-1
-8.167480E-1
-8.167480E-1
-8.182180E-1
-8.211580E-1
-8.270380E-1
-8.314480E-1
-8.387980E-1
-8.446780E-1
-8.520280E-1
-8.579080E-1
-8.637880E-1
-8.667280E-1
-8.696680E-1
-8.711380E-1
-8.696680E-1
-8.681980E-1
-8.637880E-1
-8.564380E-1
-8.490880E-1
-8.417380E-1
-8.329180E-1
-8.240980E-1
-8.167480E-1
-8.093980E-1
-8.049880E-1
-8.035180E-1
-8.035180E-1
-8.049880E-1
-8.093980E-1
-8.138080E-1
-8.196880E-1
-8.255680E-1
-8.285080E-1
-8.299780E-1
-8.299780E-1
-8.285080E-1
-8.270380E-1
-8.240980E-1
-8.226280E-1
-8.226280E-1
-8.240980E-1
-8.285080E-1
-8.329180E-1
-8.402680E-1
-8.490880E-1
-8.579080E-1
-8.667280E-1
-8.740780E-1
-8.814280E-1
-8.873080E-1
-8.917180E-1
-8.931880E-1
-8.946580E-1
-8.946580E-1
-8.931880E-1
-8.887780E-1
-8.843680E-1
-8.770180E-1
-8.681980E-1
-8.593780E-1
-8.520280E-1
-8.432080E-1
-8.373280E-1
-8.314480E-1
-8.285080E-1
-8.255680E-1
-8.240980E-1
-8.226280E-1
-8.226280E-1
-8.211580E-1
-8.211580E-1
-8.226280E-1
-8.255680E-1
-8.285080E-1
-8.329180E-1
-8.373280E-1
-8.417380E-1
-8.461480E-1
-8.490880E-1
-8.505580E-1
-8.490880E-1
-8.446780E-1
-8.373280E-1
-8.285080E-1
-8.182180E-1
-8.064580E-1
-7.932280E-1
-7.829380E-1
-7.741180E-1
-7.682380E-1
-7.652980E-1
-7.667680E-1
-7.697080E-1
-7.770580E-1
-7.858780E-1
-7.946980E-1
-8.035180E-1
-8.123380E-1
-8.211580E-1
-8.270380E-1
-8.314480E-1
-8.358580E-1
-8.402680E-1
-8.417380E-1
-8.446780E-1
-8.461480E-1
-8.461480E-1
-8.461480E-1
-8.461480E-1
-8.446780E-1
-8.417380E-1
-8.387980E-1
-8.343880E-1
-8.299780E-1
-8.255680E-1
-8.211580E-1
-8.182180E-1
-8.167480E-1
-8.167480E-1
-8.167480E-1
-8.196880E-1
-8.226280E-1
-8.270380E-1
-8.314480E-1
-8.358580E-1
-8.402680E-1
-8.417380E-1
-8.417380E-1
-8.402680E-1
-8.373280E-1
-8.343880E-1
-8.299780E-1
-8.270380E-1
-8.240980E-1
-8.226280E-1
-8.226280E-1
-8.255680E-1
-8.285080E-1
-8.343880E-1
-8.417380E-1
-8.476180E-1
-8.549680E-1
-8.608480E-1
-8.652580E-1
-8.667280E-1
-8.667280E-1
-8.623180E-1
-8.564380E-1
-8.490880E-1
-8.402680E-1
-8.299780E-1
-8.196880E-1
-8.108680E-1
-8.020480E-1
-7.946980E-1
-7.888180E-1
-7.858780E-1
-7.844080E-1
-7.858780E-1
-7.888180E-1
-7.946980E-1
-8.020480E-1
-8.108680E-1
-8.196880E-1
-8.299780E-1
-8.387980E-1
-8.476180E-1
-8.549680E-1
-8.608480E-1
-8.652580E-1
-8.681980E-1
-8.696680E-1
-8.726080E-1
-8.755480E-1
-8.770180E-1
-8.799580E-1
-8.828980E-1
-8.828980E-1
-8.814280E-1
-8.784880E-1
-8.726080E-1
-8.652580E-1
-8.549680E-1
-8.446780E-1
-8.343880E-1
-8.226280E-1
-8.138080E-1
-8.035180E-1
-7.961680E-1
-7.902880E-1
-7.858780E-1
-7.814680E-1
-7.799980E-1
-7.799980E-1
-7.799980E-1
-7.829380E-1
-7.873480E-1
-7.917580E-1
-7.976380E-1
-8.035180E-1
-8.093980E-1
-8.152780E-1
-8.182180E-1
-8.211580E-1
-8.211580E-1
-8.182180E-1
-8.138080E-1
-8.079280E-1
-8.005780E-1
-7.932280E-1
-7.858780E-1
-7.785280E-1
-7.726480E-1
-7.682380E-1
-7.652980E-1
-7.638280E-1
-7.623580E-1
-7.608880E-1
-7.594180E-1
-7.579480E-1
-7.564780E-1
-7.550080E-1
-7.520680E-1
-7.505980E-1
-7.491280E-1
-7.476580E-1
-7.461880E-1
-7.461880E-1
-7.476580E-1
-7.491280E-1
-7.535380E-1
-7.579480E-1
-7.638280E-1
-7.711780E-1
-7.785280E-1
-7.858780E-1
-7.917580E-1
-7.961680E-1
-7.991080E-1
-8.005780E-1
-7.991080E-1
-7.976380E-1
-7.932280E-1
-7.873480E-1
-7.814680E-1
-7.770580E-1
-7.726480E-1
-7.697080E-1
-7.682380E-1
-7.682380E-1
-7.711780E-1
-7.741180E-1
-7.785280E-1
-7.844080E-1
-7.917580E-1
-7.991080E-1
-8.049880E-1
-8.123380E-1
-8.182180E-1
-8.240980E-1
-8.299780E-1
-8.358580E-1
-8.402680E-1
-8.446780E-1
-8.490880E-1
-8.520280E-1
-8.549680E-1
-8.564380E-1
-8.579080E-1
-8.564380E-1
-8.549680E-1
-8.520280E-1
-8.476180E-1
-8.417380E-1
-8.358580E-1
-8.314480E-1
-8.270380E-1
-8.240980E-1
-8.226280E-1
-8.240980E-1
-8.270380E-1
-8.299780E-1
-8.343880E-1
-8.373280E-1
-8.402680E-1
-8.432080E-1
-8.432080E-1
-8.432080E-1
-8.417380E-1
-8.402680E-1
-8.387980E-1
-8.373280E-1
-8.358580E-1
-8.343880E-1
-8.329180E-1
-8.314480E-1
-8.299780E-1
-8.285080E-1
-8.270380E-1
-8.255680E-1
-8.240980E-1
-8.226280E-1
-8.226280E-1
-8.226280E-1
-8.240980E-1
-8.270380E-1
-8.299780E-1
-8.329180E-1
-8.373280E-1
-8.402680E-1
-8.432080E-1
-8.461480E-1
-8.490880E-1
-8.520280E-1
-8.549680E-1
-8.593780E-1
-8.608480E-1
-8.637880E-1
-8.652580E-1
-8.637880E-1
-8.623180E-1
-8.593780E-1
-8.549680E-1
-8.505580E-1
-8.446780E-1
-8.417380E-1
-8.402680E-1
-8.387980E-1
-8.387980E-1
-8.402680E-1
-8.417380E-1
-8.446780E-1
-8.446780E-1
-8.461480E-1
-8.446780E-1
-8.432080E-1
-8.387980E-1
-8.343880E-1
-8.299780E-1
-8.255680E-1
-8.226280E-1
-8.211580E-1
-8.196880E-1
-8.211580E-1
-8.240980E-1
-8.270380E-1
-8.314480E-1
-8.358580E-1
-8.417380E-1
-8.461480E-1
-8.520280E-1
-8.549680E-1
-8.579080E-1
-8.608480E-1
-8.608480E-1
-8.579080E-1
-8.549680E-1
-8.490880E-1
-8.417380E-1
-8.329180E-1
-8.255680E-1
-8.167480E-1
-8.108680E-1
-8.064580E-1
-8.035180E-1
-8.049880E-1
-8.093980E-1
-8.138080E-1
-8.226280E-1
-8.299780E-1
-8.373280E-1
-8.432080E-1
-8.476180E-1
-8.476180E-1
-8.446780E-1
-8.387980E-1
-8.299780E-1
-8.196880E-1
-8.093980E-1
-7.991080E-1
-7.917580E-1
-7.873480E-1
-7.858780E-1
-7.858780E-1
-7.902880E-1
-7.946980E-1
-7.991080E-1
-8.049880E-1
-8.079280E-1
-8.108680E-1
-8.108680E-1
-8.093980E-1
-8.064580E-1
-8.005780E-1
-7.961680E-1
-7.902880E-1
-7.844080E-1
-7.814680E-1
-7.799980E-1
-7.799980E-1
-7.829380E-1
-7.873480E-1
-7.946980E-1
-8.035180E-1
-8.138080E-1
-8.226280E-1
-8.329180E-1
-8.417380E-1
-8.476180E-1
-8.520280E-1
-8.534980E-1
-8.534980E-1
-8.505580E-1
-8.461480E-1
-8.417380E-1
-8.358580E-1
-8.329180E-1
-8.299780E-1
-8.285080E-1
-8.285080E-1
-8.285080E-1
-8.299780E-1
-8.299780E-1
-8.299780E-1
-8.299780E-1
-8.285080E-1
-8.270380E-1
-8.270380E-1
-8.285080E-1
-8.314480E-1
-8.373280E-1
-8.446780E-1
-8.549680E-1
-8.667280E-1
-8.799580E-1
-8.931880E-1
-9.049480E-1
-9.152380E-1
-9.225880E-1
-9.284680E-1
-9.328780E-1
-9.343480E-1
-9.343480E-1
-9.328780E-1
-9.299380E-1
-9.269980E-1
-9.225880E-1
-9.167080E-1
-9.093580E-1
-9.005380E-1
-8.902480E-1
-8.799580E-1
-8.696680E-1
-8.608480E-1
-8.534980E-1
-8.490880E-1
-8.476180E-1
-8.476180E-1
-8.505580E-1
-8.549680E-1
-8.593780E-1
-8.637880E-1
-8.681980E-1
-8.696680E-1
-8.696680E-1
-8.681980E-1
-8.637880E-1
-8.564380E-1
-8.461480E-1
-8.343880E-1
-8.196880E-1
-8.035180E-1
-7.888180E-1
-7.755880E-1
-7.638280E-1
-7.550080E-1
-7.476580E-1
-7.447180E-1
-7.432480E-1
-7.432480E-1
-7.447180E-1
-7.476580E-1
-7.505980E-1
-7.564780E-1
-7.623580E-1
-7.726480E-1
-7.844080E-1
-7.976380E-1
-8.138080E-1
-8.299780E-1
-8.461480E-1
-8.579080E-1
-8.667280E-1
-8.696680E-1
-8.681980E-1
-8.623180E-1
-8.520280E-1
-8.402680E-1
-8.270380E-1
-8.167480E-1
-8.079280E-1
-8.020480E-1
-7.991080E-1
-7.991080E-1
-8.020480E-1
-8.064580E-1
-8.123380E-1
-8.167480E-1
-8.211580E-1
-8.226280E-1
-8.240980E-1
-8.240980E-1
-8.226280E-1
-8.196880E-1
-8.182180E-1
-8.167480E-1
-8.152780E-1
-8.167480E-1
-8.182180E-1
-8.196880E-1
-8.240980E-1
-8.285080E-1
-8.329180E-1
-8.373280E-1
-8.402680E-1
-8.432080E-1
-8.446780E-1
-8.432080E-1
-8.402680E-1
-8.329180E-1
-8.255680E-1
-8.152780E-1
-8.049880E-1
-7.946980E-1
-7.858780E-1
-7.785280E-1
-7.741180E-1
-7.726480E-1
-7.726480E-1
-7.770580E-1
-7.814680E-1
-7.888180E-1
-7.991080E-1
-8.079280E-1
-8.182180E-1
-8.285080E-1
-8.373280E-1
-8.446780E-1
-8.505580E-1
-8.534980E-1
-8.534980E-1
-8.505580E-1
-8.446780E-1
-8.387980E-1
-8.314480E-1
-8.240980E-1
-8.196880E-1
-8.167480E-1
-8.167480E-1
-8.196880E-1
-8.240980E-1
-8.299780E-1
-8.343880E-1
-8.402680E-1
-8.432080E-1
-8.432080E-1
-8.432080E-1
-8.417380E-1
-8.387980E-1
-8.373280E-1
-8.373280E-1
-8.387980E-1
-8.446780E-1
-8.520280E-1
-8.637880E-1
-8.784880E-1
-8.975980E-1
-9.167080E-1
-9.402280E-1
-9.666880E-1
-9.946180E-1
-1.024018E+0
-1.057828E+0
-1.093108E+0
-1.131328E+0
-1.169548E+0
-1.209238E+0
-1.248928E+0
-1.285678E+0
-1.318018E+0
-1.347418E+0
-1.370938E+0
-1.391518E+0
-1.406218E+0
-1.419448E+0
-1.428268E+0
-1.435618E+0
-1.442968E+0
-1.448848E+0
-1.454728E+0
-1.459138E+0
-1.465018E+0
-1.469428E+0
-1.473838E+0
-1.478248E+0
-1.484128E+0
-1.488538E+0
-1.494418E+0
-1.501768E+0
-1.512058E+0
-1.522348E+0
-1.534108E+0
-1.547338E+0
-1.560568E+0
-1.573798E+0
-1.584088E+0
-1.591438E+0
-1.595848E+0
-1.595848E+0
-1.594378E+0
-1.591438E+0
-1.587028E+0
-1.584088E+0
-1.581148E+0
-1.582618E+0
-1.584088E+0
-1.589968E+0
-1.595848E+0
-1.604668E+0
-1.612018E+0
-1.620838E+0
-1.628188E+0
-1.634068E+0
-1.638478E+0
-1.641418E+0
-1.642888E+0
-1.642888E+0
-1.641418E+0
-1.638478E+0
-1.635538E+0
-1.631128E+0
-1.628188E+0
-1.623778E+0
-1.620838E+0
-1.617898E+0
-1.613488E+0
-1.610548E+0
-1.606138E+0
-1.603198E+0
-1.598788E+0
-1.594378E+0
-1.591438E+0
-1.591438E+0
-1.591438E+0
-1.592908E+0
-1.598788E+0
-1.606138E+0
-1.614958E+0
-1.625248E+0
-1.637008E+0
-1.650238E+0
-1.664938E+0
-1.679638E+0
-1.695808E+0
-1.710508E+0
-1.725208E+0
-1.738438E+0
-1.748728E+0
-1.754608E+0
-1.757548E+0
-1.756078E+0
-1.750198E+0
-1.739908E+0
-1.728148E+0
-1.711978E+0
-1.695808E+0
-1.679638E+0
-1.663468E+0
-1.648768E+0
-1.637008E+0
-1.628188E+0
-1.623778E+0
-1.622308E+0
-1.626718E+0
-1.632598E+0
-1.642888E+0
-1.653178E+0
-1.666408E+0
-1.679638E+0
-1.692868E+0
-1.704628E+0
-1.716388E+0
-1.725208E+0
-1.731088E+0
-1.734028E+0
-1.734028E+0
-1.732558E+0
-1.731088E+0
-1.728148E+0
-1.726678E+0
-1.725208E+0
-1.726678E+0
-1.728148E+0
-1.729618E+0
-1.729618E+0
-1.729618E+0
-1.725208E+0
-1.720798E+0
-1.713448E+0
-1.707568E+0
-1.700218E+0
-1.695808E+0
-1.691398E+0
-1.688458E+0
-1.686988E+0
-1.686988E+0
-1.686988E+0
-1.686988E+0
-1.688458E+0
-1.691398E+0
-1.695808E+0
-1.701688E+0
-1.710508E+0
-1.722268E+0
-1.738438E+0
-1.754608E+0
-1.772248E+0
-1.789888E+0
-1.807528E+0
-1.822228E+0
-1.835458E+0
-1.845748E+0
-1.854568E+0
-1.861918E+0
-1.869268E+0
-1.878088E+0
-1.885438E+0
-1.892788E+0
-1.900138E+0
-1.907488E+0
-1.910428E+0
-1.910428E+0
-1.907488E+0
-1.900138E+0
-1.891318E+0
-1.879558E+0
-1.867798E+0
-1.854568E+0
-1.844278E+0
-1.835458E+0
-1.829578E+0
-1.826638E+0
-1.825168E+0
-1.826638E+0
-1.828108E+0
-1.831048E+0
-1.833988E+0
-1.836928E+0
-1.839868E+0
-1.841338E+0
-1.844278E+0
-1.848688E+0
-1.853098E+0
-1.860448E+0
-1.867798E+0
-1.876618E+0
-1.885438E+0
-1.895728E+0
-1.903078E+0
-1.908958E+0
-1.908958E+0
-1.906018E+0
-1.897198E+0
-1.883968E+0
-1.869268E+0
-1.854568E+0
-1.842808E+0
-1.833988E+0
-1.831048E+0
-1.835458E+0
-1.847218E+0
-1.863388E+0
-1.885438E+0
-1.910428E+0
-1.936888E+0
-1.963348E+0
-1.986868E+0
-2.008918E+0
-2.028028E+0
-2.042728E+0
-2.055958E+0
-2.066248E+0
-2.075068E+0
-2.083888E+0
-2.089768E+0
-2.094178E+0
-2.097118E+0
-2.097118E+0
-2.095648E+0
-2.092708E+0
-2.088298E+0
-2.082418E+0
-2.076538E+0
-2.070658E+0
-2.064778E+0
-2.058898E+0
-2.055958E+0
-2.054488E+0
-2.055958E+0
-2.061838E+0
-2.070658E+0
-2.083888E+0
-2.098588E+0
-2.113288E+0
-2.127988E+0
-2.139748E+0
-2.148568E+0
-2.154448E+0
-2.155918E+0
-2.154448E+0
-2.151508E+0
-2.147098E+0
-2.141218E+0
-2.135338E+0
-2.129458E+0
-2.122108E+0
-2.114758E+0
-2.104468E+0
-2.094178E+0
-2.082418E+0
-2.070658E+0
-2.057428E+0
-2.042728E+0
-2.028028E+0
-2.014798E+0
-2.003038E+0
-1.994218E+0
-1.985398E+0
-1.980988E+0
-1.979518E+0
-1.980988E+0
-1.982458E+0
-1.986868E+0
-1.992748E+0
-1.998628E+0
-2.005978E+0
-2.013328E+0
-2.023618E+0
-2.035378E+0
-2.048608E+0
-2.063308E+0
-2.079478E+0
-2.095648E+0
-2.111818E+0
-2.125048E+0
-2.135338E+0
-2.142688E+0
-2.147098E+0
-2.148568E+0
-2.145628E+0
-2.142688E+0
-2.138278E+0
-2.133868E+0
-2.129458E+0
-2.127988E+0
-2.129458E+0
-2.132398E+0
-2.138278E+0
-2.145628E+0
-2.157388E+0
-2.169148E+0
-2.182378E+0
-2.197078E+0
-2.210308E+0
-2.223538E+0
-2.235298E+0
-2.244118E+0
-2.249998E+0
-2.252938E+0
-2.252938E+0
-2.251468E+0
-2.248528E+0
-2.245588E+0
-2.242648E+0
-2.241178E+0
-2.242648E+0
-2.244118E+0
-2.249998E+0
-2.255878E+0
-2.263228E+0
-2.267638E+0
-2.272048E+0
-2.274988E+0
-2.273518E+0
-2.269108E+0
-2.263228E+0
-2.254408E+0
-2.244118E+0
-2.232358E+0
-2.222068E+0
-2.213248E+0
-2.207368E+0
-2.202958E+0
-2.201488E+0
-2.201488E+0
-2.205898E+0
-2.210308E+0
-2.216188E+0
-2.220598E+0
-2.223538E+0
-2.223538E+0
-2.222068E+0
-2.217658E+0
-2.213248E+0
-2.210308E+0
-2.208838E+0
-2.211778E+0
-2.219128E+0
-2.229418E+0
-2.242648E+0
-2.255878E+0
-2.269108E+0
-2.280868E+0
-2.289688E+0
-2.294098E+0
-2.294098E+0
-2.292628E+0
-2.289688E+0
-2.283808E+0
-2.279398E+0
-2.274988E+0
-2.272048E+0
-2.273518E+0
-2.277928E+0
-2.286748E+0
-2.298508E+0
-2.314678E+0
-2.332318E+0
-2.351428E+0
-2.370538E+0
-2.386708E+0
-2.401408E+0
-2.414638E+0
-2.423458E+0
-2.430808E+0
-2.435218E+0
-2.436688E+0
-2.438158E+0
-2.436688E+0
-2.435218E+0
-2.432278E+0
-2.429338E+0
-2.426398E+0
-2.423458E+0
-2.420518E+0
-2.417578E+0
-2.417578E+0
-2.419048E+0
-2.420518E+0
-2.424928E+0
-2.429338E+0
-2.433748E+0
-2.439628E+0
-2.444038E+0
-2.448448E+0
-2.452858E+0
-2.457268E+0
-2.461678E+0
-2.467558E+0
-2.473438E+0
-2.480788E+0
-2.488138E+0
-2.496958E+0
-2.507248E+0
-2.519008E+0
-2.530768E+0
-2.541058E+0
-2.551348E+0
-2.558698E+0
-2.561638E+0
-2.561638E+0
-2.555758E+0
-2.545468E+0
-2.532238E+0
-2.516068E+0
-2.501368E+0
-2.489608E+0
-2.480788E+0
-2.474908E+0
-2.473438E+0
-2.476378E+0
-2.482258E+0
-2.488138E+0
-2.495488E+0
-2.499898E+0
-2.502838E+0
-2.501368E+0
-2.495488E+0
-2.486668E+0
-2.476378E+0
-2.463148E+0
-2.451388E+0
-2.441098E+0
-2.432278E+0
-2.427868E+0
-2.426398E+0
-2.427868E+0
-2.430808E+0
-2.433748E+0
-2.435218E+0
-2.436688E+0
-2.435218E+0
-2.433748E+0
-2.433748E+0
-2.435218E+0
-2.436688E+0
-2.442568E+0
-2.448448E+0
-2.454328E+0
-2.458738E+0
-2.461678E+0
-2.463148E+0
-2.461678E+0
-2.460208E+0
-2.454328E+0
-2.449918E+0
-2.444038E+0
-2.438158E+0
-2.433748E+0
-2.430808E+0
-2.430808E+0
-2.433748E+0
-2.441098E+0
-2.452858E+0
-2.470498E+0
-2.492548E+0
-2.520478E+0
-2.552818E+0
-2.586628E+0
-2.618968E+0
-2.652778E+0
-2.682178E+0
-2.708638E+0
-2.729218E+0
-2.745388E+0
-2.757148E+0
-2.764498E+0
-2.768908E+0
-2.770378E+0
-2.768908E+0
-2.764498E+0
-2.757148E+0
-2.746858E+0
-2.733628E+0
-2.718928E+0
-2.701288E+0
-2.682178E+0
-2.661598E+0
-2.643958E+0
-2.626318E+0
-2.611618E+0
-2.598388E+0
-2.586628E+0
-2.579278E+0
-2.573398E+0
-2.567518E+0
-2.564578E+0
-2.564578E+0
-2.564578E+0
-2.566048E+0
-2.568988E+0
-2.573398E+0
-2.579278E+0
-2.586628E+0
-2.592508E+0
-2.598388E+0
-2.602798E+0
-2.604268E+0
-2.605738E+0
-2.607208E+0
-2.607208E+0
-2.608678E+0
-2.608678E+0
-2.608678E+0
-2.608678E+0
-2.607208E+0
-2.605738E+0
-2.602798E+0
-2.598388E+0
-2.595448E+0
-2.592508E+0
-2.589568E+0
-2.588098E+0
-2.586628E+0
-2.586628E+0
-2.585158E+0
-2.585158E+0
-2.586628E+0
-2.588098E+0
-2.592508E+0
-2.599858E+0
-2.608678E+0
-2.620438E+0
-2.632198E+0
-2.645428E+0
-2.655718E+0
-2.663068E+0
-2.667478E+0
-2.667478E+0
-2.663068E+0
-2.657188E+0
-2.649838E+0
-2.645428E+0
-2.643958E+0
-2.646898E+0
-2.652778E+0
-2.664538E+0
-2.676298E+0
-2.690998E+0
-2.704228E+0
-2.714518E+0
-2.721868E+0
-2.727748E+0
-2.732158E+0
-2.738038E+0
-2.745388E+0
-2.754208E+0
-2.765968E+0
-2.780668E+0
-2.793898E+0
-2.810068E+0
-2.824768E+0
-2.840938E+0
-2.855638E+0
-2.867398E+0
-2.879158E+0
-2.886508E+0
-2.890918E+0
-2.887978E+0
-2.880628E+0
-2.870338E+0
-2.857108E+0
-2.843878E+0
-2.835058E+0
-2.832118E+0
-2.835058E+0
-2.845348E+0
-2.862988E+0
-2.886508E+0
-2.914438E+0
-2.942368E+0
-2.971768E+0
-2.998228E+0
-3.020278E+0
-3.039388E+0
-3.051148E+0
-3.058498E+0
-3.058498E+0
-3.051148E+0
-3.037918E+0
-3.018808E+0
-2.993818E+0
-2.965888E+0
-2.933548E+0
-2.902678E+0
-2.871808E+0
-2.843878E+0
-2.821828E+0
-2.804188E+0
-2.792428E+0
-2.786548E+0
-2.785078E+0
-2.790958E+0
-2.799778E+0
-2.811538E+0
-2.827708E+0
-2.846818E+0
-2.868868E+0
-2.892388E+0
-2.918848E+0
-2.945308E+0
-2.973238E+0
-2.999698E+0
-3.024688E+0
-3.048208E+0
-3.067318E+0
-3.080548E+0
-3.087898E+0
-3.086428E+0
-3.079078E+0
-3.064378E+0
-3.046738E+0
-3.026158E+0
-3.007048E+0
-2.990878E+0
-2.980588E+0
-2.976178E+0
-2.977648E+0
-2.984998E+0
-2.993818E+0
-3.004108E+0
-3.014398E+0
-3.023218E+0
-3.030568E+0
-3.034978E+0
-3.036448E+0
-3.036448E+0
-3.032038E+0
-3.024688E+0
-3.011458E+0
-2.995288E+0
-2.974708E+0
-2.951188E+0
-2.927668E+0
-2.904148E+0
-2.885038E+0
-2.870338E+0
-2.860048E+0
-2.857108E+0
-2.858578E+0
-2.865928E+0
-2.876218E+0
-2.889448E+0
-2.904148E+0
-2.920318E+0
-2.936488E+0
-2.952658E+0
-2.968828E+0
-2.986468E+0
-3.005578E+0
-3.026158E+0
-3.048208E+0
-3.070258E+0
-3.092308E+0
-3.114358E+0
-3.131998E+0
-3.145228E+0
-3.155518E+0
-3.159928E+0
-3.159928E+0
-3.156988E+0
-3.149638E+0
-3.142288E+0
-3.134938E+0
-3.129058E+0
-3.123178E+0
-3.118768E+0
-3.117298E+0
-3.115828E+0
-3.115828E+0
-3.115828E+0
-3.115828E+0
-3.117298E+0
-3.120238E+0
-3.126118E+0
-3.134938E+0
-3.145228E+0
-3.155518E+0
-3.164338E+0
-3.168748E+0
-3.167278E+0
-3.159928E+0
-3.146698E+0
-3.126118E+0
-3.102598E+0
-3.079078E+0
-3.058498E+0
-3.042328E+0
-3.032038E+0
-3.032038E+0
-3.039388E+0
-3.052618E+0
-3.070258E+0
-3.090838E+0
-3.112888E+0
-3.133468E+0
-3.151108E+0
-3.167278E+0
-3.180508E+0
-3.192268E+0
-3.204028E+0
-3.214318E+0
-3.223138E+0
-3.231958E+0
-3.239308E+0
-3.245188E+0
-3.252538E+0
-3.256948E+0
-3.262828E+0
-3.268708E+0
-3.276058E+0
-3.284878E+0
-3.295168E+0
-3.306928E+0
-3.318688E+0
-3.331918E+0
-3.342208E+0
-3.352498E+0
-3.358378E+0
-3.362788E+0
-3.362788E+0
-3.359848E+0
-3.352498E+0
-3.343678E+0
-3.333388E+0
-3.323098E+0
-3.311338E+0
-3.298108E+0
-3.283408E+0
-3.270178E+0
-3.255478E+0
-3.242248E+0
-3.233428E+0
-3.226078E+0
-3.224608E+0
-3.226078E+0
-3.229018E+0
-3.229018E+0
-3.223138E+0
-3.205498E+0
-3.177568E+0
-3.133468E+0
-3.079078E+0
-3.015868E+0
-2.952658E+0
-2.895328E+0
-2.849758E+0
-2.820358E+0
-2.813008E+0
-2.829178E+0
-2.871808E+0
-2.940898E+0
-3.036448E+0
-3.159928E+0
-3.312808E+0
-3.492148E+0
-3.697948E+0
-3.931678E+0
-4.191868E+0
-4.479988E+0
-4.793098E+0
-5.135608E+0
-5.508988E+0
-5.919118E+0
-6.371878E+0
-6.886378E+0
-7.477318E+0
-8.187328E+0
-9.082558E+0
-1.033206E+1
-1.265907E+1
-2.050005E+1
-2.050005E+1
-2.050005E+1
-2.050005E+1
-2.050005E+1
-2.050005E+1
-2.050005E+1
-2.050005E+1
-2.050005E+1
-2.050005E+1
-2.050005E+1
-2.050005E+1
-2.050005E+1
-2.050005E+1
-1.572843E+1
-1.342494E+1
-1.284135E+1
-1.284135E+1
-1.342494E+1
-1.493022E+1
-2.050005E+1
-2.050005E+1
-2.050005E+1
-2.050005E+1
-2.050005E+1
-2.050005E+1
-2.050005E+1
-2.050005E+1
-2.050005E+1
-2.050005E+1
-2.050005E+1
-1.369101E+1
-1.204902E+1
-1.109499E+1
-1.047759E+1
-1.001454E+1
-9.722008E+0
-9.575008E+0
-9.575008E+0
-9.722008E+0
-1.003218E+1
-1.054374E+1
-1.140222E+1
-1.290750E+1
-1.899477E+1
-2.050005E+1
-2.050005E+1
-2.050005E+1
-2.050005E+1
-2.050005E+1
-2.050005E+1
-1.422315E+1
-1.271787E+1
-1.200492E+1
-1.171974E+1
-1.171974E+1
-1.191966E+1
-1.243563E+1
-1.318680E+1
-1.476852E+1
-2.050005E+1
-2.050005E+1
-2.050005E+1
-2.050005E+1
-2.050005E+1
-2.050005E+1
-2.050005E+1
-2.050005E+1
-2.050005E+1
-2.050005E+1
-2.050005E+1
-2.050005E+1
-2.050005E+1
-2.050005E+1
-2.050005E+1
-2.050005E+1
-2.050005E+1
-2.050005E+1
-2.050005E+1
-2.050005E+1
-2.050005E+1
-2.050005E+1
-2.050005E+1
-2.050005E+1
-2.050005E+1
-2.050005E+1
-2.050005E+1
-2.050005E+1
-2.050005E+1
-2.050005E+1
-2.050005E+1
-2.050005E+1
-2.050005E+1
-2.050005E+1
-2.050005E+1
-1.700439E+1
-1.388799E+1
-1.265907E+1
-1.196082E+1
-1.153746E+1
-1.133607E+1
-1.124346E+1
-1.121259E+1
-1.121259E+1
-1.121259E+1
-1.121259E+1
-1.118319E+1
-1.115379E+1
-1.118319E+1
-1.127433E+1
-1.146837E+1
-1.183734E+1
-1.233273E+1
-1.304274E+1
-1.410555E+1
-1.529331E+1
-1.598421E+1
-1.572843E+1
-1.447893E+1
-1.359840E+1
-1.290750E+1
-1.248855E+1
-1.228275E+1
-1.233273E+1
-1.260027E+1
-1.326324E+1
-1.434663E+1
-1.700439E+1
-2.050005E+1
-2.050005E+1
-2.050005E+1
-2.050005E+1
-2.050005E+1
-2.050005E+1
-2.050005E+1
-2.050005E+1
-2.050005E+1
-2.050005E+1
-2.050005E+1
-2.050005E+1
-2.050005E+1
-2.050005E+1
-2.050005E+1
-2.050005E+1
-2.050005E+1
-2.050005E+1
-2.050005E+1
-2.050005E+1
-2.050005E+1
-2.050005E+1
-2.050005E+1
-2.050005E+1
-2.050005E+1
-2.050005E+1
-2.050005E+1
-2.050005E+1
-2.050005E+1
-2.050005E+1
-2.050005E+1
-2.050005E+1
-2.050005E+1
-2.050005E+1
-2.050005E+1
-2.050005E+1
-2.050005E+1
-2.050005E+1
-2.050005E+1
-2.050005E+1
-2.050005E+1
-2.050005E+1
-2.050005E+1
-2.050005E+1
-2.050005E+1
-2.050005E+1
-2.050005E+1
-2.050005E+1
-2.050005E+1
-2.050005E+1
-2.050005E+1
-2.050005E+1
-2.050005E+1
-2.050005E+1
-2.050005E+1
-2.050005E+1
-1.510368E+1
-1.359840E+1
-1.297365E+1
-1.284135E+1
-1.297365E+1
-1.359840E+1
-1.510368E+1
-2.050005E+1
-2.050005E+1
-2.050005E+1
-2.050005E+1
-2.050005E+1
-2.050005E+1
-2.050005E+1
-2.050005E+1
-1.461858E+1
-1.326324E+1
-1.265907E+1
-1.248855E+1
-1.265907E+1
-1.351020E+1
-1.627380E+1
-2.050005E+1
-2.050005E+1
-2.050005E+1
-2.050005E+1
-2.050005E+1
-2.050005E+1
-2.050005E+1
-2.050005E+1
-2.050005E+1
-2.050005E+1
-2.050005E+1
-2.050005E+1
-2.050005E+1
-2.050005E+1
-2.050005E+1
-2.050005E+1
-2.050005E+1
-2.050005E+1
-2.050005E+1
-2.050005E+1
-1.899477E+1
-1.700439E+1
-1.660896E+1
-1.748949E+1
-2.050005E+1
-2.050005E+1
-2.050005E+1
-2.050005E+1
-2.050005E+1
-2.050005E+1
-2.050005E+1
-2.050005E+1
-2.050005E+1
-2.050005E+1
-2.050005E+1
-2.050005E+1
-2.050005E+1
-2.050005E+1
-2.050005E+1
-2.050005E+1
-2.050005E+1
-2.050005E+1
-2.050005E+1
-2.050005E+1
-2.050005E+1
-2.050005E+1
-2.050005E+1
-2.050005E+1
-2.050005E+1
-2.050005E+1
-2.050005E+1
-2.050005E+1
-2.050005E+1
-2.050005E+1
-2.050005E+1
-2.050005E+1
-2.050005E+1
-2.050005E+1
-2.050005E+1
-2.050005E+1
-2.050005E+1
-2.050005E+1
-2.050005E+1
-2.050005E+1
-2.050005E+1
-2.050005E+1
-2.050005E+1
-2.050005E+1
-2.050005E+1
-2.050005E+1
-2.050005E+1
-2.050005E+1
-2.050005E+1
-2.050005E+1
-1.493022E+1
-1.359840E+1
-1.318680E+1
-1.334262E+1
-1.399383E+1
-1.660896E+1
-2.050005E+1
-2.050005E+1
-2.050005E+1
-2.050005E+1
-2.050005E+1
-2.050005E+1
-2.050005E+1
-2.050005E+1
-2.050005E+1
-2.050005E+1
-2.050005E+1
-2.050005E+1
-2.050005E+1
-2.050005E+1
-1.378803E+1
-1.187850E+1
-1.087743E+1
-1.017624E+1
-9.663208E+0
-9.272188E+0
-8.972308E+0
-8.757688E+0
-8.653318E+0
-8.662138E+0
-8.797378E+0
-9.070798E+0
-9.533848E+0
-1.029237E+1
-1.168152E+1
-1.748949E+1
-2.050005E+1
-2.050005E+1
-2.050005E+1
-2.050005E+1
-2.050005E+1
-2.050005E+1
-2.050005E+1
-2.050005E+1
-2.050005E+1
-2.050005E+1
-2.050005E+1
-2.050005E+1
-2.050005E+1
-1.399383E+1
-1.260027E+1
-1.209312E+1
-1.196082E+1
-1.213869E+1
-1.260027E+1
-1.342494E+1
-1.493022E+1
-1.899477E+1
-2.050005E+1
-2.050005E+1
-2.050005E+1
-2.050005E+1
-2.050005E+1
-2.050005E+1
-2.050005E+1
-2.050005E+1
-2.050005E+1
-2.050005E+1
-2.050005E+1
-2.050005E+1
-2.050005E+1
-2.050005E+1
-2.050005E+1
-2.050005E+1
-2.050005E+1
-2.050005E+1
-2.050005E+1
-2.050005E+1
-2.050005E+1
-2.050005E+1
-2.050005E+1
-2.050005E+1
-2.050005E+1
-2.050005E+1
-2.050005E+1
-2.050005E+1
-1.369101E+1
-1.271787E+1
-1.254441E+1
-1.277961E+1
-1.342494E+1
-1.476852E+1
-2.050005E+1
-2.050005E+1
-2.050005E+1
-2.050005E+1
-2.050005E+1
-2.050005E+1
-2.050005E+1
-2.050005E+1
-2.050005E+1
-2.050005E+1
-2.050005E+1
-2.050005E+1
-2.050005E+1
-2.050005E+1
-2.050005E+1
-2.050005E+1
-2.050005E+1
-2.050005E+1
-2.050005E+1
-2.050005E+1
-2.050005E+1
-2.050005E+1
-2.050005E+1
-2.050005E+1
-2.050005E+1
-2.050005E+1
-2.050005E+1
-2.050005E+1
-1.493022E+1
-1.399383E+1
-1.410555E+1
-1.529331E+1
-2.050005E+1
-2.050005E+1
-2.050005E+1
-2.050005E+1
-2.050005E+1
-2.050005E+1
-2.050005E+1
-2.050005E+1
-2.050005E+1
-1.510368E+1
-1.342494E+1
-1.254441E+1
-1.196082E+1
-1.157274E+1
-1.127433E+1
-1.106706E+1
-1.093035E+1
-1.093035E+1
-1.103913E+1
-1.130520E+1
-1.183734E+1
-1.284135E+1
-1.549911E+1
-2.050005E+1
-2.050005E+1
-2.050005E+1
-2.050005E+1
-2.050005E+1
-2.050005E+1
-2.050005E+1
-2.050005E+1
-2.050005E+1
-2.050005E+1
-2.050005E+1
-2.050005E+1
-2.050005E+1
-2.050005E+1
-2.050005E+1
-2.050005E+1
-2.050005E+1
-2.050005E+1
-2.050005E+1
-2.050005E+1
-2.050005E+1
-2.050005E+1
-2.050005E+1
-2.050005E+1
-2.050005E+1
-2.050005E+1
-2.050005E+1
-2.050005E+1
-2.050005E+1
-2.050005E+1
-2.050005E+1
-2.050005E+1
-2.050005E+1
-2.050005E+1
-2.050005E+1
-2.050005E+1
-2.050005E+1
-2.050005E+1
-2.050005E+1
-2.050005E+1
-2.050005E+1
-2.050005E+1
-1.529331E+1
-1.342494E+1
-1.254441E+1
-1.204902E+1
-1.168152E+1
-1.150218E+1
-1.146837E+1
-1.160802E+1
-1.200492E+1
-1.284135E+1
-1.510368E+1
-2.050005E+1
-2.050005E+1
-2.050005E+1
-2.050005E+1
-2.050005E+1
-2.050005E+1
-2.050005E+1
-2.050005E+1
-2.050005E+1
-2.050005E+1
-2.050005E+1
-2.050005E+1
-2.050005E+1
-2.050005E+1
-2.050005E+1
-2.050005E+1
-2.050005E+1
-2.050005E+1
-2.050005E+1
-2.050005E+1
-2.050005E+1
-2.050005E+1
-2.050005E+1
-2.050005E+1
-2.050005E+1
-2.050005E+1
-2.050005E+1
-2.050005E+1
-2.050005E+1
-2.050005E+1
-2.050005E+1
-2.050005E+1
-2.050005E+1
-2.050005E+1
-2.050005E+1
-2.050005E+1
-2.050005E+1
-2.050005E+1
-2.050005E+1
-2.050005E+1
-2.050005E+1
-2.050005E+1
-2.050005E+1
-2.050005E+1
-2.050005E+1
-2.050005E+1
-2.050005E+1
-2.050005E+1
-2.050005E+1
-2.050005E+1
-2.050005E+1
-2.050005E+1
-2.050005E+1
-2.050005E+1
-2.050005E+1
-2.050005E+1
-2.050005E+1
-2.050005E+1
-2.050005E+1
-2.050005E+1
-2.050005E+1
-2.050005E+1
-2.050005E+1
-2.050005E+1
-2.050005E+1
-2.050005E+1
-2.050005E+1
-2.050005E+1
-2.050005E+1
-2.050005E+1
-2.050005E+1
-2.050005E+1
-2.050005E+1
-2.050005E+1
-2.050005E+1
-2.050005E+1
-1.334262E+1
-1.204902E+1
-1.157274E+1
-1.153746E+1
-1.196082E+1
-1.326324E+1
-2.050005E+1
-2.050005E+1
-2.050005E+1
-2.050005E+1
-2.050005E+1
-2.050005E+1
-2.050005E+1
-2.050005E+1
-2.050005E+1
-2.050005E+1
-2.050005E+1
-2.050005E+1
-2.050005E+1
-2.050005E+1
-2.050005E+1
-2.050005E+1
-2.050005E+1
-2.050005E+1
-2.050005E+1
-2.050005E+1
-2.050005E+1
-2.050005E+1
-2.050005E+1
-2.050005E+1
-2.050005E+1
-2.050005E+1
-2.050005E+1
-2.050005E+1
-2.050005E+1
-2.050005E+1
-2.050005E+1
-2.050005E+1
-2.050005E+1
-2.050005E+1
-2.050005E+1
-2.050005E+1
-2.050005E+1
-2.050005E+1
-2.050005E+1
-2.050005E+1
-2.050005E+1
-2.050005E+1
-2.050005E+1
-2.050005E+1
-2.050005E+1
-2.050005E+1
-2.050005E+1
-2.050005E+1
-2.050005E+1
-2.050005E+1
-1.297365E+1
-1.133607E+1
-1.043496E+1
-9.879298E+0
-9.492688E+0
-9.235438E+0
-9.094318E+0
-9.082558E+0
-9.186928E+0
-9.451528E+0
-9.929278E+0
-1.085244E+1
-1.304274E+1
-2.050005E+1
-2.050005E+1
-2.050005E+1
-2.050005E+1
-2.050005E+1
-2.050005E+1
-2.050005E+1
-2.050005E+1
-2.050005E+1
-2.050005E+1
-2.050005E+1
-2.050005E+1
-2.050005E+1
-2.050005E+1
-2.050005E+1
-2.050005E+1
-2.050005E+1
-2.050005E+1
-2.050005E+1
-2.050005E+1
-2.050005E+1
-2.050005E+1
-2.050005E+1
-2.050005E+1
-2.050005E+1
-2.050005E+1
-2.050005E+1
-2.050005E+1
-2.050005E+1
-2.050005E+1
-2.050005E+1
-2.050005E+1
-2.050005E+1
-2.050005E+1
-2.050005E+1
-2.050005E+1
-1.359840E+1
-1.115379E+1
-9.963088E+0
-9.247198E+0
-8.787088E+0
-8.509258E+0
-8.399008E+0
-8.432818E+0
-8.616568E+0
-8.962018E+0
-9.519148E+0
-1.037322E+1
-1.191966E+1
-2.050005E+1
-2.050005E+1
-2.050005E+1
-2.050005E+1
-2.050005E+1
-2.050005E+1
-2.050005E+1
-2.050005E+1
-2.050005E+1
-2.050005E+1
-2.050005E+1
-2.050005E+1
-2.050005E+1
-2.050005E+1
-2.050005E+1
-2.050005E+1
-2.050005E+1
-2.050005E+1
-2.050005E+1
-2.050005E+1
-2.050005E+1
-1.700439E+1
-1.334262E+1
-1.238271E+1
-1.204902E+1
-1.218573E+1
-1.297365E+1
-1.572843E+1
-2.050005E+1
-2.050005E+1
-2.050005E+1
-2.050005E+1
-2.050005E+1
-2.050005E+1
-2.050005E+1
-2.050005E+1
-2.050005E+1
-2.050005E+1
-2.050005E+1
-2.050005E+1
-2.050005E+1
-2.050005E+1
-2.050005E+1
-2.050005E+1
-2.050005E+1
-2.050005E+1
-2.050005E+1
-2.050005E+1
-2.050005E+1
-1.529331E+1
-1.304274E+1
-1.183734E+1
-1.095681E+1
-1.029237E+1
-9.816088E+0
-9.451528E+0
-9.198688E+0
-9.038458E+0
-8.972308E+0
-9.004648E+0
-9.151648E+0
-9.411838E+0
-9.863128E+0
-1.058784E+1
-1.191966E+1
-1.811424E+1
-2.050005E+1
-2.050005E+1
-2.050005E+1
-2.050005E+1
-2.050005E+1
-2.050005E+1
-2.050005E+1
-2.050005E+1
-2.050005E+1
-2.050005E+1
-2.050005E+1
-2.050005E+1
-2.050005E+1
-2.050005E+1
-2.050005E+1
-2.050005E+1
-2.050005E+1
-2.050005E+1
-2.050005E+1
-2.050005E+1
-2.050005E+1
-2.050005E+1
-2.050005E+1
-2.050005E+1
-2.050005E+1
-2.050005E+1
-2.050005E+1
-2.050005E+1
-2.050005E+1
-2.050005E+1
-2.050005E+1
-2.050005E+1
-2.050005E+1
-2.050005E+1
-2.050005E+1
-1.529331E+1
-1.233273E+1
-1.109499E+1
-1.035264E+1
-9.879298E+0
-9.604408E+0
-9.505918E+0
-9.589708E+0
-9.863128E+0
-1.043496E+1
-1.146837E+1
-1.399383E+1
-2.050005E+1
-2.050005E+1
-2.050005E+1
-2.050005E+1
-2.050005E+1
-2.050005E+1
-2.050005E+1
-2.050005E+1
-2.050005E+1
-2.050005E+1
-2.050005E+1
-2.050005E+1
-2.050005E+1
-2.050005E+1
-2.050005E+1
-2.050005E+1
-2.050005E+1
-2.050005E+1
-2.050005E+1
-2.050005E+1
-2.050005E+1
-2.050005E+1
-2.050005E+1
-2.050005E+1
-2.050005E+1
-2.050005E+1
-2.050005E+1
-2.050005E+1
-1.476852E+1
-1.318680E+1
-1.254441E+1
-1.213869E+1
-1.183734E+1
-1.150218E+1
-1.118319E+1
-1.087743E+1
-1.056579E+1
-1.031148E+1
-1.008510E+1
-9.913108E+0
-9.799918E+0
-9.707308E+0
-9.648508E+0
-9.619108E+0
-9.604408E+0
-9.648508E+0
-9.738178E+0
-9.879298E+0
-1.010274E+1
-1.041438E+1
-1.087743E+1
-1.150218E+1
-1.233273E+1
-1.342494E+1
-1.529331E+1
-2.050005E+1
-2.050005E+1
-2.050005E+1
-2.050005E+1
-2.050005E+1
-2.050005E+1
-2.050005E+1
-2.050005E+1
-2.050005E+1
-2.050005E+1
-2.050005E+1
-2.050005E+1
-2.050005E+1
-2.050005E+1
-2.050005E+1
-2.050005E+1
-2.050005E+1
-2.050005E+1
-2.050005E+1
-1.461858E+1
-1.318680E+1
-1.284135E+1
-1.297365E+1
-1.342494E+1
-1.434663E+1
-1.529331E+1
-1.572843E+1
-1.447893E+1
-1.311330E+1
-1.191966E+1
-1.098327E+1
-1.023357E+1
-9.677908E+0
-9.283948E+0
-9.004648E+0
-8.837068E+0
-8.757688E+0
-8.747398E+0
-8.806198E+0
-8.909098E+0
-9.048748E+0
-9.222208E+0
-9.438298E+0
-9.752878E+0
-1.019535E+1
-1.093035E+1
-1.228275E+1
-1.899477E+1
-2.050005E+1
-2.050005E+1
-2.050005E+1
-2.050005E+1
-2.050005E+1
-2.050005E+1
-2.050005E+1
-2.050005E+1
-2.050005E+1
-1.290750E+1
-1.136841E+1
-1.080099E+1
-1.072749E+1
-1.112439E+1
-1.233273E+1
-2.050005E+1
-2.050005E+1
-2.050005E+1
-2.050005E+1
-2.050005E+1
-2.050005E+1
-2.050005E+1
-2.050005E+1
-2.050005E+1
-2.050005E+1
-2.050005E+1
-2.050005E+1
-2.050005E+1
-2.050005E+1
-2.050005E+1
-2.050005E+1
-2.050005E+1
-2.050005E+1
-2.050005E+1
-2.050005E+1
-2.050005E+1
-2.050005E+1
-2.050005E+1
-2.050005E+1
-2.050005E+1
-2.050005E+1
-2.050005E+1
-2.050005E+1
-2.050005E+1
-2.050005E+1
-2.050005E+1
-2.050005E+1
-2.050005E+1
-2.050005E+1
-2.050005E+1
-2.050005E+1
-2.050005E+1
-2.050005E+1
-2.050005E+1
-2.050005E+1
-2.050005E+1
-2.050005E+1
-2.050005E+1
-2.050005E+1
-2.050005E+1
-2.050005E+1
-2.050005E+1
-2.050005E+1
-2.050005E+1
-2.050005E+1
-2.050005E+1
-2.050005E+1
-2.050005E+1
-2.050005E+1
-2.050005E+1
-2.050005E+1
-2.050005E+1
-2.050005E+1
-2.050005E+1
-2.050005E+1
-2.050005E+1
-2.050005E+1
-2.050005E+1
-2.050005E+1
-2.050005E+1
-2.050005E+1
-2.050005E+1
-2.050005E+1
-2.050005E+1
-2.050005E+1
-2.050005E+1
-1.378803E+1
-1.233273E+1
-1.150218E+1
-1.093035E+1
-1.049964E+1
-1.017624E+1
-9.963088E+0
-9.830788E+0
-9.799918E+0
-9.846958E+0
-9.996898E+0
-1.025268E+1
-1.063341E+1
-1.124346E+1
-1.218573E+1
-1.410555E+1
-2.050005E+1
-2.050005E+1
-2.050005E+1
-2.050005E+1
-2.050005E+1
-2.050005E+1
-2.050005E+1
-2.050005E+1
-2.050005E+1
-2.050005E+1
-2.050005E+1
-2.050005E+1
-2.050005E+1
-2.050005E+1
-2.050005E+1
-2.050005E+1
-2.050005E+1
-2.050005E+1
-2.050005E+1
-2.050005E+1
-2.050005E+1
-2.050005E+1
-2.050005E+1
-2.050005E+1
-2.050005E+1
-2.050005E+1
-2.050005E+1
-2.050005E+1
-2.050005E+1
-2.050005E+1
-2.050005E+1
-2.050005E+1
-2.050005E+1
-2.050005E+1
-2.050005E+1
-2.050005E+1
-2.050005E+1
-2.050005E+1
-1.378803E+1
-1.140222E+1
-1.049964E+1
-1.004982E+1
-9.863128E+0
-9.863128E+0
-1.001454E+1
-1.033206E+1
-1.082745E+1
-1.157274E+1
-1.271787E+1
-1.493022E+1
-2.050005E+1
-2.050005E+1
-2.050005E+1
-2.050005E+1
-2.050005E+1
-2.050005E+1
-2.050005E+1
-2.050005E+1
-2.050005E+1
-2.050005E+1
-1.461858E+1
-1.311330E+1
-1.228275E+1
-1.179765E+1
-1.157274E+1
-1.150218E+1
-1.153746E+1
-1.175796E+1
-1.213869E+1
-1.290750E+1
-1.461858E+1
-2.050005E+1
-2.050005E+1
-2.050005E+1
-2.050005E+1
-2.050005E+1
-2.050005E+1
-2.050005E+1
-2.050005E+1
-2.050005E+1
-2.050005E+1
-2.050005E+1
-2.050005E+1
-2.050005E+1
-2.050005E+1
-2.050005E+1
-2.050005E+1
-2.050005E+1
-2.050005E+1
-2.050005E+1
-2.050005E+1
-2.050005E+1
-2.050005E+1
-1.811424E+1
-1.598421E+1
-1.529331E+1
-1.549911E+1
-1.700439E+1
-2.050005E+1
-2.050005E+1
-2.050005E+1
-2.050005E+1
-2.050005E+1
-2.050005E+1
-2.050005E+1
-1.476852E+1
-1.304274E+1
-1.213869E+1
-1.157274E+1
-1.124346E+1
-1.103913E+1
-1.095681E+1
-1.093035E+1
-1.098327E+1
-1.103913E+1
-1.106706E+1
-1.103913E+1
-1.101120E+1
-1.095681E+1
-1.093035E+1
-1.095681E+1
-1.101120E+1
-1.118319E+1
-1.136841E+1
-1.157274E+1
-1.171974E+1
-1.171974E+1
-1.150218E+1
-1.115379E+1
-1.072749E+1
-1.035264E+1
-1.006746E+1
-9.929278E+0
-9.963088E+0
-1.021446E+1
-1.077747E+1
-1.191966E+1
-1.572843E+1
-2.050005E+1
-2.050005E+1
-2.050005E+1
-2.050005E+1
-2.050005E+1
-2.050005E+1
-2.050005E+1
-2.050005E+1
-2.050005E+1
-2.050005E+1
-2.050005E+1
-2.050005E+1
-2.050005E+1
-2.050005E+1
-2.050005E+1
-2.050005E+1
-2.050005E+1
-2.050005E+1
-2.050005E+1
-2.050005E+1
-2.050005E+1
-2.050005E+1
-2.050005E+1
-2.050005E+1
-2.050005E+1
-2.050005E+1
-2.050005E+1
-2.050005E+1
-2.050005E+1
-2.050005E+1
-2.050005E+1
-1.811424E+1
-1.378803E+1
-1.304274E+1
-1.304274E+1
-1.351020E+1
-1.447893E+1
-1.627380E+1
-2.050005E+1
-2.050005E+1
-2.050005E+1
-2.050005E+1
-2.050005E+1
-2.050005E+1
-2.050005E+1
-2.050005E+1
-2.050005E+1
-2.050005E+1
-2.050005E+1
-2.050005E+1
-2.050005E+1
-2.050005E+1
-2.050005E+1
-2.050005E+1
-2.050005E+1
-2.050005E+1
-2.050005E+1
-2.050005E+1
-2.050005E+1
-2.050005E+1
-2.050005E+1
-2.050005E+1
-2.050005E+1
-2.050005E+1
-1.228275E+1
-1.063341E+1
-9.799918E+0
-9.283948E+0
-8.950258E+0
-8.767978E+0
-8.690068E+0
-8.700358E+0
-8.806198E+0
-9.026698E+0
-9.358918E+0
-9.816088E+0
-1.043496E+1
-1.118319E+1
-1.209312E+1
-1.284135E+1
-1.297365E+1
-1.233273E+1
-1.143456E+1
-1.060989E+1
-9.946918E+0
-9.438298E+0
-9.048748E+0
-8.767978E+0
-8.579818E+0
-8.448988E+0
-8.374018E+0
-8.357848E+0
-8.391658E+0
-8.475448E+0
-8.643028E+0
-8.898808E+0
-9.295708E+0
-9.913108E+0
-1.090389E+1
-1.284135E+1
-2.050005E+1
-2.050005E+1
-2.050005E+1
-2.050005E+1
-2.050005E+1
-2.050005E+1
-2.050005E+1
-2.050005E+1
-1.399383E+1
-1.115379E+1
-9.996898E+0
-9.308938E+0
-8.909098E+0
-8.709178E+0
-8.681248E+0
-8.826778E+0
-9.163408E+0
-9.769048E+0
-1.077747E+1
-1.284135E+1
-2.050005E+1
-2.050005E+1
-2.050005E+1
-2.050005E+1
-2.050005E+1
-2.050005E+1
-2.050005E+1
-2.050005E+1
-2.050005E+1
-2.050005E+1
-2.050005E+1
-1.627380E+1
-1.378803E+1
-1.277961E+1
-1.213869E+1
-1.168152E+1
-1.130520E+1
-1.098327E+1
-1.070397E+1
-1.043496E+1
-1.023357E+1
-1.008510E+1
-1.001454E+1
-9.996898E+0
-1.004982E+1
-1.019535E+1
-1.047759E+1
-1.087743E+1
-1.143456E+1
-1.204902E+1
-1.260027E+1
-1.284135E+1
-1.248855E+1
-1.175796E+1
-1.095681E+1
-1.025268E+1
-9.692608E+0
-9.295708E+0
-9.038458E+0
-8.909098E+0
-8.909098E+0
-8.994358E+0
-9.163408E+0
-9.398608E+0
-9.648508E+0
-9.863128E+0
-1.003218E+1
-1.012185E+1
-1.015860E+1
-1.015860E+1
-1.019535E+1
-1.023357E+1
-1.033206E+1
-1.045554E+1
-1.060989E+1
-1.080099E+1
-1.095681E+1
-1.118319E+1
-1.146837E+1
-1.200492E+1
-1.304274E+1
-1.748949E+1
-2.050005E+1
-2.050005E+1
-2.050005E+1
-2.050005E+1
-2.050005E+1
-2.050005E+1
-2.050005E+1
-2.050005E+1
-2.050005E+1
-2.050005E+1
-2.050005E+1
-2.050005E+1
-2.050005E+1
-2.050005E+1
-2.050005E+1
-2.050005E+1
-2.050005E+1
-2.050005E+1
-2.050005E+1
-2.050005E+1
-2.050005E+1
-2.050005E+1
-2.050005E+1
-2.050005E+1
-2.050005E+1
-2.050005E+1
-2.050005E+1
-2.050005E+1
-2.050005E+1
-2.050005E+1
-2.050005E+1
-1.748949E+1
-1.369101E+1
-1.228275E+1
-1.130520E+1
-1.056579E+1
-9.996898E+0
-9.547078E+0
-9.222208E+0
-9.004648E+0
-8.919388E+0
-8.939968E+0
-9.094318E+0
-9.358918E+0
-9.752878E+0
-1.027326E+1
-1.093035E+1
-1.168152E+1
-1.243563E+1
-1.290750E+1
-1.311330E+1
-1.284135E+1
-1.248855E+1
-1.209312E+1
-1.171974E+1
-1.143456E+1
-1.124346E+1
-1.109499E+1
-1.095681E+1
-1.087743E+1
-1.080099E+1
-1.077747E+1
-1.082745E+1
-1.095681E+1
-1.124346E+1
-1.175796E+1
-1.284135E+1
-1.660896E+1
-2.050005E+1
-2.050005E+1
-2.050005E+1
-2.050005E+1
-2.050005E+1
-2.050005E+1
-2.050005E+1
-2.050005E+1
-2.050005E+1
-2.050005E+1
-2.050005E+1
-2.050005E+1
-2.050005E+1
-2.050005E+1
-2.050005E+1
-2.050005E+1
-1.549911E+1
-1.284135E+1
-1.175796E+1
-1.121259E+1
-1.090389E+1
-1.080099E+1
-1.090389E+1
-1.118319E+1
-1.168152E+1
-1.254441E+1
-1.388799E+1
-1.627380E+1
-2.050005E+1
-2.050005E+1
-1.660896E+1
-1.388799E+1
-1.238271E+1
-1.146837E+1
-1.087743E+1
-1.054374E+1
-1.041438E+1
-1.049964E+1
-1.080099E+1
-1.143456E+1
-1.260027E+1
-1.549911E+1
-2.050005E+1
-2.050005E+1
-2.050005E+1
-2.050005E+1
-2.050005E+1
-2.050005E+1
-1.422315E+1
-1.196082E+1
-1.090389E+1
-1.033206E+1
-1.004982E+1
-1.003218E+1
-1.023357E+1
-1.070397E+1
-1.157274E+1
-1.326324E+1
-2.050005E+1
-2.050005E+1
-2.050005E+1
-2.050005E+1
-2.050005E+1
-2.050005E+1
-2.050005E+1
-1.549911E+1
-1.290750E+1
-1.183734E+1
-1.133607E+1
-1.115379E+1
-1.124346E+1
-1.160802E+1
-1.233273E+1
-1.369101E+1
-1.627380E+1
-2.050005E+1
-2.050005E+1
-1.748949E+1
-1.388799E+1
-1.238271E+1
-1.140222E+1
-1.080099E+1
-1.043496E+1
-1.025268E+1
-1.019535E+1
-1.021446E+1
-1.027326E+1
-1.035264E+1
-1.043496E+1
-1.049964E+1
-1.054374E+1
-1.060989E+1
-1.072749E+1
-1.098327E+1
-1.143456E+1
-1.233273E+1
-1.461858E+1
-2.050005E+1
-2.050005E+1
-2.050005E+1
-2.050005E+1
-2.050005E+1
-2.050005E+1
-2.050005E+1
-2.050005E+1
-2.050005E+1
-2.050005E+1
-2.050005E+1
-2.050005E+1
-2.050005E+1
-2.050005E+1
-2.050005E+1
-2.050005E+1
-2.050005E+1
-2.050005E+1
-2.050005E+1
-2.050005E+1
-2.050005E+1
-2.050005E+1
-2.050005E+1
-2.050005E+1
-2.050005E+1
-2.050005E+1
-2.050005E+1
-2.050005E+1
-2.050005E+1
-2.050005E+1
-2.050005E+1
-2.050005E+1
-2.050005E+1
-2.050005E+1
-2.050005E+1
-2.050005E+1
-2.050005E+1
-2.050005E+1
-2.050005E+1
-2.050005E+1
-2.050005E+1
-2.050005E+1
-2.050005E+1
-2.050005E+1
-2.050005E+1
-2.050005E+1
-2.050005E+1
-1.410555E+1
-1.204902E+1
-1.095681E+1
-1.025268E+1
-9.799918E+0
-9.505918E+0
-9.372148E+0
-9.398608E+0
-9.575008E+0
-9.946918E+0
-1.058784E+1
-1.168152E+1
-1.410555E+1
-2.050005E+1
-2.050005E+1
-2.050005E+1
-2.050005E+1
-2.050005E+1
-2.050005E+1
-2.050005E+1
-2.050005E+1
-2.050005E+1
-2.050005E+1
-2.050005E+1
-2.050005E+1
-2.050005E+1
-2.050005E+1
-2.050005E+1
-2.050005E+1
-2.050005E+1
-2.050005E+1
-1.660896E+1
-1.359840E+1
-1.218573E+1
-1.121259E+1
-1.054374E+1
-1.008510E+1
-9.799918E+0
-9.677908E+0
-9.722008E+0
-9.946918E+0
-1.039380E+1
-1.121259E+1
-1.284135E+1
-2.050005E+1
-2.050005E+1
-2.050005E+1
-2.050005E+1
-2.050005E+1
-2.050005E+1
-2.050005E+1
-2.050005E+1
-2.050005E+1
-2.050005E+1
-2.050005E+1
-2.050005E+1
-2.050005E+1
-1.598421E+1
-1.254441E+1
-1.121259E+1
-1.041438E+1
-9.863128E+0
-9.477988E+0
-9.210448E+0
-9.038458E+0
-8.950258E+0
-8.929678E+0
-8.972308E+0
-9.060508E+0
-9.198688E+0
-9.398608E+0
-9.663208E+0
-9.980728E+0
-1.037322E+1
-1.080099E+1
-1.127433E+1
-1.171974E+1
-1.204902E+1
-1.213869E+1
-1.200492E+1
-1.168152E+1
-1.130520E+1
-1.098327E+1
-1.077747E+1
-1.070397E+1
-1.082745E+1
-1.115379E+1
-1.183734E+1
-1.311330E+1
-1.700439E+1
-2.050005E+1
-2.050005E+1
-2.050005E+1
-2.050005E+1
-2.050005E+1
-2.050005E+1
-2.050005E+1
-2.050005E+1
-1.700439E+1
-1.461858E+1
-1.378803E+1
-1.351020E+1
-1.369101E+1
-1.410555E+1
-1.529331E+1
-1.748949E+1
-2.050005E+1
-2.050005E+1
-2.050005E+1
-1.811424E+1
-1.461858E+1
-1.304274E+1
-1.200492E+1
-1.127433E+1
-1.075248E+1
-1.039380E+1
-1.015860E+1
-1.004982E+1
-1.001454E+1
-1.010274E+1
-1.029237E+1
-1.058784E+1
-1.101120E+1
-1.150218E+1
-1.204902E+1
-1.254441E+1
-1.271787E+1
-1.254441E+1
-1.209312E+1
-1.157274E+1
-1.112439E+1
-1.075248E+1
-1.052169E+1
-1.035264E+1
-1.025268E+1
-1.017624E+1
-1.010274E+1
-9.996898E+0
-9.830788E+0
-9.619108E+0
-9.372148E+0
-9.128128E+0
-8.909098E+0
-8.747398E+0
-8.643028E+0
-8.625388E+0
-8.700358E+0
-8.909098E+0
-9.272188E+0
-9.879298E+0
-1.095681E+1
-1.351020E+1
-2.050005E+1
-2.050005E+1
-2.050005E+1
-2.050005E+1
-2.050005E+1
-2.050005E+1
-2.050005E+1
-2.050005E+1
-2.050005E+1
-2.050005E+1
-2.050005E+1
-2.050005E+1
-2.050005E+1
-2.050005E+1
-2.050005E+1
-1.627380E+1
-1.378803E+1
-1.290750E+1
-1.248855E+1
-1.218573E+1
-1.200492E+1
-1.191966E+1
-1.196082E+1
-1.218573E+1
-1.260027E+1
-1.334262E+1
-1.493022E+1
-2.050005E+1
-2.050005E+1
-2.050005E+1
-2.050005E+1
-2.050005E+1
-2.050005E+1
-2.050005E+1
-2.050005E+1
-2.050005E+1
-2.050005E+1
-2.050005E+1
-2.050005E+1
-2.050005E+1
-2.050005E+1
-2.050005E+1
-2.050005E+1
-2.050005E+1
-2.050005E+1
-2.050005E+1
-2.050005E+1
-2.050005E+1
-2.050005E+1
-2.050005E+1
-2.050005E+1
-2.050005E+1
-2.050005E+1
-2.050005E+1
-2.050005E+1
-2.050005E+1
-2.050005E+1
-2.050005E+1
-2.050005E+1
-2.050005E+1
-2.050005E+1
-2.050005E+1
-2.050005E+1
-2.050005E+1
-2.050005E+1
-2.050005E+1
-2.050005E+1
-2.050005E+1
-2.050005E+1
-2.050005E+1
-2.050005E+1
-2.050005E+1
-2.050005E+1
-2.050005E+1
-2.050005E+1
-2.050005E+1
-1.598421E+1
-1.447893E+1
-1.378803E+1
-1.359840E+1
-1.399383E+1
-1.572843E+1
-2.050005E+1
-2.050005E+1
-2.050005E+1
-2.050005E+1
-2.050005E+1
-2.050005E+1
-2.050005E+1
-2.050005E+1
-2.050005E+1
-2.050005E+1
-2.050005E+1
-2.050005E+1
-2.050005E+1
-2.050005E+1
-2.050005E+1
-2.050005E+1
-2.050005E+1
-2.050005E+1
-2.050005E+1
-2.050005E+1
-2.050005E+1
-2.050005E+1
-2.050005E+1
-2.050005E+1
-2.050005E+1
-2.050005E+1
-2.050005E+1
-2.050005E+1
-2.050005E+1
-2.050005E+1
-2.050005E+1
-2.050005E+1
-2.050005E+1
-2.050005E+1
-2.050005E+1
-2.050005E+1
-2.050005E+1
-2.050005E+1
-2.050005E+1
-2.050005E+1
-2.050005E+1
-2.050005E+1
-2.050005E+1
-2.050005E+1
-2.050005E+1
-2.050005E+1
-2.050005E+1
-2.050005E+1
-2.050005E+1
-2.050005E+1
-2.050005E+1
-1.399383E+1
-1.168152E+1
-1.060989E+1
-9.913108E+0
-9.411838E+0
-9.060508E+0
-8.797378E+0
-8.634208E+0
-8.553358E+0
-8.562178E+0
-8.662138E+0
-8.857648E+0
-9.175168E+0
-9.604408E+0
-1.015860E+1
-1.087743E+1
-1.171974E+1
-1.265907E+1
-1.351020E+1
-1.399383E+1
-1.399383E+1
-1.359840E+1
-1.318680E+1
-1.290750E+1
-1.284135E+1
-1.297365E+1
-1.342494E+1
-1.422315E+1
-1.627380E+1
-2.050005E+1
-2.050005E+1
-2.050005E+1
-2.050005E+1
-2.050005E+1
-1.572843E+1
-1.297365E+1
-1.164477E+1
-1.087743E+1
-1.041438E+1
-1.021446E+1
-1.025268E+1
-1.052169E+1
-1.115379E+1
-1.243563E+1
-1.700439E+1
-2.050005E+1
-2.050005E+1
-2.050005E+1
-2.050005E+1
-2.050005E+1
-2.050005E+1
-2.050005E+1
-2.050005E+1
-2.050005E+1
-2.050005E+1
-2.050005E+1
-2.050005E+1
-2.050005E+1
-2.050005E+1
-2.050005E+1
-2.050005E+1
-2.050005E+1
-2.050005E+1
-2.050005E+1
-2.050005E+1
-2.050005E+1
-2.050005E+1
-2.050005E+1
-2.050005E+1
-2.050005E+1
-2.050005E+1
-2.050005E+1
-2.050005E+1
-2.050005E+1
-2.050005E+1
-2.050005E+1
-2.050005E+1
-2.050005E+1
-2.050005E+1
-2.050005E+1
-2.050005E+1
-2.050005E+1
-2.050005E+1
-2.050005E+1
-2.050005E+1
-2.050005E+1
-2.050005E+1
-2.050005E+1
-2.050005E+1
-2.050005E+1
-2.050005E+1
-2.050005E+1
-2.050005E+1
-2.050005E+1
-1.598421E+1
-1.399383E+1
-1.290750E+1
-1.218573E+1
-1.164477E+1
-1.124346E+1
-1.095681E+1
-1.077747E+1
-1.068045E+1
-1.063341E+1
-1.063341E+1
-1.065693E+1
-1.070397E+1
-1.072749E+1
-1.068045E+1
-1.065693E+1
-1.063341E+1
-1.068045E+1
-1.085244E+1
-1.121259E+1
-1.191966E+1
-1.359840E+1
-2.050005E+1
-2.050005E+1
-2.050005E+1
-2.050005E+1
-2.050005E+1
-2.050005E+1
-2.050005E+1
-2.050005E+1
-2.050005E+1
-2.050005E+1
-2.050005E+1
-2.050005E+1
-2.050005E+1
-2.050005E+1
-2.050005E+1
-2.050005E+1
-2.050005E+1
-2.050005E+1
-2.050005E+1
-2.050005E+1
-2.050005E+1
-2.050005E+1
