Date/Time	2022-06-22 17:43:37
Line location	1
Line name	A1
OTDR wavelength [nm]	1310
OTDR pulse duration [ns]	2
OTDR scan time [s]	10
OTDR scan length [m]	1.500000E+2
Length offset [m]	0.000000E+0
Length increment [m]	3.996806E-2
Switch ID	VIAVI Solutions,OTU 8000E,11654,FO,16.76
OTDR ID	JDSU,OTU 8000E,11654,OTU(SmartOTU),V7.22

Reflected amplitude [dB]
7.326320E-1
7.267520E-1
7.076420E-1
6.620720E-1
6.018020E-1
5.444720E-1
4.944920E-1
4.548020E-1
4.268720E-1
4.092320E-1
3.989420E-1
4.062920E-1
4.356920E-1
4.783220E-1
5.209520E-1
5.577020E-1
5.856320E-1
6.047420E-1
6.179720E-1
6.238520E-1
6.150320E-1
5.826920E-1
5.341820E-1
4.768520E-1
4.092320E-1
3.269120E-1
2.372420E-1
1.505120E-1
7.260200E-2
6.452000E-3
-5.381800E-2
-1.052680E-1
-1.508380E-1
-1.905280E-1
-2.228680E-1
-2.507980E-1
-2.713780E-1
-2.875480E-1
-2.993080E-1
-3.095980E-1
-3.169480E-1
-3.257680E-1
-3.345880E-1
-3.448780E-1
-3.581080E-1
-3.728080E-1
-3.889780E-1
-4.080880E-1
-4.271980E-1
-4.448380E-1
-4.639480E-1
-4.801180E-1
-4.933480E-1
-5.051080E-1
-5.124580E-1
-5.198080E-1
-5.227480E-1
-5.271580E-1
-5.315680E-1
-5.359780E-1
-5.418580E-1
-5.506780E-1
-5.624380E-1
-5.756680E-1
-5.903680E-1
-6.065380E-1
-6.241780E-1
-6.403480E-1
-6.550480E-1
-6.668080E-1
-6.741580E-1
-6.770980E-1
-6.741580E-1
-6.653380E-1
-6.535780E-1
-6.403480E-1
-6.271180E-1
-6.153580E-1
-6.065380E-1
-6.035980E-1
-6.035980E-1
-6.109480E-1
-6.212380E-1
-6.344680E-1
-6.521080E-1
-6.697480E-1
-6.873880E-1
-7.050280E-1
-7.211980E-1
-7.329580E-1
-7.417780E-1
-7.476580E-1
-7.476580E-1
-7.461880E-1
-7.403080E-1
-7.329580E-1
-7.270780E-1
-7.197280E-1
-7.138480E-1
-7.094380E-1
-7.064980E-1
-7.050280E-1
-7.035580E-1
-7.020880E-1
-7.006180E-1
-6.976780E-1
-6.962080E-1
-6.947380E-1
-6.932680E-1
-6.917980E-1
-6.903280E-1
-6.903280E-1
-6.903280E-1
-6.917980E-1
-6.947380E-1
-6.991480E-1
-7.064980E-1
-7.167880E-1
-7.256080E-1
-7.358980E-1
-7.432480E-1
-7.491280E-1
-7.520680E-1
-7.505980E-1
-7.447180E-1
-7.373680E-1
-7.270780E-1
-7.167880E-1
-7.064980E-1
-6.991480E-1
-6.962080E-1
-6.947380E-1
-6.976780E-1
-7.050280E-1
-7.123780E-1
-7.226680E-1
-7.314880E-1
-7.388380E-1
-7.447180E-1
-7.491280E-1
-7.505980E-1
-7.520680E-1
-7.505980E-1
-7.505980E-1
-7.491280E-1
-6.462280E-1
-1.964080E-1
6.929420E-1
1.829252E+0
2.990552E+0
4.053362E+0
4.970642E+0
5.739452E+0
6.383312E+0
6.921332E+0
7.363802E+0
7.721012E+0
7.994432E+0
8.191412E+0
8.317832E+0
8.379572E+0
8.383982E+0
8.335472E+0
8.234042E+0
8.082632E+0
7.881242E+0
7.634282E+0
7.341752E+0
7.008062E+0
6.633212E+0
6.223082E+0
5.779142E+0
5.310212E+0
4.819232E+0
4.315022E+0
3.807872E+0
3.308072E+0
2.834732E+0
2.405492E+0
2.035052E+0
1.724882E+0
1.461752E+0
1.236842E+0
1.044272E+0
8.766920E-1
7.223420E-1
5.665220E-1
4.033520E-1
2.254820E-1
4.614200E-2
-1.155580E-1
-2.522680E-1
-3.625180E-1
-4.521880E-1
-5.227480E-1
-5.786080E-1
-6.227080E-1
-6.579880E-1
-6.859180E-1
-7.064980E-1
-7.226680E-1
-7.358980E-1
-7.461880E-1
-7.550080E-1
-7.608880E-1
-7.667680E-1
-7.711780E-1
-7.755880E-1
-7.785280E-1
-7.829380E-1
-7.888180E-1
-7.946980E-1
-8.005780E-1
-8.064580E-1
-8.123380E-1
-8.167480E-1
-8.196880E-1
-8.196880E-1
-8.167480E-1
-8.108680E-1
-8.035180E-1
-7.946980E-1
-7.844080E-1
-7.770580E-1
-7.697080E-1
-7.667680E-1
-7.652980E-1
-7.667680E-1
-7.711780E-1
-7.785280E-1
-7.888180E-1
-7.991080E-1
-8.108680E-1
-8.240980E-1
-8.358580E-1
-8.461480E-1
-8.564380E-1
-8.652580E-1
-8.726080E-1
-8.784880E-1
-8.843680E-1
-8.887780E-1
-8.917180E-1
-8.961280E-1
-8.990680E-1
-9.005380E-1
-9.020080E-1
-9.034780E-1
-9.034780E-1
-9.034780E-1
-9.020080E-1
-8.990680E-1
-8.946580E-1
-8.902480E-1
-8.828980E-1
-8.755480E-1
-8.667280E-1
-8.579080E-1
-8.505580E-1
-8.446780E-1
-8.417380E-1
-8.417380E-1
-8.446780E-1
-8.505580E-1
-8.593780E-1
-8.667280E-1
-8.755480E-1
-8.814280E-1
-8.843680E-1
-8.873080E-1
-8.858380E-1
-8.843680E-1
-8.799580E-1
-8.755480E-1
-8.681980E-1
-8.608480E-1
-8.520280E-1
-8.417380E-1
-8.299780E-1
-8.167480E-1
-8.035180E-1
-7.902880E-1
-7.770580E-1
-7.652980E-1
-7.550080E-1
-7.476580E-1
-7.417780E-1
-7.388380E-1
-7.388380E-1
-7.388380E-1
-7.417780E-1
-7.461880E-1
-7.505980E-1
-7.564780E-1
-7.652980E-1
-7.741180E-1
-7.858780E-1
-7.991080E-1
-8.123380E-1
-8.270380E-1
-8.417380E-1
-8.564380E-1
-8.681980E-1
-8.799580E-1
-8.887780E-1
-8.961280E-1
-9.005380E-1
-9.020080E-1
-9.005380E-1
-8.946580E-1
-8.858380E-1
-8.755480E-1
-8.652580E-1
-8.534980E-1
-8.417380E-1
-8.343880E-1
-8.285080E-1
-8.270380E-1
-8.270380E-1
-8.299780E-1
-8.329180E-1
-8.358580E-1
-8.387980E-1
-8.402680E-1
-8.387980E-1
-8.358580E-1
-8.299780E-1
-8.240980E-1
-8.182180E-1
-8.123380E-1
-8.079280E-1
-8.049880E-1
-8.035180E-1
-8.049880E-1
-8.079280E-1
-8.108680E-1
-8.152780E-1
-8.182180E-1
-8.211580E-1
-8.211580E-1
-8.211580E-1
-8.167480E-1
-8.108680E-1
-8.035180E-1
-7.946980E-1
-7.844080E-1
-7.755880E-1
-7.652980E-1
-7.579480E-1
-7.520680E-1
-7.505980E-1
-7.505980E-1
-7.550080E-1
-7.638280E-1
-7.741180E-1
-7.858780E-1
-7.991080E-1
-8.123380E-1
-8.240980E-1
-8.343880E-1
-8.432080E-1
-8.490880E-1
-8.534980E-1
-8.564380E-1
-8.593780E-1
-8.593780E-1
-8.579080E-1
-8.564380E-1
-8.549680E-1
-8.520280E-1
-8.505580E-1
-8.490880E-1
-8.490880E-1
-8.490880E-1
-8.520280E-1
-8.564380E-1
-8.608480E-1
-8.652580E-1
-8.711380E-1
-8.755480E-1
-8.799580E-1
-8.843680E-1
-8.887780E-1
-8.917180E-1
-8.946580E-1
-8.961280E-1
-8.975980E-1
-8.975980E-1
-8.961280E-1
-8.931880E-1
-8.902480E-1
-8.858380E-1
-8.814280E-1
-8.770180E-1
-8.726080E-1
-8.696680E-1
-8.667280E-1
-8.652580E-1
-8.652580E-1
-8.637880E-1
-8.637880E-1
-8.623180E-1
-8.593780E-1
-8.549680E-1
-8.505580E-1
-8.432080E-1
-8.343880E-1
-8.255680E-1
-8.152780E-1
-8.035180E-1
-7.917580E-1
-7.785280E-1
-7.667680E-1
-7.550080E-1
-7.447180E-1
-7.358980E-1
-7.314880E-1
-7.285480E-1
-7.300180E-1
-7.329580E-1
-7.403080E-1
-7.491280E-1
-7.594180E-1
-7.726480E-1
-7.844080E-1
-7.961680E-1
-8.079280E-1
-8.182180E-1
-8.255680E-1
-8.314480E-1
-8.373280E-1
-8.417380E-1
-8.446780E-1
-8.476180E-1
-8.505580E-1
-8.520280E-1
-8.534980E-1
-8.534980E-1
-8.505580E-1
-8.490880E-1
-8.446780E-1
-8.402680E-1
-8.358580E-1
-8.314480E-1
-8.270380E-1
-8.240980E-1
-8.226280E-1
-8.211580E-1
-8.211580E-1
-8.211580E-1
-8.226280E-1
-8.240980E-1
-8.255680E-1
-8.285080E-1
-8.299780E-1
-8.314480E-1
-8.314480E-1
-8.314480E-1
-8.314480E-1
-8.285080E-1
-8.240980E-1
-8.196880E-1
-8.123380E-1
-8.049880E-1
-7.991080E-1
-7.932280E-1
-7.902880E-1
-7.902880E-1
-7.946980E-1
-8.005780E-1
-8.093980E-1
-8.196880E-1
-8.314480E-1
-8.432080E-1
-8.534980E-1
-8.608480E-1
-8.681980E-1
-8.726080E-1
-8.770180E-1
-8.784880E-1
-8.799580E-1
-8.799580E-1
-8.799580E-1
-8.784880E-1
-8.770180E-1
-8.740780E-1
-8.711380E-1
-8.652580E-1
-8.593780E-1
-8.534980E-1
-8.476180E-1
-8.417380E-1
-8.373280E-1
-8.329180E-1
-8.314480E-1
-8.329180E-1
-8.358580E-1
-8.402680E-1
-8.461480E-1
-8.534980E-1
-8.608480E-1
-8.681980E-1
-8.740780E-1
-8.799580E-1
-8.828980E-1
-8.843680E-1
-8.843680E-1
-8.828980E-1
-8.799580E-1
-8.770180E-1
-8.726080E-1
-8.681980E-1
-8.637880E-1
-8.579080E-1
-8.520280E-1
-8.461480E-1
-8.402680E-1
-8.329180E-1
-8.255680E-1
-8.196880E-1
-8.138080E-1
-8.093980E-1
-8.064580E-1
-8.064580E-1
-8.064580E-1
-8.093980E-1
-8.108680E-1
-8.123380E-1
-8.123380E-1
-8.093980E-1
-8.035180E-1
-7.961680E-1
-7.873480E-1
-7.770580E-1
-7.697080E-1
-7.623580E-1
-7.579480E-1
-7.550080E-1
-7.550080E-1
-7.550080E-1
-7.564780E-1
-7.594180E-1
-7.623580E-1
-7.652980E-1
-7.697080E-1
-7.741180E-1
-7.799980E-1
-7.844080E-1
-7.888180E-1
-7.917580E-1
-7.932280E-1
-7.917580E-1
-7.873480E-1
-7.829380E-1
-7.770580E-1
-7.726480E-1
-7.697080E-1
-7.697080E-1
-7.711780E-1
-7.755880E-1
-7.814680E-1
-7.873480E-1
-7.946980E-1
-8.005780E-1
-8.064580E-1
-8.123380E-1
-8.167480E-1
-8.196880E-1
-8.240980E-1
-8.285080E-1
-8.329180E-1
-8.387980E-1
-8.432080E-1
-8.490880E-1
-8.534980E-1
-8.579080E-1
-8.608480E-1
-8.637880E-1
-8.652580E-1
-8.667280E-1
-8.652580E-1
-8.623180E-1
-8.579080E-1
-8.505580E-1
-8.417380E-1
-8.329180E-1
-8.226280E-1
-8.138080E-1
-8.064580E-1
-8.005780E-1
-7.961680E-1
-7.946980E-1
-7.946980E-1
-7.961680E-1
-7.976380E-1
-7.976380E-1
-7.991080E-1
-7.991080E-1
-7.976380E-1
-7.961680E-1
-7.932280E-1
-7.917580E-1
-7.888180E-1
-7.858780E-1
-7.829380E-1
-7.814680E-1
-7.814680E-1
-7.814680E-1
-7.829380E-1
-7.858780E-1
-7.902880E-1
-7.961680E-1
-8.035180E-1
-8.108680E-1
-8.182180E-1
-8.255680E-1
-8.314480E-1
-8.358580E-1
-8.387980E-1
-8.402680E-1
-8.402680E-1
-8.387980E-1
-8.387980E-1
-8.402680E-1
-8.417380E-1
-8.446780E-1
-8.505580E-1
-8.549680E-1
-8.608480E-1
-8.667280E-1
-8.696680E-1
-8.711380E-1
-8.711380E-1
-8.711380E-1
-8.681980E-1
-8.652580E-1
-8.637880E-1
-8.608480E-1
-8.608480E-1
-8.593780E-1
-8.593780E-1
-8.593780E-1
-8.608480E-1
-8.608480E-1
-8.623180E-1
-8.623180E-1
-8.623180E-1
-8.623180E-1
-8.608480E-1
-8.608480E-1
-8.608480E-1
-8.623180E-1
-8.652580E-1
-8.681980E-1
-8.711380E-1
-8.740780E-1
-8.755480E-1
-8.755480E-1
-8.726080E-1
-8.696680E-1
-8.623180E-1
-8.549680E-1
-8.461480E-1
-8.387980E-1
-8.314480E-1
-8.255680E-1
-8.211580E-1
-8.182180E-1
-8.182180E-1
-8.182180E-1
-8.211580E-1
-8.240980E-1
-8.285080E-1
-8.343880E-1
-8.402680E-1
-8.461480E-1
-8.520280E-1
-8.579080E-1
-8.623180E-1
-8.652580E-1
-8.681980E-1
-8.696680E-1
-8.696680E-1
-8.681980E-1
-8.667280E-1
-8.652580E-1
-8.623180E-1
-8.593780E-1
-8.564380E-1
-8.520280E-1
-8.490880E-1
-8.461480E-1
-8.432080E-1
-8.417380E-1
-8.417380E-1
-8.432080E-1
-8.432080E-1
-8.446780E-1
-8.461480E-1
-8.476180E-1
-8.476180E-1
-8.476180E-1
-8.476180E-1
-8.476180E-1
-8.476180E-1
-8.476180E-1
-8.461480E-1
-8.461480E-1
-8.446780E-1
-8.432080E-1
-8.402680E-1
-8.373280E-1
-8.343880E-1
-8.314480E-1
-8.299780E-1
-8.299780E-1
-8.314480E-1
-8.343880E-1
-8.402680E-1
-8.490880E-1
-8.593780E-1
-8.696680E-1
-8.814280E-1
-8.931880E-1
-9.049480E-1
-9.152380E-1
-9.255280E-1
-9.328780E-1
-9.387580E-1
-9.431680E-1
-9.431680E-1
-9.416980E-1
-9.358180E-1
-9.269980E-1
-9.152380E-1
-9.005380E-1
-8.858380E-1
-8.711380E-1
-8.549680E-1
-8.417380E-1
-8.299780E-1
-8.226280E-1
-8.167480E-1
-8.138080E-1
-8.123380E-1
-8.152780E-1
-8.182180E-1
-8.226280E-1
-8.285080E-1
-8.343880E-1
-8.387980E-1
-8.432080E-1
-8.461480E-1
-8.476180E-1
-8.476180E-1
-8.461480E-1
-8.446780E-1
-8.417380E-1
-8.373280E-1
-8.343880E-1
-8.299780E-1
-8.255680E-1
-8.211580E-1
-8.152780E-1
-8.064580E-1
-7.976380E-1
-7.873480E-1
-7.770580E-1
-7.667680E-1
-7.594180E-1
-7.520680E-1
-7.491280E-1
-7.491280E-1
-7.535380E-1
-7.594180E-1
-7.682380E-1
-7.785280E-1
-7.902880E-1
-8.020480E-1
-8.152780E-1
-8.285080E-1
-8.432080E-1
-8.564380E-1
-8.696680E-1
-8.828980E-1
-8.946580E-1
-9.034780E-1
-9.093580E-1
-9.122980E-1
-9.122980E-1
-9.108280E-1
-9.093580E-1
-9.064180E-1
-9.034780E-1
-9.020080E-1
-9.005380E-1
-9.005380E-1
-9.020080E-1
-9.020080E-1
-9.020080E-1
-9.020080E-1
-9.005380E-1
-8.990680E-1
-8.961280E-1
-8.946580E-1
-8.917180E-1
-8.902480E-1
-8.873080E-1
-8.843680E-1
-8.799580E-1
-8.740780E-1
-8.667280E-1
-8.564380E-1
-8.446780E-1
-8.329180E-1
-8.211580E-1
-8.093980E-1
-7.991080E-1
-7.917580E-1
-7.844080E-1
-7.799980E-1
-7.770580E-1
-7.755880E-1
-7.755880E-1
-7.770580E-1
-7.799980E-1
-7.829380E-1
-7.873480E-1
-7.932280E-1
-7.991080E-1
-8.035180E-1
-8.079280E-1
-8.108680E-1
-8.138080E-1
-8.138080E-1
-8.138080E-1
-8.138080E-1
-8.138080E-1
-8.152780E-1
-8.182180E-1
-8.211580E-1
-8.270380E-1
-8.329180E-1
-8.387980E-1
-8.461480E-1
-8.534980E-1
-8.593780E-1
-8.652580E-1
-8.711380E-1
-8.755480E-1
-8.784880E-1
-8.814280E-1
-8.828980E-1
-8.858380E-1
-8.873080E-1
-8.902480E-1
-8.931880E-1
-8.975980E-1
-9.020080E-1
-9.034780E-1
-9.049480E-1
-9.020080E-1
-8.975980E-1
-8.902480E-1
-8.799580E-1
-8.681980E-1
-8.564380E-1
-8.446780E-1
-8.343880E-1
-8.240980E-1
-8.167480E-1
-8.123380E-1
-8.093980E-1
-8.079280E-1
-8.079280E-1
-8.093980E-1
-8.108680E-1
-8.152780E-1
-8.182180E-1
-8.240980E-1
-8.314480E-1
-8.402680E-1
-8.490880E-1
-8.593780E-1
-8.711380E-1
-8.814280E-1
-8.887780E-1
-8.961280E-1
-9.005380E-1
-9.020080E-1
-9.005380E-1
-8.990680E-1
-8.961280E-1
-8.931880E-1
-8.917180E-1
-8.917180E-1
-8.917180E-1
-8.931880E-1
-8.946580E-1
-8.961280E-1
-8.961280E-1
-8.931880E-1
-8.902480E-1
-8.843680E-1
-8.784880E-1
-8.711380E-1
-8.637880E-1
-8.564380E-1
-8.520280E-1
-8.490880E-1
-8.476180E-1
-8.476180E-1
-8.505580E-1
-8.564380E-1
-8.637880E-1
-8.740780E-1
-8.828980E-1
-8.931880E-1
-9.034780E-1
-9.108280E-1
-9.152380E-1
-9.167080E-1
-9.137680E-1
-9.049480E-1
-8.946580E-1
-8.799580E-1
-8.652580E-1
-8.490880E-1
-8.358580E-1
-8.255680E-1
-8.182180E-1
-8.138080E-1
-8.138080E-1
-8.182180E-1
-8.226280E-1
-8.285080E-1
-8.343880E-1
-8.387980E-1
-8.417380E-1
-8.432080E-1
-8.432080E-1
-8.417380E-1
-8.387980E-1
-8.358580E-1
-8.358580E-1
-8.358580E-1
-8.387980E-1
-8.446780E-1
-8.505580E-1
-8.579080E-1
-8.667280E-1
-8.740780E-1
-8.784880E-1
-8.828980E-1
-8.843680E-1
-8.828980E-1
-8.799580E-1
-8.740780E-1
-8.667280E-1
-8.608480E-1
-8.520280E-1
-8.446780E-1
-8.387980E-1
-8.314480E-1
-8.270380E-1
-8.226280E-1
-8.211580E-1
-8.196880E-1
-8.196880E-1
-8.196880E-1
-8.211580E-1
-8.211580E-1
-8.211580E-1
-8.182180E-1
-8.167480E-1
-8.123380E-1
-8.064580E-1
-8.020480E-1
-7.961680E-1
-7.932280E-1
-7.917580E-1
-7.917580E-1
-7.946980E-1
-8.020480E-1
-8.123380E-1
-8.240980E-1
-8.387980E-1
-8.549680E-1
-8.726080E-1
-8.887780E-1
-9.020080E-1
-9.152380E-1
-9.225880E-1
-9.284680E-1
-9.299380E-1
-9.284680E-1
-9.255280E-1
-9.196480E-1
-9.122980E-1
-9.064180E-1
-8.990680E-1
-8.931880E-1
-8.887780E-1
-8.843680E-1
-8.814280E-1
-8.784880E-1
-8.740780E-1
-8.711380E-1
-8.667280E-1
-8.623180E-1
-8.579080E-1
-8.534980E-1
-8.476180E-1
-8.432080E-1
-8.387980E-1
-8.343880E-1
-8.314480E-1
-8.299780E-1
-8.285080E-1
-8.299780E-1
-8.314480E-1
-8.358580E-1
-8.417380E-1
-8.476180E-1
-8.564380E-1
-8.652580E-1
-8.784880E-1
-8.931880E-1
-9.108280E-1
-9.299380E-1
-9.534580E-1
-9.799180E-1
-1.007848E+0
-1.037248E+0
-1.069588E+0
-1.103398E+0
-1.140148E+0
-1.176898E+0
-1.216588E+0
-1.257748E+0
-1.298908E+0
-1.338598E+0
-1.376818E+0
-1.412098E+0
-1.441498E+0
-1.466488E+0
-1.484128E+0
-1.497358E+0
-1.504708E+0
-1.509118E+0
-1.510588E+0
-1.510588E+0
-1.512058E+0
-1.514998E+0
-1.519408E+0
-1.526758E+0
-1.537048E+0
-1.547338E+0
-1.560568E+0
-1.573798E+0
-1.587028E+0
-1.597318E+0
-1.606138E+0
-1.610548E+0
-1.610548E+0
-1.606138E+0
-1.595848E+0
-1.584088E+0
-1.570858E+0
-1.557628E+0
-1.547338E+0
-1.537048E+0
-1.532638E+0
-1.531168E+0
-1.534108E+0
-1.541458E+0
-1.550278E+0
-1.559098E+0
-1.567918E+0
-1.575268E+0
-1.581148E+0
-1.582618E+0
-1.584088E+0
-1.584088E+0
-1.584088E+0
-1.582618E+0
-1.582618E+0
-1.582618E+0
-1.582618E+0
-1.581148E+0
-1.581148E+0
-1.582618E+0
-1.584088E+0
-1.587028E+0
-1.592908E+0
-1.601728E+0
-1.613488E+0
-1.626718E+0
-1.641418E+0
-1.656118E+0
-1.670818E+0
-1.682578E+0
-1.692868E+0
-1.701688E+0
-1.707568E+0
-1.711978E+0
-1.716388E+0
-1.719328E+0
-1.722268E+0
-1.725208E+0
-1.728148E+0
-1.731088E+0
-1.735498E+0
-1.738438E+0
-1.738438E+0
-1.736968E+0
-1.734028E+0
-1.728148E+0
-1.717858E+0
-1.707568E+0
-1.694338E+0
-1.679638E+0
-1.666408E+0
-1.654648E+0
-1.644358E+0
-1.635538E+0
-1.629658E+0
-1.628188E+0
-1.629658E+0
-1.637008E+0
-1.647298E+0
-1.661998E+0
-1.679638E+0
-1.701688E+0
-1.723738E+0
-1.748728E+0
-1.772248E+0
-1.795768E+0
-1.814878E+0
-1.832518E+0
-1.845748E+0
-1.854568E+0
-1.858978E+0
-1.858978E+0
-1.856038E+0
-1.848688E+0
-1.841338E+0
-1.832518E+0
-1.823698E+0
-1.817818E+0
-1.813408E+0
-1.811938E+0
-1.813408E+0
-1.817818E+0
-1.823698E+0
-1.829578E+0
-1.835458E+0
-1.838398E+0
-1.838398E+0
-1.836928E+0
-1.832518E+0
-1.826638E+0
-1.817818E+0
-1.810468E+0
-1.803118E+0
-1.795768E+0
-1.791358E+0
-1.786948E+0
-1.784008E+0
-1.781068E+0
-1.779598E+0
-1.778128E+0
-1.776658E+0
-1.778128E+0
-1.781068E+0
-1.786948E+0
-1.792828E+0
-1.801648E+0
-1.808998E+0
-1.817818E+0
-1.825168E+0
-1.831048E+0
-1.836928E+0
-1.841338E+0
-1.847218E+0
-1.851628E+0
-1.856038E+0
-1.863388E+0
-1.872208E+0
-1.882498E+0
-1.892788E+0
-1.906018E+0
-1.917778E+0
-1.929538E+0
-1.939828E+0
-1.947178E+0
-1.951588E+0
-1.953058E+0
-1.950118E+0
-1.944238E+0
-1.938358E+0
-1.931008E+0
-1.925128E+0
-1.922188E+0
-1.920718E+0
-1.923658E+0
-1.928068E+0
-1.933948E+0
-1.941298E+0
-1.947178E+0
-1.951588E+0
-1.953058E+0
-1.950118E+0
-1.944238E+0
-1.936888E+0
-1.928068E+0
-1.919248E+0
-1.911898E+0
-1.907488E+0
-1.906018E+0
-1.908958E+0
-1.916308E+0
-1.926598E+0
-1.936888E+0
-1.947178E+0
-1.954528E+0
-1.958938E+0
-1.960408E+0
-1.957468E+0
-1.951588E+0
-1.945708E+0
-1.938358E+0
-1.932478E+0
-1.931008E+0
-1.932478E+0
-1.938358E+0
-1.947178E+0
-1.960408E+0
-1.976578E+0
-1.994218E+0
-2.011858E+0
-2.030968E+0
-2.047138E+0
-2.060368E+0
-2.070658E+0
-2.076538E+0
-2.079478E+0
-2.080948E+0
-2.080948E+0
-2.079478E+0
-2.079478E+0
-2.082418E+0
-2.086828E+0
-2.092708E+0
-2.100058E+0
-2.107408E+0
-2.114758E+0
-2.120638E+0
-2.125048E+0
-2.127988E+0
-2.129458E+0
-2.129458E+0
-2.126518E+0
-2.122108E+0
-2.114758E+0
-2.104468E+0
-2.091238E+0
-2.076538E+0
-2.060368E+0
-2.044198E+0
-2.029498E+0
-2.019208E+0
-2.016268E+0
-2.017738E+0
-2.023618E+0
-2.032438E+0
-2.044198E+0
-2.057428E+0
-2.069188E+0
-2.079478E+0
-2.089768E+0
-2.101528E+0
-2.113288E+0
-2.126518E+0
-2.141218E+0
-2.157388E+0
-2.173558E+0
-2.186788E+0
-2.197078E+0
-2.202958E+0
-2.202958E+0
-2.200018E+0
-2.194138E+0
-2.188258E+0
-2.183848E+0
-2.182378E+0
-2.186788E+0
-2.195608E+0
-2.207368E+0
-2.223538E+0
-2.241178E+0
-2.255878E+0
-2.266168E+0
-2.273518E+0
-2.273518E+0
-2.269108E+0
-2.260288E+0
-2.248528E+0
-2.238238E+0
-2.227948E+0
-2.222068E+0
-2.219128E+0
-2.219128E+0
-2.222068E+0
-2.229418E+0
-2.238238E+0
-2.247058E+0
-2.254408E+0
-2.260288E+0
-2.263228E+0
-2.263228E+0
-2.258818E+0
-2.251468E+0
-2.241178E+0
-2.230888E+0
-2.222068E+0
-2.216188E+0
-2.214718E+0
-2.216188E+0
-2.223538E+0
-2.235298E+0
-2.249998E+0
-2.267638E+0
-2.286748E+0
-2.304388E+0
-2.323498E+0
-2.339668E+0
-2.355838E+0
-2.369068E+0
-2.380828E+0
-2.391118E+0
-2.398468E+0
-2.401408E+0
-2.401408E+0
-2.395528E+0
-2.388178E+0
-2.377888E+0
-2.369068E+0
-2.360248E+0
-2.354368E+0
-2.351428E+0
-2.351428E+0
-2.354368E+0
-2.360248E+0
-2.363188E+0
-2.363188E+0
-2.360248E+0
-2.352898E+0
-2.341138E+0
-2.327908E+0
-2.311738E+0
-2.295568E+0
-2.280868E+0
-2.267638E+0
-2.258818E+0
-2.252938E+0
-2.249998E+0
-2.248528E+0
-2.249998E+0
-2.249998E+0
-2.249998E+0
-2.248528E+0
-2.244118E+0
-2.238238E+0
-2.230888E+0
-2.225008E+0
-2.222068E+0
-2.222068E+0
-2.225008E+0
-2.235298E+0
-2.247058E+0
-2.263228E+0
-2.279398E+0
-2.295568E+0
-2.311738E+0
-2.324968E+0
-2.335258E+0
-2.345548E+0
-2.352898E+0
-2.360248E+0
-2.367598E+0
-2.374948E+0
-2.380828E+0
-2.388178E+0
-2.394058E+0
-2.398468E+0
-2.401408E+0
-2.401408E+0
-2.401408E+0
-2.399938E+0
-2.398468E+0
-2.398468E+0
-2.399938E+0
-2.402878E+0
-2.408758E+0
-2.416108E+0
-2.423458E+0
-2.430808E+0
-2.438158E+0
-2.441098E+0
-2.442568E+0
-2.442568E+0
-2.441098E+0
-2.438158E+0
-2.436688E+0
-2.435218E+0
-2.436688E+0
-2.438158E+0
-2.442568E+0
-2.448448E+0
-2.455798E+0
-2.464618E+0
-2.474908E+0
-2.486668E+0
-2.496958E+0
-2.510188E+0
-2.521948E+0
-2.536648E+0
-2.549878E+0
-2.563108E+0
-2.576338E+0
-2.588098E+0
-2.599858E+0
-2.608678E+0
-2.614558E+0
-2.617498E+0
-2.618968E+0
-2.618968E+0
-2.616028E+0
-2.611618E+0
-2.607208E+0
-2.601328E+0
-2.593978E+0
-2.588098E+0
-2.579278E+0
-2.571928E+0
-2.564578E+0
-2.557228E+0
-2.551348E+0
-2.546938E+0
-2.543998E+0
-2.542528E+0
-2.542528E+0
-2.541058E+0
-2.542528E+0
-2.543998E+0
-2.545468E+0
-2.549878E+0
-2.554288E+0
-2.561638E+0
-2.570458E+0
-2.579278E+0
-2.591038E+0
-2.602798E+0
-2.616028E+0
-2.629258E+0
-2.641018E+0
-2.652778E+0
-2.663068E+0
-2.668948E+0
-2.670418E+0
-2.670418E+0
-2.666008E+0
-2.660128E+0
-2.655718E+0
-2.652778E+0
-2.652778E+0
-2.657188E+0
-2.664538E+0
-2.673358E+0
-2.680708E+0
-2.686588E+0
-2.686588E+0
-2.680708E+0
-2.670418E+0
-2.652778E+0
-2.633668E+0
-2.613088E+0
-2.592508E+0
-2.573398E+0
-2.557228E+0
-2.546938E+0
-2.542528E+0
-2.545468E+0
-2.555758E+0
-2.573398E+0
-2.598388E+0
-2.630728E+0
-2.664538E+0
-2.698348E+0
-2.727748E+0
-2.749798E+0
-2.761558E+0
-2.763028E+0
-2.752738E+0
-2.735098E+0
-2.710108E+0
-2.682178E+0
-2.654248E+0
-2.629258E+0
-2.607208E+0
-2.592508E+0
-2.583688E+0
-2.580748E+0
-2.583688E+0
-2.588098E+0
-2.598388E+0
-2.607208E+0
-2.617498E+0
-2.626318E+0
-2.635138E+0
-2.642488E+0
-2.651308E+0
-2.660128E+0
-2.670418E+0
-2.682178E+0
-2.698348E+0
-2.714518E+0
-2.730688E+0
-2.745388E+0
-2.757148E+0
-2.764498E+0
-2.767438E+0
-2.763028E+0
-2.754208E+0
-2.742448E+0
-2.729218E+0
-2.717458E+0
-2.707168E+0
-2.699818E+0
-2.699818E+0
-2.704228E+0
-2.713048E+0
-2.726278E+0
-2.739508E+0
-2.754208E+0
-2.767438E+0
-2.776258E+0
-2.782138E+0
-2.783608E+0
-2.780668E+0
-2.779198E+0
-2.776258E+0
-2.773318E+0
-2.774788E+0
-2.777728E+0
-2.785078E+0
-2.793898E+0
-2.804188E+0
-2.813008E+0
-2.821828E+0
-2.829178E+0
-2.835058E+0
-2.839468E+0
-2.843878E+0
-2.846818E+0
-2.849758E+0
-2.854168E+0
-2.858578E+0
-2.864458E+0
-2.871808E+0
-2.877688E+0
-2.883568E+0
-2.887978E+0
-2.890918E+0
-2.889448E+0
-2.886508E+0
-2.882098E+0
-2.876218E+0
-2.870338E+0
-2.865928E+0
-2.862988E+0
-2.865928E+0
-2.870338E+0
-2.877688E+0
-2.886508E+0
-2.896798E+0
-2.905618E+0
-2.911498E+0
-2.915908E+0
-2.917378E+0
-2.914438E+0
-2.908558E+0
-2.901208E+0
-2.890918E+0
-2.880628E+0
-2.868868E+0
-2.860048E+0
-2.852698E+0
-2.848288E+0
-2.845348E+0
-2.846818E+0
-2.846818E+0
-2.849758E+0
-2.851228E+0
-2.851228E+0
-2.849758E+0
-2.848288E+0
-2.846818E+0
-2.845348E+0
-2.845348E+0
-2.846818E+0
-2.851228E+0
-2.857108E+0
-2.862988E+0
-2.868868E+0
-2.873278E+0
-2.877688E+0
-2.879158E+0
-2.880628E+0
-2.882098E+0
-2.883568E+0
-2.887978E+0
-2.896798E+0
-2.908558E+0
-2.923258E+0
-2.943838E+0
-2.968828E+0
-2.995288E+0
-3.021748E+0
-3.049678E+0
-3.074668E+0
-3.098188E+0
-3.115828E+0
-3.130528E+0
-3.137878E+0
-3.140818E+0
-3.137878E+0
-3.127588E+0
-3.112888E+0
-3.090838E+0
-3.065848E+0
-3.039388E+0
-3.014398E+0
-2.990878E+0
-2.973238E+0
-2.961478E+0
-2.957068E+0
-2.958538E+0
-2.964418E+0
-2.974708E+0
-2.987938E+0
-3.001168E+0
-3.015868E+0
-3.027628E+0
-3.036448E+0
-3.043798E+0
-3.046738E+0
-3.045268E+0
-3.042328E+0
-3.036448E+0
-3.030568E+0
-3.024688E+0
-3.023218E+0
-3.026158E+0
-3.032038E+0
-3.045268E+0
-3.059968E+0
-3.076138E+0
-3.093778E+0
-3.111418E+0
-3.127588E+0
-3.142288E+0
-3.156988E+0
-3.170218E+0
-3.183448E+0
-3.195208E+0
-3.204028E+0
-3.212848E+0
-3.217258E+0
-3.218728E+0
-3.217258E+0
-3.211378E+0
-3.202558E+0
-3.192268E+0
-3.181978E+0
-3.171688E+0
-3.161398E+0
-3.152578E+0
-3.145228E+0
-3.139348E+0
-3.133468E+0
-3.131998E+0
-3.131998E+0
-3.136408E+0
-3.143758E+0
-3.152578E+0
-3.164338E+0
-3.177568E+0
-3.189328E+0
-3.199618E+0
-3.206968E+0
-3.214318E+0
-3.220198E+0
-3.224608E+0
-3.229018E+0
-3.233428E+0
-3.237838E+0
-3.239308E+0
-3.239308E+0
-3.234898E+0
-3.227548E+0
-3.217258E+0
-3.204028E+0
-3.189328E+0
-3.176098E+0
-3.162868E+0
-3.152578E+0
-3.142288E+0
-3.134938E+0
-3.127588E+0
-3.120238E+0
-3.115828E+0
-3.112888E+0
-3.114358E+0
-3.118768E+0
-3.130528E+0
-3.146698E+0
-3.167278E+0
-3.192268E+0
-3.217258E+0
-3.242248E+0
-3.262828E+0
-3.280468E+0
-3.293698E+0
-3.301048E+0
-3.301048E+0
-3.298108E+0
-3.290758E+0
-3.278998E+0
-3.265768E+0
-3.251068E+0
-3.236368E+0
-3.221668E+0
-3.208438E+0
-3.198148E+0
-3.189328E+0
-3.184918E+0
-3.181978E+0
-3.181978E+0
-3.184918E+0
-3.187858E+0
-3.189328E+0
-3.190798E+0
-3.189328E+0
-3.184918E+0
-3.177568E+0
-3.167278E+0
-3.156988E+0
-3.148168E+0
-3.140818E+0
-3.137878E+0
-3.140818E+0
-3.149638E+0
-3.162868E+0
-3.180508E+0
-3.201088E+0
-3.224608E+0
-3.243718E+0
-3.259888E+0
-3.270178E+0
-3.270178E+0
-3.256948E+0
-3.230488E+0
-3.195208E+0
-3.149638E+0
-3.101128E+0
-3.052618E+0
-3.008518E+0
-2.974708E+0
-2.952658E+0
-2.945308E+0
-2.952658E+0
-2.976178E+0
-3.017338E+0
-3.079078E+0
-3.159928E+0
-3.267238E+0
-3.399538E+0
-3.562708E+0
-3.761158E+0
-3.993418E+0
-4.263898E+0
-4.571128E+0
-4.915108E+0
-5.297308E+0
-5.713318E+0
-6.158728E+0
-6.633538E+0
-7.128928E+0
-7.646368E+0
-8.157928E+0
-8.643028E+0
-9.038458E+0
-9.295708E+0
-9.358918E+0
-9.258958E+0
-9.026698E+0
-8.747398E+0
-8.491618E+0
-8.287288E+0
-8.143228E+0
-8.084428E+0
-8.121178E+0
-8.254948E+0
-8.491618E+0
-8.847358E+0
-9.347158E+0
-1.006746E+1
-1.118319E+1
-1.334262E+1
-2.050005E+1
-2.050005E+1
-2.050005E+1
-2.050005E+1
-2.050005E+1
-2.050005E+1
-2.050005E+1
-2.050005E+1
-2.050005E+1
-2.050005E+1
-1.598421E+1
-1.351020E+1
-1.271787E+1
-1.243563E+1
-1.248855E+1
-1.284135E+1
-1.378803E+1
-1.748949E+1
-2.050005E+1
-2.050005E+1
-2.050005E+1
-2.050005E+1
-2.050005E+1
-2.050005E+1
-2.050005E+1
-2.050005E+1
-2.050005E+1
-2.050005E+1
-2.050005E+1
-2.050005E+1
-2.050005E+1
-2.050005E+1
-2.050005E+1
-2.050005E+1
-2.050005E+1
-2.050005E+1
-2.050005E+1
-2.050005E+1
-2.050005E+1
-1.627380E+1
-1.318680E+1
-1.223277E+1
-1.187850E+1
-1.200492E+1
-1.254441E+1
-1.410555E+1
-2.050005E+1
-2.050005E+1
-2.050005E+1
-2.050005E+1
-2.050005E+1
-2.050005E+1
-2.050005E+1
-2.050005E+1
-2.050005E+1
-2.050005E+1
-2.050005E+1
-2.050005E+1
-2.050005E+1
-2.050005E+1
-2.050005E+1
-2.050005E+1
-2.050005E+1
-2.050005E+1
-2.050005E+1
-2.050005E+1
-2.050005E+1
-1.191966E+1
-1.047759E+1
-9.738178E+0
-9.295708E+0
-9.048748E+0
-8.929678E+0
-8.898808E+0
-8.939968E+0
-9.048748E+0
-9.222208E+0
-9.477988E+0
-9.816088E+0
-1.025268E+1
-1.085244E+1
-1.164477E+1
-1.277961E+1
-1.434663E+1
-1.748949E+1
-2.050005E+1
-2.050005E+1
-2.050005E+1
-2.050005E+1
-2.050005E+1
-2.050005E+1
-2.050005E+1
-2.050005E+1
-2.050005E+1
-2.050005E+1
-2.050005E+1
-2.050005E+1
-2.050005E+1
-2.050005E+1
-2.050005E+1
-2.050005E+1
-2.050005E+1
-2.050005E+1
-1.461858E+1
-1.248855E+1
-1.150218E+1
-1.090389E+1
-1.043496E+1
-1.003218E+1
-9.707308E+0
-9.411838E+0
-9.163408E+0
-8.972308E+0
-8.837068E+0
-8.797378E+0
-8.847358E+0
-9.004648E+0
-9.295708E+0
-9.752878E+0
-1.045554E+1
-1.160802E+1
-1.447893E+1
-2.050005E+1
-2.050005E+1
-2.050005E+1
-2.050005E+1
-2.050005E+1
-2.050005E+1
-2.050005E+1
-2.050005E+1
-2.050005E+1
-2.050005E+1
-2.050005E+1
-1.510368E+1
-1.284135E+1
-1.209312E+1
-1.179765E+1
-1.187850E+1
-1.218573E+1
-1.284135E+1
-1.399383E+1
-1.660896E+1
-2.050005E+1
-2.050005E+1
-2.050005E+1
-2.050005E+1
-2.050005E+1
-2.050005E+1
-1.899477E+1
-1.700439E+1
-1.700439E+1
-1.899477E+1
-2.050005E+1
-2.050005E+1
-2.050005E+1
-2.050005E+1
-2.050005E+1
-2.050005E+1
-2.050005E+1
-2.050005E+1
-2.050005E+1
-2.050005E+1
-2.050005E+1
-2.050005E+1
-2.050005E+1
-2.050005E+1
-2.050005E+1
-2.050005E+1
-2.050005E+1
-2.050005E+1
-2.050005E+1
-2.050005E+1
-2.050005E+1
-2.050005E+1
-1.598421E+1
-1.243563E+1
-1.127433E+1
-1.060989E+1
-1.017624E+1
-9.896938E+0
-9.738178E+0
-9.692608E+0
-9.738178E+0
-9.896938E+0
-1.019535E+1
-1.070397E+1
-1.153746E+1
-1.304274E+1
-2.050005E+1
-2.050005E+1
-2.050005E+1
-2.050005E+1
-2.050005E+1
-2.050005E+1
-2.050005E+1
-2.050005E+1
-2.050005E+1
-2.050005E+1
-2.050005E+1
-2.050005E+1
-2.050005E+1
-2.050005E+1
-2.050005E+1
-2.050005E+1
-2.050005E+1
-1.447893E+1
-1.277961E+1
-1.171974E+1
-1.093035E+1
-1.037322E+1
-9.929278E+0
-9.619108E+0
-9.398608E+0
-9.283948E+0
-9.258958E+0
-9.322168E+0
-9.464758E+0
-9.692608E+0
-9.996898E+0
-1.043496E+1
-1.098327E+1
-1.175796E+1
-1.284135E+1
-1.510368E+1
-2.050005E+1
-2.050005E+1
-2.050005E+1
-2.050005E+1
-2.050005E+1
-2.050005E+1
-2.050005E+1
-2.050005E+1
-2.050005E+1
-2.050005E+1
-2.050005E+1
-2.050005E+1
-2.050005E+1
-2.050005E+1
-2.050005E+1
-2.050005E+1
-2.050005E+1
-2.050005E+1
-2.050005E+1
-2.050005E+1
-2.050005E+1
-2.050005E+1
-2.050005E+1
-2.050005E+1
-2.050005E+1
-2.050005E+1
-2.050005E+1
-2.050005E+1
-2.050005E+1
-2.050005E+1
-2.050005E+1
-2.050005E+1
-2.050005E+1
-2.050005E+1
-2.050005E+1
-2.050005E+1
-2.050005E+1
-2.050005E+1
-2.050005E+1
-2.050005E+1
-1.334262E+1
-1.213869E+1
-1.164477E+1
-1.150218E+1
-1.157274E+1
-1.179765E+1
-1.213869E+1
-1.265907E+1
-1.342494E+1
-1.447893E+1
-1.627380E+1
-2.050005E+1
-2.050005E+1
-2.050005E+1
-2.050005E+1
-2.050005E+1
-2.050005E+1
-2.050005E+1
-2.050005E+1
-2.050005E+1
-1.748949E+1
-1.447893E+1
-1.359840E+1
-1.351020E+1
-1.461858E+1
-2.050005E+1
-2.050005E+1
-2.050005E+1
-2.050005E+1
-2.050005E+1
-2.050005E+1
-2.050005E+1
-2.050005E+1
-2.050005E+1
-2.050005E+1
-2.050005E+1
-2.050005E+1
-2.050005E+1
-2.050005E+1
-2.050005E+1
-2.050005E+1
-2.050005E+1
-2.050005E+1
-2.050005E+1
-2.050005E+1
-2.050005E+1
-2.050005E+1
-2.050005E+1
-2.050005E+1
-2.050005E+1
-2.050005E+1
-2.050005E+1
-2.050005E+1
-2.050005E+1
-2.050005E+1
-1.598421E+1
-1.461858E+1
-1.422315E+1
-1.410555E+1
-1.422315E+1
-1.447893E+1
-1.510368E+1
-1.627380E+1
-2.050005E+1
-2.050005E+1
-2.050005E+1
-2.050005E+1
-2.050005E+1
-2.050005E+1
-2.050005E+1
-2.050005E+1
-2.050005E+1
-2.050005E+1
-2.050005E+1
-2.050005E+1
-2.050005E+1
-2.050005E+1
-2.050005E+1
-2.050005E+1
-2.050005E+1
-2.050005E+1
-2.050005E+1
-2.050005E+1
-2.050005E+1
-2.050005E+1
-2.050005E+1
-2.050005E+1
-2.050005E+1
-2.050005E+1
-2.050005E+1
-2.050005E+1
-2.050005E+1
-1.627380E+1
-1.359840E+1
-1.243563E+1
-1.171974E+1
-1.130520E+1
-1.103913E+1
-1.098327E+1
-1.103913E+1
-1.127433E+1
-1.168152E+1
-1.238271E+1
-1.351020E+1
-1.627380E+1
-2.050005E+1
-2.050005E+1
-2.050005E+1
-2.050005E+1
-2.050005E+1
-2.050005E+1
-2.050005E+1
-2.050005E+1
-2.050005E+1
-2.050005E+1
-2.050005E+1
-2.050005E+1
-2.050005E+1
-2.050005E+1
-2.050005E+1
-2.050005E+1
-2.050005E+1
-1.811424E+1
-1.342494E+1
-1.213869E+1
-1.146837E+1
-1.112439E+1
-1.101120E+1
-1.101120E+1
-1.109499E+1
-1.115379E+1
-1.118319E+1
-1.112439E+1
-1.095681E+1
-1.077747E+1
-1.060989E+1
-1.052169E+1
-1.045554E+1
-1.047759E+1
-1.056579E+1
-1.068045E+1
-1.087743E+1
-1.109499E+1
-1.143456E+1
-1.191966E+1
-1.271787E+1
-1.447893E+1
-2.050005E+1
-2.050005E+1
-2.050005E+1
-2.050005E+1
-2.050005E+1
-2.050005E+1
-2.050005E+1
-2.050005E+1
-2.050005E+1
-2.050005E+1
-2.050005E+1
-2.050005E+1
-2.050005E+1
-2.050005E+1
-2.050005E+1
-2.050005E+1
-2.050005E+1
-2.050005E+1
-2.050005E+1
-2.050005E+1
-2.050005E+1
-2.050005E+1
-1.422315E+1
-1.271787E+1
-1.187850E+1
-1.130520E+1
-1.087743E+1
-1.056579E+1
-1.035264E+1
-1.023357E+1
-1.019535E+1
-1.021446E+1
-1.033206E+1
-1.054374E+1
-1.087743E+1
-1.133607E+1
-1.200492E+1
-1.304274E+1
-1.510368E+1
-2.050005E+1
-2.050005E+1
-2.050005E+1
-2.050005E+1
-2.050005E+1
-2.050005E+1
-2.050005E+1
-2.050005E+1
-2.050005E+1
-2.050005E+1
-2.050005E+1
-2.050005E+1
-2.050005E+1
-2.050005E+1
-2.050005E+1
-2.050005E+1
-2.050005E+1
-2.050005E+1
-2.050005E+1
-2.050005E+1
-2.050005E+1
-2.050005E+1
-2.050005E+1
-2.050005E+1
-1.748949E+1
-1.351020E+1
-1.223277E+1
-1.153746E+1
-1.115379E+1
-1.093035E+1
-1.087743E+1
-1.093035E+1
-1.106706E+1
-1.127433E+1
-1.150218E+1
-1.179765E+1
-1.213869E+1
-1.265907E+1
-1.351020E+1
-1.549911E+1
-2.050005E+1
-2.050005E+1
-2.050005E+1
-2.050005E+1
-2.050005E+1
-2.050005E+1
-2.050005E+1
-2.050005E+1
-2.050005E+1
-2.050005E+1
-2.050005E+1
-2.050005E+1
-2.050005E+1
-2.050005E+1
-2.050005E+1
-2.050005E+1
-2.050005E+1
-2.050005E+1
-2.050005E+1
-2.050005E+1
-2.050005E+1
-2.050005E+1
-2.050005E+1
-1.748949E+1
-1.378803E+1
-1.254441E+1
-1.187850E+1
-1.143456E+1
-1.109499E+1
-1.077747E+1
-1.045554E+1
-1.015860E+1
-9.879298E+0
-9.677908E+0
-9.547078E+0
-9.519148E+0
-9.604408E+0
-9.783748E+0
-1.008510E+1
-1.047759E+1
-1.093035E+1
-1.133607E+1
-1.160802E+1
-1.168152E+1
-1.146837E+1
-1.118319E+1
-1.082745E+1
-1.049964E+1
-1.023357E+1
-1.003218E+1
-9.863128E+0
-9.738178E+0
-9.604408E+0
-9.492688E+0
-9.372148E+0
-9.258958E+0
-9.175168E+0
-9.139888E+0
-9.186928E+0
-9.347158E+0
-9.648508E+0
-1.013949E+1
-1.090389E+1
-1.218573E+1
-1.598421E+1
-2.050005E+1
-2.050005E+1
-2.050005E+1
-2.050005E+1
-2.050005E+1
-2.050005E+1
-2.050005E+1
-2.050005E+1
-2.050005E+1
-2.050005E+1
-2.050005E+1
-2.050005E+1
-2.050005E+1
-2.050005E+1
-2.050005E+1
-2.050005E+1
-2.050005E+1
-2.050005E+1
-2.050005E+1
-2.050005E+1
-2.050005E+1
-2.050005E+1
-2.050005E+1
-2.050005E+1
-2.050005E+1
-2.050005E+1
-1.660896E+1
-1.334262E+1
-1.183734E+1
-1.075248E+1
-9.996898E+0
-9.425068E+0
-9.026698E+0
-8.776798E+0
-8.662138E+0
-8.700358E+0
-8.909098E+0
-9.322168E+0
-1.003218E+1
-1.127433E+1
-1.461858E+1
-2.050005E+1
-2.050005E+1
-2.050005E+1
-2.050005E+1
-2.050005E+1
-2.050005E+1
-2.050005E+1
-2.050005E+1
-2.050005E+1
-2.050005E+1
-2.050005E+1
-2.050005E+1
-2.050005E+1
-2.050005E+1
-2.050005E+1
-2.050005E+1
-2.050005E+1
-2.050005E+1
-2.050005E+1
-2.050005E+1
-2.050005E+1
-2.050005E+1
-2.050005E+1
-2.050005E+1
-2.050005E+1
-2.050005E+1
-2.050005E+1
-2.050005E+1
-2.050005E+1
-1.476852E+1
-1.342494E+1
-1.297365E+1
-1.304274E+1
-1.369101E+1
-1.572843E+1
-2.050005E+1
-2.050005E+1
-2.050005E+1
-2.050005E+1
-2.050005E+1
-2.050005E+1
-2.050005E+1
-2.050005E+1
-2.050005E+1
-2.050005E+1
-2.050005E+1
-2.050005E+1
-2.050005E+1
-2.050005E+1
-1.369101E+1
-1.228275E+1
-1.171974E+1
-1.164477E+1
-1.191966E+1
-1.265907E+1
-1.434663E+1
-2.050005E+1
-2.050005E+1
-2.050005E+1
-2.050005E+1
-2.050005E+1
-2.050005E+1
-2.050005E+1
-2.050005E+1
-2.050005E+1
-2.050005E+1
-2.050005E+1
-2.050005E+1
-2.050005E+1
-2.050005E+1
-2.050005E+1
-2.050005E+1
-2.050005E+1
-1.899477E+1
-1.549911E+1
-1.399383E+1
-1.304274E+1
-1.243563E+1
-1.213869E+1
-1.196082E+1
-1.200492E+1
-1.213869E+1
-1.233273E+1
-1.248855E+1
-1.260027E+1
-1.254441E+1
-1.228275E+1
-1.196082E+1
-1.160802E+1
-1.136841E+1
-1.124346E+1
-1.121259E+1
-1.130520E+1
-1.157274E+1
-1.204902E+1
-1.297365E+1
-1.493022E+1
-2.050005E+1
-2.050005E+1
-2.050005E+1
-2.050005E+1
-2.050005E+1
-2.050005E+1
-2.050005E+1
-2.050005E+1
-2.050005E+1
-2.050005E+1
-2.050005E+1
-2.050005E+1
-2.050005E+1
-2.050005E+1
-2.050005E+1
-2.050005E+1
-2.050005E+1
-2.050005E+1
-2.050005E+1
-2.050005E+1
-2.050005E+1
-2.050005E+1
-2.050005E+1
-2.050005E+1
-2.050005E+1
-2.050005E+1
-2.050005E+1
-2.050005E+1
-2.050005E+1
-2.050005E+1
-2.050005E+1
-2.050005E+1
-1.334262E+1
-1.196082E+1
-1.130520E+1
-1.095681E+1
-1.077747E+1
-1.072749E+1
-1.075248E+1
-1.075248E+1
-1.072749E+1
-1.060989E+1
-1.039380E+1
-1.012185E+1
-9.846958E+0
-9.604408E+0
-9.451528E+0
-9.398608E+0
-9.464758E+0
-9.648508E+0
-9.963088E+0
-1.043496E+1
-1.106706E+1
-1.196082E+1
-1.326324E+1
-1.598421E+1
-2.050005E+1
-2.050005E+1
-2.050005E+1
-2.050005E+1
-2.050005E+1
-2.050005E+1
-2.050005E+1
-2.050005E+1
-2.050005E+1
-2.050005E+1
-2.050005E+1
-2.050005E+1
-1.627380E+1
-1.318680E+1
-1.209312E+1
-1.150218E+1
-1.118319E+1
-1.098327E+1
-1.093035E+1
-1.095681E+1
-1.103913E+1
-1.115379E+1
-1.130520E+1
-1.146837E+1
-1.171974E+1
-1.204902E+1
-1.254441E+1
-1.334262E+1
-1.493022E+1
-2.050005E+1
-2.050005E+1
-2.050005E+1
-2.050005E+1
-2.050005E+1
-2.050005E+1
-2.050005E+1
-2.050005E+1
-2.050005E+1
-2.050005E+1
-2.050005E+1
-2.050005E+1
-2.050005E+1
-2.050005E+1
-1.461858E+1
-1.265907E+1
-1.187850E+1
-1.153746E+1
-1.143456E+1
-1.146837E+1
-1.160802E+1
-1.183734E+1
-1.200492E+1
-1.209312E+1
-1.204902E+1
-1.187850E+1
-1.160802E+1
-1.133607E+1
-1.112439E+1
-1.101120E+1
-1.106706E+1
-1.124346E+1
-1.164477E+1
-1.228275E+1
-1.351020E+1
-1.598421E+1
-2.050005E+1
-2.050005E+1
-2.050005E+1
-2.050005E+1
-2.050005E+1
-2.050005E+1
-1.529331E+1
-1.351020E+1
-1.254441E+1
-1.200492E+1
-1.171974E+1
-1.160802E+1
-1.164477E+1
-1.183734E+1
-1.209312E+1
-1.243563E+1
-1.277961E+1
-1.290750E+1
-1.284135E+1
-1.254441E+1
-1.218573E+1
-1.183734E+1
-1.153746E+1
-1.130520E+1
-1.118319E+1
-1.118319E+1
-1.127433E+1
-1.143456E+1
-1.168152E+1
-1.200492E+1
-1.243563E+1
-1.297365E+1
-1.351020E+1
-1.410555E+1
-1.461858E+1
-1.493022E+1
-1.510368E+1
-1.476852E+1
-1.447893E+1
-1.410555E+1
-1.388799E+1
-1.388799E+1
-1.410555E+1
-1.476852E+1
-1.660896E+1
-2.050005E+1
-2.050005E+1
-2.050005E+1
-2.050005E+1
-2.050005E+1
-2.050005E+1
-2.050005E+1
-2.050005E+1
-1.510368E+1
-1.265907E+1
-1.150218E+1
-1.082745E+1
-1.039380E+1
-1.015860E+1
-1.006746E+1
-1.012185E+1
-1.027326E+1
-1.052169E+1
-1.082745E+1
-1.118319E+1
-1.160802E+1
-1.209312E+1
-1.284135E+1
-1.410555E+1
-2.050005E+1
-2.050005E+1
-2.050005E+1
-2.050005E+1
-2.050005E+1
-2.050005E+1
-2.050005E+1
-2.050005E+1
-2.050005E+1
-2.050005E+1
-2.050005E+1
-2.050005E+1
-2.050005E+1
-2.050005E+1
-2.050005E+1
-2.050005E+1
-2.050005E+1
-2.050005E+1
-2.050005E+1
-2.050005E+1
-2.050005E+1
-1.572843E+1
-1.342494E+1
-1.238271E+1
-1.171974E+1
-1.127433E+1
-1.098327E+1
-1.080099E+1
-1.072749E+1
-1.072749E+1
-1.072749E+1
-1.072749E+1
-1.068045E+1
-1.056579E+1
-1.037322E+1
-1.012185E+1
-9.879298E+0
-9.677908E+0
-9.519148E+0
-9.438298E+0
-9.425068E+0
-9.492688E+0
-9.589708E+0
-9.722008E+0
-9.830788E+0
-9.879298E+0
-9.846958E+0
-9.722008E+0
-9.561778E+0
-9.385378E+0
-9.247198E+0
-9.186928E+0
-9.222208E+0
-9.372148E+0
-9.663208E+0
-1.013949E+1
-1.085244E+1
-1.200492E+1
-1.447893E+1
-2.050005E+1
-2.050005E+1
-2.050005E+1
-2.050005E+1
-2.050005E+1
-2.050005E+1
-2.050005E+1
-2.050005E+1
-2.050005E+1
-2.050005E+1
-2.050005E+1
-2.050005E+1
-2.050005E+1
-2.050005E+1
-2.050005E+1
-2.050005E+1
-2.050005E+1
-2.050005E+1
-1.399383E+1
-1.351020E+1
-1.434663E+1
-2.050005E+1
-2.050005E+1
-2.050005E+1
-2.050005E+1
-2.050005E+1
-2.050005E+1
-2.050005E+1
-2.050005E+1
-2.050005E+1
-1.493022E+1
-1.218573E+1
-1.115379E+1
-1.060989E+1
-1.035264E+1
-1.025268E+1
-1.025268E+1
-1.031148E+1
-1.035264E+1
-1.037322E+1
-1.039380E+1
-1.045554E+1
-1.058784E+1
-1.087743E+1
-1.146837E+1
-1.271787E+1
-2.050005E+1
-2.050005E+1
-2.050005E+1
-2.050005E+1
-2.050005E+1
-2.050005E+1
-2.050005E+1
-2.050005E+1
-2.050005E+1
-2.050005E+1
-2.050005E+1
-2.050005E+1
-2.050005E+1
-2.050005E+1
-2.050005E+1
-1.326324E+1
-1.157274E+1
-1.063341E+1
-9.996898E+0
-9.533848E+0
-9.186928E+0
-8.929678E+0
-8.747398E+0
-8.634208E+0
-8.588638E+0
-8.625388E+0
-8.757688E+0
-8.982598E+0
-9.347158E+0
-9.879298E+0
-1.065693E+1
-1.191966E+1
-1.461858E+1
-2.050005E+1
-2.050005E+1
-2.050005E+1
-2.050005E+1
-2.050005E+1
-2.050005E+1
-1.627380E+1
-1.318680E+1
-1.204902E+1
-1.130520E+1
-1.080099E+1
-1.041438E+1
-1.008510E+1
-9.846958E+0
-9.648508E+0
-9.505918E+0
-9.464758E+0
-9.505918E+0
-9.648508E+0
-9.896938E+0
-1.029237E+1
-1.080099E+1
-1.146837E+1
-1.218573E+1
-1.290750E+1
-1.318680E+1
-1.297365E+1
-1.238271E+1
-1.168152E+1
-1.103913E+1
-1.056579E+1
-1.021446E+1
-9.996898E+0
-9.913108E+0
-9.946918E+0
-1.010274E+1
-1.037322E+1
-1.075248E+1
-1.121259E+1
-1.168152E+1
-1.200492E+1
-1.209312E+1
-1.196082E+1
-1.160802E+1
-1.115379E+1
-1.072749E+1
-1.035264E+1
-1.004982E+1
-9.783748E+0
-9.575008E+0
-9.398608E+0
-9.283948E+0
-9.186928E+0
-9.128128E+0
-9.104608E+0
-9.116368E+0
-9.175168E+0
-9.272188E+0
-9.438298E+0
-9.707308E+0
-1.010274E+1
-1.070397E+1
-1.168152E+1
-1.369101E+1
-2.050005E+1
-2.050005E+1
-2.050005E+1
-2.050005E+1
-2.050005E+1
-2.050005E+1
-2.050005E+1
-2.050005E+1
-1.811424E+1
-1.233273E+1
-1.085244E+1
-9.963088E+0
-9.385378E+0
-8.994358E+0
-8.757688E+0
-8.670958E+0
-8.728288E+0
-8.939968E+0
-9.347158E+0
-1.004982E+1
-1.127433E+1
-1.476852E+1
-2.050005E+1
-2.050005E+1
-2.050005E+1
-2.050005E+1
-2.050005E+1
-2.050005E+1
-2.050005E+1
-2.050005E+1
-2.050005E+1
-2.050005E+1
-2.050005E+1
-2.050005E+1
-2.050005E+1
-2.050005E+1
-2.050005E+1
-1.476852E+1
-1.223277E+1
-1.098327E+1
-1.012185E+1
-9.519148E+0
-9.094318E+0
-8.806198E+0
-8.643028E+0
-8.607748E+0
-8.681248E+0
-8.867938E+0
-9.163408E+0
-9.575008E+0
-1.010274E+1
-1.072749E+1
-1.146837E+1
-1.228275E+1
-1.311330E+1
-1.388799E+1
-1.434663E+1
-1.434663E+1
-1.422315E+1
-1.410555E+1
-1.447893E+1
-1.549911E+1
-2.050005E+1
-2.050005E+1
-2.050005E+1
-2.050005E+1
-2.050005E+1
-2.050005E+1
-2.050005E+1
-2.050005E+1
-2.050005E+1
-2.050005E+1
-2.050005E+1
-2.050005E+1
-2.050005E+1
-2.050005E+1
-2.050005E+1
-2.050005E+1
-2.050005E+1
-2.050005E+1
-2.050005E+1
-2.050005E+1
-2.050005E+1
-1.476852E+1
-1.304274E+1
-1.223277E+1
-1.168152E+1
-1.136841E+1
-1.118319E+1
-1.112439E+1
-1.115379E+1
-1.118319E+1
-1.121259E+1
-1.115379E+1
-1.101120E+1
-1.080099E+1
-1.056579E+1
-1.035264E+1
-1.027326E+1
-1.033206E+1
-1.060989E+1
-1.118319E+1
-1.243563E+1
-2.050005E+1
-2.050005E+1
-2.050005E+1
-2.050005E+1
-2.050005E+1
-2.050005E+1
-2.050005E+1
-2.050005E+1
-2.050005E+1
-2.050005E+1
-2.050005E+1
-2.050005E+1
-2.050005E+1
-2.050005E+1
-2.050005E+1
-2.050005E+1
-2.050005E+1
-2.050005E+1
-2.050005E+1
-2.050005E+1
-2.050005E+1
-2.050005E+1
-2.050005E+1
-2.050005E+1
-2.050005E+1
-2.050005E+1
-2.050005E+1
-2.050005E+1
-2.050005E+1
-2.050005E+1
-2.050005E+1
-2.050005E+1
-2.050005E+1
-2.050005E+1
-2.050005E+1
-2.050005E+1
-2.050005E+1
-2.050005E+1
-2.050005E+1
-2.050005E+1
-2.050005E+1
-2.050005E+1
-2.050005E+1
-2.050005E+1
-2.050005E+1
-2.050005E+1
-2.050005E+1
-2.050005E+1
-2.050005E+1
-2.050005E+1
-2.050005E+1
-2.050005E+1
-2.050005E+1
-2.050005E+1
-2.050005E+1
-2.050005E+1
-2.050005E+1
-2.050005E+1
-2.050005E+1
-2.050005E+1
-2.050005E+1
-2.050005E+1
-2.050005E+1
-2.050005E+1
-2.050005E+1
-2.050005E+1
-2.050005E+1
-2.050005E+1
-2.050005E+1
-2.050005E+1
-2.050005E+1
-2.050005E+1
-2.050005E+1
-2.050005E+1
-2.050005E+1
-2.050005E+1
-2.050005E+1
-2.050005E+1
-2.050005E+1
-2.050005E+1
-2.050005E+1
-2.050005E+1
-2.050005E+1
-2.050005E+1
-2.050005E+1
-2.050005E+1
-2.050005E+1
-2.050005E+1
-2.050005E+1
-2.050005E+1
-2.050005E+1
-2.050005E+1
-1.369101E+1
-1.223277E+1
-1.153746E+1
-1.127433E+1
-1.124346E+1
-1.143456E+1
-1.183734E+1
-1.260027E+1
-1.410555E+1
-2.050005E+1
-2.050005E+1
-2.050005E+1
-2.050005E+1
-2.050005E+1
-2.050005E+1
-2.050005E+1
-2.050005E+1
-2.050005E+1
-2.050005E+1
-2.050005E+1
-2.050005E+1
-2.050005E+1
-2.050005E+1
-2.050005E+1
-2.050005E+1
-2.050005E+1
-2.050005E+1
-2.050005E+1
-2.050005E+1
-1.660896E+1
-1.238271E+1
-1.106706E+1
-1.027326E+1
-9.738178E+0
-9.372148E+0
-9.116368E+0
-8.962018E+0
-8.878228E+0
-8.878228E+0
-8.939968E+0
-9.070798E+0
-9.258958E+0
-9.492688E+0
-9.752878E+0
-1.006746E+1
-1.047759E+1
-1.098327E+1
-1.171974E+1
-1.290750E+1
-1.598421E+1
-2.050005E+1
-2.050005E+1
-2.050005E+1
-2.050005E+1
-2.050005E+1
-2.050005E+1
-2.050005E+1
-2.050005E+1
-2.050005E+1
-2.050005E+1
-2.050005E+1
-2.050005E+1
-2.050005E+1
-2.050005E+1
-2.050005E+1
-2.050005E+1
-2.050005E+1
-2.050005E+1
-2.050005E+1
-2.050005E+1
-2.050005E+1
-2.050005E+1
-2.050005E+1
-2.050005E+1
-2.050005E+1
-2.050005E+1
-2.050005E+1
-2.050005E+1
-2.050005E+1
-2.050005E+1
-2.050005E+1
-1.378803E+1
-1.157274E+1
-1.054374E+1
-9.913108E+0
-9.533848E+0
-9.308938E+0
-9.210448E+0
-9.198688E+0
-9.247198E+0
-9.347158E+0
-9.451528E+0
-9.575008E+0
-9.707308E+0
-9.830788E+0
-9.980728E+0
-1.017624E+1
-1.043496E+1
-1.085244E+1
-1.153746E+1
-1.271787E+1
-1.598421E+1
-2.050005E+1
-2.050005E+1
-2.050005E+1
-2.050005E+1
-2.050005E+1
-2.050005E+1
-2.050005E+1
-2.050005E+1
-2.050005E+1
-2.050005E+1
-2.050005E+1
-2.050005E+1
-2.050005E+1
-2.050005E+1
-2.050005E+1
-2.050005E+1
-2.050005E+1
-2.050005E+1
-2.050005E+1
-2.050005E+1
-2.050005E+1
-1.304274E+1
-1.171974E+1
-1.101120E+1
-1.058784E+1
-1.031148E+1
-1.013949E+1
-1.004982E+1
-1.004982E+1
-1.012185E+1
-1.031148E+1
-1.065693E+1
-1.127433E+1
-1.248855E+1
-1.748949E+1
-2.050005E+1
-2.050005E+1
-2.050005E+1
-2.050005E+1
-2.050005E+1
-2.050005E+1
-2.050005E+1
-2.050005E+1
-2.050005E+1
-2.050005E+1
-2.050005E+1
-2.050005E+1
-2.050005E+1
-2.050005E+1
-2.050005E+1
-2.050005E+1
-2.050005E+1
-2.050005E+1
-2.050005E+1
-2.050005E+1
-2.050005E+1
-2.050005E+1
-2.050005E+1
-2.050005E+1
-2.050005E+1
-2.050005E+1
-2.050005E+1
-2.050005E+1
-2.050005E+1
-2.050005E+1
-2.050005E+1
-2.050005E+1
-2.050005E+1
-1.422315E+1
-1.290750E+1
-1.218573E+1
-1.171974E+1
-1.136841E+1
-1.103913E+1
-1.075248E+1
-1.049964E+1
-1.025268E+1
-1.004982E+1
-9.879298E+0
-9.769048E+0
-9.738178E+0
-9.752878E+0
-9.799918E+0
-9.846958E+0
-9.846958E+0
-9.799918E+0
-9.677908E+0
-9.505918E+0
-9.295708E+0
-9.094318E+0
-8.939968E+0
-8.867938E+0
-8.878228E+0
-8.994358E+0
-9.210448E+0
-9.547078E+0
-1.006746E+1
-1.085244E+1
-1.218573E+1
-1.700439E+1
-2.050005E+1
-2.050005E+1
-2.050005E+1
-2.050005E+1
-2.050005E+1
-2.050005E+1
-2.050005E+1
-2.050005E+1
-2.050005E+1
-2.050005E+1
-2.050005E+1
-2.050005E+1
-2.050005E+1
-2.050005E+1
-2.050005E+1
-2.050005E+1
-2.050005E+1
-2.050005E+1
-2.050005E+1
-2.050005E+1
-2.050005E+1
-2.050005E+1
-2.050005E+1
-2.050005E+1
-2.050005E+1
-2.050005E+1
-2.050005E+1
-2.050005E+1
-2.050005E+1
-2.050005E+1
-2.050005E+1
-2.050005E+1
-2.050005E+1
-2.050005E+1
-2.050005E+1
-2.050005E+1
-2.050005E+1
-2.050005E+1
-2.050005E+1
-2.050005E+1
-2.050005E+1
-2.050005E+1
-1.660896E+1
-1.378803E+1
-1.284135E+1
-1.223277E+1
-1.183734E+1
-1.146837E+1
-1.112439E+1
-1.085244E+1
-1.065693E+1
-1.058784E+1
-1.068045E+1
-1.093035E+1
-1.146837E+1
-1.248855E+1
-1.493022E+1
-2.050005E+1
-2.050005E+1
-2.050005E+1
-2.050005E+1
-2.050005E+1
-2.050005E+1
-2.050005E+1
-2.050005E+1
-2.050005E+1
-2.050005E+1
-2.050005E+1
-2.050005E+1
-2.050005E+1
-2.050005E+1
-2.050005E+1
-2.050005E+1
-2.050005E+1
-1.369101E+1
-1.153746E+1
-1.054374E+1
-9.963088E+0
-9.633808E+0
-9.477988E+0
-9.492688E+0
-9.677908E+0
-1.006746E+1
-1.072749E+1
-1.196082E+1
-1.598421E+1
-2.050005E+1
-2.050005E+1
-2.050005E+1
-2.050005E+1
-2.050005E+1
-2.050005E+1
-2.050005E+1
-2.050005E+1
-2.050005E+1
-2.050005E+1
-2.050005E+1
-2.050005E+1
-2.050005E+1
-2.050005E+1
-2.050005E+1
-1.304274E+1
-1.143456E+1
-1.063341E+1
-1.015860E+1
-9.913108E+0
-9.830788E+0
-9.879298E+0
-1.008510E+1
-1.045554E+1
-1.098327E+1
-1.175796E+1
-1.277961E+1
-1.434663E+1
-1.700439E+1
-2.050005E+1
-2.050005E+1
-1.627380E+1
-1.447893E+1
-1.334262E+1
-1.260027E+1
-1.209312E+1
-1.171974E+1
-1.146837E+1
-1.136841E+1
-1.136841E+1
-1.150218E+1
-1.179765E+1
-1.238271E+1
-1.334262E+1
-1.549911E+1
-2.050005E+1
-2.050005E+1
-2.050005E+1
-2.050005E+1
-2.050005E+1
-1.359840E+1
-1.164477E+1
-1.047759E+1
-9.707308E+0
-9.186928E+0
-8.837068E+0
-8.634208E+0
-8.562178E+0
-8.588638E+0
-8.709178E+0
-8.898808E+0
-9.116368E+0
-9.333928E+0
-9.477988E+0
-9.533848E+0
-9.519148E+0
-9.451528E+0
-9.385378E+0
-9.398608E+0
-9.519148E+0
-9.830788E+0
-1.043496E+1
-1.164477E+1
-1.627380E+1
-2.050005E+1
-2.050005E+1
-2.050005E+1
-2.050005E+1
-2.050005E+1
-2.050005E+1
-2.050005E+1
-2.050005E+1
-2.050005E+1
-2.050005E+1
-2.050005E+1
-2.050005E+1
-2.050005E+1
-2.050005E+1
-2.050005E+1
-2.050005E+1
-2.050005E+1
-2.050005E+1
-1.660896E+1
-1.369101E+1
-1.248855E+1
-1.179765E+1
-1.130520E+1
-1.098327E+1
-1.075248E+1
-1.060989E+1
-1.052169E+1
-1.045554E+1
-1.045554E+1
-1.049964E+1
-1.060989E+1
-1.080099E+1
-1.112439E+1
-1.168152E+1
-1.265907E+1
-1.510368E+1
-2.050005E+1
-2.050005E+1
-2.050005E+1
-2.050005E+1
-2.050005E+1
-2.050005E+1
-2.050005E+1
-2.050005E+1
-2.050005E+1
-2.050005E+1
-2.050005E+1
-2.050005E+1
-1.627380E+1
-1.529331E+1
-1.899477E+1
-2.050005E+1
-2.050005E+1
-2.050005E+1
-2.050005E+1
-2.050005E+1
-2.050005E+1
-2.050005E+1
-2.050005E+1
-2.050005E+1
-2.050005E+1
-2.050005E+1
-2.050005E+1
-2.050005E+1
-2.050005E+1
-2.050005E+1
-2.050005E+1
-2.050005E+1
-2.050005E+1
-2.050005E+1
-2.050005E+1
-2.050005E+1
-2.050005E+1
-2.050005E+1
-2.050005E+1
-1.572843E+1
-1.311330E+1
-1.209312E+1
-1.153746E+1
-1.121259E+1
-1.106706E+1
-1.106706E+1
-1.121259E+1
-1.150218E+1
-1.196082E+1
-1.260027E+1
-1.342494E+1
-1.476852E+1
-1.700439E+1
-2.050005E+1
-2.050005E+1
-2.050005E+1
-1.899477E+1
-1.660896E+1
-1.572843E+1
-1.529331E+1
-1.549911E+1
-1.572843E+1
-1.660896E+1
-1.748949E+1
-1.748949E+1
-1.598421E+1
-1.476852E+1
-1.378803E+1
-1.304274E+1
-1.254441E+1
-1.223277E+1
-1.213869E+1
-1.218573E+1
-1.243563E+1
-1.284135E+1
-1.359840E+1
-1.510368E+1
-2.050005E+1
-2.050005E+1
-2.050005E+1
-2.050005E+1
-2.050005E+1
-2.050005E+1
-2.050005E+1
-2.050005E+1
-2.050005E+1
-2.050005E+1
-2.050005E+1
-2.050005E+1
-2.050005E+1
-2.050005E+1
-2.050005E+1
-2.050005E+1
-2.050005E+1
-2.050005E+1
-2.050005E+1
-2.050005E+1
-2.050005E+1
-2.050005E+1
-2.050005E+1
-2.050005E+1
-2.050005E+1
-2.050005E+1
-2.050005E+1
-2.050005E+1
-2.050005E+1
-2.050005E+1
-2.050005E+1
-2.050005E+1
-2.050005E+1
-2.050005E+1
-2.050005E+1
-2.050005E+1
-2.050005E+1
-2.050005E+1
-2.050005E+1
-2.050005E+1
-2.050005E+1
-2.050005E+1
-2.050005E+1
-2.050005E+1
-2.050005E+1
-2.050005E+1
-2.050005E+1
-2.050005E+1
-2.050005E+1
-2.050005E+1
-2.050005E+1
-2.050005E+1
-2.050005E+1
-2.050005E+1
-2.050005E+1
-2.050005E+1
-2.050005E+1
-2.050005E+1
-2.050005E+1
-2.050005E+1
-2.050005E+1
-2.050005E+1
-2.050005E+1
-2.050005E+1
-2.050005E+1
-2.050005E+1
-2.050005E+1
-2.050005E+1
-2.050005E+1
-2.050005E+1
-2.050005E+1
-2.050005E+1
-2.050005E+1
-2.050005E+1
-2.050005E+1
-2.050005E+1
-2.050005E+1
-2.050005E+1
-2.050005E+1
-1.378803E+1
-1.143456E+1
-1.039380E+1
-9.752878E+0
-9.358918E+0
-9.116368E+0
-9.004648E+0
-8.982598E+0
-9.060508E+0
-9.210448E+0
-9.438298E+0
-9.769048E+0
-1.017624E+1
-1.065693E+1
-1.124346E+1
-1.187850E+1
-1.254441E+1
-1.311330E+1
-1.351020E+1
-1.359840E+1
-1.351020E+1
-1.351020E+1
-1.369101E+1
-1.434663E+1
-1.549911E+1
-2.050005E+1
-2.050005E+1
-2.050005E+1
-2.050005E+1
-2.050005E+1
-2.050005E+1
-2.050005E+1
-2.050005E+1
-2.050005E+1
-2.050005E+1
-2.050005E+1
-2.050005E+1
-2.050005E+1
-2.050005E+1
-1.598421E+1
-1.422315E+1
-1.342494E+1
-1.318680E+1
-1.342494E+1
-1.399383E+1
-1.529331E+1
-2.050005E+1
-2.050005E+1
-2.050005E+1
-2.050005E+1
-2.050005E+1
-2.050005E+1
-2.050005E+1
-1.811424E+1
-1.811424E+1
-2.050005E+1
-2.050005E+1
-2.050005E+1
-2.050005E+1
-2.050005E+1
-2.050005E+1
-2.050005E+1
-2.050005E+1
-2.050005E+1
-2.050005E+1
-2.050005E+1
-2.050005E+1
-2.050005E+1
-2.050005E+1
-2.050005E+1
-2.050005E+1
-2.050005E+1
-2.050005E+1
-2.050005E+1
-2.050005E+1
-2.050005E+1
-1.748949E+1
-1.410555E+1
-1.297365E+1
-1.243563E+1
-1.200492E+1
-1.164477E+1
-1.124346E+1
-1.082745E+1
-1.041438E+1
-1.004982E+1
-9.752878E+0
-9.547078E+0
-9.451528E+0
-9.492688E+0
-9.707308E+0
-1.010274E+1
-1.080099E+1
-1.200492E+1
-1.549911E+1
-2.050005E+1
-2.050005E+1
-2.050005E+1
