Date/Time	2022-06-25 10:43:51
Line location	1
Line name	A1
OTDR wavelength [nm]	1310
OTDR pulse duration [ns]	2
OTDR scan time [s]	10
OTDR scan length [m]	1.500000E+2
Length offset [m]	0.000000E+0
Length increment [m]	3.996806E-2
Switch ID	VIAVI Solutions,OTU 8000E,11654,FO,16.76
OTDR ID	JDSU,OTU 8000E,11654,OTU(SmartOTU),V7.22

Reflected amplitude [dB]
6.532520E-1
6.517820E-1
6.414920E-1
6.150320E-1
5.768120E-1
5.371220E-1
5.033120E-1
4.768520E-1
4.562720E-1
4.459820E-1
4.503920E-1
4.739120E-1
5.106620E-1
5.503520E-1
5.841620E-1
6.120920E-1
6.326720E-1
6.444320E-1
6.503120E-1
6.517820E-1
6.414920E-1
6.076820E-1
5.547620E-1
4.930220E-1
4.298120E-1
3.577820E-1
2.754620E-1
1.902020E-1
1.093520E-1
3.879200E-2
-2.441800E-2
-7.880800E-2
-1.273180E-1
-1.699480E-1
-2.066980E-1
-2.375680E-1
-2.640280E-1
-2.860780E-1
-3.037180E-1
-3.184180E-1
-3.316480E-1
-3.404680E-1
-3.492880E-1
-3.566380E-1
-3.610480E-1
-3.669280E-1
-3.713380E-1
-3.772180E-1
-3.830980E-1
-3.904480E-1
-3.992680E-1
-4.080880E-1
-4.198480E-1
-4.316080E-1
-4.433680E-1
-4.551280E-1
-4.668880E-1
-4.786480E-1
-4.904080E-1
-5.021680E-1
-5.124580E-1
-5.256880E-1
-5.389180E-1
-5.536180E-1
-5.683180E-1
-5.844880E-1
-5.991880E-1
-6.138880E-1
-6.271180E-1
-6.374080E-1
-6.432880E-1
-6.462280E-1
-6.447580E-1
-6.403480E-1
-6.344680E-1
-6.256480E-1
-6.168280E-1
-6.080080E-1
-6.006580E-1
-5.947780E-1
-5.933080E-1
-5.933080E-1
-5.962480E-1
-6.035980E-1
-6.109480E-1
-6.212380E-1
-6.329980E-1
-6.447580E-1
-6.565180E-1
-6.668080E-1
-6.770980E-1
-6.844480E-1
-6.917980E-1
-6.976780E-1
-7.020880E-1
-7.050280E-1
-7.094380E-1
-7.138480E-1
-7.167880E-1
-7.182580E-1
-7.197280E-1
-7.197280E-1
-7.182580E-1
-7.153180E-1
-7.094380E-1
-7.035580E-1
-6.962080E-1
-6.903280E-1
-6.844480E-1
-6.800380E-1
-6.785680E-1
-6.800380E-1
-6.829780E-1
-6.873880E-1
-6.932680E-1
-7.006180E-1
-7.064980E-1
-7.123780E-1
-7.167880E-1
-7.182580E-1
-7.182580E-1
-7.153180E-1
-7.109080E-1
-7.050280E-1
-6.976780E-1
-6.903280E-1
-6.829780E-1
-6.770980E-1
-6.712180E-1
-6.682780E-1
-6.682780E-1
-6.697480E-1
-6.756280E-1
-6.815080E-1
-6.888580E-1
-6.976780E-1
-7.050280E-1
-7.109080E-1
-7.153180E-1
-7.167880E-1
-7.167880E-1
-7.153180E-1
-7.138480E-1
-7.109080E-1
-6.947380E-1
-5.227480E-1
4.026200E-2
1.003112E+0
2.142362E+0
3.263972E+0
4.273862E+0
5.138222E+0
5.859992E+0
6.461222E+0
6.959552E+0
7.368212E+0
7.690142E+0
7.932692E+0
8.101742E+0
8.203172E+0
8.242862E+0
8.225222E+0
8.156132E+0
8.035592E+0
7.865072E+0
7.647512E+0
7.384382E+0
7.077152E+0
6.728762E+0
6.342152E+0
5.920262E+0
5.467502E+0
4.992692E+0
4.503182E+0
4.006322E+0
3.506522E+0
3.025832E+0
2.581892E+0
2.186462E+0
1.845422E+0
1.557302E+0
1.310342E+0
1.104542E+0
9.310820E-1
7.723220E-1
6.135620E-1
4.503920E-1
2.916320E-1
1.416920E-1
-9.718000E-3
-1.596580E-1
-2.904880E-1
-3.992680E-1
-4.874680E-1
-5.594980E-1
-6.168280E-1
-6.638680E-1
-7.006180E-1
-7.300180E-1
-7.535380E-1
-7.741180E-1
-7.902880E-1
-8.035180E-1
-8.138080E-1
-8.226280E-1
-8.270380E-1
-8.299780E-1
-8.299780E-1
-8.270380E-1
-8.226280E-1
-8.167480E-1
-8.108680E-1
-8.064580E-1
-7.991080E-1
-7.932280E-1
-7.844080E-1
-7.741180E-1
-7.608880E-1
-7.447180E-1
-7.270780E-1
-7.094380E-1
-6.932680E-1
-6.800380E-1
-6.712180E-1
-6.682780E-1
-6.712180E-1
-6.785680E-1
-6.917980E-1
-7.094380E-1
-7.285480E-1
-7.491280E-1
-7.711780E-1
-7.902880E-1
-8.064580E-1
-8.196880E-1
-8.299780E-1
-8.343880E-1
-8.358580E-1
-8.343880E-1
-8.285080E-1
-8.226280E-1
-8.182180E-1
-8.138080E-1
-8.108680E-1
-8.108680E-1
-8.138080E-1
-8.196880E-1
-8.255680E-1
-8.314480E-1
-8.387980E-1
-8.432080E-1
-8.446780E-1
-8.446780E-1
-8.432080E-1
-8.387980E-1
-8.329180E-1
-8.255680E-1
-8.182180E-1
-8.108680E-1
-8.049880E-1
-8.005780E-1
-7.991080E-1
-7.991080E-1
-8.020480E-1
-8.064580E-1
-8.138080E-1
-8.211580E-1
-8.285080E-1
-8.358580E-1
-8.417380E-1
-8.461480E-1
-8.490880E-1
-8.505580E-1
-8.490880E-1
-8.461480E-1
-8.432080E-1
-8.417380E-1
-8.387980E-1
-8.358580E-1
-8.343880E-1
-8.329180E-1
-8.314480E-1
-8.285080E-1
-8.255680E-1
-8.211580E-1
-8.152780E-1
-8.093980E-1
-8.035180E-1
-7.976380E-1
-7.917580E-1
-7.888180E-1
-7.873480E-1
-7.873480E-1
-7.902880E-1
-7.932280E-1
-7.976380E-1
-8.020480E-1
-8.049880E-1
-8.064580E-1
-8.064580E-1
-8.064580E-1
-8.049880E-1
-8.035180E-1
-8.020480E-1
-8.020480E-1
-8.020480E-1
-8.020480E-1
-8.035180E-1
-8.049880E-1
-8.049880E-1
-8.049880E-1
-8.049880E-1
-8.035180E-1
-8.035180E-1
-8.035180E-1
-8.035180E-1
-8.035180E-1
-8.035180E-1
-8.035180E-1
-8.035180E-1
-8.005780E-1
-7.976380E-1
-7.946980E-1
-7.888180E-1
-7.829380E-1
-7.770580E-1
-7.711780E-1
-7.667680E-1
-7.638280E-1
-7.623580E-1
-7.623580E-1
-7.652980E-1
-7.711780E-1
-7.799980E-1
-7.888180E-1
-7.991080E-1
-8.079280E-1
-8.152780E-1
-8.182180E-1
-8.182180E-1
-8.138080E-1
-8.035180E-1
-7.873480E-1
-7.682380E-1
-7.447180E-1
-7.182580E-1
-6.917980E-1
-6.653380E-1
-6.403480E-1
-6.197680E-1
-6.021280E-1
-5.903680E-1
-5.844880E-1
-5.859580E-1
-5.918380E-1
-6.035980E-1
-6.182980E-1
-6.359380E-1
-6.550480E-1
-6.741580E-1
-6.917980E-1
-7.079680E-1
-7.211980E-1
-7.329580E-1
-7.432480E-1
-7.505980E-1
-7.564780E-1
-7.623580E-1
-7.667680E-1
-7.697080E-1
-7.755880E-1
-7.799980E-1
-7.873480E-1
-7.946980E-1
-8.035180E-1
-8.123380E-1
-8.211580E-1
-8.270380E-1
-8.329180E-1
-8.373280E-1
-8.387980E-1
-8.387980E-1
-8.387980E-1
-8.387980E-1
-8.387980E-1
-8.387980E-1
-8.402680E-1
-8.417380E-1
-8.446780E-1
-8.461480E-1
-8.476180E-1
-8.490880E-1
-8.490880E-1
-8.476180E-1
-8.476180E-1
-8.461480E-1
-8.461480E-1
-8.461480E-1
-8.461480E-1
-8.476180E-1
-8.476180E-1
-8.461480E-1
-8.446780E-1
-8.402680E-1
-8.329180E-1
-8.240980E-1
-8.123380E-1
-7.991080E-1
-7.844080E-1
-7.682380E-1
-7.505980E-1
-7.358980E-1
-7.197280E-1
-7.064980E-1
-6.962080E-1
-6.873880E-1
-6.829780E-1
-6.800380E-1
-6.815080E-1
-6.873880E-1
-6.976780E-1
-7.109080E-1
-7.285480E-1
-7.491280E-1
-7.711780E-1
-7.932280E-1
-8.152780E-1
-8.343880E-1
-8.520280E-1
-8.652580E-1
-8.755480E-1
-8.828980E-1
-8.858380E-1
-8.873080E-1
-8.873080E-1
-8.828980E-1
-8.784880E-1
-8.726080E-1
-8.652580E-1
-8.579080E-1
-8.505580E-1
-8.446780E-1
-8.402680E-1
-8.358580E-1
-8.329180E-1
-8.314480E-1
-8.299780E-1
-8.270380E-1
-8.240980E-1
-8.196880E-1
-8.152780E-1
-8.093980E-1
-8.020480E-1
-7.976380E-1
-7.946980E-1
-7.932280E-1
-7.946980E-1
-7.976380E-1
-8.035180E-1
-8.093980E-1
-8.138080E-1
-8.182180E-1
-8.211580E-1
-8.211580E-1
-8.182180E-1
-8.138080E-1
-8.079280E-1
-8.005780E-1
-7.946980E-1
-7.902880E-1
-7.873480E-1
-7.858780E-1
-7.844080E-1
-7.858780E-1
-7.858780E-1
-7.844080E-1
-7.829380E-1
-7.799980E-1
-7.755880E-1
-7.711780E-1
-7.652980E-1
-7.608880E-1
-7.579480E-1
-7.550080E-1
-7.535380E-1
-7.535380E-1
-7.550080E-1
-7.579480E-1
-7.623580E-1
-7.667680E-1
-7.726480E-1
-7.785280E-1
-7.858780E-1
-7.917580E-1
-7.976380E-1
-8.035180E-1
-8.079280E-1
-8.108680E-1
-8.123380E-1
-8.138080E-1
-8.123380E-1
-8.123380E-1
-8.093980E-1
-8.079280E-1
-8.049880E-1
-8.035180E-1
-8.020480E-1
-7.991080E-1
-7.976380E-1
-7.961680E-1
-7.961680E-1
-7.946980E-1
-7.946980E-1
-7.961680E-1
-7.976380E-1
-7.991080E-1
-8.020480E-1
-8.035180E-1
-8.064580E-1
-8.064580E-1
-8.079280E-1
-8.079280E-1
-8.079280E-1
-8.079280E-1
-8.064580E-1
-8.049880E-1
-8.035180E-1
-8.020480E-1
-7.991080E-1
-7.946980E-1
-7.902880E-1
-7.858780E-1
-7.829380E-1
-7.785280E-1
-7.770580E-1
-7.755880E-1
-7.755880E-1
-7.755880E-1
-7.785280E-1
-7.814680E-1
-7.844080E-1
-7.873480E-1
-7.917580E-1
-7.946980E-1
-7.991080E-1
-8.049880E-1
-8.108680E-1
-8.167480E-1
-8.226280E-1
-8.299780E-1
-8.358580E-1
-8.402680E-1
-8.432080E-1
-8.417380E-1
-8.402680E-1
-8.358580E-1
-8.285080E-1
-8.211580E-1
-8.138080E-1
-8.064580E-1
-8.005780E-1
-7.961680E-1
-7.917580E-1
-7.888180E-1
-7.858780E-1
-7.858780E-1
-7.873480E-1
-7.888180E-1
-7.917580E-1
-7.961680E-1
-8.005780E-1
-8.049880E-1
-8.108680E-1
-8.152780E-1
-8.211580E-1
-8.255680E-1
-8.314480E-1
-8.358580E-1
-8.417380E-1
-8.461480E-1
-8.505580E-1
-8.564380E-1
-8.623180E-1
-8.681980E-1
-8.740780E-1
-8.799580E-1
-8.858380E-1
-8.917180E-1
-8.946580E-1
-8.975980E-1
-8.975980E-1
-8.946580E-1
-8.902480E-1
-8.843680E-1
-8.784880E-1
-8.711380E-1
-8.623180E-1
-8.549680E-1
-8.461480E-1
-8.358580E-1
-8.255680E-1
-8.152780E-1
-8.035180E-1
-7.932280E-1
-7.829380E-1
-7.741180E-1
-7.667680E-1
-7.608880E-1
-7.579480E-1
-7.535380E-1
-7.505980E-1
-7.476580E-1
-7.432480E-1
-7.373680E-1
-7.314880E-1
-7.270780E-1
-7.241380E-1
-7.241380E-1
-7.270780E-1
-7.329580E-1
-7.417780E-1
-7.520680E-1
-7.638280E-1
-7.741180E-1
-7.844080E-1
-7.917580E-1
-7.961680E-1
-7.976380E-1
-7.991080E-1
-7.976380E-1
-7.946980E-1
-7.932280E-1
-7.917580E-1
-7.917580E-1
-7.932280E-1
-7.976380E-1
-8.049880E-1
-8.138080E-1
-8.240980E-1
-8.358580E-1
-8.461480E-1
-8.564380E-1
-8.637880E-1
-8.711380E-1
-8.740780E-1
-8.755480E-1
-8.755480E-1
-8.726080E-1
-8.681980E-1
-8.623180E-1
-8.564380E-1
-8.490880E-1
-8.432080E-1
-8.373280E-1
-8.343880E-1
-8.299780E-1
-8.285080E-1
-8.255680E-1
-8.240980E-1
-8.211580E-1
-8.182180E-1
-8.138080E-1
-8.093980E-1
-8.035180E-1
-7.991080E-1
-7.946980E-1
-7.917580E-1
-7.902880E-1
-7.902880E-1
-7.917580E-1
-7.946980E-1
-7.976380E-1
-8.020480E-1
-8.035180E-1
-8.049880E-1
-8.049880E-1
-8.049880E-1
-8.035180E-1
-8.035180E-1
-8.035180E-1
-8.049880E-1
-8.079280E-1
-8.123380E-1
-8.167480E-1
-8.211580E-1
-8.226280E-1
-8.226280E-1
-8.211580E-1
-8.167480E-1
-8.108680E-1
-8.020480E-1
-7.946980E-1
-7.873480E-1
-7.814680E-1
-7.755880E-1
-7.726480E-1
-7.726480E-1
-7.726480E-1
-7.770580E-1
-7.814680E-1
-7.873480E-1
-7.932280E-1
-7.991080E-1
-8.049880E-1
-8.093980E-1
-8.108680E-1
-8.108680E-1
-8.093980E-1
-8.079280E-1
-8.064580E-1
-8.049880E-1
-8.035180E-1
-8.049880E-1
-8.049880E-1
-8.064580E-1
-8.049880E-1
-8.035180E-1
-7.991080E-1
-7.932280E-1
-7.844080E-1
-7.770580E-1
-7.711780E-1
-7.667680E-1
-7.667680E-1
-7.711780E-1
-7.799980E-1
-7.932280E-1
-8.079280E-1
-8.255680E-1
-8.417380E-1
-8.579080E-1
-8.696680E-1
-8.770180E-1
-8.799580E-1
-8.799580E-1
-8.770180E-1
-8.726080E-1
-8.667280E-1
-8.623180E-1
-8.579080E-1
-8.534980E-1
-8.490880E-1
-8.417380E-1
-8.329180E-1
-8.211580E-1
-8.079280E-1
-7.946980E-1
-7.814680E-1
-7.711780E-1
-7.638280E-1
-7.594180E-1
-7.594180E-1
-7.608880E-1
-7.623580E-1
-7.652980E-1
-7.667680E-1
-7.667680E-1
-7.652980E-1
-7.638280E-1
-7.623580E-1
-7.638280E-1
-7.667680E-1
-7.726480E-1
-7.799980E-1
-7.902880E-1
-7.991080E-1
-8.079280E-1
-8.152780E-1
-8.182180E-1
-8.182180E-1
-8.152780E-1
-8.093980E-1
-8.005780E-1
-7.902880E-1
-7.799980E-1
-7.697080E-1
-7.623580E-1
-7.579480E-1
-7.579480E-1
-7.608880E-1
-7.682380E-1
-7.785280E-1
-7.917580E-1
-8.049880E-1
-8.211580E-1
-8.358580E-1
-8.490880E-1
-8.608480E-1
-8.696680E-1
-8.770180E-1
-8.828980E-1
-8.873080E-1
-8.902480E-1
-8.902480E-1
-8.902480E-1
-8.873080E-1
-8.843680E-1
-8.784880E-1
-8.711380E-1
-8.637880E-1
-8.549680E-1
-8.461480E-1
-8.373280E-1
-8.299780E-1
-8.226280E-1
-8.167480E-1
-8.093980E-1
-8.020480E-1
-7.946980E-1
-7.858780E-1
-7.770580E-1
-7.682380E-1
-7.594180E-1
-7.520680E-1
-7.461880E-1
-7.432480E-1
-7.432480E-1
-7.447180E-1
-7.476580E-1
-7.505980E-1
-7.550080E-1
-7.579480E-1
-7.594180E-1
-7.608880E-1
-7.608880E-1
-7.608880E-1
-7.623580E-1
-7.638280E-1
-7.667680E-1
-7.711780E-1
-7.755880E-1
-7.799980E-1
-7.829380E-1
-7.858780E-1
-7.858780E-1
-7.873480E-1
-7.858780E-1
-7.844080E-1
-7.844080E-1
-7.829380E-1
-7.829380E-1
-7.844080E-1
-7.858780E-1
-7.888180E-1
-7.917580E-1
-7.946980E-1
-7.961680E-1
-7.976380E-1
-7.991080E-1
-7.991080E-1
-7.991080E-1
-7.991080E-1
-8.005780E-1
-8.049880E-1
-8.108680E-1
-8.196880E-1
-8.285080E-1
-8.387980E-1
-8.476180E-1
-8.549680E-1
-8.608480E-1
-8.652580E-1
-8.681980E-1
-8.696680E-1
-8.696680E-1
-8.696680E-1
-8.681980E-1
-8.667280E-1
-8.652580E-1
-8.637880E-1
-8.608480E-1
-8.564380E-1
-8.505580E-1
-8.446780E-1
-8.373280E-1
-8.299780E-1
-8.240980E-1
-8.196880E-1
-8.167480E-1
-8.152780E-1
-8.167480E-1
-8.182180E-1
-8.211580E-1
-8.240980E-1
-8.270380E-1
-8.270380E-1
-8.270380E-1
-8.270380E-1
-8.255680E-1
-8.240980E-1
-8.240980E-1
-8.240980E-1
-8.255680E-1
-8.285080E-1
-8.314480E-1
-8.358580E-1
-8.402680E-1
-8.446780E-1
-8.476180E-1
-8.505580E-1
-8.534980E-1
-8.549680E-1
-8.549680E-1
-8.534980E-1
-8.520280E-1
-8.476180E-1
-8.432080E-1
-8.373280E-1
-8.285080E-1
-8.196880E-1
-8.108680E-1
-8.005780E-1
-7.888180E-1
-7.785280E-1
-7.682380E-1
-7.594180E-1
-7.535380E-1
-7.476580E-1
-7.461880E-1
-7.461880E-1
-7.476580E-1
-7.505980E-1
-7.564780E-1
-7.608880E-1
-7.652980E-1
-7.697080E-1
-7.741180E-1
-7.770580E-1
-7.799980E-1
-7.829380E-1
-7.858780E-1
-7.902880E-1
-7.946980E-1
-7.976380E-1
-8.020480E-1
-8.064580E-1
-8.093980E-1
-8.108680E-1
-8.123380E-1
-8.152780E-1
-8.182180E-1
-8.211580E-1
-8.270380E-1
-8.329180E-1
-8.402680E-1
-8.461480E-1
-8.520280E-1
-8.549680E-1
-8.564380E-1
-8.549680E-1
-8.505580E-1
-8.432080E-1
-8.358580E-1
-8.285080E-1
-8.211580E-1
-8.167480E-1
-8.152780E-1
-8.152780E-1
-8.182180E-1
-8.240980E-1
-8.299780E-1
-8.358580E-1
-8.417380E-1
-8.461480E-1
-8.490880E-1
-8.505580E-1
-8.490880E-1
-8.461480E-1
-8.417380E-1
-8.358580E-1
-8.314480E-1
-8.270380E-1
-8.240980E-1
-8.211580E-1
-8.196880E-1
-8.182180E-1
-8.182180E-1
-8.182180E-1
-8.196880E-1
-8.196880E-1
-8.211580E-1
-8.226280E-1
-8.255680E-1
-8.285080E-1
-8.314480E-1
-8.358580E-1
-8.387980E-1
-8.417380E-1
-8.432080E-1
-8.446780E-1
-8.432080E-1
-8.402680E-1
-8.373280E-1
-8.329180E-1
-8.285080E-1
-8.240980E-1
-8.211580E-1
-8.211580E-1
-8.211580E-1
-8.211580E-1
-8.240980E-1
-8.270380E-1
-8.299780E-1
-8.314480E-1
-8.329180E-1
-8.329180E-1
-8.329180E-1
-8.314480E-1
-8.299780E-1
-8.299780E-1
-8.329180E-1
-8.373280E-1
-8.446780E-1
-8.549680E-1
-8.667280E-1
-8.799580E-1
-8.902480E-1
-8.990680E-1
-9.049480E-1
-9.078880E-1
-9.078880E-1
-9.049480E-1
-9.020080E-1
-8.990680E-1
-8.990680E-1
-9.005380E-1
-9.049480E-1
-9.137680E-1
-9.240580E-1
-9.358180E-1
-9.505180E-1
-9.652180E-1
-9.813880E-1
-9.975580E-1
-1.015198E+0
-1.034308E+0
-1.057828E+0
-1.081348E+0
-1.109278E+0
-1.138678E+0
-1.169548E+0
-1.203358E+0
-1.235698E+0
-1.266568E+0
-1.295968E+0
-1.323898E+0
-1.347418E+0
-1.369468E+0
-1.390048E+0
-1.406218E+0
-1.422388E+0
-1.435618E+0
-1.447378E+0
-1.456198E+0
-1.465018E+0
-1.470898E+0
-1.475308E+0
-1.479718E+0
-1.481188E+0
-1.484128E+0
-1.485598E+0
-1.488538E+0
-1.490008E+0
-1.492948E+0
-1.495888E+0
-1.500298E+0
-1.504708E+0
-1.507648E+0
-1.510588E+0
-1.513528E+0
-1.516468E+0
-1.519408E+0
-1.525288E+0
-1.531168E+0
-1.541458E+0
-1.551748E+0
-1.564978E+0
-1.578208E+0
-1.591438E+0
-1.601728E+0
-1.610548E+0
-1.614958E+0
-1.617898E+0
-1.617898E+0
-1.616428E+0
-1.616428E+0
-1.616428E+0
-1.617898E+0
-1.622308E+0
-1.628188E+0
-1.634068E+0
-1.639948E+0
-1.644358E+0
-1.647298E+0
-1.648768E+0
-1.647298E+0
-1.644358E+0
-1.638478E+0
-1.632598E+0
-1.625248E+0
-1.617898E+0
-1.610548E+0
-1.603198E+0
-1.597318E+0
-1.591438E+0
-1.587028E+0
-1.584088E+0
-1.585558E+0
-1.588498E+0
-1.592908E+0
-1.600258E+0
-1.609078E+0
-1.616428E+0
-1.625248E+0
-1.632598E+0
-1.639948E+0
-1.647298E+0
-1.653178E+0
-1.659058E+0
-1.666408E+0
-1.673758E+0
-1.681108E+0
-1.688458E+0
-1.694338E+0
-1.698748E+0
-1.700218E+0
-1.700218E+0
-1.697278E+0
-1.692868E+0
-1.686988E+0
-1.681108E+0
-1.675228E+0
-1.669348E+0
-1.664938E+0
-1.660528E+0
-1.659058E+0
-1.657588E+0
-1.656118E+0
-1.656118E+0
-1.654648E+0
-1.654648E+0
-1.653178E+0
-1.651708E+0
-1.651708E+0
-1.653178E+0
-1.654648E+0
-1.659058E+0
-1.666408E+0
-1.675228E+0
-1.685518E+0
-1.697278E+0
-1.709038E+0
-1.720798E+0
-1.732558E+0
-1.741378E+0
-1.751668E+0
-1.759018E+0
-1.767838E+0
-1.775188E+0
-1.782538E+0
-1.789888E+0
-1.798708E+0
-1.808998E+0
-1.817818E+0
-1.826638E+0
-1.835458E+0
-1.841338E+0
-1.845748E+0
-1.847218E+0
-1.848688E+0
-1.848688E+0
-1.848688E+0
-1.848688E+0
-1.848688E+0
-1.848688E+0
-1.848688E+0
-1.847218E+0
-1.844278E+0
-1.839868E+0
-1.831048E+0
-1.822228E+0
-1.811938E+0
-1.803118E+0
-1.797238E+0
-1.794298E+0
-1.797238E+0
-1.803118E+0
-1.814878E+0
-1.829578E+0
-1.845748E+0
-1.863388E+0
-1.878088E+0
-1.892788E+0
-1.903078E+0
-1.910428E+0
-1.914838E+0
-1.917778E+0
-1.917778E+0
-1.917778E+0
-1.917778E+0
-1.916308E+0
-1.916308E+0
-1.914838E+0
-1.914838E+0
-1.914838E+0
-1.911898E+0
-1.910428E+0
-1.907488E+0
-1.906018E+0
-1.903078E+0
-1.901608E+0
-1.898668E+0
-1.897198E+0
-1.895728E+0
-1.892788E+0
-1.889848E+0
-1.885438E+0
-1.881028E+0
-1.876618E+0
-1.873678E+0
-1.873678E+0
-1.875148E+0
-1.881028E+0
-1.889848E+0
-1.903078E+0
-1.917778E+0
-1.933948E+0
-1.951588E+0
-1.969228E+0
-1.985398E+0
-2.003038E+0
-2.019208E+0
-2.033908E+0
-2.048608E+0
-2.061838E+0
-2.072128E+0
-2.080948E+0
-2.085358E+0
-2.088298E+0
-2.086828E+0
-2.083888E+0
-2.079478E+0
-2.073598E+0
-2.070658E+0
-2.067718E+0
-2.067718E+0
-2.072128E+0
-2.078008E+0
-2.085358E+0
-2.094178E+0
-2.102998E+0
-2.108878E+0
-2.113288E+0
-2.113288E+0
-2.108878E+0
-2.100058E+0
-2.088298E+0
-2.075068E+0
-2.061838E+0
-2.050078E+0
-2.038318E+0
-2.030968E+0
-2.025088E+0
-2.020678E+0
-2.017738E+0
-2.016268E+0
-2.016268E+0
-2.017738E+0
-2.019208E+0
-2.022148E+0
-2.025088E+0
-2.030968E+0
-2.036848E+0
-2.044198E+0
-2.053018E+0
-2.064778E+0
-2.076538E+0
-2.089768E+0
-2.104468E+0
-2.120638E+0
-2.136808E+0
-2.152978E+0
-2.166208E+0
-2.177968E+0
-2.186788E+0
-2.194138E+0
-2.198548E+0
-2.201488E+0
-2.202958E+0
-2.204428E+0
-2.205898E+0
-2.207368E+0
-2.208838E+0
-2.208838E+0
-2.207368E+0
-2.205898E+0
-2.202958E+0
-2.198548E+0
-2.194138E+0
-2.191198E+0
-2.188258E+0
-2.188258E+0
-2.188258E+0
-2.191198E+0
-2.194138E+0
-2.198548E+0
-2.201488E+0
-2.205898E+0
-2.208838E+0
-2.211778E+0
-2.213248E+0
-2.213248E+0
-2.213248E+0
-2.211778E+0
-2.208838E+0
-2.204428E+0
-2.200018E+0
-2.192668E+0
-2.185318E+0
-2.177968E+0
-2.170618E+0
-2.164738E+0
-2.158858E+0
-2.154448E+0
-2.152978E+0
-2.152978E+0
-2.152978E+0
-2.155918E+0
-2.161798E+0
-2.167678E+0
-2.175028E+0
-2.185318E+0
-2.194138E+0
-2.204428E+0
-2.216188E+0
-2.229418E+0
-2.244118E+0
-2.260288E+0
-2.277928E+0
-2.297038E+0
-2.316148E+0
-2.335258E+0
-2.351428E+0
-2.366128E+0
-2.379358E+0
-2.392588E+0
-2.405818E+0
-2.417578E+0
-2.430808E+0
-2.444038E+0
-2.455798E+0
-2.466088E+0
-2.471968E+0
-2.473438E+0
-2.470498E+0
-2.463148E+0
-2.451388E+0
-2.439628E+0
-2.424928E+0
-2.410228E+0
-2.395528E+0
-2.382298E+0
-2.369068E+0
-2.357308E+0
-2.349958E+0
-2.345548E+0
-2.344078E+0
-2.348488E+0
-2.357308E+0
-2.367598E+0
-2.382298E+0
-2.396998E+0
-2.411698E+0
-2.426398E+0
-2.439628E+0
-2.452858E+0
-2.464618E+0
-2.474908E+0
-2.483728E+0
-2.488138E+0
-2.489608E+0
-2.485198E+0
-2.474908E+0
-2.458738E+0
-2.438158E+0
-2.413168E+0
-2.385238E+0
-2.357308E+0
-2.330848E+0
-2.307328E+0
-2.289688E+0
-2.276458E+0
-2.270578E+0
-2.269108E+0
-2.274988E+0
-2.286748E+0
-2.301448E+0
-2.320558E+0
-2.342608E+0
-2.367598E+0
-2.392588E+0
-2.420518E+0
-2.446978E+0
-2.470498E+0
-2.491078E+0
-2.507248E+0
-2.517538E+0
-2.521948E+0
-2.521948E+0
-2.517538E+0
-2.511658E+0
-2.504308E+0
-2.498428E+0
-2.494018E+0
-2.492548E+0
-2.492548E+0
-2.491078E+0
-2.488138E+0
-2.480788E+0
-2.470498E+0
-2.455798E+0
-2.438158E+0
-2.417578E+0
-2.398468E+0
-2.380828E+0
-2.366128E+0
-2.354368E+0
-2.349958E+0
-2.348488E+0
-2.354368E+0
-2.363188E+0
-2.377888E+0
-2.396998E+0
-2.417578E+0
-2.441098E+0
-2.466088E+0
-2.488138E+0
-2.508718E+0
-2.524888E+0
-2.536648E+0
-2.543998E+0
-2.546938E+0
-2.546938E+0
-2.546938E+0
-2.548408E+0
-2.551348E+0
-2.558698E+0
-2.567518E+0
-2.580748E+0
-2.596918E+0
-2.611618E+0
-2.626318E+0
-2.636608E+0
-2.642488E+0
-2.642488E+0
-2.638078E+0
-2.627788E+0
-2.614558E+0
-2.598388E+0
-2.582218E+0
-2.567518E+0
-2.552818E+0
-2.541058E+0
-2.529298E+0
-2.520478E+0
-2.513128E+0
-2.507248E+0
-2.504308E+0
-2.502838E+0
-2.504308E+0
-2.510188E+0
-2.517538E+0
-2.530768E+0
-2.546938E+0
-2.564578E+0
-2.583688E+0
-2.602798E+0
-2.618968E+0
-2.629258E+0
-2.633668E+0
-2.630728E+0
-2.621908E+0
-2.610148E+0
-2.595448E+0
-2.583688E+0
-2.573398E+0
-2.568988E+0
-2.571928E+0
-2.577808E+0
-2.591038E+0
-2.607208E+0
-2.624848E+0
-2.643958E+0
-2.663068E+0
-2.679238E+0
-2.693938E+0
-2.705698E+0
-2.713048E+0
-2.718928E+0
-2.720398E+0
-2.718928E+0
-2.715988E+0
-2.711578E+0
-2.705698E+0
-2.701288E+0
-2.698348E+0
-2.693938E+0
-2.690998E+0
-2.689528E+0
-2.685118E+0
-2.679238E+0
-2.671888E+0
-2.663068E+0
-2.652778E+0
-2.641018E+0
-2.632198E+0
-2.623378E+0
-2.618968E+0
-2.616028E+0
-2.617498E+0
-2.618968E+0
-2.621908E+0
-2.624848E+0
-2.627788E+0
-2.630728E+0
-2.633668E+0
-2.638078E+0
-2.645428E+0
-2.655718E+0
-2.670418E+0
-2.689528E+0
-2.713048E+0
-2.738038E+0
-2.765968E+0
-2.792428E+0
-2.818888E+0
-2.839468E+0
-2.855638E+0
-2.864458E+0
-2.867398E+0
-2.867398E+0
-2.862988E+0
-2.858578E+0
-2.857108E+0
-2.858578E+0
-2.865928E+0
-2.877688E+0
-2.892388E+0
-2.908558E+0
-2.923258E+0
-2.936488E+0
-2.943838E+0
-2.943838E+0
-2.936488E+0
-2.923258E+0
-2.905618E+0
-2.886508E+0
-2.867398E+0
-2.848288E+0
-2.832118E+0
-2.818888E+0
-2.808598E+0
-2.801248E+0
-2.795368E+0
-2.790958E+0
-2.788018E+0
-2.786548E+0
-2.786548E+0
-2.788018E+0
-2.793898E+0
-2.802718E+0
-2.815948E+0
-2.832118E+0
-2.849758E+0
-2.867398E+0
-2.885038E+0
-2.898268E+0
-2.907088E+0
-2.908558E+0
-2.902678E+0
-2.887978E+0
-2.864458E+0
-2.836528E+0
-2.802718E+0
-2.768908E+0
-2.735098E+0
-2.705698E+0
-2.680708E+0
-2.666008E+0
-2.661598E+0
-2.667478E+0
-2.688058E+0
-2.718928E+0
-2.761558E+0
-2.814478E+0
-2.873278E+0
-2.935018E+0
-2.995288E+0
-3.049678E+0
-3.095248E+0
-3.130528E+0
-3.155518E+0
-3.170218E+0
-3.179038E+0
-3.179038E+0
-3.176098E+0
-3.170218E+0
-3.162868E+0
-3.154048E+0
-3.143758E+0
-3.130528E+0
-3.114358E+0
-3.095248E+0
-3.074668E+0
-3.054088E+0
-3.032038E+0
-3.014398E+0
-2.999698E+0
-2.992348E+0
-2.989408E+0
-2.993818E+0
-3.002638E+0
-3.015868E+0
-3.030568E+0
-3.045268E+0
-3.058498E+0
-3.068788E+0
-3.079078E+0
-3.084958E+0
-3.090838E+0
-3.095248E+0
-3.101128E+0
-3.107008E+0
-3.114358E+0
-3.121708E+0
-3.129058E+0
-3.137878E+0
-3.145228E+0
-3.154048E+0
-3.159928E+0
-3.165808E+0
-3.170218E+0
-3.173158E+0
-3.174628E+0
-3.171688E+0
-3.165808E+0
-3.154048E+0
-3.136408E+0
-3.114358E+0
-3.087898E+0
-3.058498E+0
-3.029098E+0
-3.001168E+0
-2.976178E+0
-2.958538E+0
-2.945308E+0
-2.939428E+0
-2.940898E+0
-2.948248E+0
-2.958538E+0
-2.971768E+0
-2.984998E+0
-2.995288E+0
-3.002638E+0
-3.008518E+0
-3.011458E+0
-3.014398E+0
-3.017338E+0
-3.024688E+0
-3.037918E+0
-3.055558E+0
-3.079078E+0
-3.104068E+0
-3.130528E+0
-3.155518E+0
-3.177568E+0
-3.192268E+0
-3.198148E+0
-3.193738E+0
-3.183448E+0
-3.164338E+0
-3.142288E+0
-3.120238E+0
-3.098188E+0
-3.080548E+0
-3.068788E+0
-3.061438E+0
-3.061438E+0
-3.065848E+0
-3.074668E+0
-3.087898E+0
-3.105538E+0
-3.124648E+0
-3.146698E+0
-3.170218E+0
-3.195208E+0
-3.220198E+0
-3.240778E+0
-3.255478E+0
-3.265768E+0
-3.268708E+0
-3.267238E+0
-3.264298E+0
-3.259888E+0
-3.258418E+0
-3.261358E+0
-3.268708E+0
-3.280468E+0
-3.295168E+0
-3.308398E+0
-3.320158E+0
-3.327508E+0
-3.328978E+0
-3.324568E+0
-3.317218E+0
-3.306928E+0
-3.298108E+0
-3.289288E+0
-3.283408E+0
-3.281938E+0
-3.281938E+0
-3.283408E+0
-3.284878E+0
-3.284878E+0
-3.283408E+0
-3.280468E+0
-3.271648E+0
-3.261358E+0
-3.248128E+0
-3.234898E+0
-3.221668E+0
-3.208438E+0
-3.199618E+0
-3.193738E+0
-3.195208E+0
-3.202558E+0
-3.215788E+0
-3.234898E+0
-3.258418E+0
-3.283408E+0
-3.306928E+0
-3.328978E+0
-3.348088E+0
-3.361318E+0
-3.373078E+0
-3.380428E+0
-3.387778E+0
-3.395128E+0
-3.403948E+0
-3.415708E+0
-3.427468E+0
-3.439228E+0
-3.448048E+0
-3.452458E+0
-3.450988E+0
-3.443638E+0
-3.431878E+0
-3.414238E+0
-3.396598E+0
-3.380428E+0
-3.368668E+0
-3.359848E+0
-3.356908E+0
-3.356908E+0
-3.358378E+0
-3.364258E+0
-3.368668E+0
-3.374548E+0
-3.378958E+0
-3.380428E+0
-3.380428E+0
-3.376018E+0
-3.368668E+0
-3.353968E+0
-3.336328E+0
-3.311338E+0
-3.281938E+0
-3.249598E+0
-3.215788E+0
-3.181978E+0
-3.152578E+0
-3.130528E+0
-3.120238E+0
-3.126118E+0
-3.151108E+0
-3.199618E+0
-3.273118E+0
-3.376018E+0
-3.508318E+0
-3.671488E+0
-3.865528E+0
-4.091908E+0
-4.346218E+0
-4.629928E+0
-4.937158E+0
-5.266438E+0
-5.611888E+0
-5.972038E+0
-6.333658E+0
-6.692338E+0
-7.052488E+0
-7.414108E+0
-7.778668E+0
-8.157928E+0
-8.553358E+0
-8.994358E+0
-9.451528E+0
-9.929278E+0
-1.039380E+1
-1.075248E+1
-1.095681E+1
-1.098327E+1
-1.085244E+1
-1.070397E+1
-1.054374E+1
-1.047759E+1
-1.049964E+1
-1.068045E+1
-1.103913E+1
-1.160802E+1
-1.248855E+1
-1.399383E+1
-2.050005E+1
-2.050005E+1
-2.050005E+1
-2.050005E+1
-2.050005E+1
-2.050005E+1
-1.572843E+1
-1.334262E+1
-1.218573E+1
-1.150218E+1
-1.106706E+1
-1.085244E+1
-1.080099E+1
-1.087743E+1
-1.103913E+1
-1.130520E+1
-1.164477E+1
-1.200492E+1
-1.228275E+1
-1.238271E+1
-1.228275E+1
-1.209312E+1
-1.183734E+1
-1.153746E+1
-1.124346E+1
-1.101120E+1
-1.087743E+1
-1.080099E+1
-1.082745E+1
-1.098327E+1
-1.127433E+1
-1.179765E+1
-1.271787E+1
-1.447893E+1
-2.050005E+1
-2.050005E+1
-2.050005E+1
-2.050005E+1
-2.050005E+1
-2.050005E+1
-2.050005E+1
-2.050005E+1
-2.050005E+1
-2.050005E+1
-2.050005E+1
-2.050005E+1
-2.050005E+1
-2.050005E+1
-2.050005E+1
-2.050005E+1
-2.050005E+1
-2.050005E+1
-2.050005E+1
-2.050005E+1
-2.050005E+1
-2.050005E+1
-2.050005E+1
-2.050005E+1
-2.050005E+1
-2.050005E+1
-2.050005E+1
-2.050005E+1
-2.050005E+1
-2.050005E+1
-2.050005E+1
-2.050005E+1
-2.050005E+1
-2.050005E+1
-2.050005E+1
-2.050005E+1
-2.050005E+1
-2.050005E+1
-2.050005E+1
-2.050005E+1
-2.050005E+1
-2.050005E+1
-2.050005E+1
-1.811424E+1
-1.572843E+1
-1.510368E+1
-1.476852E+1
-1.422315E+1
-1.359840E+1
-1.290750E+1
-1.228275E+1
-1.179765E+1
-1.146837E+1
-1.127433E+1
-1.130520E+1
-1.153746E+1
-1.209312E+1
-1.304274E+1
-1.493022E+1
-2.050005E+1
-2.050005E+1
-2.050005E+1
-2.050005E+1
-1.899477E+1
-1.447893E+1
-1.326324E+1
-1.271787E+1
-1.265907E+1
-1.318680E+1
-1.510368E+1
-2.050005E+1
-2.050005E+1
-2.050005E+1
-2.050005E+1
-2.050005E+1
-2.050005E+1
-2.050005E+1
-2.050005E+1
-2.050005E+1
-2.050005E+1
-2.050005E+1
-2.050005E+1
-2.050005E+1
-2.050005E+1
-1.399383E+1
-1.271787E+1
-1.218573E+1
-1.200492E+1
-1.196082E+1
-1.200492E+1
-1.200492E+1
-1.191966E+1
-1.171974E+1
-1.150218E+1
-1.130520E+1
-1.112439E+1
-1.103913E+1
-1.098327E+1
-1.098327E+1
-1.101120E+1
-1.109499E+1
-1.121259E+1
-1.136841E+1
-1.153746E+1
-1.175796E+1
-1.200492E+1
-1.228275E+1
-1.248855E+1
-1.248855E+1
-1.233273E+1
-1.204902E+1
-1.168152E+1
-1.133607E+1
-1.101120E+1
-1.080099E+1
-1.070397E+1
-1.070397E+1
-1.077747E+1
-1.098327E+1
-1.127433E+1
-1.175796E+1
-1.248855E+1
-1.388799E+1
-2.050005E+1
-2.050005E+1
-2.050005E+1
-2.050005E+1
-2.050005E+1
-2.050005E+1
-2.050005E+1
-2.050005E+1
-2.050005E+1
-2.050005E+1
-2.050005E+1
-2.050005E+1
-2.050005E+1
-2.050005E+1
-2.050005E+1
-2.050005E+1
-2.050005E+1
-2.050005E+1
-2.050005E+1
-2.050005E+1
-2.050005E+1
-2.050005E+1
-2.050005E+1
-2.050005E+1
-2.050005E+1
-2.050005E+1
-2.050005E+1
-2.050005E+1
-2.050005E+1
-2.050005E+1
-2.050005E+1
-2.050005E+1
-2.050005E+1
-2.050005E+1
-2.050005E+1
-2.050005E+1
-2.050005E+1
-2.050005E+1
-2.050005E+1
-2.050005E+1
-2.050005E+1
-2.050005E+1
-2.050005E+1
-2.050005E+1
-2.050005E+1
-2.050005E+1
-2.050005E+1
-1.399383E+1
-1.213869E+1
-1.130520E+1
-1.085244E+1
-1.063341E+1
-1.060989E+1
-1.072749E+1
-1.093035E+1
-1.124346E+1
-1.164477E+1
-1.209312E+1
-1.260027E+1
-1.318680E+1
-1.399383E+1
-1.572843E+1
-2.050005E+1
-2.050005E+1
-2.050005E+1
-2.050005E+1
-2.050005E+1
-2.050005E+1
-2.050005E+1
-2.050005E+1
-2.050005E+1
-2.050005E+1
-2.050005E+1
-2.050005E+1
-2.050005E+1
-2.050005E+1
-2.050005E+1
-2.050005E+1
-2.050005E+1
-2.050005E+1
-2.050005E+1
-2.050005E+1
-2.050005E+1
-2.050005E+1
-2.050005E+1
-2.050005E+1
-2.050005E+1
-2.050005E+1
-2.050005E+1
-2.050005E+1
-2.050005E+1
-2.050005E+1
-2.050005E+1
-2.050005E+1
-1.700439E+1
-1.388799E+1
-1.271787E+1
-1.204902E+1
-1.160802E+1
-1.127433E+1
-1.103913E+1
-1.090389E+1
-1.087743E+1
-1.093035E+1
-1.112439E+1
-1.143456E+1
-1.196082E+1
-1.271787E+1
-1.369101E+1
-1.529331E+1
-1.811424E+1
-2.050005E+1
-2.050005E+1
-1.627380E+1
-1.434663E+1
-1.318680E+1
-1.243563E+1
-1.187850E+1
-1.146837E+1
-1.112439E+1
-1.082745E+1
-1.058784E+1
-1.033206E+1
-1.010274E+1
-9.913108E+0
-9.799918E+0
-9.783748E+0
-9.896938E+0
-1.015860E+1
-1.068045E+1
-1.160802E+1
-1.388799E+1
-2.050005E+1
-2.050005E+1
-2.050005E+1
-2.050005E+1
-2.050005E+1
-2.050005E+1
-2.050005E+1
-2.050005E+1
-2.050005E+1
-2.050005E+1
-2.050005E+1
-2.050005E+1
-2.050005E+1
-2.050005E+1
-2.050005E+1
-1.510368E+1
-1.318680E+1
-1.223277E+1
-1.160802E+1
-1.118319E+1
-1.087743E+1
-1.072749E+1
-1.072749E+1
-1.090389E+1
-1.133607E+1
-1.213869E+1
-1.410555E+1
-2.050005E+1
-2.050005E+1
-2.050005E+1
-2.050005E+1
-2.050005E+1
-2.050005E+1
-2.050005E+1
-2.050005E+1
-2.050005E+1
-2.050005E+1
-2.050005E+1
-2.050005E+1
-1.228275E+1
-1.075248E+1
-9.879298E+0
-9.295708E+0
-8.909098E+0
-8.653318E+0
-8.535718E+0
-8.544538E+0
-8.653318E+0
-8.888518E+0
-9.222208E+0
-9.677908E+0
-1.027326E+1
-1.095681E+1
-1.171974E+1
-1.243563E+1
-1.304274E+1
-1.334262E+1
-1.342494E+1
-1.342494E+1
-1.359840E+1
-1.422315E+1
-1.700439E+1
-2.050005E+1
-2.050005E+1
-2.050005E+1
-2.050005E+1
-2.050005E+1
-2.050005E+1
-2.050005E+1
-2.050005E+1
-2.050005E+1
-2.050005E+1
-2.050005E+1
-2.050005E+1
-2.050005E+1
-2.050005E+1
-2.050005E+1
-2.050005E+1
-2.050005E+1
-2.050005E+1
-2.050005E+1
-2.050005E+1
-2.050005E+1
-2.050005E+1
-2.050005E+1
-2.050005E+1
-2.050005E+1
-2.050005E+1
-2.050005E+1
-1.351020E+1
-1.209312E+1
-1.150218E+1
-1.130520E+1
-1.143456E+1
-1.191966E+1
-1.297365E+1
-1.660896E+1
-2.050005E+1
-2.050005E+1
-2.050005E+1
-2.050005E+1
-2.050005E+1
-2.050005E+1
-2.050005E+1
-2.050005E+1
-2.050005E+1
-2.050005E+1
-2.050005E+1
-1.493022E+1
-1.277961E+1
-1.179765E+1
-1.115379E+1
-1.068045E+1
-1.035264E+1
-1.012185E+1
-9.963088E+0
-9.879298E+0
-9.846958E+0
-9.846958E+0
-9.863128E+0
-9.896938E+0
-9.929278E+0
-9.963088E+0
-1.004982E+1
-1.017624E+1
-1.037322E+1
-1.065693E+1
-1.103913E+1
-1.157274E+1
-1.218573E+1
-1.284135E+1
-1.351020E+1
-1.410555E+1
-1.447893E+1
-1.476852E+1
-1.510368E+1
-1.598421E+1
-1.899477E+1
-2.050005E+1
-2.050005E+1
-2.050005E+1
-2.050005E+1
-2.050005E+1
-2.050005E+1
-2.050005E+1
-1.627380E+1
-1.410555E+1
-1.304274E+1
-1.248855E+1
-1.223277E+1
-1.213869E+1
-1.209312E+1
-1.204902E+1
-1.187850E+1
-1.160802E+1
-1.121259E+1
-1.077747E+1
-1.035264E+1
-9.963088E+0
-9.648508E+0
-9.411838E+0
-9.247198E+0
-9.151648E+0
-9.116368E+0
-9.151648E+0
-9.258958E+0
-9.425068E+0
-9.648508E+0
-9.913108E+0
-1.021446E+1
-1.054374E+1
-1.085244E+1
-1.106706E+1
-1.118319E+1
-1.115379E+1
-1.101120E+1
-1.082745E+1
-1.058784E+1
-1.031148E+1
-1.006746E+1
-9.816088E+0
-9.589708E+0
-9.385378E+0
-9.186928E+0
-9.016408E+0
-8.878228E+0
-8.776798E+0
-8.690068E+0
-8.634208E+0
-8.588638E+0
-8.562178E+0
-8.535718E+0
-8.518078E+0
-8.500438E+0
-8.491618E+0
-8.500438E+0
-8.535718E+0
-8.597458E+0
-8.709178E+0
-8.867938E+0
-9.082558E+0
-9.347158E+0
-9.663208E+0
-9.996898E+0
-1.037322E+1
-1.072749E+1
-1.101120E+1
-1.118319E+1
-1.118319E+1
-1.106706E+1
-1.085244E+1
-1.058784E+1
-1.033206E+1
-1.010274E+1
-9.929278E+0
-9.816088E+0
-9.799918E+0
-9.846958E+0
-1.001454E+1
-1.029237E+1
-1.072749E+1
-1.130520E+1
-1.200492E+1
-1.284135E+1
-1.359840E+1
-1.369101E+1
-1.297365E+1
-1.200492E+1
-1.112439E+1
-1.045554E+1
-9.946918E+0
-9.589708E+0
-9.385378E+0
-9.295708E+0
-9.333928E+0
-9.464758E+0
-9.663208E+0
-9.913108E+0
-1.017624E+1
-1.041438E+1
-1.058784E+1
-1.070397E+1
-1.080099E+1
-1.093035E+1
-1.109499E+1
-1.140222E+1
-1.183734E+1
-1.260027E+1
-1.388799E+1
-1.811424E+1
-2.050005E+1
-2.050005E+1
-2.050005E+1
-2.050005E+1
-2.050005E+1
-2.050005E+1
-1.811424E+1
-1.410555E+1
-1.271787E+1
-1.175796E+1
-1.109499E+1
-1.056579E+1
-1.013949E+1
-9.783748E+0
-9.519148E+0
-9.322168E+0
-9.222208E+0
-9.198688E+0
-9.272188E+0
-9.425068E+0
-9.663208E+0
-9.963088E+0
-1.029237E+1
-1.056579E+1
-1.072749E+1
-1.070397E+1
-1.049964E+1
-1.017624E+1
-9.799918E+0
-9.464758E+0
-9.175168E+0
-8.950258E+0
-8.806198E+0
-8.747398E+0
-8.757688E+0
-8.847358E+0
-8.982598E+0
-9.186928E+0
-9.425068E+0
-9.692608E+0
-9.946918E+0
-1.013949E+1
-1.023357E+1
-1.025268E+1
-1.019535E+1
-1.008510E+1
-9.980728E+0
-9.913108E+0
-9.896938E+0
-9.963088E+0
-1.010274E+1
-1.033206E+1
-1.065693E+1
-1.103913E+1
-1.146837E+1
-1.191966E+1
-1.233273E+1
-1.265907E+1
-1.290750E+1
-1.318680E+1
-1.359840E+1
-1.422315E+1
-1.549911E+1
-2.050005E+1
-2.050005E+1
-2.050005E+1
-2.050005E+1
-2.050005E+1
-2.050005E+1
-2.050005E+1
-2.050005E+1
-2.050005E+1
-2.050005E+1
-2.050005E+1
-2.050005E+1
-2.050005E+1
-2.050005E+1
-2.050005E+1
-2.050005E+1
-1.811424E+1
-1.476852E+1
-1.351020E+1
-1.271787E+1
-1.218573E+1
-1.187850E+1
-1.175796E+1
-1.187850E+1
-1.218573E+1
-1.277961E+1
-1.369101E+1
-1.529331E+1
-2.050005E+1
-2.050005E+1
-2.050005E+1
-2.050005E+1
-2.050005E+1
-2.050005E+1
-2.050005E+1
-2.050005E+1
-2.050005E+1
-2.050005E+1
-2.050005E+1
-2.050005E+1
-2.050005E+1
-1.811424E+1
-1.461858E+1
-1.318680E+1
-1.218573E+1
-1.143456E+1
-1.087743E+1
-1.043496E+1
-1.006746E+1
-9.783748E+0
-9.561778E+0
-9.385378E+0
-9.258958E+0
-9.163408E+0
-9.116368E+0
-9.104608E+0
-9.163408E+0
-9.283948E+0
-9.464758E+0
-9.692608E+0
-9.996898E+0
-1.039380E+1
-1.085244E+1
-1.136841E+1
-1.196082E+1
-1.260027E+1
-1.342494E+1
-1.434663E+1
-1.572843E+1
-1.811424E+1
-2.050005E+1
-2.050005E+1
-2.050005E+1
-2.050005E+1
-2.050005E+1
-2.050005E+1
-2.050005E+1
-2.050005E+1
-2.050005E+1
-2.050005E+1
-2.050005E+1
-2.050005E+1
-2.050005E+1
-2.050005E+1
-2.050005E+1
-2.050005E+1
-2.050005E+1
-2.050005E+1
-2.050005E+1
-2.050005E+1
-2.050005E+1
-2.050005E+1
-2.050005E+1
-1.748949E+1
-1.410555E+1
-1.334262E+1
-1.318680E+1
-1.369101E+1
-1.549911E+1
-2.050005E+1
-2.050005E+1
-2.050005E+1
-2.050005E+1
-2.050005E+1
-2.050005E+1
-2.050005E+1
-2.050005E+1
-2.050005E+1
-2.050005E+1
-2.050005E+1
-2.050005E+1
-2.050005E+1
-2.050005E+1
-2.050005E+1
-2.050005E+1
-2.050005E+1
-2.050005E+1
-2.050005E+1
-2.050005E+1
-2.050005E+1
-2.050005E+1
-2.050005E+1
-2.050005E+1
-2.050005E+1
-1.748949E+1
-1.476852E+1
-1.378803E+1
-1.326324E+1
-1.304274E+1
-1.311330E+1
-1.342494E+1
-1.388799E+1
-1.434663E+1
-1.476852E+1
-1.510368E+1
-1.493022E+1
-1.476852E+1
-1.461858E+1
-1.476852E+1
-1.549911E+1
-2.050005E+1
-2.050005E+1
-2.050005E+1
-2.050005E+1
-2.050005E+1
-2.050005E+1
-2.050005E+1
-2.050005E+1
-2.050005E+1
-1.899477E+1
-1.243563E+1
-1.093035E+1
-1.008510E+1
-9.575008E+0
-9.295708E+0
-9.175168E+0
-9.222208E+0
-9.425068E+0
-9.783748E+0
-1.033206E+1
-1.118319E+1
-1.254441E+1
-1.627380E+1
-2.050005E+1
-2.050005E+1
-2.050005E+1
-2.050005E+1
-2.050005E+1
-2.050005E+1
-1.549911E+1
-1.265907E+1
-1.146837E+1
-1.080099E+1
-1.037322E+1
-1.013949E+1
-1.004982E+1
-1.004982E+1
-1.013949E+1
-1.027326E+1
-1.043496E+1
-1.054374E+1
-1.058784E+1
-1.056579E+1
-1.043496E+1
-1.025268E+1
-1.003218E+1
-9.830788E+0
-9.707308E+0
-9.663208E+0
-9.769048E+0
-1.003218E+1
-1.058784E+1
-1.164477E+1
-1.493022E+1
-2.050005E+1
-2.050005E+1
-2.050005E+1
-2.050005E+1
-2.050005E+1
-2.050005E+1
-2.050005E+1
-2.050005E+1
-2.050005E+1
-2.050005E+1
-2.050005E+1
-2.050005E+1
-2.050005E+1
-2.050005E+1
-2.050005E+1
-2.050005E+1
-2.050005E+1
-2.050005E+1
-2.050005E+1
-2.050005E+1
-2.050005E+1
-2.050005E+1
-1.748949E+1
-1.493022E+1
-1.399383E+1
-1.359840E+1
-1.342494E+1
-1.351020E+1
-1.399383E+1
-1.476852E+1
-1.598421E+1
-1.811424E+1
-2.050005E+1
-1.899477E+1
-1.549911E+1
-1.378803E+1
-1.248855E+1
-1.153746E+1
-1.082745E+1
-1.029237E+1
-9.913108E+0
-9.677908E+0
-9.561778E+0
-9.589708E+0
-9.769048E+0
-1.012185E+1
-1.072749E+1
-1.175796E+1
-1.410555E+1
-2.050005E+1
-2.050005E+1
-2.050005E+1
-2.050005E+1
-2.050005E+1
-2.050005E+1
-2.050005E+1
-2.050005E+1
-2.050005E+1
-2.050005E+1
-2.050005E+1
-2.050005E+1
-1.342494E+1
-1.187850E+1
-1.093035E+1
-1.027326E+1
-9.752878E+0
-9.358918E+0
-9.082558E+0
-8.919388E+0
-8.867938E+0
-8.909098E+0
-9.048748E+0
-9.283948E+0
-9.604408E+0
-9.996898E+0
-1.041438E+1
-1.085244E+1
-1.124346E+1
-1.157274E+1
-1.183734E+1
-1.204902E+1
-1.218573E+1
-1.233273E+1
-1.248855E+1
-1.248855E+1
-1.238271E+1
-1.200492E+1
-1.150218E+1
-1.090389E+1
-1.033206E+1
-9.799918E+0
-9.347158E+0
-8.950258E+0
-8.643028E+0
-8.399008E+0
-8.224078E+0
-8.121178E+0
-8.077078E+0
-8.106478E+0
-8.194678E+0
-8.357848E+0
-8.597458E+0
-8.919388E+0
-9.322168E+0
-9.799918E+0
-1.035264E+1
-1.095681E+1
-1.157274E+1
-1.213869E+1
-1.254441E+1
-1.271787E+1
-1.271787E+1
-1.260027E+1
-1.243563E+1
-1.218573E+1
-1.200492E+1
-1.196082E+1
-1.204902E+1
-1.233273E+1
-1.297365E+1
-1.447893E+1
-2.050005E+1
-2.050005E+1
-2.050005E+1
-2.050005E+1
-2.050005E+1
-2.050005E+1
-2.050005E+1
-2.050005E+1
-2.050005E+1
-2.050005E+1
-2.050005E+1
-2.050005E+1
-2.050005E+1
-2.050005E+1
-2.050005E+1
-1.811424E+1
-1.334262E+1
-1.218573E+1
-1.168152E+1
-1.150218E+1
-1.160802E+1
-1.191966E+1
-1.243563E+1
-1.304274E+1
-1.388799E+1
-1.461858E+1
-1.476852E+1
-1.447893E+1
-1.369101E+1
-1.297365E+1
-1.223277E+1
-1.160802E+1
-1.106706E+1
-1.060989E+1
-1.023357E+1
-9.929278E+0
-9.677908E+0
-9.477988E+0
-9.333928E+0
-9.235438E+0
-9.175168E+0
-9.151648E+0
-9.151648E+0
-9.175168E+0
-9.210448E+0
-9.247198E+0
-9.247198E+0
-9.235438E+0
-9.175168E+0
-9.104608E+0
-9.038458E+0
-9.004648E+0
-9.016408E+0
-9.070798E+0
-9.198688E+0
-9.372148E+0
-9.604408E+0
-9.830788E+0
-1.004982E+1
-1.017624E+1
-1.019535E+1
-1.008510E+1
-9.896938E+0
-9.663208E+0
-9.411838E+0
-9.198688E+0
-9.016408E+0
-8.898808E+0
-8.857648E+0
-8.878228E+0
-8.972308E+0
-9.151648E+0
-9.425068E+0
-9.783748E+0
-1.027326E+1
-1.090389E+1
-1.179765E+1
-1.334262E+1
-2.050005E+1
-2.050005E+1
-2.050005E+1
-2.050005E+1
-2.050005E+1
-2.050005E+1
-2.050005E+1
-2.050005E+1
-2.050005E+1
-2.050005E+1
-2.050005E+1
-2.050005E+1
-1.304274E+1
-1.133607E+1
-1.054374E+1
-1.008510E+1
-9.830788E+0
-9.692608E+0
-9.633808E+0
-9.619108E+0
-9.619108E+0
-9.677908E+0
-9.769048E+0
-9.929278E+0
-1.019535E+1
-1.060989E+1
-1.124346E+1
-1.228275E+1
-1.461858E+1
-2.050005E+1
-2.050005E+1
-2.050005E+1
-2.050005E+1
-2.050005E+1
-2.050005E+1
-2.050005E+1
-2.050005E+1
-2.050005E+1
-2.050005E+1
-2.050005E+1
-2.050005E+1
-2.050005E+1
-2.050005E+1
-1.318680E+1
-1.101120E+1
-1.004982E+1
-9.505918E+0
-9.247198E+0
-9.186928E+0
-9.322168E+0
-9.663208E+0
-1.027326E+1
-1.130520E+1
-1.334262E+1
-2.050005E+1
-2.050005E+1
-2.050005E+1
-2.050005E+1
-2.050005E+1
-2.050005E+1
-2.050005E+1
-2.050005E+1
-1.461858E+1
-1.351020E+1
-1.326324E+1
-1.359840E+1
-1.447893E+1
-1.660896E+1
-2.050005E+1
-2.050005E+1
-2.050005E+1
-2.050005E+1
-1.410555E+1
-1.228275E+1
-1.118319E+1
-1.047759E+1
-9.996898E+0
-9.707308E+0
-9.604408E+0
-9.663208E+0
-9.896938E+0
-1.033206E+1
-1.106706E+1
-1.233273E+1
-1.627380E+1
-2.050005E+1
-2.050005E+1
-2.050005E+1
-2.050005E+1
-2.050005E+1
-2.050005E+1
-2.050005E+1
-2.050005E+1
-2.050005E+1
-2.050005E+1
-2.050005E+1
-1.549911E+1
-1.326324E+1
-1.228275E+1
-1.164477E+1
-1.115379E+1
-1.080099E+1
-1.049964E+1
-1.027326E+1
-1.012185E+1
-1.001454E+1
-9.980728E+0
-1.001454E+1
-1.012185E+1
-1.031148E+1
-1.058784E+1
-1.098327E+1
-1.157274E+1
-1.248855E+1
-1.447893E+1
-2.050005E+1
-2.050005E+1
-2.050005E+1
-2.050005E+1
-2.050005E+1
-2.050005E+1
-2.050005E+1
-2.050005E+1
-2.050005E+1
-2.050005E+1
-2.050005E+1
-2.050005E+1
-2.050005E+1
-2.050005E+1
-2.050005E+1
-2.050005E+1
-2.050005E+1
-1.378803E+1
-1.248855E+1
-1.191966E+1
-1.164477E+1
-1.157274E+1
-1.164477E+1
-1.183734E+1
-1.213869E+1
-1.260027E+1
-1.334262E+1
-1.447893E+1
-1.660896E+1
-2.050005E+1
-2.050005E+1
-2.050005E+1
-2.050005E+1
-2.050005E+1
-2.050005E+1
-2.050005E+1
-2.050005E+1
-2.050005E+1
-1.748949E+1
-1.700439E+1
-1.700439E+1
-1.748949E+1
-1.899477E+1
-1.899477E+1
-1.748949E+1
-1.598421E+1
-1.493022E+1
-1.410555E+1
-1.342494E+1
-1.290750E+1
-1.243563E+1
-1.209312E+1
-1.179765E+1
-1.153746E+1
-1.136841E+1
-1.130520E+1
-1.133607E+1
-1.150218E+1
-1.179765E+1
-1.228275E+1
-1.297365E+1
-1.378803E+1
-1.476852E+1
-1.510368E+1
-1.461858E+1
-1.359840E+1
-1.254441E+1
-1.175796E+1
-1.121259E+1
-1.082745E+1
-1.065693E+1
-1.063341E+1
-1.080099E+1
-1.112439E+1
-1.168152E+1
-1.238271E+1
-1.326324E+1
-1.422315E+1
-1.476852E+1
-1.447893E+1
-1.359840E+1
-1.271787E+1
-1.200492E+1
-1.143456E+1
-1.103913E+1
-1.072749E+1
-1.054374E+1
-1.045554E+1
-1.041438E+1
-1.041438E+1
-1.041438E+1
-1.043496E+1
-1.039380E+1
-1.035264E+1
-1.029237E+1
-1.023357E+1
-1.021446E+1
-1.027326E+1
-1.039380E+1
-1.063341E+1
-1.098327E+1
-1.146837E+1
-1.218573E+1
-1.318680E+1
-1.529331E+1
-2.050005E+1
-2.050005E+1
-2.050005E+1
-2.050005E+1
-2.050005E+1
-2.050005E+1
-2.050005E+1
-2.050005E+1
-2.050005E+1
-2.050005E+1
-2.050005E+1
-2.050005E+1
-1.493022E+1
-1.342494E+1
-1.260027E+1
-1.218573E+1
-1.196082E+1
-1.191966E+1
-1.204902E+1
-1.243563E+1
-1.297365E+1
-1.388799E+1
-1.493022E+1
-1.598421E+1
-1.549911E+1
-1.399383E+1
-1.254441E+1
-1.143456E+1
-1.058784E+1
-9.963088E+0
-9.492688E+0
-9.163408E+0
-8.929678E+0
-8.806198E+0
-8.776798E+0
-8.837068E+0
-8.982598E+0
-9.235438E+0
-9.633808E+0
-1.023357E+1
-1.121259E+1
-1.334262E+1
-2.050005E+1
-2.050005E+1
-2.050005E+1
-2.050005E+1
-2.050005E+1
-2.050005E+1
-2.050005E+1
-2.050005E+1
-2.050005E+1
-2.050005E+1
-2.050005E+1
-2.050005E+1
-2.050005E+1
-2.050005E+1
-2.050005E+1
-2.050005E+1
-2.050005E+1
-2.050005E+1
-2.050005E+1
-2.050005E+1
-1.598421E+1
-1.297365E+1
-1.204902E+1
-1.164477E+1
-1.160802E+1
-1.179765E+1
-1.223277E+1
-1.304274E+1
-1.434663E+1
-1.748949E+1
-2.050005E+1
-2.050005E+1
-2.050005E+1
-2.050005E+1
-2.050005E+1
-2.050005E+1
-2.050005E+1
-2.050005E+1
-2.050005E+1
-2.050005E+1
-2.050005E+1
-2.050005E+1
-2.050005E+1
-2.050005E+1
-2.050005E+1
-2.050005E+1
-2.050005E+1
-2.050005E+1
-2.050005E+1
-2.050005E+1
-2.050005E+1
-2.050005E+1
-2.050005E+1
-2.050005E+1
-2.050005E+1
-2.050005E+1
-2.050005E+1
-2.050005E+1
-2.050005E+1
-2.050005E+1
-2.050005E+1
-2.050005E+1
-2.050005E+1
-2.050005E+1
-2.050005E+1
-2.050005E+1
-2.050005E+1
-2.050005E+1
-2.050005E+1
-2.050005E+1
-2.050005E+1
-2.050005E+1
-1.461858E+1
-1.238271E+1
-1.133607E+1
-1.068045E+1
-1.027326E+1
-1.004982E+1
-9.980728E+0
-1.004982E+1
-1.027326E+1
-1.065693E+1
-1.124346E+1
-1.218573E+1
-1.388799E+1
-2.050005E+1
-2.050005E+1
-2.050005E+1
-2.050005E+1
-2.050005E+1
-2.050005E+1
-2.050005E+1
-2.050005E+1
-2.050005E+1
-2.050005E+1
-2.050005E+1
-2.050005E+1
-2.050005E+1
-2.050005E+1
-2.050005E+1
-2.050005E+1
-2.050005E+1
-1.318680E+1
-1.106706E+1
-1.017624E+1
-9.738178E+0
-9.561778E+0
-9.575008E+0
-9.769048E+0
-1.013949E+1
-1.072749E+1
-1.160802E+1
-1.311330E+1
-1.811424E+1
-2.050005E+1
-2.050005E+1
-2.050005E+1
-2.050005E+1
-2.050005E+1
-2.050005E+1
-2.050005E+1
-2.050005E+1
-2.050005E+1
-2.050005E+1
-2.050005E+1
-2.050005E+1
-2.050005E+1
-2.050005E+1
-2.050005E+1
-2.050005E+1
-2.050005E+1
-2.050005E+1
-2.050005E+1
-2.050005E+1
-2.050005E+1
-2.050005E+1
-2.050005E+1
-2.050005E+1
-1.598421E+1
-1.260027E+1
-1.121259E+1
-1.033206E+1
-9.722008E+0
-9.322168E+0
-9.104608E+0
-9.060508E+0
-9.210448E+0
-9.589708E+0
-1.033206E+1
-1.191966E+1
-2.050005E+1
-2.050005E+1
-2.050005E+1
-2.050005E+1
-2.050005E+1
-2.050005E+1
-2.050005E+1
-2.050005E+1
-2.050005E+1
-2.050005E+1
-2.050005E+1
-2.050005E+1
-2.050005E+1
-2.050005E+1
-2.050005E+1
-2.050005E+1
-2.050005E+1
-2.050005E+1
-1.410555E+1
-1.218573E+1
-1.127433E+1
-1.072749E+1
-1.045554E+1
-1.033206E+1
-1.035264E+1
-1.049964E+1
-1.070397E+1
-1.098327E+1
-1.124346E+1
-1.143456E+1
-1.146837E+1
-1.130520E+1
-1.106706E+1
-1.077747E+1
-1.054374E+1
-1.037322E+1
-1.031148E+1
-1.035264E+1
-1.052169E+1
-1.077747E+1
-1.115379E+1
-1.157274E+1
-1.200492E+1
-1.233273E+1
-1.254441E+1
-1.248855E+1
-1.238271E+1
-1.228275E+1
-1.218573E+1
-1.213869E+1
-1.213869E+1
-1.209312E+1
-1.196082E+1
-1.168152E+1
-1.130520E+1
-1.090389E+1
-1.054374E+1
-1.025268E+1
-1.003218E+1
-9.913108E+0
-9.863128E+0
-9.879298E+0
-9.946918E+0
-1.003218E+1
-1.010274E+1
-1.019535E+1
-1.029237E+1
-1.041438E+1
-1.058784E+1
-1.090389E+1
-1.133607E+1
-1.204902E+1
-1.311330E+1
-1.529331E+1
-2.050005E+1
-2.050005E+1
-2.050005E+1
-2.050005E+1
-2.050005E+1
-2.050005E+1
-2.050005E+1
-2.050005E+1
-2.050005E+1
-2.050005E+1
-1.660896E+1
-1.529331E+1
-1.434663E+1
-1.359840E+1
-1.290750E+1
-1.238271E+1
-1.200492E+1
-1.183734E+1
-1.179765E+1
-1.196082E+1
-1.238271E+1
-1.334262E+1
-1.627380E+1
-2.050005E+1
-2.050005E+1
-2.050005E+1
-2.050005E+1
-2.050005E+1
-2.050005E+1
-2.050005E+1
-2.050005E+1
-2.050005E+1
-2.050005E+1
-2.050005E+1
-1.660896E+1
-1.277961E+1
-1.146837E+1
-1.072749E+1
-1.023357E+1
-9.946918E+0
-9.769048E+0
-9.707308E+0
-9.752878E+0
-9.913108E+0
-1.013949E+1
-1.045554E+1
-1.080099E+1
-1.118319E+1
-1.153746E+1
-1.183734E+1
-1.204902E+1
-1.204902E+1
-1.196082E+1
-1.179765E+1
-1.150218E+1
-1.118319E+1
-1.075248E+1
-1.029237E+1
-9.846958E+0
-9.425068E+0
-9.048748E+0
-8.738578E+0
-8.491618E+0
-8.341678E+0
-8.287288E+0
-8.325508E+0
-8.457808E+0
-8.700358E+0
-9.048748E+0
-9.505918E+0
-1.010274E+1
-1.080099E+1
-1.164477E+1
-1.265907E+1
-1.399383E+1
-1.598421E+1
-2.050005E+1
-2.050005E+1
-2.050005E+1
-2.050005E+1
-2.050005E+1
-2.050005E+1
-2.050005E+1
-2.050005E+1
-2.050005E+1
-2.050005E+1
-2.050005E+1
-2.050005E+1
-2.050005E+1
-2.050005E+1
-2.050005E+1
-2.050005E+1
-2.050005E+1
-2.050005E+1
-2.050005E+1
-2.050005E+1
-2.050005E+1
-2.050005E+1
-2.050005E+1
-2.050005E+1
-2.050005E+1
-2.050005E+1
-2.050005E+1
-2.050005E+1
-2.050005E+1
-2.050005E+1
-2.050005E+1
-2.050005E+1
-2.050005E+1
-2.050005E+1
-2.050005E+1
-2.050005E+1
-2.050005E+1
-1.476852E+1
-1.378803E+1
-1.351020E+1
-1.359840E+1
-1.399383E+1
-1.493022E+1
-1.811424E+1
-2.050005E+1
-2.050005E+1
-2.050005E+1
-2.050005E+1
-2.050005E+1
-2.050005E+1
-2.050005E+1
-2.050005E+1
-2.050005E+1
-2.050005E+1
-2.050005E+1
-1.529331E+1
-1.388799E+1
-1.351020E+1
-1.351020E+1
-1.378803E+1
-1.422315E+1
-1.434663E+1
-1.388799E+1
-1.304274E+1
-1.223277E+1
-1.153746E+1
-1.098327E+1
-1.058784E+1
-1.035264E+1
-1.027326E+1
-1.033206E+1
-1.054374E+1
-1.090389E+1
-1.146837E+1
-1.238271E+1
-1.399383E+1
-2.050005E+1
-2.050005E+1
-2.050005E+1
-2.050005E+1
-2.050005E+1
-2.050005E+1
-2.050005E+1
-2.050005E+1
-2.050005E+1
-2.050005E+1
-2.050005E+1
-2.050005E+1
-2.050005E+1
-2.050005E+1
-2.050005E+1
-2.050005E+1
-2.050005E+1
-2.050005E+1
-2.050005E+1
-2.050005E+1
-2.050005E+1
-2.050005E+1
-2.050005E+1
-2.050005E+1
-2.050005E+1
-2.050005E+1
-2.050005E+1
-2.050005E+1
-2.050005E+1
-2.050005E+1
-2.050005E+1
-2.050005E+1
-2.050005E+1
-2.050005E+1
-2.050005E+1
-2.050005E+1
-1.447893E+1
-1.209312E+1
-1.106706E+1
-1.041438E+1
-1.001454E+1
-9.816088E+0
-9.783748E+0
-9.946918E+0
-1.037322E+1
-1.121259E+1
-1.311330E+1
-2.050005E+1
-2.050005E+1
-2.050005E+1
-2.050005E+1
-2.050005E+1
-2.050005E+1
-2.050005E+1
-2.050005E+1
-2.050005E+1
-2.050005E+1
-2.050005E+1
-2.050005E+1
-2.050005E+1
-2.050005E+1
-2.050005E+1
-1.284135E+1
-1.112439E+1
-1.010274E+1
-9.411838E+0
-8.888518E+0
-8.509258E+0
-8.240248E+0
-8.077078E+0
-7.993288E+0
-7.993288E+0
-8.063848E+0
-8.187328E+0
-8.374018E+0
-8.607748E+0
-8.867938E+0
-9.139888E+0
-9.425068E+0
-9.722008E+0
-1.003218E+1
-1.035264E+1
-1.063341E+1
-1.093035E+1
-1.118319E+1
-1.143456E+1
-1.164477E+1
-1.183734E+1
-1.200492E+1
-1.218573E+1
-1.233273E+1
-1.254441E+1
-1.284135E+1
-1.326324E+1
-1.388799E+1
-1.549911E+1
-2.050005E+1
-2.050005E+1
-2.050005E+1
-2.050005E+1
-2.050005E+1
-2.050005E+1
-2.050005E+1
-2.050005E+1
-2.050005E+1
-2.050005E+1
-2.050005E+1
-2.050005E+1
-2.050005E+1
-2.050005E+1
-1.899477E+1
-1.277961E+1
-1.140222E+1
-1.058784E+1
-1.008510E+1
-9.722008E+0
-9.464758E+0
-9.283948E+0
-9.175168E+0
-9.151648E+0
-9.222208E+0
-9.385378E+0
-9.663208E+0
-1.006746E+1
-1.063341E+1
-1.136841E+1
-1.233273E+1
-1.342494E+1
-1.447893E+1
-1.493022E+1
-1.447893E+1
-1.351020E+1
-1.271787E+1
-1.213869E+1
-1.160802E+1
-1.121259E+1
-1.085244E+1
-1.054374E+1
-1.025268E+1
-9.996898E+0
-9.783748E+0
-9.619108E+0
-9.533848E+0
-9.505918E+0
-9.561778E+0
-9.677908E+0
-9.879298E+0
-1.017624E+1
-1.054374E+1
-1.101120E+1
-1.157274E+1
-1.218573E+1
-1.277961E+1
-1.326324E+1
-1.326324E+1
-1.284135E+1
-1.213869E+1
-1.146837E+1
-1.087743E+1
-1.041438E+1
-1.004982E+1
-9.830788E+0
-9.722008E+0
-9.722008E+0
-9.799918E+0
-9.946918E+0
-1.017624E+1
-1.043496E+1
-1.072749E+1
-1.098327E+1
-1.121259E+1
-1.140222E+1
-1.157274E+1
-1.168152E+1
-1.171974E+1
-1.160802E+1
-1.133607E+1
-1.098327E+1
-1.052169E+1
-1.004982E+1
-9.589708E+0
-9.210448E+0
-8.909098E+0
-8.709178E+0
-8.625388E+0
-8.653318E+0
-8.806198E+0
-9.128128E+0
-9.663208E+0
-1.052169E+1
-1.213869E+1
-2.050005E+1
-2.050005E+1
-2.050005E+1
-2.050005E+1
-2.050005E+1
-2.050005E+1
-2.050005E+1
-2.050005E+1
-2.050005E+1
-2.050005E+1
-2.050005E+1
-2.050005E+1
-2.050005E+1
-2.050005E+1
-2.050005E+1
-2.050005E+1
-2.050005E+1
-2.050005E+1
-2.050005E+1
-2.050005E+1
-2.050005E+1
-2.050005E+1
-2.050005E+1
-2.050005E+1
-2.050005E+1
-2.050005E+1
-2.050005E+1
-2.050005E+1
-2.050005E+1
-2.050005E+1
-2.050005E+1
-2.050005E+1
-2.050005E+1
-2.050005E+1
-2.050005E+1
-2.050005E+1
-2.050005E+1
-2.050005E+1
-2.050005E+1
-2.050005E+1
-2.050005E+1
-2.050005E+1
-2.050005E+1
-2.050005E+1
-1.529331E+1
-1.243563E+1
-1.121259E+1
-1.047759E+1
-9.963088E+0
-9.575008E+0
-9.283948E+0
-9.082558E+0
-8.929678E+0
-8.847358E+0
-8.826778E+0
-8.867938E+0
-8.972308E+0
-9.163408E+0
-9.451528E+0
-9.846958E+0
-1.039380E+1
-1.115379E+1
-1.228275E+1
-1.461858E+1
-2.050005E+1
-2.050005E+1
-2.050005E+1
-2.050005E+1
-2.050005E+1
-2.050005E+1
-2.050005E+1
-2.050005E+1
-2.050005E+1
-2.050005E+1
-2.050005E+1
-2.050005E+1
-2.050005E+1
-1.529331E+1
-1.304274E+1
-1.209312E+1
-1.164477E+1
-1.140222E+1
-1.140222E+1
-1.150218E+1
-1.179765E+1
-1.213869E+1
-1.265907E+1
-1.326324E+1
-1.399383E+1
-1.529331E+1
-1.899477E+1
-2.050005E+1
-2.050005E+1
-2.050005E+1
-2.050005E+1
-2.050005E+1
-2.050005E+1
-2.050005E+1
-2.050005E+1
-2.050005E+1
-2.050005E+1
-2.050005E+1
-2.050005E+1
-2.050005E+1
-2.050005E+1
-2.050005E+1
-2.050005E+1
