Date/Time	2022-06-03 21:57:37
Line location	3
Line name	C1
OTDR wavelength [nm]	1310
OTDR pulse duration [ns]	2
OTDR scan time [s]	10
OTDR scan length [m]	1.500000E+2
Length offset [m]	0.000000E+0
Length increment [m]	3.996806E-2
Switch ID	VIAVI Solutions,OTU 8000E,11654,FO,16.76
OTDR ID	JDSU,OTU 8000E,11654,OTU(SmartOTU),V7.22

Reflected amplitude [dB]
6.517820E-1
6.459020E-1
6.253220E-1
5.871020E-1
5.400620E-1
4.959620E-1
4.606820E-1
4.356920E-1
4.195220E-1
4.151120E-1
4.312820E-1
4.680320E-1
5.165420E-1
5.665220E-1
6.120920E-1
6.459020E-1
6.708920E-1
6.885320E-1
6.973520E-1
6.988220E-1
6.841220E-1
6.444320E-1
5.885720E-1
5.209520E-1
4.371620E-1
3.430820E-1
2.548820E-1
1.755020E-1
1.064120E-1
4.614200E-2
-5.308000E-3
-5.234800E-2
-9.350800E-2
-1.317280E-1
-1.655380E-1
-1.964080E-1
-2.243380E-1
-2.478580E-1
-2.684380E-1
-2.846080E-1
-2.978380E-1
-3.066580E-1
-3.140080E-1
-3.169480E-1
-3.198880E-1
-3.198880E-1
-3.213580E-1
-3.228280E-1
-3.257680E-1
-3.316480E-1
-3.404680E-1
-3.507580E-1
-3.654580E-1
-3.816280E-1
-4.007380E-1
-4.213180E-1
-4.433680E-1
-4.654180E-1
-4.859980E-1
-5.051080E-1
-5.212780E-1
-5.359780E-1
-5.462680E-1
-5.536180E-1
-5.580280E-1
-5.580280E-1
-5.565580E-1
-5.521480E-1
-5.447980E-1
-5.345080E-1
-5.212780E-1
-5.036380E-1
-4.815880E-1
-4.433680E-1
-3.816280E-1
-2.963680E-1
-2.022880E-1
-1.126180E-1
-3.617800E-2
2.703200E-2
7.554200E-2
1.137620E-1
1.416920E-1
1.593320E-1
1.710920E-1
1.681520E-1
1.475720E-1
1.078820E-1
4.908200E-2
-2.735800E-2
-1.111480E-1
-1.919980E-1
-2.654980E-1
-3.316480E-1
-3.904480E-1
-4.448380E-1
-4.948180E-1
-5.403880E-1
-5.800780E-1
-6.153580E-1
-6.447580E-1
-6.697480E-1
-6.903280E-1
-7.064980E-1
-7.182580E-1
-7.270780E-1
-7.329580E-1
-7.373680E-1
-7.417780E-1
-7.447180E-1
-7.476580E-1
-7.491280E-1
-7.505980E-1
-7.520680E-1
-7.520680E-1
-7.520680E-1
-7.505980E-1
-7.505980E-1
-7.491280E-1
-7.505980E-1
-7.535380E-1
-7.579480E-1
-7.623580E-1
-7.697080E-1
-7.770580E-1
-7.844080E-1
-7.902880E-1
-7.946980E-1
-7.976380E-1
-7.976380E-1
-7.961680E-1
-7.917580E-1
-7.873480E-1
-7.844080E-1
-7.799980E-1
-7.770580E-1
-7.755880E-1
-7.770580E-1
-7.785280E-1
-7.814680E-1
-7.858780E-1
-7.902880E-1
-7.961680E-1
-8.020480E-1
-8.064580E-1
-8.093980E-1
-8.093980E-1
-8.064580E-1
-7.991080E-1
-7.873480E-1
-7.697080E-1
-7.491280E-1
-7.226680E-1
-6.962080E-1
-6.668080E-1
-6.403480E-1
-6.138880E-1
-5.903680E-1
-5.697880E-1
-5.550880E-1
-5.447980E-1
-5.389180E-1
-5.359780E-1
-5.389180E-1
-5.433280E-1
-5.506780E-1
-5.594980E-1
-5.683180E-1
-5.771380E-1
-5.859580E-1
-5.947780E-1
-6.050680E-1
-6.138880E-1
-6.241780E-1
-6.359380E-1
-6.476980E-1
-6.594580E-1
-6.741580E-1
-6.859180E-1
-6.991480E-1
-7.094380E-1
-7.182580E-1
-7.241380E-1
-7.270780E-1
-7.285480E-1
-7.270780E-1
-7.241380E-1
-7.182580E-1
-7.123780E-1
-7.035580E-1
-6.947380E-1
-6.859180E-1
-6.756280E-1
-6.653380E-1
-6.565180E-1
-6.491680E-1
-6.447580E-1
-6.432880E-1
-6.432880E-1
-6.476980E-1
-6.535780E-1
-6.623980E-1
-6.712180E-1
-6.800380E-1
-6.888580E-1
-6.962080E-1
-7.006180E-1
-7.035580E-1
-7.050280E-1
-7.064980E-1
-7.079680E-1
-7.079680E-1
-7.079680E-1
-7.079680E-1
-7.064980E-1
-7.050280E-1
-7.035580E-1
-7.006180E-1
-6.962080E-1
-6.903280E-1
-6.859180E-1
-6.815080E-1
-6.770980E-1
-6.756280E-1
-6.756280E-1
-6.756280E-1
-6.785680E-1
-6.829780E-1
-6.873880E-1
-6.917980E-1
-6.962080E-1
-6.991480E-1
-7.035580E-1
-7.079680E-1
-7.123780E-1
-7.167880E-1
-7.197280E-1
-7.226680E-1
-7.241380E-1
-7.256080E-1
-7.256080E-1
-7.241380E-1
-7.226680E-1
-7.211980E-1
-7.182580E-1
-7.167880E-1
-7.138480E-1
-7.123780E-1
-7.094380E-1
-7.079680E-1
-7.064980E-1
-7.050280E-1
-7.050280E-1
-7.050280E-1
-7.064980E-1
-7.094380E-1
-7.123780E-1
-7.153180E-1
-7.167880E-1
-7.197280E-1
-7.211980E-1
-7.226680E-1
-7.241380E-1
-7.256080E-1
-7.270780E-1
-7.285480E-1
-7.300180E-1
-7.329580E-1
-7.358980E-1
-7.373680E-1
-7.388380E-1
-7.403080E-1
-7.403080E-1
-7.388380E-1
-7.373680E-1
-7.373680E-1
-7.358980E-1
-7.358980E-1
-7.373680E-1
-7.403080E-1
-7.447180E-1
-7.505980E-1
-7.564780E-1
-7.608880E-1
-7.638280E-1
-7.638280E-1
-7.608880E-1
-7.550080E-1
-7.461880E-1
-7.344280E-1
-7.211980E-1
-7.064980E-1
-6.917980E-1
-6.800380E-1
-6.697480E-1
-6.609280E-1
-6.565180E-1
-6.550480E-1
-6.550480E-1
-6.594580E-1
-6.653380E-1
-6.712180E-1
-6.800380E-1
-6.873880E-1
-6.947380E-1
-7.006180E-1
-7.050280E-1
-7.079680E-1
-7.109080E-1
-7.138480E-1
-7.153180E-1
-7.167880E-1
-7.197280E-1
-7.226680E-1
-7.256080E-1
-7.285480E-1
-7.300180E-1
-7.300180E-1
-7.285480E-1
-7.270780E-1
-7.226680E-1
-7.182580E-1
-7.138480E-1
-7.094380E-1
-7.064980E-1
-7.035580E-1
-7.006180E-1
-6.976780E-1
-6.947380E-1
-6.917980E-1
-6.903280E-1
-6.873880E-1
-6.859180E-1
-6.844480E-1
-6.829780E-1
-6.829780E-1
-6.829780E-1
-6.844480E-1
-6.873880E-1
-6.903280E-1
-6.962080E-1
-7.035580E-1
-7.109080E-1
-7.197280E-1
-7.285480E-1
-7.358980E-1
-7.417780E-1
-7.461880E-1
-7.491280E-1
-7.491280E-1
-7.491280E-1
-7.476580E-1
-7.491280E-1
-7.505980E-1
-7.535380E-1
-7.564780E-1
-7.608880E-1
-7.652980E-1
-7.682380E-1
-7.711780E-1
-7.711780E-1
-7.711780E-1
-7.697080E-1
-7.667680E-1
-7.638280E-1
-7.608880E-1
-7.564780E-1
-7.505980E-1
-7.447180E-1
-7.373680E-1
-7.300180E-1
-7.211980E-1
-7.109080E-1
-7.020880E-1
-6.947380E-1
-6.873880E-1
-6.829780E-1
-6.800380E-1
-6.785680E-1
-6.785680E-1
-6.800380E-1
-6.800380E-1
-6.800380E-1
-6.785680E-1
-6.756280E-1
-6.712180E-1
-6.653380E-1
-6.609280E-1
-6.550480E-1
-6.506380E-1
-6.462280E-1
-6.447580E-1
-6.418180E-1
-6.403480E-1
-6.403480E-1
-6.403480E-1
-6.403480E-1
-6.432880E-1
-6.462280E-1
-6.506380E-1
-6.565180E-1
-6.623980E-1
-6.697480E-1
-6.785680E-1
-6.859180E-1
-6.932680E-1
-7.006180E-1
-7.064980E-1
-7.109080E-1
-7.138480E-1
-7.138480E-1
-7.138480E-1
-7.109080E-1
-7.064980E-1
-7.006180E-1
-6.947380E-1
-6.888580E-1
-6.815080E-1
-6.770980E-1
-6.726880E-1
-6.712180E-1
-6.712180E-1
-6.741580E-1
-6.785680E-1
-6.844480E-1
-6.903280E-1
-6.976780E-1
-7.050280E-1
-7.123780E-1
-7.182580E-1
-7.241380E-1
-7.300180E-1
-7.329580E-1
-7.373680E-1
-7.388380E-1
-7.417780E-1
-7.432480E-1
-7.447180E-1
-7.461880E-1
-7.476580E-1
-7.476580E-1
-7.476580E-1
-7.461880E-1
-7.461880E-1
-7.447180E-1
-7.432480E-1
-7.432480E-1
-7.432480E-1
-7.432480E-1
-7.447180E-1
-7.447180E-1
-7.447180E-1
-7.432480E-1
-7.403080E-1
-7.373680E-1
-7.329580E-1
-7.270780E-1
-7.211980E-1
-7.167880E-1
-7.109080E-1
-7.064980E-1
-7.020880E-1
-6.962080E-1
-6.917980E-1
-6.873880E-1
-6.829780E-1
-6.800380E-1
-6.770980E-1
-6.756280E-1
-6.741580E-1
-6.726880E-1
-6.712180E-1
-6.697480E-1
-6.682780E-1
-6.668080E-1
-6.653380E-1
-6.653380E-1
-6.653380E-1
-6.668080E-1
-6.697480E-1
-6.726880E-1
-6.770980E-1
-6.815080E-1
-6.859180E-1
-6.903280E-1
-6.932680E-1
-6.947380E-1
-6.947380E-1
-6.947380E-1
-6.932680E-1
-6.888580E-1
-6.859180E-1
-6.815080E-1
-6.770980E-1
-6.726880E-1
-6.697480E-1
-6.697480E-1
-6.726880E-1
-6.770980E-1
-6.844480E-1
-6.947380E-1
-7.050280E-1
-7.153180E-1
-7.241380E-1
-7.300180E-1
-7.329580E-1
-7.329580E-1
-7.300180E-1
-7.241380E-1
-7.167880E-1
-7.079680E-1
-7.006180E-1
-6.932680E-1
-6.873880E-1
-6.815080E-1
-6.785680E-1
-6.756280E-1
-6.726880E-1
-6.682780E-1
-6.653380E-1
-6.609280E-1
-6.565180E-1
-6.521080E-1
-6.491680E-1
-6.462280E-1
-6.432880E-1
-6.432880E-1
-6.447580E-1
-6.476980E-1
-6.535780E-1
-6.609280E-1
-6.697480E-1
-6.815080E-1
-6.932680E-1
-7.064980E-1
-7.211980E-1
-7.329580E-1
-7.447180E-1
-7.535380E-1
-7.608880E-1
-7.652980E-1
-7.667680E-1
-7.652980E-1
-7.623580E-1
-7.579480E-1
-7.535380E-1
-7.491280E-1
-7.447180E-1
-7.403080E-1
-7.373680E-1
-7.344280E-1
-7.314880E-1
-7.300180E-1
-7.285480E-1
-7.285480E-1
-7.285480E-1
-7.285480E-1
-7.300180E-1
-7.300180E-1
-7.285480E-1
-7.285480E-1
-7.270780E-1
-7.241380E-1
-7.226680E-1
-7.211980E-1
-7.197280E-1
-7.197280E-1
-7.211980E-1
-7.226680E-1
-7.241380E-1
-7.241380E-1
-7.256080E-1
-7.256080E-1
-7.256080E-1
-7.241380E-1
-7.211980E-1
-7.182580E-1
-7.167880E-1
-7.138480E-1
-7.109080E-1
-7.094380E-1
-7.094380E-1
-7.094380E-1
-7.094380E-1
-7.109080E-1
-7.123780E-1
-7.138480E-1
-7.138480E-1
-7.138480E-1
-7.138480E-1
-7.123780E-1
-7.109080E-1
-7.094380E-1
-7.079680E-1
-7.079680E-1
-7.094380E-1
-7.123780E-1
-7.153180E-1
-7.182580E-1
-7.226680E-1
-7.256080E-1
-7.285480E-1
-7.300180E-1
-7.300180E-1
-7.300180E-1
-7.270780E-1
-7.241380E-1
-7.197280E-1
-7.153180E-1
-7.094380E-1
-7.020880E-1
-6.947380E-1
-6.859180E-1
-6.770980E-1
-6.682780E-1
-6.594580E-1
-6.506380E-1
-6.432880E-1
-6.374080E-1
-6.329980E-1
-6.300580E-1
-6.285880E-1
-6.285880E-1
-6.285880E-1
-6.285880E-1
-6.300580E-1
-6.315280E-1
-6.329980E-1
-6.329980E-1
-6.359380E-1
-6.374080E-1
-6.403480E-1
-6.447580E-1
-6.506380E-1
-6.565180E-1
-6.623980E-1
-6.697480E-1
-6.756280E-1
-6.815080E-1
-6.859180E-1
-6.888580E-1
-6.932680E-1
-6.962080E-1
-6.991480E-1
-7.020880E-1
-7.050280E-1
-7.079680E-1
-7.109080E-1
-7.123780E-1
-7.138480E-1
-7.138480E-1
-7.123780E-1
-7.094380E-1
-7.064980E-1
-7.035580E-1
-7.006180E-1
-6.991480E-1
-6.991480E-1
-7.020880E-1
-7.035580E-1
-7.064980E-1
-7.094380E-1
-7.109080E-1
-7.109080E-1
-7.079680E-1
-7.064980E-1
-7.035580E-1
-7.020880E-1
-7.020880E-1
-7.050280E-1
-7.094380E-1
-7.153180E-1
-7.211980E-1
-7.285480E-1
-7.329580E-1
-7.373680E-1
-7.388380E-1
-7.373680E-1
-7.344280E-1
-7.314880E-1
-7.270780E-1
-7.226680E-1
-7.182580E-1
-7.153180E-1
-7.123780E-1
-7.094380E-1
-7.064980E-1
-7.035580E-1
-7.006180E-1
-6.991480E-1
-6.976780E-1
-6.962080E-1
-6.962080E-1
-6.962080E-1
-6.962080E-1
-6.976780E-1
-6.976780E-1
-6.976780E-1
-6.991480E-1
-6.991480E-1
-6.991480E-1
-6.991480E-1
-6.976780E-1
-6.962080E-1
-6.947380E-1
-6.932680E-1
-6.932680E-1
-6.932680E-1
-6.947380E-1
-6.976780E-1
-7.020880E-1
-7.064980E-1
-7.123780E-1
-7.182580E-1
-7.241380E-1
-7.300180E-1
-7.329580E-1
-7.344280E-1
-7.358980E-1
-7.329580E-1
-7.285480E-1
-7.226680E-1
-7.138480E-1
-7.035580E-1
-6.917980E-1
-6.785680E-1
-6.668080E-1
-6.550480E-1
-6.447580E-1
-6.359380E-1
-6.300580E-1
-6.285880E-1
-6.300580E-1
-6.344680E-1
-6.432880E-1
-6.550480E-1
-6.697480E-1
-6.859180E-1
-7.035580E-1
-7.182580E-1
-7.314880E-1
-7.417780E-1
-7.476580E-1
-7.476580E-1
-7.447180E-1
-7.373680E-1
-7.285480E-1
-7.182580E-1
-7.079680E-1
-6.991480E-1
-6.932680E-1
-6.903280E-1
-6.888580E-1
-6.903280E-1
-6.947380E-1
-6.991480E-1
-7.050280E-1
-7.109080E-1
-7.167880E-1
-7.226680E-1
-7.270780E-1
-7.300180E-1
-7.329580E-1
-7.344280E-1
-7.344280E-1
-7.344280E-1
-7.329580E-1
-7.300180E-1
-7.256080E-1
-7.211980E-1
-7.153180E-1
-7.094380E-1
-7.020880E-1
-6.962080E-1
-6.917980E-1
-6.873880E-1
-6.859180E-1
-6.859180E-1
-6.873880E-1
-6.903280E-1
-6.932680E-1
-6.962080E-1
-6.991480E-1
-7.020880E-1
-7.035580E-1
-7.050280E-1
-7.050280E-1
-7.050280E-1
-7.064980E-1
-7.064980E-1
-7.079680E-1
-7.094380E-1
-7.109080E-1
-7.109080E-1
-7.123780E-1
-7.138480E-1
-7.138480E-1
-7.153180E-1
-7.153180E-1
-7.167880E-1
-7.197280E-1
-7.226680E-1
-7.256080E-1
-7.300180E-1
-7.358980E-1
-7.417780E-1
-7.491280E-1
-7.550080E-1
-7.608880E-1
-7.652980E-1
-7.711780E-1
-7.741180E-1
-7.770580E-1
-7.799980E-1
-7.829380E-1
-7.844080E-1
-7.844080E-1
-7.844080E-1
-7.844080E-1
-7.814680E-1
-7.785280E-1
-7.741180E-1
-7.682380E-1
-7.623580E-1
-7.564780E-1
-7.491280E-1
-7.417780E-1
-7.358980E-1
-7.285480E-1
-7.226680E-1
-7.167880E-1
-7.123780E-1
-7.079680E-1
-7.050280E-1
-7.020880E-1
-7.006180E-1
-7.006180E-1
-7.020880E-1
-7.035580E-1
-7.064980E-1
-7.109080E-1
-7.153180E-1
-7.197280E-1
-7.226680E-1
-7.256080E-1
-7.256080E-1
-7.256080E-1
-7.241380E-1
-7.211980E-1
-7.197280E-1
-7.197280E-1
-7.197280E-1
-7.226680E-1
-7.270780E-1
-7.329580E-1
-7.403080E-1
-7.476580E-1
-7.535380E-1
-7.579480E-1
-7.608880E-1
-7.594180E-1
-7.564780E-1
-7.520680E-1
-7.447180E-1
-7.388380E-1
-7.300180E-1
-7.226680E-1
-7.153180E-1
-7.064980E-1
-6.962080E-1
-6.873880E-1
-6.770980E-1
-6.682780E-1
-6.609280E-1
-6.550480E-1
-6.521080E-1
-6.521080E-1
-6.550480E-1
-6.609280E-1
-6.682780E-1
-6.770980E-1
-6.873880E-1
-6.962080E-1
-7.050280E-1
-7.123780E-1
-7.182580E-1
-7.226680E-1
-7.256080E-1
-7.270780E-1
-7.270780E-1
-7.256080E-1
-7.226680E-1
-7.211980E-1
-7.182580E-1
-7.153180E-1
-7.123780E-1
-7.109080E-1
-7.079680E-1
-7.064980E-1
-7.050280E-1
-7.020880E-1
-6.991480E-1
-6.962080E-1
-6.932680E-1
-6.903280E-1
-6.873880E-1
-6.859180E-1
-6.859180E-1
-6.873880E-1
-6.903280E-1
-6.962080E-1
-7.006180E-1
-7.064980E-1
-7.123780E-1
-7.153180E-1
-7.167880E-1
-7.153180E-1
-7.109080E-1
-7.050280E-1
-6.976780E-1
-6.917980E-1
-6.859180E-1
-6.815080E-1
-6.800380E-1
-6.800380E-1
-6.844480E-1
-6.903280E-1
-6.976780E-1
-7.079680E-1
-7.167880E-1
-7.285480E-1
-7.373680E-1
-7.476580E-1
-7.550080E-1
-7.623580E-1
-7.667680E-1
-7.697080E-1
-7.711780E-1
-7.697080E-1
-7.667680E-1
-7.623580E-1
-7.550080E-1
-7.491280E-1
-7.417780E-1
-7.344280E-1
-7.285480E-1
-7.226680E-1
-7.197280E-1
-7.182580E-1
-7.167880E-1
-7.182580E-1
-7.197280E-1
-7.211980E-1
-7.256080E-1
-7.285480E-1
-7.314880E-1
-7.358980E-1
-7.388380E-1
-7.417780E-1
-7.447180E-1
-7.461880E-1
-7.461880E-1
-7.447180E-1
-7.432480E-1
-7.388380E-1
-7.344280E-1
-7.285480E-1
-7.211980E-1
-7.153180E-1
-7.094380E-1
-7.035580E-1
-6.991480E-1
-6.947380E-1
-6.917980E-1
-6.888580E-1
-6.888580E-1
-6.888580E-1
-6.888580E-1
-6.903280E-1
-6.932680E-1
-6.976780E-1
-7.020880E-1
-7.079680E-1
-7.138480E-1
-7.197280E-1
-7.241380E-1
-7.285480E-1
-7.300180E-1
-7.329580E-1
-7.344280E-1
-7.358980E-1
-7.373680E-1
-7.403080E-1
-7.432480E-1
-7.461880E-1
-7.491280E-1
-7.520680E-1
-7.535380E-1
-7.520680E-1
-7.491280E-1
-7.432480E-1
-7.358980E-1
-7.270780E-1
-7.167880E-1
-7.079680E-1
-6.976780E-1
-6.888580E-1
-6.815080E-1
-6.741580E-1
-6.682780E-1
-6.638680E-1
-6.609280E-1
-6.594580E-1
-6.609280E-1
-6.638680E-1
-6.682780E-1
-6.756280E-1
-6.829780E-1
-6.917980E-1
-7.006180E-1
-7.094380E-1
-7.182580E-1
-7.256080E-1
-7.329580E-1
-7.403080E-1
-7.476580E-1
-7.564780E-1
-7.682380E-1
-7.844080E-1
-8.035180E-1
-8.270380E-1
-8.564380E-1
-8.917180E-1
-9.314080E-1
-9.755080E-1
-1.022548E+0
-1.072528E+0
-1.123978E+0
-1.175428E+0
-1.226878E+0
-1.278328E+0
-1.331248E+0
-1.382698E+0
-1.434148E+0
-1.485598E+0
-1.535578E+0
-1.584088E+0
-1.628188E+0
-1.669348E+0
-1.704628E+0
-1.735498E+0
-1.760488E+0
-1.779598E+0
-1.792828E+0
-1.803118E+0
-1.810468E+0
-1.816348E+0
-1.823698E+0
-1.831048E+0
-1.842808E+0
-1.857508E+0
-1.873678E+0
-1.891318E+0
-1.910428E+0
-1.928068E+0
-1.942768E+0
-1.955998E+0
-1.967758E+0
-1.976578E+0
-1.986868E+0
-1.998628E+0
-2.010388E+0
-2.025088E+0
-2.039788E+0
-2.057428E+0
-2.073598E+0
-2.089768E+0
-2.102998E+0
-2.113288E+0
-2.122108E+0
-2.127988E+0
-2.130928E+0
-2.133868E+0
-2.135338E+0
-2.136808E+0
-2.139748E+0
-2.142688E+0
-2.145628E+0
-2.148568E+0
-2.150038E+0
-2.150038E+0
-2.150038E+0
-2.148568E+0
-2.145628E+0
-2.144158E+0
-2.142688E+0
-2.142688E+0
-2.144158E+0
-2.148568E+0
-2.155918E+0
-2.166208E+0
-2.179438E+0
-2.192668E+0
-2.207368E+0
-2.222068E+0
-2.238238E+0
-2.254408E+0
-2.270578E+0
-2.288218E+0
-2.305858E+0
-2.323498E+0
-2.342608E+0
-2.360248E+0
-2.374948E+0
-2.389648E+0
-2.399938E+0
-2.408758E+0
-2.413168E+0
-2.417578E+0
-2.420518E+0
-2.421988E+0
-2.424928E+0
-2.427868E+0
-2.430808E+0
-2.435218E+0
-2.442568E+0
-2.448448E+0
-2.454328E+0
-2.461678E+0
-2.466088E+0
-2.467558E+0
-2.467558E+0
-2.463148E+0
-2.455798E+0
-2.448448E+0
-2.442568E+0
-2.438158E+0
-2.438158E+0
-2.445508E+0
-2.457268E+0
-2.473438E+0
-2.494018E+0
-2.514598E+0
-2.535178E+0
-2.551348E+0
-2.564578E+0
-2.571928E+0
-2.573398E+0
-2.571928E+0
-2.566048E+0
-2.558698E+0
-2.549878E+0
-2.541058E+0
-2.532238E+0
-2.527828E+0
-2.526358E+0
-2.529298E+0
-2.536648E+0
-2.546938E+0
-2.561638E+0
-2.574868E+0
-2.586628E+0
-2.595448E+0
-2.598388E+0
-2.598388E+0
-2.593978E+0
-2.588098E+0
-2.580748E+0
-2.576338E+0
-2.576338E+0
-2.579278E+0
-2.585158E+0
-2.592508E+0
-2.599858E+0
-2.605738E+0
-2.608678E+0
-2.607208E+0
-2.604268E+0
-2.595448E+0
-2.588098E+0
-2.577808E+0
-2.568988E+0
-2.561638E+0
-2.558698E+0
-2.558698E+0
-2.563108E+0
-2.570458E+0
-2.582218E+0
-2.596918E+0
-2.614558E+0
-2.635138E+0
-2.658658E+0
-2.683648E+0
-2.711578E+0
-2.742448E+0
-2.773318E+0
-2.802718E+0
-2.832118E+0
-2.860048E+0
-2.883568E+0
-2.902678E+0
-2.915908E+0
-2.924728E+0
-2.927668E+0
-2.923258E+0
-2.915908E+0
-2.905618E+0
-2.890918E+0
-2.874748E+0
-2.857108E+0
-2.839468E+0
-2.823298E+0
-2.810068E+0
-2.798308E+0
-2.789488E+0
-2.785078E+0
-2.783608E+0
-2.785078E+0
-2.788018E+0
-2.792428E+0
-2.798308E+0
-2.805658E+0
-2.814478E+0
-2.827708E+0
-2.843878E+0
-2.862988E+0
-2.887978E+0
-2.915908E+0
-2.948248E+0
-2.982058E+0
-3.014398E+0
-3.045268E+0
-3.073198E+0
-3.096718E+0
-3.117298E+0
-3.131998E+0
-3.143758E+0
-3.152578E+0
-3.159928E+0
-3.164338E+0
-3.168748E+0
-3.173158E+0
-3.179038E+0
-3.186388E+0
-3.196678E+0
-3.209908E+0
-3.224608E+0
-3.240778E+0
-3.258418E+0
-3.271648E+0
-3.280468E+0
-3.281938E+0
-3.276058E+0
-3.265768E+0
-3.249598E+0
-3.231958E+0
-3.214318E+0
-3.198148E+0
-3.184918E+0
-3.174628E+0
-3.168748E+0
-3.167278E+0
-3.171688E+0
-3.180508E+0
-3.195208E+0
-3.215788E+0
-3.240778E+0
-3.270178E+0
-3.301048E+0
-3.328978E+0
-3.351028E+0
-3.365728E+0
-3.370138E+0
-3.365728E+0
-3.353968E+0
-3.342208E+0
-3.330448E+0
-3.324568E+0
-3.323098E+0
-3.331918E+0
-3.345148E+0
-3.362788E+0
-3.381898E+0
-3.399538E+0
-3.414238E+0
-3.423058E+0
-3.428938E+0
-3.431878E+0
-3.431878E+0
-3.431878E+0
-3.433348E+0
-3.440698E+0
-3.450988E+0
-3.464218E+0
-3.481858E+0
-3.499498E+0
-3.518608E+0
-3.536248E+0
-3.552418E+0
-3.565648E+0
-3.578878E+0
-3.589168E+0
-3.597988E+0
-3.605338E+0
-3.614158E+0
-3.621508E+0
-3.628858E+0
-3.634738E+0
-3.636208E+0
-3.639148E+0
-3.636208E+0
-3.634738E+0
-3.628858E+0
-3.624448E+0
-3.618568E+0
-3.614158E+0
-3.614158E+0
-3.614158E+0
-3.617098E+0
-3.622978E+0
-3.628858E+0
-3.634738E+0
-3.636208E+0
-3.636208E+0
-3.634738E+0
-3.631798E+0
-3.628858E+0
-3.631798E+0
-3.639148E+0
-3.656788E+0
-3.681778E+0
-3.717058E+0
-3.759688E+0
-3.803788E+0
-3.847888E+0
-3.886108E+0
-3.912568E+0
-3.928738E+0
-3.931678E+0
-3.922858E+0
-3.908158E+0
-3.889048E+0
-3.869938E+0
-3.855238E+0
-3.844948E+0
-3.839068E+0
-3.839068E+0
-3.843478E+0
-3.852298E+0
-3.866998E+0
-3.886108E+0
-3.908158E+0
-3.936088E+0
-3.968428E+0
-4.003708E+0
-4.038988E+0
-4.068388E+0
-4.091908E+0
-4.102198E+0
-4.100728E+0
-4.087498E+0
-4.063978E+0
-4.034578E+0
-4.000768E+0
-3.969898E+0
-3.943438E+0
-3.927268E+0
-3.918448E+0
-3.918448E+0
-3.925798E+0
-3.939028E+0
-3.955198E+0
-3.971368E+0
-3.986068E+0
-3.996358E+0
-4.003708E+0
-4.008118E+0
-4.005178E+0
-3.999298E+0
-3.989008E+0
-3.978718E+0
-3.969898E+0
-3.962548E+0
-3.961078E+0
-3.965488E+0
-3.975778E+0
-3.991948E+0
-4.011058E+0
-4.033108E+0
-4.052218E+0
-4.071328E+0
-4.084558E+0
-4.094848E+0
-4.100728E+0
-4.106608E+0
-4.111018E+0
-4.121308E+0
-4.131598E+0
-4.143358E+0
-4.158058E+0
-4.172758E+0
-4.187458E+0
-4.199218E+0
-4.212448E+0
-4.225678E+0
-4.243318E+0
-4.263898E+0
-4.288888E+0
-4.318288E+0
-4.352098E+0
-4.388848E+0
-4.425598E+0
-4.460878E+0
-4.491748E+0
-4.516738E+0
-4.531438E+0
-4.535848E+0
-4.528498E+0
-4.509388E+0
-4.481458E+0
-4.444708E+0
-4.403548E+0
-4.362388E+0
-4.325638E+0
-4.294768E+0
-4.274188E+0
-4.263898E+0
-4.266838E+0
-4.283008E+0
-4.315348E+0
-4.363858E+0
-4.427068E+0
-4.499098E+0
-4.574068E+0
-4.647568E+0
-4.710778E+0
-4.759288E+0
-4.785748E+0
-4.790158E+0
-4.775458E+0
-4.748998E+0
-4.718128E+0
-4.682848E+0
-4.650508E+0
-4.619638E+0
-4.590238E+0
-4.563778E+0
-4.537318E+0
-4.507918E+0
-4.481458E+0
-4.456468E+0
-4.438828E+0
-4.431478E+0
-4.434418E+0
-4.449118E+0
-4.475578E+0
-4.510858E+0
-4.552018E+0
-4.593178E+0
-4.629928E+0
-4.656388E+0
-4.671088E+0
-4.674028E+0
-4.666678E+0
-4.653448E+0
-4.640218E+0
-4.631398E+0
-4.631398E+0
-4.643158E+0
-4.662268E+0
-4.688728E+0
-4.719598E+0
-4.747528E+0
-4.775458E+0
-4.796038E+0
-4.813678E+0
-4.826908E+0
-4.841608E+0
-4.857778E+0
-4.879828E+0
-4.903348E+0
-4.931278E+0
-4.959208E+0
-4.984198E+0
-5.004778E+0
-5.020948E+0
-5.032708E+0
-5.044468E+0
-5.050348E+0
-5.057698E+0
-5.070928E+0
-5.088568E+0
-5.112088E+0
-5.141488E+0
-5.176768E+0
-5.216458E+0
-5.256148E+0
-5.295838E+0
-5.325238E+0
-5.345818E+0
-5.353168E+0
-5.350228E+0
-5.335528E+0
-5.313478E+0
-5.288488E+0
-5.262028E+0
-5.238508E+0
-5.217928E+0
-5.197348E+0
-5.176768E+0
-5.154718E+0
-5.129728E+0
-5.104738E+0
-5.079748E+0
-5.054758E+0
-5.031238E+0
-5.010658E+0
-4.997428E+0
-4.990078E+0
-4.997428E+0
-5.018008E+0
-5.057698E+0
-5.117968E+0
-5.195878E+0
-5.289958E+0
-5.394328E+0
-5.498698E+0
-5.594248E+0
-5.670688E+0
-5.728018E+0
-5.758888E+0
-5.769178E+0
-5.764768E+0
-5.750068E+0
-5.735368E+0
-5.722138E+0
-5.716258E+0
-5.705968E+0
-5.698618E+0
-5.694208E+0
-5.694208E+0
-5.694208E+0
-5.698618E+0
-5.713318E+0
-5.739778E+0
-5.779468E+0
-5.829448E+0
-5.888248E+0
-5.945578E+0
-5.994088E+0
-6.024958E+0
-6.029368E+0
-6.005848E+0
-5.951458E+0
-5.877958E+0
-5.788288E+0
-5.701558E+0
-5.623648E+0
-5.564848E+0
-5.531038E+0
-5.522218E+0
-5.538388E+0
-5.578078E+0
-5.638348E+0
-5.708908E+0
-5.786818E+0
-5.861788E+0
-5.926468E+0
-5.977918E+0
-6.005848E+0
-6.007318E+0
-5.977918E+0
-5.922058E+0
-5.838268E+0
-5.739778E+0
-5.639818E+0
-5.544268E+0
-5.467828E+0
-5.416378E+0
-5.397268E+0
-5.411968E+0
-5.456068E+0
-5.526628E+0
-5.614828E+0
-5.705968E+0
-5.788288E+0
-5.851498E+0
-5.885308E+0
-5.885308E+0
-5.854438E+0
-5.801518E+0
-5.735368E+0
-5.663338E+0
-5.597188E+0
-5.538388E+0
-5.497228E+0
-5.472238E+0
-5.470768E+0
-5.485468E+0
-5.517808E+0
-5.563378E+0
-5.614828E+0
-5.667748E+0
-5.713318E+0
-5.747128E+0
-5.769178E+0
-5.772118E+0
-5.761828E+0
-5.739778E+0
-5.716258E+0
-5.694208E+0
-5.678038E+0
-5.670688E+0
-5.672158E+0
-5.682448E+0
-5.697148E+0
-5.708908E+0
-5.720668E+0
-5.729488E+0
-5.736838E+0
-5.747128E+0
-5.764768E+0
-5.788288E+0
-5.823568E+0
-5.869138E+0
-5.919118E+0
-5.969098E+0
-6.016138E+0
-6.052888E+0
-6.077878E+0
-6.094048E+0
-6.108748E+0
-6.126388E+0
-6.155788E+0
-6.196948E+0
-6.257218E+0
-6.326308E+0
-6.404218E+0
-6.477718E+0
-6.536518E+0
-6.576208E+0
-6.583558E+0
-6.568858E+0
-6.529168E+0
-6.482128E+0
-6.424798E+0
-6.368938E+0
-6.320428E+0
-6.279268E+0
-6.248398E+0
-6.233698E+0
-6.233698E+0
-6.248398E+0
-6.282208E+0
-6.336598E+0
-6.411568E+0
-6.498298E+0
-6.596788E+0
-6.696748E+0
-6.793768E+0
-6.868738E+0
-6.918718E+0
-6.939298E+0
-6.936358E+0
-6.914308E+0
-6.881968E+0
-6.852568E+0
-6.833458E+0
-6.829048E+0
-6.849628E+0
-6.893728E+0
-6.961348E+0
-7.039258E+0
-7.124518E+0
-7.203898E+0
-7.267108E+0
-7.296508E+0
-7.281808E+0
-7.227418E+0
-7.137748E+0
-7.030438E+0
-6.918718E+0
-6.805528E+0
-6.704098E+0
-6.623248E+0
-6.564448E+0
-6.526228E+0
-6.505648E+0
-6.502708E+0
-6.512998E+0
-6.529168E+0
-6.551218E+0
-6.568858E+0
-6.571798E+0
-6.564448E+0
-6.543868E+0
-6.505648E+0
-6.457138E+0
-6.401278E+0
-6.342478E+0
-6.292498E+0
-6.248398E+0
-6.214588E+0
-6.194008E+0
-6.185188E+0
-6.191068E+0
-6.208708E+0
-6.239578E+0
-6.279268E+0
-6.323368E+0
-6.364528E+0
-6.398338E+0
-6.411568E+0
-6.401278E+0
-6.368938E+0
-6.320428E+0
-6.264568E+0
-6.211648E+0
-6.173428E+0
-6.158728E+0
-6.167548E+0
-6.196948E+0
-6.242518E+0
-6.301318E+0
-6.358648E+0
-6.404218E+0
-6.433618E+0
-6.443908E+0
-6.440968E+0
-6.424798E+0
-6.401278E+0
-6.377758E+0
-6.361588E+0
-6.358648E+0
-6.364528E+0
-6.382168E+0
-6.404218E+0
-6.430678E+0
-6.451258E+0
-6.461548E+0
-6.451258E+0
-6.420388E+0
-6.374818E+0
-6.323368E+0
-6.279268E+0
-6.254278E+0
-6.261628E+0
-6.311608E+0
-6.411568E+0
-6.561508E+0
-6.758488E+0
-6.986338E+0
-7.227418E+0
-7.444978E+0
-7.599328E+0
-7.669888E+0
-7.640488E+0
-7.533178E+0
-7.367068E+0
-7.184788E+0
-7.008388E+0
-6.856978E+0
-6.730558E+0
-6.637948E+0
-6.576208E+0
-6.546808E+0
-6.551218E+0
-6.579148E+0
-6.637948E+0
-6.727618E+0
-6.845218E+0
-6.995158E+0
-7.175968E+0
-7.377358E+0
-7.605208E+0
-7.834528E+0
-8.041798E+0
-8.194678E+0
-8.254948E+0
-8.216728E+0
-8.077078E+0
-7.860988E+0
-7.589038E+0
-7.292098E+0
-6.981928E+0
-6.674698E+0
-6.364528E+0
-6.060238E+0
-5.764768E+0
-5.475178E+0
-5.198818E+0
-4.940098E+0
-4.704898E+0
-4.497628E+0
-4.319758E+0
-4.178638E+0
-4.072798E+0
-4.008118E+0
-3.980188E+0
-3.993418E+0
-4.047808E+0
-4.137478E+0
-4.263898E+0
-4.421188E+0
-4.609348E+0
-4.822498E+0
-5.059168E+0
-5.319358E+0
-5.601598E+0
-5.911768E+0
-6.257218E+0
-6.648238E+0
-7.102468E+0
-7.634608E+0
-8.287288E+0
-9.104608E+0
-1.019535E+1
-1.179765E+1
-1.572843E+1
-2.050005E+1
-2.050005E+1
-2.050005E+1
-2.050005E+1
-2.050005E+1
-2.050005E+1
-2.050005E+1
-2.050005E+1
-1.811424E+1
-1.549911E+1
-1.476852E+1
-1.434663E+1
-1.410555E+1
-1.422315E+1
-1.476852E+1
-1.627380E+1
-2.050005E+1
-2.050005E+1
-2.050005E+1
-2.050005E+1
-2.050005E+1
-2.050005E+1
-2.050005E+1
-2.050005E+1
-2.050005E+1
-2.050005E+1
-2.050005E+1
-2.050005E+1
-2.050005E+1
-1.598421E+1
-1.493022E+1
-1.529331E+1
-1.748949E+1
-2.050005E+1
-2.050005E+1
-2.050005E+1
-2.050005E+1
-2.050005E+1
-2.050005E+1
-2.050005E+1
-2.050005E+1
-2.050005E+1
-2.050005E+1
-2.050005E+1
-2.050005E+1
-1.238271E+1
-1.085244E+1
-9.996898E+0
-9.464758E+0
-9.151648E+0
-8.994358E+0
-8.982598E+0
-9.104608E+0
-9.347158E+0
-9.692608E+0
-1.013949E+1
-1.070397E+1
-1.130520E+1
-1.191966E+1
-1.238271E+1
-1.265907E+1
-1.277961E+1
-1.271787E+1
-1.243563E+1
-1.209312E+1
-1.164477E+1
-1.118319E+1
-1.070397E+1
-1.025268E+1
-9.879298E+0
-9.589708E+0
-9.398608E+0
-9.308938E+0
-9.347158E+0
-9.492688E+0
-9.783748E+0
-1.021446E+1
-1.080099E+1
-1.157274E+1
-1.254441E+1
-1.369101E+1
-1.476852E+1
-1.493022E+1
-1.410555E+1
-1.304274E+1
-1.218573E+1
-1.146837E+1
-1.098327E+1
-1.063341E+1
-1.039380E+1
-1.025268E+1
-1.017624E+1
-1.012185E+1
-1.004982E+1
-9.946918E+0
-9.783748E+0
-9.589708E+0
-9.372148E+0
-9.175168E+0
-9.004648E+0
-8.888518E+0
-8.837068E+0
-8.847358E+0
-8.929678E+0
-9.082558E+0
-9.322168E+0
-9.619108E+0
-9.996898E+0
-1.043496E+1
-1.095681E+1
-1.160802E+1
-1.238271E+1
-1.342494E+1
-1.572843E+1
-2.050005E+1
-2.050005E+1
-2.050005E+1
-2.050005E+1
-2.050005E+1
-2.050005E+1
-2.050005E+1
-2.050005E+1
-2.050005E+1
-2.050005E+1
-2.050005E+1
-2.050005E+1
-2.050005E+1
-2.050005E+1
-2.050005E+1
-2.050005E+1
-2.050005E+1
-2.050005E+1
-2.050005E+1
-2.050005E+1
-2.050005E+1
-1.461858E+1
-1.213869E+1
-1.112439E+1
-1.058784E+1
-1.027326E+1
-1.010274E+1
-1.003218E+1
-1.004982E+1
-1.013949E+1
-1.027326E+1
-1.041438E+1
-1.058784E+1
-1.072749E+1
-1.087743E+1
-1.101120E+1
-1.118319E+1
-1.146837E+1
-1.187850E+1
-1.260027E+1
-1.388799E+1
-1.811424E+1
-2.050005E+1
-2.050005E+1
-2.050005E+1
-2.050005E+1
-2.050005E+1
-2.050005E+1
-2.050005E+1
-2.050005E+1
-2.050005E+1
-2.050005E+1
-1.447893E+1
-1.277961E+1
-1.200492E+1
-1.157274E+1
-1.140222E+1
-1.146837E+1
-1.171974E+1
-1.218573E+1
-1.290750E+1
-1.422315E+1
-1.700439E+1
-2.050005E+1
-2.050005E+1
-2.050005E+1
-2.050005E+1
-2.050005E+1
-1.700439E+1
-1.493022E+1
-1.399383E+1
-1.351020E+1
-1.326324E+1
-1.334262E+1
-1.369101E+1
-1.410555E+1
-1.476852E+1
-1.549911E+1
-1.598421E+1
-1.549911E+1
-1.461858E+1
-1.351020E+1
-1.254441E+1
-1.179765E+1
-1.118319E+1
-1.063341E+1
-1.019535E+1
-9.816088E+0
-9.492688E+0
-9.186928E+0
-8.919388E+0
-8.681248E+0
-8.491618E+0
-8.341678E+0
-8.232898E+0
-8.179978E+0
-8.179978E+0
-8.216728E+0
-8.278468E+0
-8.357848E+0
-8.432818E+0
-8.475448E+0
-8.482798E+0
-8.448988E+0
-8.374018E+0
-8.294638E+0
-8.209378E+0
-8.157928E+0
-8.150578E+0
-8.202028E+0
-8.318158E+0
-8.491618E+0
-8.738578E+0
-9.038458E+0
-9.372148E+0
-9.707308E+0
-9.980728E+0
-1.017624E+1
-1.023357E+1
-1.019535E+1
-1.008510E+1
-9.896938E+0
-9.707308E+0
-9.519148E+0
-9.358918E+0
-9.222208E+0
-9.128128E+0
-9.060508E+0
-9.060508E+0
-9.116368E+0
-9.247198E+0
-9.438298E+0
-9.722008E+0
-1.006746E+1
-1.049964E+1
-1.103913E+1
-1.168152E+1
-1.238271E+1
-1.318680E+1
-1.399383E+1
-1.461858E+1
-1.493022E+1
-1.476852E+1
-1.434663E+1
-1.369101E+1
-1.311330E+1
-1.265907E+1
-1.218573E+1
-1.187850E+1
-1.164477E+1
-1.150218E+1
-1.150218E+1
-1.164477E+1
-1.200492E+1
-1.265907E+1
-1.399383E+1
-1.899477E+1
-2.050005E+1
-2.050005E+1
-2.050005E+1
-2.050005E+1
-2.050005E+1
-2.050005E+1
-2.050005E+1
-2.050005E+1
-2.050005E+1
-2.050005E+1
-2.050005E+1
-2.050005E+1
-2.050005E+1
-2.050005E+1
-2.050005E+1
-2.050005E+1
-2.050005E+1
-2.050005E+1
-2.050005E+1
-2.050005E+1
-2.050005E+1
-2.050005E+1
-2.050005E+1
-2.050005E+1
-2.050005E+1
-2.050005E+1
-2.050005E+1
-2.050005E+1
-2.050005E+1
-2.050005E+1
-2.050005E+1
-2.050005E+1
-1.899477E+1
-1.700439E+1
-1.811424E+1
-2.050005E+1
-2.050005E+1
-2.050005E+1
-2.050005E+1
-2.050005E+1
-2.050005E+1
-2.050005E+1
-2.050005E+1
-2.050005E+1
-2.050005E+1
-2.050005E+1
-2.050005E+1
-2.050005E+1
-2.050005E+1
-2.050005E+1
-2.050005E+1
-2.050005E+1
-2.050005E+1
-2.050005E+1
-1.700439E+1
-1.359840E+1
-1.265907E+1
-1.209312E+1
-1.168152E+1
-1.133607E+1
-1.095681E+1
-1.058784E+1
-1.027326E+1
-9.996898E+0
-9.769048E+0
-9.604408E+0
-9.477988E+0
-9.385378E+0
-9.308938E+0
-9.222208E+0
-9.139888E+0
-9.048748E+0
-8.962018E+0
-8.898808E+0
-8.857648E+0
-8.878228E+0
-8.950258E+0
-9.104608E+0
-9.322168E+0
-9.648508E+0
-1.006746E+1
-1.060989E+1
-1.133607E+1
-1.223277E+1
-1.326324E+1
-1.422315E+1
-1.447893E+1
-1.359840E+1
-1.248855E+1
-1.153746E+1
-1.077747E+1
-1.021446E+1
-9.846958E+0
-9.663208E+0
-9.633808E+0
-9.799918E+0
-1.017624E+1
-1.087743E+1
-1.209312E+1
-1.529331E+1
-2.050005E+1
-2.050005E+1
-2.050005E+1
-2.050005E+1
-2.050005E+1
-2.050005E+1
-2.050005E+1
-2.050005E+1
-2.050005E+1
-2.050005E+1
-2.050005E+1
-2.050005E+1
-2.050005E+1
-2.050005E+1
-2.050005E+1
-2.050005E+1
-2.050005E+1
-2.050005E+1
-2.050005E+1
-2.050005E+1
-2.050005E+1
-2.050005E+1
-2.050005E+1
-2.050005E+1
-2.050005E+1
-2.050005E+1
-2.050005E+1
-2.050005E+1
-2.050005E+1
-2.050005E+1
-2.050005E+1
-2.050005E+1
-2.050005E+1
-2.050005E+1
-1.399383E+1
-1.179765E+1
-1.087743E+1
-1.041438E+1
-1.017624E+1
-1.017624E+1
-1.035264E+1
-1.077747E+1
-1.157274E+1
-1.326324E+1
-2.050005E+1
-2.050005E+1
-2.050005E+1
-2.050005E+1
-2.050005E+1
-2.050005E+1
-2.050005E+1
-2.050005E+1
-2.050005E+1
-2.050005E+1
-2.050005E+1
-2.050005E+1
-2.050005E+1
-2.050005E+1
-2.050005E+1
-2.050005E+1
-2.050005E+1
-2.050005E+1
-2.050005E+1
-2.050005E+1
-2.050005E+1
-2.050005E+1
-2.050005E+1
-2.050005E+1
-2.050005E+1
-2.050005E+1
-2.050005E+1
-2.050005E+1
-1.700439E+1
-1.434663E+1
-1.326324E+1
-1.254441E+1
-1.191966E+1
-1.140222E+1
-1.098327E+1
-1.063341E+1
-1.037322E+1
-1.021446E+1
-1.012185E+1
-1.010274E+1
-1.013949E+1
-1.023357E+1
-1.029237E+1
-1.033206E+1
-1.033206E+1
-1.029237E+1
-1.021446E+1
-1.015860E+1
-1.019535E+1
-1.033206E+1
-1.065693E+1
-1.118319E+1
-1.204902E+1
-1.359840E+1
-1.899477E+1
-2.050005E+1
-2.050005E+1
-2.050005E+1
-2.050005E+1
-2.050005E+1
-2.050005E+1
-2.050005E+1
-2.050005E+1
-2.050005E+1
-2.050005E+1
-2.050005E+1
-2.050005E+1
-2.050005E+1
-2.050005E+1
-2.050005E+1
-2.050005E+1
-2.050005E+1
-2.050005E+1
-2.050005E+1
-2.050005E+1
-2.050005E+1
-2.050005E+1
-1.627380E+1
-1.422315E+1
-1.342494E+1
-1.318680E+1
-1.326324E+1
-1.378803E+1
-1.572843E+1
-2.050005E+1
-2.050005E+1
-2.050005E+1
-2.050005E+1
-2.050005E+1
-2.050005E+1
-2.050005E+1
-2.050005E+1
-2.050005E+1
-2.050005E+1
-2.050005E+1
-2.050005E+1
-2.050005E+1
-1.598421E+1
-1.209312E+1
-1.080099E+1
-1.006746E+1
-9.575008E+0
-9.247198E+0
-9.016408E+0
-8.867938E+0
-8.757688E+0
-8.670958E+0
-8.588638E+0
-8.482798E+0
-8.382838E+0
-8.278468E+0
-8.187328E+0
-8.128528E+0
-8.113828E+0
-8.150578E+0
-8.247598E+0
-8.423998E+0
-8.670958E+0
-8.994358E+0
-9.385378E+0
-9.830788E+0
-1.029237E+1
-1.070397E+1
-1.101120E+1
-1.112439E+1
-1.112439E+1
-1.109499E+1
-1.115379E+1
-1.136841E+1
-1.196082E+1
-1.351020E+1
-2.050005E+1
-2.050005E+1
-2.050005E+1
-2.050005E+1
-2.050005E+1
-2.050005E+1
-2.050005E+1
-2.050005E+1
-2.050005E+1
-2.050005E+1
-2.050005E+1
-2.050005E+1
-2.050005E+1
-2.050005E+1
-1.447893E+1
-1.318680E+1
-1.284135E+1
-1.290750E+1
-1.318680E+1
-1.342494E+1
-1.326324E+1
-1.265907E+1
-1.191966E+1
-1.118319E+1
-1.056579E+1
-1.010274E+1
-9.769048E+0
-9.575008E+0
-9.505918E+0
-9.533848E+0
-9.633808E+0
-9.816088E+0
-1.003218E+1
-1.029237E+1
-1.060989E+1
-1.098327E+1
-1.146837E+1
-1.223277E+1
-1.378803E+1
-2.050005E+1
-2.050005E+1
-2.050005E+1
-2.050005E+1
-2.050005E+1
-2.050005E+1
-2.050005E+1
-2.050005E+1
-2.050005E+1
-2.050005E+1
-2.050005E+1
-2.050005E+1
-2.050005E+1
-2.050005E+1
-2.050005E+1
-2.050005E+1
-2.050005E+1
-2.050005E+1
-2.050005E+1
-2.050005E+1
-1.529331E+1
-1.359840E+1
-1.254441E+1
-1.183734E+1
-1.140222E+1
-1.115379E+1
-1.106706E+1
-1.124346E+1
-1.175796E+1
-1.311330E+1
-2.050005E+1
-2.050005E+1
-2.050005E+1
-2.050005E+1
-2.050005E+1
-2.050005E+1
-2.050005E+1
-2.050005E+1
-2.050005E+1
-2.050005E+1
-2.050005E+1
-2.050005E+1
-2.050005E+1
-2.050005E+1
-2.050005E+1
-2.050005E+1
-2.050005E+1
-2.050005E+1
-2.050005E+1
-2.050005E+1
-2.050005E+1
-2.050005E+1
-2.050005E+1
-2.050005E+1
-2.050005E+1
-2.050005E+1
-2.050005E+1
-2.050005E+1
-1.476852E+1
-1.248855E+1
-1.157274E+1
-1.106706E+1
-1.087743E+1
-1.087743E+1
-1.106706E+1
-1.136841E+1
-1.179765E+1
-1.218573E+1
-1.248855E+1
-1.254441E+1
-1.223277E+1
-1.179765E+1
-1.127433E+1
-1.080099E+1
-1.039380E+1
-1.008510E+1
-9.846958E+0
-9.692608E+0
-9.633808E+0
-9.648508E+0
-9.752878E+0
-9.946918E+0
-1.029237E+1
-1.077747E+1
-1.157274E+1
-1.304274E+1
-2.050005E+1
-2.050005E+1
-2.050005E+1
-2.050005E+1
-2.050005E+1
-2.050005E+1
-2.050005E+1
-2.050005E+1
-2.050005E+1
-2.050005E+1
-2.050005E+1
-2.050005E+1
-2.050005E+1
-2.050005E+1
-2.050005E+1
-1.811424E+1
-1.342494E+1
-1.209312E+1
-1.124346E+1
-1.063341E+1
-1.012185E+1
-9.722008E+0
-9.411838E+0
-9.186928E+0
-9.060508E+0
-9.048748E+0
-9.151648E+0
-9.372148E+0
-9.738178E+0
-1.029237E+1
-1.115379E+1
-1.254441E+1
-1.700439E+1
-2.050005E+1
-2.050005E+1
-2.050005E+1
-2.050005E+1
-2.050005E+1
-2.050005E+1
-2.050005E+1
-2.050005E+1
-2.050005E+1
-2.050005E+1
-2.050005E+1
-2.050005E+1
-2.050005E+1
-2.050005E+1
-2.050005E+1
-2.050005E+1
-2.050005E+1
-2.050005E+1
-2.050005E+1
-2.050005E+1
-2.050005E+1
-2.050005E+1
-2.050005E+1
-2.050005E+1
-2.050005E+1
-2.050005E+1
-1.434663E+1
-1.157274E+1
-1.049964E+1
-9.879298E+0
-9.519148E+0
-9.372148E+0
-9.385378E+0
-9.589708E+0
-1.001454E+1
-1.075248E+1
-1.209312E+1
-1.748949E+1
-2.050005E+1
-2.050005E+1
-2.050005E+1
-2.050005E+1
-2.050005E+1
-2.050005E+1
-2.050005E+1
-2.050005E+1
-2.050005E+1
-2.050005E+1
-2.050005E+1
-2.050005E+1
-2.050005E+1
-2.050005E+1
-2.050005E+1
-2.050005E+1
-2.050005E+1
-2.050005E+1
-2.050005E+1
-2.050005E+1
-2.050005E+1
-2.050005E+1
-2.050005E+1
-2.050005E+1
-2.050005E+1
-2.050005E+1
-2.050005E+1
-2.050005E+1
-2.050005E+1
-2.050005E+1
-1.476852E+1
-1.233273E+1
-1.127433E+1
-1.065693E+1
-1.023357E+1
-9.929278E+0
-9.722008E+0
-9.575008E+0
-9.477988E+0
-9.438298E+0
-9.451528E+0
-9.477988E+0
-9.519148E+0
-9.561778E+0
-9.561778E+0
-9.492688E+0
-9.347158E+0
-9.163408E+0
-8.939968E+0
-8.728288E+0
-8.535718E+0
-8.374018E+0
-8.271118E+0
-8.216728E+0
-8.224078E+0
-8.278468E+0
-8.391658E+0
-8.535718E+0
-8.738578E+0
-8.994358E+0
-9.283948E+0
-9.619108E+0
-1.003218E+1
-1.054374E+1
-1.118319E+1
-1.200492E+1
-1.326324E+1
-1.598421E+1
-2.050005E+1
-2.050005E+1
-2.050005E+1
-2.050005E+1
-2.050005E+1
-2.050005E+1
-2.050005E+1
-2.050005E+1
-2.050005E+1
-2.050005E+1
-2.050005E+1
-2.050005E+1
-2.050005E+1
-2.050005E+1
-2.050005E+1
-2.050005E+1
-2.050005E+1
-2.050005E+1
-2.050005E+1
-2.050005E+1
-2.050005E+1
-2.050005E+1
-2.050005E+1
-2.050005E+1
-1.277961E+1
-1.101120E+1
-1.008510E+1
-9.533848E+0
-9.186928E+0
-9.004648E+0
-8.939968E+0
-8.950258E+0
-9.038458E+0
-9.175168E+0
-9.358918E+0
-9.575008E+0
-9.830788E+0
-1.012185E+1
-1.047759E+1
-1.090389E+1
-1.143456E+1
-1.209312E+1
-1.290750E+1
-1.399383E+1
-1.572843E+1
-2.050005E+1
-2.050005E+1
-2.050005E+1
-2.050005E+1
-2.050005E+1
-2.050005E+1
-2.050005E+1
-2.050005E+1
-2.050005E+1
-2.050005E+1
-2.050005E+1
-2.050005E+1
-2.050005E+1
-2.050005E+1
-2.050005E+1
-2.050005E+1
-2.050005E+1
-2.050005E+1
-2.050005E+1
-2.050005E+1
-2.050005E+1
-2.050005E+1
-2.050005E+1
-2.050005E+1
-2.050005E+1
-2.050005E+1
-2.050005E+1
-1.598421E+1
-1.334262E+1
-1.238271E+1
-1.187850E+1
-1.160802E+1
-1.150218E+1
-1.150218E+1
-1.160802E+1
-1.175796E+1
-1.196082E+1
-1.223277E+1
-1.254441E+1
-1.297365E+1
-1.359840E+1
-1.422315E+1
-1.510368E+1
-1.572843E+1
-1.572843E+1
-1.510368E+1
-1.410555E+1
-1.318680E+1
-1.233273E+1
-1.160802E+1
-1.106706E+1
-1.063341E+1
-1.033206E+1
-1.010274E+1
-1.001454E+1
-1.003218E+1
-1.017624E+1
-1.043496E+1
-1.080099E+1
-1.130520E+1
-1.187850E+1
-1.248855E+1
-1.297365E+1
-1.326324E+1
-1.318680E+1
-1.304274E+1
-1.297365E+1
-1.297365E+1
-1.334262E+1
-1.422315E+1
-1.748949E+1
-2.050005E+1
-2.050005E+1
-2.050005E+1
-2.050005E+1
-2.050005E+1
-2.050005E+1
-2.050005E+1
-2.050005E+1
-2.050005E+1
-2.050005E+1
-1.510368E+1
-1.254441E+1
-1.153746E+1
-1.101120E+1
-1.080099E+1
-1.077747E+1
-1.095681E+1
-1.133607E+1
-1.200492E+1
-1.318680E+1
-1.598421E+1
-2.050005E+1
-2.050005E+1
-2.050005E+1
-2.050005E+1
-2.050005E+1
-2.050005E+1
-2.050005E+1
-2.050005E+1
-2.050005E+1
-2.050005E+1
-2.050005E+1
-2.050005E+1
-2.050005E+1
-2.050005E+1
-2.050005E+1
-2.050005E+1
-2.050005E+1
-2.050005E+1
-2.050005E+1
-1.627380E+1
-1.493022E+1
-1.461858E+1
-1.461858E+1
-1.510368E+1
-1.660896E+1
-2.050005E+1
-2.050005E+1
-2.050005E+1
-2.050005E+1
-2.050005E+1
-2.050005E+1
-2.050005E+1
-2.050005E+1
-2.050005E+1
-2.050005E+1
-2.050005E+1
-2.050005E+1
-2.050005E+1
-2.050005E+1
-2.050005E+1
-2.050005E+1
-2.050005E+1
-2.050005E+1
-2.050005E+1
-2.050005E+1
-2.050005E+1
-2.050005E+1
-2.050005E+1
-2.050005E+1
-2.050005E+1
-2.050005E+1
-2.050005E+1
-2.050005E+1
-2.050005E+1
-2.050005E+1
-2.050005E+1
-2.050005E+1
-1.369101E+1
-1.130520E+1
-1.031148E+1
-9.752878E+0
-9.477988E+0
-9.411838E+0
-9.533848E+0
-9.879298E+0
-1.047759E+1
-1.157274E+1
-1.434663E+1
-2.050005E+1
-2.050005E+1
-2.050005E+1
-2.050005E+1
-2.050005E+1
-2.050005E+1
-2.050005E+1
-2.050005E+1
-2.050005E+1
-2.050005E+1
-2.050005E+1
-2.050005E+1
-2.050005E+1
-2.050005E+1
-2.050005E+1
-2.050005E+1
-2.050005E+1
-2.050005E+1
-2.050005E+1
-2.050005E+1
-2.050005E+1
-2.050005E+1
-1.447893E+1
-1.265907E+1
-1.175796E+1
-1.124346E+1
-1.098327E+1
-1.095681E+1
-1.112439E+1
-1.150218E+1
-1.218573E+1
-1.318680E+1
-1.476852E+1
-1.700439E+1
-1.748949E+1
-1.510368E+1
-1.318680E+1
-1.183734E+1
-1.085244E+1
-1.013949E+1
-9.663208E+0
-9.358918E+0
-9.210448E+0
-9.210448E+0
-9.358918E+0
-9.692608E+0
-1.021446E+1
-1.098327E+1
-1.204902E+1
-1.369101E+1
-1.627380E+1
-2.050005E+1
-1.627380E+1
-1.388799E+1
-1.260027E+1
-1.179765E+1
-1.133607E+1
-1.121259E+1
-1.140222E+1
-1.204902E+1
-1.351020E+1
-2.050005E+1
-2.050005E+1
-2.050005E+1
-2.050005E+1
-2.050005E+1
-2.050005E+1
-2.050005E+1
-2.050005E+1
-2.050005E+1
-2.050005E+1
-1.510368E+1
-1.326324E+1
-1.243563E+1
-1.196082E+1
-1.175796E+1
-1.171974E+1
-1.187850E+1
-1.228275E+1
-1.297365E+1
-1.422315E+1
-1.660896E+1
-2.050005E+1
-2.050005E+1
-1.811424E+1
-1.434663E+1
-1.260027E+1
-1.153746E+1
-1.080099E+1
-1.033206E+1
-1.001454E+1
-9.846958E+0
-9.783748E+0
-9.799918E+0
-9.863128E+0
-9.929278E+0
-1.001454E+1
-1.010274E+1
-1.019535E+1
-1.031148E+1
-1.047759E+1
-1.075248E+1
-1.115379E+1
-1.179765E+1
-1.284135E+1
-1.476852E+1
-2.050005E+1
-2.050005E+1
-2.050005E+1
-2.050005E+1
-2.050005E+1
-2.050005E+1
-2.050005E+1
-2.050005E+1
-2.050005E+1
-2.050005E+1
-2.050005E+1
-2.050005E+1
-2.050005E+1
-2.050005E+1
-2.050005E+1
-2.050005E+1
-2.050005E+1
-2.050005E+1
-2.050005E+1
-2.050005E+1
-2.050005E+1
-2.050005E+1
-2.050005E+1
-2.050005E+1
-2.050005E+1
-2.050005E+1
-2.050005E+1
-2.050005E+1
-2.050005E+1
-2.050005E+1
-2.050005E+1
-2.050005E+1
-2.050005E+1
-2.050005E+1
-2.050005E+1
-1.748949E+1
-1.510368E+1
-1.461858E+1
-1.461858E+1
-1.510368E+1
-1.572843E+1
-1.660896E+1
-1.660896E+1
-1.660896E+1
-1.627380E+1
-1.598421E+1
-1.598421E+1
-1.700439E+1
-2.050005E+1
-2.050005E+1
-2.050005E+1
-2.050005E+1
-2.050005E+1
-2.050005E+1
-2.050005E+1
-2.050005E+1
-2.050005E+1
-2.050005E+1
-2.050005E+1
-2.050005E+1
-2.050005E+1
-2.050005E+1
-2.050005E+1
-2.050005E+1
-2.050005E+1
-2.050005E+1
-2.050005E+1
-2.050005E+1
-2.050005E+1
-2.050005E+1
-2.050005E+1
-2.050005E+1
-2.050005E+1
-2.050005E+1
-1.598421E+1
-1.434663E+1
-1.369101E+1
-1.334262E+1
-1.318680E+1
-1.304274E+1
-1.277961E+1
-1.248855E+1
-1.204902E+1
-1.164477E+1
-1.124346E+1
-1.090389E+1
-1.068045E+1
-1.054374E+1
-1.056579E+1
-1.070397E+1
-1.101120E+1
-1.146837E+1
-1.204902E+1
-1.265907E+1
-1.304274E+1
-1.290750E+1
-1.228275E+1
-1.153746E+1
-1.082745E+1
-1.021446E+1
-9.752878E+0
-9.411838E+0
-9.175168E+0
-9.048748E+0
-9.004648E+0
-9.038458E+0
-9.163408E+0
-9.372148E+0
-9.663208E+0
-1.003218E+1
-1.052169E+1
-1.115379E+1
-1.196082E+1
-1.311330E+1
-1.476852E+1
-1.748949E+1
-1.899477E+1
-1.529331E+1
-1.311330E+1
-1.153746E+1
-1.043496E+1
-9.575008E+0
-8.929678E+0
-8.423998E+0
-8.056498E+0
-7.797778E+0
-7.634608E+0
-7.565518E+0
-7.577278E+0
-7.664008E+0
-7.828648E+0
-8.056498E+0
-8.341678E+0
-8.681248E+0
-9.060508E+0
-9.477988E+0
-9.896938E+0
-1.029237E+1
-1.056579E+1
-1.072749E+1
-1.070397E+1
-1.052169E+1
-1.027326E+1
-9.980728E+0
-9.722008E+0
-9.547078E+0
-9.438298E+0
-9.425068E+0
-9.492688E+0
-9.648508E+0
-9.896938E+0
-1.023357E+1
-1.065693E+1
-1.118319E+1
-1.183734E+1
-1.271787E+1
-1.388799E+1
-1.572843E+1
-1.748949E+1
-1.660896E+1
-1.461858E+1
-1.284135E+1
-1.157274E+1
-1.063341E+1
-9.946918E+0
-9.425068E+0
-9.048748E+0
-8.816488E+0
-8.690068E+0
-8.670958E+0
-8.747398E+0
-8.919388E+0
-9.210448E+0
-9.619108E+0
-1.021446E+1
-1.109499E+1
-1.271787E+1
-2.050005E+1
-2.050005E+1
-2.050005E+1
-2.050005E+1
-2.050005E+1
-2.050005E+1
-2.050005E+1
-2.050005E+1
-2.050005E+1
-2.050005E+1
-2.050005E+1
-2.050005E+1
-2.050005E+1
-1.334262E+1
-1.115379E+1
-1.013949E+1
-9.505918E+0
-9.104608E+0
-8.857648E+0
-8.738578E+0
-8.719468E+0
-8.787088E+0
-8.962018E+0
-9.247198E+0
-9.619108E+0
-1.012185E+1
-1.072749E+1
-1.146837E+1
-1.238271E+1
-1.326324E+1
-1.410555E+1
-1.447893E+1
-1.422315E+1
-1.378803E+1
-1.326324E+1
-1.297365E+1
-1.297365E+1
-1.351020E+1
-1.529331E+1
-2.050005E+1
-2.050005E+1
-2.050005E+1
-2.050005E+1
-2.050005E+1
-2.050005E+1
-2.050005E+1
-2.050005E+1
-2.050005E+1
-2.050005E+1
-2.050005E+1
-2.050005E+1
-2.050005E+1
-1.899477E+1
-1.304274E+1
-1.191966E+1
-1.146837E+1
-1.140222E+1
-1.157274E+1
-1.200492E+1
-1.265907E+1
-1.334262E+1
-1.378803E+1
-1.342494E+1
-1.254441E+1
-1.153746E+1
-1.065693E+1
-9.929278E+0
-9.372148E+0
-8.962018E+0
-8.681248E+0
-8.518078E+0
-8.475448E+0
-8.553358E+0
-8.747398E+0
-9.082558E+0
-9.575008E+0
-1.027326E+1
-1.130520E+1
-1.297365E+1
-1.811424E+1
-2.050005E+1
-2.050005E+1
-2.050005E+1
-2.050005E+1
-2.050005E+1
-1.388799E+1
-1.248855E+1
-1.179765E+1
-1.143456E+1
-1.133607E+1
-1.146837E+1
-1.187850E+1
-1.271787E+1
-1.447893E+1
-2.050005E+1
-2.050005E+1
-2.050005E+1
-2.050005E+1
-2.050005E+1
-2.050005E+1
-2.050005E+1
-2.050005E+1
-2.050005E+1
-2.050005E+1
-2.050005E+1
-2.050005E+1
-2.050005E+1
-2.050005E+1
-2.050005E+1
-2.050005E+1
-2.050005E+1
-2.050005E+1
-2.050005E+1
-1.748949E+1
-1.265907E+1
-1.146837E+1
-1.098327E+1
-1.085244E+1
-1.109499E+1
-1.175796E+1
-1.318680E+1
-2.050005E+1
-2.050005E+1
-2.050005E+1
-2.050005E+1
-2.050005E+1
-2.050005E+1
-2.050005E+1
-2.050005E+1
-2.050005E+1
-2.050005E+1
-2.050005E+1
-2.050005E+1
-2.050005E+1
-1.342494E+1
-1.168152E+1
-1.070397E+1
-1.004982E+1
-9.589708E+0
-9.272188E+0
-9.104608E+0
-9.060508E+0
-9.163408E+0
-9.438298E+0
-9.946918E+0
-1.077747E+1
-1.238271E+1
-2.050005E+1
-2.050005E+1
-2.050005E+1
-2.050005E+1
-2.050005E+1
-2.050005E+1
-2.050005E+1
-2.050005E+1
-2.050005E+1
-2.050005E+1
-2.050005E+1
-2.050005E+1
-2.050005E+1
-2.050005E+1
-2.050005E+1
-2.050005E+1
-2.050005E+1
-2.050005E+1
-2.050005E+1
-2.050005E+1
-2.050005E+1
-2.050005E+1
-2.050005E+1
-2.050005E+1
-2.050005E+1
-2.050005E+1
-2.050005E+1
-2.050005E+1
-2.050005E+1
-2.050005E+1
-2.050005E+1
-2.050005E+1
-2.050005E+1
-2.050005E+1
-2.050005E+1
-2.050005E+1
-2.050005E+1
-2.050005E+1
-1.899477E+1
-1.627380E+1
-1.572843E+1
-1.598421E+1
-1.748949E+1
-2.050005E+1
-2.050005E+1
-2.050005E+1
-2.050005E+1
-2.050005E+1
-2.050005E+1
-2.050005E+1
-2.050005E+1
-2.050005E+1
-2.050005E+1
-2.050005E+1
-2.050005E+1
-2.050005E+1
-2.050005E+1
-1.748949E+1
-1.461858E+1
-1.342494E+1
-1.260027E+1
-1.204902E+1
-1.164477E+1
-1.136841E+1
-1.124346E+1
-1.121259E+1
-1.130520E+1
-1.157274E+1
-1.209312E+1
-1.311330E+1
-1.598421E+1
-2.050005E+1
-2.050005E+1
-2.050005E+1
-2.050005E+1
-2.050005E+1
-2.050005E+1
-2.050005E+1
-2.050005E+1
-2.050005E+1
-2.050005E+1
-2.050005E+1
-2.050005E+1
-2.050005E+1
-2.050005E+1
-2.050005E+1
-2.050005E+1
-2.050005E+1
-2.050005E+1
-2.050005E+1
-2.050005E+1
-2.050005E+1
-2.050005E+1
-2.050005E+1
-1.388799E+1
-1.191966E+1
-1.093035E+1
-1.031148E+1
-9.879298E+0
-9.547078E+0
-9.283948E+0
-9.070798E+0
-8.919388E+0
-8.806198E+0
-8.728288E+0
-8.709178E+0
-8.757688E+0
-8.878228E+0
-9.082558E+0
-9.385378E+0
-9.846958E+0
-1.056579E+1
-1.171974E+1
-1.476852E+1
-2.050005E+1
-2.050005E+1
-2.050005E+1
-2.050005E+1
-2.050005E+1
-2.050005E+1
-2.050005E+1
-2.050005E+1
-2.050005E+1
-2.050005E+1
-2.050005E+1
-2.050005E+1
-2.050005E+1
-2.050005E+1
-2.050005E+1
-2.050005E+1
-2.050005E+1
-2.050005E+1
-2.050005E+1
-2.050005E+1
-2.050005E+1
-2.050005E+1
-2.050005E+1
-1.318680E+1
-1.196082E+1
-1.143456E+1
-1.124346E+1
-1.124346E+1
-1.146837E+1
-1.183734E+1
-1.243563E+1
-1.342494E+1
-1.529331E+1
-2.050005E+1
-2.050005E+1
-2.050005E+1
-2.050005E+1
-2.050005E+1
-2.050005E+1
-2.050005E+1
-2.050005E+1
-2.050005E+1
-2.050005E+1
-2.050005E+1
-2.050005E+1
-2.050005E+1
-2.050005E+1
-2.050005E+1
-2.050005E+1
-2.050005E+1
-1.476852E+1
-1.271787E+1
-1.160802E+1
-1.085244E+1
-1.035264E+1
-1.001454E+1
-9.846958E+0
-9.799918E+0
-9.879298E+0
-1.006746E+1
-1.039380E+1
-1.087743E+1
-1.153746E+1
-1.238271E+1
-1.378803E+1
-1.700439E+1
-2.050005E+1
-2.050005E+1
-2.050005E+1
-2.050005E+1
-2.050005E+1
-2.050005E+1
-2.050005E+1
-2.050005E+1
-2.050005E+1
-2.050005E+1
-2.050005E+1
-2.050005E+1
-2.050005E+1
-1.342494E+1
-1.127433E+1
-1.015860E+1
-9.385378E+0
-8.826778E+0
-8.415178E+0
-8.113828E+0
-7.893328E+0
-7.747798E+0
-7.669888E+0
-7.646368E+0
-7.669888E+0
-7.736038E+0
-7.853638E+0
-8.021218E+0
-8.247598E+0
-8.526898E+0
-8.878228E+0
-9.283948E+0
-9.738178E+0
-1.019535E+1
-1.056579E+1
-1.075248E+1
-1.072749E+1
-1.054374E+1
-1.027326E+1
-1.001454E+1
-9.783748E+0
-9.648508E+0
-9.575008E+0
-9.589708E+0
-9.648508E+0
-9.783748E+0
-9.980728E+0
-1.027326E+1
-1.070397E+1
-1.136841E+1
-1.254441E+1
-1.627380E+1
-2.050005E+1
-2.050005E+1
-2.050005E+1
-2.050005E+1
-2.050005E+1
-2.050005E+1
-2.050005E+1
-2.050005E+1
-2.050005E+1
-2.050005E+1
-2.050005E+1
-2.050005E+1
-2.050005E+1
-2.050005E+1
-2.050005E+1
-2.050005E+1
-2.050005E+1
-2.050005E+1
-2.050005E+1
-2.050005E+1
-2.050005E+1
-2.050005E+1
-2.050005E+1
-2.050005E+1
-2.050005E+1
-2.050005E+1
-2.050005E+1
-2.050005E+1
-2.050005E+1
-2.050005E+1
-2.050005E+1
-2.050005E+1
-2.050005E+1
-2.050005E+1
-2.050005E+1
-2.050005E+1
-2.050005E+1
-2.050005E+1
-2.050005E+1
-2.050005E+1
-2.050005E+1
-1.493022E+1
-1.359840E+1
-1.318680E+1
-1.351020E+1
-1.493022E+1
-2.050005E+1
-2.050005E+1
-2.050005E+1
-2.050005E+1
-2.050005E+1
-2.050005E+1
-2.050005E+1
-2.050005E+1
-2.050005E+1
-2.050005E+1
-2.050005E+1
-1.461858E+1
-1.213869E+1
-1.115379E+1
-1.056579E+1
-1.017624E+1
-9.879298E+0
-9.633808E+0
-9.425068E+0
-9.258958E+0
-9.128128E+0
-9.060508E+0
-9.070798E+0
-9.151648E+0
-9.308938E+0
-9.547078E+0
-9.846958E+0
-1.019535E+1
-1.052169E+1
-1.077747E+1
-1.090389E+1
-1.093035E+1
-1.080099E+1
-1.063341E+1
-1.043496E+1
-1.023357E+1
-1.006746E+1
-9.946918E+0
-9.896938E+0
-9.929278E+0
-1.004982E+1
-1.031148E+1
-1.070397E+1
-1.130520E+1
-1.218573E+1
-1.359840E+1
-1.660896E+1
-2.050005E+1
-2.050005E+1
-2.050005E+1
-2.050005E+1
-2.050005E+1
-2.050005E+1
-2.050005E+1
-2.050005E+1
-2.050005E+1
-2.050005E+1
-2.050005E+1
-1.447893E+1
-1.297365E+1
-1.228275E+1
-1.209312E+1
-1.233273E+1
-1.334262E+1
-1.700439E+1
-2.050005E+1
-2.050005E+1
-2.050005E+1
-2.050005E+1
-2.050005E+1
-2.050005E+1
-2.050005E+1
-2.050005E+1
-2.050005E+1
-2.050005E+1
-2.050005E+1
-1.510368E+1
-1.290750E+1
-1.191966E+1
-1.143456E+1
-1.118319E+1
-1.112439E+1
-1.127433E+1
-1.160802E+1
-1.223277E+1
-1.326324E+1
-1.510368E+1
-2.050005E+1
-2.050005E+1
-2.050005E+1
-2.050005E+1
-2.050005E+1
-2.050005E+1
-1.899477E+1
-1.598421E+1
-1.549911E+1
-1.598421E+1
-2.050005E+1
-2.050005E+1
-2.050005E+1
-2.050005E+1
-2.050005E+1
-2.050005E+1
-2.050005E+1
-2.050005E+1
-2.050005E+1
-2.050005E+1
-2.050005E+1
-2.050005E+1
-2.050005E+1
-2.050005E+1
-2.050005E+1
-2.050005E+1
-2.050005E+1
-2.050005E+1
-2.050005E+1
-2.050005E+1
-2.050005E+1
-2.050005E+1
-2.050005E+1
-2.050005E+1
-2.050005E+1
-2.050005E+1
-2.050005E+1
-2.050005E+1
-2.050005E+1
-2.050005E+1
-2.050005E+1
-2.050005E+1
-2.050005E+1
-2.050005E+1
-2.050005E+1
-2.050005E+1
-2.050005E+1
-2.050005E+1
-2.050005E+1
-2.050005E+1
-2.050005E+1
-2.050005E+1
-2.050005E+1
-2.050005E+1
-2.050005E+1
-2.050005E+1
-2.050005E+1
-2.050005E+1
-2.050005E+1
-2.050005E+1
-2.050005E+1
-2.050005E+1
-2.050005E+1
-2.050005E+1
-2.050005E+1
-2.050005E+1
-2.050005E+1
-2.050005E+1
-2.050005E+1
-2.050005E+1
-2.050005E+1
-2.050005E+1
-2.050005E+1
-2.050005E+1
-2.050005E+1
-2.050005E+1
-2.050005E+1
-2.050005E+1
-2.050005E+1
-2.050005E+1
-2.050005E+1
-2.050005E+1
-2.050005E+1
-2.050005E+1
-2.050005E+1
-2.050005E+1
-2.050005E+1
-2.050005E+1
-2.050005E+1
-2.050005E+1
-2.050005E+1
-2.050005E+1
-2.050005E+1
-2.050005E+1
-2.050005E+1
-2.050005E+1
-2.050005E+1
-2.050005E+1
-2.050005E+1
-2.050005E+1
-2.050005E+1
-1.342494E+1
-1.109499E+1
-9.996898E+0
-9.333928E+0
-8.939968E+0
-8.738578E+0
-8.709178E+0
-8.847358E+0
-9.163408E+0
-9.663208E+0
-1.041438E+1
-1.157274E+1
-1.388799E+1
-2.050005E+1
-2.050005E+1
-2.050005E+1
-2.050005E+1
-2.050005E+1
-2.050005E+1
-2.050005E+1
-2.050005E+1
-2.050005E+1
-2.050005E+1
