Date/Time	2022-06-12 11:05:03
Line location	1
Line name	A1
OTDR wavelength [nm]	1625
OTDR pulse duration [ns]	2
OTDR scan time [s]	10
OTDR scan length [m]	1.500000E+2
Length offset [m]	0.000000E+0
Length increment [m]	3.996806E-2
Switch ID	VIAVI Solutions,OTU 8000E,11654,FO,16.76
OTDR ID	JDSU,OTU 8000E,11654,OTU(SmartOTU),V7.22

Reflected amplitude [dB]
1.195882E+0
1.138552E+0
1.079752E+0
1.028302E+0
9.871420E-1
9.562720E-1
9.680320E-1
1.072402E+0
1.244392E+0
1.456072E+0
1.714792E+0
1.982332E+0
2.208712E+0
2.380702E+0
2.505652E+0
2.593852E+0
2.649712E+0
2.670292E+0
2.655592E+0
2.602672E+0
2.511532E+0
2.385112E+0
2.227822E+0
2.049952E+0
1.870612E+0
1.685392E+0
1.486942E+0
1.285552E+0
1.084162E+0
8.901220E-1
7.122520E-1
5.549620E-1
4.211920E-1
3.094720E-1
2.168620E-1
1.360120E-1
6.692200E-2
6.652000E-3
-4.479800E-2
-9.036800E-2
-1.285880E-1
-1.579880E-1
-1.815080E-1
-1.991480E-1
-2.094380E-1
-2.153180E-1
-2.182580E-1
-2.211980E-1
-2.226680E-1
-2.241380E-1
-2.285480E-1
-2.344280E-1
-2.447180E-1
-2.564780E-1
-2.711780E-1
-2.888180E-1
-3.064580E-1
-3.270380E-1
-3.446780E-1
-3.637880E-1
-3.799580E-1
-3.946580E-1
-4.078880E-1
-4.181780E-1
-4.255280E-1
-4.299380E-1
-4.314080E-1
-4.269980E-1
-4.196480E-1
-4.064180E-1
-3.887780E-1
-3.652580E-1
-3.402680E-1
-3.138080E-1
-2.858780E-1
-2.594180E-1
-2.358980E-1
-2.153180E-1
-1.976780E-1
-1.844480E-1
-1.756280E-1
-1.726880E-1
-1.726880E-1
-1.785680E-1
-1.873880E-1
-2.006180E-1
-2.182580E-1
-2.358980E-1
-2.564780E-1
-2.770580E-1
-2.976380E-1
-3.167480E-1
-3.329180E-1
-3.476180E-1
-3.608480E-1
-3.740780E-1
-3.858380E-1
-3.990680E-1
-4.137680E-1
-4.284680E-1
-4.461080E-1
-4.652180E-1
-4.843280E-1
-5.034380E-1
-5.240180E-1
-5.431280E-1
-5.637080E-1
-5.828180E-1
-6.004580E-1
-6.166280E-1
-6.313280E-1
-6.430880E-1
-6.519080E-1
-6.563180E-1
-6.563180E-1
-6.533780E-1
-6.460280E-1
-6.357380E-1
-6.254480E-1
-6.136880E-1
-6.048680E-1
-5.989880E-1
-5.945780E-1
-5.945780E-1
-5.960480E-1
-6.004580E-1
-6.048680E-1
-6.107480E-1
-6.151580E-1
-6.210380E-1
-6.239780E-1
-6.283880E-1
-6.313280E-1
-6.342680E-1
-6.372080E-1
-6.401480E-1
-6.430880E-1
-6.445580E-1
-6.445580E-1
-6.445580E-1
-6.430880E-1
-6.401480E-1
-6.357380E-1
-5.034380E-1
4.340200E-2
1.040062E+0
2.229292E+0
3.400882E+0
4.459282E+0
5.376562E+0
6.149782E+0
6.789232E+0
7.308142E+0
7.724152E+0
8.050492E+0
8.295982E+0
8.470912E+0
8.579692E+0
8.625262E+0
8.614972E+0
8.548822E+0
8.434162E+0
8.272462E+0
8.063722E+0
7.815292E+0
7.530112E+0
7.209652E+0
6.855382E+0
6.465832E+0
6.042472E+0
5.591182E+0
5.119312E+0
4.634212E+0
4.143232E+0
3.659602E+0
3.196552E+0
2.770252E+0
2.388052E+0
2.052892E+0
1.766242E+0
1.522222E+0
1.312012E+0
1.126792E+0
9.577420E-1
7.945720E-1
6.372820E-1
4.888120E-1
3.359320E-1
1.859920E-1
5.075200E-2
-6.243800E-2
-1.579880E-1
-2.373680E-1
-3.035180E-1
-3.579080E-1
-4.005380E-1
-4.343480E-1
-4.593380E-1
-4.755080E-1
-4.843280E-1
-4.872680E-1
-4.887380E-1
-4.872680E-1
-4.872680E-1
-4.887380E-1
-4.931480E-1
-5.004980E-1
-5.078480E-1
-5.181380E-1
-5.269580E-1
-5.328380E-1
-5.357780E-1
-5.357780E-1
-5.298980E-1
-5.210780E-1
-5.093180E-1
-4.946180E-1
-4.784480E-1
-4.622780E-1
-4.475780E-1
-4.328780E-1
-4.181780E-1
-4.078880E-1
-3.975980E-1
-3.917180E-1
-3.887780E-1
-3.887780E-1
-3.917180E-1
-3.990680E-1
-4.078880E-1
-4.196480E-1
-4.314080E-1
-4.431680E-1
-4.549280E-1
-4.652180E-1
-4.740380E-1
-4.828580E-1
-4.887380E-1
-4.960880E-1
-5.034380E-1
-5.107880E-1
-5.196080E-1
-5.313680E-1
-5.445980E-1
-5.592980E-1
-5.769380E-1
-5.960480E-1
-6.136880E-1
-6.313280E-1
-6.460280E-1
-6.548480E-1
-6.592580E-1
-6.563180E-1
-6.504380E-1
-6.401480E-1
-6.269180E-1
-6.151580E-1
-6.033980E-1
-5.960480E-1
-5.931080E-1
-5.931080E-1
-5.960480E-1
-6.019280E-1
-6.078080E-1
-6.122180E-1
-6.151580E-1
-6.151580E-1
-6.122180E-1
-6.048680E-1
-5.945780E-1
-5.828180E-1
-5.695880E-1
-5.563580E-1
-5.431280E-1
-5.313680E-1
-5.210780E-1
-5.122580E-1
-5.049080E-1
-4.990280E-1
-4.931480E-1
-4.872680E-1
-4.799180E-1
-4.725680E-1
-4.652180E-1
-4.563980E-1
-4.475780E-1
-4.402280E-1
-4.328780E-1
-4.284680E-1
-4.255280E-1
-4.269980E-1
-4.314080E-1
-4.387580E-1
-4.490480E-1
-4.608080E-1
-4.740380E-1
-4.857980E-1
-4.960880E-1
-5.034380E-1
-5.078480E-1
-5.122580E-1
-5.151980E-1
-5.166680E-1
-5.181380E-1
-5.210780E-1
-5.240180E-1
-5.284280E-1
-5.328380E-1
-5.357780E-1
-5.401880E-1
-5.445980E-1
-5.475380E-1
-5.504780E-1
-5.519480E-1
-5.548880E-1
-5.578280E-1
-5.607680E-1
-5.637080E-1
-5.681180E-1
-5.725280E-1
-5.784080E-1
-5.828180E-1
-5.857580E-1
-5.886980E-1
-5.886980E-1
-5.857580E-1
-5.798780E-1
-5.725280E-1
-5.622380E-1
-5.519480E-1
-5.416580E-1
-5.328380E-1
-5.254880E-1
-5.196080E-1
-5.166680E-1
-5.137280E-1
-5.122580E-1
-5.093180E-1
-5.063780E-1
-4.990280E-1
-4.887380E-1
-4.755080E-1
-4.593380E-1
-4.387580E-1
-4.152380E-1
-3.917180E-1
-3.696680E-1
-3.476180E-1
-3.299780E-1
-3.167480E-1
-3.064580E-1
-3.020480E-1
-3.035180E-1
-3.108680E-1
-3.211580E-1
-3.358580E-1
-3.534980E-1
-3.726080E-1
-3.931880E-1
-4.137680E-1
-4.328780E-1
-4.490480E-1
-4.652180E-1
-4.784480E-1
-4.902080E-1
-5.004980E-1
-5.107880E-1
-5.196080E-1
-5.284280E-1
-5.357780E-1
-5.431280E-1
-5.504780E-1
-5.563580E-1
-5.622380E-1
-5.666480E-1
-5.695880E-1
-5.725280E-1
-5.739980E-1
-5.754680E-1
-5.769380E-1
-5.754680E-1
-5.739980E-1
-5.725280E-1
-5.681180E-1
-5.637080E-1
-5.592980E-1
-5.534180E-1
-5.490080E-1
-5.445980E-1
-5.401880E-1
-5.372480E-1
-5.357780E-1
-5.343080E-1
-5.357780E-1
-5.357780E-1
-5.387180E-1
-5.416580E-1
-5.445980E-1
-5.475380E-1
-5.490080E-1
-5.490080E-1
-5.475380E-1
-5.431280E-1
-5.372480E-1
-5.269580E-1
-5.166680E-1
-5.019680E-1
-4.872680E-1
-4.696280E-1
-4.519880E-1
-4.328780E-1
-4.152380E-1
-3.975980E-1
-3.843680E-1
-3.726080E-1
-3.667280E-1
-3.667280E-1
-3.711380E-1
-3.799580E-1
-3.917180E-1
-4.078880E-1
-4.240580E-1
-4.416980E-1
-4.593380E-1
-4.784480E-1
-4.960880E-1
-5.137280E-1
-5.298980E-1
-5.475380E-1
-5.622380E-1
-5.769380E-1
-5.901680E-1
-6.019280E-1
-6.122180E-1
-6.210380E-1
-6.283880E-1
-6.327980E-1
-6.357380E-1
-6.357380E-1
-6.313280E-1
-6.254480E-1
-6.151580E-1
-6.033980E-1
-5.886980E-1
-5.739980E-1
-5.592980E-1
-5.445980E-1
-5.328380E-1
-5.240180E-1
-5.181380E-1
-5.166680E-1
-5.181380E-1
-5.210780E-1
-5.269580E-1
-5.313680E-1
-5.357780E-1
-5.401880E-1
-5.416580E-1
-5.416580E-1
-5.416580E-1
-5.416580E-1
-5.445980E-1
-5.475380E-1
-5.534180E-1
-5.607680E-1
-5.695880E-1
-5.798780E-1
-5.872280E-1
-5.931080E-1
-5.960480E-1
-5.945780E-1
-5.901680E-1
-5.828180E-1
-5.725280E-1
-5.622380E-1
-5.504780E-1
-5.401880E-1
-5.313680E-1
-5.254880E-1
-5.196080E-1
-5.166680E-1
-5.166680E-1
-5.166680E-1
-5.196080E-1
-5.240180E-1
-5.298980E-1
-5.372480E-1
-5.460680E-1
-5.548880E-1
-5.651780E-1
-5.754680E-1
-5.842880E-1
-5.916380E-1
-5.960480E-1
-5.989880E-1
-5.989880E-1
-5.975180E-1
-5.931080E-1
-5.886980E-1
-5.842880E-1
-5.784080E-1
-5.739980E-1
-5.695880E-1
-5.651780E-1
-5.622380E-1
-5.578280E-1
-5.534180E-1
-5.490080E-1
-5.431280E-1
-5.372480E-1
-5.313680E-1
-5.254880E-1
-5.210780E-1
-5.166680E-1
-5.151980E-1
-5.166680E-1
-5.210780E-1
-5.284280E-1
-5.401880E-1
-5.534180E-1
-5.695880E-1
-5.857580E-1
-6.019280E-1
-6.166280E-1
-6.283880E-1
-6.357380E-1
-6.416180E-1
-6.430880E-1
-6.430880E-1
-6.401480E-1
-6.357380E-1
-6.327980E-1
-6.283880E-1
-6.239780E-1
-6.195680E-1
-6.151580E-1
-6.107480E-1
-6.063380E-1
-6.019280E-1
-5.975180E-1
-5.945780E-1
-5.945780E-1
-5.960480E-1
-6.004580E-1
-6.078080E-1
-6.195680E-1
-6.327980E-1
-6.474980E-1
-6.636680E-1
-6.783680E-1
-6.915980E-1
-7.018880E-1
-7.062980E-1
-7.048280E-1
-6.989480E-1
-6.871880E-1
-6.710180E-1
-6.519080E-1
-6.327980E-1
-6.151580E-1
-5.989880E-1
-5.857580E-1
-5.769380E-1
-5.710580E-1
-5.710580E-1
-5.739980E-1
-5.813480E-1
-5.901680E-1
-6.019280E-1
-6.151580E-1
-6.298580E-1
-6.430880E-1
-6.563180E-1
-6.666080E-1
-6.754280E-1
-6.783680E-1
-6.798380E-1
-6.754280E-1
-6.680780E-1
-6.563180E-1
-6.416180E-1
-6.254480E-1
-6.107480E-1
-5.960480E-1
-5.828180E-1
-5.725280E-1
-5.651780E-1
-5.607680E-1
-5.592980E-1
-5.592980E-1
-5.592980E-1
-5.607680E-1
-5.607680E-1
-5.592980E-1
-5.563580E-1
-5.534180E-1
-5.504780E-1
-5.460680E-1
-5.416580E-1
-5.372480E-1
-5.343080E-1
-5.328380E-1
-5.313680E-1
-5.298980E-1
-5.298980E-1
-5.313680E-1
-5.328380E-1
-5.357780E-1
-5.387180E-1
-5.431280E-1
-5.490080E-1
-5.548880E-1
-5.622380E-1
-5.695880E-1
-5.769380E-1
-5.828180E-1
-5.886980E-1
-5.931080E-1
-5.975180E-1
-6.004580E-1
-6.048680E-1
-6.092780E-1
-6.136880E-1
-6.195680E-1
-6.254480E-1
-6.327980E-1
-6.386780E-1
-6.430880E-1
-6.460280E-1
-6.474980E-1
-6.445580E-1
-6.401480E-1
-6.327980E-1
-6.254480E-1
-6.166280E-1
-6.063380E-1
-5.989880E-1
-5.916380E-1
-5.886980E-1
-5.872280E-1
-5.886980E-1
-5.916380E-1
-5.975180E-1
-6.048680E-1
-6.122180E-1
-6.180980E-1
-6.225080E-1
-6.254480E-1
-6.269180E-1
-6.239780E-1
-6.210380E-1
-6.151580E-1
-6.078080E-1
-6.004580E-1
-5.931080E-1
-5.857580E-1
-5.813480E-1
-5.754680E-1
-5.725280E-1
-5.695880E-1
-5.666480E-1
-5.637080E-1
-5.592980E-1
-5.534180E-1
-5.445980E-1
-5.343080E-1
-5.240180E-1
-5.137280E-1
-5.049080E-1
-5.004980E-1
-5.004980E-1
-5.063780E-1
-5.181380E-1
-5.343080E-1
-5.519480E-1
-5.710580E-1
-5.886980E-1
-6.019280E-1
-6.107480E-1
-6.151580E-1
-6.136880E-1
-6.107480E-1
-6.063380E-1
-6.004580E-1
-5.960480E-1
-5.931080E-1
-5.901680E-1
-5.886980E-1
-5.886980E-1
-5.886980E-1
-5.872280E-1
-5.872280E-1
-5.872280E-1
-5.872280E-1
-5.872280E-1
-5.886980E-1
-5.901680E-1
-5.916380E-1
-5.931080E-1
-5.945780E-1
-5.945780E-1
-5.931080E-1
-5.901680E-1
-5.886980E-1
-5.857580E-1
-5.828180E-1
-5.798780E-1
-5.784080E-1
-5.769380E-1
-5.769380E-1
-5.769380E-1
-5.784080E-1
-5.784080E-1
-5.784080E-1
-5.784080E-1
-5.754680E-1
-5.725280E-1
-5.695880E-1
-5.666480E-1
-5.651780E-1
-5.637080E-1
-5.651780E-1
-5.681180E-1
-5.754680E-1
-5.842880E-1
-5.975180E-1
-6.107480E-1
-6.254480E-1
-6.386780E-1
-6.519080E-1
-6.636680E-1
-6.710180E-1
-6.754280E-1
-6.768980E-1
-6.768980E-1
-6.754280E-1
-6.739580E-1
-6.710180E-1
-6.695480E-1
-6.680780E-1
-6.651380E-1
-6.607280E-1
-6.548480E-1
-6.460280E-1
-6.357380E-1
-6.225080E-1
-6.092780E-1
-5.945780E-1
-5.828180E-1
-5.710580E-1
-5.622380E-1
-5.548880E-1
-5.490080E-1
-5.445980E-1
-5.401880E-1
-5.372480E-1
-5.343080E-1
-5.328380E-1
-5.328380E-1
-5.343080E-1
-5.372480E-1
-5.431280E-1
-5.475380E-1
-5.534180E-1
-5.607680E-1
-5.666480E-1
-5.725280E-1
-5.769380E-1
-5.798780E-1
-5.828180E-1
-5.842880E-1
-5.842880E-1
-5.828180E-1
-5.798780E-1
-5.754680E-1
-5.710580E-1
-5.651780E-1
-5.622380E-1
-5.607680E-1
-5.622380E-1
-5.651780E-1
-5.710580E-1
-5.769380E-1
-5.828180E-1
-5.886980E-1
-5.916380E-1
-5.931080E-1
-5.931080E-1
-5.916380E-1
-5.886980E-1
-5.857580E-1
-5.828180E-1
-5.813480E-1
-5.813480E-1
-5.813480E-1
-5.813480E-1
-5.828180E-1
-5.857580E-1
-5.886980E-1
-5.945780E-1
-6.019280E-1
-6.107480E-1
-6.210380E-1
-6.327980E-1
-6.430880E-1
-6.519080E-1
-6.577880E-1
-6.607280E-1
-6.607280E-1
-6.577880E-1
-6.519080E-1
-6.445580E-1
-6.342680E-1
-6.239780E-1
-6.136880E-1
-6.033980E-1
-5.945780E-1
-5.857580E-1
-5.798780E-1
-5.769380E-1
-5.769380E-1
-5.784080E-1
-5.828180E-1
-5.901680E-1
-5.989880E-1
-6.078080E-1
-6.166280E-1
-6.239780E-1
-6.298580E-1
-6.342680E-1
-6.372080E-1
-6.372080E-1
-6.342680E-1
-6.283880E-1
-6.225080E-1
-6.136880E-1
-6.048680E-1
-5.960480E-1
-5.901680E-1
-5.842880E-1
-5.813480E-1
-5.828180E-1
-5.857580E-1
-5.901680E-1
-5.960480E-1
-6.019280E-1
-6.078080E-1
-6.136880E-1
-6.166280E-1
-6.166280E-1
-6.166280E-1
-6.136880E-1
-6.078080E-1
-6.004580E-1
-5.916380E-1
-5.813480E-1
-5.710580E-1
-5.622380E-1
-5.534180E-1
-5.460680E-1
-5.416580E-1
-5.387180E-1
-5.401880E-1
-5.431280E-1
-5.490080E-1
-5.563580E-1
-5.637080E-1
-5.725280E-1
-5.813480E-1
-5.872280E-1
-5.931080E-1
-5.975180E-1
-6.004580E-1
-6.019280E-1
-6.033980E-1
-6.048680E-1
-6.078080E-1
-6.107480E-1
-6.136880E-1
-6.166280E-1
-6.195680E-1
-6.210380E-1
-6.225080E-1
-6.225080E-1
-6.195680E-1
-6.180980E-1
-6.151580E-1
-6.136880E-1
-6.122180E-1
-6.122180E-1
-6.136880E-1
-6.136880E-1
-6.151580E-1
-6.151580E-1
-6.136880E-1
-6.122180E-1
-6.092780E-1
-6.048680E-1
-6.004580E-1
-5.975180E-1
-5.931080E-1
-5.901680E-1
-5.886980E-1
-5.886980E-1
-5.916380E-1
-5.960480E-1
-6.019280E-1
-6.092780E-1
-6.166280E-1
-6.225080E-1
-6.269180E-1
-6.298580E-1
-6.283880E-1
-6.254480E-1
-6.195680E-1
-6.136880E-1
-6.063380E-1
-6.019280E-1
-5.989880E-1
-5.975180E-1
-6.004580E-1
-6.033980E-1
-6.092780E-1
-6.151580E-1
-6.210380E-1
-6.269180E-1
-6.327980E-1
-6.386780E-1
-6.430880E-1
-6.460280E-1
-6.489680E-1
-6.504380E-1
-6.489680E-1
-6.474980E-1
-6.430880E-1
-6.372080E-1
-6.313280E-1
-6.254480E-1
-6.195680E-1
-6.136880E-1
-6.092780E-1
-6.063380E-1
-6.019280E-1
-5.989880E-1
-5.960480E-1
-5.931080E-1
-5.916380E-1
-5.901680E-1
-5.901680E-1
-5.901680E-1
-5.916380E-1
-5.945780E-1
-5.975180E-1
-6.004580E-1
-6.033980E-1
-6.063380E-1
-6.078080E-1
-6.092780E-1
-6.092780E-1
-6.063380E-1
-6.033980E-1
-5.989880E-1
-5.931080E-1
-5.872280E-1
-5.813480E-1
-5.754680E-1
-5.710580E-1
-5.666480E-1
-5.637080E-1
-5.607680E-1
-5.592980E-1
-5.563580E-1
-5.548880E-1
-5.534180E-1
-5.504780E-1
-5.490080E-1
-5.475380E-1
-5.460680E-1
-5.445980E-1
-5.445980E-1
-5.445980E-1
-5.445980E-1
-5.475380E-1
-5.504780E-1
-5.563580E-1
-5.637080E-1
-5.725280E-1
-5.842880E-1
-5.960480E-1
-6.078080E-1
-6.166280E-1
-6.239780E-1
-6.283880E-1
-6.283880E-1
-6.269180E-1
-6.225080E-1
-6.180980E-1
-6.122180E-1
-6.063380E-1
-6.019280E-1
-5.989880E-1
-5.975180E-1
-5.989880E-1
-6.004580E-1
-6.033980E-1
-6.063380E-1
-6.107480E-1
-6.136880E-1
-6.151580E-1
-6.166280E-1
-6.166280E-1
-6.151580E-1
-6.136880E-1
-6.107480E-1
-6.078080E-1
-6.048680E-1
-6.004580E-1
-5.975180E-1
-5.931080E-1
-5.901680E-1
-5.857580E-1
-5.828180E-1
-5.813480E-1
-5.798780E-1
-5.798780E-1
-5.813480E-1
-5.857580E-1
-5.931080E-1
-6.019280E-1
-6.151580E-1
-6.327980E-1
-6.519080E-1
-6.754280E-1
-7.004180E-1
-7.283480E-1
-7.577480E-1
-7.886180E-1
-8.194880E-1
-8.518280E-1
-8.841680E-1
-9.165080E-1
-9.473780E-1
-9.797180E-1
-1.010588E+0
-1.039988E+0
-1.069388E+0
-1.095848E+0
-1.120838E+0
-1.142888E+0
-1.161998E+0
-1.176698E+0
-1.185518E+0
-1.189928E+0
-1.191398E+0
-1.189928E+0
-1.186988E+0
-1.186988E+0
-1.186988E+0
-1.191398E+0
-1.200218E+0
-1.211978E+0
-1.226678E+0
-1.241378E+0
-1.256078E+0
-1.270778E+0
-1.284008E+0
-1.295768E+0
-1.304588E+0
-1.311938E+0
-1.319288E+0
-1.326638E+0
-1.333988E+0
-1.339868E+0
-1.347218E+0
-1.354568E+0
-1.361918E+0
-1.369268E+0
-1.376618E+0
-1.383968E+0
-1.391318E+0
-1.400138E+0
-1.407488E+0
-1.413368E+0
-1.419248E+0
-1.422188E+0
-1.423658E+0
-1.423658E+0
-1.422188E+0
-1.420718E+0
-1.417778E+0
-1.414838E+0
-1.410428E+0
-1.407488E+0
-1.403078E+0
-1.400138E+0
-1.397198E+0
-1.395728E+0
-1.394258E+0
-1.394258E+0
-1.395728E+0
-1.398668E+0
-1.401608E+0
-1.407488E+0
-1.413368E+0
-1.422188E+0
-1.432478E+0
-1.444238E+0
-1.455998E+0
-1.467758E+0
-1.478048E+0
-1.486868E+0
-1.494218E+0
-1.498628E+0
-1.503038E+0
-1.505978E+0
-1.510388E+0
-1.517738E+0
-1.526558E+0
-1.536848E+0
-1.548608E+0
-1.560368E+0
-1.572128E+0
-1.580948E+0
-1.586828E+0
-1.588298E+0
-1.588298E+0
-1.583888E+0
-1.579478E+0
-1.573598E+0
-1.567718E+0
-1.563308E+0
-1.557428E+0
-1.554488E+0
-1.551548E+0
-1.551548E+0
-1.551548E+0
-1.554488E+0
-1.560368E+0
-1.569188E+0
-1.580948E+0
-1.594178E+0
-1.608878E+0
-1.626518E+0
-1.642688E+0
-1.660328E+0
-1.675028E+0
-1.688258E+0
-1.698548E+0
-1.707368E+0
-1.713248E+0
-1.716188E+0
-1.717658E+0
-1.717658E+0
-1.714718E+0
-1.710308E+0
-1.704428E+0
-1.698548E+0
-1.689728E+0
-1.682378E+0
-1.673558E+0
-1.667678E+0
-1.664738E+0
-1.661798E+0
-1.663268E+0
-1.664738E+0
-1.667678E+0
-1.672088E+0
-1.675028E+0
-1.675028E+0
-1.673558E+0
-1.670618E+0
-1.666208E+0
-1.661798E+0
-1.657388E+0
-1.654448E+0
-1.654448E+0
-1.655918E+0
-1.660328E+0
-1.669148E+0
-1.679438E+0
-1.692668E+0
-1.708838E+0
-1.725008E+0
-1.742648E+0
-1.758818E+0
-1.772048E+0
-1.783808E+0
-1.792628E+0
-1.797038E+0
-1.798508E+0
-1.794098E+0
-1.788218E+0
-1.777928E+0
-1.767638E+0
-1.757348E+0
-1.749998E+0
-1.748528E+0
-1.751468E+0
-1.763228E+0
-1.779398E+0
-1.799978E+0
-1.824968E+0
-1.849958E+0
-1.872008E+0
-1.888178E+0
-1.896998E+0
-1.898468E+0
-1.892588E+0
-1.879358E+0
-1.861718E+0
-1.842608E+0
-1.822028E+0
-1.804388E+0
-1.788218E+0
-1.774988E+0
-1.764698E+0
-1.758818E+0
-1.752938E+0
-1.748528E+0
-1.744118E+0
-1.739708E+0
-1.733828E+0
-1.727948E+0
-1.723538E+0
-1.720598E+0
-1.722068E+0
-1.726478E+0
-1.736768E+0
-1.751468E+0
-1.769108E+0
-1.791158E+0
-1.813208E+0
-1.835258E+0
-1.855838E+0
-1.872008E+0
-1.885238E+0
-1.894058E+0
-1.898468E+0
-1.901408E+0
-1.901408E+0
-1.901408E+0
-1.901408E+0
-1.901408E+0
-1.901408E+0
-1.902878E+0
-1.902878E+0
-1.905818E+0
-1.905818E+0
-1.907288E+0
-1.911698E+0
-1.917578E+0
-1.927868E+0
-1.941098E+0
-1.957268E+0
-1.976378E+0
-1.996958E+0
-2.016068E+0
-2.033708E+0
-2.046938E+0
-2.057228E+0
-2.064578E+0
-2.066048E+0
-2.066048E+0
-2.064578E+0
-2.061638E+0
-2.058698E+0
-2.057228E+0
-2.054288E+0
-2.054288E+0
-2.055758E+0
-2.057228E+0
-2.061638E+0
-2.066048E+0
-2.073398E+0
-2.080748E+0
-2.089568E+0
-2.096918E+0
-2.104268E+0
-2.108678E+0
-2.110148E+0
-2.108678E+0
-2.102798E+0
-2.095448E+0
-2.086628E+0
-2.077808E+0
-2.070458E+0
-2.066048E+0
-2.064578E+0
-2.064578E+0
-2.064578E+0
-2.064578E+0
-2.064578E+0
-2.060168E+0
-2.052818E+0
-2.043998E+0
-2.033708E+0
-2.021948E+0
-2.014598E+0
-2.010188E+0
-2.011658E+0
-2.017538E+0
-2.029298E+0
-2.046938E+0
-2.066048E+0
-2.086628E+0
-2.104268E+0
-2.121908E+0
-2.138078E+0
-2.154248E+0
-2.171888E+0
-2.192468E+0
-2.217458E+0
-2.246858E+0
-2.282138E+0
-2.318888E+0
-2.354168E+0
-2.385038E+0
-2.408558E+0
-2.421788E+0
-2.423258E+0
-2.414438E+0
-2.396798E+0
-2.371808E+0
-2.343878E+0
-2.314478E+0
-2.285078E+0
-2.258618E+0
-2.233628E+0
-2.211578E+0
-2.193938E+0
-2.179238E+0
-2.170418E+0
-2.166008E+0
-2.167478E+0
-2.173358E+0
-2.182178E+0
-2.193938E+0
-2.207168E+0
-2.217458E+0
-2.226278E+0
-2.232158E+0
-2.236568E+0
-2.240978E+0
-2.246858E+0
-2.257148E+0
-2.270378E+0
-2.288018E+0
-2.310068E+0
-2.330648E+0
-2.351228E+0
-2.367398E+0
-2.379158E+0
-2.383568E+0
-2.380628E+0
-2.371808E+0
-2.360048E+0
-2.345348E+0
-2.332118E+0
-2.318888E+0
-2.310068E+0
-2.305658E+0
-2.304188E+0
-2.305658E+0
-2.307128E+0
-2.310068E+0
-2.314478E+0
-2.315948E+0
-2.318888E+0
-2.320358E+0
-2.324768E+0
-2.332118E+0
-2.343878E+0
-2.360048E+0
-2.379158E+0
-2.402678E+0
-2.429138E+0
-2.457068E+0
-2.483528E+0
-2.507048E+0
-2.530568E+0
-2.551148E+0
-2.570258E+0
-2.584958E+0
-2.601128E+0
-2.614358E+0
-2.624648E+0
-2.634938E+0
-2.643758E+0
-2.649638E+0
-2.652578E+0
-2.654048E+0
-2.651108E+0
-2.643758E+0
-2.631998E+0
-2.617298E+0
-2.596718E+0
-2.571728E+0
-2.543798E+0
-2.514398E+0
-2.482058E+0
-2.451188E+0
-2.423258E+0
-2.399738E+0
-2.380628E+0
-2.368868E+0
-2.365928E+0
-2.368868E+0
-2.380628E+0
-2.399738E+0
-2.426198E+0
-2.455598E+0
-2.489408E+0
-2.524688E+0
-2.558498E+0
-2.589368E+0
-2.617298E+0
-2.639348E+0
-2.656988E+0
-2.667278E+0
-2.671688E+0
-2.671688E+0
-2.668748E+0
-2.662868E+0
-2.658458E+0
-2.654048E+0
-2.652578E+0
-2.656988E+0
-2.665808E+0
-2.680508E+0
-2.698148E+0
-2.718728E+0
-2.740778E+0
-2.759888E+0
-2.776058E+0
-2.786348E+0
-2.793698E+0
-2.796638E+0
-2.798108E+0
-2.799578E+0
-2.802518E+0
-2.806928E+0
-2.815748E+0
-2.824568E+0
-2.834858E+0
-2.843678E+0
-2.849558E+0
-2.852498E+0
-2.849558E+0
-2.842208E+0
-2.830448E+0
-2.812808E+0
-2.793698E+0
-2.774588E+0
-2.754008E+0
-2.734898E+0
-2.717258E+0
-2.699618E+0
-2.686388E+0
-2.671688E+0
-2.658458E+0
-2.645228E+0
-2.631998E+0
-2.620238E+0
-2.609948E+0
-2.602598E+0
-2.601128E+0
-2.605538E+0
-2.615828E+0
-2.634938E+0
-2.658458E+0
-2.686388E+0
-2.714318E+0
-2.737838E+0
-2.755478E+0
-2.764298E+0
-2.764298E+0
-2.755478E+0
-2.740778E+0
-2.721668E+0
-2.701088E+0
-2.683448E+0
-2.668748E+0
-2.659928E+0
-2.656988E+0
-2.659928E+0
-2.670218E+0
-2.686388E+0
-2.705498E+0
-2.730488E+0
-2.756948E+0
-2.783408E+0
-2.806928E+0
-2.827508E+0
-2.843678E+0
-2.856908E+0
-2.865728E+0
-2.874548E+0
-2.881898E+0
-2.890718E+0
-2.901008E+0
-2.915708E+0
-2.933348E+0
-2.953928E+0
-2.977448E+0
-3.003908E+0
-3.031838E+0
-3.062708E+0
-3.095048E+0
-3.125918E+0
-3.152378E+0
-3.174428E+0
-3.187658E+0
-3.193538E+0
-3.190598E+0
-3.178838E+0
-3.161198E+0
-3.142088E+0
-3.121508E+0
-3.105338E+0
-3.093578E+0
-3.089168E+0
-3.092108E+0
-3.103868E+0
-3.121508E+0
-3.146498E+0
-3.172958E+0
-3.200888E+0
-3.224408E+0
-3.242048E+0
-3.247928E+0
-3.244988E+0
-3.228818E+0
-3.202358E+0
-3.164138E+0
-3.120038E+0
-3.072998E+0
-3.023018E+0
-2.973038E+0
-2.925998E+0
-2.883368E+0
-2.848088E+0
-2.821628E+0
-2.802518E+0
-2.792228E+0
-2.793698E+0
-2.806928E+0
-2.827508E+0
-2.856908E+0
-2.889248E+0
-2.923058E+0
-2.953928E+0
-2.978918E+0
-2.995088E+0
-3.002438E+0
-3.000968E+0
-2.995088E+0
-2.987738E+0
-2.981858E+0
-2.978918E+0
-2.981858E+0
-2.992148E+0
-3.008318E+0
-3.033308E+0
-3.062708E+0
-3.095048E+0
-3.128858E+0
-3.164138E+0
-3.197948E+0
-3.225878E+0
-3.249398E+0
-3.267038E+0
-3.277328E+0
-3.280268E+0
-3.275858E+0
-3.265568E+0
-3.249398E+0
-3.228818E+0
-3.205298E+0
-3.177368E+0
-3.149438E+0
-3.120038E+0
-3.090638E+0
-3.064178E+0
-3.039188E+0
-3.015668E+0
-2.998028E+0
-2.986268E+0
-2.978918E+0
-2.978918E+0
-2.986268E+0
-2.999498E+0
-3.017138E+0
-3.039188E+0
-3.061238E+0
-3.083288E+0
-3.102398E+0
-3.118568E+0
-3.127388E+0
-3.131798E+0
-3.128858E+0
-3.122978E+0
-3.114158E+0
-3.102398E+0
-3.090638E+0
-3.080348E+0
-3.074468E+0
-3.070058E+0
-3.071528E+0
-3.074468E+0
-3.081818E+0
-3.089168E+0
-3.097988E+0
-3.105338E+0
-3.112688E+0
-3.117098E+0
-3.120038E+0
-3.121508E+0
-3.125918E+0
-3.131798E+0
-3.140618E+0
-3.152378E+0
-3.168548E+0
-3.187658E+0
-3.206768E+0
-3.224408E+0
-3.239108E+0
-3.250868E+0
-3.258218E+0
-3.259688E+0
-3.258218E+0
-3.253808E+0
-3.247928E+0
-3.243518E+0
-3.240578E+0
-3.239108E+0
-3.236168E+0
-3.233228E+0
-3.228818E+0
-3.222938E+0
-3.211178E+0
-3.199418E+0
-3.187658E+0
-3.177368E+0
-3.171488E+0
-3.177368E+0
-3.195008E+0
-3.224408E+0
-3.265568E+0
-3.318488E+0
-3.378758E+0
-3.440498E+0
-3.500768E+0
-3.556628E+0
-3.600728E+0
-3.638948E+0
-3.665408E+0
-3.681578E+0
-3.688928E+0
-3.688928E+0
-3.681578E+0
-3.666878E+0
-3.643358E+0
-3.615428E+0
-3.580148E+0
-3.540458E+0
-3.499298E+0
-3.456668E+0
-3.418448E+0
-3.381698E+0
-3.355238E+0
-3.336128E+0
-3.324368E+0
-3.321428E+0
-3.325838E+0
-3.339068E+0
-3.355238E+0
-3.374348E+0
-3.393458E+0
-3.412568E+0
-3.428738E+0
-3.439028E+0
-3.443438E+0
-3.439028E+0
-3.428738E+0
-3.411098E+0
-3.391988E+0
-3.371408E+0
-3.356708E+0
-3.349358E+0
-3.353768E+0
-3.368468E+0
-3.394928E+0
-3.428738E+0
-3.469898E+0
-3.509588E+0
-3.547808E+0
-3.580148E+0
-3.606608E+0
-3.625718E+0
-3.638948E+0
-3.646298E+0
-3.649238E+0
-3.644828E+0
-3.636008E+0
-3.618368E+0
-3.596318E+0
-3.566918E+0
-3.533108E+0
-3.499298E+0
-3.469898E+0
-3.443438E+0
-3.425798E+0
-3.418448E+0
-3.418448E+0
-3.428738E+0
-3.449318E+0
-3.477248E+0
-3.511058E+0
-3.550748E+0
-3.591908E+0
-3.633068E+0
-3.669818E+0
-3.702158E+0
-3.727148E+0
-3.744788E+0
-3.752138E+0
-3.758018E+0
-3.759488E+0
-3.760958E+0
-3.766838E+0
-3.778598E+0
-3.791828E+0
-3.809468E+0
-3.827108E+0
-3.841808E+0
-3.850628E+0
-3.855038E+0
-3.855038E+0
-3.853568E+0
-3.852098E+0
-3.856508E+0
-3.865328E+0
-3.880028E+0
-3.896198E+0
-3.915308E+0
-3.930008E+0
-3.938828E+0
-3.943238E+0
-3.937358E+0
-3.927068E+0
-3.913838E+0
-3.900608E+0
-3.893258E+0
-3.891788E+0
-3.899138E+0
-3.916778E+0
-3.941768E+0
-3.972638E+0
-4.007918E+0
-4.041728E+0
-4.071128E+0
-4.088768E+0
-4.094648E+0
-4.085828E+0
-4.059368E+0
-4.018208E+0
-3.962348E+0
-3.893258E+0
-3.816818E+0
-3.737438E+0
-3.656588E+0
-3.575738E+0
-3.493418E+0
-3.412568E+0
-3.328778E+0
-3.244988E+0
-3.155318E+0
-3.064178E+0
-2.973038E+0
-2.886308E+0
-2.808398E+0
-2.745188E+0
-2.702558E+0
-2.686388E+0
-2.693738E+0
-2.727548E+0
-2.793698E+0
-2.909828E+0
-3.086228E+0
-3.306728E+0
-3.556628E+0
-3.827108E+0
-4.124048E+0
-4.444508E+0
-4.785548E+0
-5.139818E+0
-5.502908E+0
-5.861588E+0
-6.215858E+0
-6.556898E+0
-6.883238E+0
-7.193408E+0
-7.500638E+0
-7.810808E+0
-8.134208E+0
-8.482598E+0
-8.872148E+0
-9.299918E+0
-9.752678E+0
-1.022749E+1
-1.071259E+1
-1.121974E+1
-1.168573E+1
-1.215907E+1
-1.254274E+1
-1.276324E+1
-1.284262E+1
-1.261330E+1
-1.227961E+1
-1.188271E+1
-1.146082E+1
-1.114477E+1
-1.100218E+1
-1.100218E+1
-1.125796E+1
-1.178275E+1
-1.301020E+1
-2.000005E+1
-2.000005E+1
-2.000005E+1
-2.000005E+1
-2.000005E+1
-2.000005E+1
-2.000005E+1
-2.000005E+1
-2.000005E+1
-2.000005E+1
-2.000005E+1
-2.000005E+1
-2.000005E+1
-2.000005E+1
-2.000005E+1
-2.000005E+1
-2.000005E+1
-2.000005E+1
-2.000005E+1
-1.610896E+1
-1.204441E+1
-1.083607E+1
-1.022749E+1
-9.852638E+0
-9.676238E+0
-9.639488E+0
-9.714458E+0
-9.934958E+0
-1.030099E+1
-1.093456E+1
-1.198855E+1
-1.460368E+1
-2.000005E+1
-2.000005E+1
-2.000005E+1
-2.000005E+1
-2.000005E+1
-2.000005E+1
-2.000005E+1
-2.000005E+1
-2.000005E+1
-2.000005E+1
-2.000005E+1
-2.000005E+1
-2.000005E+1
-2.000005E+1
-2.000005E+1
-2.000005E+1
-2.000005E+1
-2.000005E+1
-2.000005E+1
-2.000005E+1
-1.698949E+1
-1.292494E+1
-1.183273E+1
-1.137850E+1
-1.125796E+1
-1.150492E+1
-1.215907E+1
-1.384663E+1
-2.000005E+1
-2.000005E+1
-2.000005E+1
-2.000005E+1
-2.000005E+1
-2.000005E+1
-2.000005E+1
-2.000005E+1
-2.000005E+1
-2.000005E+1
-2.000005E+1
-2.000005E+1
-2.000005E+1
-2.000005E+1
-2.000005E+1
-2.000005E+1
-1.460368E+1
-1.309840E+1
-1.215907E+1
-1.150492E+1
-1.093456E+1
-1.043035E+1
-9.999638E+0
-9.658598E+0
-9.446918E+0
-9.330788E+0
-9.330788E+0
-9.446918E+0
-9.658598E+0
-9.955538E+0
-1.027747E+1
-1.059499E+1
-1.086841E+1
-1.114477E+1
-1.141966E+1
-1.188271E+1
-1.284262E+1
-1.650439E+1
-2.000005E+1
-2.000005E+1
-2.000005E+1
-2.000005E+1
-2.000005E+1
-2.000005E+1
-2.000005E+1
-2.000005E+1
-2.000005E+1
-2.000005E+1
-1.522843E+1
-1.221787E+1
-1.129765E+1
-1.096837E+1
-1.093456E+1
-1.118152E+1
-1.168573E+1
-1.247365E+1
-1.360555E+1
-1.522843E+1
-1.849477E+1
-2.000005E+1
-2.000005E+1
-2.000005E+1
-1.849477E+1
-2.000005E+1
-2.000005E+1
-2.000005E+1
-2.000005E+1
-2.000005E+1
-2.000005E+1
-2.000005E+1
-2.000005E+1
-2.000005E+1
-2.000005E+1
-2.000005E+1
-1.499911E+1
-1.204441E+1
-1.074346E+1
-9.893798E+0
-9.299918E+0
-8.898608E+0
-8.639888E+0
-8.516408E+0
-8.526698E+0
-8.686928E+0
-8.992688E+0
-9.496898E+0
-1.025248E+1
-1.137850E+1
-1.349383E+1
-2.000005E+1
-2.000005E+1
-2.000005E+1
-2.000005E+1
-2.000005E+1
-1.309840E+1
-1.133734E+1
-1.030099E+1
-9.585098E+0
-9.033848E+0
-8.628128E+0
-8.337068E+0
-8.125388E+0
-7.991618E+0
-7.941638E+0
-7.957808E+0
-8.053358E+0
-8.238578E+0
-8.504648E+0
-8.847158E+0
-9.283748E+0
-9.752678E+0
-1.018045E+1
-1.045681E+1
-1.048327E+1
-1.027747E+1
-9.914378E+0
-9.549818E+0
-9.252878E+0
-9.033848E+0
-8.925068E+0
-8.925068E+0
-9.005918E+0
-9.148508E+0
-9.316088E+0
-9.463088E+0
-9.602738E+0
-9.695348E+0
-9.733568E+0
-9.792368E+0
-9.914378E+0
-1.013341E+1
-1.051120E+1
-1.114477E+1
-1.221787E+1
-1.479331E+1
-2.000005E+1
-2.000005E+1
-2.000005E+1
-2.000005E+1
-2.000005E+1
-2.000005E+1
-2.000005E+1
-2.000005E+1
-2.000005E+1
-2.000005E+1
-1.849477E+1
-1.522843E+1
-1.460368E+1
-1.499911E+1
-1.698949E+1
-2.000005E+1
-2.000005E+1
-2.000005E+1
-2.000005E+1
-2.000005E+1
-2.000005E+1
-2.000005E+1
-2.000005E+1
-2.000005E+1
-2.000005E+1
-2.000005E+1
-2.000005E+1
-2.000005E+1
-2.000005E+1
-2.000005E+1
-2.000005E+1
-2.000005E+1
-2.000005E+1
-2.000005E+1
-2.000005E+1
-2.000005E+1
-2.000005E+1
-2.000005E+1
-2.000005E+1
-2.000005E+1
-2.000005E+1
-2.000005E+1
-2.000005E+1
-2.000005E+1
-2.000005E+1
-2.000005E+1
-2.000005E+1
-2.000005E+1
-2.000005E+1
-2.000005E+1
-2.000005E+1
-2.000005E+1
-2.000005E+1
-2.000005E+1
-2.000005E+1
-2.000005E+1
-2.000005E+1
-2.000005E+1
-2.000005E+1
-2.000005E+1
-2.000005E+1
-2.000005E+1
-2.000005E+1
-2.000005E+1
-2.000005E+1
-2.000005E+1
-2.000005E+1
-2.000005E+1
-2.000005E+1
-1.460368E+1
-1.268680E+1
-1.163869E+1
-1.093456E+1
-1.043035E+1
-1.008784E+1
-9.873218E+0
-9.773258E+0
-9.792368E+0
-9.955538E+0
-1.027747E+1
-1.080520E+1
-1.163869E+1
-1.309840E+1
-2.000005E+1
-2.000005E+1
-2.000005E+1
-2.000005E+1
-2.000005E+1
-2.000005E+1
-2.000005E+1
-2.000005E+1
-2.000005E+1
-2.000005E+1
-2.000005E+1
-2.000005E+1
-2.000005E+1
-1.426852E+1
-1.247365E+1
-1.168573E+1
-1.125796E+1
-1.110802E+1
-1.118152E+1
-1.154902E+1
-1.234135E+1
-1.397893E+1
-2.000005E+1
-2.000005E+1
-2.000005E+1
-2.000005E+1
-2.000005E+1
-2.000005E+1
-1.360555E+1
-1.146082E+1
-1.027747E+1
-9.496898E+0
-8.992688E+0
-8.639888E+0
-8.439968E+0
-8.357648E+0
-8.388518E+0
-8.526698E+0
-8.758958E+0
-9.119108E+0
-9.567458E+0
-1.015693E+1
-1.090222E+1
-1.183273E+1
-1.292494E+1
-1.426852E+1
-1.522843E+1
-1.479331E+1
-1.372315E+1
-1.268680E+1
-1.188271E+1
-1.121974E+1
-1.077433E+1
-1.043035E+1
-1.022749E+1
-1.008784E+1
-9.977588E+0
-9.893798E+0
-9.792368E+0
-9.676238E+0
-9.549818E+0
-9.446918E+0
-9.363128E+0
-9.346958E+0
-9.429278E+0
-9.621848E+0
-9.955538E+0
-1.048327E+1
-1.129765E+1
-1.268680E+1
-1.761424E+1
-2.000005E+1
-2.000005E+1
-2.000005E+1
-2.000005E+1
-2.000005E+1
-2.000005E+1
-2.000005E+1
-2.000005E+1
-2.000005E+1
-2.000005E+1
-2.000005E+1
-2.000005E+1
-2.000005E+1
-2.000005E+1
-2.000005E+1
-1.301020E+1
-1.133734E+1
-1.051120E+1
-9.977588E+0
-9.658598E+0
-9.446918E+0
-9.330788E+0
-9.283748E+0
-9.299918E+0
-9.363128E+0
-9.480728E+0
-9.639488E+0
-9.852638E+0
-1.013341E+1
-1.048327E+1
-1.093456E+1
-1.159312E+1
-1.254274E+1
-1.426852E+1
-2.000005E+1
-2.000005E+1
-2.000005E+1
-2.000005E+1
-2.000005E+1
-2.000005E+1
-2.000005E+1
-2.000005E+1
-2.000005E+1
-2.000005E+1
-1.479331E+1
-1.254274E+1
-1.159312E+1
-1.110802E+1
-1.093456E+1
-1.100218E+1
-1.129765E+1
-1.178275E+1
-1.268680E+1
-1.411858E+1
-1.849477E+1
-2.000005E+1
-2.000005E+1
-2.000005E+1
-2.000005E+1
-2.000005E+1
-2.000005E+1
-2.000005E+1
-2.000005E+1
-2.000005E+1
-2.000005E+1
-2.000005E+1
-2.000005E+1
-2.000005E+1
-2.000005E+1
-1.577380E+1
-1.360555E+1
-1.292494E+1
-1.276324E+1
-1.309840E+1
-1.411858E+1
-1.698949E+1
-2.000005E+1
-2.000005E+1
-2.000005E+1
-2.000005E+1
-2.000005E+1
-2.000005E+1
-2.000005E+1
-1.397893E+1
-1.221787E+1
-1.114477E+1
-1.040389E+1
-9.852638E+0
-9.463088E+0
-9.192608E+0
-9.005918E+0
-8.885378E+0
-8.833928E+0
-8.847158E+0
-8.898608E+0
-8.992688E+0
-9.163208E+0
-9.413108E+0
-9.773258E+0
-1.030099E+1
-1.114477E+1
-1.247365E+1
-1.610896E+1
-2.000005E+1
-2.000005E+1
-2.000005E+1
-2.000005E+1
-2.000005E+1
-2.000005E+1
-1.761424E+1
-1.338799E+1
-1.188271E+1
-1.090222E+1
-1.013341E+1
-9.532178E+0
-9.047078E+0
-8.628128E+0
-8.297378E+0
-8.035718E+0
-7.850498E+0
-7.716728E+0
-7.650578E+0
-7.635878E+0
-7.672628E+0
-7.778468E+0
-7.941638E+0
-8.181248E+0
-8.516408E+0
-8.938298E+0
-9.480728E+0
-1.013341E+1
-1.086841E+1
-1.163869E+1
-1.215907E+1
-1.215907E+1
-1.168573E+1
-1.107274E+1
-1.048327E+1
-9.977588E+0
-9.602738E+0
-9.330788E+0
-9.192608E+0
-9.163208E+0
-9.269048E+0
-9.496898E+0
-9.893798E+0
-1.051120E+1
-1.141966E+1
-1.292494E+1
-1.761424E+1
-2.000005E+1
-2.000005E+1
-2.000005E+1
-2.000005E+1
-2.000005E+1
-2.000005E+1
-2.000005E+1
-2.000005E+1
-2.000005E+1
-2.000005E+1
-2.000005E+1
-2.000005E+1
-2.000005E+1
-2.000005E+1
-2.000005E+1
-2.000005E+1
-2.000005E+1
-2.000005E+1
-2.000005E+1
-2.000005E+1
-2.000005E+1
-2.000005E+1
-2.000005E+1
-2.000005E+1
-2.000005E+1
-2.000005E+1
-2.000005E+1
-2.000005E+1
-2.000005E+1
-2.000005E+1
-2.000005E+1
-2.000005E+1
-2.000005E+1
-2.000005E+1
-2.000005E+1
-2.000005E+1
-2.000005E+1
-2.000005E+1
-2.000005E+1
-2.000005E+1
-2.000005E+1
-2.000005E+1
-2.000005E+1
-2.000005E+1
-2.000005E+1
-1.397893E+1
-1.215907E+1
-1.137850E+1
-1.100218E+1
-1.086841E+1
-1.086841E+1
-1.093456E+1
-1.096837E+1
-1.096837E+1
-1.086841E+1
-1.065379E+1
-1.040389E+1
-1.015693E+1
-9.934958E+0
-9.792368E+0
-9.733568E+0
-9.832058E+0
-1.006579E+1
-1.053913E+1
-1.137850E+1
-1.328803E+1
-2.000005E+1
-2.000005E+1
-2.000005E+1
-2.000005E+1
-2.000005E+1
-2.000005E+1
-2.000005E+1
-2.000005E+1
-2.000005E+1
-2.000005E+1
-2.000005E+1
-2.000005E+1
-2.000005E+1
-2.000005E+1
-2.000005E+1
-2.000005E+1
-1.338799E+1
-1.210027E+1
-1.168573E+1
-1.178275E+1
-1.240750E+1
-1.372315E+1
-2.000005E+1
-2.000005E+1
-2.000005E+1
-2.000005E+1
-2.000005E+1
-2.000005E+1
-2.000005E+1
-2.000005E+1
-2.000005E+1
-2.000005E+1
-2.000005E+1
-2.000005E+1
-2.000005E+1
-2.000005E+1
-2.000005E+1
-2.000005E+1
-2.000005E+1
-2.000005E+1
-2.000005E+1
-2.000005E+1
-2.000005E+1
-2.000005E+1
-2.000005E+1
-1.761424E+1
-1.426852E+1
-1.309840E+1
-1.234135E+1
-1.183273E+1
-1.150492E+1
-1.137850E+1
-1.137850E+1
-1.154902E+1
-1.188271E+1
-1.240750E+1
-1.319101E+1
-1.411858E+1
-1.499911E+1
-1.522843E+1
-1.426852E+1
-1.309840E+1
-1.210027E+1
-1.125796E+1
-1.065379E+1
-1.020397E+1
-9.873218E+0
-9.658598E+0
-9.532178E+0
-9.480728E+0
-9.446918E+0
-9.413108E+0
-9.396938E+0
-9.396938E+0
-9.413108E+0
-9.446918E+0
-9.567458E+0
-9.792368E+0
-1.018045E+1
-1.086841E+1
-1.204441E+1
-1.548421E+1
-2.000005E+1
-2.000005E+1
-2.000005E+1
-2.000005E+1
-2.000005E+1
-2.000005E+1
-2.000005E+1
-2.000005E+1
-2.000005E+1
-2.000005E+1
-2.000005E+1
-2.000005E+1
-2.000005E+1
-1.426852E+1
-1.221787E+1
-1.146082E+1
-1.103746E+1
-1.090222E+1
-1.090222E+1
-1.096837E+1
-1.103746E+1
-1.103746E+1
-1.093456E+1
-1.074346E+1
-1.053913E+1
-1.040389E+1
-1.040389E+1
-1.056706E+1
-1.103746E+1
-1.198855E+1
-1.479331E+1
-2.000005E+1
-2.000005E+1
-2.000005E+1
-2.000005E+1
-2.000005E+1
-2.000005E+1
-2.000005E+1
-2.000005E+1
-2.000005E+1
-2.000005E+1
-2.000005E+1
-2.000005E+1
-2.000005E+1
-1.443022E+1
-1.254274E+1
-1.173277E+1
-1.141966E+1
-1.150492E+1
-1.204441E+1
-1.372315E+1
-2.000005E+1
-2.000005E+1
-2.000005E+1
-2.000005E+1
-2.000005E+1
-2.000005E+1
-2.000005E+1
-2.000005E+1
-2.000005E+1
-2.000005E+1
-2.000005E+1
-2.000005E+1
-2.000005E+1
-2.000005E+1
-2.000005E+1
-2.000005E+1
-2.000005E+1
-2.000005E+1
-2.000005E+1
-2.000005E+1
-2.000005E+1
-2.000005E+1
-2.000005E+1
-2.000005E+1
-2.000005E+1
-2.000005E+1
-2.000005E+1
-1.338799E+1
-1.133734E+1
-1.048327E+1
-1.002169E+1
-9.773258E+0
-9.676238E+0
-9.621848E+0
-9.621848E+0
-9.621848E+0
-9.658598E+0
-9.714458E+0
-9.832058E+0
-1.004374E+1
-1.037743E+1
-1.093456E+1
-1.188271E+1
-1.384663E+1
-2.000005E+1
-2.000005E+1
-2.000005E+1
-2.000005E+1
-2.000005E+1
-2.000005E+1
-2.000005E+1
-2.000005E+1
-1.849477E+1
-1.328803E+1
-1.198855E+1
-1.129765E+1
-1.090222E+1
-1.065379E+1
-1.051120E+1
-1.043035E+1
-1.035244E+1
-1.025248E+1
-1.015693E+1
-1.006579E+1
-9.977588E+0
-9.893798E+0
-9.873218E+0
-9.914378E+0
-1.004374E+1
-1.025248E+1
-1.056706E+1
-1.100218E+1
-1.159312E+1
-1.234135E+1
-1.328803E+1
-1.443022E+1
-1.577380E+1
-1.761424E+1
-1.849477E+1
-2.000005E+1
-2.000005E+1
-2.000005E+1
-2.000005E+1
-2.000005E+1
-2.000005E+1
-2.000005E+1
-2.000005E+1
-2.000005E+1
-2.000005E+1
-2.000005E+1
-2.000005E+1
-2.000005E+1
-2.000005E+1
-2.000005E+1
-2.000005E+1
-2.000005E+1
-2.000005E+1
-1.372315E+1
-1.247365E+1
-1.198855E+1
-1.183273E+1
-1.183273E+1
-1.188271E+1
-1.188271E+1
-1.178275E+1
-1.159312E+1
-1.141966E+1
-1.133734E+1
-1.133734E+1
-1.154902E+1
-1.215907E+1
-1.360555E+1
-2.000005E+1
-2.000005E+1
-2.000005E+1
-2.000005E+1
-2.000005E+1
-2.000005E+1
-2.000005E+1
-2.000005E+1
-2.000005E+1
-2.000005E+1
-1.301020E+1
-1.086841E+1
-9.811478E+0
-9.148508E+0
-8.722208E+0
-8.450258E+0
-8.326778E+0
-8.326778E+0
-8.482598E+0
-8.795708E+0
-9.330788E+0
-1.020397E+1
-1.178275E+1
-2.000005E+1
-2.000005E+1
-2.000005E+1
-2.000005E+1
-2.000005E+1
-2.000005E+1
-2.000005E+1
-2.000005E+1
-2.000005E+1
-2.000005E+1
-2.000005E+1
-2.000005E+1
-2.000005E+1
-2.000005E+1
-2.000005E+1
-2.000005E+1
-2.000005E+1
-2.000005E+1
-2.000005E+1
-2.000005E+1
-2.000005E+1
-2.000005E+1
-2.000005E+1
-2.000005E+1
-2.000005E+1
-2.000005E+1
-2.000005E+1
-2.000005E+1
-1.397893E+1
-1.234135E+1
-1.154902E+1
-1.107274E+1
-1.071259E+1
-1.045681E+1
-1.022749E+1
-1.004374E+1
-9.914378E+0
-9.852638E+0
-9.832058E+0
-9.893798E+0
-1.006579E+1
-1.040389E+1
-1.090222E+1
-1.173277E+1
-1.319101E+1
-2.000005E+1
-2.000005E+1
-2.000005E+1
-2.000005E+1
-2.000005E+1
-2.000005E+1
-2.000005E+1
-2.000005E+1
-2.000005E+1
-2.000005E+1
-2.000005E+1
-2.000005E+1
-2.000005E+1
-2.000005E+1
-2.000005E+1
-2.000005E+1
-2.000005E+1
-2.000005E+1
-2.000005E+1
-2.000005E+1
-2.000005E+1
-2.000005E+1
-2.000005E+1
-2.000005E+1
-2.000005E+1
-2.000005E+1
-2.000005E+1
-2.000005E+1
-2.000005E+1
-2.000005E+1
-2.000005E+1
-2.000005E+1
-1.650439E+1
-1.372315E+1
-1.240750E+1
-1.159312E+1
-1.096837E+1
-1.056706E+1
-1.030099E+1
-1.015693E+1
-1.008784E+1
-1.008784E+1
-1.018045E+1
-1.030099E+1
-1.048327E+1
-1.071259E+1
-1.100218E+1
-1.129765E+1
-1.159312E+1
-1.183273E+1
-1.188271E+1
-1.173277E+1
-1.137850E+1
-1.093456E+1
-1.053913E+1
-1.020397E+1
-9.893798E+0
-9.639488E+0
-9.429278E+0
-9.283748E+0
-9.163208E+0
-9.047078E+0
-8.951528E+0
-8.847158E+0
-8.747198E+0
-8.663408E+0
-8.594318E+0
-8.538458E+0
-8.494358E+0
-8.472308E+0
-8.462018E+0
-8.472308E+0
-8.494358E+0
-8.516408E+0
-8.538458E+0
-8.548748E+0
-8.560508E+0
-8.570798E+0
-8.594318E+0
-8.639888E+0
-8.747198E+0
-8.925068E+0
-9.192608E+0
-9.585098E+0
-1.010989E+1
-1.080520E+1
-1.173277E+1
-1.301020E+1
-1.499911E+1
-2.000005E+1
-2.000005E+1
-2.000005E+1
-2.000005E+1
-2.000005E+1
-2.000005E+1
-2.000005E+1
-2.000005E+1
-2.000005E+1
-2.000005E+1
-2.000005E+1
-2.000005E+1
-2.000005E+1
-2.000005E+1
-2.000005E+1
-2.000005E+1
-2.000005E+1
-2.000005E+1
-2.000005E+1
-2.000005E+1
-1.215907E+1
-1.030099E+1
-9.252878E+0
-8.548748E+0
-8.053358E+0
-7.716728E+0
-7.493288E+0
-7.380098E+0
-7.347758E+0
-7.406558E+0
-7.549148E+0
-7.787288E+0
-8.125388E+0
-8.570798E+0
-9.133808E+0
-9.792368E+0
-1.048327E+1
-1.100218E+1
-1.107274E+1
-1.074346E+1
-1.015693E+1
-9.585098E+0
-9.089708E+0
-8.722208E+0
-8.462018E+0
-8.267978E+0
-8.143028E+0
-8.070998E+0
-8.018078E+0
-7.991618E+0
-7.975448E+0
-7.982798E+0
-8.009258E+0
-8.070998E+0
-8.170958E+0
-8.306198E+0
-8.472308E+0
-8.663408E+0
-8.872148E+0
-9.075008E+0
-9.283748E+0
-9.496898E+0
-9.714458E+0
-9.977588E+0
-1.027747E+1
-1.071259E+1
-1.133734E+1
-1.221787E+1
-1.372315E+1
-1.849477E+1
-2.000005E+1
-2.000005E+1
-2.000005E+1
-2.000005E+1
-2.000005E+1
-2.000005E+1
-1.610896E+1
-1.372315E+1
-1.276324E+1
-1.215907E+1
-1.178275E+1
-1.159312E+1
-1.159312E+1
-1.188271E+1
-1.261330E+1
-1.460368E+1
-2.000005E+1
-2.000005E+1
-2.000005E+1
-2.000005E+1
-2.000005E+1
-2.000005E+1
-2.000005E+1
-2.000005E+1
-2.000005E+1
-2.000005E+1
-2.000005E+1
-2.000005E+1
-2.000005E+1
-2.000005E+1
-2.000005E+1
-2.000005E+1
-2.000005E+1
-1.499911E+1
-1.292494E+1
-1.247365E+1
-1.261330E+1
-1.319101E+1
-1.411858E+1
-1.548421E+1
-1.610896E+1
-1.499911E+1
-1.338799E+1
-1.221787E+1
-1.137850E+1
-1.077433E+1
-1.040389E+1
-1.022749E+1
-1.030099E+1
-1.059499E+1
-1.125796E+1
-1.261330E+1
-2.000005E+1
-2.000005E+1
-2.000005E+1
-2.000005E+1
-2.000005E+1
-2.000005E+1
-2.000005E+1
-2.000005E+1
-2.000005E+1
-2.000005E+1
-1.268680E+1
-1.077433E+1
-9.792368E+0
-9.177908E+0
-8.808938E+0
-8.594318E+0
-8.516408E+0
-8.560508E+0
-8.698688E+0
-8.951528E+0
-9.316088E+0
-9.811478E+0
-1.048327E+1
-1.154902E+1
-1.360555E+1
-2.000005E+1
-2.000005E+1
-2.000005E+1
-2.000005E+1
-2.000005E+1
-2.000005E+1
-2.000005E+1
-2.000005E+1
-2.000005E+1
-2.000005E+1
-2.000005E+1
-2.000005E+1
-2.000005E+1
-2.000005E+1
-2.000005E+1
-2.000005E+1
-2.000005E+1
-2.000005E+1
-2.000005E+1
-2.000005E+1
-2.000005E+1
-2.000005E+1
-2.000005E+1
-2.000005E+1
-2.000005E+1
-2.000005E+1
-2.000005E+1
-2.000005E+1
-2.000005E+1
-1.349383E+1
-1.154902E+1
-1.074346E+1
-1.035244E+1
-1.025248E+1
-1.043035E+1
-1.096837E+1
-1.210027E+1
-1.577380E+1
-2.000005E+1
-2.000005E+1
-2.000005E+1
-2.000005E+1
-2.000005E+1
-2.000005E+1
-2.000005E+1
-2.000005E+1
-2.000005E+1
-1.522843E+1
-1.198855E+1
-1.086841E+1
-1.025248E+1
-9.873218E+0
-9.658598E+0
-9.585098E+0
-9.658598E+0
-9.914378E+0
-1.043035E+1
-1.137850E+1
-1.384663E+1
-2.000005E+1
-2.000005E+1
-2.000005E+1
-2.000005E+1
-2.000005E+1
-2.000005E+1
-2.000005E+1
-2.000005E+1
-2.000005E+1
-2.000005E+1
-2.000005E+1
-2.000005E+1
-2.000005E+1
-2.000005E+1
-2.000005E+1
-2.000005E+1
-2.000005E+1
-1.384663E+1
-1.198855E+1
-1.100218E+1
-1.037743E+1
-9.914378E+0
-9.621848E+0
-9.446918E+0
-9.346958E+0
-9.316088E+0
-9.316088E+0
-9.346958E+0
-9.379298E+0
-9.379298E+0
-9.379298E+0
-9.363128E+0
-9.363128E+0
-9.396938E+0
-9.496898E+0
-9.676238E+0
-9.977588E+0
-1.048327E+1
-1.129765E+1
-1.292494E+1
-2.000005E+1
-2.000005E+1
-2.000005E+1
-2.000005E+1
-2.000005E+1
-2.000005E+1
-2.000005E+1
-2.000005E+1
-2.000005E+1
-2.000005E+1
-2.000005E+1
-2.000005E+1
-2.000005E+1
-2.000005E+1
-2.000005E+1
-2.000005E+1
-2.000005E+1
-2.000005E+1
-1.479331E+1
-1.309840E+1
-1.221787E+1
-1.159312E+1
-1.118152E+1
-1.080520E+1
-1.053913E+1
-1.035244E+1
-1.027747E+1
-1.030099E+1
-1.045681E+1
-1.083607E+1
-1.154902E+1
-1.284262E+1
-1.698949E+1
-2.000005E+1
-2.000005E+1
-2.000005E+1
-2.000005E+1
-2.000005E+1
-2.000005E+1
-2.000005E+1
-2.000005E+1
-2.000005E+1
-2.000005E+1
-2.000005E+1
-2.000005E+1
-2.000005E+1
-2.000005E+1
-2.000005E+1
-2.000005E+1
-1.349383E+1
-1.137850E+1
-1.025248E+1
-9.532178E+0
-9.033848E+0
-8.651648E+0
-8.367938E+0
-8.143028E+0
-7.957808E+0
-7.794638E+0
-7.657928E+0
-7.556498E+0
-7.493288E+0
-7.487408E+0
-7.534448E+0
-7.672628E+0
-7.899008E+0
-8.238578E+0
-8.710448E+0
-9.330788E+0
-1.015693E+1
-1.133734E+1
-1.301020E+1
-1.577380E+1
-2.000005E+1
-1.548421E+1
-1.292494E+1
-1.137850E+1
-1.027747E+1
-9.496898E+0
-8.911838E+0
-8.472308E+0
-8.143028E+0
-7.915178E+0
-7.747598E+0
-7.628528E+0
-7.541798E+0
-7.472708E+0
-7.406558E+0
-7.347758E+0
-7.297778E+0
-7.259558E+0
-7.259558E+0
-7.303658E+0
-7.412438E+0
-7.584428E+0
-7.825508E+0
-8.125388E+0
-8.482598E+0
-8.847158E+0
-9.163208E+0
-9.363128E+0
-9.396938E+0
-9.299918E+0
-9.089708E+0
-8.833928E+0
-8.560508E+0
-8.306198E+0
-8.088638E+0
-7.891658E+0
-7.740248E+0
-7.643228E+0
-7.606478E+0
-7.635878E+0
-7.763768E+0
-7.991618E+0
-8.357648E+0
-8.885378E+0
-9.658598E+0
-1.083607E+1
-1.309840E+1
-2.000005E+1
-2.000005E+1
-2.000005E+1
-2.000005E+1
-2.000005E+1
-2.000005E+1
-2.000005E+1
-2.000005E+1
-2.000005E+1
-2.000005E+1
-1.577380E+1
-1.372315E+1
-1.276324E+1
-1.221787E+1
-1.188271E+1
-1.173277E+1
-1.183273E+1
-1.215907E+1
-1.292494E+1
-1.479331E+1
-2.000005E+1
-2.000005E+1
-2.000005E+1
-2.000005E+1
-2.000005E+1
-2.000005E+1
-2.000005E+1
-2.000005E+1
-2.000005E+1
-2.000005E+1
-1.426852E+1
-1.268680E+1
-1.210027E+1
-1.204441E+1
-1.240750E+1
-1.372315E+1
-2.000005E+1
-2.000005E+1
-2.000005E+1
-2.000005E+1
-2.000005E+1
-2.000005E+1
-2.000005E+1
-2.000005E+1
-2.000005E+1
-2.000005E+1
-1.761424E+1
-1.234135E+1
-1.100218E+1
-1.022749E+1
-9.714458E+0
-9.346958E+0
-9.061778E+0
-8.833928E+0
-8.651648E+0
-8.526698E+0
-8.439968E+0
-8.398808E+0
-8.398808E+0
-8.439968E+0
-8.526698E+0
-8.675168E+0
-8.885378E+0
-9.163208E+0
-9.532178E+0
-1.004374E+1
-1.077433E+1
-1.183273E+1
-1.384663E+1
-2.000005E+1
-2.000005E+1
-2.000005E+1
-2.000005E+1
-2.000005E+1
-2.000005E+1
-2.000005E+1
-1.548421E+1
-1.301020E+1
-1.198855E+1
-1.150492E+1
-1.133734E+1
-1.150492E+1
-1.210027E+1
-1.372315E+1
-2.000005E+1
-2.000005E+1
-2.000005E+1
-2.000005E+1
-2.000005E+1
-2.000005E+1
-2.000005E+1
-2.000005E+1
-2.000005E+1
-2.000005E+1
-1.577380E+1
-1.276324E+1
-1.204441E+1
-1.204441E+1
-1.276324E+1
-1.610896E+1
-2.000005E+1
-2.000005E+1
-2.000005E+1
-2.000005E+1
-2.000005E+1
-2.000005E+1
-2.000005E+1
-2.000005E+1
-2.000005E+1
-2.000005E+1
-2.000005E+1
-2.000005E+1
-1.698949E+1
-1.240750E+1
-1.107274E+1
-1.030099E+1
-9.811478E+0
-9.463088E+0
-9.222008E+0
-9.047078E+0
-8.925068E+0
-8.822168E+0
-8.722208E+0
-8.639888E+0
-8.560508E+0
-8.494358E+0
-8.462018E+0
-8.462018E+0
-8.538458E+0
-8.686928E+0
-8.925068E+0
-9.269048E+0
-9.752678E+0
-1.043035E+1
-1.146082E+1
-1.338799E+1
-2.000005E+1
-2.000005E+1
-2.000005E+1
-2.000005E+1
-2.000005E+1
-2.000005E+1
-2.000005E+1
-2.000005E+1
-2.000005E+1
-2.000005E+1
-2.000005E+1
-2.000005E+1
-2.000005E+1
-2.000005E+1
-2.000005E+1
-2.000005E+1
-2.000005E+1
-2.000005E+1
-2.000005E+1
-2.000005E+1
-2.000005E+1
-2.000005E+1
-2.000005E+1
-2.000005E+1
-2.000005E+1
-2.000005E+1
-2.000005E+1
-2.000005E+1
-2.000005E+1
-2.000005E+1
-1.761424E+1
-1.360555E+1
-1.210027E+1
-1.110802E+1
-1.043035E+1
-9.955538E+0
-9.676238E+0
-9.532178E+0
-9.532178E+0
-9.676238E+0
-9.934958E+0
-1.032745E+1
-1.083607E+1
-1.137850E+1
-1.193563E+1
-1.221787E+1
-1.227961E+1
-1.198855E+1
-1.168573E+1
-1.137850E+1
-1.121974E+1
-1.118152E+1
-1.133734E+1
-1.159312E+1
-1.204441E+1
-1.261330E+1
-1.328803E+1
-1.384663E+1
-1.443022E+1
-1.499911E+1
-1.577380E+1
-2.000005E+1
-2.000005E+1
-2.000005E+1
-2.000005E+1
-2.000005E+1
-2.000005E+1
-2.000005E+1
-2.000005E+1
-2.000005E+1
-2.000005E+1
-2.000005E+1
-2.000005E+1
-1.650439E+1
-1.301020E+1
-1.198855E+1
-1.150492E+1
-1.137850E+1
-1.141966E+1
-1.168573E+1
-1.210027E+1
-1.261330E+1
-1.309840E+1
-1.360555E+1
-1.397893E+1
-1.443022E+1
-1.522843E+1
-1.849477E+1
-2.000005E+1
-2.000005E+1
-2.000005E+1
-2.000005E+1
-2.000005E+1
-2.000005E+1
-2.000005E+1
-2.000005E+1
-2.000005E+1
-2.000005E+1
-2.000005E+1
-2.000005E+1
-2.000005E+1
-2.000005E+1
-2.000005E+1
-1.443022E+1
-1.328803E+1
-1.301020E+1
-1.328803E+1
-1.443022E+1
-1.849477E+1
-2.000005E+1
-2.000005E+1
-2.000005E+1
-2.000005E+1
-2.000005E+1
-2.000005E+1
-2.000005E+1
-2.000005E+1
-2.000005E+1
-2.000005E+1
-2.000005E+1
-2.000005E+1
-2.000005E+1
-2.000005E+1
-2.000005E+1
-2.000005E+1
-2.000005E+1
-2.000005E+1
-2.000005E+1
-2.000005E+1
-2.000005E+1
-2.000005E+1
-2.000005E+1
-2.000005E+1
-2.000005E+1
-2.000005E+1
-2.000005E+1
-2.000005E+1
-1.761424E+1
-1.411858E+1
-1.309840E+1
-1.276324E+1
-1.284262E+1
-1.338799E+1
-1.479331E+1
-2.000005E+1
-2.000005E+1
-2.000005E+1
-2.000005E+1
-2.000005E+1
-2.000005E+1
-2.000005E+1
-2.000005E+1
-2.000005E+1
-2.000005E+1
-2.000005E+1
-2.000005E+1
-2.000005E+1
-2.000005E+1
-2.000005E+1
-2.000005E+1
-2.000005E+1
-2.000005E+1
-2.000005E+1
-2.000005E+1
-2.000005E+1
-2.000005E+1
-2.000005E+1
-2.000005E+1
-2.000005E+1
-2.000005E+1
-2.000005E+1
-2.000005E+1
-2.000005E+1
-2.000005E+1
-2.000005E+1
-2.000005E+1
-2.000005E+1
-2.000005E+1
-2.000005E+1
-2.000005E+1
-2.000005E+1
-2.000005E+1
-2.000005E+1
-2.000005E+1
-2.000005E+1
-2.000005E+1
-2.000005E+1
-2.000005E+1
-2.000005E+1
-2.000005E+1
-2.000005E+1
-2.000005E+1
-2.000005E+1
-2.000005E+1
-2.000005E+1
-2.000005E+1
-2.000005E+1
-2.000005E+1
-2.000005E+1
-2.000005E+1
-1.460368E+1
-1.198855E+1
-1.080520E+1
-1.008784E+1
-9.621848E+0
-9.346958E+0
-9.207308E+0
-9.163208E+0
-9.222008E+0
-9.363128E+0
-9.585098E+0
-9.852638E+0
-1.018045E+1
-1.059499E+1
-1.110802E+1
-1.173277E+1
-1.254274E+1
-1.360555E+1
-1.522843E+1
-1.761424E+1
-1.849477E+1
-1.610896E+1
-1.397893E+1
-1.254274E+1
-1.154902E+1
-1.083607E+1
-1.032745E+1
-9.999638E+0
-9.852638E+0
-9.852638E+0
-1.002169E+1
-1.040389E+1
-1.110802E+1
-1.240750E+1
-1.761424E+1
-2.000005E+1
-2.000005E+1
-2.000005E+1
-2.000005E+1
-2.000005E+1
-2.000005E+1
-2.000005E+1
-2.000005E+1
-2.000005E+1
-2.000005E+1
-2.000005E+1
-2.000005E+1
-2.000005E+1
-2.000005E+1
-1.443022E+1
-1.349383E+1
-1.349383E+1
-1.411858E+1
-1.610896E+1
-2.000005E+1
-2.000005E+1
-2.000005E+1
-2.000005E+1
-2.000005E+1
-2.000005E+1
-2.000005E+1
-2.000005E+1
-2.000005E+1
-2.000005E+1
-2.000005E+1
-2.000005E+1
-2.000005E+1
-1.698949E+1
-1.227961E+1
-1.077433E+1
-9.873218E+0
-9.299918E+0
-8.925068E+0
-8.675168E+0
-8.516408E+0
-8.419388E+0
-8.357648E+0
-8.326778E+0
-8.316488E+0
-8.347358E+0
-8.398808E+0
-8.516408E+0
-8.698688E+0
-8.992688E+0
-9.429278E+0
-1.013341E+1
-1.129765E+1
-1.443022E+1
-2.000005E+1
-2.000005E+1
-2.000005E+1
-2.000005E+1
-2.000005E+1
-2.000005E+1
-2.000005E+1
-2.000005E+1
-2.000005E+1
-2.000005E+1
-2.000005E+1
-2.000005E+1
-2.000005E+1
-1.301020E+1
-1.150492E+1
-1.077433E+1
-1.032745E+1
-1.013341E+1
-1.006579E+1
-1.013341E+1
-1.032745E+1
-1.056706E+1
-1.080520E+1
-1.093456E+1
-1.086841E+1
-1.062439E+1
-1.030099E+1
-9.934958E+0
-9.621848E+0
-9.396938E+0
-9.283748E+0
-9.269048E+0
-9.363128E+0
-9.549818E+0
-9.832058E+0
-1.020397E+1
-1.065379E+1
-1.121974E+1
-1.188271E+1
-1.284262E+1
-1.460368E+1
-2.000005E+1
-2.000005E+1
-2.000005E+1
-2.000005E+1
-2.000005E+1
-2.000005E+1
-2.000005E+1
-2.000005E+1
-2.000005E+1
-2.000005E+1
-2.000005E+1
-2.000005E+1
-1.261330E+1
-1.056706E+1
-9.585098E+0
-8.977988E+0
-8.628128E+0
-8.462018E+0
-8.450258E+0
-8.604608E+0
-8.925068E+0
-9.480728E+0
-1.040389E+1
-1.215907E+1
-2.000005E+1
-2.000005E+1
-2.000005E+1
-2.000005E+1
-2.000005E+1
-2.000005E+1
-2.000005E+1
-2.000005E+1
-2.000005E+1
-2.000005E+1
-2.000005E+1
-2.000005E+1
-2.000005E+1
-2.000005E+1
-2.000005E+1
-2.000005E+1
-1.650439E+1
-1.426852E+1
-1.338799E+1
-1.276324E+1
-1.234135E+1
-1.204441E+1
-1.178275E+1
-1.154902E+1
-1.137850E+1
-1.121974E+1
-1.107274E+1
-1.093456E+1
-1.074346E+1
-1.053913E+1
-1.037743E+1
-1.022749E+1
-1.015693E+1
-1.015693E+1
-1.025248E+1
-1.043035E+1
-1.068319E+1
-1.093456E+1
-1.114477E+1
-1.125796E+1
-1.121974E+1
-1.100218E+1
-1.071259E+1
-1.043035E+1
-1.015693E+1
-9.955538E+0
-9.773258E+0
-9.602738E+0
-9.429278E+0
-9.238178E+0
-9.019148E+0
-8.795708E+0
-8.582558E+0
-8.388518E+0
-8.257688E+0
-8.200358E+0
-8.247398E+0
-8.409098E+0
-8.722208E+0
-9.252878E+0
-1.006579E+1
-1.154902E+1
-1.650439E+1
-2.000005E+1
-2.000005E+1
-2.000005E+1
-2.000005E+1
-2.000005E+1
-2.000005E+1
-1.319101E+1
-1.083607E+1
-9.714458E+0
-9.005918E+0
-8.516408E+0
-8.181248E+0
-7.957808E+0
-7.825508E+0
-7.787288E+0
-7.818158E+0
-7.915178E+0
-8.079818E+0
-8.316488E+0
-8.604608E+0
-8.938298E+0
-9.283748E+0
-9.621848E+0
-9.955538E+0
-1.025248E+1
-1.053913E+1
-1.086841E+1
-1.125796E+1
-1.183273E+1
-1.276324E+1
-1.426852E+1
-1.849477E+1
-2.000005E+1
-2.000005E+1
-2.000005E+1
-2.000005E+1
-2.000005E+1
-2.000005E+1
-2.000005E+1
-2.000005E+1
-2.000005E+1
