Date/Time	2022-06-20 09:08:09
Line location	1
Line name	A1
OTDR wavelength [nm]	1625
OTDR pulse duration [ns]	2
OTDR scan time [s]	10
OTDR scan length [m]	1.500000E+2
Length offset [m]	0.000000E+0
Length increment [m]	3.996806E-2
Switch ID	VIAVI Solutions,OTU 8000E,11654,FO,16.76
OTDR ID	JDSU,OTU 8000E,11654,OTU(SmartOTU),V7.22

Reflected amplitude [dB]
1.285552E+0
1.217932E+0
1.137082E+0
1.062112E+0
9.974320E-1
9.577420E-1
9.680320E-1
1.053292E+0
1.200292E+0
1.400212E+0
1.651582E+0
1.920592E+0
2.163142E+0
2.358652E+0
2.502712E+0
2.607082E+0
2.673232E+0
2.701162E+0
2.692342E+0
2.652652E+0
2.574742E+0
2.460082E+0
2.308672E+0
2.124922E+0
1.916182E+0
1.701562E+0
1.492822E+0
1.287022E+0
1.081222E+0
8.857120E-1
7.107820E-1
5.623120E-1
4.373620E-1
3.315220E-1
2.447920E-1
1.712920E-1
1.066120E-1
5.222200E-2
6.652000E-3
-3.303800E-2
-6.684800E-2
-9.477800E-2
-1.182980E-1
-1.374080E-1
-1.550480E-1
-1.697480E-1
-1.829780E-1
-1.962080E-1
-2.094380E-1
-2.211980E-1
-2.329580E-1
-2.461880E-1
-2.579480E-1
-2.711780E-1
-2.844080E-1
-2.976380E-1
-3.108680E-1
-3.255680E-1
-3.387980E-1
-3.520280E-1
-3.637880E-1
-3.740780E-1
-3.828980E-1
-3.887780E-1
-3.931880E-1
-3.961280E-1
-3.961280E-1
-3.946580E-1
-3.902480E-1
-3.843680E-1
-3.740780E-1
-3.608480E-1
-3.446780E-1
-3.240980E-1
-3.005780E-1
-2.755880E-1
-2.491280E-1
-2.211980E-1
-1.962080E-1
-1.726880E-1
-1.535780E-1
-1.403480E-1
-1.315280E-1
-1.315280E-1
-1.374080E-1
-1.491680E-1
-1.668080E-1
-1.873880E-1
-2.123780E-1
-2.373680E-1
-2.638280E-1
-2.888180E-1
-3.152780E-1
-3.402680E-1
-3.637880E-1
-3.873080E-1
-4.122980E-1
-4.358180E-1
-4.593380E-1
-4.813880E-1
-5.034380E-1
-5.225480E-1
-5.401880E-1
-5.548880E-1
-5.681180E-1
-5.784080E-1
-5.886980E-1
-5.975180E-1
-6.063380E-1
-6.151580E-1
-6.239780E-1
-6.327980E-1
-6.401480E-1
-6.474980E-1
-6.519080E-1
-6.548480E-1
-6.563180E-1
-6.577880E-1
-6.592580E-1
-6.607280E-1
-6.636680E-1
-6.680780E-1
-6.739580E-1
-6.798380E-1
-6.871880E-1
-6.930680E-1
-6.974780E-1
-7.004180E-1
-7.018880E-1
-7.018880E-1
-6.989480E-1
-6.945380E-1
-6.901280E-1
-6.827780E-1
-6.754280E-1
-6.666080E-1
-6.577880E-1
-6.474980E-1
-6.386780E-1
-6.298580E-1
-6.210380E-1
-6.136880E-1
-6.063380E-1
-5.137280E-1
-1.065380E-1
7.387120E-1
1.844152E+0
2.981932E+0
4.034452E+0
4.959082E+0
5.745532E+0
6.398212E+0
6.931822E+0
7.361062E+0
7.699162E+0
7.957882E+0
8.143102E+0
8.260702E+0
8.316562E+0
8.315092E+0
8.257762E+0
8.150452E+0
7.996102E+0
7.796182E+0
7.555102E+0
7.275802E+0
6.964162E+0
6.615772E+0
6.233572E+0
5.819032E+0
5.375092E+0
4.909102E+0
4.424002E+0
3.934492E+0
3.453802E+0
2.993692E+0
2.573272E+0
2.204302E+0
1.885312E+0
1.608952E+0
1.372282E+0
1.166482E+0
9.812620E-1
8.019220E-1
6.314020E-1
4.799920E-1
3.432820E-1
2.065720E-1
7.280200E-2
-4.626800E-2
-1.476980E-1
-2.329580E-1
-3.020480E-1
-3.593780E-1
-4.049480E-1
-4.387580E-1
-4.652180E-1
-4.843280E-1
-4.990280E-1
-5.107880E-1
-5.196080E-1
-5.269580E-1
-5.328380E-1
-5.387180E-1
-5.445980E-1
-5.490080E-1
-5.534180E-1
-5.592980E-1
-5.622380E-1
-5.651780E-1
-5.681180E-1
-5.681180E-1
-5.666480E-1
-5.622380E-1
-5.534180E-1
-5.431280E-1
-5.284280E-1
-5.107880E-1
-4.931480E-1
-4.740380E-1
-4.578680E-1
-4.416980E-1
-4.299380E-1
-4.225880E-1
-4.181780E-1
-4.196480E-1
-4.225880E-1
-4.299380E-1
-4.416980E-1
-4.534580E-1
-4.681580E-1
-4.828580E-1
-4.975580E-1
-5.137280E-1
-5.284280E-1
-5.431280E-1
-5.548880E-1
-5.651780E-1
-5.725280E-1
-5.784080E-1
-5.813480E-1
-5.813480E-1
-5.813480E-1
-5.798780E-1
-5.784080E-1
-5.769380E-1
-5.784080E-1
-5.798780E-1
-5.828180E-1
-5.857580E-1
-5.901680E-1
-5.931080E-1
-5.945780E-1
-5.960480E-1
-5.945780E-1
-5.931080E-1
-5.901680E-1
-5.857580E-1
-5.813480E-1
-5.784080E-1
-5.769380E-1
-5.784080E-1
-5.813480E-1
-5.857580E-1
-5.916380E-1
-5.989880E-1
-6.063380E-1
-6.136880E-1
-6.195680E-1
-6.239780E-1
-6.283880E-1
-6.313280E-1
-6.327980E-1
-6.342680E-1
-6.342680E-1
-6.342680E-1
-6.313280E-1
-6.269180E-1
-6.195680E-1
-6.107480E-1
-5.989880E-1
-5.842880E-1
-5.695880E-1
-5.563580E-1
-5.445980E-1
-5.343080E-1
-5.284280E-1
-5.254880E-1
-5.269580E-1
-5.313680E-1
-5.387180E-1
-5.475380E-1
-5.592980E-1
-5.710580E-1
-5.813480E-1
-5.916380E-1
-6.004580E-1
-6.078080E-1
-6.122180E-1
-6.166280E-1
-6.195680E-1
-6.225080E-1
-6.254480E-1
-6.283880E-1
-6.327980E-1
-6.386780E-1
-6.460280E-1
-6.533780E-1
-6.592580E-1
-6.651380E-1
-6.710180E-1
-6.754280E-1
-6.783680E-1
-6.798380E-1
-6.798380E-1
-6.783680E-1
-6.768980E-1
-6.739580E-1
-6.695480E-1
-6.651380E-1
-6.592580E-1
-6.533780E-1
-6.474980E-1
-6.416180E-1
-6.372080E-1
-6.342680E-1
-6.313280E-1
-6.327980E-1
-6.357380E-1
-6.416180E-1
-6.504380E-1
-6.607280E-1
-6.710180E-1
-6.798380E-1
-6.871880E-1
-6.915980E-1
-6.901280E-1
-6.827780E-1
-6.710180E-1
-6.519080E-1
-6.283880E-1
-6.004580E-1
-5.710580E-1
-5.387180E-1
-5.093180E-1
-4.799180E-1
-4.549280E-1
-4.343480E-1
-4.181780E-1
-4.093580E-1
-4.064180E-1
-4.093580E-1
-4.196480E-1
-4.343480E-1
-4.534580E-1
-4.769780E-1
-5.004980E-1
-5.225480E-1
-5.431280E-1
-5.592980E-1
-5.710580E-1
-5.784080E-1
-5.828180E-1
-5.872280E-1
-5.901680E-1
-5.931080E-1
-6.004580E-1
-6.078080E-1
-6.180980E-1
-6.283880E-1
-6.401480E-1
-6.504380E-1
-6.577880E-1
-6.636680E-1
-6.651380E-1
-6.636680E-1
-6.592580E-1
-6.504380E-1
-6.401480E-1
-6.269180E-1
-6.136880E-1
-5.975180E-1
-5.813480E-1
-5.666480E-1
-5.504780E-1
-5.343080E-1
-5.210780E-1
-5.093180E-1
-5.004980E-1
-4.960880E-1
-4.946180E-1
-4.960880E-1
-5.034380E-1
-5.122580E-1
-5.254880E-1
-5.387180E-1
-5.519480E-1
-5.651780E-1
-5.769380E-1
-5.886980E-1
-5.975180E-1
-6.048680E-1
-6.107480E-1
-6.122180E-1
-6.107480E-1
-6.063380E-1
-5.960480E-1
-5.828180E-1
-5.651780E-1
-5.445980E-1
-5.225480E-1
-5.004980E-1
-4.769780E-1
-4.578680E-1
-4.416980E-1
-4.314080E-1
-4.269980E-1
-4.284680E-1
-4.387580E-1
-4.534580E-1
-4.740380E-1
-4.975580E-1
-5.240180E-1
-5.504780E-1
-5.754680E-1
-5.975180E-1
-6.180980E-1
-6.357380E-1
-6.489680E-1
-6.607280E-1
-6.680780E-1
-6.710180E-1
-6.724880E-1
-6.710180E-1
-6.666080E-1
-6.636680E-1
-6.592580E-1
-6.548480E-1
-6.519080E-1
-6.504380E-1
-6.489680E-1
-6.489680E-1
-6.474980E-1
-6.445580E-1
-6.416180E-1
-6.386780E-1
-6.342680E-1
-6.313280E-1
-6.313280E-1
-6.327980E-1
-6.372080E-1
-6.430880E-1
-6.519080E-1
-6.607280E-1
-6.680780E-1
-6.724880E-1
-6.754280E-1
-6.739580E-1
-6.710180E-1
-6.666080E-1
-6.607280E-1
-6.533780E-1
-6.474980E-1
-6.416180E-1
-6.357380E-1
-6.298580E-1
-6.254480E-1
-6.180980E-1
-6.122180E-1
-6.033980E-1
-5.931080E-1
-5.813480E-1
-5.710580E-1
-5.592980E-1
-5.475380E-1
-5.372480E-1
-5.269580E-1
-5.196080E-1
-5.122580E-1
-5.078480E-1
-5.049080E-1
-5.034380E-1
-5.034380E-1
-5.063780E-1
-5.107880E-1
-5.181380E-1
-5.254880E-1
-5.357780E-1
-5.475380E-1
-5.607680E-1
-5.739980E-1
-5.857580E-1
-5.975180E-1
-6.078080E-1
-6.151580E-1
-6.195680E-1
-6.210380E-1
-6.180980E-1
-6.107480E-1
-5.989880E-1
-5.872280E-1
-5.725280E-1
-5.592980E-1
-5.460680E-1
-5.357780E-1
-5.298980E-1
-5.269580E-1
-5.269580E-1
-5.328380E-1
-5.401880E-1
-5.519480E-1
-5.651780E-1
-5.798780E-1
-5.931080E-1
-6.063380E-1
-6.151580E-1
-6.225080E-1
-6.254480E-1
-6.269180E-1
-6.239780E-1
-6.210380E-1
-6.180980E-1
-6.151580E-1
-6.151580E-1
-6.180980E-1
-6.225080E-1
-6.298580E-1
-6.372080E-1
-6.460280E-1
-6.548480E-1
-6.636680E-1
-6.710180E-1
-6.768980E-1
-6.813080E-1
-6.857180E-1
-6.886580E-1
-6.915980E-1
-6.960080E-1
-7.004180E-1
-7.033580E-1
-7.062980E-1
-7.077680E-1
-7.077680E-1
-7.062980E-1
-7.033580E-1
-7.018880E-1
-7.004180E-1
-6.989480E-1
-7.004180E-1
-7.033580E-1
-7.077680E-1
-7.136480E-1
-7.180580E-1
-7.209980E-1
-7.224680E-1
-7.195280E-1
-7.136480E-1
-7.033580E-1
-6.901280E-1
-6.768980E-1
-6.621980E-1
-6.474980E-1
-6.357380E-1
-6.269180E-1
-6.225080E-1
-6.225080E-1
-6.254480E-1
-6.298580E-1
-6.372080E-1
-6.460280E-1
-6.533780E-1
-6.607280E-1
-6.651380E-1
-6.695480E-1
-6.695480E-1
-6.695480E-1
-6.666080E-1
-6.621980E-1
-6.563180E-1
-6.489680E-1
-6.430880E-1
-6.386780E-1
-6.372080E-1
-6.372080E-1
-6.401480E-1
-6.460280E-1
-6.548480E-1
-6.666080E-1
-6.783680E-1
-6.930680E-1
-7.048280E-1
-7.165880E-1
-7.268780E-1
-7.327580E-1
-7.356980E-1
-7.342280E-1
-7.283480E-1
-7.180580E-1
-7.048280E-1
-6.871880E-1
-6.680780E-1
-6.489680E-1
-6.283880E-1
-6.092780E-1
-5.931080E-1
-5.784080E-1
-5.666480E-1
-5.578280E-1
-5.519480E-1
-5.504780E-1
-5.519480E-1
-5.563580E-1
-5.622380E-1
-5.695880E-1
-5.769380E-1
-5.857580E-1
-5.931080E-1
-6.004580E-1
-6.078080E-1
-6.136880E-1
-6.225080E-1
-6.313280E-1
-6.401480E-1
-6.489680E-1
-6.592580E-1
-6.666080E-1
-6.710180E-1
-6.724880E-1
-6.695480E-1
-6.621980E-1
-6.519080E-1
-6.401480E-1
-6.283880E-1
-6.166280E-1
-6.078080E-1
-6.033980E-1
-6.019280E-1
-6.033980E-1
-6.092780E-1
-6.166280E-1
-6.239780E-1
-6.298580E-1
-6.357380E-1
-6.372080E-1
-6.372080E-1
-6.357380E-1
-6.313280E-1
-6.269180E-1
-6.210380E-1
-6.166280E-1
-6.107480E-1
-6.048680E-1
-6.004580E-1
-5.945780E-1
-5.872280E-1
-5.813480E-1
-5.754680E-1
-5.695880E-1
-5.651780E-1
-5.622380E-1
-5.622380E-1
-5.622380E-1
-5.651780E-1
-5.695880E-1
-5.754680E-1
-5.813480E-1
-5.886980E-1
-5.960480E-1
-6.033980E-1
-6.092780E-1
-6.136880E-1
-6.166280E-1
-6.166280E-1
-6.151580E-1
-6.122180E-1
-6.078080E-1
-6.019280E-1
-5.960480E-1
-5.901680E-1
-5.857580E-1
-5.813480E-1
-5.784080E-1
-5.769380E-1
-5.769380E-1
-5.784080E-1
-5.813480E-1
-5.857580E-1
-5.931080E-1
-6.004580E-1
-6.078080E-1
-6.151580E-1
-6.210380E-1
-6.254480E-1
-6.269180E-1
-6.254480E-1
-6.210380E-1
-6.166280E-1
-6.092780E-1
-6.019280E-1
-5.960480E-1
-5.901680E-1
-5.872280E-1
-5.842880E-1
-5.842880E-1
-5.842880E-1
-5.857580E-1
-5.872280E-1
-5.886980E-1
-5.901680E-1
-5.916380E-1
-5.945780E-1
-5.960480E-1
-5.989880E-1
-6.019280E-1
-6.048680E-1
-6.063380E-1
-6.078080E-1
-6.078080E-1
-6.092780E-1
-6.107480E-1
-6.122180E-1
-6.166280E-1
-6.225080E-1
-6.313280E-1
-6.430880E-1
-6.548480E-1
-6.680780E-1
-6.813080E-1
-6.915980E-1
-7.018880E-1
-7.107080E-1
-7.151180E-1
-7.180580E-1
-7.195280E-1
-7.180580E-1
-7.151180E-1
-7.107080E-1
-7.033580E-1
-6.960080E-1
-6.886580E-1
-6.813080E-1
-6.739580E-1
-6.666080E-1
-6.592580E-1
-6.533780E-1
-6.474980E-1
-6.416180E-1
-6.342680E-1
-6.283880E-1
-6.210380E-1
-6.136880E-1
-6.092780E-1
-6.048680E-1
-6.019280E-1
-6.033980E-1
-6.063380E-1
-6.107480E-1
-6.180980E-1
-6.254480E-1
-6.342680E-1
-6.416180E-1
-6.474980E-1
-6.519080E-1
-6.533780E-1
-6.533780E-1
-6.519080E-1
-6.489680E-1
-6.430880E-1
-6.386780E-1
-6.327980E-1
-6.269180E-1
-6.225080E-1
-6.180980E-1
-6.151580E-1
-6.151580E-1
-6.180980E-1
-6.225080E-1
-6.298580E-1
-6.386780E-1
-6.489680E-1
-6.607280E-1
-6.710180E-1
-6.813080E-1
-6.886580E-1
-6.960080E-1
-7.004180E-1
-7.048280E-1
-7.092380E-1
-7.136480E-1
-7.195280E-1
-7.239380E-1
-7.298180E-1
-7.342280E-1
-7.356980E-1
-7.356980E-1
-7.342280E-1
-7.298180E-1
-7.254080E-1
-7.180580E-1
-7.092380E-1
-7.018880E-1
-6.930680E-1
-6.842480E-1
-6.754280E-1
-6.651380E-1
-6.533780E-1
-6.416180E-1
-6.298580E-1
-6.180980E-1
-6.063380E-1
-5.975180E-1
-5.886980E-1
-5.842880E-1
-5.813480E-1
-5.813480E-1
-5.828180E-1
-5.872280E-1
-5.931080E-1
-5.989880E-1
-6.048680E-1
-6.107480E-1
-6.166280E-1
-6.210380E-1
-6.254480E-1
-6.298580E-1
-6.342680E-1
-6.386780E-1
-6.445580E-1
-6.504380E-1
-6.577880E-1
-6.651380E-1
-6.710180E-1
-6.754280E-1
-6.768980E-1
-6.754280E-1
-6.724880E-1
-6.666080E-1
-6.592580E-1
-6.504380E-1
-6.416180E-1
-6.342680E-1
-6.283880E-1
-6.239780E-1
-6.210380E-1
-6.210380E-1
-6.210380E-1
-6.239780E-1
-6.283880E-1
-6.313280E-1
-6.357380E-1
-6.401480E-1
-6.430880E-1
-6.460280E-1
-6.460280E-1
-6.460280E-1
-6.445580E-1
-6.445580E-1
-6.445580E-1
-6.460280E-1
-6.474980E-1
-6.504380E-1
-6.533780E-1
-6.577880E-1
-6.607280E-1
-6.636680E-1
-6.666080E-1
-6.680780E-1
-6.710180E-1
-6.724880E-1
-6.724880E-1
-6.724880E-1
-6.724880E-1
-6.695480E-1
-6.651380E-1
-6.592580E-1
-6.519080E-1
-6.445580E-1
-6.372080E-1
-6.313280E-1
-6.283880E-1
-6.254480E-1
-6.254480E-1
-6.269180E-1
-6.298580E-1
-6.327980E-1
-6.357380E-1
-6.386780E-1
-6.416180E-1
-6.430880E-1
-6.430880E-1
-6.445580E-1
-6.430880E-1
-6.416180E-1
-6.386780E-1
-6.342680E-1
-6.298580E-1
-6.239780E-1
-6.195680E-1
-6.151580E-1
-6.136880E-1
-6.136880E-1
-6.166280E-1
-6.210380E-1
-6.269180E-1
-6.327980E-1
-6.357380E-1
-6.386780E-1
-6.372080E-1
-6.357380E-1
-6.313280E-1
-6.283880E-1
-6.254480E-1
-6.225080E-1
-6.225080E-1
-6.225080E-1
-6.225080E-1
-6.225080E-1
-6.225080E-1
-6.195680E-1
-6.151580E-1
-6.107480E-1
-6.063380E-1
-6.019280E-1
-6.004580E-1
-5.989880E-1
-6.004580E-1
-6.033980E-1
-6.078080E-1
-6.122180E-1
-6.166280E-1
-6.180980E-1
-6.180980E-1
-6.151580E-1
-6.107480E-1
-6.019280E-1
-5.931080E-1
-5.828180E-1
-5.725280E-1
-5.637080E-1
-5.563580E-1
-5.504780E-1
-5.460680E-1
-5.445980E-1
-5.460680E-1
-5.490080E-1
-5.534180E-1
-5.607680E-1
-5.695880E-1
-5.784080E-1
-5.886980E-1
-5.975180E-1
-6.078080E-1
-6.151580E-1
-6.210380E-1
-6.254480E-1
-6.254480E-1
-6.254480E-1
-6.225080E-1
-6.180980E-1
-6.151580E-1
-6.122180E-1
-6.107480E-1
-6.122180E-1
-6.151580E-1
-6.225080E-1
-6.298580E-1
-6.386780E-1
-6.489680E-1
-6.592580E-1
-6.680780E-1
-6.754280E-1
-6.798380E-1
-6.827780E-1
-6.842480E-1
-6.857180E-1
-6.857180E-1
-6.857180E-1
-6.842480E-1
-6.842480E-1
-6.827780E-1
-6.813080E-1
-6.783680E-1
-6.739580E-1
-6.710180E-1
-6.666080E-1
-6.621980E-1
-6.592580E-1
-6.563180E-1
-6.548480E-1
-6.548480E-1
-6.563180E-1
-6.577880E-1
-6.607280E-1
-6.636680E-1
-6.680780E-1
-6.724880E-1
-6.754280E-1
-6.783680E-1
-6.813080E-1
-6.813080E-1
-6.813080E-1
-6.783680E-1
-6.739580E-1
-6.695480E-1
-6.651380E-1
-6.607280E-1
-6.563180E-1
-6.548480E-1
-6.563180E-1
-6.592580E-1
-6.636680E-1
-6.710180E-1
-6.783680E-1
-6.857180E-1
-6.901280E-1
-6.930680E-1
-6.930680E-1
-6.901280E-1
-6.857180E-1
-6.798380E-1
-6.754280E-1
-6.710180E-1
-6.680780E-1
-6.680780E-1
-6.695480E-1
-6.724880E-1
-6.783680E-1
-6.857180E-1
-6.945380E-1
-7.048280E-1
-7.180580E-1
-7.298180E-1
-7.445180E-1
-7.606880E-1
-7.783280E-1
-7.989080E-1
-8.224280E-1
-8.488880E-1
-8.797580E-1
-9.135680E-1
-9.488480E-1
-9.870680E-1
-1.025288E+0
-1.062038E+0
-1.097318E+0
-1.129658E+0
-1.159058E+0
-1.184048E+0
-1.206098E+0
-1.223738E+0
-1.238438E+0
-1.248728E+0
-1.254608E+0
-1.257548E+0
-1.259018E+0
-1.257548E+0
-1.257548E+0
-1.257548E+0
-1.260488E+0
-1.266368E+0
-1.276658E+0
-1.289888E+0
-1.306058E+0
-1.323698E+0
-1.341338E+0
-1.358978E+0
-1.375148E+0
-1.388378E+0
-1.398668E+0
-1.407488E+0
-1.411898E+0
-1.414838E+0
-1.414838E+0
-1.411898E+0
-1.408958E+0
-1.406018E+0
-1.401608E+0
-1.397198E+0
-1.392788E+0
-1.389848E+0
-1.385438E+0
-1.382498E+0
-1.378088E+0
-1.375148E+0
-1.372208E+0
-1.370738E+0
-1.370738E+0
-1.373678E+0
-1.379558E+0
-1.386908E+0
-1.397198E+0
-1.407488E+0
-1.417778E+0
-1.429538E+0
-1.438358E+0
-1.447178E+0
-1.455998E+0
-1.463348E+0
-1.472168E+0
-1.479518E+0
-1.489808E+0
-1.500098E+0
-1.513328E+0
-1.528028E+0
-1.542728E+0
-1.557428E+0
-1.570658E+0
-1.583888E+0
-1.595648E+0
-1.602998E+0
-1.608878E+0
-1.613288E+0
-1.616228E+0
-1.620638E+0
-1.623578E+0
-1.627988E+0
-1.633868E+0
-1.641218E+0
-1.650038E+0
-1.660328E+0
-1.672088E+0
-1.683848E+0
-1.695608E+0
-1.707368E+0
-1.716188E+0
-1.722068E+0
-1.723538E+0
-1.723538E+0
-1.719128E+0
-1.711778E+0
-1.701488E+0
-1.692668E+0
-1.682378E+0
-1.675028E+0
-1.670618E+0
-1.667678E+0
-1.669148E+0
-1.673558E+0
-1.677968E+0
-1.685318E+0
-1.689728E+0
-1.694138E+0
-1.697078E+0
-1.697078E+0
-1.695608E+0
-1.692668E+0
-1.689728E+0
-1.688258E+0
-1.686788E+0
-1.685318E+0
-1.683848E+0
-1.683848E+0
-1.683848E+0
-1.683848E+0
-1.685318E+0
-1.688258E+0
-1.694138E+0
-1.701488E+0
-1.710308E+0
-1.719128E+0
-1.726478E+0
-1.733828E+0
-1.736768E+0
-1.738238E+0
-1.738238E+0
-1.735298E+0
-1.730888E+0
-1.726478E+0
-1.722068E+0
-1.716188E+0
-1.711778E+0
-1.708838E+0
-1.707368E+0
-1.710308E+0
-1.714718E+0
-1.725008E+0
-1.739708E+0
-1.760288E+0
-1.783808E+0
-1.811738E+0
-1.842608E+0
-1.874948E+0
-1.907288E+0
-1.938158E+0
-1.964618E+0
-1.986668E+0
-2.004308E+0
-2.017538E+0
-2.024888E+0
-2.029298E+0
-2.027828E+0
-2.023418E+0
-2.017538E+0
-2.011658E+0
-2.002838E+0
-1.994018E+0
-1.986668E+0
-1.980788E+0
-1.974908E+0
-1.971968E+0
-1.970498E+0
-1.971968E+0
-1.976378E+0
-1.983728E+0
-1.992548E+0
-2.002838E+0
-2.014598E+0
-2.024888E+0
-2.036648E+0
-2.046938E+0
-2.057228E+0
-2.064578E+0
-2.070458E+0
-2.074868E+0
-2.077808E+0
-2.080748E+0
-2.082218E+0
-2.082218E+0
-2.083688E+0
-2.083688E+0
-2.080748E+0
-2.079278E+0
-2.074868E+0
-2.068988E+0
-2.060168E+0
-2.049878E+0
-2.038118E+0
-2.026358E+0
-2.016068E+0
-2.007248E+0
-2.005778E+0
-2.007248E+0
-2.017538E+0
-2.032238E+0
-2.051348E+0
-2.073398E+0
-2.093978E+0
-2.114558E+0
-2.129258E+0
-2.138078E+0
-2.142488E+0
-2.141018E+0
-2.138078E+0
-2.132198E+0
-2.126318E+0
-2.123378E+0
-2.123378E+0
-2.127788E+0
-2.133668E+0
-2.143958E+0
-2.157188E+0
-2.173358E+0
-2.190998E+0
-2.207168E+0
-2.223338E+0
-2.236568E+0
-2.245388E+0
-2.248328E+0
-2.243918E+0
-2.233628E+0
-2.220398E+0
-2.201288E+0
-2.183648E+0
-2.167478E+0
-2.154248E+0
-2.148368E+0
-2.151308E+0
-2.161598E+0
-2.179238E+0
-2.202758E+0
-2.230688E+0
-2.260088E+0
-2.286548E+0
-2.310068E+0
-2.327708E+0
-2.339468E+0
-2.345348E+0
-2.346818E+0
-2.343878E+0
-2.337998E+0
-2.332118E+0
-2.326238E+0
-2.320358E+0
-2.317418E+0
-2.315948E+0
-2.318888E+0
-2.323298E+0
-2.332118E+0
-2.345348E+0
-2.362988E+0
-2.382098E+0
-2.404148E+0
-2.426198E+0
-2.448248E+0
-2.468828E+0
-2.484998E+0
-2.498228E+0
-2.507048E+0
-2.512928E+0
-2.514398E+0
-2.512928E+0
-2.507048E+0
-2.498228E+0
-2.486468E+0
-2.474708E+0
-2.458538E+0
-2.442368E+0
-2.427668E+0
-2.412968E+0
-2.402678E+0
-2.395328E+0
-2.392388E+0
-2.395328E+0
-2.402678E+0
-2.412968E+0
-2.427668E+0
-2.443838E+0
-2.458538E+0
-2.473238E+0
-2.484998E+0
-2.492348E+0
-2.495288E+0
-2.493818E+0
-2.489408E+0
-2.484998E+0
-2.479118E+0
-2.476178E+0
-2.474708E+0
-2.474708E+0
-2.477648E+0
-2.483528E+0
-2.489408E+0
-2.498228E+0
-2.507048E+0
-2.517338E+0
-2.527628E+0
-2.537918E+0
-2.549678E+0
-2.561438E+0
-2.573198E+0
-2.582018E+0
-2.589368E+0
-2.593778E+0
-2.595248E+0
-2.593778E+0
-2.587898E+0
-2.579078E+0
-2.567318E+0
-2.552618E+0
-2.539388E+0
-2.526158E+0
-2.515868E+0
-2.511458E+0
-2.509988E+0
-2.517338E+0
-2.527628E+0
-2.543798E+0
-2.562908E+0
-2.582018E+0
-2.599658E+0
-2.614358E+0
-2.623178E+0
-2.626118E+0
-2.624648E+0
-2.617298E+0
-2.608478E+0
-2.598188E+0
-2.586428E+0
-2.579078E+0
-2.573198E+0
-2.571728E+0
-2.573198E+0
-2.580548E+0
-2.590838E+0
-2.605538E+0
-2.624648E+0
-2.648168E+0
-2.674628E+0
-2.704028E+0
-2.734898E+0
-2.767238E+0
-2.798108E+0
-2.826038E+0
-2.848088E+0
-2.865728E+0
-2.876018E+0
-2.881898E+0
-2.881898E+0
-2.876018E+0
-2.867198E+0
-2.856908E+0
-2.842208E+0
-2.826038E+0
-2.808398E+0
-2.787818E+0
-2.768708E+0
-2.746658E+0
-2.726078E+0
-2.705498E+0
-2.687858E+0
-2.671688E+0
-2.658458E+0
-2.651108E+0
-2.646698E+0
-2.648168E+0
-2.654048E+0
-2.665808E+0
-2.681978E+0
-2.701088E+0
-2.720198E+0
-2.740778E+0
-2.761358E+0
-2.781938E+0
-2.802518E+0
-2.823098E+0
-2.845148E+0
-2.868668E+0
-2.893658E+0
-2.915708E+0
-2.937758E+0
-2.956868E+0
-2.971568E+0
-2.981858E+0
-2.989208E+0
-2.996558E+0
-3.002438E+0
-3.009788E+0
-3.018608E+0
-3.028898E+0
-3.039188E+0
-3.049478E+0
-3.058298E+0
-3.065648E+0
-3.071528E+0
-3.074468E+0
-3.075938E+0
-3.074468E+0
-3.070058E+0
-3.062708E+0
-3.052418E+0
-3.040658E+0
-3.027428E+0
-3.017138E+0
-3.011258E+0
-3.015668E+0
-3.030368E+0
-3.058298E+0
-3.097988E+0
-3.147968E+0
-3.203828E+0
-3.259688E+0
-3.312608E+0
-3.355238E+0
-3.384638E+0
-3.396398E+0
-3.394928E+0
-3.378758E+0
-3.350828E+0
-3.317018E+0
-3.280268E+0
-3.244988E+0
-3.214118E+0
-3.186188E+0
-3.164138E+0
-3.145028E+0
-3.131798E+0
-3.120038E+0
-3.109748E+0
-3.100928E+0
-3.090638E+0
-3.081818E+0
-3.072998E+0
-3.067118E+0
-3.064178E+0
-3.067118E+0
-3.074468E+0
-3.089168E+0
-3.106808E+0
-3.130328E+0
-3.156788E+0
-3.183248E+0
-3.208238E+0
-3.230288E+0
-3.247928E+0
-3.259688E+0
-3.265568E+0
-3.265568E+0
-3.262628E+0
-3.258218E+0
-3.253808E+0
-3.252338E+0
-3.250868E+0
-3.249398E+0
-3.247928E+0
-3.244988E+0
-3.240578E+0
-3.233228E+0
-3.224408E+0
-3.214118E+0
-3.205298E+0
-3.199418E+0
-3.196478E+0
-3.196478E+0
-3.199418E+0
-3.205298E+0
-3.214118E+0
-3.225878E+0
-3.239108E+0
-3.258218E+0
-3.278798E+0
-3.303788E+0
-3.331718E+0
-3.361118E+0
-3.389048E+0
-3.414038E+0
-3.433148E+0
-3.444908E+0
-3.449318E+0
-3.444908E+0
-3.436088E+0
-3.419918E+0
-3.399338E+0
-3.375818E+0
-3.349358E+0
-3.321428E+0
-3.293498E+0
-3.265568E+0
-3.242048E+0
-3.222938E+0
-3.211178E+0
-3.209708E+0
-3.219998E+0
-3.240578E+0
-3.272918E+0
-3.314078E+0
-3.364058E+0
-3.416978E+0
-3.468428E+0
-3.516938E+0
-3.561038E+0
-3.593378E+0
-3.615428E+0
-3.625718E+0
-3.625718E+0
-3.616898E+0
-3.605138E+0
-3.591908E+0
-3.580148E+0
-3.571328E+0
-3.571328E+0
-3.580148E+0
-3.596318E+0
-3.615428E+0
-3.637478E+0
-3.658058E+0
-3.677168E+0
-3.691868E+0
-3.699218E+0
-3.702158E+0
-3.697748E+0
-3.691868E+0
-3.678638E+0
-3.663938E+0
-3.646298E+0
-3.630128E+0
-3.613958E+0
-3.600728E+0
-3.594848E+0
-3.591908E+0
-3.596318E+0
-3.603668E+0
-3.616898E+0
-3.630128E+0
-3.643358E+0
-3.656588E+0
-3.668348E+0
-3.678638E+0
-3.690398E+0
-3.697748E+0
-3.709508E+0
-3.718328E+0
-3.730088E+0
-3.743318E+0
-3.756548E+0
-3.771248E+0
-3.785948E+0
-3.802118E+0
-3.815348E+0
-3.828578E+0
-3.837398E+0
-3.841808E+0
-3.838868E+0
-3.830048E+0
-3.812408E+0
-3.788888E+0
-3.758018E+0
-3.721268E+0
-3.678638E+0
-3.631598E+0
-3.584558E+0
-3.536048E+0
-3.493418E+0
-3.458138E+0
-3.433148E+0
-3.418448E+0
-3.418448E+0
-3.431678E+0
-3.455198E+0
-3.487538E+0
-3.522818E+0
-3.558098E+0
-3.591908E+0
-3.618368E+0
-3.638948E+0
-3.650708E+0
-3.658058E+0
-3.660998E+0
-3.662468E+0
-3.662468E+0
-3.663938E+0
-3.666878E+0
-3.671288E+0
-3.675698E+0
-3.681578E+0
-3.688928E+0
-3.697748E+0
-3.710978E+0
-3.724208E+0
-3.738908E+0
-3.758018E+0
-3.775658E+0
-3.793298E+0
-3.806528E+0
-3.815348E+0
-3.816818E+0
-3.816818E+0
-3.812408E+0
-3.806528E+0
-3.799178E+0
-3.794768E+0
-3.791828E+0
-3.790358E+0
-3.784478E+0
-3.775658E+0
-3.763898E+0
-3.746258E+0
-3.725678E+0
-3.703628E+0
-3.687458E+0
-3.678638E+0
-3.684518E+0
-3.706568E+0
-3.746258E+0
-3.802118E+0
-3.869738E+0
-3.943238E+0
-4.013798E+0
-4.074068E+0
-4.113758E+0
-4.131398E+0
-4.124048E+0
-4.096118E+0
-4.053488E+0
-4.004978E+0
-3.954998E+0
-3.912368E+0
-3.878558E+0
-3.856508E+0
-3.846218E+0
-3.849158E+0
-3.862388E+0
-3.887378E+0
-3.919718E+0
-3.956468E+0
-3.997628E+0
-4.037318E+0
-4.072598E+0
-4.101998E+0
-4.124048E+0
-4.137278E+0
-4.141688E+0
-4.140218E+0
-4.134338E+0
-4.126988E+0
-4.116698E+0
-4.106408E+0
-4.099058E+0
-4.091708E+0
-4.087298E+0
-4.087298E+0
-4.087298E+0
-4.093178E+0
-4.100528E+0
-4.109348E+0
-4.121108E+0
-4.131398E+0
-4.141688E+0
-4.149038E+0
-4.153448E+0
-4.156388E+0
-4.156388E+0
-4.156388E+0
-4.154918E+0
-4.156388E+0
-4.159328E+0
-4.163738E+0
-4.168148E+0
-4.171088E+0
-4.172558E+0
-4.172558E+0
-4.168148E+0
-4.162268E+0
-4.153448E+0
-4.146098E+0
-4.141688E+0
-4.141688E+0
-4.144628E+0
-4.151978E+0
-4.163738E+0
-4.176968E+0
-4.193138E+0
-4.204898E+0
-4.216658E+0
-4.222538E+0
-4.222538E+0
-4.213718E+0
-4.199018E+0
-4.179908E+0
-4.159328E+0
-4.138748E+0
-4.121108E+0
-4.109348E+0
-4.106408E+0
-4.113758E+0
-4.132868E+0
-4.159328E+0
-4.193138E+0
-4.234298E+0
-4.278398E+0
-4.323968E+0
-4.371008E+0
-4.418048E+0
-4.462148E+0
-4.510658E+0
-4.562108E+0
-4.617968E+0
-4.678238E+0
-4.744388E+0
-4.812008E+0
-4.873748E+0
-4.928138E+0
-4.967828E+0
-4.988408E+0
-4.989878E+0
-4.972238E+0
-4.941368E+0
-4.898738E+0
-4.853168E+0
-4.809068E+0
-4.766438E+0
-4.725278E+0
-4.685588E+0
-4.644428E+0
-4.603268E+0
-4.554758E+0
-4.503308E+0
-4.450388E+0
-4.397468E+0
-4.343078E+0
-4.290158E+0
-4.234298E+0
-4.175498E+0
-4.109348E+0
-4.035848E+0
-3.952058E+0
-3.862388E+0
-3.769778E+0
-3.678638E+0
-3.596318E+0
-3.525758E+0
-3.471368E+0
-3.441968E+0
-3.436088E+0
-3.456668E+0
-3.505178E+0
-3.581618E+0
-3.687458E+0
-3.818288E+0
-3.974108E+0
-4.151978E+0
-4.348958E+0
-4.563578E+0
-4.789958E+0
-5.029568E+0
-5.280938E+0
-5.547008E+0
-5.829248E+0
-6.145298E+0
-6.503978E+0
-6.924398E+0
-7.433018E+0
-8.062178E+0
-8.898608E+0
-1.013341E+1
-1.240750E+1
-2.000005E+1
-2.000005E+1
-2.000005E+1
-2.000005E+1
-2.000005E+1
-2.000005E+1
-2.000005E+1
-2.000005E+1
-2.000005E+1
-2.000005E+1
-2.000005E+1
-2.000005E+1
-2.000005E+1
-2.000005E+1
-2.000005E+1
-2.000005E+1
-2.000005E+1
-2.000005E+1
-2.000005E+1
-2.000005E+1
-1.460368E+1
-1.198855E+1
-1.121974E+1
-1.110802E+1
-1.146082E+1
-1.254274E+1
-1.698949E+1
-2.000005E+1
-2.000005E+1
-2.000005E+1
-2.000005E+1
-2.000005E+1
-2.000005E+1
-2.000005E+1
-2.000005E+1
-2.000005E+1
-2.000005E+1
-2.000005E+1
-2.000005E+1
-2.000005E+1
-2.000005E+1
-2.000005E+1
-2.000005E+1
-2.000005E+1
-2.000005E+1
-2.000005E+1
-2.000005E+1
-2.000005E+1
-2.000005E+1
-2.000005E+1
-2.000005E+1
-2.000005E+1
-2.000005E+1
-2.000005E+1
-2.000005E+1
-2.000005E+1
-2.000005E+1
-2.000005E+1
-2.000005E+1
-2.000005E+1
-2.000005E+1
-2.000005E+1
-2.000005E+1
-2.000005E+1
-2.000005E+1
-2.000005E+1
-2.000005E+1
-2.000005E+1
-2.000005E+1
-2.000005E+1
-2.000005E+1
-2.000005E+1
-2.000005E+1
-1.548421E+1
-1.204441E+1
-1.071259E+1
-9.873218E+0
-9.299918E+0
-8.938298E+0
-8.735438E+0
-8.651648E+0
-8.710448E+0
-8.885378E+0
-9.207308E+0
-9.695348E+0
-1.040389E+1
-1.154902E+1
-1.397893E+1
-2.000005E+1
-2.000005E+1
-2.000005E+1
-2.000005E+1
-2.000005E+1
-2.000005E+1
-2.000005E+1
-2.000005E+1
-2.000005E+1
-2.000005E+1
-2.000005E+1
-2.000005E+1
-2.000005E+1
-1.650439E+1
-1.360555E+1
-1.276324E+1
-1.254274E+1
-1.261330E+1
-1.301020E+1
-1.397893E+1
-1.761424E+1
-2.000005E+1
-2.000005E+1
-2.000005E+1
-2.000005E+1
-2.000005E+1
-2.000005E+1
-2.000005E+1
-2.000005E+1
-2.000005E+1
-2.000005E+1
-2.000005E+1
-2.000005E+1
-2.000005E+1
-2.000005E+1
-2.000005E+1
-2.000005E+1
-1.384663E+1
-1.234135E+1
-1.178275E+1
-1.163869E+1
-1.183273E+1
-1.247365E+1
-1.411858E+1
-2.000005E+1
-2.000005E+1
-2.000005E+1
-2.000005E+1
-2.000005E+1
-2.000005E+1
-2.000005E+1
-2.000005E+1
-2.000005E+1
-2.000005E+1
-2.000005E+1
-2.000005E+1
-2.000005E+1
-2.000005E+1
-2.000005E+1
-2.000005E+1
-2.000005E+1
-2.000005E+1
-2.000005E+1
-2.000005E+1
-2.000005E+1
-2.000005E+1
-2.000005E+1
-2.000005E+1
-2.000005E+1
-1.397893E+1
-1.240750E+1
-1.163869E+1
-1.121974E+1
-1.103746E+1
-1.107274E+1
-1.137850E+1
-1.210027E+1
-1.384663E+1
-2.000005E+1
-2.000005E+1
-2.000005E+1
-2.000005E+1
-2.000005E+1
-2.000005E+1
-2.000005E+1
-2.000005E+1
-2.000005E+1
-2.000005E+1
-2.000005E+1
-2.000005E+1
-2.000005E+1
-2.000005E+1
-2.000005E+1
-2.000005E+1
-2.000005E+1
-2.000005E+1
-2.000005E+1
-2.000005E+1
-2.000005E+1
-2.000005E+1
-1.499911E+1
-1.240750E+1
-1.129765E+1
-1.059499E+1
-1.008784E+1
-9.676238E+0
-9.346958E+0
-9.075008E+0
-8.885378E+0
-8.772188E+0
-8.735438E+0
-8.783948E+0
-8.964758E+0
-9.252878E+0
-9.714458E+0
-1.037743E+1
-1.133734E+1
-1.284262E+1
-1.610896E+1
-2.000005E+1
-2.000005E+1
-2.000005E+1
-2.000005E+1
-2.000005E+1
-2.000005E+1
-2.000005E+1
-2.000005E+1
-2.000005E+1
-2.000005E+1
-2.000005E+1
-2.000005E+1
-2.000005E+1
-2.000005E+1
-2.000005E+1
-2.000005E+1
-2.000005E+1
-2.000005E+1
-2.000005E+1
-2.000005E+1
-2.000005E+1
-2.000005E+1
-2.000005E+1
-2.000005E+1
-2.000005E+1
-2.000005E+1
-2.000005E+1
-2.000005E+1
-2.000005E+1
-2.000005E+1
-2.000005E+1
-2.000005E+1
-2.000005E+1
-2.000005E+1
-2.000005E+1
-2.000005E+1
-1.522843E+1
-1.240750E+1
-1.114477E+1
-1.030099E+1
-9.676238E+0
-9.238178E+0
-8.951528E+0
-8.783948E+0
-8.772188E+0
-8.898608E+0
-9.192608E+0
-9.733568E+0
-1.062439E+1
-1.227961E+1
-2.000005E+1
-2.000005E+1
-2.000005E+1
-2.000005E+1
-2.000005E+1
-2.000005E+1
-2.000005E+1
-2.000005E+1
-2.000005E+1
-2.000005E+1
-2.000005E+1
-2.000005E+1
-2.000005E+1
-2.000005E+1
-2.000005E+1
-2.000005E+1
-2.000005E+1
-2.000005E+1
-2.000005E+1
-1.499911E+1
-1.292494E+1
-1.204441E+1
-1.173277E+1
-1.173277E+1
-1.210027E+1
-1.292494E+1
-1.522843E+1
-2.000005E+1
-2.000005E+1
-2.000005E+1
-2.000005E+1
-2.000005E+1
-2.000005E+1
-2.000005E+1
-2.000005E+1
-2.000005E+1
-2.000005E+1
-2.000005E+1
-2.000005E+1
-2.000005E+1
-2.000005E+1
-2.000005E+1
-2.000005E+1
-2.000005E+1
-2.000005E+1
-1.426852E+1
-1.240750E+1
-1.141966E+1
-1.074346E+1
-1.025248E+1
-9.873218E+0
-9.567458E+0
-9.330788E+0
-9.133808E+0
-8.951528E+0
-8.795708E+0
-8.651648E+0
-8.526698E+0
-8.439968E+0
-8.398808E+0
-8.409098E+0
-8.494358E+0
-8.628128E+0
-8.847158E+0
-9.148508E+0
-9.549818E+0
-1.004374E+1
-1.065379E+1
-1.133734E+1
-1.210027E+1
-1.292494E+1
-1.349383E+1
-1.349383E+1
-1.309840E+1
-1.240750E+1
-1.173277E+1
-1.107274E+1
-1.048327E+1
-9.977588E+0
-9.532178E+0
-9.177908E+0
-8.898608E+0
-8.722208E+0
-8.639888E+0
-8.675168E+0
-8.808938E+0
-9.075008E+0
-9.463088E+0
-1.002169E+1
-1.074346E+1
-1.168573E+1
-1.292494E+1
-1.479331E+1
-1.761424E+1
-2.000005E+1
-1.698949E+1
-1.460368E+1
-1.309840E+1
-1.210027E+1
-1.133734E+1
-1.080520E+1
-1.045681E+1
-1.025248E+1
-1.020397E+1
-1.030099E+1
-1.053913E+1
-1.096837E+1
-1.154902E+1
-1.234135E+1
-1.349383E+1
-1.499911E+1
-1.849477E+1
-2.000005E+1
-2.000005E+1
-2.000005E+1
-2.000005E+1
-2.000005E+1
-2.000005E+1
-2.000005E+1
-2.000005E+1
-2.000005E+1
-2.000005E+1
-2.000005E+1
-2.000005E+1
-2.000005E+1
-2.000005E+1
-2.000005E+1
-2.000005E+1
-2.000005E+1
-2.000005E+1
-2.000005E+1
-2.000005E+1
-2.000005E+1
-2.000005E+1
-2.000005E+1
-2.000005E+1
-2.000005E+1
-2.000005E+1
-2.000005E+1
-2.000005E+1
-2.000005E+1
-2.000005E+1
-2.000005E+1
-2.000005E+1
-2.000005E+1
-2.000005E+1
-2.000005E+1
-2.000005E+1
-2.000005E+1
-2.000005E+1
-2.000005E+1
-2.000005E+1
-2.000005E+1
-2.000005E+1
-2.000005E+1
-2.000005E+1
-2.000005E+1
-2.000005E+1
-2.000005E+1
-2.000005E+1
-2.000005E+1
-2.000005E+1
-2.000005E+1
-2.000005E+1
-2.000005E+1
-1.426852E+1
-1.193563E+1
-1.086841E+1
-1.027747E+1
-9.873218E+0
-9.567458E+0
-9.330788E+0
-9.148508E+0
-9.005918E+0
-8.898608E+0
-8.808938E+0
-8.747198E+0
-8.710448E+0
-8.675168E+0
-8.639888E+0
-8.594318E+0
-8.560508E+0
-8.526698E+0
-8.516408E+0
-8.538458E+0
-8.628128E+0
-8.795708E+0
-9.061778E+0
-9.446918E+0
-9.977588E+0
-1.071259E+1
-1.178275E+1
-1.349383E+1
-2.000005E+1
-2.000005E+1
-2.000005E+1
-2.000005E+1
-2.000005E+1
-2.000005E+1
-2.000005E+1
-2.000005E+1
-2.000005E+1
-2.000005E+1
-2.000005E+1
-2.000005E+1
-2.000005E+1
-2.000005E+1
-1.548421E+1
-1.301020E+1
-1.183273E+1
-1.114477E+1
-1.083607E+1
-1.077433E+1
-1.096837E+1
-1.159312E+1
-1.292494E+1
-1.698949E+1
-2.000005E+1
-2.000005E+1
-2.000005E+1
-2.000005E+1
-2.000005E+1
-2.000005E+1
-1.397893E+1
-1.210027E+1
-1.110802E+1
-1.045681E+1
-9.999638E+0
-9.658598E+0
-9.379298E+0
-9.148508E+0
-8.938298E+0
-8.735438E+0
-8.538458E+0
-8.378228E+0
-8.257688E+0
-8.190068E+0
-8.170958E+0
-8.238578E+0
-8.388518E+0
-8.639888E+0
-9.033848E+0
-9.567458E+0
-1.030099E+1
-1.129765E+1
-1.284262E+1
-1.577380E+1
-2.000005E+1
-2.000005E+1
-2.000005E+1
-2.000005E+1
-1.479331E+1
-1.338799E+1
-1.261330E+1
-1.210027E+1
-1.183273E+1
-1.173277E+1
-1.163869E+1
-1.154902E+1
-1.137850E+1
-1.114477E+1
-1.083607E+1
-1.048327E+1
-1.013341E+1
-9.852638E+0
-9.639488E+0
-9.514538E+0
-9.480728E+0
-9.532178E+0
-9.676238E+0
-9.934958E+0
-1.025248E+1
-1.062439E+1
-1.103746E+1
-1.154902E+1
-1.215907E+1
-1.309840E+1
-1.479331E+1
-2.000005E+1
-2.000005E+1
-2.000005E+1
-2.000005E+1
-2.000005E+1
-2.000005E+1
-2.000005E+1
-2.000005E+1
-2.000005E+1
-2.000005E+1
-2.000005E+1
-2.000005E+1
-2.000005E+1
-2.000005E+1
-2.000005E+1
-2.000005E+1
-2.000005E+1
-2.000005E+1
-2.000005E+1
-1.183273E+1
-1.027747E+1
-9.413108E+0
-8.872148E+0
-8.504648E+0
-8.247398E+0
-8.070998E+0
-7.975448E+0
-7.941638E+0
-7.948988E+0
-8.009258E+0
-8.107748E+0
-8.228288E+0
-8.378228E+0
-8.516408E+0
-8.639888E+0
-8.722208E+0
-8.772188E+0
-8.795708E+0
-8.822168E+0
-8.858918E+0
-8.925068E+0
-9.047078E+0
-9.222008E+0
-9.429278E+0
-9.676238E+0
-9.934958E+0
-1.018045E+1
-1.040389E+1
-1.056706E+1
-1.068319E+1
-1.077433E+1
-1.086841E+1
-1.093456E+1
-1.103746E+1
-1.118152E+1
-1.137850E+1
-1.178275E+1
-1.247365E+1
-1.411858E+1
-2.000005E+1
-2.000005E+1
-2.000005E+1
-2.000005E+1
-2.000005E+1
-2.000005E+1
-2.000005E+1
-2.000005E+1
-2.000005E+1
-2.000005E+1
-2.000005E+1
-2.000005E+1
-2.000005E+1
-2.000005E+1
-2.000005E+1
-2.000005E+1
-2.000005E+1
-2.000005E+1
-2.000005E+1
-2.000005E+1
-2.000005E+1
-2.000005E+1
-2.000005E+1
-2.000005E+1
-2.000005E+1
-2.000005E+1
-2.000005E+1
-2.000005E+1
-2.000005E+1
-2.000005E+1
-2.000005E+1
-1.499911E+1
-1.284262E+1
-1.193563E+1
-1.137850E+1
-1.100218E+1
-1.080520E+1
-1.068319E+1
-1.062439E+1
-1.062439E+1
-1.065379E+1
-1.065379E+1
-1.062439E+1
-1.056706E+1
-1.048327E+1
-1.043035E+1
-1.040389E+1
-1.048327E+1
-1.068319E+1
-1.103746E+1
-1.168573E+1
-1.292494E+1
-1.650439E+1
-2.000005E+1
-2.000005E+1
-2.000005E+1
-2.000005E+1
-2.000005E+1
-2.000005E+1
-2.000005E+1
-2.000005E+1
-2.000005E+1
-2.000005E+1
-2.000005E+1
-2.000005E+1
-2.000005E+1
-2.000005E+1
-2.000005E+1
-2.000005E+1
-2.000005E+1
-2.000005E+1
-2.000005E+1
-2.000005E+1
-2.000005E+1
-1.761424E+1
-1.610896E+1
-1.610896E+1
-2.000005E+1
-2.000005E+1
-2.000005E+1
-2.000005E+1
-2.000005E+1
-2.000005E+1
-2.000005E+1
-2.000005E+1
-2.000005E+1
-2.000005E+1
-2.000005E+1
-2.000005E+1
-2.000005E+1
-1.849477E+1
-1.426852E+1
-1.284262E+1
-1.204441E+1
-1.141966E+1
-1.093456E+1
-1.053913E+1
-1.022749E+1
-9.999638E+0
-9.852638E+0
-9.752678E+0
-9.695348E+0
-9.676238E+0
-9.658598E+0
-9.621848E+0
-9.514538E+0
-9.396938E+0
-9.238178E+0
-9.104408E+0
-8.977988E+0
-8.885378E+0
-8.822168E+0
-8.808938E+0
-8.822168E+0
-8.858918E+0
-8.911838E+0
-8.992688E+0
-9.104408E+0
-9.252878E+0
-9.463088E+0
-9.773258E+0
-1.020397E+1
-1.083607E+1
-1.183273E+1
-1.397893E+1
-2.000005E+1
-2.000005E+1
-2.000005E+1
-2.000005E+1
-2.000005E+1
-2.000005E+1
-2.000005E+1
-2.000005E+1
-2.000005E+1
-2.000005E+1
-2.000005E+1
-2.000005E+1
-2.000005E+1
-2.000005E+1
-1.499911E+1
-1.328803E+1
-1.268680E+1
-1.254274E+1
-1.276324E+1
-1.328803E+1
-1.411858E+1
-1.499911E+1
-1.522843E+1
-1.426852E+1
-1.292494E+1
-1.188271E+1
-1.110802E+1
-1.053913E+1
-1.015693E+1
-9.934958E+0
-9.811478E+0
-9.792368E+0
-9.832058E+0
-9.873218E+0
-9.832058E+0
-9.714458E+0
-9.514538E+0
-9.269048E+0
-9.005918E+0
-8.758958E+0
-8.548748E+0
-8.378228E+0
-8.247398E+0
-8.153318E+0
-8.088638E+0
-8.044538E+0
-8.035718E+0
-8.053358E+0
-8.134208E+0
-8.287088E+0
-8.526698E+0
-8.898608E+0
-9.463088E+0
-1.035244E+1
-1.204441E+1
-2.000005E+1
-2.000005E+1
-2.000005E+1
-2.000005E+1
-2.000005E+1
-2.000005E+1
-2.000005E+1
-2.000005E+1
-2.000005E+1
-1.372315E+1
-1.110802E+1
-1.002169E+1
-9.429278E+0
-9.075008E+0
-8.925068E+0
-8.911838E+0
-9.033848E+0
-9.283748E+0
-9.639488E+0
-1.010989E+1
-1.074346E+1
-1.154902E+1
-1.261330E+1
-1.426852E+1
-2.000005E+1
-2.000005E+1
-2.000005E+1
-2.000005E+1
-2.000005E+1
-2.000005E+1
-2.000005E+1
-2.000005E+1
-2.000005E+1
-2.000005E+1
-2.000005E+1
-2.000005E+1
-2.000005E+1
-2.000005E+1
-2.000005E+1
-2.000005E+1
-2.000005E+1
-2.000005E+1
-2.000005E+1
-2.000005E+1
-2.000005E+1
-2.000005E+1
-2.000005E+1
-2.000005E+1
-2.000005E+1
-2.000005E+1
-2.000005E+1
-1.479331E+1
-1.309840E+1
-1.221787E+1
-1.173277E+1
-1.133734E+1
-1.103746E+1
-1.077433E+1
-1.059499E+1
-1.051120E+1
-1.045681E+1
-1.048327E+1
-1.056706E+1
-1.071259E+1
-1.090222E+1
-1.107274E+1
-1.125796E+1
-1.137850E+1
-1.146082E+1
-1.154902E+1
-1.168573E+1
-1.198855E+1
-1.261330E+1
-1.372315E+1
-1.698949E+1
-2.000005E+1
-2.000005E+1
-2.000005E+1
-2.000005E+1
-2.000005E+1
-1.372315E+1
-1.188271E+1
-1.090222E+1
-1.032745E+1
-1.004374E+1
-9.955538E+0
-1.006579E+1
-1.035244E+1
-1.083607E+1
-1.150492E+1
-1.247365E+1
-1.384663E+1
-1.577380E+1
-2.000005E+1
-2.000005E+1
-1.698949E+1
-1.499911E+1
-1.372315E+1
-1.292494E+1
-1.247365E+1
-1.234135E+1
-1.261330E+1
-1.338799E+1
-1.577380E+1
-2.000005E+1
-2.000005E+1
-2.000005E+1
-2.000005E+1
-2.000005E+1
-2.000005E+1
-2.000005E+1
-2.000005E+1
-2.000005E+1
-2.000005E+1
-2.000005E+1
-2.000005E+1
-2.000005E+1
-2.000005E+1
-2.000005E+1
-2.000005E+1
-2.000005E+1
-2.000005E+1
-1.698949E+1
-1.215907E+1
-1.107274E+1
-1.059499E+1
-1.043035E+1
-1.045681E+1
-1.062439E+1
-1.090222E+1
-1.129765E+1
-1.178275E+1
-1.234135E+1
-1.284262E+1
-1.319101E+1
-1.319101E+1
-1.268680E+1
-1.204441E+1
-1.133734E+1
-1.080520E+1
-1.037743E+1
-1.010989E+1
-9.977588E+0
-1.002169E+1
-1.022749E+1
-1.071259E+1
-1.154902E+1
-1.349383E+1
-2.000005E+1
-2.000005E+1
-2.000005E+1
-2.000005E+1
-2.000005E+1
-2.000005E+1
-2.000005E+1
-2.000005E+1
-2.000005E+1
-2.000005E+1
-2.000005E+1
-2.000005E+1
-2.000005E+1
-1.301020E+1
-1.168573E+1
-1.133734E+1
-1.150492E+1
-1.227961E+1
-1.443022E+1
-2.000005E+1
-2.000005E+1
-2.000005E+1
-2.000005E+1
-2.000005E+1
-2.000005E+1
-2.000005E+1
-2.000005E+1
-2.000005E+1
-2.000005E+1
-2.000005E+1
-2.000005E+1
-2.000005E+1
-2.000005E+1
-2.000005E+1
-2.000005E+1
-2.000005E+1
-2.000005E+1
-2.000005E+1
-2.000005E+1
-2.000005E+1
-2.000005E+1
-2.000005E+1
-2.000005E+1
-2.000005E+1
-2.000005E+1
-2.000005E+1
-2.000005E+1
-1.548421E+1
-1.479331E+1
-1.548421E+1
-2.000005E+1
-2.000005E+1
-2.000005E+1
-2.000005E+1
-2.000005E+1
-2.000005E+1
-2.000005E+1
-2.000005E+1
-2.000005E+1
-2.000005E+1
-2.000005E+1
-2.000005E+1
-2.000005E+1
-2.000005E+1
-2.000005E+1
-2.000005E+1
-2.000005E+1
-2.000005E+1
-2.000005E+1
-2.000005E+1
-2.000005E+1
-2.000005E+1
-2.000005E+1
-2.000005E+1
-2.000005E+1
-2.000005E+1
-2.000005E+1
-2.000005E+1
-2.000005E+1
-2.000005E+1
-2.000005E+1
-2.000005E+1
-2.000005E+1
-2.000005E+1
-1.522843E+1
-1.221787E+1
-1.118152E+1
-1.062439E+1
-1.032745E+1
-1.022749E+1
-1.025248E+1
-1.043035E+1
-1.074346E+1
-1.114477E+1
-1.163869E+1
-1.221787E+1
-1.268680E+1
-1.301020E+1
-1.284262E+1
-1.234135E+1
-1.183273E+1
-1.129765E+1
-1.093456E+1
-1.062439E+1
-1.045681E+1
-1.035244E+1
-1.032745E+1
-1.030099E+1
-1.022749E+1
-1.008784E+1
-9.893798E+0
-9.695348E+0
-9.480728E+0
-9.299918E+0
-9.207308E+0
-9.222008E+0
-9.363128E+0
-9.658598E+0
-1.020397E+1
-1.114477E+1
-1.319101E+1
-2.000005E+1
-2.000005E+1
-2.000005E+1
-2.000005E+1
-2.000005E+1
-2.000005E+1
-2.000005E+1
-2.000005E+1
-2.000005E+1
-2.000005E+1
-2.000005E+1
-2.000005E+1
-2.000005E+1
-2.000005E+1
-2.000005E+1
-2.000005E+1
-2.000005E+1
-2.000005E+1
-2.000005E+1
-2.000005E+1
-2.000005E+1
-2.000005E+1
-2.000005E+1
-2.000005E+1
-2.000005E+1
-2.000005E+1
-2.000005E+1
-2.000005E+1
-2.000005E+1
-2.000005E+1
-2.000005E+1
-2.000005E+1
-2.000005E+1
-2.000005E+1
-1.522843E+1
-1.301020E+1
-1.188271E+1
-1.110802E+1
-1.062439E+1
-1.030099E+1
-1.013341E+1
-1.006579E+1
-1.010989E+1
-1.025248E+1
-1.053913E+1
-1.093456E+1
-1.141966E+1
-1.204441E+1
-1.261330E+1
-1.319101E+1
-1.349383E+1
-1.328803E+1
-1.276324E+1
-1.221787E+1
-1.173277E+1
-1.146082E+1
-1.137850E+1
-1.146082E+1
-1.188271E+1
-1.284262E+1
-1.548421E+1
-2.000005E+1
-2.000005E+1
-2.000005E+1
-2.000005E+1
-2.000005E+1
-2.000005E+1
-2.000005E+1
-2.000005E+1
-2.000005E+1
-2.000005E+1
-1.397893E+1
-1.077433E+1
-9.496898E+0
-8.735438E+0
-8.228288E+0
-7.915178E+0
-7.740248E+0
-7.672628E+0
-7.672628E+0
-7.724078E+0
-7.810808E+0
-7.891658E+0
-7.975448E+0
-8.053358E+0
-8.125388E+0
-8.209178E+0
-8.347358E+0
-8.548748E+0
-8.833928E+0
-9.207308E+0
-9.676238E+0
-1.022749E+1
-1.083607E+1
-1.129765E+1
-1.141966E+1
-1.121974E+1
-1.077433E+1
-1.030099E+1
-9.893798E+0
-9.585098E+0
-9.413108E+0
-9.396938E+0
-9.496898E+0
-9.733568E+0
-1.010989E+1
-1.065379E+1
-1.141966E+1
-1.240750E+1
-1.372315E+1
-1.522843E+1
-1.610896E+1
-1.548421E+1
-1.411858E+1
-1.284262E+1
-1.193563E+1
-1.129765E+1
-1.093456E+1
-1.077433E+1
-1.080520E+1
-1.107274E+1
-1.168573E+1
-1.292494E+1
-1.650439E+1
-2.000005E+1
-2.000005E+1
-2.000005E+1
-2.000005E+1
-2.000005E+1
-2.000005E+1
-2.000005E+1
-2.000005E+1
-2.000005E+1
-2.000005E+1
-2.000005E+1
-2.000005E+1
-2.000005E+1
-2.000005E+1
-2.000005E+1
-2.000005E+1
-2.000005E+1
-2.000005E+1
-2.000005E+1
-2.000005E+1
-1.426852E+1
-1.221787E+1
-1.163869E+1
-1.178275E+1
-1.268680E+1
-2.000005E+1
-2.000005E+1
-2.000005E+1
-2.000005E+1
-2.000005E+1
-2.000005E+1
-2.000005E+1
-2.000005E+1
-2.000005E+1
-2.000005E+1
-2.000005E+1
-2.000005E+1
-2.000005E+1
-2.000005E+1
-2.000005E+1
-2.000005E+1
-2.000005E+1
-2.000005E+1
-1.548421E+1
-1.460368E+1
-1.460368E+1
-1.522843E+1
-1.849477E+1
-2.000005E+1
-2.000005E+1
-2.000005E+1
-2.000005E+1
-2.000005E+1
-2.000005E+1
-2.000005E+1
-2.000005E+1
-2.000005E+1
-2.000005E+1
-2.000005E+1
-2.000005E+1
-2.000005E+1
-2.000005E+1
-2.000005E+1
-2.000005E+1
-2.000005E+1
-2.000005E+1
-2.000005E+1
-2.000005E+1
-2.000005E+1
-2.000005E+1
-2.000005E+1
-2.000005E+1
-2.000005E+1
-2.000005E+1
-2.000005E+1
-2.000005E+1
-2.000005E+1
-2.000005E+1
-2.000005E+1
-2.000005E+1
-2.000005E+1
-2.000005E+1
-2.000005E+1
-2.000005E+1
-2.000005E+1
-2.000005E+1
-1.849477E+1
-1.372315E+1
-1.284262E+1
-1.268680E+1
-1.292494E+1
-1.372315E+1
-1.548421E+1
-2.000005E+1
-2.000005E+1
-2.000005E+1
-1.761424E+1
-1.397893E+1
-1.234135E+1
-1.133734E+1
-1.068319E+1
-1.025248E+1
-9.999638E+0
-9.893798E+0
-9.893798E+0
-9.977588E+0
-1.013341E+1
-1.032745E+1
-1.048327E+1
-1.059499E+1
-1.059499E+1
-1.051120E+1
-1.037743E+1
-1.015693E+1
-9.914378E+0
-9.676238E+0
-9.446918E+0
-9.238178E+0
-9.033848E+0
-8.872148E+0
-8.747198E+0
-8.675168E+0
-8.663408E+0
-8.698688E+0
-8.822168E+0
-9.005918E+0
-9.283748E+0
-9.639488E+0
-1.010989E+1
-1.077433E+1
-1.163869E+1
-1.292494E+1
-1.522843E+1
-2.000005E+1
-2.000005E+1
-2.000005E+1
-2.000005E+1
-1.443022E+1
-1.234135E+1
-1.114477E+1
-1.037743E+1
-9.811478E+0
-9.463088E+0
-9.252878E+0
-9.192608E+0
-9.269048E+0
-9.480728E+0
-9.832058E+0
-1.040389E+1
-1.129765E+1
-1.292494E+1
-2.000005E+1
-2.000005E+1
-2.000005E+1
-2.000005E+1
-2.000005E+1
-2.000005E+1
-2.000005E+1
-2.000005E+1
-1.210027E+1
-1.051120E+1
-9.621848E+0
-9.075008E+0
-8.747198E+0
-8.604608E+0
-8.616368E+0
-8.783948E+0
-9.104408E+0
-9.585098E+0
-1.027747E+1
-1.121974E+1
-1.268680E+1
-1.522843E+1
-2.000005E+1
-2.000005E+1
-2.000005E+1
-2.000005E+1
-1.849477E+1
-1.610896E+1
-1.650439E+1
-2.000005E+1
-2.000005E+1
-2.000005E+1
-2.000005E+1
-2.000005E+1
-2.000005E+1
-2.000005E+1
-2.000005E+1
-2.000005E+1
-2.000005E+1
-2.000005E+1
-2.000005E+1
-2.000005E+1
-2.000005E+1
-2.000005E+1
-2.000005E+1
-2.000005E+1
-2.000005E+1
-2.000005E+1
-2.000005E+1
-2.000005E+1
-2.000005E+1
-2.000005E+1
-2.000005E+1
-2.000005E+1
-2.000005E+1
-2.000005E+1
-2.000005E+1
-2.000005E+1
-2.000005E+1
-2.000005E+1
-2.000005E+1
-2.000005E+1
-2.000005E+1
-2.000005E+1
-2.000005E+1
-2.000005E+1
-2.000005E+1
-2.000005E+1
-2.000005E+1
-2.000005E+1
-2.000005E+1
-2.000005E+1
-2.000005E+1
-2.000005E+1
-2.000005E+1
-2.000005E+1
-2.000005E+1
-2.000005E+1
-1.698949E+1
-1.411858E+1
-1.284262E+1
-1.210027E+1
-1.163869E+1
-1.137850E+1
-1.129765E+1
-1.133734E+1
-1.159312E+1
-1.198855E+1
-1.268680E+1
-1.426852E+1
-2.000005E+1
-2.000005E+1
-2.000005E+1
-2.000005E+1
-2.000005E+1
-2.000005E+1
-2.000005E+1
-2.000005E+1
-2.000005E+1
-2.000005E+1
-2.000005E+1
-2.000005E+1
-2.000005E+1
-2.000005E+1
-2.000005E+1
-2.000005E+1
-2.000005E+1
-2.000005E+1
-2.000005E+1
-2.000005E+1
-2.000005E+1
-2.000005E+1
-2.000005E+1
-2.000005E+1
-2.000005E+1
-2.000005E+1
-2.000005E+1
-2.000005E+1
-2.000005E+1
-2.000005E+1
-2.000005E+1
-2.000005E+1
-2.000005E+1
-2.000005E+1
-2.000005E+1
-2.000005E+1
-2.000005E+1
-2.000005E+1
-2.000005E+1
-2.000005E+1
-2.000005E+1
-2.000005E+1
-1.328803E+1
-1.137850E+1
-1.051120E+1
-1.004374E+1
-9.792368E+0
-9.695348E+0
-9.733568E+0
-9.852638E+0
-1.006579E+1
-1.037743E+1
-1.077433E+1
-1.133734E+1
-1.215907E+1
-1.338799E+1
-1.650439E+1
-2.000005E+1
-2.000005E+1
-2.000005E+1
-2.000005E+1
-2.000005E+1
-2.000005E+1
-2.000005E+1
-2.000005E+1
-2.000005E+1
-2.000005E+1
-2.000005E+1
-2.000005E+1
-2.000005E+1
-2.000005E+1
-2.000005E+1
-2.000005E+1
-2.000005E+1
-2.000005E+1
-2.000005E+1
-2.000005E+1
-2.000005E+1
-2.000005E+1
-2.000005E+1
-2.000005E+1
-2.000005E+1
-2.000005E+1
-2.000005E+1
-2.000005E+1
-2.000005E+1
-2.000005E+1
-2.000005E+1
-2.000005E+1
-2.000005E+1
-2.000005E+1
-2.000005E+1
-2.000005E+1
-2.000005E+1
-2.000005E+1
-2.000005E+1
-2.000005E+1
-2.000005E+1
-2.000005E+1
-2.000005E+1
-2.000005E+1
-2.000005E+1
-2.000005E+1
-2.000005E+1
-2.000005E+1
-2.000005E+1
-2.000005E+1
-2.000005E+1
-2.000005E+1
-2.000005E+1
-1.309840E+1
-1.146082E+1
-1.062439E+1
-1.015693E+1
-9.873218E+0
-9.752678E+0
-9.773258E+0
-9.934958E+0
-1.027747E+1
-1.083607E+1
-1.178275E+1
-1.360555E+1
-2.000005E+1
-2.000005E+1
-2.000005E+1
-2.000005E+1
-2.000005E+1
-2.000005E+1
-2.000005E+1
-2.000005E+1
-2.000005E+1
-2.000005E+1
-2.000005E+1
-2.000005E+1
-2.000005E+1
-2.000005E+1
-2.000005E+1
-2.000005E+1
-2.000005E+1
-2.000005E+1
-2.000005E+1
-2.000005E+1
-2.000005E+1
-2.000005E+1
-2.000005E+1
-1.426852E+1
-1.292494E+1
-1.240750E+1
-1.254274E+1
-1.328803E+1
-1.698949E+1
-2.000005E+1
-2.000005E+1
-2.000005E+1
-2.000005E+1
-2.000005E+1
-2.000005E+1
-2.000005E+1
-2.000005E+1
-2.000005E+1
-2.000005E+1
-2.000005E+1
-2.000005E+1
-2.000005E+1
-2.000005E+1
-2.000005E+1
-2.000005E+1
-2.000005E+1
-2.000005E+1
-2.000005E+1
-2.000005E+1
-2.000005E+1
-2.000005E+1
-2.000005E+1
-2.000005E+1
-2.000005E+1
-2.000005E+1
-2.000005E+1
-1.479331E+1
-1.268680E+1
-1.183273E+1
-1.146082E+1
-1.129765E+1
-1.129765E+1
-1.137850E+1
-1.154902E+1
-1.183273E+1
-1.227961E+1
-1.309840E+1
-1.522843E+1
-2.000005E+1
-2.000005E+1
-2.000005E+1
-2.000005E+1
-2.000005E+1
-2.000005E+1
-2.000005E+1
-2.000005E+1
-2.000005E+1
-2.000005E+1
-2.000005E+1
-2.000005E+1
-2.000005E+1
-2.000005E+1
-1.121974E+1
-9.695348E+0
-8.858918E+0
-8.337068E+0
-8.026898E+0
-7.874018E+0
-7.866668E+0
-8.000438E+0
-8.276798E+0
-8.722208E+0
-9.396938E+0
-1.045681E+1
-1.240750E+1
-2.000005E+1
-2.000005E+1
-2.000005E+1
-2.000005E+1
-2.000005E+1
-2.000005E+1
-2.000005E+1
-2.000005E+1
-2.000005E+1
-2.000005E+1
-2.000005E+1
-2.000005E+1
-2.000005E+1
-2.000005E+1
-2.000005E+1
-2.000005E+1
-2.000005E+1
-2.000005E+1
-2.000005E+1
-2.000005E+1
-2.000005E+1
-2.000005E+1
-2.000005E+1
-2.000005E+1
-2.000005E+1
-2.000005E+1
-2.000005E+1
-2.000005E+1
-1.650439E+1
-2.000005E+1
-2.000005E+1
-2.000005E+1
-2.000005E+1
-2.000005E+1
-2.000005E+1
-2.000005E+1
-2.000005E+1
-2.000005E+1
-2.000005E+1
-2.000005E+1
-2.000005E+1
-2.000005E+1
-2.000005E+1
-2.000005E+1
-2.000005E+1
-2.000005E+1
-2.000005E+1
-2.000005E+1
-1.411858E+1
-1.338799E+1
-1.338799E+1
-1.443022E+1
-2.000005E+1
-2.000005E+1
-2.000005E+1
-2.000005E+1
-2.000005E+1
-2.000005E+1
-2.000005E+1
-2.000005E+1
-2.000005E+1
-2.000005E+1
-2.000005E+1
-2.000005E+1
-2.000005E+1
-2.000005E+1
-2.000005E+1
-2.000005E+1
-2.000005E+1
-2.000005E+1
-1.261330E+1
-1.114477E+1
-1.051120E+1
-1.025248E+1
-1.027747E+1
-1.051120E+1
-1.093456E+1
-1.154902E+1
-1.234135E+1
-1.338799E+1
-1.426852E+1
-1.443022E+1
-1.372315E+1
-1.261330E+1
-1.159312E+1
-1.077433E+1
-1.010989E+1
-9.639488E+0
-9.299918E+0
-9.119108E+0
-9.061778E+0
-9.148508E+0
-9.346958E+0
-9.676238E+0
-1.010989E+1
-1.062439E+1
-1.121974E+1
-1.183273E+1
-1.240750E+1
-1.276324E+1
-1.292494E+1
-1.309840E+1
-1.319101E+1
-1.349383E+1
-1.384663E+1
-1.443022E+1
-1.548421E+1
-1.698949E+1
-2.000005E+1
-2.000005E+1
-1.849477E+1
-1.577380E+1
-1.443022E+1
-1.349383E+1
-1.301020E+1
-1.276324E+1
-1.284262E+1
-1.360555E+1
-1.650439E+1
-2.000005E+1
-2.000005E+1
-2.000005E+1
-2.000005E+1
-2.000005E+1
-2.000005E+1
-2.000005E+1
-2.000005E+1
-2.000005E+1
-2.000005E+1
-2.000005E+1
-2.000005E+1
-2.000005E+1
-2.000005E+1
-2.000005E+1
-2.000005E+1
-2.000005E+1
-2.000005E+1
-2.000005E+1
-1.650439E+1
-1.309840E+1
-1.178275E+1
-1.100218E+1
-1.051120E+1
-1.020397E+1
-1.010989E+1
-1.025248E+1
-1.071259E+1
-1.154902E+1
-1.328803E+1
-2.000005E+1
-2.000005E+1
-2.000005E+1
-2.000005E+1
-2.000005E+1
-2.000005E+1
-1.384663E+1
-1.163869E+1
-1.065379E+1
-1.008784E+1
-9.811478E+0
-9.773258E+0
-9.999638E+0
-1.059499E+1
-1.183273E+1
-2.000005E+1
-2.000005E+1
-2.000005E+1
-2.000005E+1
-2.000005E+1
-2.000005E+1
-2.000005E+1
-2.000005E+1
-2.000005E+1
-2.000005E+1
-2.000005E+1
-2.000005E+1
-2.000005E+1
-2.000005E+1
-2.000005E+1
-2.000005E+1
-1.411858E+1
-1.221787E+1
-1.137850E+1
-1.090222E+1
-1.065379E+1
-1.056706E+1
-1.068319E+1
-1.100218E+1
-1.168573E+1
-1.319101E+1
-2.000005E+1
-2.000005E+1
-2.000005E+1
-2.000005E+1
-2.000005E+1
-2.000005E+1
-2.000005E+1
-2.000005E+1
-2.000005E+1
-2.000005E+1
-2.000005E+1
-2.000005E+1
-2.000005E+1
-2.000005E+1
-2.000005E+1
-2.000005E+1
-2.000005E+1
-2.000005E+1
-2.000005E+1
-2.000005E+1
-2.000005E+1
-2.000005E+1
-2.000005E+1
-2.000005E+1
-2.000005E+1
-2.000005E+1
-2.000005E+1
-2.000005E+1
-2.000005E+1
-2.000005E+1
-2.000005E+1
-2.000005E+1
-2.000005E+1
-2.000005E+1
-2.000005E+1
-2.000005E+1
-2.000005E+1
-2.000005E+1
-2.000005E+1
-2.000005E+1
-2.000005E+1
-2.000005E+1
-2.000005E+1
-2.000005E+1
-2.000005E+1
-1.384663E+1
-1.163869E+1
-1.059499E+1
-9.977588E+0
-9.567458E+0
-9.283748E+0
-9.104408E+0
-9.019148E+0
-9.005918E+0
-9.047078E+0
-9.163208E+0
-9.363128E+0
-9.621848E+0
-9.955538E+0
-1.037743E+1
-1.080520E+1
-1.129765E+1
-1.183273E+1
-1.227961E+1
-1.261330E+1
-1.276324E+1
-1.301020E+1
-1.349383E+1
-1.499911E+1
-2.000005E+1
-2.000005E+1
-2.000005E+1
-2.000005E+1
-2.000005E+1
-2.000005E+1
-2.000005E+1
-2.000005E+1
-2.000005E+1
-2.000005E+1
-2.000005E+1
-2.000005E+1
-2.000005E+1
-2.000005E+1
-2.000005E+1
-2.000005E+1
-1.548421E+1
-1.137850E+1
-1.010989E+1
-9.429278E+0
-9.061778E+0
-8.898608E+0
-8.885378E+0
-9.019148E+0
-9.299918E+0
-9.695348E+0
-1.022749E+1
-1.090222E+1
-1.183273E+1
-1.309840E+1
-1.522843E+1
-2.000005E+1
-2.000005E+1
-2.000005E+1
-2.000005E+1
-2.000005E+1
-2.000005E+1
-1.522843E+1
-1.360555E+1
-1.276324E+1
-1.234135E+1
-1.221787E+1
-1.227961E+1
-1.276324E+1
-1.384663E+1
-1.698949E+1
-2.000005E+1
-2.000005E+1
-2.000005E+1
-2.000005E+1
-2.000005E+1
-2.000005E+1
-2.000005E+1
-2.000005E+1
-2.000005E+1
-2.000005E+1
-2.000005E+1
-2.000005E+1
-2.000005E+1
-2.000005E+1
-2.000005E+1
-2.000005E+1
-2.000005E+1
-2.000005E+1
