Date/Time	2022-06-24 16:23:48
Line location	1
Line name	A1
OTDR wavelength [nm]	1310
OTDR pulse duration [ns]	2
OTDR scan time [s]	10
OTDR scan length [m]	1.500000E+2
Length offset [m]	0.000000E+0
Length increment [m]	3.996806E-2
Switch ID	VIAVI Solutions,OTU 8000E,11654,FO,16.76
OTDR ID	JDSU,OTU 8000E,11654,OTU(SmartOTU),V7.22

Reflected amplitude [dB]
6.885320E-1
6.826520E-1
6.650120E-1
6.326720E-1
5.915120E-1
5.503520E-1
5.136020E-1
4.842020E-1
4.621520E-1
4.489220E-1
4.445120E-1
4.577420E-1
4.930220E-1
5.385920E-1
5.797520E-1
6.135620E-1
6.400220E-1
6.591320E-1
6.679520E-1
6.576620E-1
6.312020E-1
5.900420E-1
5.385920E-1
4.753820E-1
4.048220E-1
3.269120E-1
2.343020E-1
1.402220E-1
5.496200E-2
-1.706800E-2
-7.733800E-2
-1.273180E-1
-1.684780E-1
-2.008180E-1
-2.287480E-1
-2.507980E-1
-2.684380E-1
-2.831380E-1
-2.963680E-1
-3.066580E-1
-3.169480E-1
-3.257680E-1
-3.360580E-1
-3.448780E-1
-3.551680E-1
-3.654580E-1
-3.742780E-1
-3.860380E-1
-3.963280E-1
-4.095580E-1
-4.227880E-1
-4.360180E-1
-4.507180E-1
-4.668880E-1
-4.815880E-1
-4.977580E-1
-5.153980E-1
-5.315680E-1
-5.492080E-1
-5.668480E-1
-5.844880E-1
-6.006580E-1
-6.168280E-1
-6.315280E-1
-6.447580E-1
-6.550480E-1
-6.638680E-1
-6.697480E-1
-6.741580E-1
-6.770980E-1
-6.800380E-1
-6.815080E-1
-6.815080E-1
-6.815080E-1
-6.815080E-1
-6.800380E-1
-6.770980E-1
-6.741580E-1
-6.697480E-1
-6.638680E-1
-6.594580E-1
-6.550480E-1
-6.506380E-1
-6.462280E-1
-6.432880E-1
-6.418180E-1
-6.403480E-1
-6.418180E-1
-6.432880E-1
-6.462280E-1
-6.506380E-1
-6.535780E-1
-6.579880E-1
-6.623980E-1
-6.668080E-1
-6.712180E-1
-6.756280E-1
-6.815080E-1
-6.859180E-1
-6.917980E-1
-6.962080E-1
-6.991480E-1
-7.006180E-1
-7.006180E-1
-6.976780E-1
-6.917980E-1
-6.859180E-1
-6.770980E-1
-6.682780E-1
-6.594580E-1
-6.506380E-1
-6.432880E-1
-6.359380E-1
-6.285880E-1
-6.227080E-1
-6.168280E-1
-6.109480E-1
-6.050680E-1
-6.006580E-1
-5.977180E-1
-5.947780E-1
-5.933080E-1
-5.947780E-1
-5.962480E-1
-6.006580E-1
-6.065380E-1
-6.138880E-1
-6.227080E-1
-6.315280E-1
-6.418180E-1
-6.521080E-1
-6.609280E-1
-6.697480E-1
-6.800380E-1
-6.888580E-1
-7.006180E-1
-7.109080E-1
-7.226680E-1
-7.329580E-1
-7.432480E-1
-7.505980E-1
-7.564780E-1
-7.579480E-1
-7.579480E-1
-7.550080E-1
-6.462280E-1
-1.817080E-1
7.208720E-1
1.855712E+0
3.000842E+0
4.044542E+0
4.945652E+0
5.704172E+0
6.336272E+0
6.864002E+0
7.299122E+0
7.647512E+0
7.913582E+0
8.104682E+0
8.225222E+0
8.282552E+0
8.282552E+0
8.228162E+0
8.122322E+0
7.966502E+0
7.762172E+0
7.510802E+0
7.215332E+0
6.878702E+0
6.500912E+0
6.086372E+0
5.640962E+0
5.172032E+0
4.683992E+0
4.187132E+0
3.687332E+0
3.199292E+0
2.743592E+0
2.333462E+0
1.974782E+0
1.673432E+0
1.422062E+0
1.210382E+0
1.025162E+0
8.590520E-1
6.929420E-1
5.224220E-1
3.548420E-1
1.975520E-1
4.026200E-2
-1.096780E-1
-2.419780E-1
-3.551680E-1
-4.463080E-1
-5.212780E-1
-5.800780E-1
-6.256480E-1
-6.609280E-1
-6.873880E-1
-7.064980E-1
-7.197280E-1
-7.300180E-1
-7.358980E-1
-7.417780E-1
-7.461880E-1
-7.505980E-1
-7.550080E-1
-7.594180E-1
-7.652980E-1
-7.711780E-1
-7.755880E-1
-7.799980E-1
-7.829380E-1
-7.844080E-1
-7.858780E-1
-7.858780E-1
-7.844080E-1
-7.814680E-1
-7.770580E-1
-7.741180E-1
-7.682380E-1
-7.638280E-1
-7.579480E-1
-7.520680E-1
-7.461880E-1
-7.403080E-1
-7.329580E-1
-7.270780E-1
-7.226680E-1
-7.182580E-1
-7.153180E-1
-7.167880E-1
-7.197280E-1
-7.270780E-1
-7.358980E-1
-7.491280E-1
-7.623580E-1
-7.770580E-1
-7.917580E-1
-8.049880E-1
-8.152780E-1
-8.226280E-1
-8.285080E-1
-8.314480E-1
-8.314480E-1
-8.314480E-1
-8.299780E-1
-8.285080E-1
-8.285080E-1
-8.270380E-1
-8.285080E-1
-8.285080E-1
-8.314480E-1
-8.329180E-1
-8.358580E-1
-8.373280E-1
-8.373280E-1
-8.373280E-1
-8.358580E-1
-8.343880E-1
-8.314480E-1
-8.299780E-1
-8.299780E-1
-8.314480E-1
-8.358580E-1
-8.417380E-1
-8.505580E-1
-8.608480E-1
-8.726080E-1
-8.828980E-1
-8.917180E-1
-8.975980E-1
-9.005380E-1
-9.005380E-1
-8.961280E-1
-8.887780E-1
-8.784880E-1
-8.667280E-1
-8.520280E-1
-8.387980E-1
-8.240980E-1
-8.108680E-1
-8.005780E-1
-7.917580E-1
-7.829380E-1
-7.785280E-1
-7.741180E-1
-7.697080E-1
-7.667680E-1
-7.652980E-1
-7.623580E-1
-7.608880E-1
-7.608880E-1
-7.623580E-1
-7.652980E-1
-7.697080E-1
-7.755880E-1
-7.844080E-1
-7.946980E-1
-8.049880E-1
-8.138080E-1
-8.226280E-1
-8.299780E-1
-8.358580E-1
-8.387980E-1
-8.402680E-1
-8.417380E-1
-8.402680E-1
-8.402680E-1
-8.402680E-1
-8.417380E-1
-8.432080E-1
-8.446780E-1
-8.461480E-1
-8.461480E-1
-8.461480E-1
-8.446780E-1
-8.417380E-1
-8.373280E-1
-8.314480E-1
-8.270380E-1
-8.211580E-1
-8.182180E-1
-8.138080E-1
-8.123380E-1
-8.123380E-1
-8.123380E-1
-8.152780E-1
-8.182180E-1
-8.226280E-1
-8.285080E-1
-8.358580E-1
-8.432080E-1
-8.505580E-1
-8.579080E-1
-8.637880E-1
-8.681980E-1
-8.681980E-1
-8.667280E-1
-8.608480E-1
-8.520280E-1
-8.402680E-1
-8.270380E-1
-8.138080E-1
-8.005780E-1
-7.873480E-1
-7.755880E-1
-7.652980E-1
-7.564780E-1
-7.476580E-1
-7.403080E-1
-7.329580E-1
-7.270780E-1
-7.211980E-1
-7.182580E-1
-7.167880E-1
-7.167880E-1
-7.211980E-1
-7.300180E-1
-7.417780E-1
-7.564780E-1
-7.741180E-1
-7.946980E-1
-8.138080E-1
-8.343880E-1
-8.520280E-1
-8.667280E-1
-8.799580E-1
-8.887780E-1
-8.946580E-1
-8.990680E-1
-9.005380E-1
-9.005380E-1
-9.005380E-1
-9.005380E-1
-9.020080E-1
-9.034780E-1
-9.064180E-1
-9.108280E-1
-9.152380E-1
-9.196480E-1
-9.240580E-1
-9.255280E-1
-9.240580E-1
-9.196480E-1
-9.122980E-1
-9.005380E-1
-8.873080E-1
-8.726080E-1
-8.579080E-1
-8.446780E-1
-8.314480E-1
-8.211580E-1
-8.123380E-1
-8.064580E-1
-8.035180E-1
-8.020480E-1
-8.020480E-1
-8.049880E-1
-8.093980E-1
-8.138080E-1
-8.182180E-1
-8.211580E-1
-8.240980E-1
-8.240980E-1
-8.226280E-1
-8.167480E-1
-8.093980E-1
-7.991080E-1
-7.888180E-1
-7.770580E-1
-7.652980E-1
-7.550080E-1
-7.461880E-1
-7.388380E-1
-7.344280E-1
-7.329580E-1
-7.314880E-1
-7.314880E-1
-7.314880E-1
-7.329580E-1
-7.344280E-1
-7.373680E-1
-7.417780E-1
-7.476580E-1
-7.564780E-1
-7.667680E-1
-7.799980E-1
-7.946980E-1
-8.079280E-1
-8.211580E-1
-8.329180E-1
-8.417380E-1
-8.490880E-1
-8.534980E-1
-8.564380E-1
-8.564380E-1
-8.549680E-1
-8.520280E-1
-8.476180E-1
-8.417380E-1
-8.343880E-1
-8.255680E-1
-8.182180E-1
-8.108680E-1
-8.049880E-1
-8.005780E-1
-8.005780E-1
-8.020480E-1
-8.064580E-1
-8.123380E-1
-8.196880E-1
-8.270380E-1
-8.343880E-1
-8.402680E-1
-8.432080E-1
-8.461480E-1
-8.461480E-1
-8.446780E-1
-8.417380E-1
-8.387980E-1
-8.343880E-1
-8.299780E-1
-8.255680E-1
-8.211580E-1
-8.182180E-1
-8.152780E-1
-8.123380E-1
-8.123380E-1
-8.123380E-1
-8.152780E-1
-8.196880E-1
-8.240980E-1
-8.299780E-1
-8.358580E-1
-8.417380E-1
-8.461480E-1
-8.490880E-1
-8.520280E-1
-8.520280E-1
-8.520280E-1
-8.520280E-1
-8.520280E-1
-8.534980E-1
-8.549680E-1
-8.593780E-1
-8.637880E-1
-8.667280E-1
-8.696680E-1
-8.711380E-1
-8.711380E-1
-8.696680E-1
-8.667280E-1
-8.623180E-1
-8.593780E-1
-8.564380E-1
-8.534980E-1
-8.534980E-1
-8.549680E-1
-8.564380E-1
-8.593780E-1
-8.637880E-1
-8.681980E-1
-8.711380E-1
-8.740780E-1
-8.770180E-1
-8.770180E-1
-8.770180E-1
-8.755480E-1
-8.726080E-1
-8.667280E-1
-8.593780E-1
-8.505580E-1
-8.402680E-1
-8.285080E-1
-8.167480E-1
-8.064580E-1
-7.991080E-1
-7.932280E-1
-7.917580E-1
-7.917580E-1
-7.961680E-1
-8.020480E-1
-8.093980E-1
-8.182180E-1
-8.270380E-1
-8.343880E-1
-8.417380E-1
-8.476180E-1
-8.520280E-1
-8.549680E-1
-8.564380E-1
-8.549680E-1
-8.505580E-1
-8.446780E-1
-8.358580E-1
-8.255680E-1
-8.138080E-1
-8.005780E-1
-7.858780E-1
-7.726480E-1
-7.594180E-1
-7.476580E-1
-7.358980E-1
-7.285480E-1
-7.241380E-1
-7.211980E-1
-7.211980E-1
-7.256080E-1
-7.314880E-1
-7.403080E-1
-7.505980E-1
-7.608880E-1
-7.726480E-1
-7.844080E-1
-7.961680E-1
-8.079280E-1
-8.196880E-1
-8.314480E-1
-8.446780E-1
-8.579080E-1
-8.711380E-1
-8.814280E-1
-8.902480E-1
-8.975980E-1
-9.005380E-1
-8.990680E-1
-8.931880E-1
-8.843680E-1
-8.740780E-1
-8.623180E-1
-8.505580E-1
-8.402680E-1
-8.314480E-1
-8.255680E-1
-8.196880E-1
-8.167480E-1
-8.123380E-1
-8.093980E-1
-8.064580E-1
-8.020480E-1
-7.991080E-1
-7.961680E-1
-7.946980E-1
-7.932280E-1
-7.932280E-1
-7.946980E-1
-7.976380E-1
-7.991080E-1
-8.020480E-1
-8.049880E-1
-8.064580E-1
-8.079280E-1
-8.079280E-1
-8.079280E-1
-8.064580E-1
-8.035180E-1
-8.005780E-1
-7.961680E-1
-7.917580E-1
-7.844080E-1
-7.755880E-1
-7.667680E-1
-7.564780E-1
-7.447180E-1
-7.344280E-1
-7.270780E-1
-7.197280E-1
-7.153180E-1
-7.153180E-1
-7.167880E-1
-7.226680E-1
-7.314880E-1
-7.432480E-1
-7.579480E-1
-7.755880E-1
-7.946980E-1
-8.138080E-1
-8.329180E-1
-8.490880E-1
-8.652580E-1
-8.755480E-1
-8.828980E-1
-8.858380E-1
-8.873080E-1
-8.858380E-1
-8.828980E-1
-8.799580E-1
-8.755480E-1
-8.726080E-1
-8.667280E-1
-8.623180E-1
-8.549680E-1
-8.476180E-1
-8.402680E-1
-8.314480E-1
-8.240980E-1
-8.182180E-1
-8.138080E-1
-8.138080E-1
-8.138080E-1
-8.182180E-1
-8.240980E-1
-8.314480E-1
-8.402680E-1
-8.490880E-1
-8.564380E-1
-8.637880E-1
-8.681980E-1
-8.711380E-1
-8.711380E-1
-8.667280E-1
-8.608480E-1
-8.520280E-1
-8.432080E-1
-8.329180E-1
-8.255680E-1
-8.182180E-1
-8.138080E-1
-8.108680E-1
-8.108680E-1
-8.138080E-1
-8.167480E-1
-8.211580E-1
-8.240980E-1
-8.270380E-1
-8.285080E-1
-8.270380E-1
-8.255680E-1
-8.226280E-1
-8.196880E-1
-8.138080E-1
-8.093980E-1
-8.035180E-1
-7.991080E-1
-7.946980E-1
-7.902880E-1
-7.858780E-1
-7.814680E-1
-7.785280E-1
-7.741180E-1
-7.711780E-1
-7.682380E-1
-7.667680E-1
-7.667680E-1
-7.682380E-1
-7.726480E-1
-7.785280E-1
-7.858780E-1
-7.961680E-1
-8.079280E-1
-8.196880E-1
-8.314480E-1
-8.402680E-1
-8.476180E-1
-8.505580E-1
-8.520280E-1
-8.505580E-1
-8.476180E-1
-8.432080E-1
-8.402680E-1
-8.373280E-1
-8.358580E-1
-8.358580E-1
-8.373280E-1
-8.387980E-1
-8.387980E-1
-8.387980E-1
-8.373280E-1
-8.343880E-1
-8.314480E-1
-8.285080E-1
-8.255680E-1
-8.240980E-1
-8.240980E-1
-8.240980E-1
-8.255680E-1
-8.255680E-1
-8.255680E-1
-8.226280E-1
-8.196880E-1
-8.138080E-1
-8.064580E-1
-8.005780E-1
-7.961680E-1
-7.946980E-1
-7.961680E-1
-8.005780E-1
-8.079280E-1
-8.182180E-1
-8.285080E-1
-8.387980E-1
-8.490880E-1
-8.564380E-1
-8.623180E-1
-8.652580E-1
-8.681980E-1
-8.696680E-1
-8.696680E-1
-8.696680E-1
-8.681980E-1
-8.652580E-1
-8.608480E-1
-8.579080E-1
-8.534980E-1
-8.476180E-1
-8.446780E-1
-8.417380E-1
-8.387980E-1
-8.358580E-1
-8.329180E-1
-8.299780E-1
-8.240980E-1
-8.167480E-1
-8.064580E-1
-7.946980E-1
-7.799980E-1
-7.667680E-1
-7.535380E-1
-7.417780E-1
-7.329580E-1
-7.285480E-1
-7.270780E-1
-7.300180E-1
-7.358980E-1
-7.447180E-1
-7.550080E-1
-7.652980E-1
-7.755880E-1
-7.829380E-1
-7.888180E-1
-7.932280E-1
-7.946980E-1
-7.961680E-1
-7.961680E-1
-7.961680E-1
-7.976380E-1
-7.991080E-1
-8.005780E-1
-8.035180E-1
-8.079280E-1
-8.138080E-1
-8.196880E-1
-8.255680E-1
-8.314480E-1
-8.387980E-1
-8.476180E-1
-8.579080E-1
-8.681980E-1
-8.814280E-1
-8.946580E-1
-9.078880E-1
-9.211180E-1
-9.314080E-1
-9.372880E-1
-9.387580E-1
-9.358180E-1
-9.284680E-1
-9.167080E-1
-9.034780E-1
-8.873080E-1
-8.726080E-1
-8.593780E-1
-8.490880E-1
-8.417380E-1
-8.373280E-1
-8.358580E-1
-8.373280E-1
-8.417380E-1
-8.476180E-1
-8.534980E-1
-8.593780E-1
-8.637880E-1
-8.667280E-1
-8.667280E-1
-8.637880E-1
-8.564380E-1
-8.461480E-1
-8.329180E-1
-8.167480E-1
-8.005780E-1
-7.844080E-1
-7.711780E-1
-7.594180E-1
-7.520680E-1
-7.505980E-1
-7.520680E-1
-7.564780E-1
-7.623580E-1
-7.711780E-1
-7.785280E-1
-7.858780E-1
-7.917580E-1
-7.961680E-1
-7.991080E-1
-8.005780E-1
-8.005780E-1
-7.991080E-1
-7.976380E-1
-7.961680E-1
-7.946980E-1
-7.932280E-1
-7.917580E-1
-7.917580E-1
-7.917580E-1
-7.917580E-1
-7.946980E-1
-7.991080E-1
-8.035180E-1
-8.093980E-1
-8.167480E-1
-8.240980E-1
-8.299780E-1
-8.373280E-1
-8.417380E-1
-8.461480E-1
-8.476180E-1
-8.490880E-1
-8.490880E-1
-8.490880E-1
-8.476180E-1
-8.461480E-1
-8.446780E-1
-8.432080E-1
-8.432080E-1
-8.417380E-1
-8.402680E-1
-8.373280E-1
-8.343880E-1
-8.314480E-1
-8.285080E-1
-8.240980E-1
-8.211580E-1
-8.182180E-1
-8.138080E-1
-8.123380E-1
-8.108680E-1
-8.093980E-1
-8.108680E-1
-8.123380E-1
-8.167480E-1
-8.211580E-1
-8.270380E-1
-8.343880E-1
-8.432080E-1
-8.505580E-1
-8.579080E-1
-8.637880E-1
-8.652580E-1
-8.652580E-1
-8.623180E-1
-8.564380E-1
-8.490880E-1
-8.417380E-1
-8.358580E-1
-8.299780E-1
-8.285080E-1
-8.285080E-1
-8.314480E-1
-8.358580E-1
-8.432080E-1
-8.490880E-1
-8.534980E-1
-8.579080E-1
-8.623180E-1
-8.637880E-1
-8.652580E-1
-8.652580E-1
-8.652580E-1
-8.667280E-1
-8.696680E-1
-8.711380E-1
-8.755480E-1
-8.799580E-1
-8.843680E-1
-8.887780E-1
-8.946580E-1
-8.990680E-1
-9.034780E-1
-9.064180E-1
-9.078880E-1
-9.078880E-1
-9.064180E-1
-9.049480E-1
-9.005380E-1
-8.946580E-1
-8.873080E-1
-8.799580E-1
-8.696680E-1
-8.608480E-1
-8.520280E-1
-8.432080E-1
-8.358580E-1
-8.314480E-1
-8.299780E-1
-8.299780E-1
-8.314480E-1
-8.358580E-1
-8.417380E-1
-8.461480E-1
-8.505580E-1
-8.534980E-1
-8.549680E-1
-8.549680E-1
-8.534980E-1
-8.505580E-1
-8.476180E-1
-8.446780E-1
-8.417380E-1
-8.402680E-1
-8.387980E-1
-8.373280E-1
-8.373280E-1
-8.373280E-1
-8.343880E-1
-8.314480E-1
-8.255680E-1
-8.182180E-1
-8.093980E-1
-8.005780E-1
-7.932280E-1
-7.858780E-1
-7.814680E-1
-7.799980E-1
-7.785280E-1
-7.799980E-1
-7.814680E-1
-7.829380E-1
-7.844080E-1
-7.858780E-1
-7.858780E-1
-7.858780E-1
-7.873480E-1
-7.888180E-1
-7.917580E-1
-7.946980E-1
-8.005780E-1
-8.079280E-1
-8.152780E-1
-8.240980E-1
-8.329180E-1
-8.402680E-1
-8.476180E-1
-8.549680E-1
-8.608480E-1
-8.652580E-1
-8.667280E-1
-8.681980E-1
-8.652580E-1
-8.608480E-1
-8.549680E-1
-8.490880E-1
-8.417380E-1
-8.343880E-1
-8.285080E-1
-8.255680E-1
-8.240980E-1
-8.226280E-1
-8.226280E-1
-8.226280E-1
-8.211580E-1
-8.182180E-1
-8.138080E-1
-8.079280E-1
-8.020480E-1
-7.961680E-1
-7.917580E-1
-7.873480E-1
-7.858780E-1
-7.873480E-1
-7.888180E-1
-7.932280E-1
-7.976380E-1
-8.035180E-1
-8.093980E-1
-8.152780E-1
-8.211580E-1
-8.270380E-1
-8.329180E-1
-8.402680E-1
-8.476180E-1
-8.549680E-1
-8.637880E-1
-8.740780E-1
-8.843680E-1
-8.931880E-1
-9.020080E-1
-9.108280E-1
-9.181780E-1
-9.255280E-1
-9.343480E-1
-9.431680E-1
-9.534580E-1
-9.666880E-1
-9.828580E-1
-1.000498E+0
-1.021078E+0
-1.043128E+0
-1.068118E+0
-1.094578E+0
-1.122508E+0
-1.151908E+0
-1.181308E+0
-1.212178E+0
-1.241578E+0
-1.270978E+0
-1.297438E+0
-1.320958E+0
-1.341538E+0
-1.357708E+0
-1.370938E+0
-1.381228E+0
-1.390048E+0
-1.394458E+0
-1.398868E+0
-1.403278E+0
-1.406218E+0
-1.407688E+0
-1.410628E+0
-1.413568E+0
-1.417978E+0
-1.422388E+0
-1.428268E+0
-1.435618E+0
-1.445908E+0
-1.456198E+0
-1.467958E+0
-1.481188E+0
-1.495888E+0
-1.509118E+0
-1.520878E+0
-1.532638E+0
-1.542928E+0
-1.550278E+0
-1.556158E+0
-1.560568E+0
-1.563508E+0
-1.566448E+0
-1.566448E+0
-1.566448E+0
-1.566448E+0
-1.566448E+0
-1.566448E+0
-1.566448E+0
-1.566448E+0
-1.569388E+0
-1.573798E+0
-1.578208E+0
-1.587028E+0
-1.595848E+0
-1.606138E+0
-1.617898E+0
-1.629658E+0
-1.641418E+0
-1.650238E+0
-1.657588E+0
-1.663468E+0
-1.667878E+0
-1.672288E+0
-1.672288E+0
-1.672288E+0
-1.672288E+0
-1.667878E+0
-1.664938E+0
-1.659058E+0
-1.653178E+0
-1.648768E+0
-1.644358E+0
-1.641418E+0
-1.642888E+0
-1.645828E+0
-1.653178E+0
-1.663468E+0
-1.675228E+0
-1.688458E+0
-1.701688E+0
-1.713448E+0
-1.723738E+0
-1.732558E+0
-1.736968E+0
-1.741378E+0
-1.742848E+0
-1.742848E+0
-1.742848E+0
-1.741378E+0
-1.742848E+0
-1.745788E+0
-1.748728E+0
-1.754608E+0
-1.760488E+0
-1.767838E+0
-1.773718E+0
-1.779598E+0
-1.782538E+0
-1.782538E+0
-1.779598E+0
-1.775188E+0
-1.767838E+0
-1.757548E+0
-1.748728E+0
-1.741378E+0
-1.736968E+0
-1.734028E+0
-1.736968E+0
-1.742848E+0
-1.751668E+0
-1.763428E+0
-1.776658E+0
-1.789888E+0
-1.801648E+0
-1.811938E+0
-1.816348E+0
-1.817818E+0
-1.816348E+0
-1.810468E+0
-1.804588E+0
-1.795768E+0
-1.788418E+0
-1.781068E+0
-1.775188E+0
-1.770778E+0
-1.767838E+0
-1.764898E+0
-1.763428E+0
-1.763428E+0
-1.763428E+0
-1.763428E+0
-1.766368E+0
-1.767838E+0
-1.772248E+0
-1.778128E+0
-1.785478E+0
-1.794298E+0
-1.803118E+0
-1.813408E+0
-1.825168E+0
-1.835458E+0
-1.844278E+0
-1.853098E+0
-1.860448E+0
-1.864858E+0
-1.869268E+0
-1.870738E+0
-1.873678E+0
-1.873678E+0
-1.873678E+0
-1.872208E+0
-1.870738E+0
-1.867798E+0
-1.863388E+0
-1.860448E+0
-1.856038E+0
-1.853098E+0
-1.850158E+0
-1.850158E+0
-1.851628E+0
-1.854568E+0
-1.858978E+0
-1.866328E+0
-1.873678E+0
-1.881028E+0
-1.886908E+0
-1.891318E+0
-1.894258E+0
-1.894258E+0
-1.889848E+0
-1.882498E+0
-1.873678E+0
-1.863388E+0
-1.851628E+0
-1.841338E+0
-1.831048E+0
-1.822228E+0
-1.817818E+0
-1.816348E+0
-1.816348E+0
-1.822228E+0
-1.829578E+0
-1.839868E+0
-1.853098E+0
-1.864858E+0
-1.876618E+0
-1.888378E+0
-1.898668E+0
-1.907488E+0
-1.914838E+0
-1.923658E+0
-1.931008E+0
-1.939828E+0
-1.948648E+0
-1.957468E+0
-1.967758E+0
-1.978048E+0
-1.989808E+0
-2.001568E+0
-2.013328E+0
-2.025088E+0
-2.036848E+0
-2.047138E+0
-2.055958E+0
-2.063308E+0
-2.066248E+0
-2.066248E+0
-2.066248E+0
-2.064778E+0
-2.063308E+0
-2.063308E+0
-2.066248E+0
-2.069188E+0
-2.072128E+0
-2.075068E+0
-2.075068E+0
-2.073598E+0
-2.069188E+0
-2.063308E+0
-2.054488E+0
-2.047138E+0
-2.039788E+0
-2.033908E+0
-2.030968E+0
-2.028028E+0
-2.029498E+0
-2.030968E+0
-2.033908E+0
-2.039788E+0
-2.045668E+0
-2.053018E+0
-2.061838E+0
-2.070658E+0
-2.079478E+0
-2.088298E+0
-2.094178E+0
-2.097118E+0
-2.097118E+0
-2.095648E+0
-2.091238E+0
-2.086828E+0
-2.082418E+0
-2.078008E+0
-2.078008E+0
-2.078008E+0
-2.082418E+0
-2.086828E+0
-2.091238E+0
-2.097118E+0
-2.101528E+0
-2.104468E+0
-2.105938E+0
-2.107408E+0
-2.108878E+0
-2.110348E+0
-2.114758E+0
-2.120638E+0
-2.129458E+0
-2.142688E+0
-2.158858E+0
-2.176498E+0
-2.198548E+0
-2.219128E+0
-2.239708E+0
-2.258818E+0
-2.274988E+0
-2.286748E+0
-2.292628E+0
-2.294098E+0
-2.292628E+0
-2.286748E+0
-2.279398E+0
-2.272048E+0
-2.264698E+0
-2.255878E+0
-2.249998E+0
-2.244118E+0
-2.238238E+0
-2.232358E+0
-2.226478E+0
-2.220598E+0
-2.214718E+0
-2.207368E+0
-2.200018E+0
-2.195608E+0
-2.191198E+0
-2.189728E+0
-2.192668E+0
-2.198548E+0
-2.207368E+0
-2.220598E+0
-2.235298E+0
-2.254408E+0
-2.273518E+0
-2.294098E+0
-2.313208E+0
-2.329378E+0
-2.341138E+0
-2.349958E+0
-2.351428E+0
-2.348488E+0
-2.339668E+0
-2.324968E+0
-2.308798E+0
-2.288218E+0
-2.266168E+0
-2.244118E+0
-2.220598E+0
-2.198548E+0
-2.179438E+0
-2.163268E+0
-2.150038E+0
-2.141218E+0
-2.136808E+0
-2.136808E+0
-2.139748E+0
-2.147098E+0
-2.158858E+0
-2.172088E+0
-2.185318E+0
-2.201488E+0
-2.217658E+0
-2.235298E+0
-2.251468E+0
-2.267638E+0
-2.283808E+0
-2.299978E+0
-2.316148E+0
-2.332318E+0
-2.348488E+0
-2.364658E+0
-2.380828E+0
-2.395528E+0
-2.407288E+0
-2.414638E+0
-2.416108E+0
-2.413168E+0
-2.405818E+0
-2.395528E+0
-2.383768E+0
-2.373478E+0
-2.366128E+0
-2.363188E+0
-2.364658E+0
-2.370538E+0
-2.379358E+0
-2.389648E+0
-2.401408E+0
-2.411698E+0
-2.421988E+0
-2.430808E+0
-2.438158E+0
-2.445508E+0
-2.451388E+0
-2.458738E+0
-2.466088E+0
-2.471968E+0
-2.477848E+0
-2.483728E+0
-2.486668E+0
-2.488138E+0
-2.488138E+0
-2.485198E+0
-2.480788E+0
-2.473438E+0
-2.464618E+0
-2.455798E+0
-2.445508E+0
-2.436688E+0
-2.426398E+0
-2.419048E+0
-2.411698E+0
-2.407288E+0
-2.402878E+0
-2.401408E+0
-2.399938E+0
-2.399938E+0
-2.399938E+0
-2.399938E+0
-2.399938E+0
-2.398468E+0
-2.394058E+0
-2.386708E+0
-2.376418E+0
-2.366128E+0
-2.352898E+0
-2.341138E+0
-2.332318E+0
-2.326438E+0
-2.327908E+0
-2.333788E+0
-2.347018E+0
-2.364658E+0
-2.388178E+0
-2.414638E+0
-2.442568E+0
-2.467558E+0
-2.491078E+0
-2.508718E+0
-2.520478E+0
-2.526358E+0
-2.526358E+0
-2.521948E+0
-2.514598E+0
-2.505778E+0
-2.498428E+0
-2.495488E+0
-2.496958E+0
-2.501368E+0
-2.511658E+0
-2.524888E+0
-2.539588E+0
-2.554288E+0
-2.567518E+0
-2.577808E+0
-2.585158E+0
-2.588098E+0
-2.586628E+0
-2.579278E+0
-2.568988E+0
-2.555758E+0
-2.542528E+0
-2.532238E+0
-2.521948E+0
-2.516068E+0
-2.514598E+0
-2.516068E+0
-2.521948E+0
-2.527828E+0
-2.536648E+0
-2.543998E+0
-2.552818E+0
-2.564578E+0
-2.576338E+0
-2.589568E+0
-2.604268E+0
-2.620438E+0
-2.636608E+0
-2.652778E+0
-2.666008E+0
-2.676298E+0
-2.685118E+0
-2.689528E+0
-2.690998E+0
-2.689528E+0
-2.685118E+0
-2.676298E+0
-2.663068E+0
-2.646898E+0
-2.627788E+0
-2.608678E+0
-2.591038E+0
-2.574868E+0
-2.564578E+0
-2.560168E+0
-2.563108E+0
-2.573398E+0
-2.588098E+0
-2.608678E+0
-2.630728E+0
-2.654248E+0
-2.674828E+0
-2.692468E+0
-2.704228E+0
-2.711578E+0
-2.714518E+0
-2.711578E+0
-2.702758E+0
-2.692468E+0
-2.676298E+0
-2.658658E+0
-2.641018E+0
-2.624848E+0
-2.611618E+0
-2.601328E+0
-2.596918E+0
-2.595448E+0
-2.601328E+0
-2.608678E+0
-2.618968E+0
-2.630728E+0
-2.643958E+0
-2.657188E+0
-2.668948E+0
-2.679238E+0
-2.686588E+0
-2.692468E+0
-2.692468E+0
-2.690998E+0
-2.686588E+0
-2.679238E+0
-2.673358E+0
-2.670418E+0
-2.670418E+0
-2.676298E+0
-2.686588E+0
-2.702758E+0
-2.721868E+0
-2.742448E+0
-2.763028E+0
-2.779198E+0
-2.790958E+0
-2.798308E+0
-2.799778E+0
-2.796838E+0
-2.789488E+0
-2.780668E+0
-2.773318E+0
-2.767438E+0
-2.764498E+0
-2.764498E+0
-2.768908E+0
-2.776258E+0
-2.783608E+0
-2.792428E+0
-2.799778E+0
-2.804188E+0
-2.805658E+0
-2.807128E+0
-2.805658E+0
-2.805658E+0
-2.805658E+0
-2.807128E+0
-2.810068E+0
-2.814478E+0
-2.821828E+0
-2.827708E+0
-2.836528E+0
-2.843878E+0
-2.852698E+0
-2.860048E+0
-2.867398E+0
-2.873278E+0
-2.876218E+0
-2.879158E+0
-2.877688E+0
-2.874748E+0
-2.868868E+0
-2.861518E+0
-2.854168E+0
-2.848288E+0
-2.845348E+0
-2.842408E+0
-2.845348E+0
-2.849758E+0
-2.857108E+0
-2.867398E+0
-2.876218E+0
-2.883568E+0
-2.890918E+0
-2.895328E+0
-2.896798E+0
-2.896798E+0
-2.895328E+0
-2.893858E+0
-2.893858E+0
-2.893858E+0
-2.896798E+0
-2.898268E+0
-2.902678E+0
-2.904148E+0
-2.902678E+0
-2.901208E+0
-2.895328E+0
-2.887978E+0
-2.879158E+0
-2.870338E+0
-2.862988E+0
-2.858578E+0
-2.858578E+0
-2.862988E+0
-2.871808E+0
-2.883568E+0
-2.898268E+0
-2.915908E+0
-2.930608E+0
-2.943838E+0
-2.951188E+0
-2.955598E+0
-2.957068E+0
-2.958538E+0
-2.958538E+0
-2.961478E+0
-2.968828E+0
-2.982058E+0
-3.001168E+0
-3.023218E+0
-3.048208E+0
-3.073198E+0
-3.095248E+0
-3.114358E+0
-3.127588E+0
-3.134938E+0
-3.134938E+0
-3.129058E+0
-3.118768E+0
-3.105538E+0
-3.087898E+0
-3.067318E+0
-3.046738E+0
-3.026158E+0
-3.005578E+0
-2.984998E+0
-2.968828E+0
-2.955598E+0
-2.945308E+0
-2.940898E+0
-2.940898E+0
-2.945308E+0
-2.955598E+0
-2.968828E+0
-2.987938E+0
-3.008518E+0
-3.030568E+0
-3.054088E+0
-3.076138E+0
-3.096718E+0
-3.115828E+0
-3.131998E+0
-3.146698E+0
-3.158458E+0
-3.165808E+0
-3.170218E+0
-3.168748E+0
-3.162868E+0
-3.149638E+0
-3.133468E+0
-3.112888E+0
-3.092308E+0
-3.074668E+0
-3.059968E+0
-3.051148E+0
-3.048208E+0
-3.052618E+0
-3.062908E+0
-3.076138E+0
-3.090838E+0
-3.108478E+0
-3.123178E+0
-3.137878E+0
-3.154048E+0
-3.168748E+0
-3.183448E+0
-3.199618E+0
-3.215788E+0
-3.234898E+0
-3.254008E+0
-3.274588E+0
-3.292228E+0
-3.306928E+0
-3.318688E+0
-3.326038E+0
-3.324568E+0
-3.315748E+0
-3.299578E+0
-3.274588E+0
-3.243718E+0
-3.206968E+0
-3.168748E+0
-3.131998E+0
-3.101128E+0
-3.077608E+0
-3.067318E+0
-3.070258E+0
-3.087898E+0
-3.118768E+0
-3.161398E+0
-3.208438E+0
-3.258418E+0
-3.301048E+0
-3.333388E+0
-3.353968E+0
-3.361318E+0
-3.358378E+0
-3.349558E+0
-3.337798E+0
-3.327508E+0
-3.323098E+0
-3.321628E+0
-3.321628E+0
-3.323098E+0
-3.321628E+0
-3.314278E+0
-3.301048E+0
-3.284878E+0
-3.267238E+0
-3.251068E+0
-3.240778E+0
-3.239308E+0
-3.246658E+0
-3.261358E+0
-3.283408E+0
-3.306928E+0
-3.328978E+0
-3.345148E+0
-3.356908E+0
-3.361318E+0
-3.359848E+0
-3.355438E+0
-3.351028E+0
-3.349558E+0
-3.352498E+0
-3.359848E+0
-3.371608E+0
-3.381898E+0
-3.390718E+0
-3.393658E+0
-3.389248E+0
-3.376018E+0
-3.353968E+0
-3.327508E+0
-3.298108E+0
-3.270178E+0
-3.243718E+0
-3.224608E+0
-3.211378E+0
-3.206968E+0
-3.211378E+0
-3.221668E+0
-3.239308E+0
-3.262828E+0
-3.290758E+0
-3.318688E+0
-3.345148E+0
-3.367198E+0
-3.384838E+0
-3.393658E+0
-3.395128E+0
-3.389248E+0
-3.378958E+0
-3.365728E+0
-3.352498E+0
-3.339268E+0
-3.327508E+0
-3.317218E+0
-3.306928E+0
-3.293698E+0
-3.276058E+0
-3.254008E+0
-3.224608E+0
-3.189328E+0
-3.149638E+0
-3.109948E+0
-3.073198E+0
-3.040858E+0
-3.020278E+0
-3.014398E+0
-3.027628E+0
-3.059968E+0
-3.109948E+0
-3.179038E+0
-3.278998E+0
-3.415708E+0
-3.589168E+0
-3.800848E+0
-4.058098E+0
-4.362388E+0
-4.704898E+0
-5.079748E+0
-5.485468E+0
-5.938228E+0
-6.443908E+0
-7.008388E+0
-7.628728E+0
-8.301988E+0
-9.016408E+0
-9.752878E+0
-1.047759E+1
-1.112439E+1
-1.160802E+1
-1.183734E+1
-1.175796E+1
-1.136841E+1
-1.085244E+1
-1.033206E+1
-9.846958E+0
-9.477988E+0
-9.235438E+0
-9.116368E+0
-9.151648E+0
-9.347158E+0
-9.752878E+0
-1.041438E+1
-1.150218E+1
-1.369101E+1
-2.050005E+1
-2.050005E+1
-2.050005E+1
-2.050005E+1
-2.050005E+1
-2.050005E+1
-1.627380E+1
-1.290750E+1
-1.175796E+1
-1.118319E+1
-1.101120E+1
-1.112439E+1
-1.160802E+1
-1.284135E+1
-2.050005E+1
-2.050005E+1
-2.050005E+1
-2.050005E+1
-2.050005E+1
-2.050005E+1
-2.050005E+1
-2.050005E+1
-2.050005E+1
-2.050005E+1
-2.050005E+1
-2.050005E+1
-2.050005E+1
-2.050005E+1
-2.050005E+1
-2.050005E+1
-2.050005E+1
-2.050005E+1
-2.050005E+1
-2.050005E+1
-2.050005E+1
-2.050005E+1
-2.050005E+1
-2.050005E+1
-2.050005E+1
-2.050005E+1
-2.050005E+1
-2.050005E+1
-2.050005E+1
-2.050005E+1
-2.050005E+1
-2.050005E+1
-2.050005E+1
-2.050005E+1
-2.050005E+1
-2.050005E+1
-2.050005E+1
-2.050005E+1
-2.050005E+1
-2.050005E+1
-2.050005E+1
-2.050005E+1
-1.627380E+1
-1.248855E+1
-1.106706E+1
-1.012185E+1
-9.438298E+0
-8.939968E+0
-8.588638E+0
-8.382838E+0
-8.294638E+0
-8.334328E+0
-8.491618E+0
-8.776798E+0
-9.210448E+0
-9.783748E+0
-1.049964E+1
-1.127433E+1
-1.196082E+1
-1.213869E+1
-1.171974E+1
-1.095681E+1
-1.017624E+1
-9.533848E+0
-9.048748E+0
-8.690068E+0
-8.466628E+0
-8.366668E+0
-8.382838E+0
-8.509258E+0
-8.757688E+0
-9.104608E+0
-9.533848E+0
-1.003218E+1
-1.052169E+1
-1.090389E+1
-1.106706E+1
-1.095681E+1
-1.063341E+1
-1.021446E+1
-9.816088E+0
-9.477988E+0
-9.210448E+0
-9.026698E+0
-8.919388E+0
-8.909098E+0
-8.994358E+0
-9.186928E+0
-9.477988E+0
-9.879298E+0
-1.039380E+1
-1.101120E+1
-1.171974E+1
-1.248855E+1
-1.318680E+1
-1.378803E+1
-1.447893E+1
-1.572843E+1
-1.899477E+1
-2.050005E+1
-2.050005E+1
-2.050005E+1
-2.050005E+1
-2.050005E+1
-2.050005E+1
-1.899477E+1
-1.369101E+1
-1.218573E+1
-1.136841E+1
-1.087743E+1
-1.058784E+1
-1.052169E+1
-1.058784E+1
-1.080099E+1
-1.112439E+1
-1.153746E+1
-1.200492E+1
-1.248855E+1
-1.290750E+1
-1.304274E+1
-1.290750E+1
-1.260027E+1
-1.218573E+1
-1.179765E+1
-1.146837E+1
-1.118319E+1
-1.093035E+1
-1.072749E+1
-1.049964E+1
-1.025268E+1
-9.946918E+0
-9.619108E+0
-9.295708E+0
-8.994358E+0
-8.747398E+0
-8.562178E+0
-8.448988E+0
-8.415178E+0
-8.448988E+0
-8.518078E+0
-8.616568E+0
-8.709178E+0
-8.757688E+0
-8.767978E+0
-8.747398E+0
-8.709178E+0
-8.681248E+0
-8.690068E+0
-8.747398E+0
-8.867938E+0
-9.048748E+0
-9.272188E+0
-9.505918E+0
-9.738178E+0
-9.896938E+0
-9.980728E+0
-9.946918E+0
-9.846958E+0
-9.707308E+0
-9.575008E+0
-9.505918E+0
-9.505918E+0
-9.619108E+0
-9.913108E+0
-1.047759E+1
-1.157274E+1
-1.476852E+1
-2.050005E+1
-2.050005E+1
-2.050005E+1
-2.050005E+1
-2.050005E+1
-2.050005E+1
-2.050005E+1
-2.050005E+1
-2.050005E+1
-2.050005E+1
-2.050005E+1
-2.050005E+1
-2.050005E+1
-2.050005E+1
-1.318680E+1
-1.187850E+1
-1.127433E+1
-1.103913E+1
-1.101120E+1
-1.109499E+1
-1.127433E+1
-1.150218E+1
-1.179765E+1
-1.204902E+1
-1.223277E+1
-1.238271E+1
-1.254441E+1
-1.260027E+1
-1.265907E+1
-1.260027E+1
-1.243563E+1
-1.213869E+1
-1.179765E+1
-1.143456E+1
-1.106706E+1
-1.075248E+1
-1.049964E+1
-1.031148E+1
-1.019535E+1
-1.012185E+1
-1.010274E+1
-1.013949E+1
-1.023357E+1
-1.037322E+1
-1.060989E+1
-1.095681E+1
-1.143456E+1
-1.223277E+1
-1.369101E+1
-2.050005E+1
-2.050005E+1
-2.050005E+1
-2.050005E+1
-2.050005E+1
-2.050005E+1
-2.050005E+1
-2.050005E+1
-2.050005E+1
-2.050005E+1
-2.050005E+1
-2.050005E+1
-2.050005E+1
-2.050005E+1
-2.050005E+1
-2.050005E+1
-2.050005E+1
-2.050005E+1
-2.050005E+1
-1.422315E+1
-1.277961E+1
-1.209312E+1
-1.168152E+1
-1.140222E+1
-1.118319E+1
-1.101120E+1
-1.087743E+1
-1.077747E+1
-1.072749E+1
-1.072749E+1
-1.080099E+1
-1.093035E+1
-1.115379E+1
-1.153746E+1
-1.209312E+1
-1.311330E+1
-1.549911E+1
-2.050005E+1
-2.050005E+1
-2.050005E+1
-2.050005E+1
-2.050005E+1
-2.050005E+1
-2.050005E+1
-2.050005E+1
-2.050005E+1
-2.050005E+1
-2.050005E+1
-1.434663E+1
-1.200492E+1
-1.095681E+1
-1.029237E+1
-9.863128E+0
-9.561778E+0
-9.385378E+0
-9.333928E+0
-9.385378E+0
-9.519148E+0
-9.738178E+0
-1.001454E+1
-1.037322E+1
-1.072749E+1
-1.106706E+1
-1.133607E+1
-1.150218E+1
-1.160802E+1
-1.164477E+1
-1.168152E+1
-1.171974E+1
-1.179765E+1
-1.200492E+1
-1.238271E+1
-1.290750E+1
-1.378803E+1
-1.529331E+1
-2.050005E+1
-2.050005E+1
-2.050005E+1
-2.050005E+1
-2.050005E+1
-1.549911E+1
-1.351020E+1
-1.238271E+1
-1.168152E+1
-1.118319E+1
-1.082745E+1
-1.054374E+1
-1.031148E+1
-1.008510E+1
-9.879298E+0
-9.677908E+0
-9.519148E+0
-9.398608E+0
-9.358918E+0
-9.425068E+0
-9.604408E+0
-9.929278E+0
-1.043496E+1
-1.115379E+1
-1.209312E+1
-1.326324E+1
-1.434663E+1
-1.434663E+1
-1.318680E+1
-1.204902E+1
-1.115379E+1
-1.049964E+1
-1.004982E+1
-9.769048E+0
-9.604408E+0
-9.561778E+0
-9.604408E+0
-9.722008E+0
-9.846958E+0
-9.980728E+0
-1.008510E+1
-1.012185E+1
-1.008510E+1
-9.946918E+0
-9.783748E+0
-9.633808E+0
-9.492688E+0
-9.398608E+0
-9.347158E+0
-9.372148E+0
-9.492688E+0
-9.707308E+0
-1.004982E+1
-1.054374E+1
-1.124346E+1
-1.238271E+1
-1.476852E+1
-2.050005E+1
-2.050005E+1
-2.050005E+1
-2.050005E+1
-2.050005E+1
-2.050005E+1
-2.050005E+1
-2.050005E+1
-2.050005E+1
-2.050005E+1
-2.050005E+1
-2.050005E+1
-2.050005E+1
-2.050005E+1
-2.050005E+1
-2.050005E+1
-2.050005E+1
-2.050005E+1
-2.050005E+1
-2.050005E+1
-2.050005E+1
-2.050005E+1
-2.050005E+1
-2.050005E+1
-2.050005E+1
-2.050005E+1
-2.050005E+1
-2.050005E+1
-2.050005E+1
-2.050005E+1
-2.050005E+1
-1.748949E+1
-1.334262E+1
-1.218573E+1
-1.160802E+1
-1.118319E+1
-1.090389E+1
-1.070397E+1
-1.054374E+1
-1.043496E+1
-1.035264E+1
-1.029237E+1
-1.027326E+1
-1.029237E+1
-1.035264E+1
-1.043496E+1
-1.058784E+1
-1.077747E+1
-1.101120E+1
-1.130520E+1
-1.160802E+1
-1.191966E+1
-1.218573E+1
-1.228275E+1
-1.223277E+1
-1.200492E+1
-1.168152E+1
-1.127433E+1
-1.090389E+1
-1.058784E+1
-1.031148E+1
-1.008510E+1
-9.929278E+0
-9.863128E+0
-9.896938E+0
-1.006746E+1
-1.043496E+1
-1.115379E+1
-1.271787E+1
-2.050005E+1
-2.050005E+1
-2.050005E+1
-2.050005E+1
-2.050005E+1
-2.050005E+1
-2.050005E+1
-2.050005E+1
-2.050005E+1
-2.050005E+1
-2.050005E+1
-2.050005E+1
-2.050005E+1
-1.434663E+1
-1.209312E+1
-1.118319E+1
-1.070397E+1
-1.045554E+1
-1.041438E+1
-1.054374E+1
-1.085244E+1
-1.136841E+1
-1.218573E+1
-1.359840E+1
-1.811424E+1
-2.050005E+1
-2.050005E+1
-2.050005E+1
-2.050005E+1
-2.050005E+1
-2.050005E+1
-2.050005E+1
-2.050005E+1
-2.050005E+1
-2.050005E+1
-2.050005E+1
-2.050005E+1
-2.050005E+1
-2.050005E+1
-2.050005E+1
-2.050005E+1
-2.050005E+1
-2.050005E+1
-2.050005E+1
-2.050005E+1
-1.476852E+1
-1.290750E+1
-1.179765E+1
-1.106706E+1
-1.054374E+1
-1.017624E+1
-9.929278E+0
-9.816088E+0
-9.783748E+0
-9.846958E+0
-9.996898E+0
-1.021446E+1
-1.052169E+1
-1.087743E+1
-1.130520E+1
-1.179765E+1
-1.228275E+1
-1.284135E+1
-1.326324E+1
-1.359840E+1
-1.378803E+1
-1.351020E+1
-1.318680E+1
-1.271787E+1
-1.228275E+1
-1.196082E+1
-1.171974E+1
-1.160802E+1
-1.168152E+1
-1.200492E+1
-1.277961E+1
-1.461858E+1
-2.050005E+1
-2.050005E+1
-2.050005E+1
-2.050005E+1
-2.050005E+1
-2.050005E+1
-2.050005E+1
-2.050005E+1
-2.050005E+1
-2.050005E+1
-2.050005E+1
-1.378803E+1
-1.175796E+1
-1.080099E+1
-1.025268E+1
-9.946918E+0
-9.799918E+0
-9.799918E+0
-9.913108E+0
-1.015860E+1
-1.052169E+1
-1.101120E+1
-1.168152E+1
-1.260027E+1
-1.399383E+1
-1.700439E+1
-2.050005E+1
-2.050005E+1
-2.050005E+1
-2.050005E+1
-2.050005E+1
-2.050005E+1
-2.050005E+1
-2.050005E+1
-2.050005E+1
-2.050005E+1
-2.050005E+1
-2.050005E+1
-2.050005E+1
-2.050005E+1
-2.050005E+1
-2.050005E+1
-1.627380E+1
-1.238271E+1
-1.095681E+1
-1.008510E+1
-9.492688E+0
-9.094318E+0
-8.857648E+0
-8.747398E+0
-8.738578E+0
-8.837068E+0
-9.048748E+0
-9.358918E+0
-9.752878E+0
-1.019535E+1
-1.065693E+1
-1.106706E+1
-1.136841E+1
-1.150218E+1
-1.143456E+1
-1.127433E+1
-1.112439E+1
-1.101120E+1
-1.095681E+1
-1.095681E+1
-1.106706E+1
-1.121259E+1
-1.140222E+1
-1.157274E+1
-1.171974E+1
-1.183734E+1
-1.183734E+1
-1.175796E+1
-1.164477E+1
-1.157274E+1
-1.146837E+1
-1.140222E+1
-1.136841E+1
-1.140222E+1
-1.150218E+1
-1.168152E+1
-1.196082E+1
-1.248855E+1
-1.334262E+1
-1.529331E+1
-2.050005E+1
-2.050005E+1
-2.050005E+1
-2.050005E+1
-2.050005E+1
-2.050005E+1
-2.050005E+1
-2.050005E+1
-2.050005E+1
-2.050005E+1
-2.050005E+1
-2.050005E+1
-2.050005E+1
-1.351020E+1
-1.191966E+1
-1.109499E+1
-1.058784E+1
-1.027326E+1
-1.006746E+1
-9.946918E+0
-9.896938E+0
-9.913108E+0
-9.980728E+0
-1.013949E+1
-1.039380E+1
-1.075248E+1
-1.127433E+1
-1.200492E+1
-1.326324E+1
-1.598421E+1
-2.050005E+1
-2.050005E+1
-2.050005E+1
-2.050005E+1
-2.050005E+1
-2.050005E+1
-2.050005E+1
-2.050005E+1
-2.050005E+1
-2.050005E+1
-2.050005E+1
-2.050005E+1
-2.050005E+1
-2.050005E+1
-2.050005E+1
-2.050005E+1
-2.050005E+1
-2.050005E+1
-2.050005E+1
-2.050005E+1
-2.050005E+1
-1.447893E+1
-1.157274E+1
-1.047759E+1
-9.896938E+0
-9.604408E+0
-9.505918E+0
-9.575008E+0
-9.846958E+0
-1.033206E+1
-1.112439E+1
-1.248855E+1
-1.660896E+1
-2.050005E+1
-2.050005E+1
-2.050005E+1
-2.050005E+1
-2.050005E+1
-2.050005E+1
-2.050005E+1
-2.050005E+1
-2.050005E+1
-1.811424E+1
-1.510368E+1
-1.447893E+1
-1.476852E+1
-1.660896E+1
-2.050005E+1
-2.050005E+1
-2.050005E+1
-2.050005E+1
-2.050005E+1
-2.050005E+1
-2.050005E+1
-2.050005E+1
-2.050005E+1
-2.050005E+1
-2.050005E+1
-2.050005E+1
-2.050005E+1
-2.050005E+1
-2.050005E+1
-2.050005E+1
-2.050005E+1
-2.050005E+1
-2.050005E+1
-2.050005E+1
-2.050005E+1
-2.050005E+1
-2.050005E+1
-2.050005E+1
-2.050005E+1
-2.050005E+1
-2.050005E+1
-2.050005E+1
-2.050005E+1
-2.050005E+1
-2.050005E+1
-2.050005E+1
-2.050005E+1
-2.050005E+1
-2.050005E+1
-2.050005E+1
-2.050005E+1
-2.050005E+1
-2.050005E+1
-2.050005E+1
-2.050005E+1
-2.050005E+1
-2.050005E+1
-2.050005E+1
-2.050005E+1
-2.050005E+1
-2.050005E+1
-2.050005E+1
-2.050005E+1
-2.050005E+1
-1.265907E+1
-1.121259E+1
-1.047759E+1
-1.004982E+1
-9.799918E+0
-9.692608E+0
-9.663208E+0
-9.692608E+0
-9.722008E+0
-9.752878E+0
-9.752878E+0
-9.707308E+0
-9.633808E+0
-9.547078E+0
-9.464758E+0
-9.411838E+0
-9.411838E+0
-9.464758E+0
-9.575008E+0
-9.738178E+0
-9.929278E+0
-1.013949E+1
-1.033206E+1
-1.043496E+1
-1.047759E+1
-1.047759E+1
-1.041438E+1
-1.037322E+1
-1.035264E+1
-1.041438E+1
-1.056579E+1
-1.082745E+1
-1.118319E+1
-1.160802E+1
-1.213869E+1
-1.260027E+1
-1.284135E+1
-1.265907E+1
-1.223277E+1
-1.164477E+1
-1.103913E+1
-1.052169E+1
-1.008510E+1
-9.769048E+0
-9.547078E+0
-9.425068E+0
-9.385378E+0
-9.451528E+0
-9.619108E+0
-9.896938E+0
-1.029237E+1
-1.082745E+1
-1.157274E+1
-1.260027E+1
-1.410555E+1
-1.748949E+1
-2.050005E+1
-2.050005E+1
-2.050005E+1
-2.050005E+1
-2.050005E+1
-2.050005E+1
-2.050005E+1
-2.050005E+1
-2.050005E+1
-2.050005E+1
-2.050005E+1
-2.050005E+1
-2.050005E+1
-2.050005E+1
-2.050005E+1
-2.050005E+1
-2.050005E+1
-2.050005E+1
-2.050005E+1
-2.050005E+1
-2.050005E+1
-2.050005E+1
-2.050005E+1
-2.050005E+1
-2.050005E+1
-2.050005E+1
-2.050005E+1
-2.050005E+1
-2.050005E+1
-2.050005E+1
-2.050005E+1
-2.050005E+1
-2.050005E+1
-2.050005E+1
-2.050005E+1
-2.050005E+1
-2.050005E+1
-2.050005E+1
-2.050005E+1
-1.493022E+1
-1.351020E+1
-1.260027E+1
-1.187850E+1
-1.130520E+1
-1.085244E+1
-1.045554E+1
-1.017624E+1
-9.996898E+0
-9.913108E+0
-9.879298E+0
-9.879298E+0
-9.896938E+0
-9.879298E+0
-9.830788E+0
-9.722008E+0
-9.547078E+0
-9.358918E+0
-9.163408E+0
-8.982598E+0
-8.847358E+0
-8.747398E+0
-8.700358E+0
-8.690068E+0
-8.728288E+0
-8.797378E+0
-8.888518E+0
-8.994358E+0
-9.104608E+0
-9.198688E+0
-9.295708E+0
-9.385378E+0
-9.477988E+0
-9.604408E+0
-9.769048E+0
-1.003218E+1
-1.041438E+1
-1.101120E+1
-1.191966E+1
-1.359840E+1
-2.050005E+1
-2.050005E+1
-2.050005E+1
-2.050005E+1
-2.050005E+1
-2.050005E+1
-2.050005E+1
-2.050005E+1
-2.050005E+1
-2.050005E+1
-2.050005E+1
-2.050005E+1
-2.050005E+1
-2.050005E+1
-2.050005E+1
-1.627380E+1
-1.369101E+1
-1.228275E+1
-1.133607E+1
-1.063341E+1
-1.012185E+1
-9.752878E+0
-9.464758E+0
-9.272188E+0
-9.151648E+0
-9.104608E+0
-9.139888E+0
-9.258958E+0
-9.464758E+0
-9.769048E+0
-1.023357E+1
-1.087743E+1
-1.187850E+1
-1.399383E+1
-2.050005E+1
-2.050005E+1
-2.050005E+1
-2.050005E+1
-2.050005E+1
-2.050005E+1
-2.050005E+1
-2.050005E+1
-2.050005E+1
-2.050005E+1
-2.050005E+1
-2.050005E+1
-2.050005E+1
-2.050005E+1
-2.050005E+1
-2.050005E+1
-1.260027E+1
-1.098327E+1
-1.015860E+1
-9.648508E+0
-9.347158E+0
-9.175168E+0
-9.128128E+0
-9.175168E+0
-9.322168E+0
-9.604408E+0
-1.003218E+1
-1.068045E+1
-1.171974E+1
-1.410555E+1
-2.050005E+1
-2.050005E+1
-2.050005E+1
-2.050005E+1
-2.050005E+1
-2.050005E+1
-2.050005E+1
-2.050005E+1
-2.050005E+1
-2.050005E+1
-2.050005E+1
-2.050005E+1
-2.050005E+1
-2.050005E+1
-2.050005E+1
-2.050005E+1
-2.050005E+1
-2.050005E+1
-2.050005E+1
-2.050005E+1
-2.050005E+1
-2.050005E+1
-2.050005E+1
-2.050005E+1
-2.050005E+1
-2.050005E+1
-2.050005E+1
-2.050005E+1
-2.050005E+1
-2.050005E+1
-2.050005E+1
-1.748949E+1
-1.493022E+1
-1.342494E+1
-1.228275E+1
-1.143456E+1
-1.072749E+1
-1.013949E+1
-9.707308E+0
-9.398608E+0
-9.198688E+0
-9.094318E+0
-9.104608E+0
-9.222208E+0
-9.464758E+0
-9.879298E+0
-1.052169E+1
-1.164477E+1
-1.461858E+1
-2.050005E+1
-2.050005E+1
-2.050005E+1
-2.050005E+1
-2.050005E+1
-2.050005E+1
-2.050005E+1
-2.050005E+1
-2.050005E+1
-2.050005E+1
-2.050005E+1
-2.050005E+1
-2.050005E+1
-2.050005E+1
-2.050005E+1
-2.050005E+1
-2.050005E+1
-1.369101E+1
-1.157274E+1
-1.056579E+1
-9.946918E+0
-9.519148E+0
-9.235438E+0
-9.070798E+0
-9.016408E+0
-9.070798E+0
-9.247198E+0
-9.547078E+0
-1.001454E+1
-1.063341E+1
-1.146837E+1
-1.238271E+1
-1.311330E+1
-1.311330E+1
-1.233273E+1
-1.130520E+1
-1.037322E+1
-9.589708E+0
-8.972308E+0
-8.500438E+0
-8.143228E+0
-7.880098E+0
-7.705168E+0
-7.611088E+0
-7.589038E+0
-7.628728E+0
-7.711048E+0
-7.841878E+0
-8.000638E+0
-8.187328E+0
-8.382838E+0
-8.579818E+0
-8.767978E+0
-8.962018E+0
-9.139888E+0
-9.295708E+0
-9.438298E+0
-9.575008E+0
-9.738178E+0
-9.929278E+0
-1.013949E+1
-1.037322E+1
-1.068045E+1
-1.103913E+1
-1.146837E+1
-1.191966E+1
-1.238271E+1
-1.290750E+1
-1.342494E+1
-1.399383E+1
-1.447893E+1
-1.493022E+1
-1.549911E+1
-1.627380E+1
-1.748949E+1
-2.050005E+1
-2.050005E+1
-2.050005E+1
-2.050005E+1
-2.050005E+1
-2.050005E+1
-2.050005E+1
-2.050005E+1
-2.050005E+1
-2.050005E+1
-2.050005E+1
-2.050005E+1
-2.050005E+1
-2.050005E+1
-2.050005E+1
-2.050005E+1
-2.050005E+1
-2.050005E+1
-2.050005E+1
-1.529331E+1
-1.196082E+1
-1.065693E+1
-9.913108E+0
-9.464758E+0
-9.198688E+0
-9.094318E+0
-9.116368E+0
-9.235438E+0
-9.451528E+0
-9.738178E+0
-1.003218E+1
-1.031148E+1
-1.052169E+1
-1.060989E+1
-1.056579E+1
-1.041438E+1
-1.021446E+1
-1.001454E+1
-9.816088E+0
-9.633808E+0
-9.505918E+0
-9.411838E+0
-9.372148E+0
-9.398608E+0
-9.464758E+0
-9.575008E+0
-9.738178E+0
-9.929278E+0
-1.010274E+1
-1.021446E+1
-1.021446E+1
-1.012185E+1
-9.929278E+0
-9.722008E+0
-9.519148E+0
-9.372148E+0
-9.308938E+0
-9.333928E+0
-9.451528E+0
-9.648508E+0
-9.946918E+0
-1.031148E+1
-1.075248E+1
-1.124346E+1
-1.179765E+1
-1.233273E+1
-1.290750E+1
-1.351020E+1
-1.422315E+1
-1.493022E+1
-1.598421E+1
-1.899477E+1
-2.050005E+1
-2.050005E+1
-2.050005E+1
-2.050005E+1
-2.050005E+1
-2.050005E+1
-2.050005E+1
-2.050005E+1
-2.050005E+1
-2.050005E+1
-2.050005E+1
-2.050005E+1
-2.050005E+1
-2.050005E+1
-2.050005E+1
-2.050005E+1
-2.050005E+1
-2.050005E+1
-2.050005E+1
-2.050005E+1
-2.050005E+1
-2.050005E+1
-2.050005E+1
-2.050005E+1
-2.050005E+1
-2.050005E+1
-2.050005E+1
-2.050005E+1
-2.050005E+1
-2.050005E+1
-2.050005E+1
-2.050005E+1
-2.050005E+1
-2.050005E+1
-2.050005E+1
-2.050005E+1
-1.549911E+1
-1.388799E+1
-1.290750E+1
-1.223277E+1
-1.168152E+1
-1.133607E+1
-1.112439E+1
-1.106706E+1
-1.112439E+1
-1.127433E+1
-1.153746E+1
-1.179765E+1
-1.209312E+1
-1.218573E+1
-1.209312E+1
-1.183734E+1
-1.150218E+1
-1.118319E+1
-1.087743E+1
-1.063341E+1
-1.043496E+1
-1.025268E+1
-1.006746E+1
-9.879298E+0
-9.663208E+0
-9.425068E+0
-9.198688E+0
-9.016408E+0
-8.898808E+0
-8.867938E+0
-8.939968E+0
-9.128128E+0
-9.492688E+0
-1.010274E+1
-1.115379E+1
-1.351020E+1
-2.050005E+1
-2.050005E+1
-2.050005E+1
-2.050005E+1
-2.050005E+1
-2.050005E+1
-2.050005E+1
-2.050005E+1
-2.050005E+1
-2.050005E+1
-2.050005E+1
-2.050005E+1
-2.050005E+1
-1.476852E+1
-1.150218E+1
-1.031148E+1
-9.692608E+0
-9.333928E+0
-9.163408E+0
-9.151648E+0
-9.272188E+0
-9.505918E+0
-9.846958E+0
-1.023357E+1
-1.063341E+1
-1.098327E+1
-1.121259E+1
-1.124346E+1
-1.112439E+1
-1.090389E+1
-1.070397E+1
-1.052169E+1
-1.041438E+1
-1.037322E+1
-1.039380E+1
-1.045554E+1
-1.052169E+1
-1.054374E+1
-1.045554E+1
-1.029237E+1
-1.004982E+1
-9.783748E+0
-9.561778E+0
-9.411838E+0
-9.372148E+0
-9.451528E+0
-9.663208E+0
-1.003218E+1
-1.060989E+1
-1.143456E+1
-1.265907E+1
-1.434663E+1
-1.811424E+1
-2.050005E+1
-2.050005E+1
-2.050005E+1
-1.598421E+1
-1.461858E+1
-1.378803E+1
-1.318680E+1
-1.254441E+1
-1.191966E+1
-1.124346E+1
-1.063341E+1
-1.006746E+1
-9.589708E+0
-9.198688E+0
-8.919388E+0
-8.757688E+0
-8.728288E+0
-8.826778E+0
-9.082558E+0
-9.547078E+0
-1.029237E+1
-1.153746E+1
-1.447893E+1
-2.050005E+1
-2.050005E+1
-2.050005E+1
-2.050005E+1
-2.050005E+1
-2.050005E+1
-2.050005E+1
-2.050005E+1
-2.050005E+1
-2.050005E+1
-2.050005E+1
-2.050005E+1
-2.050005E+1
-2.050005E+1
-2.050005E+1
-2.050005E+1
-2.050005E+1
-2.050005E+1
-2.050005E+1
-2.050005E+1
-1.510368E+1
-1.271787E+1
-1.175796E+1
-1.115379E+1
-1.077747E+1
-1.049964E+1
-1.033206E+1
-1.021446E+1
-1.013949E+1
-1.010274E+1
-1.008510E+1
-1.010274E+1
-1.010274E+1
-1.012185E+1
-1.012185E+1
-1.015860E+1
-1.023357E+1
-1.037322E+1
-1.060989E+1
-1.098327E+1
-1.153746E+1
-1.238271E+1
-1.399383E+1
-2.050005E+1
-2.050005E+1
-2.050005E+1
-2.050005E+1
-2.050005E+1
-2.050005E+1
-2.050005E+1
-2.050005E+1
-2.050005E+1
-2.050005E+1
-2.050005E+1
-2.050005E+1
-2.050005E+1
-2.050005E+1
-2.050005E+1
-2.050005E+1
-2.050005E+1
-2.050005E+1
-2.050005E+1
-2.050005E+1
-2.050005E+1
-2.050005E+1
-2.050005E+1
-2.050005E+1
-2.050005E+1
-1.549911E+1
-1.304274E+1
-1.223277E+1
-1.187850E+1
-1.179765E+1
-1.187850E+1
-1.209312E+1
-1.238271E+1
-1.271787E+1
-1.304274E+1
-1.326324E+1
-1.334262E+1
-1.318680E+1
-1.297365E+1
-1.277961E+1
-1.260027E+1
-1.260027E+1
-1.284135E+1
-1.359840E+1
-1.627380E+1
-2.050005E+1
-2.050005E+1
-2.050005E+1
-2.050005E+1
-2.050005E+1
-2.050005E+1
-2.050005E+1
-2.050005E+1
-2.050005E+1
-2.050005E+1
-2.050005E+1
-2.050005E+1
-2.050005E+1
-2.050005E+1
-2.050005E+1
-2.050005E+1
-2.050005E+1
-2.050005E+1
-2.050005E+1
-2.050005E+1
-2.050005E+1
-2.050005E+1
-2.050005E+1
-2.050005E+1
-2.050005E+1
-2.050005E+1
-2.050005E+1
-2.050005E+1
-2.050005E+1
-1.700439E+1
-1.510368E+1
-1.369101E+1
-1.260027E+1
-1.183734E+1
-1.127433E+1
-1.090389E+1
-1.072749E+1
-1.072749E+1
-1.085244E+1
-1.109499E+1
-1.143456E+1
-1.179765E+1
-1.204902E+1
-1.209312E+1
-1.187850E+1
-1.157274E+1
-1.124346E+1
-1.103913E+1
-1.098327E+1
-1.115379E+1
-1.157274E+1
-1.248855E+1
-1.476852E+1
-2.050005E+1
-2.050005E+1
-2.050005E+1
-2.050005E+1
-2.050005E+1
-2.050005E+1
-1.476852E+1
-1.187850E+1
-1.060989E+1
-9.816088E+0
-9.295708E+0
-8.962018E+0
-8.767978E+0
-8.709178E+0
-8.787088E+0
-9.004648E+0
-9.398608E+0
-1.001454E+1
-1.103913E+1
-1.304274E+1
-2.050005E+1
-2.050005E+1
-2.050005E+1
-2.050005E+1
-2.050005E+1
-2.050005E+1
-2.050005E+1
-2.050005E+1
-2.050005E+1
-2.050005E+1
-2.050005E+1
-2.050005E+1
-2.050005E+1
-2.050005E+1
-2.050005E+1
-2.050005E+1
-2.050005E+1
-2.050005E+1
-2.050005E+1
-2.050005E+1
-2.050005E+1
-2.050005E+1
-2.050005E+1
-2.050005E+1
-2.050005E+1
-1.700439E+1
-1.228275E+1
-1.090389E+1
-1.012185E+1
-9.648508E+0
-9.347158E+0
-9.186928E+0
-9.139888E+0
-9.151648E+0
-9.210448E+0
-9.247198E+0
-9.235438E+0
-9.139888E+0
-8.939968E+0
-8.681248E+0
-8.374018E+0
-8.084428E+0
-7.816888E+0
-7.589038E+0
-7.418518E+0
-7.311208E+0
-7.262698E+0
-7.277398E+0
-7.367068E+0
-7.533178E+0
-7.784548E+0
-8.135878E+0
-8.597458E+0
-9.210448E+0
-1.001454E+1
-1.103913E+1
-1.238271E+1
-1.410555E+1
-1.627380E+1
-1.627380E+1
-1.461858E+1
-1.326324E+1
-1.233273E+1
-1.168152E+1
-1.121259E+1
-1.085244E+1
-1.056579E+1
-1.031148E+1
-1.010274E+1
-9.929278E+0
-9.799918E+0
-9.692608E+0
-9.633808E+0
-9.633808E+0
-9.707308E+0
-9.846958E+0
-1.001454E+1
-1.019535E+1
-1.035264E+1
-1.049964E+1
-1.056579E+1
-1.056579E+1
-1.049964E+1
-1.039380E+1
-1.029237E+1
-1.023357E+1
-1.017624E+1
-1.019535E+1
-1.025268E+1
-1.035264E+1
-1.052169E+1
-1.070397E+1
-1.090389E+1
-1.106706E+1
-1.121259E+1
-1.124346E+1
-1.118319E+1
-1.106706E+1
-1.090389E+1
-1.077747E+1
-1.070397E+1
-1.070397E+1
-1.087743E+1
-1.127433E+1
-1.200492E+1
-1.351020E+1
-2.050005E+1
-2.050005E+1
-2.050005E+1
-2.050005E+1
-2.050005E+1
-2.050005E+1
-2.050005E+1
-2.050005E+1
-2.050005E+1
-2.050005E+1
-2.050005E+1
-2.050005E+1
-2.050005E+1
-2.050005E+1
-2.050005E+1
-2.050005E+1
-2.050005E+1
-2.050005E+1
-2.050005E+1
-2.050005E+1
-2.050005E+1
-2.050005E+1
-2.050005E+1
-2.050005E+1
-2.050005E+1
-2.050005E+1
-2.050005E+1
-2.050005E+1
-2.050005E+1
-2.050005E+1
-2.050005E+1
-2.050005E+1
-2.050005E+1
-2.050005E+1
-2.050005E+1
-2.050005E+1
-2.050005E+1
-2.050005E+1
-2.050005E+1
-2.050005E+1
-2.050005E+1
-2.050005E+1
-2.050005E+1
-2.050005E+1
-2.050005E+1
-2.050005E+1
-2.050005E+1
-2.050005E+1
-2.050005E+1
-2.050005E+1
-2.050005E+1
-1.510368E+1
-1.318680E+1
-1.233273E+1
-1.183734E+1
-1.160802E+1
-1.157274E+1
-1.175796E+1
-1.218573E+1
-1.284135E+1
-1.378803E+1
-1.493022E+1
-1.529331E+1
-1.447893E+1
-1.311330E+1
-1.204902E+1
-1.115379E+1
-1.052169E+1
-1.004982E+1
-9.752878E+0
-9.589708E+0
-9.547078E+0
-9.633808E+0
-9.863128E+0
-1.023357E+1
-1.082745E+1
-1.179765E+1
-1.378803E+1
-2.050005E+1
-2.050005E+1
-2.050005E+1
-2.050005E+1
-2.050005E+1
-2.050005E+1
-2.050005E+1
-2.050005E+1
-2.050005E+1
-2.050005E+1
-2.050005E+1
-2.050005E+1
-2.050005E+1
-1.378803E+1
-1.209312E+1
-1.130520E+1
-1.090389E+1
-1.070397E+1
-1.063341E+1
-1.065693E+1
-1.072749E+1
-1.087743E+1
-1.109499E+1
-1.143456E+1
-1.187850E+1
-1.271787E+1
-1.447893E+1
-2.050005E+1
-2.050005E+1
-2.050005E+1
-2.050005E+1
-2.050005E+1
-2.050005E+1
-2.050005E+1
-2.050005E+1
-2.050005E+1
-2.050005E+1
-2.050005E+1
-2.050005E+1
-1.748949E+1
-1.493022E+1
-1.410555E+1
-1.342494E+1
-1.284135E+1
-1.223277E+1
-1.164477E+1
-1.106706E+1
-1.056579E+1
-1.012185E+1
-9.752878E+0
-9.477988E+0
-9.258958E+0
-9.128128E+0
-9.048748E+0
-9.048748E+0
-9.116368E+0
-9.283948E+0
-9.575008E+0
-1.001454E+1
-1.072749E+1
-1.196082E+1
-1.572843E+1
-2.050005E+1
-2.050005E+1
-2.050005E+1
-2.050005E+1
-2.050005E+1
-2.050005E+1
-2.050005E+1
-2.050005E+1
-2.050005E+1
-2.050005E+1
-2.050005E+1
-2.050005E+1
-1.598421E+1
-1.271787E+1
-1.168152E+1
-1.109499E+1
-1.075248E+1
-1.049964E+1
-1.029237E+1
-1.006746E+1
-9.816088E+0
-9.547078E+0
-9.283948E+0
-9.038458E+0
-8.837068E+0
-8.670958E+0
-8.562178E+0
-8.500438E+0
-8.475448E+0
-8.482798E+0
-8.518078E+0
-8.553358E+0
-8.588638E+0
-8.607748E+0
-8.625388E+0
-8.643028E+0
-8.670958E+0
-8.719468E+0
-8.787088E+0
-8.898808E+0
-9.048748E+0
-9.247198E+0
-9.492688E+0
-9.816088E+0
-1.019535E+1
-1.065693E+1
-1.124346E+1
-1.200492E+1
-1.297365E+1
-1.447893E+1
-1.811424E+1
-2.050005E+1
-2.050005E+1
-2.050005E+1
-2.050005E+1
-2.050005E+1
-2.050005E+1
-2.050005E+1
-2.050005E+1
-2.050005E+1
-2.050005E+1
-1.660896E+1
-1.326324E+1
-1.183734E+1
-1.085244E+1
-1.013949E+1
-9.589708E+0
-9.151648E+0
-8.797378E+0
-8.535718E+0
-8.350498E+0
-8.240248E+0
-8.216728E+0
-8.263768E+0
-8.391658E+0
-8.616568E+0
-8.929678E+0
-9.347158E+0
-9.879298E+0
-1.054374E+1
-1.136841E+1
-1.243563E+1
-1.378803E+1
-1.529331E+1
-1.660896E+1
-1.598421E+1
-1.461858E+1
-1.342494E+1
-1.254441E+1
-1.196082E+1
-1.160802E+1
-1.140222E+1
-1.140222E+1
-1.157274E+1
-1.191966E+1
-1.243563E+1
-1.311330E+1
-1.399383E+1
-1.476852E+1
-1.493022E+1
-1.422315E+1
-1.318680E+1
-1.228275E+1
-1.150218E+1
-1.087743E+1
-1.043496E+1
-1.012185E+1
-9.980728E+0
-9.980728E+0
-1.017624E+1
-1.068045E+1
-1.171974E+1
-1.493022E+1
-2.050005E+1
-2.050005E+1
-2.050005E+1
-2.050005E+1
-2.050005E+1
-2.050005E+1
-2.050005E+1
-2.050005E+1
-2.050005E+1
-2.050005E+1
-2.050005E+1
-2.050005E+1
-2.050005E+1
-2.050005E+1
-2.050005E+1
-2.050005E+1
-2.050005E+1
-2.050005E+1
-2.050005E+1
-2.050005E+1
-2.050005E+1
-2.050005E+1
-2.050005E+1
-2.050005E+1
-2.050005E+1
-2.050005E+1
-2.050005E+1
-2.050005E+1
-2.050005E+1
-2.050005E+1
-2.050005E+1
-2.050005E+1
-2.050005E+1
-2.050005E+1
-2.050005E+1
-2.050005E+1
-2.050005E+1
-2.050005E+1
-2.050005E+1
-2.050005E+1
-2.050005E+1
-1.899477E+1
-1.572843E+1
-1.399383E+1
-1.284135E+1
-1.191966E+1
-1.130520E+1
-1.090389E+1
-1.072749E+1
-1.077747E+1
-1.109499E+1
-1.179765E+1
-1.334262E+1
-2.050005E+1
-2.050005E+1
-2.050005E+1
-2.050005E+1
-2.050005E+1
-2.050005E+1
-2.050005E+1
-2.050005E+1
-2.050005E+1
-2.050005E+1
-2.050005E+1
-1.700439E+1
-1.422315E+1
-1.326324E+1
-1.277961E+1
-1.254441E+1
-1.260027E+1
-1.304274E+1
-1.422315E+1
-2.050005E+1
-2.050005E+1
-2.050005E+1
-2.050005E+1
-2.050005E+1
-2.050005E+1
-2.050005E+1
-2.050005E+1
-2.050005E+1
-2.050005E+1
-2.050005E+1
-2.050005E+1
-1.422315E+1
-1.304274E+1
-1.265907E+1
-1.265907E+1
-1.297365E+1
-1.359840E+1
-1.493022E+1
-1.899477E+1
-2.050005E+1
-2.050005E+1
-2.050005E+1
-2.050005E+1
-2.050005E+1
-2.050005E+1
-2.050005E+1
-2.050005E+1
-2.050005E+1
-2.050005E+1
-2.050005E+1
-2.050005E+1
-2.050005E+1
-2.050005E+1
-2.050005E+1
-1.342494E+1
-1.160802E+1
-1.056579E+1
-9.846958E+0
-9.333928E+0
-8.962018E+0
-8.719468E+0
-8.562178E+0
-8.500438E+0
-8.526898E+0
-8.643028E+0
-8.826778E+0
-9.094318E+0
-9.438298E+0
-9.896938E+0
-1.047759E+1
-1.130520E+1
-1.260027E+1
-1.660896E+1
-2.050005E+1
-2.050005E+1
-2.050005E+1
-2.050005E+1
-2.050005E+1
-2.050005E+1
-2.050005E+1
-2.050005E+1
-2.050005E+1
-2.050005E+1
-2.050005E+1
-2.050005E+1
-2.050005E+1
-2.050005E+1
-2.050005E+1
-2.050005E+1
-2.050005E+1
-1.493022E+1
-1.351020E+1
-1.304274E+1
-1.284135E+1
-1.290750E+1
