Date/Time	2022-06-09 18:04:29
Line location	3
Line name	C1
OTDR wavelength [nm]	1625
OTDR pulse duration [ns]	2
OTDR scan time [s]	10
OTDR scan length [m]	1.500000E+2
Length offset [m]	0.000000E+0
Length increment [m]	3.996806E-2
Switch ID	VIAVI Solutions,OTU 8000E,11654,FO,16.76
OTDR ID	JDSU,OTU 8000E,11654,OTU(SmartOTU),V7.22

Reflected amplitude [dB]
1.247332E+0
1.188532E+0
1.129732E+0
1.078282E+0
1.037122E+0
1.020952E+0
1.060642E+0
1.160602E+0
1.312012E+0
1.526632E+0
1.782412E+0
2.035252E+0
2.254282E+0
2.427742E+0
2.557102E+0
2.648242E+0
2.705572E+0
2.721742E+0
2.699692E+0
2.649712E+0
2.558572E+0
2.426272E+0
2.268982E+0
2.088172E+0
1.877962E+0
1.655992E+0
1.447252E+0
1.259092E+0
1.078282E+0
9.062920E-1
7.519420E-1
6.152320E-1
4.991020E-1
3.991420E-1
3.168220E-1
2.477320E-1
1.889320E-1
1.389520E-1
9.779200E-2
6.104200E-2
3.164200E-2
8.122000E-3
-1.245800E-2
-2.862800E-2
-4.185800E-2
-5.214800E-2
-5.949800E-2
-6.684800E-2
-7.272800E-2
-7.860800E-2
-8.448800E-2
-9.036800E-2
-9.918800E-2
-1.094780E-1
-1.241780E-1
-1.403480E-1
-1.609280E-1
-1.844480E-1
-2.094380E-1
-2.358980E-1
-2.623580E-1
-2.888180E-1
-3.152780E-1
-3.387980E-1
-3.608480E-1
-3.784880E-1
-3.931880E-1
-4.020080E-1
-4.078880E-1
-4.064180E-1
-4.005380E-1
-3.873080E-1
-3.696680E-1
-3.461480E-1
-3.196880E-1
-2.902880E-1
-2.623580E-1
-2.373680E-1
-2.153180E-1
-1.991480E-1
-1.888580E-1
-1.859180E-1
-1.903280E-1
-2.006180E-1
-2.153180E-1
-2.344280E-1
-2.564780E-1
-2.799980E-1
-3.020480E-1
-3.255680E-1
-3.461480E-1
-3.652580E-1
-3.814280E-1
-3.961280E-1
-4.093580E-1
-4.225880E-1
-4.358180E-1
-4.490480E-1
-4.637480E-1
-4.784480E-1
-4.960880E-1
-5.122580E-1
-5.298980E-1
-5.460680E-1
-5.607680E-1
-5.725280E-1
-5.828180E-1
-5.916380E-1
-5.975180E-1
-6.019280E-1
-6.048680E-1
-6.063380E-1
-6.063380E-1
-6.048680E-1
-6.048680E-1
-6.033980E-1
-6.033980E-1
-6.048680E-1
-6.078080E-1
-6.122180E-1
-6.180980E-1
-6.254480E-1
-6.327980E-1
-6.401480E-1
-6.445580E-1
-6.489680E-1
-6.489680E-1
-6.489680E-1
-6.460280E-1
-6.416180E-1
-6.372080E-1
-6.327980E-1
-6.283880E-1
-6.254480E-1
-6.254480E-1
-6.254480E-1
-6.283880E-1
-6.313280E-1
-6.342680E-1
-6.357380E-1
-6.357380E-1
-6.298580E-1
-6.195680E-1
-6.019280E-1
-5.754680E-1
-5.431280E-1
-5.063780E-1
-4.666880E-1
-4.122980E-1
-3.329180E-1
-2.270780E-1
-1.050680E-1
1.253200E-2
1.139620E-1
1.933420E-1
2.550820E-1
2.991820E-1
3.300520E-1
3.476920E-1
3.506320E-1
3.432820E-1
3.271120E-1
2.991820E-1
2.594920E-1
2.051020E-1
1.433620E-1
8.015200E-2
1.694200E-2
-4.626800E-2
-1.080080E-1
-1.682780E-1
-2.241380E-1
-2.755880E-1
-3.211580E-1
-3.608480E-1
-3.931880E-1
-4.167080E-1
-4.343480E-1
-4.461080E-1
-4.505180E-1
-4.519880E-1
-4.505180E-1
-4.475780E-1
-4.446380E-1
-4.416980E-1
-4.416980E-1
-4.446380E-1
-4.490480E-1
-4.549280E-1
-4.637480E-1
-4.710980E-1
-4.799180E-1
-4.887380E-1
-4.946180E-1
-4.990280E-1
-5.019680E-1
-5.034380E-1
-5.034380E-1
-5.034380E-1
-5.019680E-1
-4.990280E-1
-4.975580E-1
-4.931480E-1
-4.902080E-1
-4.872680E-1
-4.857980E-1
-4.843280E-1
-4.828580E-1
-4.828580E-1
-4.813880E-1
-4.799180E-1
-4.740380E-1
-4.652180E-1
-4.534580E-1
-4.372880E-1
-4.196480E-1
-3.990680E-1
-3.799580E-1
-3.608480E-1
-3.461480E-1
-3.343880E-1
-3.270380E-1
-3.240980E-1
-3.255680E-1
-3.299780E-1
-3.387980E-1
-3.505580E-1
-3.652580E-1
-3.784880E-1
-3.931880E-1
-4.064180E-1
-4.167080E-1
-4.269980E-1
-4.328780E-1
-4.372880E-1
-4.416980E-1
-4.446380E-1
-4.461080E-1
-4.505180E-1
-4.549280E-1
-4.593380E-1
-4.652180E-1
-4.696280E-1
-4.755080E-1
-4.813880E-1
-4.857980E-1
-4.902080E-1
-4.946180E-1
-4.960880E-1
-4.990280E-1
-5.004980E-1
-5.034380E-1
-5.063780E-1
-5.107880E-1
-5.166680E-1
-5.225480E-1
-5.298980E-1
-5.372480E-1
-5.445980E-1
-5.504780E-1
-5.548880E-1
-5.563580E-1
-5.578280E-1
-5.563580E-1
-5.563580E-1
-5.548880E-1
-5.534180E-1
-5.534180E-1
-5.548880E-1
-5.578280E-1
-5.592980E-1
-5.622380E-1
-5.651780E-1
-5.666480E-1
-5.681180E-1
-5.666480E-1
-5.637080E-1
-5.592980E-1
-5.504780E-1
-5.401880E-1
-5.269580E-1
-5.137280E-1
-5.004980E-1
-4.872680E-1
-4.769780E-1
-4.696280E-1
-4.652180E-1
-4.666880E-1
-4.710980E-1
-4.799180E-1
-4.916780E-1
-5.063780E-1
-5.210780E-1
-5.357780E-1
-5.490080E-1
-5.592980E-1
-5.666480E-1
-5.725280E-1
-5.739980E-1
-5.739980E-1
-5.710580E-1
-5.681180E-1
-5.637080E-1
-5.592980E-1
-5.548880E-1
-5.504780E-1
-5.460680E-1
-5.416580E-1
-5.387180E-1
-5.343080E-1
-5.298980E-1
-5.254880E-1
-5.210780E-1
-5.181380E-1
-5.151980E-1
-5.137280E-1
-5.122580E-1
-5.122580E-1
-5.122580E-1
-5.137280E-1
-5.151980E-1
-5.166680E-1
-5.196080E-1
-5.210780E-1
-5.240180E-1
-5.240180E-1
-5.240180E-1
-5.225480E-1
-5.210780E-1
-5.181380E-1
-5.166680E-1
-5.151980E-1
-5.151980E-1
-5.166680E-1
-5.210780E-1
-5.269580E-1
-5.343080E-1
-5.431280E-1
-5.519480E-1
-5.592980E-1
-5.637080E-1
-5.651780E-1
-5.622380E-1
-5.548880E-1
-5.431280E-1
-5.269580E-1
-5.093180E-1
-4.887380E-1
-4.696280E-1
-4.505180E-1
-4.343480E-1
-4.211180E-1
-4.122980E-1
-4.078880E-1
-4.064180E-1
-4.078880E-1
-4.122980E-1
-4.196480E-1
-4.269980E-1
-4.372880E-1
-4.475780E-1
-4.608080E-1
-4.740380E-1
-4.872680E-1
-5.004980E-1
-5.137280E-1
-5.269580E-1
-5.357780E-1
-5.416580E-1
-5.445980E-1
-5.431280E-1
-5.372480E-1
-5.284280E-1
-5.181380E-1
-5.049080E-1
-4.931480E-1
-4.843280E-1
-4.769780E-1
-4.725680E-1
-4.740380E-1
-4.799180E-1
-4.887380E-1
-5.004980E-1
-5.137280E-1
-5.269580E-1
-5.372480E-1
-5.460680E-1
-5.519480E-1
-5.548880E-1
-5.548880E-1
-5.519480E-1
-5.490080E-1
-5.445980E-1
-5.401880E-1
-5.343080E-1
-5.298980E-1
-5.254880E-1
-5.210780E-1
-5.181380E-1
-5.166680E-1
-5.166680E-1
-5.166680E-1
-5.166680E-1
-5.166680E-1
-5.151980E-1
-5.107880E-1
-5.049080E-1
-4.960880E-1
-4.857980E-1
-4.755080E-1
-4.622780E-1
-4.505180E-1
-4.372880E-1
-4.240580E-1
-4.093580E-1
-3.961280E-1
-3.828980E-1
-3.696680E-1
-3.593780E-1
-3.520280E-1
-3.461480E-1
-3.446780E-1
-3.476180E-1
-3.534980E-1
-3.608480E-1
-3.696680E-1
-3.814280E-1
-3.946580E-1
-4.078880E-1
-4.240580E-1
-4.416980E-1
-4.608080E-1
-4.813880E-1
-5.019680E-1
-5.210780E-1
-5.416580E-1
-5.578280E-1
-5.725280E-1
-5.842880E-1
-5.931080E-1
-5.975180E-1
-6.004580E-1
-6.004580E-1
-5.975180E-1
-5.931080E-1
-5.872280E-1
-5.813480E-1
-5.754680E-1
-5.710580E-1
-5.666480E-1
-5.666480E-1
-5.666480E-1
-5.681180E-1
-5.710580E-1
-5.725280E-1
-5.725280E-1
-5.725280E-1
-5.710580E-1
-5.666480E-1
-5.607680E-1
-5.548880E-1
-5.490080E-1
-5.416580E-1
-5.357780E-1
-5.313680E-1
-5.269580E-1
-5.240180E-1
-5.196080E-1
-5.166680E-1
-5.107880E-1
-5.049080E-1
-4.960880E-1
-4.887380E-1
-4.784480E-1
-4.696280E-1
-4.622780E-1
-4.563980E-1
-4.519880E-1
-4.519880E-1
-4.534580E-1
-4.563980E-1
-4.622780E-1
-4.696280E-1
-4.784480E-1
-4.857980E-1
-4.931480E-1
-4.990280E-1
-5.049080E-1
-5.107880E-1
-5.151980E-1
-5.181380E-1
-5.196080E-1
-5.210780E-1
-5.210780E-1
-5.210780E-1
-5.181380E-1
-5.151980E-1
-5.122580E-1
-5.107880E-1
-5.078480E-1
-5.063780E-1
-5.049080E-1
-5.049080E-1
-5.049080E-1
-5.063780E-1
-5.093180E-1
-5.122580E-1
-5.151980E-1
-5.181380E-1
-5.225480E-1
-5.254880E-1
-5.269580E-1
-5.284280E-1
-5.269580E-1
-5.240180E-1
-5.181380E-1
-5.122580E-1
-5.049080E-1
-4.960880E-1
-4.872680E-1
-4.784480E-1
-4.710980E-1
-4.666880E-1
-4.622780E-1
-4.608080E-1
-4.622780E-1
-4.666880E-1
-4.755080E-1
-4.843280E-1
-4.960880E-1
-5.107880E-1
-5.240180E-1
-5.372480E-1
-5.504780E-1
-5.622380E-1
-5.725280E-1
-5.798780E-1
-5.857580E-1
-5.901680E-1
-5.916380E-1
-5.901680E-1
-5.872280E-1
-5.828180E-1
-5.769380E-1
-5.710580E-1
-5.651780E-1
-5.607680E-1
-5.563580E-1
-5.534180E-1
-5.490080E-1
-5.460680E-1
-5.416580E-1
-5.357780E-1
-5.284280E-1
-5.210780E-1
-5.107880E-1
-5.004980E-1
-4.887380E-1
-4.784480E-1
-4.681580E-1
-4.578680E-1
-4.490480E-1
-4.416980E-1
-4.358180E-1
-4.328780E-1
-4.314080E-1
-4.314080E-1
-4.343480E-1
-4.402280E-1
-4.461080E-1
-4.534580E-1
-4.608080E-1
-4.681580E-1
-4.755080E-1
-4.799180E-1
-4.843280E-1
-4.872680E-1
-4.887380E-1
-4.902080E-1
-4.916780E-1
-4.931480E-1
-4.960880E-1
-4.990280E-1
-5.034380E-1
-5.078480E-1
-5.122580E-1
-5.181380E-1
-5.225480E-1
-5.269580E-1
-5.313680E-1
-5.343080E-1
-5.372480E-1
-5.401880E-1
-5.431280E-1
-5.460680E-1
-5.475380E-1
-5.490080E-1
-5.490080E-1
-5.475380E-1
-5.445980E-1
-5.387180E-1
-5.313680E-1
-5.210780E-1
-5.122580E-1
-5.019680E-1
-4.946180E-1
-4.887380E-1
-4.857980E-1
-4.857980E-1
-4.887380E-1
-4.960880E-1
-5.049080E-1
-5.151980E-1
-5.240180E-1
-5.328380E-1
-5.401880E-1
-5.431280E-1
-5.445980E-1
-5.416580E-1
-5.387180E-1
-5.357780E-1
-5.313680E-1
-5.284280E-1
-5.269580E-1
-5.240180E-1
-5.210780E-1
-5.181380E-1
-5.137280E-1
-5.093180E-1
-5.019680E-1
-4.960880E-1
-4.887380E-1
-4.843280E-1
-4.799180E-1
-4.784480E-1
-4.799180E-1
-4.828580E-1
-4.872680E-1
-4.916780E-1
-4.960880E-1
-4.990280E-1
-5.019680E-1
-5.034380E-1
-5.034380E-1
-5.034380E-1
-5.049080E-1
-5.049080E-1
-5.078480E-1
-5.122580E-1
-5.166680E-1
-5.210780E-1
-5.254880E-1
-5.284280E-1
-5.298980E-1
-5.298980E-1
-5.284280E-1
-5.254880E-1
-5.210780E-1
-5.151980E-1
-5.107880E-1
-5.063780E-1
-5.034380E-1
-5.019680E-1
-5.004980E-1
-5.004980E-1
-5.019680E-1
-5.034380E-1
-5.034380E-1
-5.049080E-1
-5.049080E-1
-5.049080E-1
-5.049080E-1
-5.063780E-1
-5.063780E-1
-5.063780E-1
-5.049080E-1
-5.034380E-1
-5.004980E-1
-4.960880E-1
-4.916780E-1
-4.857980E-1
-4.784480E-1
-4.725680E-1
-4.652180E-1
-4.608080E-1
-4.549280E-1
-4.519880E-1
-4.490480E-1
-4.490480E-1
-4.505180E-1
-4.534580E-1
-4.593380E-1
-4.652180E-1
-4.725680E-1
-4.799180E-1
-4.872680E-1
-4.946180E-1
-4.990280E-1
-5.034380E-1
-5.063780E-1
-5.078480E-1
-5.093180E-1
-5.122580E-1
-5.137280E-1
-5.166680E-1
-5.181380E-1
-5.210780E-1
-5.225480E-1
-5.240180E-1
-5.254880E-1
-5.240180E-1
-5.225480E-1
-5.210780E-1
-5.181380E-1
-5.151980E-1
-5.122580E-1
-5.078480E-1
-5.034380E-1
-5.004980E-1
-4.975580E-1
-4.960880E-1
-4.975580E-1
-5.004980E-1
-5.063780E-1
-5.122580E-1
-5.210780E-1
-5.284280E-1
-5.357780E-1
-5.387180E-1
-5.387180E-1
-5.343080E-1
-5.240180E-1
-5.122580E-1
-4.975580E-1
-4.828580E-1
-4.696280E-1
-4.608080E-1
-4.563980E-1
-4.593380E-1
-4.666880E-1
-4.784480E-1
-4.931480E-1
-5.107880E-1
-5.284280E-1
-5.460680E-1
-5.607680E-1
-5.725280E-1
-5.798780E-1
-5.857580E-1
-5.872280E-1
-5.872280E-1
-5.842880E-1
-5.784080E-1
-5.710580E-1
-5.622380E-1
-5.519480E-1
-5.401880E-1
-5.284280E-1
-5.181380E-1
-5.078480E-1
-5.004980E-1
-4.960880E-1
-4.931480E-1
-4.946180E-1
-4.975580E-1
-5.019680E-1
-5.078480E-1
-5.122580E-1
-5.166680E-1
-5.181380E-1
-5.196080E-1
-5.196080E-1
-5.181380E-1
-5.166680E-1
-5.151980E-1
-5.137280E-1
-5.137280E-1
-5.137280E-1
-5.137280E-1
-5.151980E-1
-5.151980E-1
-5.151980E-1
-5.166680E-1
-5.166680E-1
-5.166680E-1
-5.166680E-1
-5.181380E-1
-5.196080E-1
-5.210780E-1
-5.225480E-1
-5.240180E-1
-5.225480E-1
-5.210780E-1
-5.181380E-1
-5.137280E-1
-5.078480E-1
-5.034380E-1
-4.975580E-1
-4.946180E-1
-4.902080E-1
-4.887380E-1
-4.872680E-1
-4.872680E-1
-4.887380E-1
-4.887380E-1
-4.916780E-1
-4.931480E-1
-4.946180E-1
-4.975580E-1
-4.990280E-1
-5.004980E-1
-5.019680E-1
-5.019680E-1
-5.004980E-1
-4.975580E-1
-4.960880E-1
-4.946180E-1
-4.931480E-1
-4.960880E-1
-5.004980E-1
-5.093180E-1
-5.181380E-1
-5.298980E-1
-5.401880E-1
-5.475380E-1
-5.534180E-1
-5.534180E-1
-5.504780E-1
-5.445980E-1
-5.357780E-1
-5.269580E-1
-5.181380E-1
-5.107880E-1
-5.049080E-1
-5.004980E-1
-4.960880E-1
-4.931480E-1
-4.902080E-1
-4.887380E-1
-4.887380E-1
-4.887380E-1
-4.931480E-1
-4.975580E-1
-5.049080E-1
-5.137280E-1
-5.254880E-1
-5.357780E-1
-5.475380E-1
-5.563580E-1
-5.651780E-1
-5.710580E-1
-5.754680E-1
-5.784080E-1
-5.769380E-1
-5.739980E-1
-5.681180E-1
-5.607680E-1
-5.504780E-1
-5.387180E-1
-5.269580E-1
-5.151980E-1
-5.049080E-1
-4.960880E-1
-4.916780E-1
-4.902080E-1
-4.931480E-1
-4.975580E-1
-5.063780E-1
-5.151980E-1
-5.269580E-1
-5.372480E-1
-5.490080E-1
-5.607680E-1
-5.695880E-1
-5.769380E-1
-5.828180E-1
-5.872280E-1
-5.886980E-1
-5.886980E-1
-5.872280E-1
-5.857580E-1
-5.828180E-1
-5.813480E-1
-5.813480E-1
-5.813480E-1
-5.813480E-1
-5.813480E-1
-5.813480E-1
-5.813480E-1
-5.784080E-1
-5.754680E-1
-5.725280E-1
-5.695880E-1
-5.666480E-1
-5.666480E-1
-5.666480E-1
-5.681180E-1
-5.710580E-1
-5.754680E-1
-5.784080E-1
-5.813480E-1
-5.813480E-1
-5.813480E-1
-5.784080E-1
-5.754680E-1
-5.695880E-1
-5.637080E-1
-5.563580E-1
-5.475380E-1
-5.387180E-1
-5.298980E-1
-5.210780E-1
-5.122580E-1
-5.034380E-1
-4.975580E-1
-4.916780E-1
-4.887380E-1
-4.887380E-1
-4.887380E-1
-4.916780E-1
-4.931480E-1
-4.960880E-1
-4.990280E-1
-5.004980E-1
-5.004980E-1
-5.004980E-1
-5.004980E-1
-5.004980E-1
-5.019680E-1
-5.063780E-1
-5.122580E-1
-5.210780E-1
-5.284280E-1
-5.372480E-1
-5.460680E-1
-5.504780E-1
-5.534180E-1
-5.534180E-1
-5.504780E-1
-5.445980E-1
-5.387180E-1
-5.313680E-1
-5.225480E-1
-5.151980E-1
-5.093180E-1
-5.049080E-1
-5.004980E-1
-4.975580E-1
-4.960880E-1
-4.960880E-1
-4.960880E-1
-4.960880E-1
-4.960880E-1
-4.960880E-1
-4.960880E-1
-4.960880E-1
-4.990280E-1
-5.019680E-1
-5.078480E-1
-5.166680E-1
-5.269580E-1
-5.357780E-1
-5.460680E-1
-5.548880E-1
-5.622380E-1
-5.666480E-1
-5.695880E-1
-5.710580E-1
-5.695880E-1
-5.681180E-1
-5.651780E-1
-5.622380E-1
-5.578280E-1
-5.534180E-1
-5.475380E-1
-5.401880E-1
-5.328380E-1
-5.254880E-1
-5.166680E-1
-5.063780E-1
-4.975580E-1
-4.872680E-1
-4.784480E-1
-4.696280E-1
-4.622780E-1
-4.549280E-1
-4.505180E-1
-4.490480E-1
-4.475780E-1
-4.475780E-1
-4.505180E-1
-4.534580E-1
-4.578680E-1
-4.622780E-1
-4.681580E-1
-4.740380E-1
-4.813880E-1
-4.872680E-1
-4.946180E-1
-5.019680E-1
-5.093180E-1
-5.166680E-1
-5.240180E-1
-5.313680E-1
-5.372480E-1
-5.445980E-1
-5.504780E-1
-5.578280E-1
-5.637080E-1
-5.695880E-1
-5.739980E-1
-5.769380E-1
-5.784080E-1
-5.769380E-1
-5.725280E-1
-5.681180E-1
-5.607680E-1
-5.534180E-1
-5.445980E-1
-5.357780E-1
-5.269580E-1
-5.166680E-1
-5.063780E-1
-4.946180E-1
-4.828580E-1
-4.710980E-1
-4.608080E-1
-4.534580E-1
-4.490480E-1
-4.505180E-1
-4.593380E-1
-4.755080E-1
-5.004980E-1
-5.328380E-1
-5.754680E-1
-6.269180E-1
-6.871880E-1
-7.548080E-1
-8.283080E-1
-9.062180E-1
-9.885380E-1
-1.070858E+0
-1.151708E+0
-1.228148E+0
-1.298708E+0
-1.358978E+0
-1.408958E+0
-1.448648E+0
-1.476578E+0
-1.494218E+0
-1.503038E+0
-1.507448E+0
-1.507448E+0
-1.508918E+0
-1.510388E+0
-1.514798E+0
-1.522148E+0
-1.535378E+0
-1.551548E+0
-1.572128E+0
-1.592708E+0
-1.611818E+0
-1.629458E+0
-1.644158E+0
-1.654448E+0
-1.661798E+0
-1.666208E+0
-1.667678E+0
-1.670618E+0
-1.673558E+0
-1.679438E+0
-1.686788E+0
-1.694138E+0
-1.702958E+0
-1.710308E+0
-1.714718E+0
-1.717658E+0
-1.716188E+0
-1.713248E+0
-1.710308E+0
-1.707368E+0
-1.705898E+0
-1.708838E+0
-1.714718E+0
-1.723538E+0
-1.736768E+0
-1.751468E+0
-1.767638E+0
-1.783808E+0
-1.801448E+0
-1.819088E+0
-1.836728E+0
-1.852898E+0
-1.869068E+0
-1.883768E+0
-1.894058E+0
-1.902878E+0
-1.907288E+0
-1.907288E+0
-1.904348E+0
-1.896998E+0
-1.886708E+0
-1.876418E+0
-1.866128E+0
-1.855838E+0
-1.848488E+0
-1.844078E+0
-1.844078E+0
-1.848488E+0
-1.858778E+0
-1.870538E+0
-1.885238E+0
-1.902878E+0
-1.920518E+0
-1.935218E+0
-1.946978E+0
-1.957268E+0
-1.964618E+0
-1.971968E+0
-1.977848E+0
-1.986668E+0
-1.996958E+0
-2.008718E+0
-2.024888E+0
-2.041058E+0
-2.057228E+0
-2.070458E+0
-2.080748E+0
-2.085158E+0
-2.083688E+0
-2.076338E+0
-2.064578E+0
-2.046938E+0
-2.027828E+0
-2.007248E+0
-1.989608E+0
-1.974908E+0
-1.967558E+0
-1.967558E+0
-1.974908E+0
-1.989608E+0
-2.008718E+0
-2.029298E+0
-2.049878E+0
-2.067518E+0
-2.077808E+0
-2.082218E+0
-2.079278E+0
-2.073398E+0
-2.064578E+0
-2.055758E+0
-2.049878E+0
-2.046938E+0
-2.048408E+0
-2.052818E+0
-2.061638E+0
-2.071928E+0
-2.083688E+0
-2.093978E+0
-2.105738E+0
-2.116028E+0
-2.126318E+0
-2.136608E+0
-2.145428E+0
-2.155718E+0
-2.164538E+0
-2.173358E+0
-2.183648E+0
-2.193938E+0
-2.202758E+0
-2.211578E+0
-2.220398E+0
-2.226278E+0
-2.232158E+0
-2.238038E+0
-2.240978E+0
-2.242448E+0
-2.242448E+0
-2.240978E+0
-2.238038E+0
-2.232158E+0
-2.226278E+0
-2.218928E+0
-2.211578E+0
-2.204228E+0
-2.199818E+0
-2.199818E+0
-2.204228E+0
-2.211578E+0
-2.224808E+0
-2.239508E+0
-2.254208E+0
-2.268908E+0
-2.280668E+0
-2.289488E+0
-2.295368E+0
-2.296838E+0
-2.295368E+0
-2.290958E+0
-2.285078E+0
-2.279198E+0
-2.273318E+0
-2.265968E+0
-2.261558E+0
-2.257148E+0
-2.255678E+0
-2.255678E+0
-2.258618E+0
-2.261558E+0
-2.264498E+0
-2.268908E+0
-2.270378E+0
-2.271848E+0
-2.271848E+0
-2.273318E+0
-2.279198E+0
-2.288018E+0
-2.301248E+0
-2.320358E+0
-2.343878E+0
-2.370338E+0
-2.398268E+0
-2.424728E+0
-2.448248E+0
-2.467358E+0
-2.480588E+0
-2.486468E+0
-2.486468E+0
-2.480588E+0
-2.468828E+0
-2.455598E+0
-2.440898E+0
-2.426198E+0
-2.412968E+0
-2.401208E+0
-2.392388E+0
-2.385038E+0
-2.379158E+0
-2.373278E+0
-2.370338E+0
-2.367398E+0
-2.368868E+0
-2.373278E+0
-2.383568E+0
-2.398268E+0
-2.418848E+0
-2.443838E+0
-2.470298E+0
-2.499698E+0
-2.529098E+0
-2.557028E+0
-2.580548E+0
-2.599658E+0
-2.612888E+0
-2.618768E+0
-2.620238E+0
-2.617298E+0
-2.609948E+0
-2.601128E+0
-2.590838E+0
-2.583488E+0
-2.579078E+0
-2.577608E+0
-2.582018E+0
-2.587898E+0
-2.598188E+0
-2.608478E+0
-2.617298E+0
-2.623178E+0
-2.624648E+0
-2.620238E+0
-2.609948E+0
-2.595248E+0
-2.576138E+0
-2.555558E+0
-2.536448E+0
-2.518808E+0
-2.505578E+0
-2.499698E+0
-2.501168E+0
-2.509988E+0
-2.526158E+0
-2.548208E+0
-2.577608E+0
-2.609948E+0
-2.645228E+0
-2.683448E+0
-2.720198E+0
-2.755478E+0
-2.790758E+0
-2.821628E+0
-2.848088E+0
-2.868668E+0
-2.883368E+0
-2.890718E+0
-2.887778E+0
-2.877488E+0
-2.858378E+0
-2.831918E+0
-2.801048E+0
-2.767238E+0
-2.736368E+0
-2.709908E+0
-2.689328E+0
-2.677568E+0
-2.673158E+0
-2.680508E+0
-2.696678E+0
-2.720198E+0
-2.751068E+0
-2.784878E+0
-2.823098E+0
-2.859848E+0
-2.895128E+0
-2.925998E+0
-2.949518E+0
-2.964218E+0
-2.971568E+0
-2.970098E+0
-2.959808E+0
-2.939228E+0
-2.914238E+0
-2.881898E+0
-2.846618E+0
-2.809868E+0
-2.774588E+0
-2.743718E+0
-2.720198E+0
-2.705498E+0
-2.698148E+0
-2.699618E+0
-2.709908E+0
-2.726078E+0
-2.745188E+0
-2.767238E+0
-2.787818E+0
-2.806928E+0
-2.826038E+0
-2.842208E+0
-2.853968E+0
-2.864258E+0
-2.873078E+0
-2.878958E+0
-2.880428E+0
-2.880428E+0
-2.878958E+0
-2.876018E+0
-2.873078E+0
-2.873078E+0
-2.876018E+0
-2.881898E+0
-2.890718E+0
-2.899538E+0
-2.908358E+0
-2.915708E+0
-2.917178E+0
-2.915708E+0
-2.912768E+0
-2.906888E+0
-2.902478E+0
-2.902478E+0
-2.911298E+0
-2.927468E+0
-2.950988E+0
-2.980388E+0
-3.015668E+0
-3.049478E+0
-3.081818E+0
-3.109748E+0
-3.133268E+0
-3.150908E+0
-3.161198E+0
-3.170018E+0
-3.171488E+0
-3.171488E+0
-3.171488E+0
-3.171488E+0
-3.171488E+0
-3.174428E+0
-3.183248E+0
-3.195008E+0
-3.211178E+0
-3.230288E+0
-3.247928E+0
-3.261158E+0
-3.267038E+0
-3.265568E+0
-3.253808E+0
-3.234698E+0
-3.211178E+0
-3.187658E+0
-3.165608E+0
-3.146498E+0
-3.134738E+0
-3.124448E+0
-3.120038E+0
-3.115628E+0
-3.115628E+0
-3.117098E+0
-3.121508E+0
-3.128858E+0
-3.142088E+0
-3.161198E+0
-3.184718E+0
-3.214118E+0
-3.247928E+0
-3.284678E+0
-3.322898E+0
-3.359648E+0
-3.396398E+0
-3.430208E+0
-3.461078E+0
-3.489008E+0
-3.512528E+0
-3.530168E+0
-3.540458E+0
-3.546338E+0
-3.544868E+0
-3.540458E+0
-3.531638E+0
-3.521348E+0
-3.508118E+0
-3.496358E+0
-3.483128E+0
-3.468428E+0
-3.455198E+0
-3.440498E+0
-3.427268E+0
-3.416978E+0
-3.406688E+0
-3.403748E+0
-3.400808E+0
-3.403748E+0
-3.406688E+0
-3.411098E+0
-3.415508E+0
-3.416978E+0
-3.414038E+0
-3.406688E+0
-3.394928E+0
-3.380228E+0
-3.365528E+0
-3.355238E+0
-3.347888E+0
-3.349358E+0
-3.361118E+0
-3.381698E+0
-3.408158E+0
-3.440498E+0
-3.471368E+0
-3.497828E+0
-3.516938E+0
-3.522818E+0
-3.518408E+0
-3.503708E+0
-3.483128E+0
-3.462548E+0
-3.441968E+0
-3.424328E+0
-3.412568E+0
-3.405218E+0
-3.403748E+0
-3.405218E+0
-3.411098E+0
-3.421388E+0
-3.436088E+0
-3.455198E+0
-3.477248E+0
-3.500768E+0
-3.521348E+0
-3.538988E+0
-3.544868E+0
-3.541928E+0
-3.530168E+0
-3.511058E+0
-3.487538E+0
-3.466958E+0
-3.452258E+0
-3.444908E+0
-3.447848E+0
-3.458138E+0
-3.474308E+0
-3.491948E+0
-3.508118E+0
-3.521348E+0
-3.525758E+0
-3.527228E+0
-3.524288E+0
-3.519878E+0
-3.515468E+0
-3.515468E+0
-3.516938E+0
-3.522818E+0
-3.530168E+0
-3.537518E+0
-3.541928E+0
-3.540458E+0
-3.534578E+0
-3.519878E+0
-3.502238E+0
-3.483128E+0
-3.468428E+0
-3.459608E+0
-3.459608E+0
-3.471368E+0
-3.496358E+0
-3.534578E+0
-3.583088E+0
-3.643358E+0
-3.708038E+0
-3.778598E+0
-3.846218E+0
-3.906488E+0
-3.953528E+0
-3.985868E+0
-3.999098E+0
-3.994688E+0
-3.974108E+0
-3.943238E+0
-3.909428E+0
-3.877088E+0
-3.852098E+0
-3.835928E+0
-3.827108E+0
-3.825638E+0
-3.828578E+0
-3.832988E+0
-3.835928E+0
-3.835928E+0
-3.832988E+0
-3.828578E+0
-3.821228E+0
-3.810938E+0
-3.800648E+0
-3.790358E+0
-3.777128E+0
-3.765368E+0
-3.752138E+0
-3.738908E+0
-3.730088E+0
-3.722738E+0
-3.719798E+0
-3.724208E+0
-3.734498E+0
-3.752138E+0
-3.775658E+0
-3.805058E+0
-3.837398E+0
-3.871208E+0
-3.903548E+0
-3.931478E+0
-3.953528E+0
-3.969698E+0
-3.981458E+0
-3.988808E+0
-3.996158E+0
-4.000568E+0
-4.009388E+0
-4.021148E+0
-4.032908E+0
-4.047608E+0
-4.062308E+0
-4.077008E+0
-4.088768E+0
-4.100528E+0
-4.110818E+0
-4.122578E+0
-4.138748E+0
-4.159328E+0
-4.187258E+0
-4.225478E+0
-4.272518E+0
-4.328378E+0
-4.385708E+0
-4.443038E+0
-4.491548E+0
-4.526828E+0
-4.540058E+0
-4.529768E+0
-4.498898E+0
-4.447448E+0
-4.382768E+0
-4.310738E+0
-4.237238E+0
-4.166678E+0
-4.100528E+0
-4.044668E+0
-3.993218E+0
-3.949118E+0
-3.909428E+0
-3.872678E+0
-3.838868E+0
-3.809468E+0
-3.785948E+0
-3.768308E+0
-3.759488E+0
-3.760958E+0
-3.774188E+0
-3.793298E+0
-3.819758E+0
-3.847688E+0
-3.874148E+0
-3.896198E+0
-3.910898E+0
-3.918248E+0
-3.918248E+0
-3.912368E+0
-3.907958E+0
-3.906488E+0
-3.909428E+0
-3.921188E+0
-3.941768E+0
-3.972638E+0
-4.009388E+0
-4.052018E+0
-4.097588E+0
-4.146098E+0
-4.190198E+0
-4.234298E+0
-4.275458E+0
-4.316618E+0
-4.362188E+0
-4.407758E+0
-4.456268E+0
-4.503308E+0
-4.547408E+0
-4.579748E+0
-4.591508E+0
-4.581218E+0
-4.547408E+0
-4.498898E+0
-4.440098E+0
-4.384238E+0
-4.338668E+0
-4.312208E+0
-4.307798E+0
-4.323968E+0
-4.359248E+0
-4.410698E+0
-4.466558E+0
-4.522418E+0
-4.572398E+0
-4.606208E+0
-4.626788E+0
-4.629728E+0
-4.619438E+0
-4.597388E+0
-4.567988E+0
-4.538588E+0
-4.507718E+0
-4.479788E+0
-4.457738E+0
-4.437158E+0
-4.420988E+0
-4.406288E+0
-4.393058E+0
-4.378358E+0
-4.366598E+0
-4.357778E+0
-4.356308E+0
-4.365128E+0
-4.385708E+0
-4.419518E+0
-4.466558E+0
-4.522418E+0
-4.587098E+0
-4.651778E+0
-4.712048E+0
-4.760558E+0
-4.795838E+0
-4.812008E+0
-4.812008E+0
-4.797308E+0
-4.773788E+0
-4.750268E+0
-4.731158E+0
-4.722338E+0
-4.725278E+0
-4.744388E+0
-4.779668E+0
-4.829648E+0
-4.886978E+0
-4.948718E+0
-5.007518E+0
-5.053088E+0
-5.081018E+0
-5.086898E+0
-5.072198E+0
-5.038388E+0
-4.994288E+0
-4.942838E+0
-4.891388E+0
-4.845818E+0
-4.812008E+0
-4.791428E+0
-4.788488E+0
-4.800248E+0
-4.822298E+0
-4.856108E+0
-4.892858E+0
-4.922258E+0
-4.931078E+0
-4.913438E+0
-4.866398E+0
-4.788488E+0
-4.689998E+0
-4.575338E+0
-4.466558E+0
-4.368068E+0
-4.293098E+0
-4.240178E+0
-4.213718E+0
-4.212248E+0
-4.232828E+0
-4.268108E+0
-4.310738E+0
-4.354838E+0
-4.397468E+0
-4.431278E+0
-4.456268E+0
-4.468028E+0
-4.470968E+0
-4.468028E+0
-4.459208E+0
-4.447448E+0
-4.435688E+0
-4.425398E+0
-4.419518E+0
-4.418048E+0
-4.420988E+0
-4.431278E+0
-4.444508E+0
-4.466558E+0
-4.491548E+0
-4.523888E+0
-4.563578E+0
-4.606208E+0
-4.657658E+0
-4.712048E+0
-4.773788E+0
-4.839938E+0
-4.904618E+0
-4.967828E+0
-5.026628E+0
-5.081018E+0
-5.126588E+0
-5.163338E+0
-5.197148E+0
-5.228018E+0
-5.258888E+0
-5.294168E+0
-5.323568E+0
-5.348558E+0
-5.364728E+0
-5.367668E+0
-5.351498E+0
-5.319158E+0
-5.276528E+0
-5.232428E+0
-5.191268E+0
-5.160398E+0
-5.144228E+0
-5.144228E+0
-5.158928E+0
-5.179508E+0
-5.205968E+0
-5.228018E+0
-5.236838E+0
-5.232428E+0
-5.208908E+0
-5.170688E+0
-5.119238E+0
-5.064848E+0
-5.011928E+0
-4.964888E+0
-4.932548E+0
-4.916378E+0
-4.911968E+0
-4.917848E+0
-4.922258E+0
-4.917848E+0
-4.898738E+0
-4.860518E+0
-4.809068E+0
-4.748798E+0
-4.522418E+0
-3.934418E+0
-2.981858E+0
-1.949918E+0
-1.142888E+0
-5.225480E-1
4.193200E-2
5.329120E-1
9.048220E-1
1.169422E+0
1.351702E+0
1.478122E+0
1.557502E+0
1.588372E+0
1.570732E+0
1.510462E+0
1.397272E+0
1.225282E+0
9.974320E-1
7.181320E-1
4.035520E-1
6.545200E-2
-3.138080E-1
-7.621580E-1
-1.257548E+0
-1.764698E+0
-2.260088E+0
-2.729018E+0
-3.171488E+0
-3.586028E+0
-3.974108E+0
-4.340138E+0
-4.692938E+0
-5.038388E+0
-5.385308E+0
-5.748398E+0
-6.152648E+0
-6.615698E+0
-7.187528E+0
-7.923998E+0
-8.964758E+0
-1.077433E+1
-2.000005E+1
-2.000005E+1
-2.000005E+1
-2.000005E+1
-2.000005E+1
-2.000005E+1
-2.000005E+1
-2.000005E+1
-2.000005E+1
-2.000005E+1
-2.000005E+1
-2.000005E+1
-1.411858E+1
-1.107274E+1
-9.999638E+0
-9.429278E+0
-9.089708E+0
-8.911838E+0
-8.833928E+0
-8.847158E+0
-8.938298E+0
-9.104408E+0
-9.299918E+0
-9.567458E+0
-9.893798E+0
-1.027747E+1
-1.071259E+1
-1.114477E+1
-1.163869E+1
-1.215907E+1
-1.276324E+1
-1.360555E+1
-1.499911E+1
-2.000005E+1
-2.000005E+1
-2.000005E+1
-2.000005E+1
-2.000005E+1
-2.000005E+1
-2.000005E+1
-2.000005E+1
-2.000005E+1
-2.000005E+1
-2.000005E+1
-2.000005E+1
-2.000005E+1
-2.000005E+1
-2.000005E+1
-2.000005E+1
-2.000005E+1
-2.000005E+1
-2.000005E+1
-2.000005E+1
-2.000005E+1
-2.000005E+1
-2.000005E+1
-2.000005E+1
-2.000005E+1
-2.000005E+1
-2.000005E+1
-2.000005E+1
-2.000005E+1
-2.000005E+1
-2.000005E+1
-2.000005E+1
-2.000005E+1
-2.000005E+1
-2.000005E+1
-2.000005E+1
-2.000005E+1
-2.000005E+1
-2.000005E+1
-2.000005E+1
-2.000005E+1
-2.000005E+1
-2.000005E+1
-2.000005E+1
-2.000005E+1
-1.548421E+1
-1.372315E+1
-1.349383E+1
-1.411858E+1
-1.761424E+1
-2.000005E+1
-2.000005E+1
-2.000005E+1
-2.000005E+1
-2.000005E+1
-2.000005E+1
-2.000005E+1
-2.000005E+1
-2.000005E+1
-2.000005E+1
-2.000005E+1
-2.000005E+1
-2.000005E+1
-2.000005E+1
-2.000005E+1
-1.426852E+1
-1.292494E+1
-1.215907E+1
-1.163869E+1
-1.125796E+1
-1.100218E+1
-1.083607E+1
-1.077433E+1
-1.077433E+1
-1.083607E+1
-1.100218E+1
-1.121974E+1
-1.159312E+1
-1.210027E+1
-1.276324E+1
-1.360555E+1
-1.460368E+1
-1.610896E+1
-1.849477E+1
-2.000005E+1
-1.849477E+1
-1.849477E+1
-2.000005E+1
-2.000005E+1
-2.000005E+1
-2.000005E+1
-2.000005E+1
-2.000005E+1
-2.000005E+1
-2.000005E+1
-1.411858E+1
-1.247365E+1
-1.150492E+1
-1.083607E+1
-1.040389E+1
-1.015693E+1
-1.004374E+1
-1.004374E+1
-1.013341E+1
-1.027747E+1
-1.043035E+1
-1.056706E+1
-1.062439E+1
-1.059499E+1
-1.043035E+1
-1.020397E+1
-9.934958E+0
-9.676238E+0
-9.413108E+0
-9.177908E+0
-8.977988E+0
-8.833928E+0
-8.735438E+0
-8.686928E+0
-8.675168E+0
-8.698688E+0
-8.758958E+0
-8.858918E+0
-8.951528E+0
-9.061778E+0
-9.163208E+0
-9.252878E+0
-9.330788E+0
-9.396938E+0
-9.480728E+0
-9.567458E+0
-9.695348E+0
-9.873218E+0
-1.013341E+1
-1.048327E+1
-1.093456E+1
-1.159312E+1
-1.261330E+1
-1.460368E+1
-2.000005E+1
-2.000005E+1
-2.000005E+1
-2.000005E+1
-2.000005E+1
-2.000005E+1
-2.000005E+1
-2.000005E+1
-2.000005E+1
-2.000005E+1
-2.000005E+1
-2.000005E+1
-2.000005E+1
-2.000005E+1
-2.000005E+1
-2.000005E+1
-2.000005E+1
-2.000005E+1
-2.000005E+1
-2.000005E+1
-2.000005E+1
-2.000005E+1
-1.328803E+1
-1.227961E+1
-1.193563E+1
-1.210027E+1
-1.276324E+1
-1.426852E+1
-2.000005E+1
-2.000005E+1
-2.000005E+1
-2.000005E+1
-2.000005E+1
-2.000005E+1
-2.000005E+1
-2.000005E+1
-2.000005E+1
-2.000005E+1
-2.000005E+1
-2.000005E+1
-2.000005E+1
-2.000005E+1
-2.000005E+1
-2.000005E+1
-2.000005E+1
-2.000005E+1
-2.000005E+1
-2.000005E+1
-2.000005E+1
-2.000005E+1
-2.000005E+1
-2.000005E+1
-2.000005E+1
-2.000005E+1
-2.000005E+1
-2.000005E+1
-2.000005E+1
-2.000005E+1
-2.000005E+1
-2.000005E+1
-2.000005E+1
-1.610896E+1
-1.254274E+1
-1.129765E+1
-1.053913E+1
-1.002169E+1
-9.621848E+0
-9.316088E+0
-9.089708E+0
-8.938298E+0
-8.858918E+0
-8.858918E+0
-8.938298E+0
-9.104408E+0
-9.346958E+0
-9.695348E+0
-1.010989E+1
-1.062439E+1
-1.121974E+1
-1.193563E+1
-1.284262E+1
-1.443022E+1
-2.000005E+1
-2.000005E+1
-2.000005E+1
-2.000005E+1
-2.000005E+1
-2.000005E+1
-2.000005E+1
-2.000005E+1
-2.000005E+1
-2.000005E+1
-2.000005E+1
-2.000005E+1
-2.000005E+1
-2.000005E+1
-1.328803E+1
-1.193563E+1
-1.137850E+1
-1.121974E+1
-1.129765E+1
-1.154902E+1
-1.204441E+1
-1.292494E+1
-1.443022E+1
-2.000005E+1
-2.000005E+1
-2.000005E+1
-2.000005E+1
-2.000005E+1
-2.000005E+1
-2.000005E+1
-2.000005E+1
-2.000005E+1
-2.000005E+1
-2.000005E+1
-2.000005E+1
-2.000005E+1
-2.000005E+1
-2.000005E+1
-2.000005E+1
-2.000005E+1
-2.000005E+1
-2.000005E+1
-2.000005E+1
-2.000005E+1
-2.000005E+1
-2.000005E+1
-2.000005E+1
-1.761424E+1
-1.443022E+1
-1.319101E+1
-1.247365E+1
-1.215907E+1
-1.221787E+1
-1.261330E+1
-1.372315E+1
-1.650439E+1
-2.000005E+1
-2.000005E+1
-2.000005E+1
-2.000005E+1
-2.000005E+1
-2.000005E+1
-2.000005E+1
-1.698949E+1
-1.522843E+1
-1.548421E+1
-2.000005E+1
-2.000005E+1
-2.000005E+1
-2.000005E+1
-2.000005E+1
-2.000005E+1
-2.000005E+1
-2.000005E+1
-2.000005E+1
-2.000005E+1
-2.000005E+1
-2.000005E+1
-2.000005E+1
-2.000005E+1
-2.000005E+1
-2.000005E+1
-2.000005E+1
-2.000005E+1
-2.000005E+1
-2.000005E+1
-2.000005E+1
-2.000005E+1
-2.000005E+1
-2.000005E+1
-2.000005E+1
-2.000005E+1
-2.000005E+1
-2.000005E+1
-2.000005E+1
-1.499911E+1
-1.146082E+1
-1.030099E+1
-9.676238E+0
-9.346958E+0
-9.238178E+0
-9.299918E+0
-9.532178E+0
-9.955538E+0
-1.059499E+1
-1.159312E+1
-1.319101E+1
-1.761424E+1
-2.000005E+1
-2.000005E+1
-2.000005E+1
-2.000005E+1
-2.000005E+1
-2.000005E+1
-2.000005E+1
-2.000005E+1
-2.000005E+1
-2.000005E+1
-2.000005E+1
-1.849477E+1
-1.301020E+1
-1.137850E+1
-1.040389E+1
-9.773258E+0
-9.379298E+0
-9.192608E+0
-9.192608E+0
-9.363128E+0
-9.733568E+0
-1.040389E+1
-1.150492E+1
-1.372315E+1
-2.000005E+1
-2.000005E+1
-2.000005E+1
-2.000005E+1
-2.000005E+1
-2.000005E+1
-2.000005E+1
-2.000005E+1
-2.000005E+1
-2.000005E+1
-2.000005E+1
-2.000005E+1
-2.000005E+1
-2.000005E+1
-2.000005E+1
-2.000005E+1
-2.000005E+1
-2.000005E+1
-2.000005E+1
-2.000005E+1
-2.000005E+1
-2.000005E+1
-2.000005E+1
-2.000005E+1
-2.000005E+1
-2.000005E+1
-2.000005E+1
-2.000005E+1
-2.000005E+1
-1.460368E+1
-1.319101E+1
-1.261330E+1
-1.254274E+1
-1.276324E+1
-1.349383E+1
-1.577380E+1
-2.000005E+1
-2.000005E+1
-2.000005E+1
-2.000005E+1
-2.000005E+1
-2.000005E+1
-2.000005E+1
-2.000005E+1
-2.000005E+1
-2.000005E+1
-2.000005E+1
-2.000005E+1
-2.000005E+1
-2.000005E+1
-2.000005E+1
-2.000005E+1
-1.522843E+1
-1.384663E+1
-1.411858E+1
-1.698949E+1
-2.000005E+1
-2.000005E+1
-2.000005E+1
-2.000005E+1
-2.000005E+1
-2.000005E+1
-2.000005E+1
-2.000005E+1
-2.000005E+1
-2.000005E+1
-2.000005E+1
-2.000005E+1
-2.000005E+1
-2.000005E+1
-2.000005E+1
-2.000005E+1
-2.000005E+1
-2.000005E+1
-2.000005E+1
-2.000005E+1
-2.000005E+1
-2.000005E+1
-2.000005E+1
-2.000005E+1
-2.000005E+1
-2.000005E+1
-2.000005E+1
-2.000005E+1
-2.000005E+1
-2.000005E+1
-2.000005E+1
-2.000005E+1
-2.000005E+1
-2.000005E+1
-2.000005E+1
-2.000005E+1
-2.000005E+1
-2.000005E+1
-2.000005E+1
-2.000005E+1
-2.000005E+1
-2.000005E+1
-2.000005E+1
-2.000005E+1
-2.000005E+1
-2.000005E+1
-2.000005E+1
-2.000005E+1
-2.000005E+1
-2.000005E+1
-1.577380E+1
-1.319101E+1
-1.210027E+1
-1.146082E+1
-1.107274E+1
-1.086841E+1
-1.074346E+1
-1.062439E+1
-1.048327E+1
-1.027747E+1
-1.002169E+1
-9.752678E+0
-9.480728E+0
-9.238178E+0
-9.061778E+0
-8.964758E+0
-8.964758E+0
-9.089708E+0
-9.363128E+0
-9.811478E+0
-1.056706E+1
-1.204441E+1
-2.000005E+1
-2.000005E+1
-2.000005E+1
-2.000005E+1
-2.000005E+1
-2.000005E+1
-2.000005E+1
-2.000005E+1
-2.000005E+1
-2.000005E+1
-2.000005E+1
-2.000005E+1
-2.000005E+1
-2.000005E+1
-2.000005E+1
-2.000005E+1
-1.460368E+1
-1.133734E+1
-1.004374E+1
-9.299918E+0
-8.808938E+0
-8.504648E+0
-8.367938E+0
-8.357648E+0
-8.482598E+0
-8.735438E+0
-9.133808E+0
-9.695348E+0
-1.037743E+1
-1.121974E+1
-1.204441E+1
-1.268680E+1
-1.268680E+1
-1.240750E+1
-1.198855E+1
-1.173277E+1
-1.168573E+1
-1.193563E+1
-1.247365E+1
-1.372315E+1
-1.761424E+1
-2.000005E+1
-2.000005E+1
-2.000005E+1
-2.000005E+1
-2.000005E+1
-2.000005E+1
-2.000005E+1
-2.000005E+1
-2.000005E+1
-2.000005E+1
-2.000005E+1
-2.000005E+1
-2.000005E+1
-2.000005E+1
-2.000005E+1
-2.000005E+1
-2.000005E+1
-2.000005E+1
-2.000005E+1
-2.000005E+1
-2.000005E+1
-2.000005E+1
-2.000005E+1
-2.000005E+1
-2.000005E+1
-2.000005E+1
-2.000005E+1
-2.000005E+1
-2.000005E+1
-2.000005E+1
-2.000005E+1
-2.000005E+1
-2.000005E+1
-2.000005E+1
-2.000005E+1
-2.000005E+1
-2.000005E+1
-2.000005E+1
-2.000005E+1
-2.000005E+1
-1.443022E+1
-1.193563E+1
-1.074346E+1
-9.955538E+0
-9.413108E+0
-9.033848E+0
-8.783948E+0
-8.651648E+0
-8.663408E+0
-8.822168E+0
-9.163208E+0
-9.773258E+0
-1.090222E+1
-1.397893E+1
-2.000005E+1
-2.000005E+1
-2.000005E+1
-2.000005E+1
-2.000005E+1
-2.000005E+1
-2.000005E+1
-2.000005E+1
-2.000005E+1
-2.000005E+1
-2.000005E+1
-2.000005E+1
-2.000005E+1
-2.000005E+1
-2.000005E+1
-2.000005E+1
-2.000005E+1
-2.000005E+1
-2.000005E+1
-2.000005E+1
-2.000005E+1
-2.000005E+1
-1.522843E+1
-1.372315E+1
-1.309840E+1
-1.292494E+1
-1.301020E+1
-1.349383E+1
-1.443022E+1
-1.698949E+1
-2.000005E+1
-2.000005E+1
-2.000005E+1
-2.000005E+1
-2.000005E+1
-2.000005E+1
-2.000005E+1
-2.000005E+1
-2.000005E+1
-2.000005E+1
-2.000005E+1
-2.000005E+1
-2.000005E+1
-2.000005E+1
-2.000005E+1
-2.000005E+1
-2.000005E+1
-2.000005E+1
-2.000005E+1
-2.000005E+1
-1.146082E+1
-9.999638E+0
-9.192608E+0
-8.710448E+0
-8.429678E+0
-8.316488E+0
-8.357648E+0
-8.526698E+0
-8.858918E+0
-9.396938E+0
-1.025248E+1
-1.193563E+1
-2.000005E+1
-2.000005E+1
-2.000005E+1
-2.000005E+1
-2.000005E+1
-2.000005E+1
-2.000005E+1
-2.000005E+1
-2.000005E+1
-2.000005E+1
-2.000005E+1
-2.000005E+1
-2.000005E+1
-2.000005E+1
-2.000005E+1
-2.000005E+1
-1.372315E+1
-1.159312E+1
-1.065379E+1
-1.008784E+1
-9.773258E+0
-9.676238E+0
-9.733568E+0
-9.934958E+0
-1.032745E+1
-1.093456E+1
-1.188271E+1
-1.328803E+1
-1.650439E+1
-2.000005E+1
-2.000005E+1
-2.000005E+1
-2.000005E+1
-2.000005E+1
-2.000005E+1
-1.610896E+1
-1.426852E+1
-1.349383E+1
-1.338799E+1
-1.372315E+1
-1.522843E+1
-2.000005E+1
-2.000005E+1
-2.000005E+1
-2.000005E+1
-2.000005E+1
-2.000005E+1
-2.000005E+1
-2.000005E+1
-2.000005E+1
-2.000005E+1
-2.000005E+1
-2.000005E+1
-2.000005E+1
-2.000005E+1
-2.000005E+1
-2.000005E+1
-1.650439E+1
-1.276324E+1
-1.146082E+1
-1.071259E+1
-1.020397E+1
-9.873218E+0
-9.695348E+0
-9.621848E+0
-9.639488E+0
-9.733568E+0
-9.893798E+0
-1.013341E+1
-1.040389E+1
-1.074346E+1
-1.110802E+1
-1.150492E+1
-1.193563E+1
-1.240750E+1
-1.276324E+1
-1.301020E+1
-1.292494E+1
-1.261330E+1
-1.210027E+1
-1.150492E+1
-1.093456E+1
-1.045681E+1
-1.010989E+1
-9.852638E+0
-9.676238E+0
-9.585098E+0
-9.585098E+0
-9.639488E+0
-9.792368E+0
-9.999638E+0
-1.030099E+1
-1.074346E+1
-1.141966E+1
-1.261330E+1
-1.577380E+1
-2.000005E+1
-2.000005E+1
-2.000005E+1
-2.000005E+1
-2.000005E+1
-2.000005E+1
-2.000005E+1
-2.000005E+1
-1.301020E+1
-1.118152E+1
-1.032745E+1
-9.811478E+0
-9.549818E+0
-9.413108E+0
-9.396938E+0
-9.429278E+0
-9.463088E+0
-9.429278E+0
-9.316088E+0
-9.133808E+0
-8.885378E+0
-8.628128E+0
-8.398808E+0
-8.219468E+0
-8.116568E+0
-8.097458E+0
-8.170958E+0
-8.367938E+0
-8.710448E+0
-9.269048E+0
-1.015693E+1
-1.188271E+1
-2.000005E+1
-2.000005E+1
-2.000005E+1
-2.000005E+1
-2.000005E+1
-2.000005E+1
-2.000005E+1
-2.000005E+1
-2.000005E+1
-2.000005E+1
-2.000005E+1
-2.000005E+1
-2.000005E+1
-2.000005E+1
-2.000005E+1
-2.000005E+1
-2.000005E+1
-2.000005E+1
-2.000005E+1
-2.000005E+1
-2.000005E+1
-2.000005E+1
-2.000005E+1
-2.000005E+1
-1.411858E+1
-1.159312E+1
-1.043035E+1
-9.752678E+0
-9.346958E+0
-9.119108E+0
-9.075008E+0
-9.207308E+0
-9.549818E+0
-1.015693E+1
-1.118152E+1
-1.338799E+1
-2.000005E+1
-2.000005E+1
-2.000005E+1
-2.000005E+1
-2.000005E+1
-2.000005E+1
-2.000005E+1
-2.000005E+1
-1.183273E+1
-1.027747E+1
-9.413108E+0
-8.858918E+0
-8.504648E+0
-8.287088E+0
-8.200358E+0
-8.200358E+0
-8.276798E+0
-8.409098E+0
-8.582558E+0
-8.772188E+0
-8.977988E+0
-9.177908E+0
-9.363128E+0
-9.532178E+0
-9.676238E+0
-9.852638E+0
-1.002169E+1
-1.022749E+1
-1.045681E+1
-1.080520E+1
-1.129765E+1
-1.198855E+1
-1.309840E+1
-1.610896E+1
-2.000005E+1
-2.000005E+1
-2.000005E+1
-2.000005E+1
-2.000005E+1
-2.000005E+1
-2.000005E+1
-2.000005E+1
-2.000005E+1
-2.000005E+1
-2.000005E+1
-2.000005E+1
-2.000005E+1
-2.000005E+1
-2.000005E+1
-2.000005E+1
-2.000005E+1
-2.000005E+1
-2.000005E+1
-2.000005E+1
-2.000005E+1
-2.000005E+1
-2.000005E+1
-2.000005E+1
-2.000005E+1
-2.000005E+1
-2.000005E+1
-2.000005E+1
-2.000005E+1
-2.000005E+1
-2.000005E+1
-2.000005E+1
-2.000005E+1
-2.000005E+1
-2.000005E+1
-2.000005E+1
-2.000005E+1
-2.000005E+1
-2.000005E+1
-2.000005E+1
-2.000005E+1
-2.000005E+1
-2.000005E+1
-2.000005E+1
-2.000005E+1
-2.000005E+1
-2.000005E+1
-2.000005E+1
-2.000005E+1
-1.479331E+1
-1.227961E+1
-1.121974E+1
-1.065379E+1
-1.037743E+1
-1.030099E+1
-1.040389E+1
-1.068319E+1
-1.121974E+1
-1.215907E+1
-1.443022E+1
-2.000005E+1
-2.000005E+1
-2.000005E+1
-2.000005E+1
-2.000005E+1
-2.000005E+1
-2.000005E+1
-2.000005E+1
-2.000005E+1
-2.000005E+1
-2.000005E+1
-2.000005E+1
-2.000005E+1
-2.000005E+1
-2.000005E+1
-2.000005E+1
-2.000005E+1
-2.000005E+1
-2.000005E+1
-2.000005E+1
-2.000005E+1
-2.000005E+1
-2.000005E+1
-2.000005E+1
-2.000005E+1
-1.247365E+1
-1.114477E+1
-1.053913E+1
-1.030099E+1
-1.040389E+1
-1.093456E+1
-1.240750E+1
-2.000005E+1
-2.000005E+1
-2.000005E+1
-2.000005E+1
-2.000005E+1
-2.000005E+1
-2.000005E+1
-2.000005E+1
-2.000005E+1
-2.000005E+1
-2.000005E+1
-2.000005E+1
-2.000005E+1
-2.000005E+1
-2.000005E+1
-2.000005E+1
-2.000005E+1
-2.000005E+1
-2.000005E+1
-2.000005E+1
-2.000005E+1
-1.610896E+1
-1.479331E+1
-1.426852E+1
-1.397893E+1
-1.338799E+1
-1.276324E+1
-1.210027E+1
-1.154902E+1
-1.107274E+1
-1.080520E+1
-1.074346E+1
-1.090222E+1
-1.137850E+1
-1.254274E+1
-2.000005E+1
-2.000005E+1
-2.000005E+1
-2.000005E+1
-2.000005E+1
-2.000005E+1
-2.000005E+1
-2.000005E+1
-2.000005E+1
-2.000005E+1
-2.000005E+1
-2.000005E+1
-2.000005E+1
-2.000005E+1
-2.000005E+1
-2.000005E+1
-2.000005E+1
-2.000005E+1
-2.000005E+1
-2.000005E+1
-2.000005E+1
-2.000005E+1
-2.000005E+1
-2.000005E+1
-2.000005E+1
-2.000005E+1
-2.000005E+1
-2.000005E+1
-2.000005E+1
-2.000005E+1
-1.276324E+1
-1.114477E+1
-1.022749E+1
-9.585098E+0
-9.133808E+0
-8.833928E+0
-8.686928E+0
-8.663408E+0
-8.795708E+0
-9.089708E+0
-9.621848E+0
-1.053913E+1
-1.247365E+1
-2.000005E+1
-2.000005E+1
-2.000005E+1
-2.000005E+1
-2.000005E+1
-2.000005E+1
-2.000005E+1
-2.000005E+1
-2.000005E+1
-2.000005E+1
-2.000005E+1
-2.000005E+1
-2.000005E+1
-2.000005E+1
-2.000005E+1
-2.000005E+1
-2.000005E+1
-2.000005E+1
-2.000005E+1
-2.000005E+1
-2.000005E+1
-2.000005E+1
-2.000005E+1
-2.000005E+1
-2.000005E+1
-1.849477E+1
-1.397893E+1
-1.227961E+1
-1.114477E+1
-1.022749E+1
-9.514538E+0
-8.938298E+0
-8.472308E+0
-8.107748E+0
-7.841678E+0
-7.672628E+0
-7.584428E+0
-7.569728E+0
-7.621178E+0
-7.724078E+0
-7.874018E+0
-8.044538E+0
-8.238578E+0
-8.429678E+0
-8.616368E+0
-8.808938E+0
-9.033848E+0
-9.330788E+0
-9.733568E+0
-1.032745E+1
-1.125796E+1
-1.309840E+1
-2.000005E+1
-2.000005E+1
-2.000005E+1
-2.000005E+1
-2.000005E+1
-2.000005E+1
-2.000005E+1
-2.000005E+1
-2.000005E+1
-2.000005E+1
-2.000005E+1
-2.000005E+1
-2.000005E+1
-2.000005E+1
-2.000005E+1
-2.000005E+1
-2.000005E+1
-2.000005E+1
-2.000005E+1
-2.000005E+1
-2.000005E+1
-2.000005E+1
-2.000005E+1
-2.000005E+1
-2.000005E+1
-2.000005E+1
-2.000005E+1
-2.000005E+1
-2.000005E+1
-2.000005E+1
-2.000005E+1
-1.610896E+1
-1.328803E+1
-1.193563E+1
-1.107274E+1
-1.045681E+1
-1.006579E+1
-9.832058E+0
-9.773258E+0
-9.914378E+0
-1.035244E+1
-1.125796E+1
-1.384663E+1
-2.000005E+1
-2.000005E+1
-2.000005E+1
-2.000005E+1
-2.000005E+1
-2.000005E+1
-2.000005E+1
-2.000005E+1
-2.000005E+1
-2.000005E+1
-2.000005E+1
-2.000005E+1
-2.000005E+1
-2.000005E+1
-1.577380E+1
-1.025248E+1
-8.977988E+0
-8.316488E+0
-7.982798E+0
-7.874018E+0
-7.932818E+0
-8.170958E+0
-8.582558E+0
-9.222008E+0
-1.022749E+1
-1.198855E+1
-2.000005E+1
-2.000005E+1
-2.000005E+1
-2.000005E+1
-2.000005E+1
-2.000005E+1
-2.000005E+1
-2.000005E+1
-2.000005E+1
-2.000005E+1
-2.000005E+1
-2.000005E+1
-2.000005E+1
-2.000005E+1
-2.000005E+1
-1.319101E+1
-1.086841E+1
-9.873218E+0
-9.283748E+0
-8.925068E+0
-8.698688E+0
-8.594318E+0
-8.594318E+0
-8.686928E+0
-8.898608E+0
-9.238178E+0
-9.773258E+0
-1.068319E+1
-1.254274E+1
-2.000005E+1
-2.000005E+1
-2.000005E+1
-2.000005E+1
-2.000005E+1
-2.000005E+1
-2.000005E+1
-2.000005E+1
-2.000005E+1
-2.000005E+1
-2.000005E+1
-2.000005E+1
-2.000005E+1
-2.000005E+1
-2.000005E+1
-2.000005E+1
-2.000005E+1
-2.000005E+1
-2.000005E+1
-2.000005E+1
-2.000005E+1
-2.000005E+1
-2.000005E+1
-2.000005E+1
-2.000005E+1
-2.000005E+1
-2.000005E+1
-2.000005E+1
-2.000005E+1
-2.000005E+1
-2.000005E+1
-2.000005E+1
-2.000005E+1
-2.000005E+1
-2.000005E+1
-2.000005E+1
-2.000005E+1
-2.000005E+1
-2.000005E+1
-2.000005E+1
-2.000005E+1
-2.000005E+1
-2.000005E+1
-2.000005E+1
-2.000005E+1
-2.000005E+1
-2.000005E+1
-2.000005E+1
-2.000005E+1
-2.000005E+1
-1.610896E+1
-1.499911E+1
-1.479331E+1
-1.479331E+1
-1.499911E+1
-1.499911E+1
-1.479331E+1
-1.479331E+1
-1.548421E+1
-1.849477E+1
-2.000005E+1
-2.000005E+1
-2.000005E+1
-2.000005E+1
-2.000005E+1
-2.000005E+1
-2.000005E+1
-2.000005E+1
-2.000005E+1
-2.000005E+1
-2.000005E+1
-2.000005E+1
-2.000005E+1
-1.577380E+1
-1.210027E+1
-1.083607E+1
-1.006579E+1
-9.532178E+0
-9.148508E+0
-8.872148E+0
-8.686928E+0
-8.560508E+0
-8.494358E+0
-8.462018E+0
-8.472308E+0
-8.504648E+0
-8.570798E+0
-8.675168E+0
-8.822168E+0
-9.047078E+0
-9.346958E+0
-9.773258E+0
-1.035244E+1
-1.114477E+1
-1.227961E+1
-1.411858E+1
-2.000005E+1
-2.000005E+1
-2.000005E+1
-2.000005E+1
-2.000005E+1
-2.000005E+1
-2.000005E+1
-2.000005E+1
-2.000005E+1
-2.000005E+1
-2.000005E+1
-2.000005E+1
-2.000005E+1
-2.000005E+1
-2.000005E+1
-2.000005E+1
-2.000005E+1
-2.000005E+1
-2.000005E+1
-2.000005E+1
-2.000005E+1
-2.000005E+1
-2.000005E+1
-2.000005E+1
-2.000005E+1
-2.000005E+1
-2.000005E+1
-2.000005E+1
-2.000005E+1
-2.000005E+1
-2.000005E+1
-2.000005E+1
-2.000005E+1
-2.000005E+1
-2.000005E+1
-2.000005E+1
-2.000005E+1
-2.000005E+1
-2.000005E+1
-2.000005E+1
-2.000005E+1
-2.000005E+1
-2.000005E+1
-2.000005E+1
-2.000005E+1
-2.000005E+1
-2.000005E+1
-2.000005E+1
-2.000005E+1
-2.000005E+1
-2.000005E+1
-2.000005E+1
-2.000005E+1
-2.000005E+1
-2.000005E+1
-1.292494E+1
-1.137850E+1
-1.059499E+1
-1.018045E+1
-9.955538E+0
-9.832058E+0
-9.811478E+0
-9.792368E+0
-9.773258E+0
-9.695348E+0
-9.549818E+0
-9.346958E+0
-9.148508E+0
-8.938298E+0
-8.783948E+0
-8.686928E+0
-8.663408E+0
-8.735438E+0
-8.911838E+0
-9.192608E+0
-9.639488E+0
-1.027747E+1
-1.118152E+1
-1.276324E+1
-2.000005E+1
-2.000005E+1
-2.000005E+1
-2.000005E+1
-2.000005E+1
-2.000005E+1
-2.000005E+1
-2.000005E+1
-2.000005E+1
-2.000005E+1
-2.000005E+1
-2.000005E+1
-2.000005E+1
-2.000005E+1
-2.000005E+1
-2.000005E+1
-2.000005E+1
-2.000005E+1
-2.000005E+1
-2.000005E+1
-2.000005E+1
-2.000005E+1
-2.000005E+1
-2.000005E+1
-1.168573E+1
-1.027747E+1
-9.549818E+0
-9.133808E+0
-8.925068E+0
-8.898608E+0
-9.019148E+0
-9.346958E+0
-9.914378E+0
-1.090222E+1
-1.301020E+1
-2.000005E+1
-2.000005E+1
-2.000005E+1
-2.000005E+1
-2.000005E+1
-2.000005E+1
-2.000005E+1
-2.000005E+1
-2.000005E+1
-2.000005E+1
-2.000005E+1
-2.000005E+1
-2.000005E+1
-2.000005E+1
-2.000005E+1
-2.000005E+1
-2.000005E+1
-2.000005E+1
-2.000005E+1
-2.000005E+1
-2.000005E+1
-2.000005E+1
-2.000005E+1
-2.000005E+1
-2.000005E+1
-1.426852E+1
-1.133734E+1
-1.020397E+1
-9.602738E+0
-9.252878E+0
-9.104408E+0
-9.061778E+0
-9.104408E+0
-9.207308E+0
-9.346958E+0
-9.496898E+0
-9.676238E+0
-9.852638E+0
-1.008784E+1
-1.040389E+1
-1.093456E+1
-1.173277E+1
-1.319101E+1
-2.000005E+1
-2.000005E+1
-2.000005E+1
-2.000005E+1
-2.000005E+1
-2.000005E+1
-2.000005E+1
-1.650439E+1
-1.227961E+1
-1.090222E+1
-1.010989E+1
-9.639488E+0
-9.363128E+0
-9.299918E+0
-9.413108E+0
-9.733568E+0
-1.030099E+1
-1.129765E+1
-1.349383E+1
-2.000005E+1
-2.000005E+1
-2.000005E+1
-2.000005E+1
-2.000005E+1
-2.000005E+1
-2.000005E+1
-2.000005E+1
-2.000005E+1
-2.000005E+1
-1.479331E+1
-1.397893E+1
-1.397893E+1
-1.499911E+1
-1.849477E+1
-2.000005E+1
-2.000005E+1
-2.000005E+1
-2.000005E+1
-1.849477E+1
-1.426852E+1
-1.301020E+1
-1.240750E+1
-1.221787E+1
-1.247365E+1
-1.349383E+1
-1.650439E+1
-2.000005E+1
-2.000005E+1
-2.000005E+1
-2.000005E+1
-2.000005E+1
-2.000005E+1
-2.000005E+1
-2.000005E+1
-2.000005E+1
-1.761424E+1
-1.426852E+1
-1.284262E+1
-1.178275E+1
-1.086841E+1
-1.008784E+1
-9.396938E+0
-8.833928E+0
-8.388518E+0
-8.062178E+0
-7.834328E+0
-7.709378E+0
-7.665278E+0
-7.709378E+0
-7.818158E+0
-7.982798E+0
-8.170958E+0
-8.378228E+0
-8.570798E+0
-8.758958E+0
-8.911838E+0
-9.075008E+0
-9.238178E+0
-9.463088E+0
-9.773258E+0
-1.020397E+1
-1.080520E+1
-1.173277E+1
-1.328803E+1
-1.761424E+1
-2.000005E+1
-2.000005E+1
-2.000005E+1
-2.000005E+1
-2.000005E+1
-2.000005E+1
-2.000005E+1
-2.000005E+1
-2.000005E+1
-2.000005E+1
-2.000005E+1
-2.000005E+1
-2.000005E+1
-2.000005E+1
-2.000005E+1
-2.000005E+1
-2.000005E+1
-2.000005E+1
-2.000005E+1
-2.000005E+1
-1.548421E+1
-1.460368E+1
-1.443022E+1
-1.479331E+1
-1.548421E+1
-1.610896E+1
-1.577380E+1
-1.426852E+1
-1.292494E+1
-1.178275E+1
-1.090222E+1
-1.025248E+1
-9.792368E+0
-9.549818E+0
-9.532178E+0
-9.773258E+0
-1.037743E+1
-1.183273E+1
-2.000005E+1
-2.000005E+1
-2.000005E+1
-2.000005E+1
-2.000005E+1
-2.000005E+1
-2.000005E+1
-2.000005E+1
-2.000005E+1
-2.000005E+1
-2.000005E+1
-2.000005E+1
-2.000005E+1
-2.000005E+1
-2.000005E+1
-2.000005E+1
-2.000005E+1
-2.000005E+1
-2.000005E+1
-2.000005E+1
-2.000005E+1
-2.000005E+1
-2.000005E+1
-2.000005E+1
-2.000005E+1
-2.000005E+1
-2.000005E+1
-2.000005E+1
-2.000005E+1
-2.000005E+1
-2.000005E+1
-2.000005E+1
-2.000005E+1
-2.000005E+1
-2.000005E+1
-2.000005E+1
-2.000005E+1
-2.000005E+1
-2.000005E+1
-2.000005E+1
-2.000005E+1
-2.000005E+1
-2.000005E+1
-2.000005E+1
-2.000005E+1
-2.000005E+1
-2.000005E+1
-2.000005E+1
-2.000005E+1
-2.000005E+1
-2.000005E+1
-2.000005E+1
-1.610896E+1
-1.268680E+1
-1.168573E+1
-1.129765E+1
-1.118152E+1
-1.129765E+1
-1.159312E+1
-1.210027E+1
-1.268680E+1
-1.349383E+1
-1.426852E+1
-1.499911E+1
-1.548421E+1
-1.522843E+1
-1.443022E+1
-1.349383E+1
-1.268680E+1
-1.204441E+1
-1.146082E+1
-1.107274E+1
-1.080520E+1
-1.071259E+1
-1.080520E+1
-1.107274E+1
-1.163869E+1
-1.268680E+1
-1.460368E+1
-2.000005E+1
-2.000005E+1
-2.000005E+1
-2.000005E+1
-2.000005E+1
-1.397893E+1
-1.215907E+1
-1.118152E+1
-1.056706E+1
-1.015693E+1
-9.934958E+0
-9.811478E+0
-9.752678E+0
-9.695348E+0
-9.639488E+0
-9.532178E+0
-9.363128E+0
-9.148508E+0
-8.911838E+0
-8.663408E+0
-8.462018E+0
-8.306198E+0
-8.219468E+0
-8.238578E+0
-8.378228E+0
-8.675168E+0
-9.177908E+0
-9.999638E+0
-1.141966E+1
-1.610896E+1
-2.000005E+1
-2.000005E+1
-2.000005E+1
-2.000005E+1
-2.000005E+1
-2.000005E+1
-2.000005E+1
-1.397893E+1
-1.284262E+1
-1.284262E+1
-1.384663E+1
-2.000005E+1
-2.000005E+1
-2.000005E+1
-2.000005E+1
-2.000005E+1
-2.000005E+1
-2.000005E+1
-2.000005E+1
-2.000005E+1
-2.000005E+1
-2.000005E+1
-2.000005E+1
-2.000005E+1
-2.000005E+1
-2.000005E+1
-2.000005E+1
-2.000005E+1
-2.000005E+1
-2.000005E+1
-1.443022E+1
-1.159312E+1
-1.053913E+1
-9.977588E+0
-9.695348E+0
-9.567458E+0
-9.549818E+0
-9.602738E+0
-9.695348E+0
-9.752678E+0
-9.773258E+0
-9.714458E+0
-9.585098E+0
-9.396938E+0
-9.192608E+0
-8.992688E+0
-8.833928E+0
-8.710448E+0
-8.628128E+0
-8.594318E+0
-8.604608E+0
-8.663408E+0
-8.758958E+0
-8.911838E+0
-9.119108E+0
-9.379298E+0
-9.714458E+0
-1.010989E+1
-1.062439E+1
-1.121974E+1
-1.204441E+1
-1.319101E+1
-1.548421E+1
-2.000005E+1
-2.000005E+1
-2.000005E+1
-2.000005E+1
-2.000005E+1
-2.000005E+1
-2.000005E+1
-2.000005E+1
-2.000005E+1
-2.000005E+1
-2.000005E+1
-2.000005E+1
-2.000005E+1
-2.000005E+1
-2.000005E+1
-1.268680E+1
-1.107274E+1
-1.032745E+1
-9.914378E+0
-9.733568E+0
-9.695348E+0
-9.773258E+0
-9.914378E+0
-1.008784E+1
-1.027747E+1
-1.040389E+1
-1.051120E+1
-1.059499E+1
-1.074346E+1
-1.096837E+1
-1.129765E+1
-1.183273E+1
-1.261330E+1
-1.397893E+1
-1.650439E+1
-2.000005E+1
-2.000005E+1
-2.000005E+1
-2.000005E+1
-2.000005E+1
-2.000005E+1
-2.000005E+1
-2.000005E+1
-2.000005E+1
-2.000005E+1
-2.000005E+1
-2.000005E+1
-2.000005E+1
-2.000005E+1
-2.000005E+1
-2.000005E+1
-2.000005E+1
-2.000005E+1
-2.000005E+1
-2.000005E+1
-2.000005E+1
-2.000005E+1
-2.000005E+1
-2.000005E+1
-2.000005E+1
-2.000005E+1
-1.240750E+1
-1.051120E+1
-9.658598E+0
-9.192608E+0
-8.938298E+0
-8.822168E+0
-8.783948E+0
-8.795708E+0
-8.833928E+0
-8.847158E+0
-8.833928E+0
-8.783948E+0
-8.722208E+0
-8.651648E+0
-8.594318E+0
-8.570798E+0
-8.594318E+0
-8.686928E+0
-8.847158E+0
-9.104408E+0
-9.480728E+0
-1.004374E+1
-1.086841E+1
-1.227961E+1
-1.610896E+1
-2.000005E+1
-2.000005E+1
-2.000005E+1
-2.000005E+1
-2.000005E+1
-2.000005E+1
-2.000005E+1
-2.000005E+1
-2.000005E+1
-2.000005E+1
-2.000005E+1
-1.522843E+1
-1.210027E+1
-1.077433E+1
-9.934958E+0
-9.396938E+0
-9.075008E+0
-8.911838E+0
-8.898608E+0
-9.019148E+0
-9.269048E+0
-9.639488E+0
-1.010989E+1
-1.062439E+1
-1.114477E+1
-1.163869E+1
-1.198855E+1
-1.221787E+1
-1.240750E+1
-1.268680E+1
-1.328803E+1
-1.479331E+1
-2.000005E+1
-2.000005E+1
-2.000005E+1
-2.000005E+1
-2.000005E+1
-2.000005E+1
-2.000005E+1
-2.000005E+1
-2.000005E+1
-1.309840E+1
-1.141966E+1
-1.048327E+1
-9.852638E+0
-9.413108E+0
-9.104408E+0
-8.885378E+0
-8.722208E+0
-8.628128E+0
-8.582558E+0
-8.582558E+0
-8.651648E+0
-8.783948E+0
-9.005918E+0
-9.330788E+0
-9.792368E+0
-1.048327E+1
-1.154902E+1
-1.360555E+1
-2.000005E+1
-2.000005E+1
-2.000005E+1
-2.000005E+1
-2.000005E+1
-2.000005E+1
-2.000005E+1
-2.000005E+1
-2.000005E+1
-2.000005E+1
-2.000005E+1
-1.610896E+1
-1.443022E+1
-1.349383E+1
-1.276324E+1
-1.221787E+1
-1.168573E+1
-1.121974E+1
-1.077433E+1
-1.040389E+1
-1.015693E+1
-9.977588E+0
-9.873218E+0
-9.873218E+0
-9.955538E+0
-1.010989E+1
-1.032745E+1
-1.053913E+1
-1.071259E+1
-1.077433E+1
-1.065379E+1
-1.043035E+1
-1.010989E+1
-9.811478E+0
-9.514538E+0
-9.269048E+0
-9.119108E+0
-9.033848E+0
-9.019148E+0
-9.075008E+0
-9.177908E+0
-9.330788E+0
-9.532178E+0
