Date/Time	2022-06-06 03:17:17
Line location	1
Line name	A1
OTDR wavelength [nm]	1310
OTDR pulse duration [ns]	2
OTDR scan time [s]	10
OTDR scan length [m]	1.500000E+2
Length offset [m]	0.000000E+0
Length increment [m]	3.996806E-2
Switch ID	VIAVI Solutions,OTU 8000E,11654,FO,16.76
OTDR ID	JDSU,OTU 8000E,11654,OTU(SmartOTU),V7.22

Reflected amplitude [dB]
6.694220E-1
6.606020E-1
6.282620E-1
5.812220E-1
5.356520E-1
4.959620E-1
4.650920E-1
4.415720E-1
4.254020E-1
4.268720E-1
4.606820E-1
5.150720E-1
5.709320E-1
6.209120E-1
6.606020E-1
6.914720E-1
7.120520E-1
7.267520E-1
7.341020E-1
7.326320E-1
7.135220E-1
6.606020E-1
5.856320E-1
5.047820E-1
4.209920E-1
3.313220E-1
2.372420E-1
1.461020E-1
6.525200E-2
-5.308000E-3
-6.557800E-2
-1.184980E-1
-1.640680E-1
-2.022880E-1
-2.360980E-1
-2.640280E-1
-2.875480E-1
-3.066580E-1
-3.213580E-1
-3.331180E-1
-3.434080E-1
-3.492880E-1
-3.551680E-1
-3.595780E-1
-3.639880E-1
-3.698680E-1
-3.772180E-1
-3.875080E-1
-3.992680E-1
-4.124980E-1
-4.271980E-1
-4.404280E-1
-4.551280E-1
-4.668880E-1
-4.786480E-1
-4.904080E-1
-5.006980E-1
-5.124580E-1
-5.242180E-1
-5.359780E-1
-5.492080E-1
-5.624380E-1
-5.741980E-1
-5.874280E-1
-5.977180E-1
-6.065380E-1
-6.138880E-1
-6.168280E-1
-6.182980E-1
-6.168280E-1
-6.109480E-1
-6.050680E-1
-5.977180E-1
-5.888980E-1
-5.815480E-1
-5.756680E-1
-5.727280E-1
-5.697880E-1
-5.683180E-1
-5.697880E-1
-5.697880E-1
-5.727280E-1
-5.741980E-1
-5.771380E-1
-5.786080E-1
-5.815480E-1
-5.830180E-1
-5.859580E-1
-5.874280E-1
-5.903680E-1
-5.933080E-1
-5.962480E-1
-6.021280E-1
-6.094780E-1
-6.182980E-1
-6.285880E-1
-6.403480E-1
-6.521080E-1
-6.623980E-1
-6.697480E-1
-6.756280E-1
-6.770980E-1
-6.756280E-1
-6.712180E-1
-6.653380E-1
-6.594580E-1
-6.521080E-1
-6.476980E-1
-6.432880E-1
-6.418180E-1
-6.418180E-1
-6.418180E-1
-6.432880E-1
-6.447580E-1
-6.447580E-1
-6.447580E-1
-6.418180E-1
-6.388780E-1
-6.359380E-1
-6.329980E-1
-6.315280E-1
-6.315280E-1
-6.329980E-1
-6.359380E-1
-6.403480E-1
-6.462280E-1
-6.535780E-1
-6.594580E-1
-6.638680E-1
-6.668080E-1
-6.682780E-1
-6.668080E-1
-6.638680E-1
-6.609280E-1
-6.565180E-1
-6.535780E-1
-6.506380E-1
-6.506380E-1
-6.521080E-1
-6.550480E-1
-6.594580E-1
-6.653380E-1
-6.697480E-1
-6.756280E-1
-6.197680E-1
-3.095980E-1
4.386320E-1
1.520552E+0
2.686262E+0
3.778472E+0
4.742792E+0
5.563052E+0
6.246602E+0
6.811082E+0
7.275602E+0
7.651922E+0
7.945922E+0
8.162012E+0
8.307542E+0
8.385452E+0
8.404562E+0
8.367812E+0
8.281082E+0
8.142902E+0
7.957682E+0
7.723952E+0
7.446122E+0
7.125662E+0
6.764042E+0
6.364202E+0
5.930552E+0
5.468972E+0
4.985342E+0
4.489952E+0
3.988682E+0
3.491822E+0
3.017012E+0
2.573072E+0
2.176172E+0
1.835132E+0
1.557302E+0
1.333862E+0
1.144232E+0
9.693020E-1
8.017220E-1
6.356120E-1
4.680320E-1
2.872220E-1
1.034720E-1
-6.263800E-2
-2.037580E-1
-3.198880E-1
-4.154380E-1
-4.933480E-1
-5.550880E-1
-6.050680E-1
-6.447580E-1
-6.741580E-1
-6.962080E-1
-7.123780E-1
-7.226680E-1
-7.300180E-1
-7.344280E-1
-7.373680E-1
-7.388380E-1
-7.373680E-1
-7.358980E-1
-7.329580E-1
-7.300180E-1
-7.256080E-1
-7.197280E-1
-7.167880E-1
-7.123780E-1
-7.109080E-1
-7.094380E-1
-7.079680E-1
-7.094380E-1
-7.094380E-1
-7.094380E-1
-7.094380E-1
-7.079680E-1
-7.064980E-1
-7.035580E-1
-7.006180E-1
-6.962080E-1
-6.932680E-1
-6.903280E-1
-6.873880E-1
-6.873880E-1
-6.873880E-1
-6.888580E-1
-6.917980E-1
-6.947380E-1
-6.991480E-1
-7.050280E-1
-7.109080E-1
-7.197280E-1
-7.285480E-1
-7.373680E-1
-7.491280E-1
-7.594180E-1
-7.682380E-1
-7.770580E-1
-7.829380E-1
-7.858780E-1
-7.873480E-1
-7.858780E-1
-7.844080E-1
-7.799980E-1
-7.770580E-1
-7.755880E-1
-7.741180E-1
-7.755880E-1
-7.785280E-1
-7.829380E-1
-7.888180E-1
-7.932280E-1
-7.976380E-1
-8.020480E-1
-8.020480E-1
-8.020480E-1
-8.005780E-1
-7.976380E-1
-7.946980E-1
-7.917580E-1
-7.888180E-1
-7.873480E-1
-7.858780E-1
-7.844080E-1
-7.829380E-1
-7.814680E-1
-7.785280E-1
-7.770580E-1
-7.726480E-1
-7.697080E-1
-7.652980E-1
-7.623580E-1
-7.579480E-1
-7.535380E-1
-7.491280E-1
-7.447180E-1
-7.388380E-1
-7.329580E-1
-7.285480E-1
-7.241380E-1
-7.211980E-1
-7.197280E-1
-7.211980E-1
-7.256080E-1
-7.314880E-1
-7.417780E-1
-7.535380E-1
-7.682380E-1
-7.814680E-1
-7.946980E-1
-8.064580E-1
-8.152780E-1
-8.211580E-1
-8.255680E-1
-8.270380E-1
-8.285080E-1
-8.299780E-1
-8.299780E-1
-8.314480E-1
-8.329180E-1
-8.329180E-1
-8.329180E-1
-8.314480E-1
-8.285080E-1
-8.240980E-1
-8.196880E-1
-8.138080E-1
-8.064580E-1
-8.005780E-1
-7.961680E-1
-7.917580E-1
-7.873480E-1
-7.829380E-1
-7.799980E-1
-7.785280E-1
-7.770580E-1
-7.770580E-1
-7.770580E-1
-7.785280E-1
-7.814680E-1
-7.844080E-1
-7.873480E-1
-7.902880E-1
-7.932280E-1
-7.961680E-1
-7.976380E-1
-7.976380E-1
-7.961680E-1
-7.917580E-1
-7.873480E-1
-7.799980E-1
-7.726480E-1
-7.638280E-1
-7.535380E-1
-7.432480E-1
-7.329580E-1
-7.241380E-1
-7.138480E-1
-7.020880E-1
-6.917980E-1
-6.815080E-1
-6.712180E-1
-6.609280E-1
-6.521080E-1
-6.447580E-1
-6.403480E-1
-6.388780E-1
-6.388780E-1
-6.418180E-1
-6.447580E-1
-6.506380E-1
-6.550480E-1
-6.609280E-1
-6.653380E-1
-6.697480E-1
-6.756280E-1
-6.800380E-1
-6.873880E-1
-6.947380E-1
-7.035580E-1
-7.123780E-1
-7.226680E-1
-7.329580E-1
-7.432480E-1
-7.520680E-1
-7.623580E-1
-7.711780E-1
-7.785280E-1
-7.858780E-1
-7.932280E-1
-8.005780E-1
-8.064580E-1
-8.123380E-1
-8.167480E-1
-8.196880E-1
-8.211580E-1
-8.196880E-1
-8.182180E-1
-8.138080E-1
-8.108680E-1
-8.064580E-1
-8.020480E-1
-7.991080E-1
-7.991080E-1
-8.005780E-1
-8.049880E-1
-8.093980E-1
-8.138080E-1
-8.182180E-1
-8.226280E-1
-8.240980E-1
-8.240980E-1
-8.226280E-1
-8.196880E-1
-8.152780E-1
-8.108680E-1
-8.049880E-1
-7.991080E-1
-7.932280E-1
-7.858780E-1
-7.785280E-1
-7.697080E-1
-7.608880E-1
-7.505980E-1
-7.388380E-1
-7.256080E-1
-7.123780E-1
-6.991480E-1
-6.873880E-1
-6.756280E-1
-6.638680E-1
-6.550480E-1
-6.462280E-1
-6.403480E-1
-6.374080E-1
-6.359380E-1
-6.374080E-1
-6.418180E-1
-6.476980E-1
-6.579880E-1
-6.682780E-1
-6.800380E-1
-6.917980E-1
-7.050280E-1
-7.167880E-1
-7.256080E-1
-7.344280E-1
-7.417780E-1
-7.476580E-1
-7.520680E-1
-7.564780E-1
-7.594180E-1
-7.623580E-1
-7.667680E-1
-7.711780E-1
-7.755880E-1
-7.785280E-1
-7.829380E-1
-7.858780E-1
-7.888180E-1
-7.902880E-1
-7.917580E-1
-7.917580E-1
-7.932280E-1
-7.946980E-1
-7.961680E-1
-8.005780E-1
-8.049880E-1
-8.093980E-1
-8.167480E-1
-8.226280E-1
-8.270380E-1
-8.314480E-1
-8.343880E-1
-8.329180E-1
-8.285080E-1
-8.226280E-1
-8.138080E-1
-8.035180E-1
-7.932280E-1
-7.829380E-1
-7.755880E-1
-7.682380E-1
-7.638280E-1
-7.623580E-1
-7.638280E-1
-7.667680E-1
-7.726480E-1
-7.785280E-1
-7.829380E-1
-7.873480E-1
-7.917580E-1
-7.932280E-1
-7.932280E-1
-7.917580E-1
-7.888180E-1
-7.858780E-1
-7.814680E-1
-7.785280E-1
-7.755880E-1
-7.741180E-1
-7.726480E-1
-7.726480E-1
-7.726480E-1
-7.755880E-1
-7.785280E-1
-7.829380E-1
-7.902880E-1
-7.961680E-1
-8.049880E-1
-8.123380E-1
-8.196880E-1
-8.255680E-1
-8.285080E-1
-8.299780E-1
-8.299780E-1
-8.270380E-1
-8.226280E-1
-8.196880E-1
-8.152780E-1
-8.123380E-1
-8.093980E-1
-8.064580E-1
-8.049880E-1
-8.035180E-1
-8.020480E-1
-8.005780E-1
-7.991080E-1
-7.976380E-1
-7.961680E-1
-7.946980E-1
-7.946980E-1
-7.932280E-1
-7.932280E-1
-7.917580E-1
-7.888180E-1
-7.873480E-1
-7.829380E-1
-7.799980E-1
-7.770580E-1
-7.741180E-1
-7.711780E-1
-7.711780E-1
-7.726480E-1
-7.741180E-1
-7.770580E-1
-7.799980E-1
-7.829380E-1
-7.844080E-1
-7.858780E-1
-7.844080E-1
-7.829380E-1
-7.799980E-1
-7.755880E-1
-7.711780E-1
-7.682380E-1
-7.638280E-1
-7.608880E-1
-7.564780E-1
-7.550080E-1
-7.520680E-1
-7.505980E-1
-7.505980E-1
-7.505980E-1
-7.535380E-1
-7.564780E-1
-7.594180E-1
-7.652980E-1
-7.711780E-1
-7.785280E-1
-7.858780E-1
-7.932280E-1
-8.020480E-1
-8.093980E-1
-8.167480E-1
-8.240980E-1
-8.285080E-1
-8.314480E-1
-8.314480E-1
-8.285080E-1
-8.226280E-1
-8.152780E-1
-8.079280E-1
-7.991080E-1
-7.902880E-1
-7.829380E-1
-7.785280E-1
-7.770580E-1
-7.770580E-1
-7.785280E-1
-7.829380E-1
-7.902880E-1
-7.976380E-1
-8.079280E-1
-8.167480E-1
-8.270380E-1
-8.358580E-1
-8.432080E-1
-8.490880E-1
-8.520280E-1
-8.534980E-1
-8.520280E-1
-8.490880E-1
-8.461480E-1
-8.417380E-1
-8.387980E-1
-8.358580E-1
-8.329180E-1
-8.314480E-1
-8.285080E-1
-8.240980E-1
-8.182180E-1
-8.123380E-1
-8.035180E-1
-7.946980E-1
-7.858780E-1
-7.755880E-1
-7.652980E-1
-7.564780E-1
-7.461880E-1
-7.373680E-1
-7.285480E-1
-7.211980E-1
-7.167880E-1
-7.138480E-1
-7.138480E-1
-7.182580E-1
-7.256080E-1
-7.373680E-1
-7.505980E-1
-7.652980E-1
-7.814680E-1
-7.961680E-1
-8.093980E-1
-8.211580E-1
-8.299780E-1
-8.373280E-1
-8.432080E-1
-8.461480E-1
-8.490880E-1
-8.520280E-1
-8.534980E-1
-8.564380E-1
-8.579080E-1
-8.579080E-1
-8.593780E-1
-8.593780E-1
-8.579080E-1
-8.549680E-1
-8.520280E-1
-8.476180E-1
-8.432080E-1
-8.373280E-1
-8.329180E-1
-8.285080E-1
-8.226280E-1
-8.182180E-1
-8.138080E-1
-8.079280E-1
-8.035180E-1
-7.976380E-1
-7.932280E-1
-7.873480E-1
-7.844080E-1
-7.814680E-1
-7.799980E-1
-7.785280E-1
-7.785280E-1
-7.785280E-1
-7.785280E-1
-7.785280E-1
-7.785280E-1
-7.770580E-1
-7.770580E-1
-7.755880E-1
-7.755880E-1
-7.741180E-1
-7.741180E-1
-7.755880E-1
-7.770580E-1
-7.799980E-1
-7.844080E-1
-7.888180E-1
-7.946980E-1
-8.020480E-1
-8.079280E-1
-8.123380E-1
-8.152780E-1
-8.167480E-1
-8.167480E-1
-8.152780E-1
-8.123380E-1
-8.108680E-1
-8.093980E-1
-8.093980E-1
-8.108680E-1
-8.138080E-1
-8.167480E-1
-8.196880E-1
-8.240980E-1
-8.270380E-1
-8.299780E-1
-8.314480E-1
-8.343880E-1
-8.343880E-1
-8.343880E-1
-8.329180E-1
-8.314480E-1
-8.270380E-1
-8.211580E-1
-8.138080E-1
-8.049880E-1
-7.961680E-1
-7.873480E-1
-7.785280E-1
-7.711780E-1
-7.667680E-1
-7.623580E-1
-7.594180E-1
-7.579480E-1
-7.564780E-1
-7.550080E-1
-7.550080E-1
-7.535380E-1
-7.520680E-1
-7.505980E-1
-7.491280E-1
-7.476580E-1
-7.461880E-1
-7.447180E-1
-7.447180E-1
-7.447180E-1
-7.461880E-1
-7.476580E-1
-7.505980E-1
-7.550080E-1
-7.608880E-1
-7.682380E-1
-7.785280E-1
-7.902880E-1
-8.049880E-1
-8.211580E-1
-8.387980E-1
-8.549680E-1
-8.711380E-1
-8.843680E-1
-8.961280E-1
-9.049480E-1
-9.093580E-1
-9.122980E-1
-9.108280E-1
-9.078880E-1
-9.034780E-1
-8.975980E-1
-8.902480E-1
-8.814280E-1
-8.726080E-1
-8.637880E-1
-8.549680E-1
-8.461480E-1
-8.358580E-1
-8.270380E-1
-8.196880E-1
-8.123380E-1
-8.064580E-1
-8.020480E-1
-7.991080E-1
-8.005780E-1
-8.035180E-1
-8.079280E-1
-8.152780E-1
-8.226280E-1
-8.314480E-1
-8.387980E-1
-8.461480E-1
-8.505580E-1
-8.534980E-1
-8.549680E-1
-8.520280E-1
-8.476180E-1
-8.402680E-1
-8.314480E-1
-8.211580E-1
-8.108680E-1
-8.005780E-1
-7.932280E-1
-7.858780E-1
-7.814680E-1
-7.799980E-1
-7.814680E-1
-7.858780E-1
-7.932280E-1
-8.035180E-1
-8.138080E-1
-8.240980E-1
-8.329180E-1
-8.402680E-1
-8.446780E-1
-8.476180E-1
-8.461480E-1
-8.417380E-1
-8.358580E-1
-8.299780E-1
-8.255680E-1
-8.211580E-1
-8.196880E-1
-8.196880E-1
-8.226280E-1
-8.255680E-1
-8.299780E-1
-8.343880E-1
-8.387980E-1
-8.402680E-1
-8.417380E-1
-8.417380E-1
-8.402680E-1
-8.373280E-1
-8.329180E-1
-8.270380E-1
-8.196880E-1
-8.123380E-1
-8.035180E-1
-7.946980E-1
-7.858780E-1
-7.785280E-1
-7.726480E-1
-7.667680E-1
-7.623580E-1
-7.594180E-1
-7.579480E-1
-7.564780E-1
-7.579480E-1
-7.608880E-1
-7.652980E-1
-7.711780E-1
-7.770580E-1
-7.844080E-1
-7.917580E-1
-7.991080E-1
-8.064580E-1
-8.108680E-1
-8.167480E-1
-8.196880E-1
-8.196880E-1
-8.196880E-1
-8.167480E-1
-8.123380E-1
-8.049880E-1
-7.976380E-1
-7.888180E-1
-7.799980E-1
-7.741180E-1
-7.682380E-1
-7.638280E-1
-7.623580E-1
-7.623580E-1
-7.623580E-1
-7.623580E-1
-7.623580E-1
-7.623580E-1
-7.608880E-1
-7.579480E-1
-7.550080E-1
-7.535380E-1
-7.520680E-1
-7.520680E-1
-7.535380E-1
-7.564780E-1
-7.608880E-1
-7.652980E-1
-7.697080E-1
-7.755880E-1
-7.799980E-1
-7.829380E-1
-7.858780E-1
-7.888180E-1
-7.888180E-1
-7.888180E-1
-7.888180E-1
-7.858780E-1
-7.844080E-1
-7.814680E-1
-7.799980E-1
-7.785280E-1
-7.770580E-1
-7.785280E-1
-7.799980E-1
-7.829380E-1
-7.844080E-1
-7.873480E-1
-7.902880E-1
-7.932280E-1
-7.946980E-1
-7.961680E-1
-7.976380E-1
-7.991080E-1
-8.020480E-1
-8.049880E-1
-8.079280E-1
-8.123380E-1
-8.152780E-1
-8.182180E-1
-8.211580E-1
-8.226280E-1
-8.226280E-1
-8.226280E-1
-8.226280E-1
-8.211580E-1
-8.196880E-1
-8.182180E-1
-8.167480E-1
-8.167480E-1
-8.152780E-1
-8.167480E-1
-8.182180E-1
-8.196880E-1
-8.226280E-1
-8.255680E-1
-8.299780E-1
-8.343880E-1
-8.387980E-1
-8.432080E-1
-8.476180E-1
-8.505580E-1
-8.534980E-1
-8.549680E-1
-8.549680E-1
-8.564380E-1
-8.549680E-1
-8.549680E-1
-8.520280E-1
-8.476180E-1
-8.417380E-1
-8.358580E-1
-8.270380E-1
-8.182180E-1
-8.093980E-1
-7.991080E-1
-7.902880E-1
-7.814680E-1
-7.741180E-1
-7.682380E-1
-7.638280E-1
-7.608880E-1
-7.594180E-1
-7.579480E-1
-7.579480E-1
-7.564780E-1
-7.550080E-1
-7.520680E-1
-7.491280E-1
-7.461880E-1
-7.432480E-1
-7.417780E-1
-7.403080E-1
-7.417780E-1
-7.432480E-1
-7.461880E-1
-7.505980E-1
-7.550080E-1
-7.579480E-1
-7.608880E-1
-7.638280E-1
-7.667680E-1
-7.697080E-1
-7.726480E-1
-7.755880E-1
-7.770580E-1
-7.785280E-1
-7.785280E-1
-7.755880E-1
-7.711780E-1
-7.623580E-1
-7.520680E-1
-7.388380E-1
-7.256080E-1
-7.153180E-1
-7.050280E-1
-6.991480E-1
-6.991480E-1
-7.020880E-1
-7.094380E-1
-7.197280E-1
-7.329580E-1
-7.476580E-1
-7.623580E-1
-7.770580E-1
-7.902880E-1
-8.005780E-1
-8.093980E-1
-8.167480E-1
-8.196880E-1
-8.211580E-1
-8.211580E-1
-8.211580E-1
-8.196880E-1
-8.167480E-1
-8.152780E-1
-8.123380E-1
-8.108680E-1
-8.079280E-1
-8.049880E-1
-8.005780E-1
-7.976380E-1
-7.946980E-1
-7.917580E-1
-7.902880E-1
-7.902880E-1
-7.917580E-1
-7.946980E-1
-7.976380E-1
-8.020480E-1
-8.064580E-1
-8.093980E-1
-8.108680E-1
-8.108680E-1
-8.079280E-1
-8.035180E-1
-7.976380E-1
-7.917580E-1
-7.873480E-1
-7.844080E-1
-7.844080E-1
-7.873480E-1
-7.932280E-1
-8.005780E-1
-8.093980E-1
-8.182180E-1
-8.270380E-1
-8.358580E-1
-8.417380E-1
-8.476180E-1
-8.505580E-1
-8.505580E-1
-8.476180E-1
-8.432080E-1
-8.358580E-1
-8.270380E-1
-8.152780E-1
-8.049880E-1
-7.946980E-1
-7.858780E-1
-7.814680E-1
-7.814680E-1
-7.873480E-1
-7.991080E-1
-8.182180E-1
-8.417380E-1
-8.726080E-1
-9.093580E-1
-9.519880E-1
-9.990280E-1
-1.047538E+0
-1.100458E+0
-1.151908E+0
-1.204828E+0
-1.254808E+0
-1.301848E+0
-1.345948E+0
-1.385638E+0
-1.420918E+0
-1.450318E+0
-1.475308E+0
-1.494418E+0
-1.507648E+0
-1.514998E+0
-1.517938E+0
-1.517938E+0
-1.512058E+0
-1.504708E+0
-1.494418E+0
-1.484128E+0
-1.473838E+0
-1.463548E+0
-1.454728E+0
-1.447378E+0
-1.441498E+0
-1.437088E+0
-1.434148E+0
-1.432678E+0
-1.434148E+0
-1.438558E+0
-1.444438E+0
-1.451788E+0
-1.462078E+0
-1.470898E+0
-1.481188E+0
-1.490008E+0
-1.495888E+0
-1.500298E+0
-1.503238E+0
-1.501768E+0
-1.498828E+0
-1.494418E+0
-1.490008E+0
-1.484128E+0
-1.476778E+0
-1.472368E+0
-1.466488E+0
-1.463548E+0
-1.460608E+0
-1.457668E+0
-1.456198E+0
-1.456198E+0
-1.457668E+0
-1.460608E+0
-1.463548E+0
-1.469428E+0
-1.475308E+0
-1.484128E+0
-1.492948E+0
-1.503238E+0
-1.514998E+0
-1.526758E+0
-1.537048E+0
-1.545868E+0
-1.551748E+0
-1.554688E+0
-1.553218E+0
-1.547338E+0
-1.541458E+0
-1.534108E+0
-1.529698E+0
-1.528228E+0
-1.529698E+0
-1.537048E+0
-1.547338E+0
-1.560568E+0
-1.575268E+0
-1.589968E+0
-1.601728E+0
-1.610548E+0
-1.616428E+0
-1.619368E+0
-1.619368E+0
-1.617898E+0
-1.613488E+0
-1.609078E+0
-1.603198E+0
-1.595848E+0
-1.588498E+0
-1.581148E+0
-1.573798E+0
-1.567918E+0
-1.563508E+0
-1.562038E+0
-1.563508E+0
-1.566448E+0
-1.570858E+0
-1.578208E+0
-1.585558E+0
-1.591438E+0
-1.597318E+0
-1.603198E+0
-1.606138E+0
-1.609078E+0
-1.610548E+0
-1.610548E+0
-1.612018E+0
-1.612018E+0
-1.614958E+0
-1.616428E+0
-1.619368E+0
-1.623778E+0
-1.628188E+0
-1.634068E+0
-1.638478E+0
-1.642888E+0
-1.645828E+0
-1.648768E+0
-1.651708E+0
-1.651708E+0
-1.653178E+0
-1.654648E+0
-1.654648E+0
-1.654648E+0
-1.654648E+0
-1.653178E+0
-1.651708E+0
-1.651708E+0
-1.651708E+0
-1.653178E+0
-1.656118E+0
-1.663468E+0
-1.672288E+0
-1.682578E+0
-1.694338E+0
-1.706098E+0
-1.714918E+0
-1.720798E+0
-1.722268E+0
-1.719328E+0
-1.711978E+0
-1.701688E+0
-1.689928E+0
-1.676698E+0
-1.663468E+0
-1.651708E+0
-1.642888E+0
-1.635538E+0
-1.631128E+0
-1.629658E+0
-1.629658E+0
-1.631128E+0
-1.634068E+0
-1.638478E+0
-1.644358E+0
-1.651708E+0
-1.659058E+0
-1.669348E+0
-1.679638E+0
-1.692868E+0
-1.707568E+0
-1.720798E+0
-1.732558E+0
-1.742848E+0
-1.750198E+0
-1.754608E+0
-1.754608E+0
-1.750198E+0
-1.742848E+0
-1.735498E+0
-1.728148E+0
-1.722268E+0
-1.719328E+0
-1.720798E+0
-1.725208E+0
-1.732558E+0
-1.741378E+0
-1.750198E+0
-1.760488E+0
-1.766368E+0
-1.770778E+0
-1.772248E+0
-1.770778E+0
-1.767838E+0
-1.761958E+0
-1.756078E+0
-1.748728E+0
-1.739908E+0
-1.728148E+0
-1.714918E+0
-1.698748E+0
-1.682578E+0
-1.664938E+0
-1.647298E+0
-1.632598E+0
-1.622308E+0
-1.614958E+0
-1.614958E+0
-1.617898E+0
-1.626718E+0
-1.638478E+0
-1.653178E+0
-1.669348E+0
-1.686988E+0
-1.704628E+0
-1.722268E+0
-1.738438E+0
-1.753138E+0
-1.766368E+0
-1.779598E+0
-1.789888E+0
-1.798708E+0
-1.806058E+0
-1.810468E+0
-1.814878E+0
-1.816348E+0
-1.817818E+0
-1.817818E+0
-1.817818E+0
-1.819288E+0
-1.820758E+0
-1.823698E+0
-1.828108E+0
-1.832518E+0
-1.838398E+0
-1.842808E+0
-1.847218E+0
-1.850158E+0
-1.850158E+0
-1.848688E+0
-1.845748E+0
-1.841338E+0
-1.835458E+0
-1.831048E+0
-1.828108E+0
-1.826638E+0
-1.826638E+0
-1.828108E+0
-1.831048E+0
-1.832518E+0
-1.832518E+0
-1.829578E+0
-1.825168E+0
-1.819288E+0
-1.810468E+0
-1.801648E+0
-1.791358E+0
-1.784008E+0
-1.776658E+0
-1.772248E+0
-1.769308E+0
-1.769308E+0
-1.772248E+0
-1.775188E+0
-1.779598E+0
-1.785478E+0
-1.788418E+0
-1.791358E+0
-1.792828E+0
-1.792828E+0
-1.792828E+0
-1.792828E+0
-1.794298E+0
-1.798708E+0
-1.807528E+0
-1.820758E+0
-1.838398E+0
-1.858978E+0
-1.882498E+0
-1.907488E+0
-1.929538E+0
-1.951588E+0
-1.970698E+0
-1.985398E+0
-1.998628E+0
-2.007448E+0
-2.013328E+0
-2.014798E+0
-2.014798E+0
-2.011858E+0
-2.007448E+0
-2.001568E+0
-1.995688E+0
-1.988338E+0
-1.980988E+0
-1.973638E+0
-1.966288E+0
-1.957468E+0
-1.947178E+0
-1.935418E+0
-1.920718E+0
-1.906018E+0
-1.889848E+0
-1.873678E+0
-1.860448E+0
-1.848688E+0
-1.841338E+0
-1.839868E+0
-1.842808E+0
-1.850158E+0
-1.860448E+0
-1.872208E+0
-1.882498E+0
-1.891318E+0
-1.895728E+0
-1.895728E+0
-1.889848E+0
-1.878088E+0
-1.864858E+0
-1.847218E+0
-1.829578E+0
-1.813408E+0
-1.800178E+0
-1.788418E+0
-1.782538E+0
-1.781068E+0
-1.784008E+0
-1.791358E+0
-1.803118E+0
-1.819288E+0
-1.835458E+0
-1.853098E+0
-1.869268E+0
-1.883968E+0
-1.895728E+0
-1.903078E+0
-1.908958E+0
-1.910428E+0
-1.911898E+0
-1.911898E+0
-1.911898E+0
-1.913368E+0
-1.916308E+0
-1.920718E+0
-1.926598E+0
-1.932478E+0
-1.939828E+0
-1.947178E+0
-1.954528E+0
-1.960408E+0
-1.966288E+0
-1.972168E+0
-1.976578E+0
-1.979518E+0
-1.982458E+0
-1.983928E+0
-1.983928E+0
-1.982458E+0
-1.979518E+0
-1.975108E+0
-1.969228E+0
-1.963348E+0
-1.955998E+0
-1.950118E+0
-1.945708E+0
-1.942768E+0
-1.942768E+0
-1.944238E+0
-1.950118E+0
-1.955998E+0
-1.963348E+0
-1.972168E+0
-1.979518E+0
-1.985398E+0
-1.988338E+0
-1.991278E+0
-1.992748E+0
-1.992748E+0
-1.991278E+0
-1.989808E+0
-1.986868E+0
-1.983928E+0
-1.982458E+0
-1.978048E+0
-1.975108E+0
-1.972168E+0
-1.970698E+0
-1.969228E+0
-1.970698E+0
-1.973638E+0
-1.979518E+0
-1.986868E+0
-1.997158E+0
-2.005978E+0
-2.014798E+0
-2.023618E+0
-2.029498E+0
-2.032438E+0
-2.033908E+0
-2.030968E+0
-2.026558E+0
-2.022148E+0
-2.014798E+0
-2.010388E+0
-2.005978E+0
-2.005978E+0
-2.007448E+0
-2.013328E+0
-2.022148E+0
-2.030968E+0
-2.041258E+0
-2.050078E+0
-2.057428E+0
-2.063308E+0
-2.066248E+0
-2.067718E+0
-2.070658E+0
-2.073598E+0
-2.076538E+0
-2.080948E+0
-2.085358E+0
-2.091238E+0
-2.095648E+0
-2.100058E+0
-2.101528E+0
-2.098588E+0
-2.094178E+0
-2.086828E+0
-2.076538E+0
-2.061838E+0
-2.045668E+0
-2.028028E+0
-2.011858E+0
-1.997158E+0
-1.985398E+0
-1.979518E+0
-1.980988E+0
-1.988338E+0
-2.001568E+0
-2.020678E+0
-2.044198E+0
-2.066248E+0
-2.088298E+0
-2.105938E+0
-2.119168E+0
-2.126518E+0
-2.129458E+0
-2.129458E+0
-2.127988E+0
-2.125048E+0
-2.123578E+0
-2.123578E+0
-2.123578E+0
-2.125048E+0
-2.126518E+0
-2.127988E+0
-2.129458E+0
-2.130928E+0
-2.132398E+0
-2.135338E+0
-2.138278E+0
-2.144158E+0
-2.148568E+0
-2.152978E+0
-2.155918E+0
-2.158858E+0
-2.160328E+0
-2.158858E+0
-2.157388E+0
-2.154448E+0
-2.152978E+0
-2.151508E+0
-2.148568E+0
-2.147098E+0
-2.147098E+0
-2.145628E+0
-2.144158E+0
-2.144158E+0
-2.145628E+0
-2.148568E+0
-2.154448E+0
-2.163268E+0
-2.175028E+0
-2.189728E+0
-2.205898E+0
-2.220598E+0
-2.233828E+0
-2.244118E+0
-2.249998E+0
-2.249998E+0
-2.245588E+0
-2.238238E+0
-2.229418E+0
-2.220598E+0
-2.211778E+0
-2.204428E+0
-2.201488E+0
-2.201488E+0
-2.202958E+0
-2.207368E+0
-2.214718E+0
-2.220598E+0
-2.227948E+0
-2.233828E+0
-2.241178E+0
-2.247058E+0
-2.251468E+0
-2.257348E+0
-2.261758E+0
-2.267638E+0
-2.272048E+0
-2.277928E+0
-2.282338E+0
-2.286748E+0
-2.291158E+0
-2.295568E+0
-2.299978E+0
-2.304388E+0
-2.310268E+0
-2.317618E+0
-2.324968E+0
-2.335258E+0
-2.344078E+0
-2.352898E+0
-2.360248E+0
-2.364658E+0
-2.367598E+0
-2.369068E+0
-2.366128E+0
-2.361718E+0
-2.355838E+0
-2.349958E+0
-2.342608E+0
-2.333788E+0
-2.324968E+0
-2.316148E+0
-2.307328E+0
-2.298508E+0
-2.292628E+0
-2.285278E+0
-2.282338E+0
-2.280868E+0
-2.280868E+0
-2.283808E+0
-2.288218E+0
-2.292628E+0
-2.298508E+0
-2.304388E+0
-2.308798E+0
-2.314678E+0
-2.320558E+0
-2.327908E+0
-2.336728E+0
-2.348488E+0
-2.361718E+0
-2.373478E+0
-2.386708E+0
-2.399938E+0
-2.408758E+0
-2.417578E+0
-2.423458E+0
-2.427868E+0
-2.430808E+0
-2.432278E+0
-2.432278E+0
-2.429338E+0
-2.423458E+0
-2.414638E+0
-2.402878E+0
-2.389648E+0
-2.373478E+0
-2.358778E+0
-2.344078E+0
-2.329378E+0
-2.314678E+0
-2.301448E+0
-2.288218E+0
-2.276458E+0
-2.266168E+0
-2.257348E+0
-2.254408E+0
-2.254408E+0
-2.260288E+0
-2.272048E+0
-2.286748E+0
-2.307328E+0
-2.330848E+0
-2.357308E+0
-2.383768E+0
-2.411698E+0
-2.438158E+0
-2.463148E+0
-2.483728E+0
-2.499898E+0
-2.511658E+0
-2.516068E+0
-2.517538E+0
-2.513128E+0
-2.505778E+0
-2.495488E+0
-2.483728E+0
-2.471968E+0
-2.460208E+0
-2.452858E+0
-2.448448E+0
-2.448448E+0
-2.449918E+0
-2.455798E+0
-2.461678E+0
-2.467558E+0
-2.470498E+0
-2.469028E+0
-2.461678E+0
-2.451388E+0
-2.435218E+0
-2.419048E+0
-2.404348E+0
-2.394058E+0
-2.392588E+0
-2.399938E+0
-2.414638E+0
-2.438158E+0
-2.469028E+0
-2.499898E+0
-2.530768E+0
-2.555758E+0
-2.574868E+0
-2.586628E+0
-2.591038E+0
-2.589568E+0
-2.583688E+0
-2.576338E+0
-2.567518E+0
-2.558698E+0
-2.549878E+0
-2.541058E+0
-2.532238E+0
-2.521948E+0
-2.511658E+0
-2.499898E+0
-2.488138E+0
-2.473438E+0
-2.461678E+0
-2.449918E+0
-2.438158E+0
-2.430808E+0
-2.424928E+0
-2.424928E+0
-2.429338E+0
-2.438158E+0
-2.452858E+0
-2.471968E+0
-2.494018E+0
-2.519008E+0
-2.542528E+0
-2.566048E+0
-2.586628E+0
-2.601328E+0
-2.611618E+0
-2.617498E+0
-2.614558E+0
-2.608678E+0
-2.595448E+0
-2.580748E+0
-2.561638E+0
-2.541058E+0
-2.520478E+0
-2.501368E+0
-2.486668E+0
-2.477848E+0
-2.473438E+0
-2.474908E+0
-2.482258E+0
-2.494018E+0
-2.508718E+0
-2.524888E+0
-2.541058E+0
-2.555758E+0
-2.568988E+0
-2.580748E+0
-2.592508E+0
-2.601328E+0
-2.608678E+0
-2.614558E+0
-2.617498E+0
-2.617498E+0
-2.614558E+0
-2.608678E+0
-2.598388E+0
-2.583688E+0
-2.567518E+0
-2.552818E+0
-2.536648E+0
-2.523418E+0
-2.516068E+0
-2.511658E+0
-2.514598E+0
-2.520478E+0
-2.526358E+0
-2.535178E+0
-2.539588E+0
-2.541058E+0
-2.536648E+0
-2.526358E+0
-2.513128E+0
-2.499898E+0
-2.488138E+0
-2.479318E+0
-2.474908E+0
-2.476378E+0
-2.483728E+0
-2.492548E+0
-2.501368E+0
-2.510188E+0
-2.517538E+0
-2.520478E+0
-2.520478E+0
-2.517538E+0
-2.514598E+0
-2.511658E+0
-2.511658E+0
-2.514598E+0
-2.521948E+0
-2.533708E+0
-2.549878E+0
-2.567518E+0
-2.586628E+0
-2.605738E+0
-2.623378E+0
-2.635138E+0
-2.641018E+0
-2.641018E+0
-2.633668E+0
-2.621908E+0
-2.605738E+0
-2.588098E+0
-2.571928E+0
-2.558698E+0
-2.549878E+0
-2.545468E+0
-2.545468E+0
-2.546938E+0
-2.548408E+0
-2.546938E+0
-2.542528E+0
-2.529298E+0
-2.508718E+0
-2.480788E+0
-2.442568E+0
-2.401408E+0
-2.357308E+0
-2.314678E+0
-2.276458E+0
-2.249998E+0
-2.236768E+0
-2.239708E+0
-2.257348E+0
-2.292628E+0
-2.357308E+0
-2.457268E+0
-2.593978E+0
-2.767438E+0
-2.979118E+0
-3.226078E+0
-3.496558E+0
-3.778798E+0
-4.071328E+0
-4.375618E+0
-4.696078E+0
-5.031238E+0
-5.381098E+0
-5.736838E+0
-6.099928E+0
-6.467428E+0
-6.833458E+0
-7.195078E+0
-7.549348E+0
-7.874218E+0
-8.172628E+0
-8.415178E+0
-8.616568E+0
-8.757688E+0
-8.867938E+0
-8.939968E+0
-9.004648E+0
-9.070798E+0
-9.163408E+0
-9.258958E+0
-9.385378E+0
-9.505918E+0
-9.648508E+0
-9.783748E+0
-9.896938E+0
-9.996898E+0
-1.006746E+1
-1.010274E+1
-1.012185E+1
-1.015860E+1
-1.023357E+1
-1.031148E+1
-1.043496E+1
-1.058784E+1
-1.075248E+1
-1.090389E+1
-1.095681E+1
-1.090389E+1
-1.077747E+1
-1.056579E+1
-1.037322E+1
-1.017624E+1
-1.003218E+1
-9.946918E+0
-9.913108E+0
-9.929278E+0
-9.996898E+0
-1.008510E+1
-1.019535E+1
-1.027326E+1
-1.035264E+1
-1.039380E+1
-1.039380E+1
-1.035264E+1
-1.031148E+1
-1.023357E+1
-1.015860E+1
-1.008510E+1
-1.003218E+1
-9.996898E+0
-9.980728E+0
-9.996898E+0
-1.006746E+1
-1.021446E+1
-1.045554E+1
-1.085244E+1
-1.150218E+1
-1.277961E+1
-1.899477E+1
-2.050005E+1
-2.050005E+1
-2.050005E+1
-2.050005E+1
-2.050005E+1
-2.050005E+1
-2.050005E+1
-2.050005E+1
-2.050005E+1
-2.050005E+1
-2.050005E+1
-2.050005E+1
-2.050005E+1
-2.050005E+1
-2.050005E+1
-2.050005E+1
-2.050005E+1
-2.050005E+1
-2.050005E+1
-2.050005E+1
-2.050005E+1
-2.050005E+1
-2.050005E+1
-2.050005E+1
-1.399383E+1
-1.191966E+1
-1.095681E+1
-1.037322E+1
-9.996898E+0
-9.783748E+0
-9.677908E+0
-9.663208E+0
-9.707308E+0
-9.783748E+0
-9.863128E+0
-9.913108E+0
-9.929278E+0
-9.913108E+0
-9.879298E+0
-9.830788E+0
-9.799918E+0
-9.799918E+0
-9.863128E+0
-9.963088E+0
-1.013949E+1
-1.041438E+1
-1.077747E+1
-1.127433E+1
-1.196082E+1
-1.297365E+1
-1.493022E+1
-2.050005E+1
-2.050005E+1
-2.050005E+1
-2.050005E+1
-2.050005E+1
-2.050005E+1
-2.050005E+1
-2.050005E+1
-2.050005E+1
-2.050005E+1
-2.050005E+1
-2.050005E+1
-2.050005E+1
-2.050005E+1
-2.050005E+1
-2.050005E+1
-1.476852E+1
-1.175796E+1
-1.068045E+1
-1.012185E+1
-9.863128E+0
-9.846958E+0
-1.006746E+1
-1.056579E+1
-1.157274E+1
-1.422315E+1
-2.050005E+1
-2.050005E+1
-2.050005E+1
-2.050005E+1
-2.050005E+1
-2.050005E+1
-2.050005E+1
-2.050005E+1
-2.050005E+1
-2.050005E+1
-2.050005E+1
-2.050005E+1
-1.476852E+1
-1.204902E+1
-1.098327E+1
-1.033206E+1
-9.913108E+0
-9.648508E+0
-9.505918E+0
-9.477988E+0
-9.561778E+0
-9.769048E+0
-1.012185E+1
-1.068045E+1
-1.150218E+1
-1.290750E+1
-1.700439E+1
-2.050005E+1
-2.050005E+1
-2.050005E+1
-2.050005E+1
-2.050005E+1
-2.050005E+1
-2.050005E+1
-2.050005E+1
-1.529331E+1
-1.271787E+1
-1.157274E+1
-1.087743E+1
-1.041438E+1
-1.013949E+1
-1.001454E+1
-9.980728E+0
-1.004982E+1
-1.015860E+1
-1.031148E+1
-1.047759E+1
-1.063341E+1
-1.077747E+1
-1.093035E+1
-1.118319E+1
-1.160802E+1
-1.243563E+1
-1.434663E+1
-2.050005E+1
-2.050005E+1
-2.050005E+1
-2.050005E+1
-2.050005E+1
-2.050005E+1
-2.050005E+1
-2.050005E+1
-2.050005E+1
-2.050005E+1
-2.050005E+1
-2.050005E+1
-2.050005E+1
-2.050005E+1
-2.050005E+1
-1.461858E+1
-1.196082E+1
-1.080099E+1
-1.008510E+1
-9.604408E+0
-9.247198E+0
-8.994358E+0
-8.826778E+0
-8.719468E+0
-8.653318E+0
-8.625388E+0
-8.625388E+0
-8.643028E+0
-8.670958E+0
-8.709178E+0
-8.747398E+0
-8.787088E+0
-8.826778E+0
-8.867938E+0
-8.919388E+0
-8.972308E+0
-9.038458E+0
-9.116368E+0
-9.222208E+0
-9.385378E+0
-9.648508E+0
-1.003218E+1
-1.065693E+1
-1.179765E+1
-1.493022E+1
-2.050005E+1
-2.050005E+1
-2.050005E+1
-2.050005E+1
-2.050005E+1
-2.050005E+1
-2.050005E+1
-2.050005E+1
-2.050005E+1
-2.050005E+1
-2.050005E+1
-2.050005E+1
-2.050005E+1
-2.050005E+1
-2.050005E+1
-2.050005E+1
-2.050005E+1
-2.050005E+1
-2.050005E+1
-2.050005E+1
-2.050005E+1
-2.050005E+1
-2.050005E+1
-2.050005E+1
-2.050005E+1
-2.050005E+1
-2.050005E+1
-2.050005E+1
-2.050005E+1
-2.050005E+1
-2.050005E+1
-1.410555E+1
-1.265907E+1
-1.213869E+1
-1.200492E+1
-1.228275E+1
-1.290750E+1
-1.461858E+1
-2.050005E+1
-2.050005E+1
-2.050005E+1
-2.050005E+1
-2.050005E+1
-2.050005E+1
-2.050005E+1
-2.050005E+1
-2.050005E+1
-2.050005E+1
-2.050005E+1
-2.050005E+1
-2.050005E+1
-2.050005E+1
-2.050005E+1
-2.050005E+1
-2.050005E+1
-2.050005E+1
-2.050005E+1
-2.050005E+1
-2.050005E+1
-2.050005E+1
-2.050005E+1
-2.050005E+1
-2.050005E+1
-2.050005E+1
-2.050005E+1
-2.050005E+1
-2.050005E+1
-2.050005E+1
-2.050005E+1
-1.351020E+1
-1.187850E+1
-1.115379E+1
-1.082745E+1
-1.080099E+1
-1.106706E+1
-1.168152E+1
-1.297365E+1
-1.811424E+1
-2.050005E+1
-2.050005E+1
-2.050005E+1
-2.050005E+1
-2.050005E+1
-2.050005E+1
-2.050005E+1
-2.050005E+1
-2.050005E+1
-2.050005E+1
-2.050005E+1
-2.050005E+1
-2.050005E+1
-2.050005E+1
-2.050005E+1
-2.050005E+1
-2.050005E+1
-2.050005E+1
-2.050005E+1
-2.050005E+1
-2.050005E+1
-2.050005E+1
-1.326324E+1
-1.168152E+1
-1.077747E+1
-1.015860E+1
-9.692608E+0
-9.333928E+0
-9.048748E+0
-8.837068E+0
-8.670958E+0
-8.553358E+0
-8.475448E+0
-8.423998E+0
-8.407828E+0
-8.407828E+0
-8.423998E+0
-8.441638E+0
-8.466628E+0
-8.491618E+0
-8.491618E+0
-8.466628E+0
-8.407828E+0
-8.318158E+0
-8.194678E+0
-8.056498E+0
-7.925668E+0
-7.834528E+0
-7.797778E+0
-7.834528E+0
-7.966828E+0
-8.216728E+0
-8.607748E+0
-9.175168E+0
-1.001454E+1
-1.136841E+1
-1.447893E+1
-2.050005E+1
-2.050005E+1
-2.050005E+1
-2.050005E+1
-2.050005E+1
-2.050005E+1
-2.050005E+1
-2.050005E+1
-2.050005E+1
-1.549911E+1
-1.209312E+1
-1.077747E+1
-9.980728E+0
-9.438298E+0
-9.082558E+0
-8.867938E+0
-8.757688E+0
-8.767978E+0
-8.867938E+0
-9.060508E+0
-9.333928E+0
-9.692608E+0
-1.017624E+1
-1.080099E+1
-1.160802E+1
-1.271787E+1
-1.447893E+1
-2.050005E+1
-2.050005E+1
-2.050005E+1
-2.050005E+1
-2.050005E+1
-1.572843E+1
-1.388799E+1
-1.277961E+1
-1.200492E+1
-1.143456E+1
-1.098327E+1
-1.060989E+1
-1.031148E+1
-1.008510E+1
-9.913108E+0
-9.816088E+0
-9.816088E+0
-9.913108E+0
-1.010274E+1
-1.043496E+1
-1.090389E+1
-1.153746E+1
-1.233273E+1
-1.318680E+1
-1.399383E+1
-1.434663E+1
-1.434663E+1
-1.388799E+1
-1.351020E+1
-1.326324E+1
-1.326324E+1
-1.351020E+1
-1.388799E+1
-1.434663E+1
-1.493022E+1
-1.549911E+1
-1.529331E+1
-1.461858E+1
-1.369101E+1
-1.290750E+1
-1.223277E+1
-1.168152E+1
-1.124346E+1
-1.090389E+1
-1.070397E+1
-1.063341E+1
-1.070397E+1
-1.090389E+1
-1.130520E+1
-1.204902E+1
-1.351020E+1
-2.050005E+1
-2.050005E+1
-2.050005E+1
-2.050005E+1
-2.050005E+1
-2.050005E+1
-2.050005E+1
-2.050005E+1
-2.050005E+1
-2.050005E+1
-2.050005E+1
-2.050005E+1
-2.050005E+1
-2.050005E+1
-2.050005E+1
-2.050005E+1
-2.050005E+1
-1.549911E+1
-1.318680E+1
-1.209312E+1
-1.130520E+1
-1.072749E+1
-1.027326E+1
-9.946918E+0
-9.677908E+0
-9.477988E+0
-9.322168E+0
-9.235438E+0
-9.198688E+0
-9.210448E+0
-9.272188E+0
-9.398608E+0
-9.575008E+0
-9.830788E+0
-1.012185E+1
-1.047759E+1
-1.090389E+1
-1.140222E+1
-1.204902E+1
-1.297365E+1
-1.476852E+1
-2.050005E+1
-2.050005E+1
-2.050005E+1
-2.050005E+1
-2.050005E+1
-2.050005E+1
-2.050005E+1
-2.050005E+1
-2.050005E+1
-1.461858E+1
-1.277961E+1
-1.200492E+1
-1.164477E+1
-1.160802E+1
-1.183734E+1
-1.243563E+1
-1.359840E+1
-1.811424E+1
-2.050005E+1
-2.050005E+1
-2.050005E+1
-2.050005E+1
-2.050005E+1
-2.050005E+1
-2.050005E+1
-2.050005E+1
-2.050005E+1
-2.050005E+1
-2.050005E+1
-2.050005E+1
-2.050005E+1
-2.050005E+1
-2.050005E+1
-2.050005E+1
-2.050005E+1
-2.050005E+1
-2.050005E+1
-2.050005E+1
-2.050005E+1
-2.050005E+1
-2.050005E+1
-2.050005E+1
-2.050005E+1
-2.050005E+1
-2.050005E+1
-2.050005E+1
-2.050005E+1
-2.050005E+1
-2.050005E+1
-2.050005E+1
-2.050005E+1
-1.388799E+1
-1.243563E+1
-1.164477E+1
-1.118319E+1
-1.087743E+1
-1.070397E+1
-1.058784E+1
-1.054374E+1
-1.054374E+1
-1.063341E+1
-1.080099E+1
-1.106706E+1
-1.150218E+1
-1.218573E+1
-1.326324E+1
-1.529331E+1
-2.050005E+1
-2.050005E+1
-2.050005E+1
-2.050005E+1
-2.050005E+1
-2.050005E+1
-2.050005E+1
-2.050005E+1
-2.050005E+1
-2.050005E+1
-2.050005E+1
-2.050005E+1
-2.050005E+1
-2.050005E+1
-2.050005E+1
-2.050005E+1
-2.050005E+1
-2.050005E+1
-2.050005E+1
-2.050005E+1
-2.050005E+1
-2.050005E+1
-2.050005E+1
-2.050005E+1
-2.050005E+1
-2.050005E+1
-2.050005E+1
-2.050005E+1
-1.529331E+1
-1.271787E+1
-1.164477E+1
-1.106706E+1
-1.068045E+1
-1.045554E+1
-1.035264E+1
-1.031148E+1
-1.035264E+1
-1.047759E+1
-1.070397E+1
-1.115379E+1
-1.196082E+1
-1.388799E+1
-2.050005E+1
-2.050005E+1
-2.050005E+1
-2.050005E+1
-2.050005E+1
-2.050005E+1
-2.050005E+1
-2.050005E+1
-2.050005E+1
-2.050005E+1
-2.050005E+1
-2.050005E+1
-2.050005E+1
-2.050005E+1
-2.050005E+1
-2.050005E+1
-2.050005E+1
-1.271787E+1
-1.077747E+1
-9.846958E+0
-9.258958E+0
-8.898808E+0
-8.670958E+0
-8.544538E+0
-8.500438E+0
-8.509258E+0
-8.562178E+0
-8.653318E+0
-8.776798E+0
-8.939968E+0
-9.139888E+0
-9.398608E+0
-9.722008E+0
-1.013949E+1
-1.063341E+1
-1.127433E+1
-1.204902E+1
-1.311330E+1
-1.476852E+1
-2.050005E+1
-2.050005E+1
-2.050005E+1
-2.050005E+1
-2.050005E+1
-2.050005E+1
-2.050005E+1
-2.050005E+1
-2.050005E+1
-2.050005E+1
-2.050005E+1
-2.050005E+1
-2.050005E+1
-1.461858E+1
-1.277961E+1
-1.191966E+1
-1.143456E+1
-1.118319E+1
-1.115379E+1
-1.130520E+1
-1.175796E+1
-1.260027E+1
-1.434663E+1
-2.050005E+1
-2.050005E+1
-2.050005E+1
-2.050005E+1
-2.050005E+1
-2.050005E+1
-2.050005E+1
-2.050005E+1
-2.050005E+1
-2.050005E+1
-2.050005E+1
-2.050005E+1
-2.050005E+1
-2.050005E+1
-2.050005E+1
-2.050005E+1
-2.050005E+1
-2.050005E+1
-2.050005E+1
-2.050005E+1
-2.050005E+1
-2.050005E+1
-2.050005E+1
-1.342494E+1
-1.140222E+1
-1.023357E+1
-9.425068E+0
-8.826778E+0
-8.374018E+0
-8.034448E+0
-7.784548E+0
-7.599328E+0
-7.483198E+0
-7.430278E+0
-7.444978E+0
-7.521418E+0
-7.664008E+0
-7.866868E+0
-8.143228E+0
-8.491618E+0
-8.919388E+0
-9.411838E+0
-9.996898E+0
-1.063341E+1
-1.130520E+1
-1.196082E+1
-1.254441E+1
-1.297365E+1
-1.318680E+1
-1.334262E+1
-1.351020E+1
-1.378803E+1
-1.422315E+1
-1.493022E+1
-1.627380E+1
-2.050005E+1
-2.050005E+1
-2.050005E+1
-2.050005E+1
-2.050005E+1
-2.050005E+1
-2.050005E+1
-2.050005E+1
-1.572843E+1
-1.410555E+1
-1.304274E+1
-1.233273E+1
-1.183734E+1
-1.153746E+1
-1.130520E+1
-1.112439E+1
-1.093035E+1
-1.068045E+1
-1.037322E+1
-1.003218E+1
-9.692608E+0
-9.398608E+0
-9.175168E+0
-9.060508E+0
-9.048748E+0
-9.198688E+0
-9.519148E+0
-1.008510E+1
-1.103913E+1
-1.311330E+1
-2.050005E+1
-2.050005E+1
-2.050005E+1
-2.050005E+1
-2.050005E+1
-2.050005E+1
-2.050005E+1
-2.050005E+1
-2.050005E+1
-2.050005E+1
-2.050005E+1
-2.050005E+1
-2.050005E+1
-2.050005E+1
-2.050005E+1
-2.050005E+1
-2.050005E+1
-2.050005E+1
-2.050005E+1
-2.050005E+1
-2.050005E+1
-2.050005E+1
-2.050005E+1
-2.050005E+1
-2.050005E+1
-2.050005E+1
-2.050005E+1
-2.050005E+1
-2.050005E+1
-2.050005E+1
-2.050005E+1
-2.050005E+1
-2.050005E+1
-2.050005E+1
-2.050005E+1
-2.050005E+1
-2.050005E+1
-2.050005E+1
-2.050005E+1
-2.050005E+1
-2.050005E+1
-2.050005E+1
-2.050005E+1
-2.050005E+1
-2.050005E+1
-2.050005E+1
-2.050005E+1
-2.050005E+1
-2.050005E+1
-2.050005E+1
-2.050005E+1
-2.050005E+1
-2.050005E+1
-2.050005E+1
-2.050005E+1
-2.050005E+1
-2.050005E+1
-2.050005E+1
-1.334262E+1
-1.179765E+1
-1.098327E+1
-1.049964E+1
-1.023357E+1
-1.012185E+1
-1.013949E+1
-1.023357E+1
-1.039380E+1
-1.054374E+1
-1.060989E+1
-1.056579E+1
-1.039380E+1
-1.015860E+1
-9.913108E+0
-9.692608E+0
-9.547078E+0
-9.464758E+0
-9.451528E+0
-9.492688E+0
-9.575008E+0
-9.663208E+0
-9.722008E+0
-9.722008E+0
-9.677908E+0
-9.604408E+0
-9.519148E+0
-9.438298E+0
-9.372148E+0
-9.322168E+0
-9.283948E+0
-9.235438E+0
-9.186928E+0
-9.104608E+0
-9.016408E+0
-8.929678E+0
-8.857648E+0
-8.826778E+0
-8.857648E+0
-8.962018E+0
-9.151648E+0
-9.464758E+0
-9.879298E+0
-1.045554E+1
-1.118319E+1
-1.213869E+1
-1.334262E+1
-1.493022E+1
-1.700439E+1
-1.748949E+1
-1.627380E+1
-1.476852E+1
-1.351020E+1
-1.248855E+1
-1.164477E+1
-1.093035E+1
-1.031148E+1
-9.830788E+0
-9.477988E+0
-9.222208E+0
-9.094318E+0
-9.082558E+0
-9.222208E+0
-9.519148E+0
-1.003218E+1
-1.085244E+1
-1.233273E+1
-1.899477E+1
-2.050005E+1
-2.050005E+1
-2.050005E+1
-2.050005E+1
-2.050005E+1
-2.050005E+1
-2.050005E+1
-2.050005E+1
-2.050005E+1
-2.050005E+1
-2.050005E+1
-1.378803E+1
-1.260027E+1
-1.209312E+1
-1.196082E+1
-1.213869E+1
-1.254441E+1
-1.342494E+1
-1.529331E+1
-2.050005E+1
-2.050005E+1
-2.050005E+1
-2.050005E+1
-2.050005E+1
-1.476852E+1
-1.271787E+1
-1.153746E+1
-1.075248E+1
-1.021446E+1
-9.830788E+0
-9.589708E+0
-9.464758E+0
-9.451528E+0
-9.547078E+0
-9.769048E+0
-1.012185E+1
-1.068045E+1
-1.153746E+1
-1.297365E+1
-1.748949E+1
-2.050005E+1
-2.050005E+1
-2.050005E+1
-2.050005E+1
-2.050005E+1
-2.050005E+1
-2.050005E+1
-1.598421E+1
-1.351020E+1
-1.243563E+1
-1.175796E+1
-1.124346E+1
-1.082745E+1
-1.045554E+1
-1.015860E+1
-9.879298E+0
-9.648508E+0
-9.438298E+0
-9.295708E+0
-9.222208E+0
-9.210448E+0
-9.272188E+0
-9.411838E+0
-9.648508E+0
-1.001454E+1
-1.056579E+1
-1.136841E+1
-1.271787E+1
-1.660896E+1
-2.050005E+1
-2.050005E+1
-2.050005E+1
-2.050005E+1
-2.050005E+1
-2.050005E+1
-2.050005E+1
-2.050005E+1
-2.050005E+1
-2.050005E+1
-2.050005E+1
-2.050005E+1
-2.050005E+1
-2.050005E+1
-2.050005E+1
-2.050005E+1
-2.050005E+1
-2.050005E+1
-2.050005E+1
-2.050005E+1
-2.050005E+1
-2.050005E+1
-2.050005E+1
-2.050005E+1
-2.050005E+1
-1.260027E+1
-1.103913E+1
-1.017624E+1
-9.648508E+0
-9.308938E+0
-9.139888E+0
-9.094318E+0
-9.175168E+0
-9.385378E+0
-9.752878E+0
-1.029237E+1
-1.112439E+1
-1.254441E+1
-1.700439E+1
-2.050005E+1
-2.050005E+1
-2.050005E+1
-2.050005E+1
-2.050005E+1
-2.050005E+1
-2.050005E+1
-2.050005E+1
-2.050005E+1
-1.899477E+1
-1.660896E+1
-1.811424E+1
-2.050005E+1
-2.050005E+1
-2.050005E+1
-2.050005E+1
-2.050005E+1
-2.050005E+1
-2.050005E+1
-2.050005E+1
-2.050005E+1
-2.050005E+1
-2.050005E+1
-1.549911E+1
-1.248855E+1
-1.133607E+1
-1.065693E+1
-1.023357E+1
-9.963088E+0
-9.799918E+0
-9.692608E+0
-9.619108E+0
-9.547078E+0
-9.451528E+0
-9.308938E+0
-9.151648E+0
-8.962018E+0
-8.787088E+0
-8.625388E+0
-8.509258E+0
-8.448988E+0
-8.457808E+0
-8.562178E+0
-8.747398E+0
-9.048748E+0
-9.492688E+0
-1.012185E+1
-1.101120E+1
-1.248855E+1
-1.700439E+1
-2.050005E+1
-2.050005E+1
-2.050005E+1
-2.050005E+1
-2.050005E+1
-2.050005E+1
-2.050005E+1
-2.050005E+1
-2.050005E+1
-2.050005E+1
-2.050005E+1
-2.050005E+1
-2.050005E+1
-1.748949E+1
-1.369101E+1
-1.265907E+1
-1.223277E+1
-1.218573E+1
-1.243563E+1
-1.290750E+1
-1.369101E+1
-1.476852E+1
-1.700439E+1
-2.050005E+1
-2.050005E+1
-2.050005E+1
-1.811424E+1
-1.572843E+1
-1.410555E+1
-1.297365E+1
-1.200492E+1
-1.124346E+1
-1.056579E+1
-9.980728E+0
-9.492688E+0
-9.070798E+0
-8.709178E+0
-8.415178E+0
-8.179978E+0
-8.007988E+0
-7.899208E+0
-7.853638E+0
-7.880098E+0
-7.993288E+0
-8.209378E+0
-8.535718E+0
-8.994358E+0
-9.633808E+0
-1.047759E+1
-1.164477E+1
-1.334262E+1
-1.598421E+1
-2.050005E+1
-1.748949E+1
-1.493022E+1
-1.351020E+1
-1.277961E+1
-1.238271E+1
-1.233273E+1
-1.260027E+1
-1.318680E+1
-1.422315E+1
-1.700439E+1
-2.050005E+1
-2.050005E+1
-2.050005E+1
-2.050005E+1
-2.050005E+1
-2.050005E+1
-2.050005E+1
-2.050005E+1
-2.050005E+1
-2.050005E+1
-2.050005E+1
-2.050005E+1
-2.050005E+1
-2.050005E+1
-2.050005E+1
-2.050005E+1
-2.050005E+1
-2.050005E+1
-2.050005E+1
-2.050005E+1
-2.050005E+1
-2.050005E+1
-2.050005E+1
-2.050005E+1
-2.050005E+1
-2.050005E+1
-2.050005E+1
-2.050005E+1
-2.050005E+1
-2.050005E+1
-2.050005E+1
-2.050005E+1
-2.050005E+1
-2.050005E+1
-2.050005E+1
-2.050005E+1
-2.050005E+1
-2.050005E+1
-2.050005E+1
-2.050005E+1
-2.050005E+1
-2.050005E+1
-2.050005E+1
-2.050005E+1
-2.050005E+1
-2.050005E+1
-2.050005E+1
-2.050005E+1
-2.050005E+1
-2.050005E+1
-2.050005E+1
-2.050005E+1
-2.050005E+1
-2.050005E+1
-2.050005E+1
-2.050005E+1
-2.050005E+1
-2.050005E+1
-2.050005E+1
-2.050005E+1
-2.050005E+1
-2.050005E+1
-2.050005E+1
-2.050005E+1
-2.050005E+1
-2.050005E+1
-2.050005E+1
-2.050005E+1
-2.050005E+1
-2.050005E+1
-2.050005E+1
-2.050005E+1
-2.050005E+1
-2.050005E+1
-2.050005E+1
-2.050005E+1
-2.050005E+1
-1.369101E+1
-1.101120E+1
-9.879298E+0
-9.210448E+0
-8.776798E+0
-8.500438E+0
-8.334328E+0
-8.254948E+0
-8.247598E+0
-8.294638E+0
-8.382838E+0
-8.526898E+0
-8.719468E+0
-8.962018E+0
-9.272188E+0
-9.663208E+0
-1.017624E+1
-1.087743E+1
-1.187850E+1
-1.378803E+1
-2.050005E+1
-2.050005E+1
-2.050005E+1
-2.050005E+1
-2.050005E+1
-2.050005E+1
-2.050005E+1
-2.050005E+1
-2.050005E+1
-2.050005E+1
-2.050005E+1
-2.050005E+1
-2.050005E+1
-2.050005E+1
-2.050005E+1
-1.899477E+1
-1.476852E+1
-1.334262E+1
-1.243563E+1
-1.175796E+1
-1.118319E+1
-1.068045E+1
-1.025268E+1
-9.863128E+0
-9.547078E+0
-9.272188E+0
-9.048748E+0
-8.888518E+0
-8.776798E+0
-8.709178E+0
-8.670958E+0
-8.662138E+0
-8.662138E+0
-8.653318E+0
-8.634208E+0
-8.597458E+0
-8.544538E+0
-8.482798E+0
-8.407828E+0
-8.334328E+0
-8.271118E+0
-8.216728E+0
-8.187328E+0
-8.187328E+0
-8.240248E+0
-8.350498E+0
-8.553358E+0
-8.867938E+0
-9.347158E+0
-1.006746E+1
-1.121259E+1
-1.378803E+1
-2.050005E+1
-2.050005E+1
-2.050005E+1
-2.050005E+1
-2.050005E+1
-2.050005E+1
-2.050005E+1
-2.050005E+1
-2.050005E+1
-2.050005E+1
-2.050005E+1
-2.050005E+1
-2.050005E+1
-2.050005E+1
-2.050005E+1
-2.050005E+1
-2.050005E+1
-2.050005E+1
-2.050005E+1
-2.050005E+1
-2.050005E+1
-2.050005E+1
-2.050005E+1
-2.050005E+1
-2.050005E+1
-2.050005E+1
-2.050005E+1
-2.050005E+1
-2.050005E+1
-1.493022E+1
-1.351020E+1
-1.304274E+1
-1.297365E+1
-1.342494E+1
-1.447893E+1
-2.050005E+1
-2.050005E+1
-2.050005E+1
-2.050005E+1
-2.050005E+1
-2.050005E+1
-2.050005E+1
-2.050005E+1
-2.050005E+1
-2.050005E+1
-2.050005E+1
-2.050005E+1
-2.050005E+1
-2.050005E+1
-2.050005E+1
-2.050005E+1
-2.050005E+1
-2.050005E+1
-2.050005E+1
-2.050005E+1
-2.050005E+1
-1.318680E+1
-1.115379E+1
-1.027326E+1
-9.799918E+0
-9.575008E+0
-9.519148E+0
-9.575008E+0
-9.738178E+0
-9.980728E+0
-1.025268E+1
-1.056579E+1
-1.085244E+1
-1.109499E+1
-1.133607E+1
-1.150218E+1
-1.160802E+1
-1.164477E+1
-1.164477E+1
-1.157274E+1
-1.146837E+1
-1.136841E+1
-1.127433E+1
-1.118319E+1
-1.106706E+1
-1.095681E+1
-1.082745E+1
-1.068045E+1
-1.054374E+1
-1.041438E+1
-1.033206E+1
-1.033206E+1
-1.039380E+1
-1.056579E+1
-1.082745E+1
-1.121259E+1
-1.164477E+1
-1.209312E+1
-1.233273E+1
-1.223277E+1
-1.183734E+1
-1.127433E+1
-1.063341E+1
-1.006746E+1
-9.604408E+0
-9.222208E+0
-8.950258E+0
-8.776798E+0
-8.709178E+0
-8.757688E+0
-8.909098E+0
-9.186928E+0
-9.604408E+0
-1.021446E+1
-1.106706E+1
-1.233273E+1
-1.461858E+1
-2.050005E+1
-2.050005E+1
-2.050005E+1
-2.050005E+1
-2.050005E+1
-2.050005E+1
-2.050005E+1
-2.050005E+1
-2.050005E+1
-2.050005E+1
-2.050005E+1
-2.050005E+1
-2.050005E+1
-2.050005E+1
-2.050005E+1
-2.050005E+1
-2.050005E+1
-2.050005E+1
-2.050005E+1
-2.050005E+1
-2.050005E+1
-2.050005E+1
-2.050005E+1
-2.050005E+1
-2.050005E+1
-2.050005E+1
-2.050005E+1
-2.050005E+1
-2.050005E+1
-2.050005E+1
-2.050005E+1
-1.811424E+1
-1.318680E+1
-1.179765E+1
-1.112439E+1
-1.080099E+1
-1.075248E+1
-1.101120E+1
-1.157274E+1
-1.265907E+1
-1.510368E+1
-2.050005E+1
-2.050005E+1
-2.050005E+1
-2.050005E+1
-2.050005E+1
-2.050005E+1
-2.050005E+1
-2.050005E+1
-2.050005E+1
-2.050005E+1
-2.050005E+1
-2.050005E+1
-2.050005E+1
-2.050005E+1
-2.050005E+1
-2.050005E+1
-2.050005E+1
-2.050005E+1
-2.050005E+1
-2.050005E+1
-2.050005E+1
-2.050005E+1
-2.050005E+1
-2.050005E+1
-2.050005E+1
-2.050005E+1
-2.050005E+1
-2.050005E+1
-2.050005E+1
-2.050005E+1
-2.050005E+1
-1.359840E+1
-1.143456E+1
-1.035264E+1
-9.677908E+0
-9.258958E+0
-8.994358E+0
-8.867938E+0
-8.857648E+0
-8.939968E+0
-9.104608E+0
-9.308938E+0
-9.547078E+0
-9.783748E+0
-9.996898E+0
-1.019535E+1
-1.035264E+1
-1.047759E+1
-1.060989E+1
-1.080099E+1
-1.106706E+1
-1.143456E+1
-1.191966E+1
-1.277961E+1
-1.434663E+1
-2.050005E+1
-2.050005E+1
-2.050005E+1
-2.050005E+1
-2.050005E+1
-2.050005E+1
-2.050005E+1
-2.050005E+1
-2.050005E+1
-2.050005E+1
-1.461858E+1
-1.284135E+1
-1.187850E+1
-1.121259E+1
-1.068045E+1
-1.019535E+1
-9.752878E+0
-9.333928E+0
-8.950258E+0
-8.625388E+0
-8.350498E+0
-8.143228E+0
-7.993288E+0
-7.906558E+0
-7.887448E+0
-7.919788E+0
-8.013868E+0
-8.165278E+0
-8.382838E+0
-8.681248E+0
-9.082558E+0
-9.648508E+0
-1.052169E+1
-1.209312E+1
-2.050005E+1
-2.050005E+1
-2.050005E+1
-2.050005E+1
-2.050005E+1
-2.050005E+1
-2.050005E+1
-2.050005E+1
-2.050005E+1
-2.050005E+1
-2.050005E+1
-2.050005E+1
-2.050005E+1
-2.050005E+1
-1.627380E+1
-1.351020E+1
-1.271787E+1
-1.233273E+1
-1.213869E+1
-1.200492E+1
-1.187850E+1
-1.179765E+1
-1.168152E+1
-1.157274E+1
-1.143456E+1
-1.133607E+1
-1.124346E+1
-1.115379E+1
-1.112439E+1
-1.115379E+1
-1.130520E+1
-1.157274E+1
-1.204902E+1
-1.284135E+1
-1.422315E+1
-1.811424E+1
-2.050005E+1
-2.050005E+1
-2.050005E+1
-2.050005E+1
-2.050005E+1
-2.050005E+1
-1.549911E+1
-1.334262E+1
-1.223277E+1
-1.153746E+1
-1.103913E+1
-1.063341E+1
-1.033206E+1
-1.008510E+1
-9.879298E+0
-9.692608E+0
-9.547078E+0
-9.438298E+0
-9.358918E+0
-9.358918E+0
-9.425068E+0
-9.589708E+0
-9.896938E+0
-1.035264E+1
-1.103913E+1
-1.209312E+1
-1.422315E+1
-2.050005E+1
-2.050005E+1
-2.050005E+1
-2.050005E+1
-2.050005E+1
-2.050005E+1
-2.050005E+1
-2.050005E+1
-2.050005E+1
-2.050005E+1
-2.050005E+1
-2.050005E+1
-2.050005E+1
-2.050005E+1
-2.050005E+1
-2.050005E+1
-2.050005E+1
-2.050005E+1
-2.050005E+1
-2.050005E+1
-2.050005E+1
-1.660896E+1
-1.388799E+1
-1.271787E+1
-1.213869E+1
-1.175796E+1
-1.153746E+1
-1.136841E+1
-1.130520E+1
-1.130520E+1
-1.140222E+1
-1.160802E+1
-1.204902E+1
-1.290750E+1
-1.572843E+1
-2.050005E+1
-2.050005E+1
-2.050005E+1
-2.050005E+1
-2.050005E+1
-2.050005E+1
-2.050005E+1
-2.050005E+1
-2.050005E+1
-2.050005E+1
-2.050005E+1
-2.050005E+1
-2.050005E+1
-2.050005E+1
-2.050005E+1
-2.050005E+1
-2.050005E+1
-2.050005E+1
-2.050005E+1
-2.050005E+1
-1.175796E+1
-1.004982E+1
-9.139888E+0
-8.535718E+0
-8.128528E+0
-7.841878E+0
-7.658128E+0
-7.561108E+0
-7.537588E+0
-7.583158E+0
-7.693408E+0
-7.866868E+0
-8.106478E+0
-8.391658E+0
-8.728288E+0
-9.116368E+0
-9.547078E+0
-1.003218E+1
-1.063341E+1
-1.140222E+1
-1.265907E+1
-1.598421E+1
-2.050005E+1
-2.050005E+1
-2.050005E+1
-2.050005E+1
-2.050005E+1
-2.050005E+1
-2.050005E+1
-2.050005E+1
-2.050005E+1
-2.050005E+1
-2.050005E+1
-1.493022E+1
-1.265907E+1
-1.179765E+1
-1.140222E+1
-1.130520E+1
-1.150218E+1
-1.204902E+1
-1.326324E+1
-1.748949E+1
-2.050005E+1
-2.050005E+1
-2.050005E+1
-2.050005E+1
-2.050005E+1
-2.050005E+1
-2.050005E+1
-2.050005E+1
-2.050005E+1
-2.050005E+1
-2.050005E+1
-2.050005E+1
-1.748949E+1
-1.342494E+1
-1.196082E+1
-1.106706E+1
-1.043496E+1
-9.996898E+0
-9.692608E+0
-9.505918E+0
-9.425068E+0
-9.451528E+0
-9.575008E+0
-9.799918E+0
-1.013949E+1
-1.060989E+1
-1.133607E+1
-1.248855E+1
-1.476852E+1
-2.050005E+1
-2.050005E+1
-2.050005E+1
-2.050005E+1
-2.050005E+1
-2.050005E+1
-2.050005E+1
-2.050005E+1
-2.050005E+1
-2.050005E+1
-2.050005E+1
-2.050005E+1
-2.050005E+1
-2.050005E+1
-2.050005E+1
-2.050005E+1
-2.050005E+1
-1.748949E+1
-1.627380E+1
-1.811424E+1
-2.050005E+1
-2.050005E+1
-2.050005E+1
-2.050005E+1
-2.050005E+1
-2.050005E+1
-2.050005E+1
-2.050005E+1
-2.050005E+1
-2.050005E+1
-2.050005E+1
-2.050005E+1
-2.050005E+1
-2.050005E+1
-2.050005E+1
-2.050005E+1
-2.050005E+1
-2.050005E+1
-2.050005E+1
-2.050005E+1
-2.050005E+1
-2.050005E+1
-2.050005E+1
-2.050005E+1
-2.050005E+1
-2.050005E+1
-2.050005E+1
-2.050005E+1
-2.050005E+1
-2.050005E+1
-2.050005E+1
-2.050005E+1
-2.050005E+1
-1.476852E+1
-1.200492E+1
-1.085244E+1
-1.013949E+1
-9.648508E+0
-9.295708E+0
-9.038458E+0
-8.867938E+0
-8.767978E+0
-8.728288E+0
-8.747398E+0
-8.816488E+0
-8.929678E+0
-9.082558E+0
-9.283948E+0
-9.519148E+0
-9.816088E+0
-1.015860E+1
-1.056579E+1
-1.101120E+1
-1.146837E+1
-1.187850E+1
-1.209312E+1
-1.209312E+1
-1.183734E+1
-1.140222E+1
-1.098327E+1
-1.060989E+1
-1.031148E+1
-1.012185E+1
-1.003218E+1
-1.004982E+1
-1.013949E+1
-1.027326E+1
-1.041438E+1
-1.047759E+1
-1.043496E+1
-1.025268E+1
-9.996898E+0
-9.707308E+0
-9.451528E+0
-9.272188E+0
-9.175168E+0
-9.210448E+0
-9.372148E+0
-9.707308E+0
-1.023357E+1
-1.103913E+1
-1.223277E+1
-1.434663E+1
-2.050005E+1
-2.050005E+1
-2.050005E+1
-2.050005E+1
-2.050005E+1
-1.811424E+1
-1.572843E+1
-1.510368E+1
-1.549911E+1
-1.660896E+1
-2.050005E+1
-2.050005E+1
-2.050005E+1
-2.050005E+1
-2.050005E+1
-2.050005E+1
-2.050005E+1
-2.050005E+1
-1.572843E+1
-1.399383E+1
-1.318680E+1
-1.277961E+1
-1.265907E+1
-1.284135E+1
-1.359840E+1
-1.572843E+1
-2.050005E+1
-2.050005E+1
-2.050005E+1
-2.050005E+1
-2.050005E+1
-2.050005E+1
-2.050005E+1
-2.050005E+1
-2.050005E+1
-2.050005E+1
-2.050005E+1
-2.050005E+1
-2.050005E+1
-1.660896E+1
-1.204902E+1
-1.070397E+1
-9.980728E+0
-9.561778E+0
-9.322168E+0
-9.222208E+0
-9.210448E+0
-9.272188E+0
-9.398608E+0
-9.561778E+0
-9.769048E+0
-1.003218E+1
-1.037322E+1
-1.082745E+1
-1.146837E+1
-1.254441E+1
-1.476852E+1
-2.050005E+1
-2.050005E+1
-2.050005E+1
-2.050005E+1
-2.050005E+1
-2.050005E+1
-2.050005E+1
-2.050005E+1
-2.050005E+1
-2.050005E+1
-2.050005E+1
-2.050005E+1
-2.050005E+1
-2.050005E+1
-2.050005E+1
-2.050005E+1
-2.050005E+1
-2.050005E+1
-2.050005E+1
-2.050005E+1
-2.050005E+1
-2.050005E+1
-2.050005E+1
-2.050005E+1
-2.050005E+1
-2.050005E+1
-2.050005E+1
-2.050005E+1
-2.050005E+1
-2.050005E+1
-2.050005E+1
-2.050005E+1
-1.493022E+1
-1.140222E+1
-1.012185E+1
-9.333928E+0
-8.806198E+0
-8.457808E+0
-8.232898E+0
-8.113828E+0
-8.063848E+0
-8.063848E+0
-8.084428E+0
-8.113828E+0
-8.121178E+0
-8.084428E+0
-8.007988E+0
-7.919788E+0
-7.828648E+0
-7.753678E+0
-7.716928E+0
-7.716928E+0
-7.766908E+0
-7.860988E+0
-7.993288E+0
-8.157928E+0
-8.357848E+0
-8.579818E+0
-8.826778E+0
-9.082558E+0
-9.358918E+0
-9.619108E+0
-9.846958E+0
-1.001454E+1
-1.010274E+1
-1.012185E+1
-1.006746E+1
-9.980728E+0
-9.929278E+0
-9.929278E+0
-1.004982E+1
-1.029237E+1
-1.072749E+1
-1.143456E+1
-1.271787E+1
-1.660896E+1
-2.050005E+1
-2.050005E+1
-2.050005E+1
-2.050005E+1
-2.050005E+1
-2.050005E+1
-2.050005E+1
-2.050005E+1
-2.050005E+1
-2.050005E+1
-2.050005E+1
-2.050005E+1
-2.050005E+1
-2.050005E+1
-2.050005E+1
-2.050005E+1
-2.050005E+1
-2.050005E+1
-2.050005E+1
-1.493022E+1
-1.359840E+1
-1.311330E+1
-1.284135E+1
-1.284135E+1
-1.290750E+1
-1.311330E+1
-1.342494E+1
-1.388799E+1
-1.461858E+1
-1.549911E+1
-1.660896E+1
-1.700439E+1
-1.627380E+1
-1.476852E+1
-1.342494E+1
-1.243563E+1
-1.160802E+1
-1.101120E+1
-1.054374E+1
-1.023357E+1
