Date/Time	2022-06-07 14:20:30
Line location	1
Line name	A1
OTDR wavelength [nm]	1550
OTDR pulse duration [ns]	2
OTDR scan time [s]	10
OTDR scan length [m]	1.500000E+2
Length offset [m]	0.000000E+0
Length increment [m]	3.996806E-2
Switch ID	VIAVI Solutions,OTU 8000E,11654,FO,16.76
OTDR ID	JDSU,OTU 8000E,11654,OTU(SmartOTU),V7.22

Reflected amplitude [dB]
8.524320E-1
8.289120E-1
7.892220E-1
7.407120E-1
6.936720E-1
6.510420E-1
6.157620E-1
5.951820E-1
6.025320E-1
6.451620E-1
7.245420E-1
8.377320E-1
9.832620E-1
1.144962E+0
1.291962E+0
1.409562E+0
1.496292E+0
1.558032E+0
1.602132E+0
1.624182E+0
1.615362E+0
1.565382E+0
1.480122E+0
1.372812E+0
1.256682E+0
1.125852E+0
9.773820E-1
8.259720E-1
6.892620E-1
5.746020E-1
4.731720E-1
3.776220E-1
2.879520E-1
2.100420E-1
1.438920E-1
8.950200E-2
4.246200E-2
1.302000E-3
-3.250800E-2
-6.337800E-2
-8.836800E-2
-1.104180E-1
-1.295280E-1
-1.442280E-1
-1.574580E-1
-1.677480E-1
-1.750980E-1
-1.809780E-1
-1.868580E-1
-1.912680E-1
-1.971480E-1
-2.030280E-1
-2.103780E-1
-2.191980E-1
-2.280180E-1
-2.383080E-1
-2.471280E-1
-2.574180E-1
-2.662380E-1
-2.750580E-1
-2.824080E-1
-2.897580E-1
-2.971080E-1
-3.029880E-1
-3.073980E-1
-3.088680E-1
-3.073980E-1
-3.029880E-1
-2.941680E-1
-2.838780E-1
-2.706480E-1
-2.559480E-1
-2.383080E-1
-2.206680E-1
-2.015580E-1
-1.824480E-1
-1.633380E-1
-1.427580E-1
-1.251180E-1
-1.074780E-1
-9.277800E-2
-8.395800E-2
-7.807800E-2
-7.954800E-2
-8.542800E-2
-9.718800E-2
-1.162980E-1
-1.383480E-1
-1.648080E-1
-1.942080E-1
-2.250780E-1
-2.559480E-1
-2.868180E-1
-3.147480E-1
-3.397380E-1
-3.617880E-1
-3.794280E-1
-3.941280E-1
-4.058880E-1
-4.132380E-1
-4.191180E-1
-4.235280E-1
-4.249980E-1
-4.264680E-1
-4.279380E-1
-4.294080E-1
-4.294080E-1
-4.294080E-1
-4.294080E-1
-4.308780E-1
-4.308780E-1
-4.323480E-1
-4.352880E-1
-4.382280E-1
-4.426380E-1
-4.470480E-1
-4.514580E-1
-4.573380E-1
-4.602780E-1
-4.632180E-1
-4.646880E-1
-4.646880E-1
-4.617480E-1
-4.588080E-1
-4.558680E-1
-4.514580E-1
-4.470480E-1
-4.426380E-1
-4.396980E-1
-4.382280E-1
-4.367580E-1
-4.382280E-1
-4.396980E-1
-4.426380E-1
-4.470480E-1
-4.529280E-1
-4.602780E-1
-4.690980E-1
-4.793880E-1
-4.926180E-1
-5.043780E-1
-5.176080E-1
-5.293680E-1
-5.411280E-1
-5.176080E-1
-3.162180E-1
2.864820E-1
1.309602E+0
2.522352E+0
3.705702E+0
4.764102E+0
5.666682E+0
6.419322E+0
7.044072E+0
7.561512E+0
7.984872E+0
8.320032E+0
8.574342E+0
8.752212E+0
8.860992E+0
8.908032E+0
8.897742E+0
8.833062E+0
8.718402E+0
8.553762E+0
8.340612E+0
8.080422E+0
7.777602E+0
7.433622E+0
7.048482E+0
6.628062E+0
6.175302E+0
5.700492E+0
5.206572E+0
4.705302E+0
4.205502E+0
3.718932E+0
3.254412E+0
2.828112E+0
2.451792E+0
2.138682E+0
1.882902E+0
1.666812E+0
1.471302E+0
1.289022E+0
1.111152E+0
9.288720E-1
7.480620E-1
5.746020E-1
4.040820E-1
2.438520E-1
9.979200E-2
-2.662800E-2
-1.309980E-1
-2.133180E-1
-2.779980E-1
-3.265080E-1
-3.617880E-1
-3.853080E-1
-4.014780E-1
-4.088280E-1
-4.117680E-1
-4.102980E-1
-4.088280E-1
-4.058880E-1
-4.029480E-1
-4.044180E-1
-4.058880E-1
-4.117680E-1
-4.176480E-1
-4.264680E-1
-4.338180E-1
-4.396980E-1
-4.455780E-1
-4.470480E-1
-4.470480E-1
-4.426380E-1
-4.367580E-1
-4.294080E-1
-4.205880E-1
-4.117680E-1
-4.029480E-1
-3.955980E-1
-3.897180E-1
-3.853080E-1
-3.823680E-1
-3.808980E-1
-3.823680E-1
-3.838380E-1
-3.867780E-1
-3.911880E-1
-3.970680E-1
-4.029480E-1
-4.088280E-1
-4.161780E-1
-4.220580E-1
-4.279380E-1
-4.323480E-1
-4.352880E-1
-4.367580E-1
-4.382280E-1
-4.367580E-1
-4.352880E-1
-4.338180E-1
-4.323480E-1
-4.308780E-1
-4.279380E-1
-4.264680E-1
-4.249980E-1
-4.235280E-1
-4.220580E-1
-4.220580E-1
-4.220580E-1
-4.235280E-1
-4.249980E-1
-4.279380E-1
-4.308780E-1
-4.338180E-1
-4.352880E-1
-4.382280E-1
-4.396980E-1
-4.396980E-1
-4.396980E-1
-4.382280E-1
-4.367580E-1
-4.352880E-1
-4.338180E-1
-4.323480E-1
-4.294080E-1
-4.279380E-1
-4.264680E-1
-4.264680E-1
-4.264680E-1
-4.264680E-1
-4.264680E-1
-4.279380E-1
-4.294080E-1
-4.279380E-1
-4.264680E-1
-4.249980E-1
-4.205880E-1
-4.132380E-1
-4.058880E-1
-3.955980E-1
-3.853080E-1
-3.735480E-1
-3.632580E-1
-3.544380E-1
-3.456180E-1
-3.397380E-1
-3.367980E-1
-3.367980E-1
-3.382680E-1
-3.426780E-1
-3.485580E-1
-3.573780E-1
-3.661980E-1
-3.764880E-1
-3.867780E-1
-3.970680E-1
-4.073580E-1
-4.161780E-1
-4.249980E-1
-4.308780E-1
-4.338180E-1
-4.367580E-1
-4.382280E-1
-4.382280E-1
-4.396980E-1
-4.396980E-1
-4.411680E-1
-4.426380E-1
-4.441080E-1
-4.470480E-1
-4.514580E-1
-4.543980E-1
-4.573380E-1
-4.602780E-1
-4.617480E-1
-4.632180E-1
-4.632180E-1
-4.632180E-1
-4.632180E-1
-4.632180E-1
-4.617480E-1
-4.617480E-1
-4.602780E-1
-4.573380E-1
-4.543980E-1
-4.499880E-1
-4.441080E-1
-4.382280E-1
-4.323480E-1
-4.279380E-1
-4.235280E-1
-4.205880E-1
-4.205880E-1
-4.220580E-1
-4.235280E-1
-4.264680E-1
-4.279380E-1
-4.279380E-1
-4.249980E-1
-4.191180E-1
-4.102980E-1
-4.000080E-1
-3.867780E-1
-3.735480E-1
-3.603180E-1
-3.470880E-1
-3.353280E-1
-3.265080E-1
-3.191580E-1
-3.147480E-1
-3.132780E-1
-3.132780E-1
-3.162180E-1
-3.206280E-1
-3.265080E-1
-3.338580E-1
-3.426780E-1
-3.514980E-1
-3.617880E-1
-3.720780E-1
-3.823680E-1
-3.926580E-1
-4.014780E-1
-4.102980E-1
-4.176480E-1
-4.249980E-1
-4.308780E-1
-4.367580E-1
-4.411680E-1
-4.455780E-1
-4.499880E-1
-4.529280E-1
-4.543980E-1
-4.543980E-1
-4.529280E-1
-4.514580E-1
-4.485180E-1
-4.441080E-1
-4.411680E-1
-4.396980E-1
-4.396980E-1
-4.396980E-1
-4.411680E-1
-4.455780E-1
-4.499880E-1
-4.573380E-1
-4.632180E-1
-4.705680E-1
-4.793880E-1
-4.867380E-1
-4.940880E-1
-4.999680E-1
-5.058480E-1
-5.102580E-1
-5.131980E-1
-5.146680E-1
-5.146680E-1
-5.117280E-1
-5.073180E-1
-5.014380E-1
-4.940880E-1
-4.852680E-1
-4.749780E-1
-4.646880E-1
-4.543980E-1
-4.441080E-1
-4.338180E-1
-4.249980E-1
-4.147080E-1
-4.058880E-1
-3.985380E-1
-3.911880E-1
-3.853080E-1
-3.794280E-1
-3.750180E-1
-3.706080E-1
-3.676680E-1
-3.661980E-1
-3.661980E-1
-3.676680E-1
-3.706080E-1
-3.750180E-1
-3.808980E-1
-3.882480E-1
-3.955980E-1
-4.029480E-1
-4.088280E-1
-4.161780E-1
-4.220580E-1
-4.279380E-1
-4.323480E-1
-4.367580E-1
-4.426380E-1
-4.470480E-1
-4.514580E-1
-4.558680E-1
-4.602780E-1
-4.646880E-1
-4.690980E-1
-4.705680E-1
-4.735080E-1
-4.735080E-1
-4.735080E-1
-4.720380E-1
-4.705680E-1
-4.690980E-1
-4.676280E-1
-4.661580E-1
-4.646880E-1
-4.632180E-1
-4.602780E-1
-4.588080E-1
-4.573380E-1
-4.543980E-1
-4.514580E-1
-4.470480E-1
-4.441080E-1
-4.411680E-1
-4.382280E-1
-4.352880E-1
-4.352880E-1
-4.367580E-1
-4.411680E-1
-4.455780E-1
-4.499880E-1
-4.543980E-1
-4.588080E-1
-4.602780E-1
-4.588080E-1
-4.558680E-1
-4.514580E-1
-4.441080E-1
-4.367580E-1
-4.279380E-1
-4.205880E-1
-4.132380E-1
-4.073580E-1
-4.029480E-1
-4.000080E-1
-3.985380E-1
-3.985380E-1
-4.014780E-1
-4.058880E-1
-4.132380E-1
-4.205880E-1
-4.279380E-1
-4.352880E-1
-4.411680E-1
-4.470480E-1
-4.514580E-1
-4.543980E-1
-4.558680E-1
-4.573380E-1
-4.573380E-1
-4.573380E-1
-4.588080E-1
-4.602780E-1
-4.617480E-1
-4.646880E-1
-4.676280E-1
-4.705680E-1
-4.720380E-1
-4.735080E-1
-4.749780E-1
-4.749780E-1
-4.749780E-1
-4.749780E-1
-4.749780E-1
-4.735080E-1
-4.735080E-1
-4.720380E-1
-4.705680E-1
-4.690980E-1
-4.661580E-1
-4.617480E-1
-4.588080E-1
-4.543980E-1
-4.514580E-1
-4.485180E-1
-4.470480E-1
-4.470480E-1
-4.485180E-1
-4.514580E-1
-4.543980E-1
-4.573380E-1
-4.588080E-1
-4.602780E-1
-4.602780E-1
-4.573380E-1
-4.543980E-1
-4.499880E-1
-4.441080E-1
-4.396980E-1
-4.338180E-1
-4.279380E-1
-4.235280E-1
-4.191180E-1
-4.147080E-1
-4.117680E-1
-4.073580E-1
-4.044180E-1
-4.014780E-1
-4.014780E-1
-4.014780E-1
-4.029480E-1
-4.073580E-1
-4.132380E-1
-4.205880E-1
-4.294080E-1
-4.382280E-1
-4.470480E-1
-4.558680E-1
-4.646880E-1
-4.705680E-1
-4.749780E-1
-4.779180E-1
-4.793880E-1
-4.808580E-1
-4.823280E-1
-4.837980E-1
-4.852680E-1
-4.867380E-1
-4.882080E-1
-4.911480E-1
-4.926180E-1
-4.955580E-1
-4.970280E-1
-4.999680E-1
-5.014380E-1
-5.029080E-1
-5.043780E-1
-5.043780E-1
-5.043780E-1
-5.043780E-1
-5.043780E-1
-5.043780E-1
-5.058480E-1
-5.058480E-1
-5.058480E-1
-5.073180E-1
-5.073180E-1
-5.058480E-1
-5.043780E-1
-5.014380E-1
-4.970280E-1
-4.911480E-1
-4.852680E-1
-4.793880E-1
-4.720380E-1
-4.661580E-1
-4.617480E-1
-4.558680E-1
-4.514580E-1
-4.455780E-1
-4.411680E-1
-4.352880E-1
-4.294080E-1
-4.220580E-1
-4.147080E-1
-4.058880E-1
-3.970680E-1
-3.897180E-1
-3.823680E-1
-3.750180E-1
-3.706080E-1
-3.676680E-1
-3.676680E-1
-3.691380E-1
-3.720780E-1
-3.764880E-1
-3.823680E-1
-3.882480E-1
-3.941280E-1
-4.000080E-1
-4.058880E-1
-4.117680E-1
-4.161780E-1
-4.205880E-1
-4.235280E-1
-4.249980E-1
-4.249980E-1
-4.220580E-1
-4.191180E-1
-4.147080E-1
-4.088280E-1
-4.044180E-1
-3.985380E-1
-3.941280E-1
-3.897180E-1
-3.882480E-1
-3.853080E-1
-3.853080E-1
-3.853080E-1
-3.867780E-1
-3.882480E-1
-3.911880E-1
-3.941280E-1
-3.985380E-1
-4.029480E-1
-4.088280E-1
-4.147080E-1
-4.191180E-1
-4.249980E-1
-4.294080E-1
-4.338180E-1
-4.382280E-1
-4.411680E-1
-4.441080E-1
-4.455780E-1
-4.455780E-1
-4.455780E-1
-4.426380E-1
-4.411680E-1
-4.382280E-1
-4.352880E-1
-4.338180E-1
-4.308780E-1
-4.294080E-1
-4.294080E-1
-4.294080E-1
-4.279380E-1
-4.279380E-1
-4.279380E-1
-4.264680E-1
-4.249980E-1
-4.235280E-1
-4.205880E-1
-4.176480E-1
-4.147080E-1
-4.102980E-1
-4.058880E-1
-4.014780E-1
-3.970680E-1
-3.926580E-1
-3.882480E-1
-3.853080E-1
-3.838380E-1
-3.808980E-1
-3.808980E-1
-3.794280E-1
-3.794280E-1
-3.794280E-1
-3.794280E-1
-3.808980E-1
-3.823680E-1
-3.867780E-1
-3.911880E-1
-3.970680E-1
-4.058880E-1
-4.147080E-1
-4.249980E-1
-4.338180E-1
-4.426380E-1
-4.499880E-1
-4.558680E-1
-4.617480E-1
-4.661580E-1
-4.690980E-1
-4.705680E-1
-4.705680E-1
-4.690980E-1
-4.661580E-1
-4.632180E-1
-4.602780E-1
-4.558680E-1
-4.529280E-1
-4.514580E-1
-4.499880E-1
-4.485180E-1
-4.499880E-1
-4.514580E-1
-4.529280E-1
-4.558680E-1
-4.602780E-1
-4.632180E-1
-4.676280E-1
-4.720380E-1
-4.779180E-1
-4.823280E-1
-4.867380E-1
-4.911480E-1
-4.955580E-1
-4.984980E-1
-5.014380E-1
-5.043780E-1
-5.043780E-1
-5.058480E-1
-5.058480E-1
-5.043780E-1
-5.014380E-1
-4.970280E-1
-4.926180E-1
-4.852680E-1
-4.793880E-1
-4.720380E-1
-4.661580E-1
-4.602780E-1
-4.558680E-1
-4.543980E-1
-4.529280E-1
-4.543980E-1
-4.558680E-1
-4.602780E-1
-4.632180E-1
-4.661580E-1
-4.676280E-1
-4.690980E-1
-4.676280E-1
-4.646880E-1
-4.602780E-1
-4.558680E-1
-4.499880E-1
-4.441080E-1
-4.396980E-1
-4.367580E-1
-4.367580E-1
-4.382280E-1
-4.426380E-1
-4.485180E-1
-4.558680E-1
-4.646880E-1
-4.735080E-1
-4.808580E-1
-4.882080E-1
-4.926180E-1
-4.955580E-1
-4.955580E-1
-4.926180E-1
-4.882080E-1
-4.823280E-1
-4.749780E-1
-4.676280E-1
-4.588080E-1
-4.499880E-1
-4.426380E-1
-4.352880E-1
-4.279380E-1
-4.220580E-1
-4.161780E-1
-4.132380E-1
-4.102980E-1
-4.102980E-1
-4.117680E-1
-4.147080E-1
-4.205880E-1
-4.264680E-1
-4.352880E-1
-4.441080E-1
-4.514580E-1
-4.588080E-1
-4.646880E-1
-4.705680E-1
-4.735080E-1
-4.749780E-1
-4.764480E-1
-4.779180E-1
-4.779180E-1
-4.779180E-1
-4.779180E-1
-4.779180E-1
-4.779180E-1
-4.779180E-1
-4.764480E-1
-4.764480E-1
-4.764480E-1
-4.764480E-1
-4.764480E-1
-4.749780E-1
-4.749780E-1
-4.735080E-1
-4.720380E-1
-4.705680E-1
-4.676280E-1
-4.676280E-1
-4.661580E-1
-4.676280E-1
-4.690980E-1
-4.705680E-1
-4.735080E-1
-4.779180E-1
-4.808580E-1
-4.837980E-1
-4.852680E-1
-4.867380E-1
-4.852680E-1
-4.837980E-1
-4.823280E-1
-4.779180E-1
-4.735080E-1
-4.690980E-1
-4.646880E-1
-4.617480E-1
-4.573380E-1
-4.558680E-1
-4.529280E-1
-4.529280E-1
-4.529280E-1
-4.529280E-1
-4.543980E-1
-4.558680E-1
-4.573380E-1
-4.588080E-1
-4.602780E-1
-4.617480E-1
-4.617480E-1
-4.617480E-1
-4.617480E-1
-4.602780E-1
-4.588080E-1
-4.573380E-1
-4.558680E-1
-4.543980E-1
-4.529280E-1
-4.529280E-1
-4.543980E-1
-4.558680E-1
-4.573380E-1
-4.602780E-1
-4.617480E-1
-4.632180E-1
-4.632180E-1
-4.617480E-1
-4.588080E-1
-4.529280E-1
-4.470480E-1
-4.396980E-1
-4.323480E-1
-4.249980E-1
-4.191180E-1
-4.147080E-1
-4.132380E-1
-4.132380E-1
-4.147080E-1
-4.176480E-1
-4.220580E-1
-4.264680E-1
-4.308780E-1
-4.367580E-1
-4.411680E-1
-4.470480E-1
-4.514580E-1
-4.558680E-1
-4.588080E-1
-4.617480E-1
-4.632180E-1
-4.646880E-1
-4.646880E-1
-4.646880E-1
-4.646880E-1
-4.646880E-1
-4.661580E-1
-4.676280E-1
-4.705680E-1
-4.735080E-1
-4.749780E-1
-4.764480E-1
-4.764480E-1
-4.749780E-1
-4.720380E-1
-4.676280E-1
-4.632180E-1
-4.588080E-1
-4.558680E-1
-4.543980E-1
-4.543980E-1
-4.588080E-1
-4.632180E-1
-4.705680E-1
-4.793880E-1
-4.867380E-1
-4.940880E-1
-4.984980E-1
-5.014380E-1
-4.999680E-1
-4.955580E-1
-4.882080E-1
-4.808580E-1
-4.720380E-1
-4.617480E-1
-4.529280E-1
-4.441080E-1
-4.367580E-1
-4.294080E-1
-4.220580E-1
-4.176480E-1
-4.117680E-1
-4.088280E-1
-4.088280E-1
-4.088280E-1
-4.117680E-1
-4.147080E-1
-4.191180E-1
-4.235280E-1
-4.279380E-1
-4.294080E-1
-4.308780E-1
-4.323480E-1
-4.308780E-1
-4.294080E-1
-4.294080E-1
-4.279380E-1
-4.279380E-1
-4.294080E-1
-4.294080E-1
-4.323480E-1
-4.338180E-1
-4.352880E-1
-4.367580E-1
-4.396980E-1
-4.411680E-1
-4.426380E-1
-4.455780E-1
-4.485180E-1
-4.514580E-1
-4.543980E-1
-4.588080E-1
-4.617480E-1
-4.646880E-1
-4.661580E-1
-4.646880E-1
-4.632180E-1
-4.588080E-1
-4.543980E-1
-4.485180E-1
-4.426380E-1
-4.382280E-1
-4.352880E-1
-4.352880E-1
-4.367580E-1
-4.396980E-1
-4.455780E-1
-4.529280E-1
-4.602780E-1
-4.676280E-1
-4.735080E-1
-4.779180E-1
-4.808580E-1
-4.823280E-1
-4.808580E-1
-4.779180E-1
-4.749780E-1
-4.705680E-1
-4.646880E-1
-4.602780E-1
-4.558680E-1
-4.514580E-1
-4.485180E-1
-4.455780E-1
-4.455780E-1
-4.455780E-1
-4.455780E-1
-4.470480E-1
-4.470480E-1
-4.485180E-1
-4.485180E-1
-4.485180E-1
-4.485180E-1
-4.485180E-1
-4.485180E-1
-4.499880E-1
-4.514580E-1
-4.543980E-1
-4.558680E-1
-4.573380E-1
-4.588080E-1
-4.588080E-1
-4.588080E-1
-4.573380E-1
-4.573380E-1
-4.558680E-1
-4.573380E-1
-4.588080E-1
-4.617480E-1
-4.646880E-1
-4.676280E-1
-4.705680E-1
-4.720380E-1
-4.735080E-1
-4.720380E-1
-4.720380E-1
-4.705680E-1
-4.705680E-1
-4.720380E-1
-4.764480E-1
-4.837980E-1
-4.940880E-1
-5.102580E-1
-5.278980E-1
-5.499480E-1
-5.734680E-1
-5.999280E-1
-6.278580E-1
-6.572580E-1
-6.866580E-1
-7.175280E-1
-7.498680E-1
-7.822080E-1
-8.160180E-1
-8.468880E-1
-8.762880E-1
-9.027480E-1
-9.262680E-1
-9.468480E-1
-9.644880E-1
-9.791880E-1
-9.938880E-1
-1.007118E+0
-1.021818E+0
-1.037988E+0
-1.054158E+0
-1.071798E+0
-1.089438E+0
-1.105608E+0
-1.121778E+0
-1.135008E+0
-1.148238E+0
-1.157058E+0
-1.162938E+0
-1.167348E+0
-1.168818E+0
-1.167348E+0
-1.164408E+0
-1.161468E+0
-1.157058E+0
-1.154118E+0
-1.152648E+0
-1.151178E+0
-1.152648E+0
-1.155588E+0
-1.158528E+0
-1.162938E+0
-1.167348E+0
-1.173228E+0
-1.177638E+0
-1.182048E+0
-1.186458E+0
-1.189398E+0
-1.193808E+0
-1.196748E+0
-1.199688E+0
-1.202628E+0
-1.205568E+0
-1.209978E+0
-1.212918E+0
-1.215858E+0
-1.217328E+0
-1.218798E+0
-1.218798E+0
-1.218798E+0
-1.215858E+0
-1.214388E+0
-1.211448E+0
-1.209978E+0
-1.208508E+0
-1.209978E+0
-1.211448E+0
-1.215858E+0
-1.220268E+0
-1.226148E+0
-1.232028E+0
-1.239378E+0
-1.243788E+0
-1.248198E+0
-1.252608E+0
-1.255548E+0
-1.258488E+0
-1.259958E+0
-1.261428E+0
-1.259958E+0
-1.258488E+0
-1.257018E+0
-1.252608E+0
-1.248198E+0
-1.243788E+0
-1.239378E+0
-1.236438E+0
-1.234968E+0
-1.233498E+0
-1.234968E+0
-1.239378E+0
-1.242318E+0
-1.248198E+0
-1.254078E+0
-1.258488E+0
-1.262898E+0
-1.264368E+0
-1.265838E+0
-1.262898E+0
-1.259958E+0
-1.255548E+0
-1.249668E+0
-1.245258E+0
-1.242318E+0
-1.240848E+0
-1.242318E+0
-1.246728E+0
-1.254078E+0
-1.262898E+0
-1.271718E+0
-1.282008E+0
-1.292298E+0
-1.302588E+0
-1.312878E+0
-1.323168E+0
-1.334928E+0
-1.346688E+0
-1.358448E+0
-1.368738E+0
-1.376088E+0
-1.381968E+0
-1.384908E+0
-1.383438E+0
-1.380498E+0
-1.377558E+0
-1.374618E+0
-1.370208E+0
-1.367268E+0
-1.365798E+0
-1.362858E+0
-1.358448E+0
-1.352568E+0
-1.345218E+0
-1.336398E+0
-1.327578E+0
-1.320228E+0
-1.312878E+0
-1.306998E+0
-1.304058E+0
-1.304058E+0
-1.306998E+0
-1.311408E+0
-1.315818E+0
-1.323168E+0
-1.329048E+0
-1.336398E+0
-1.345218E+0
-1.352568E+0
-1.361388E+0
-1.368738E+0
-1.376088E+0
-1.381968E+0
-1.387848E+0
-1.392258E+0
-1.395198E+0
-1.396668E+0
-1.398138E+0
-1.398138E+0
-1.399608E+0
-1.401078E+0
-1.402548E+0
-1.405488E+0
-1.409898E+0
-1.415778E+0
-1.421658E+0
-1.429008E+0
-1.437828E+0
-1.446648E+0
-1.456938E+0
-1.467228E+0
-1.477518E+0
-1.486338E+0
-1.495158E+0
-1.499568E+0
-1.502508E+0
-1.501038E+0
-1.496628E+0
-1.487808E+0
-1.477518E+0
-1.465758E+0
-1.453998E+0
-1.445178E+0
-1.439298E+0
-1.437828E+0
-1.439298E+0
-1.446648E+0
-1.458408E+0
-1.473108E+0
-1.487808E+0
-1.503978E+0
-1.517208E+0
-1.530438E+0
-1.539258E+0
-1.543668E+0
-1.545138E+0
-1.545138E+0
-1.540728E+0
-1.534848E+0
-1.528968E+0
-1.521618E+0
-1.515738E+0
-1.511328E+0
-1.511328E+0
-1.512798E+0
-1.517208E+0
-1.524558E+0
-1.534848E+0
-1.546608E+0
-1.558368E+0
-1.570128E+0
-1.580418E+0
-1.590708E+0
-1.598058E+0
-1.603938E+0
-1.608348E+0
-1.609818E+0
-1.609818E+0
-1.609818E+0
-1.608348E+0
-1.605408E+0
-1.603938E+0
-1.600998E+0
-1.599528E+0
-1.598058E+0
-1.596588E+0
-1.596588E+0
-1.598058E+0
-1.600998E+0
-1.606878E+0
-1.614228E+0
-1.623048E+0
-1.634808E+0
-1.648038E+0
-1.661268E+0
-1.673028E+0
-1.684788E+0
-1.693608E+0
-1.698018E+0
-1.700958E+0
-1.699488E+0
-1.693608E+0
-1.686258E+0
-1.677438E+0
-1.667148E+0
-1.656858E+0
-1.646568E+0
-1.637748E+0
-1.628928E+0
-1.623048E+0
-1.617168E+0
-1.614228E+0
-1.612758E+0
-1.614228E+0
-1.617168E+0
-1.621578E+0
-1.627458E+0
-1.634808E+0
-1.642158E+0
-1.650978E+0
-1.659798E+0
-1.667148E+0
-1.674498E+0
-1.681848E+0
-1.687728E+0
-1.693608E+0
-1.699488E+0
-1.703898E+0
-1.709778E+0
-1.715658E+0
-1.721538E+0
-1.727418E+0
-1.731828E+0
-1.734768E+0
-1.737708E+0
-1.739178E+0
-1.737708E+0
-1.736238E+0
-1.731828E+0
-1.727418E+0
-1.723008E+0
-1.717128E+0
-1.712718E+0
-1.706838E+0
-1.703898E+0
-1.700958E+0
-1.699488E+0
-1.698018E+0
-1.699488E+0
-1.702428E+0
-1.705368E+0
-1.709778E+0
-1.715658E+0
-1.723008E+0
-1.731828E+0
-1.740648E+0
-1.750938E+0
-1.759758E+0
-1.768578E+0
-1.778868E+0
-1.786218E+0
-1.793568E+0
-1.796508E+0
-1.799448E+0
-1.797978E+0
-1.796508E+0
-1.792098E+0
-1.787688E+0
-1.783278E+0
-1.781808E+0
-1.780338E+0
-1.781808E+0
-1.784748E+0
-1.790628E+0
-1.796508E+0
-1.802388E+0
-1.806798E+0
-1.812678E+0
-1.817088E+0
-1.820028E+0
-1.824438E+0
-1.830318E+0
-1.834728E+0
-1.842078E+0
-1.850898E+0
-1.859718E+0
-1.868538E+0
-1.877358E+0
-1.884708E+0
-1.892058E+0
-1.896468E+0
-1.899408E+0
-1.902348E+0
-1.903818E+0
-1.903818E+0
-1.905288E+0
-1.905288E+0
-1.906758E+0
-1.909698E+0
-1.912638E+0
-1.915578E+0
-1.919988E+0
-1.922928E+0
-1.927338E+0
-1.930278E+0
-1.933218E+0
-1.936158E+0
-1.937628E+0
-1.937628E+0
-1.937628E+0
-1.934688E+0
-1.928808E+0
-1.921458E+0
-1.909698E+0
-1.897938E+0
-1.883238E+0
-1.870008E+0
-1.859718E+0
-1.849428E+0
-1.845018E+0
-1.842078E+0
-1.845018E+0
-1.849428E+0
-1.856778E+0
-1.867068E+0
-1.877358E+0
-1.889118E+0
-1.899408E+0
-1.909698E+0
-1.918518E+0
-1.925868E+0
-1.930278E+0
-1.931748E+0
-1.933218E+0
-1.933218E+0
-1.931748E+0
-1.933218E+0
-1.936158E+0
-1.943508E+0
-1.955268E+0
-1.967028E+0
-1.981728E+0
-1.996428E+0
-2.008188E+0
-2.018478E+0
-2.024358E+0
-2.025828E+0
-2.024358E+0
-2.021418E+0
-2.017008E+0
-2.012598E+0
-2.011128E+0
-2.012598E+0
-2.018478E+0
-2.027298E+0
-2.041998E+0
-2.059638E+0
-2.081688E+0
-2.106678E+0
-2.131668E+0
-2.155188E+0
-2.177238E+0
-2.191938E+0
-2.202228E+0
-2.203698E+0
-2.200758E+0
-2.191938E+0
-2.178708E+0
-2.166948E+0
-2.153718E+0
-2.143428E+0
-2.134608E+0
-2.128728E+0
-2.122848E+0
-2.116968E+0
-2.112558E+0
-2.105208E+0
-2.099328E+0
-2.091978E+0
-2.084628E+0
-2.078748E+0
-2.072868E+0
-2.068458E+0
-2.065518E+0
-2.064048E+0
-2.064048E+0
-2.065518E+0
-2.068458E+0
-2.071398E+0
-2.075808E+0
-2.080218E+0
-2.086098E+0
-2.089038E+0
-2.093448E+0
-2.094918E+0
-2.096388E+0
-2.096388E+0
-2.094918E+0
-2.090508E+0
-2.084628E+0
-2.078748E+0
-2.069928E+0
-2.062578E+0
-2.058168E+0
-2.055228E+0
-2.055228E+0
-2.059638E+0
-2.068458E+0
-2.081688E+0
-2.094918E+0
-2.109618E+0
-2.122848E+0
-2.136078E+0
-2.144898E+0
-2.152248E+0
-2.156658E+0
-2.161068E+0
-2.165478E+0
-2.169888E+0
-2.175768E+0
-2.183118E+0
-2.190468E+0
-2.199288E+0
-2.206638E+0
-2.212518E+0
-2.215458E+0
-2.215458E+0
-2.212518E+0
-2.206638E+0
-2.197818E+0
-2.186058E+0
-2.175768E+0
-2.165478E+0
-2.158128E+0
-2.152248E+0
-2.149308E+0
-2.149308E+0
-2.150778E+0
-2.153718E+0
-2.153718E+0
-2.153718E+0
-2.153718E+0
-2.150778E+0
-2.150778E+0
-2.149308E+0
-2.150778E+0
-2.155188E+0
-2.162538E+0
-2.171358E+0
-2.183118E+0
-2.194878E+0
-2.205168E+0
-2.213988E+0
-2.219868E+0
-2.221338E+0
-2.221338E+0
-2.218398E+0
-2.213988E+0
-2.212518E+0
-2.212518E+0
-2.216928E+0
-2.225748E+0
-2.238978E+0
-2.255148E+0
-2.272788E+0
-2.291898E+0
-2.312478E+0
-2.330118E+0
-2.344818E+0
-2.358048E+0
-2.366868E+0
-2.371278E+0
-2.371278E+0
-2.366868E+0
-2.360988E+0
-2.352168E+0
-2.343348E+0
-2.334528E+0
-2.330118E+0
-2.328648E+0
-2.331588E+0
-2.337468E+0
-2.346288E+0
-2.356578E+0
-2.366868E+0
-2.377158E+0
-2.384508E+0
-2.390388E+0
-2.394798E+0
-2.397738E+0
-2.397738E+0
-2.397738E+0
-2.397738E+0
-2.394798E+0
-2.393328E+0
-2.388918E+0
-2.384508E+0
-2.380098E+0
-2.374218E+0
-2.366868E+0
-2.360988E+0
-2.353638E+0
-2.346288E+0
-2.340408E+0
-2.335998E+0
-2.333058E+0
-2.331588E+0
-2.331588E+0
-2.333058E+0
-2.334528E+0
-2.334528E+0
-2.337468E+0
-2.338938E+0
-2.341878E+0
-2.346288E+0
-2.352168E+0
-2.359518E+0
-2.366868E+0
-2.377158E+0
-2.388918E+0
-2.399208E+0
-2.412438E+0
-2.424198E+0
-2.437428E+0
-2.450658E+0
-2.462418E+0
-2.472708E+0
-2.480058E+0
-2.485938E+0
-2.488878E+0
-2.490348E+0
-2.487408E+0
-2.482998E+0
-2.478588E+0
-2.471238E+0
-2.465358E+0
-2.459478E+0
-2.453598E+0
-2.447718E+0
-2.443308E+0
-2.437428E+0
-2.430078E+0
-2.421258E+0
-2.410968E+0
-2.399208E+0
-2.388918E+0
-2.378628E+0
-2.372748E+0
-2.371278E+0
-2.374218E+0
-2.385978E+0
-2.402148E+0
-2.425668E+0
-2.452128E+0
-2.481528E+0
-2.512398E+0
-2.541798E+0
-2.568258E+0
-2.590308E+0
-2.606478E+0
-2.618238E+0
-2.622648E+0
-2.619708E+0
-2.612358E+0
-2.600598E+0
-2.582958E+0
-2.563848E+0
-2.543268E+0
-2.521218E+0
-2.499168E+0
-2.478588E+0
-2.460948E+0
-2.444778E+0
-2.431548E+0
-2.421258E+0
-2.412438E+0
-2.405088E+0
-2.399208E+0
-2.394798E+0
-2.393328E+0
-2.394798E+0
-2.399208E+0
-2.406558E+0
-2.416848E+0
-2.431548E+0
-2.447718E+0
-2.466828E+0
-2.485938E+0
-2.506518E+0
-2.527098E+0
-2.547678E+0
-2.568258E+0
-2.587368E+0
-2.606478E+0
-2.624118E+0
-2.640288E+0
-2.653518E+0
-2.663808E+0
-2.671158E+0
-2.675568E+0
-2.677038E+0
-2.677038E+0
-2.675568E+0
-2.675568E+0
-2.677038E+0
-2.679978E+0
-2.682918E+0
-2.688798E+0
-2.696148E+0
-2.702028E+0
-2.706438E+0
-2.710848E+0
-2.712318E+0
-2.712318E+0
-2.709378E+0
-2.704968E+0
-2.696148E+0
-2.685858E+0
-2.674098E+0
-2.659398E+0
-2.644698E+0
-2.631468E+0
-2.621178E+0
-2.616768E+0
-2.618238E+0
-2.628528E+0
-2.643228E+0
-2.662338E+0
-2.685858E+0
-2.709378E+0
-2.729958E+0
-2.746128E+0
-2.756418E+0
-2.762298E+0
-2.760828E+0
-2.756418E+0
-2.749068E+0
-2.738778E+0
-2.728488E+0
-2.718198E+0
-2.706438E+0
-2.697618E+0
-2.690268E+0
-2.684388E+0
-2.679978E+0
-2.678508E+0
-2.678508E+0
-2.681448E+0
-2.685858E+0
-2.690268E+0
-2.691738E+0
-2.691738E+0
-2.688798E+0
-2.681448E+0
-2.672628E+0
-2.660868E+0
-2.650578E+0
-2.641758E+0
-2.635878E+0
-2.635878E+0
-2.640288E+0
-2.649108E+0
-2.660868E+0
-2.672628E+0
-2.685858E+0
-2.696148E+0
-2.704968E+0
-2.712318E+0
-2.716728E+0
-2.719668E+0
-2.722608E+0
-2.725548E+0
-2.728488E+0
-2.732898E+0
-2.737308E+0
-2.743188E+0
-2.750538E+0
-2.757888E+0
-2.768178E+0
-2.778468E+0
-2.790228E+0
-2.801988E+0
-2.810808E+0
-2.819628E+0
-2.824038E+0
-2.825508E+0
-2.824038E+0
-2.821098E+0
-2.818158E+0
-2.815218E+0
-2.813748E+0
-2.815218E+0
-2.818158E+0
-2.824038E+0
-2.828448E+0
-2.829918E+0
-2.825508E+0
-2.813748E+0
-2.793168E+0
-2.760828E+0
-2.716728E+0
-2.663808E+0
-2.602068E+0
-2.532978E+0
-2.449188E+0
-2.333058E+0
-2.188998E+0
-2.044938E+0
-1.922928E+0
-1.824438E+0
-1.750938E+0
-1.698018E+0
-1.662738E+0
-1.648038E+0
-1.650978E+0
-1.689198E+0
-1.777398E+0
-1.917048E+0
-2.087568E+0
-2.281608E+0
-2.516808E+0
-2.821098E+0
-3.190068E+0
-3.600198E+0
-4.035318E+0
-4.482198E+0
-4.943778E+0
-5.425938E+0
-5.937498E+0
-6.488748E+0
-7.088508E+0
-7.732368E+0
-8.414448E+0
-9.118578E+0
-9.791838E+0
-1.037690E+1
-1.081496E+1
-1.106045E+1
-1.118099E+1
-1.123244E+1
-1.131035E+1
-1.141913E+1
-1.165433E+1
-1.202477E+1
-1.256573E+1
-1.342274E+1
-1.472663E+1
-1.738439E+1
-2.088005E+1
-2.088005E+1
-2.088005E+1
-2.088005E+1
-2.088005E+1
-2.088005E+1
-2.088005E+1
-1.665380E+1
-1.485893E+1
-1.372262E+1
-1.303907E+1
-1.247312E+1
-1.209974E+1
-1.178222E+1
-1.159259E+1
-1.144706E+1
-1.139120E+1
-1.139120E+1
-1.144706E+1
-1.150439E+1
-1.162346E+1
-1.171607E+1
-1.181456E+1
-1.195274E+1
-1.206152E+1
-1.217765E+1
-1.225850E+1
-1.238492E+1
-1.242902E+1
-1.251869E+1
-1.251869E+1
-1.256573E+1
-1.261277E+1
-1.271273E+1
-1.298027E+1
-1.349330E+1
-1.448555E+1
-1.786949E+1
-2.088005E+1
-2.088005E+1
-2.088005E+1
-2.088005E+1
-2.088005E+1
-2.088005E+1
-2.088005E+1
-2.088005E+1
-2.088005E+1
-2.088005E+1
-2.088005E+1
-2.088005E+1
-2.088005E+1
-1.937477E+1
-1.738439E+1
-1.698896E+1
-1.738439E+1
-1.738439E+1
-1.698896E+1
-1.610843E+1
-1.514852E+1
-1.437383E+1
-1.389020E+1
-1.372262E+1
-1.389020E+1
-1.460315E+1
-1.636421E+1
-2.088005E+1
-2.088005E+1
-2.088005E+1
-2.088005E+1
-2.088005E+1
-2.088005E+1
-2.088005E+1
-2.088005E+1
-2.088005E+1
-2.088005E+1
-2.088005E+1
-1.937477E+1
-1.531022E+1
-1.380494E+1
-1.286855E+1
-1.229966E+1
-1.191746E+1
-1.171607E+1
-1.171607E+1
-1.195274E+1
-1.256573E+1
-1.416803E+1
-2.088005E+1
-2.088005E+1
-2.088005E+1
-2.088005E+1
-2.088005E+1
-2.088005E+1
-2.088005E+1
-2.088005E+1
-2.088005E+1
-2.088005E+1
-2.088005E+1
-2.088005E+1
-2.088005E+1
-2.088005E+1
-2.088005E+1
-2.088005E+1
-1.937477E+1
-1.437383E+1
-1.271273E+1
-1.165433E+1
-1.083554E+1
-1.022696E+1
-9.765378E+0
-9.428748E+0
-9.217068E+0
-9.108288E+0
-9.108288E+0
-9.196488E+0
-9.374358E+0
-9.638958E+0
-9.984408E+0
-1.039454E+1
-1.087964E+1
-1.144706E+1
-1.213796E+1
-1.298027E+1
-1.407101E+1
-1.548368E+1
-1.849424E+1
-2.088005E+1
-2.088005E+1
-2.088005E+1
-2.088005E+1
-2.088005E+1
-2.088005E+1
-2.088005E+1
-2.088005E+1
-2.088005E+1
-2.088005E+1
-2.088005E+1
-2.088005E+1
-2.088005E+1
-2.088005E+1
-2.088005E+1
-2.088005E+1
-1.738439E+1
-1.531022E+1
-1.426799E+1
-1.372262E+1
-1.335365E+1
-1.298027E+1
-1.266275E+1
-1.229966E+1
-1.195274E+1
-1.156319E+1
-1.120745E+1
-1.092374E+1
-1.069148E+1
-1.050185E+1
-1.039454E+1
-1.034309E+1
-1.036073E+1
-1.044746E+1
-1.057535E+1
-1.075322E+1
-1.096784E+1
-1.120745E+1
-1.144706E+1
-1.162346E+1
-1.174841E+1
-1.181456E+1
-1.184837E+1
-1.188218E+1
-1.195274E+1
-1.209974E+1
-1.234082E+1
-1.276271E+1
-1.335365E+1
-1.416803E+1
-1.531022E+1
-1.738439E+1
-2.088005E+1
-2.088005E+1
-2.088005E+1
-2.088005E+1
-2.088005E+1
-2.088005E+1
-2.088005E+1
-2.088005E+1
-2.088005E+1
-2.088005E+1
-2.088005E+1
-2.088005E+1
-2.088005E+1
-2.088005E+1
-2.088005E+1
-1.610843E+1
-1.426799E+1
-1.303907E+1
-1.198802E+1
-1.113248E+1
-1.039454E+1
-9.778608E+0
-9.268518E+0
-8.855448E+0
-8.552628E+0
-8.346828E+0
-8.221878E+0
-8.170428E+0
-8.183658E+0
-8.246868E+0
-8.360058E+0
-8.501178E+0
-8.674638E+0
-8.862798E+0
-9.080358E+0
-9.342018E+0
-9.652188E+0
-1.001381E+1
-1.042982E+1
-1.090169E+1
-1.139120E+1
-1.184837E+1
-1.213796E+1
-1.221734E+1
-1.217765E+1
-1.202477E+1
-1.188218E+1
-1.178222E+1
-1.181456E+1
-1.195274E+1
-1.225850E+1
-1.276271E+1
-1.356680E+1
-1.499858E+1
-2.088005E+1
-2.088005E+1
-2.088005E+1
-2.088005E+1
-2.088005E+1
-2.088005E+1
-2.088005E+1
-2.088005E+1
-2.088005E+1
-2.088005E+1
-2.088005E+1
-2.088005E+1
-2.088005E+1
-2.088005E+1
-2.088005E+1
-2.088005E+1
-2.088005E+1
-2.088005E+1
-2.088005E+1
-2.088005E+1
-2.088005E+1
-2.088005E+1
-2.088005E+1
-2.088005E+1
-2.088005E+1
-2.088005E+1
-2.088005E+1
-2.088005E+1
-2.088005E+1
-2.088005E+1
-2.088005E+1
-2.088005E+1
-2.088005E+1
-2.088005E+1
-2.088005E+1
-2.088005E+1
-2.088005E+1
-2.088005E+1
-2.088005E+1
-2.088005E+1
-1.328750E+1
-1.188218E+1
-1.115747E+1
-1.073264E+1
-1.050185E+1
-1.044746E+1
-1.053860E+1
-1.077380E+1
-1.110749E+1
-1.156319E+1
-1.206152E+1
-1.271273E+1
-1.328750E+1
-1.372262E+1
-1.389020E+1
-1.389020E+1
-1.372262E+1
-1.349330E+1
-1.335365E+1
-1.315961E+1
-1.303907E+1
-1.298027E+1
-1.298027E+1
-1.298027E+1
-1.298027E+1
-1.303907E+1
-1.309787E+1
-1.322135E+1
-1.335365E+1
-1.349330E+1
-1.356680E+1
-1.356680E+1
-1.356680E+1
-1.349330E+1
-1.335365E+1
-1.335365E+1
-1.328750E+1
-1.322135E+1
-1.303907E+1
-1.271273E+1
-1.225850E+1
-1.171607E+1
-1.113248E+1
-1.061357E+1
-1.016375E+1
-9.791838E+0
-9.519888E+0
-9.342018E+0
-9.247938E+0
-9.247938E+0
-9.309678E+0
-9.462558E+0
-9.675708E+0
-9.955008E+0
-1.029311E+1
-1.065326E+1
-1.103693E+1
-1.141913E+1
-1.178222E+1
-1.206152E+1
-1.225850E+1
-1.242902E+1
-1.271273E+1
-1.315961E+1
-1.426799E+1
-1.937477E+1
-2.088005E+1
-2.088005E+1
-2.088005E+1
-2.088005E+1
-2.088005E+1
-2.088005E+1
-2.088005E+1
-2.088005E+1
-2.088005E+1
-2.088005E+1
-2.088005E+1
-2.088005E+1
-2.088005E+1
-2.088005E+1
-2.088005E+1
-2.088005E+1
-2.088005E+1
-2.088005E+1
-2.088005E+1
-2.088005E+1
-2.088005E+1
-2.088005E+1
-2.088005E+1
-2.088005E+1
-2.088005E+1
-2.088005E+1
-2.088005E+1
-2.088005E+1
-2.088005E+1
-1.636421E+1
-1.407101E+1
-1.303907E+1
-1.251869E+1
-1.225850E+1
-1.225850E+1
-1.247312E+1
-1.286855E+1
-1.342274E+1
-1.416803E+1
-1.472663E+1
-1.460315E+1
-1.380494E+1
-1.286855E+1
-1.206152E+1
-1.141913E+1
-1.094579E+1
-1.061357E+1
-1.042982E+1
-1.037690E+1
-1.044746E+1
-1.061357E+1
-1.092374E+1
-1.136327E+1
-1.198802E+1
-1.292441E+1
-1.472663E+1
-2.088005E+1
-2.088005E+1
-2.088005E+1
-2.088005E+1
-2.088005E+1
-2.088005E+1
-2.088005E+1
-2.088005E+1
-2.088005E+1
-2.088005E+1
-2.088005E+1
-2.088005E+1
-2.088005E+1
-2.088005E+1
-2.088005E+1
-2.088005E+1
-2.088005E+1
-2.088005E+1
-2.088005E+1
-2.088005E+1
-2.088005E+1
-1.298027E+1
-1.147499E+1
-1.061357E+1
-1.008731E+1
-9.738918E+0
-9.543408E+0
-9.462558E+0
-9.484608E+0
-9.627198E+0
-9.872688E+0
-1.025930E+1
-1.081496E+1
-1.168520E+1
-1.322135E+1
-2.088005E+1
-2.088005E+1
-2.088005E+1
-2.088005E+1
-2.088005E+1
-2.088005E+1
-2.088005E+1
-2.088005E+1
-2.088005E+1
-2.088005E+1
-2.088005E+1
-2.088005E+1
-2.088005E+1
-2.088005E+1
-2.088005E+1
-2.088005E+1
-2.088005E+1
-1.322135E+1
-1.153379E+1
-1.065326E+1
-1.007261E+1
-9.688938E+0
-9.428748E+0
-9.258228E+0
-9.177378E+0
-9.156798E+0
-9.227358E+0
-9.362598E+0
-9.602208E+0
-9.955008E+0
-1.046510E+1
-1.125743E+1
-1.251869E+1
-1.548368E+1
-2.088005E+1
-2.088005E+1
-2.088005E+1
-2.088005E+1
-2.088005E+1
-2.088005E+1
-2.088005E+1
-2.088005E+1
-2.088005E+1
-2.088005E+1
-2.088005E+1
-2.088005E+1
-2.088005E+1
-2.088005E+1
-2.088005E+1
-2.088005E+1
-2.088005E+1
-2.088005E+1
-2.088005E+1
-2.088005E+1
-2.088005E+1
-2.088005E+1
-2.088005E+1
-1.335365E+1
-1.198802E+1
-1.125743E+1
-1.083554E+1
-1.063268E+1
-1.061357E+1
-1.073264E+1
-1.094579E+1
-1.125743E+1
-1.162346E+1
-1.198802E+1
-1.217765E+1
-1.213796E+1
-1.188218E+1
-1.144706E+1
-1.098989E+1
-1.057535E+1
-1.021079E+1
-9.927078E+0
-9.752148E+0
-9.663948E+0
-9.688938E+0
-9.831528E+0
-1.008731E+1
-1.050185E+1
-1.106045E+1
-1.188218E+1
-1.303907E+1
-1.485893E+1
-1.849424E+1
-2.088005E+1
-2.088005E+1
-1.738439E+1
-1.485893E+1
-1.356680E+1
-1.276271E+1
-1.209974E+1
-1.162346E+1
-1.123244E+1
-1.092374E+1
-1.067237E+1
-1.044746E+1
-1.029311E+1
-1.017992E+1
-1.013288E+1
-1.011818E+1
-1.011818E+1
-1.011818E+1
-1.010201E+1
-1.007261E+1
-9.984408E+0
-9.872688E+0
-9.713928E+0
-9.555168E+0
-9.406698E+0
-9.278808E+0
-9.196488E+0
-9.167088E+0
-9.186198E+0
-9.278808E+0
-9.428748E+0
-9.638958E+0
-9.899148E+0
-1.017992E+1
-1.048274E+1
-1.075322E+1
-1.101341E+1
-1.120745E+1
-1.141913E+1
-1.165433E+1
-1.198802E+1
-1.251869E+1
-1.342274E+1
-1.531022E+1
-2.088005E+1
-2.088005E+1
-2.088005E+1
-2.088005E+1
-2.088005E+1
-2.088005E+1
-2.088005E+1
-2.088005E+1
-2.088005E+1
-2.088005E+1
-2.088005E+1
-2.088005E+1
-2.088005E+1
-2.088005E+1
-2.088005E+1
-2.088005E+1
-2.088005E+1
-2.088005E+1
-2.088005E+1
-2.088005E+1
-2.088005E+1
-2.088005E+1
-2.088005E+1
-2.088005E+1
-2.088005E+1
-2.088005E+1
-2.088005E+1
-1.665380E+1
-1.548368E+1
-1.514852E+1
-1.531022E+1
-1.587911E+1
-1.665380E+1
-1.698896E+1
-1.610843E+1
-1.448555E+1
-1.309787E+1
-1.206152E+1
-1.123244E+1
-1.065326E+1
-1.022696E+1
-9.955008E+0
-9.805068E+0
-9.778608E+0
-9.831528E+0
-9.984408E+0
-1.022696E+1
-1.051949E+1
-1.087964E+1
-1.131035E+1
-1.184837E+1
-1.251869E+1
-1.328750E+1
-1.397840E+1
-1.460315E+1
-1.460315E+1
-1.416803E+1
-1.349330E+1
-1.286855E+1
-1.238492E+1
-1.217765E+1
-1.217765E+1
-1.238492E+1
-1.286855E+1
-1.380494E+1
-1.567331E+1
-2.088005E+1
-2.088005E+1
-2.088005E+1
-2.088005E+1
-2.088005E+1
-2.088005E+1
-2.088005E+1
-2.088005E+1
-2.088005E+1
-2.088005E+1
-1.665380E+1
-1.342274E+1
-1.181456E+1
-1.075322E+1
-9.999108E+0
-9.462558E+0
-9.108288E+0
-8.906898E+0
-8.828988E+0
-8.871618E+0
-9.005388E+0
-9.227358E+0
-9.496368E+0
-9.791838E+0
-1.007261E+1
-1.030928E+1
-1.044746E+1
-1.051949E+1
-1.050185E+1
-1.041218E+1
-1.029311E+1
-1.013288E+1
-9.984408E+0
-9.831528E+0
-9.713928E+0
-9.615438E+0
-9.566928E+0
-9.555168E+0
-9.602208E+0
-9.713928E+0
-9.899148E+0
-1.014905E+1
-1.046510E+1
-1.087964E+1
-1.141913E+1
-1.209974E+1
-1.298027E+1
-1.426799E+1
-1.665380E+1
-2.088005E+1
-2.088005E+1
-2.088005E+1
-2.088005E+1
-2.088005E+1
-2.088005E+1
-2.088005E+1
-1.587911E+1
-1.426799E+1
-1.315961E+1
-1.242902E+1
-1.181456E+1
-1.139120E+1
-1.110749E+1
-1.096784E+1
-1.096784E+1
-1.110749E+1
-1.144706E+1
-1.206152E+1
-1.315961E+1
-1.567331E+1
-2.088005E+1
-2.088005E+1
-2.088005E+1
-2.088005E+1
-2.088005E+1
-2.088005E+1
-2.088005E+1
-2.088005E+1
-2.088005E+1
-2.088005E+1
-2.088005E+1
-2.088005E+1
-2.088005E+1
-2.088005E+1
-2.088005E+1
-2.088005E+1
-2.088005E+1
-2.088005E+1
-2.088005E+1
-2.088005E+1
-2.088005E+1
-2.088005E+1
-1.610843E+1
-1.349330E+1
-1.229966E+1
-1.156319E+1
-1.106045E+1
-1.073264E+1
-1.055624E+1
-1.050185E+1
-1.059446E+1
-1.085759E+1
-1.136327E+1
-1.225850E+1
-1.426799E+1
-2.088005E+1
-2.088005E+1
-2.088005E+1
-2.088005E+1
-2.088005E+1
-2.088005E+1
-2.088005E+1
-2.088005E+1
-2.088005E+1
-2.088005E+1
-1.738439E+1
-1.426799E+1
-1.335365E+1
-1.303907E+1
-1.309787E+1
-1.349330E+1
-1.407101E+1
-1.499858E+1
-1.636421E+1
-1.937477E+1
-2.088005E+1
-2.088005E+1
-2.088005E+1
-2.088005E+1
-2.088005E+1
-2.088005E+1
-2.088005E+1
-2.088005E+1
-2.088005E+1
-2.088005E+1
-2.088005E+1
-2.088005E+1
-2.088005E+1
-2.088005E+1
-2.088005E+1
-2.088005E+1
-2.088005E+1
-2.088005E+1
-2.088005E+1
-1.849424E+1
-1.309787E+1
-1.141913E+1
-1.036073E+1
-9.627198E+0
-9.089178E+0
-8.705508E+0
-8.464428E+0
-8.339478E+0
-8.326248E+0
-8.408568E+0
-8.596728E+0
-8.871618E+0
-9.247938E+0
-9.688938E+0
-1.019609E+1
-1.067237E+1
-1.101341E+1
-1.113248E+1
-1.098989E+1
-1.067237E+1
-1.029311E+1
-9.927078E+0
-9.615438E+0
-9.374358E+0
-9.206778E+0
-9.099468E+0
-9.050958E+0
-9.070068E+0
-9.156798E+0
-9.319968E+0
-9.566928E+0
-9.927078E+0
-1.042982E+1
-1.113248E+1
-1.206152E+1
-1.342274E+1
-1.567331E+1
-1.937477E+1
-1.937477E+1
-1.587911E+1
-1.407101E+1
-1.292441E+1
-1.221734E+1
-1.178222E+1
-1.150439E+1
-1.139120E+1
-1.131035E+1
-1.123244E+1
-1.115747E+1
-1.103693E+1
-1.090169E+1
-1.081496E+1
-1.077380E+1
-1.083554E+1
-1.103693E+1
-1.139120E+1
-1.195274E+1
-1.276271E+1
-1.389020E+1
-1.485893E+1
-1.485893E+1
-1.372262E+1
-1.242902E+1
-1.141913E+1
-1.061357E+1
-1.002851E+1
-9.615438E+0
-9.352308E+0
-9.217068E+0
-9.186198E+0
-9.247938E+0
-9.384648E+0
-9.590448E+0
-9.844758E+0
-1.011818E+1
-1.036073E+1
-1.057535E+1
-1.075322E+1
-1.087964E+1
-1.096784E+1
-1.101341E+1
-1.108397E+1
-1.118099E+1
-1.131035E+1
-1.141913E+1
-1.153379E+1
-1.162346E+1
-1.174841E+1
-1.184837E+1
-1.191746E+1
-1.198802E+1
-1.206152E+1
-1.213796E+1
-1.221734E+1
-1.225850E+1
-1.213796E+1
-1.191746E+1
-1.159259E+1
-1.120745E+1
-1.079438E+1
-1.042982E+1
-1.010201E+1
-9.831528E+0
-9.638958E+0
-9.508128E+0
-9.450798E+0
-9.450798E+0
-9.531648E+0
-9.675708E+0
-9.913848E+0
-1.022696E+1
-1.063268E+1
-1.108397E+1
-1.156319E+1
-1.191746E+1
-1.202477E+1
-1.178222E+1
-1.133681E+1
-1.081496E+1
-1.032692E+1
-9.913848E+0
-9.578688E+0
-9.309678E+0
-9.099468E+0
-8.933358E+0
-8.795178E+0
-8.681988E+0
-8.574678E+0
-8.501178E+0
-8.449728E+0
-8.449728E+0
-8.501178E+0
-8.620248E+0
-8.821638E+0
-9.099468E+0
-9.462558E+0
-9.872688E+0
-1.034309E+1
-1.081496E+1
-1.123244E+1
-1.150439E+1
-1.165433E+1
-1.171607E+1
-1.174841E+1
-1.184837E+1
-1.206152E+1
-1.234082E+1
-1.276271E+1
-1.335365E+1
-1.407101E+1
-1.485893E+1
-1.514852E+1
-1.485893E+1
-1.426799E+1
-1.342274E+1
-1.266275E+1
-1.198802E+1
-1.144706E+1
-1.098989E+1
-1.059446E+1
-1.024313E+1
-9.927078E+0
-9.615438E+0
-9.299388E+0
-8.987748E+0
-8.674638E+0
-8.373288E+0
-8.102808E+0
-7.885248E+0
-7.726488E+0
-7.636818E+0
-7.627998E+0
-7.716198E+0
-7.923468E+0
-8.267448E+0
-8.795178E+0
-9.602208E+0
-1.098989E+1
-1.514852E+1
-2.088005E+1
-2.088005E+1
-2.088005E+1
-2.088005E+1
-2.088005E+1
-2.088005E+1
-2.088005E+1
-2.088005E+1
-2.088005E+1
-2.088005E+1
-2.088005E+1
-2.088005E+1
-2.088005E+1
-2.088005E+1
-1.849424E+1
-1.548368E+1
-1.389020E+1
-1.276271E+1
-1.191746E+1
-1.120745E+1
-1.067237E+1
-1.025930E+1
-9.941778E+0
-9.702168E+0
-9.543408E+0
-9.428748E+0
-9.384648E+0
-9.418458E+0
-9.508128E+0
-9.702168E+0
-9.999108E+0
-1.042982E+1
-1.103693E+1
-1.184837E+1
-1.298027E+1
-1.448555E+1
-1.636421E+1
-1.636421E+1
-1.485893E+1
-1.349330E+1
-1.242902E+1
-1.171607E+1
-1.123244E+1
-1.096784E+1
-1.092374E+1
-1.103693E+1
-1.139120E+1
-1.195274E+1
-1.298027E+1
-1.499858E+1
-2.088005E+1
-2.088005E+1
-2.088005E+1
-2.088005E+1
-2.088005E+1
-1.610843E+1
-1.364324E+1
-1.261277E+1
-1.209974E+1
-1.191746E+1
-1.209974E+1
-1.271273E+1
-1.426799E+1
-2.088005E+1
-2.088005E+1
-2.088005E+1
-2.088005E+1
-2.088005E+1
-2.088005E+1
-2.088005E+1
-2.088005E+1
-2.088005E+1
-2.088005E+1
-2.088005E+1
-2.088005E+1
-2.088005E+1
-2.088005E+1
-2.088005E+1
-2.088005E+1
-2.088005E+1
-2.088005E+1
-2.088005E+1
-2.088005E+1
-2.088005E+1
-2.088005E+1
-2.088005E+1
-2.088005E+1
-2.088005E+1
-1.364324E+1
-1.225850E+1
-1.156319E+1
-1.125743E+1
-1.118099E+1
-1.128389E+1
-1.159259E+1
-1.206152E+1
-1.281563E+1
-1.397840E+1
-1.610843E+1
-2.088005E+1
-2.088005E+1
-2.088005E+1
-2.088005E+1
-1.531022E+1
-1.342274E+1
-1.229966E+1
-1.153379E+1
-1.098989E+1
-1.065326E+1
-1.044746E+1
-1.036073E+1
-1.036073E+1
-1.041218E+1
-1.051949E+1
-1.065326E+1
-1.077380E+1
-1.090169E+1
-1.098989E+1
-1.110749E+1
-1.128389E+1
-1.156319E+1
-1.195274E+1
-1.271273E+1
-1.426799E+1
-2.088005E+1
-2.088005E+1
-2.088005E+1
-2.088005E+1
-2.088005E+1
-2.088005E+1
-2.088005E+1
-2.088005E+1
-2.088005E+1
-2.088005E+1
-2.088005E+1
-2.088005E+1
-2.088005E+1
-2.088005E+1
-2.088005E+1
-2.088005E+1
-1.610843E+1
-1.364324E+1
-1.261277E+1
-1.198802E+1
-1.153379E+1
-1.118099E+1
-1.094579E+1
-1.079438E+1
-1.075322E+1
-1.079438E+1
-1.094579E+1
-1.123244E+1
-1.171607E+1
-1.242902E+1
-1.364324E+1
-1.636421E+1
-2.088005E+1
-2.088005E+1
-2.088005E+1
-2.088005E+1
-2.088005E+1
-1.786949E+1
-1.416803E+1
-1.292441E+1
-1.221734E+1
-1.184837E+1
-1.165433E+1
-1.168520E+1
-1.188218E+1
-1.221734E+1
-1.266275E+1
-1.328750E+1
-1.416803E+1
-1.567331E+1
-2.088005E+1
-2.088005E+1
-2.088005E+1
-2.088005E+1
-2.088005E+1
-2.088005E+1
-2.088005E+1
-2.088005E+1
-2.088005E+1
-2.088005E+1
-2.088005E+1
-2.088005E+1
-2.088005E+1
-2.088005E+1
-2.088005E+1
-2.088005E+1
-2.088005E+1
-2.088005E+1
-2.088005E+1
-2.088005E+1
-2.088005E+1
-2.088005E+1
-2.088005E+1
-2.088005E+1
-2.088005E+1
-2.088005E+1
-2.088005E+1
-2.088005E+1
-2.088005E+1
-2.088005E+1
-2.088005E+1
-1.937477E+1
-1.437383E+1
-1.281563E+1
-1.184837E+1
-1.115747E+1
-1.065326E+1
-1.025930E+1
-9.984408E+0
-9.778608E+0
-9.627198E+0
-9.555168E+0
-9.531648E+0
-9.578688E+0
-9.688938E+0
-9.872688E+0
-1.013288E+1
-1.046510E+1
-1.090169E+1
-1.139120E+1
-1.198802E+1
-1.266275E+1
-1.335365E+1
-1.407101E+1
-1.460315E+1
-1.499858E+1
-1.499858E+1
-1.472663E+1
-1.448555E+1
-1.416803E+1
-1.389020E+1
-1.364324E+1
-1.335365E+1
-1.315961E+1
-1.292441E+1
-1.276271E+1
-1.266275E+1
-1.261277E+1
-1.266275E+1
-1.281563E+1
-1.315961E+1
-1.372262E+1
-1.437383E+1
-1.514852E+1
-1.610843E+1
-1.786949E+1
-2.088005E+1
-2.088005E+1
-2.088005E+1
-2.088005E+1
-2.088005E+1
-2.088005E+1
-2.088005E+1
-2.088005E+1
-2.088005E+1
-2.088005E+1
-2.088005E+1
-2.088005E+1
-2.088005E+1
-2.088005E+1
-2.088005E+1
-2.088005E+1
-2.088005E+1
-2.088005E+1
-2.088005E+1
-2.088005E+1
-2.088005E+1
-2.088005E+1
-2.088005E+1
-2.088005E+1
-2.088005E+1
-2.088005E+1
-2.088005E+1
-2.088005E+1
-2.088005E+1
-2.088005E+1
-2.088005E+1
-1.849424E+1
-1.567331E+1
-1.407101E+1
-1.292441E+1
-1.209974E+1
-1.144706E+1
-1.094579E+1
-1.063268E+1
-1.046510E+1
-1.046510E+1
-1.065326E+1
-1.108397E+1
-1.188218E+1
-1.349330E+1
-2.088005E+1
-2.088005E+1
-2.088005E+1
-2.088005E+1
-2.088005E+1
-2.088005E+1
-2.088005E+1
-2.088005E+1
-2.088005E+1
-2.088005E+1
-2.088005E+1
-2.088005E+1
-2.088005E+1
-2.088005E+1
-2.088005E+1
-2.088005E+1
-2.088005E+1
-2.088005E+1
-2.088005E+1
-2.088005E+1
-2.088005E+1
-2.088005E+1
-2.088005E+1
-2.088005E+1
-2.088005E+1
-2.088005E+1
-2.088005E+1
-2.088005E+1
-2.088005E+1
-2.088005E+1
-2.088005E+1
-2.088005E+1
-2.088005E+1
-2.088005E+1
-2.088005E+1
-2.088005E+1
-2.088005E+1
-2.088005E+1
-2.088005E+1
-2.088005E+1
-2.088005E+1
-2.088005E+1
-2.088005E+1
-2.088005E+1
-2.088005E+1
-2.088005E+1
-2.088005E+1
-1.514852E+1
-1.397840E+1
-1.342274E+1
-1.335365E+1
-1.349330E+1
-1.407101E+1
-1.485893E+1
-1.610843E+1
-1.665380E+1
-1.610843E+1
-1.485893E+1
-1.349330E+1
-1.247312E+1
-1.168520E+1
-1.113248E+1
-1.073264E+1
-1.050185E+1
-1.036073E+1
-1.032692E+1
-1.037690E+1
-1.050185E+1
-1.069148E+1
-1.090169E+1
-1.108397E+1
-1.118099E+1
-1.118099E+1
-1.106045E+1
-1.081496E+1
-1.046510E+1
-1.011818E+1
-9.805068E+0
-9.555168E+0
-9.374358E+0
-9.268518E+0
-9.237648E+0
-9.299388E+0
-9.440508E+0
-9.663948E+0
-9.969708E+0
-1.034309E+1
-1.083554E+1
-1.147499E+1
-1.234082E+1
-1.356680E+1
-1.636421E+1
-2.088005E+1
-2.088005E+1
-2.088005E+1
-2.088005E+1
-2.088005E+1
-2.088005E+1
-1.416803E+1
-1.229966E+1
-1.118099E+1
-1.042982E+1
-9.872688E+0
-9.484608E+0
-9.206778E+0
-9.033318E+0
-8.950998E+0
-8.959818E+0
-9.042138E+0
-9.196488E+0
-9.418458E+0
-9.688938E+0
-9.999108E+0
-1.030928E+1
-1.063268E+1
-1.090169E+1
-1.115747E+1
-1.139120E+1
-1.168520E+1
-1.209974E+1
-1.276271E+1
-1.407101E+1
-2.088005E+1
-2.088005E+1
-2.088005E+1
-2.088005E+1
-2.088005E+1
-2.088005E+1
-2.088005E+1
-2.088005E+1
-1.485893E+1
-1.242902E+1
-1.131035E+1
-1.067237E+1
-1.029311E+1
-1.010201E+1
-1.005791E+1
-1.016375E+1
-1.037690E+1
-1.067237E+1
-1.101341E+1
-1.139120E+1
-1.168520E+1
-1.181456E+1
-1.184837E+1
-1.174841E+1
-1.162346E+1
-1.153379E+1
-1.150439E+1
-1.156319E+1
-1.171607E+1
-1.195274E+1
-1.229966E+1
-1.281563E+1
-1.356680E+1
-1.485893E+1
-2.088005E+1
-2.088005E+1
-2.088005E+1
-2.088005E+1
-2.088005E+1
-2.088005E+1
-2.088005E+1
-2.088005E+1
-2.088005E+1
-2.088005E+1
-2.088005E+1
-2.088005E+1
-2.088005E+1
-2.088005E+1
-2.088005E+1
-1.499858E+1
-1.342274E+1
-1.242902E+1
-1.162346E+1
-1.096784E+1
-1.037690E+1
-9.885918E+0
-9.508128E+0
-9.206778E+0
-8.996568E+0
-8.871618E+0
-8.828988E+0
-8.862798E+0
-8.977458E+0
-9.177378E+0
-9.474318E+0
-9.872688E+0
-1.039454E+1
-1.108397E+1
-1.206152E+1
-1.349330E+1
-1.665380E+1
-2.088005E+1
-2.088005E+1
-2.088005E+1
-2.088005E+1
-1.738439E+1
-1.426799E+1
-1.298027E+1
-1.229966E+1
-1.191746E+1
-1.184837E+1
-1.206152E+1
-1.266275E+1
-1.407101E+1
-2.088005E+1
-2.088005E+1
-2.088005E+1
-2.088005E+1
-2.088005E+1
-2.088005E+1
-2.088005E+1
-2.088005E+1
-2.088005E+1
-2.088005E+1
-2.088005E+1
-2.088005E+1
-1.567331E+1
-1.416803E+1
-1.448555E+1
-1.786949E+1
-2.088005E+1
-2.088005E+1
-2.088005E+1
-2.088005E+1
-2.088005E+1
-2.088005E+1
-2.088005E+1
-2.088005E+1
-2.088005E+1
-2.088005E+1
-2.088005E+1
-2.088005E+1
-1.937477E+1
-1.364324E+1
-1.238492E+1
-1.178222E+1
-1.144706E+1
-1.131035E+1
-1.125743E+1
-1.125743E+1
-1.125743E+1
-1.118099E+1
-1.106045E+1
-1.087964E+1
-1.065326E+1
-1.039454E+1
-1.011818E+1
-9.844758E+0
-9.555168E+0
-9.278808E+0
-8.987748E+0
-8.721678E+0
-8.479128E+0
-8.286558E+0
-8.146908E+0
-8.079288E+0
-8.102808E+0
-8.227758E+0
-8.479128E+0
-8.889258E+0
-9.519888E+0
-1.050185E+1
-1.221734E+1
-2.088005E+1
-2.088005E+1
-2.088005E+1
-2.088005E+1
-2.088005E+1
-2.088005E+1
-2.088005E+1
-2.088005E+1
-1.698896E+1
-1.849424E+1
-2.088005E+1
-2.088005E+1
-2.088005E+1
-2.088005E+1
-2.088005E+1
-2.088005E+1
-2.088005E+1
-2.088005E+1
-2.088005E+1
-2.088005E+1
-2.088005E+1
-2.088005E+1
-2.088005E+1
-2.088005E+1
-2.088005E+1
-2.088005E+1
-2.088005E+1
-2.088005E+1
-2.088005E+1
-2.088005E+1
-2.088005E+1
-2.088005E+1
-2.088005E+1
-1.460315E+1
-1.251869E+1
-1.159259E+1
-1.108397E+1
-1.081496E+1
-1.073264E+1
-1.085759E+1
-1.113248E+1
-1.162346E+1
-1.238492E+1
-1.356680E+1
-1.587911E+1
-2.088005E+1
-2.088005E+1
-2.088005E+1
-2.088005E+1
-2.088005E+1
-2.088005E+1
-2.088005E+1
-2.088005E+1
-2.088005E+1
-2.088005E+1
-2.088005E+1
-2.088005E+1
-2.088005E+1
-2.088005E+1
-2.088005E+1
-2.088005E+1
-2.088005E+1
-2.088005E+1
-2.088005E+1
-2.088005E+1
-2.088005E+1
-2.088005E+1
-2.088005E+1
-2.088005E+1
-2.088005E+1
-2.088005E+1
-2.088005E+1
-2.088005E+1
-1.849424E+1
-1.448555E+1
-1.309787E+1
-1.221734E+1
-1.159259E+1
-1.113248E+1
-1.077380E+1
-1.051949E+1
-1.037690E+1
-1.032692E+1
-1.039454E+1
-1.057535E+1
-1.090169E+1
-1.147499E+1
-1.242902E+1
-1.437383E+1
-2.088005E+1
-2.088005E+1
-2.088005E+1
-2.088005E+1
-2.088005E+1
-2.088005E+1
-1.786949E+1
-1.261277E+1
-1.113248E+1
-1.030928E+1
-9.818298E+0
-9.555168E+0
-9.474318E+0
-9.555168E+0
-9.818298E+0
-1.027694E+1
-1.098989E+1
-1.217765E+1
-1.472663E+1
-2.088005E+1
-2.088005E+1
-2.088005E+1
-2.088005E+1
-2.088005E+1
-2.088005E+1
-2.088005E+1
-2.088005E+1
-2.088005E+1
-2.088005E+1
-2.088005E+1
-2.088005E+1
-2.088005E+1
-2.088005E+1
-2.088005E+1
-2.088005E+1
-2.088005E+1
-2.088005E+1
-2.088005E+1
-2.088005E+1
-2.088005E+1
-2.088005E+1
-2.088005E+1
-2.088005E+1
-2.088005E+1
-2.088005E+1
-2.088005E+1
-2.088005E+1
-2.088005E+1
-2.088005E+1
-2.088005E+1
-2.088005E+1
-2.088005E+1
-2.088005E+1
-2.088005E+1
-2.088005E+1
-2.088005E+1
-1.698896E+1
-1.531022E+1
-1.426799E+1
-1.342274E+1
-1.281563E+1
-1.234082E+1
-1.202477E+1
-1.191746E+1
-1.206152E+1
-1.251869E+1
-1.364324E+1
-1.937477E+1
-2.088005E+1
-2.088005E+1
-2.088005E+1
-2.088005E+1
-2.088005E+1
-2.088005E+1
-2.088005E+1
-2.088005E+1
-2.088005E+1
-2.088005E+1
-2.088005E+1
-2.088005E+1
-2.088005E+1
-2.088005E+1
-2.088005E+1
-2.088005E+1
-2.088005E+1
-2.088005E+1
-2.088005E+1
-2.088005E+1
-2.088005E+1
-1.499858E+1
-1.281563E+1
-1.184837E+1
-1.136327E+1
-1.115747E+1
-1.115747E+1
-1.139120E+1
-1.191746E+1
-1.298027E+1
-1.610843E+1
-2.088005E+1
-2.088005E+1
-2.088005E+1
-2.088005E+1
-2.088005E+1
-2.088005E+1
-2.088005E+1
-2.088005E+1
-2.088005E+1
-2.088005E+1
-2.088005E+1
-2.088005E+1
-2.088005E+1
-2.088005E+1
-2.088005E+1
-2.088005E+1
-2.088005E+1
-2.088005E+1
-2.088005E+1
-2.088005E+1
-2.088005E+1
-2.088005E+1
-2.088005E+1
-2.088005E+1
-2.088005E+1
-2.088005E+1
-2.088005E+1
-2.088005E+1
-2.088005E+1
-2.088005E+1
-1.389020E+1
-1.234082E+1
-1.147499E+1
-1.090169E+1
-1.051949E+1
-1.029311E+1
-1.022696E+1
-1.027694E+1
-1.046510E+1
-1.079438E+1
-1.123244E+1
-1.178222E+1
-1.242902E+1
-1.303907E+1
-1.356680E+1
-1.380494E+1
-1.380494E+1
-1.364324E+1
-1.335365E+1
-1.315961E+1
-1.303907E+1
-1.303907E+1
-1.315961E+1
-1.335365E+1
-1.364324E+1
-1.416803E+1
-1.485893E+1
-1.567331E+1
-1.698896E+1
-1.849424E+1
-2.088005E+1
-2.088005E+1
-1.786949E+1
-1.587911E+1
-1.460315E+1
-1.372262E+1
-1.322135E+1
-1.281563E+1
-1.261277E+1
-1.261277E+1
-1.276271E+1
-1.315961E+1
-1.364324E+1
-1.448555E+1
-1.587911E+1
-1.849424E+1
-2.088005E+1
-2.088005E+1
-1.937477E+1
-1.514852E+1
-1.335365E+1
-1.206152E+1
-1.110749E+1
-1.037690E+1
-9.831528E+0
-9.440508E+0
-9.167088E+0
-8.996568E+0
-8.915718E+0
-8.906898E+0
-8.959818E+0
-9.033318E+0
-9.127398E+0
-9.206778E+0
-9.268518E+0
-9.309678E+0
-9.352308E+0
-9.428748E+0
-9.555168E+0
-9.738918E+0
-9.999108E+0
-1.037690E+1
-1.085759E+1
-1.147499E+1
-1.221734E+1
-1.303907E+1
-1.380494E+1
-1.416803E+1
-1.389020E+1
-1.315961E+1
-1.229966E+1
-1.159259E+1
-1.098989E+1
-1.051949E+1
-1.014905E+1
-9.885918E+0
-9.727158E+0
-9.675708E+0
-9.702168E+0
-9.805068E+0
-9.984408E+0
-1.022696E+1
-1.051949E+1
-1.081496E+1
-1.110749E+1
-1.136327E+1
-1.159259E+1
-1.184837E+1
-1.213796E+1
-1.256573E+1
-1.322135E+1
-1.416803E+1
-1.587911E+1
-1.849424E+1
-2.088005E+1
-1.636421E+1
-1.407101E+1
-1.256573E+1
-1.159259E+1
-1.087964E+1
-1.039454E+1
-1.007261E+1
-9.899148E+0
-9.857988E+0
-9.941778E+0
-1.013288E+1
-1.041218E+1
-1.077380E+1
-1.120745E+1
-1.168520E+1
-1.221734E+1
-1.261277E+1
-1.281563E+1
-1.276271E+1
-1.238492E+1
-1.191746E+1
-1.136327E+1
-1.085759E+1
-1.037690E+1
-9.999108E+0
-9.702168E+0
-9.484608E+0
-9.352308E+0
-9.299388E+0
-9.342018E+0
-9.462558E+0
-9.675708E+0
-9.969708E+0
-1.034309E+1
-1.081496E+1
-1.139120E+1
-1.202477E+1
-1.276271E+1
-1.356680E+1
-1.460315E+1
-1.587911E+1
-1.698896E+1
-1.665380E+1
-1.548368E+1
-1.407101E+1
-1.298027E+1
-1.209974E+1
-1.147499E+1
-1.103693E+1
-1.079438E+1
-1.073264E+1
-1.087964E+1
-1.125743E+1
-1.198802E+1
-1.328750E+1
-1.738439E+1
-2.088005E+1
-2.088005E+1
-2.088005E+1
-2.088005E+1
-2.088005E+1
-2.088005E+1
-2.088005E+1
-2.088005E+1
-2.088005E+1
-2.088005E+1
-1.849424E+1
-1.636421E+1
-1.567331E+1
-1.548368E+1
-1.548368E+1
-1.610843E+1
-1.738439E+1
-2.088005E+1
-2.088005E+1
-2.088005E+1
-2.088005E+1
-2.088005E+1
-2.088005E+1
-2.088005E+1
-2.088005E+1
-2.088005E+1
-2.088005E+1
-2.088005E+1
-2.088005E+1
-2.088005E+1
-2.088005E+1
-2.088005E+1
-2.088005E+1
-2.088005E+1
-2.088005E+1
-2.088005E+1
-2.088005E+1
-2.088005E+1
-2.088005E+1
-2.088005E+1
-2.088005E+1
-2.088005E+1
-2.088005E+1
-2.088005E+1
