Date/Time	2022-06-05 22:23:33
Line location	1
Line name	A1
OTDR wavelength [nm]	1625
OTDR pulse duration [ns]	2
OTDR scan time [s]	10
OTDR scan length [m]	1.500000E+2
Length offset [m]	0.000000E+0
Length increment [m]	3.996806E-2
Switch ID	VIAVI Solutions,OTU 8000E,11654,FO,16.76
OTDR ID	JDSU,OTU 8000E,11654,OTU(SmartOTU),V7.22

Reflected amplitude [dB]
1.276732E+0
1.185592E+0
1.092982E+0
1.010662E+0
9.445120E-1
9.136420E-1
9.562720E-1
1.075342E+0
1.257622E+0
1.494292E+0
1.748602E+0
1.986742E+0
2.194012E+0
2.355712E+0
2.474782E+0
2.557102E+0
2.615902E+0
2.646772E+0
2.640892E+0
2.589442E+0
2.498302E+0
2.370412E+0
2.207242E+0
2.019082E+0
1.823572E+0
1.631002E+0
1.442842E+0
1.256152E+0
1.076812E+0
9.092320E-1
7.519420E-1
6.064120E-1
4.785220E-1
3.697420E-1
2.786020E-1
2.036320E-1
1.404220E-1
8.897200E-2
4.487200E-2
9.592000E-3
-1.980800E-2
-4.479800E-2
-6.390800E-2
-8.007800E-2
-9.477800E-2
-1.065380E-1
-1.168280E-1
-1.271180E-1
-1.374080E-1
-1.476980E-1
-1.579880E-1
-1.682780E-1
-1.800380E-1
-1.932680E-1
-2.064980E-1
-2.211980E-1
-2.373680E-1
-2.535380E-1
-2.711780E-1
-2.888180E-1
-3.079280E-1
-3.285080E-1
-3.490880E-1
-3.681980E-1
-3.873080E-1
-4.020080E-1
-4.152380E-1
-4.225880E-1
-4.240580E-1
-4.196480E-1
-4.093580E-1
-3.931880E-1
-3.726080E-1
-3.461480E-1
-3.182180E-1
-2.873480E-1
-2.564780E-1
-2.285480E-1
-2.020880E-1
-1.800380E-1
-1.638680E-1
-1.550480E-1
-1.506380E-1
-1.521080E-1
-1.594580E-1
-1.697480E-1
-1.829780E-1
-1.962080E-1
-2.109080E-1
-2.256080E-1
-2.403080E-1
-2.550080E-1
-2.697080E-1
-2.858780E-1
-3.020480E-1
-3.196880E-1
-3.373280E-1
-3.549680E-1
-3.711380E-1
-3.873080E-1
-4.020080E-1
-4.152380E-1
-4.269980E-1
-4.358180E-1
-4.446380E-1
-4.534580E-1
-4.608080E-1
-4.681580E-1
-4.769780E-1
-4.872680E-1
-4.975580E-1
-5.107880E-1
-5.240180E-1
-5.372480E-1
-5.519480E-1
-5.637080E-1
-5.754680E-1
-5.857580E-1
-5.931080E-1
-6.019280E-1
-6.092780E-1
-6.180980E-1
-6.269180E-1
-6.357380E-1
-6.445580E-1
-6.519080E-1
-6.563180E-1
-6.607280E-1
-6.607280E-1
-6.577880E-1
-6.519080E-1
-6.430880E-1
-6.342680E-1
-6.239780E-1
-6.136880E-1
-6.019280E-1
-5.916380E-1
-5.813480E-1
-5.681180E-1
-5.548880E-1
-5.387180E-1
-5.210780E-1
-5.034380E-1
-3.240980E-1
3.462220E-1
1.476652E+0
2.743792E+0
3.938902E+0
4.994362E+0
5.901352E+0
6.661342E+0
7.286092E+0
7.793242E+0
8.196022E+0
8.512072E+0
8.748742E+0
8.913382E+0
9.013342E+0
9.051562E+0
9.032452E+0
8.958952E+0
8.836942E+0
8.667892E+0
8.453272E+0
8.197492E+0
7.904962E+0
7.577152E+0
7.215532E+0
6.820102E+0
6.389392E+0
5.932222E+0
5.455942E+0
4.966432E+0
4.471042E+0
3.978592E+0
3.506722E+0
3.073072E+0
2.682052E+0
2.342482E+0
2.054362E+0
1.804462E+0
1.582492E+0
1.375222E+0
1.173832E+0
9.695020E-1
7.725220E-1
5.902420E-1
4.138420E-1
2.492020E-1
1.051420E-1
-1.539800E-2
-1.124180E-1
-1.932680E-1
-2.579480E-1
-3.108680E-1
-3.549680E-1
-3.887780E-1
-4.152380E-1
-4.343480E-1
-4.505180E-1
-4.637480E-1
-4.755080E-1
-4.872680E-1
-4.975580E-1
-5.107880E-1
-5.240180E-1
-5.357780E-1
-5.490080E-1
-5.592980E-1
-5.666480E-1
-5.695880E-1
-5.681180E-1
-5.607680E-1
-5.460680E-1
-5.269580E-1
-5.049080E-1
-4.784480E-1
-4.490480E-1
-4.225880E-1
-3.975980E-1
-3.755480E-1
-3.593780E-1
-3.490880E-1
-3.432080E-1
-3.432080E-1
-3.490880E-1
-3.579080E-1
-3.696680E-1
-3.814280E-1
-3.946580E-1
-4.078880E-1
-4.196480E-1
-4.314080E-1
-4.416980E-1
-4.505180E-1
-4.608080E-1
-4.696280E-1
-4.784480E-1
-4.857980E-1
-4.931480E-1
-5.004980E-1
-5.049080E-1
-5.093180E-1
-5.107880E-1
-5.107880E-1
-5.093180E-1
-5.063780E-1
-5.034380E-1
-4.975580E-1
-4.931480E-1
-4.872680E-1
-4.813880E-1
-4.769780E-1
-4.725680E-1
-4.710980E-1
-4.725680E-1
-4.769780E-1
-4.857980E-1
-4.990280E-1
-5.181380E-1
-5.416580E-1
-5.681180E-1
-5.975180E-1
-6.269180E-1
-6.533780E-1
-6.768980E-1
-6.945380E-1
-7.033580E-1
-7.048280E-1
-6.974780E-1
-6.857180E-1
-6.666080E-1
-6.460280E-1
-6.239780E-1
-6.019280E-1
-5.813480E-1
-5.622380E-1
-5.431280E-1
-5.254880E-1
-5.093180E-1
-4.931480E-1
-4.784480E-1
-4.652180E-1
-4.519880E-1
-4.416980E-1
-4.343480E-1
-4.299380E-1
-4.284680E-1
-4.284680E-1
-4.328780E-1
-4.387580E-1
-4.461080E-1
-4.563980E-1
-4.652180E-1
-4.740380E-1
-4.828580E-1
-4.902080E-1
-4.946180E-1
-4.990280E-1
-5.019680E-1
-5.063780E-1
-5.093180E-1
-5.137280E-1
-5.196080E-1
-5.269580E-1
-5.343080E-1
-5.416580E-1
-5.504780E-1
-5.592980E-1
-5.681180E-1
-5.769380E-1
-5.872280E-1
-5.975180E-1
-6.078080E-1
-6.180980E-1
-6.254480E-1
-6.313280E-1
-6.342680E-1
-6.327980E-1
-6.283880E-1
-6.210380E-1
-6.122180E-1
-6.004580E-1
-5.901680E-1
-5.798780E-1
-5.725280E-1
-5.651780E-1
-5.607680E-1
-5.563580E-1
-5.534180E-1
-5.504780E-1
-5.490080E-1
-5.475380E-1
-5.460680E-1
-5.460680E-1
-5.445980E-1
-5.431280E-1
-5.387180E-1
-5.313680E-1
-5.181380E-1
-5.019680E-1
-4.799180E-1
-4.534580E-1
-4.240580E-1
-3.931880E-1
-3.637880E-1
-3.343880E-1
-3.093980E-1
-2.873480E-1
-2.711780E-1
-2.594180E-1
-2.520680E-1
-2.491280E-1
-2.535380E-1
-2.623580E-1
-2.770580E-1
-2.946980E-1
-3.182180E-1
-3.446780E-1
-3.726080E-1
-4.020080E-1
-4.314080E-1
-4.578680E-1
-4.813880E-1
-5.034380E-1
-5.210780E-1
-5.357780E-1
-5.475380E-1
-5.548880E-1
-5.607680E-1
-5.651780E-1
-5.681180E-1
-5.695880E-1
-5.710580E-1
-5.739980E-1
-5.769380E-1
-5.813480E-1
-5.857580E-1
-5.931080E-1
-5.989880E-1
-6.063380E-1
-6.122180E-1
-6.151580E-1
-6.166280E-1
-6.151580E-1
-6.122180E-1
-6.078080E-1
-6.004580E-1
-5.931080E-1
-5.872280E-1
-5.798780E-1
-5.725280E-1
-5.666480E-1
-5.607680E-1
-5.548880E-1
-5.475380E-1
-5.401880E-1
-5.313680E-1
-5.225480E-1
-5.122580E-1
-5.004980E-1
-4.887380E-1
-4.755080E-1
-4.622780E-1
-4.475780E-1
-4.328780E-1
-4.167080E-1
-3.990680E-1
-3.828980E-1
-3.667280E-1
-3.505580E-1
-3.358580E-1
-3.240980E-1
-3.152780E-1
-3.093980E-1
-3.079280E-1
-3.093980E-1
-3.138080E-1
-3.226280E-1
-3.329180E-1
-3.446780E-1
-3.579080E-1
-3.726080E-1
-3.887780E-1
-4.034780E-1
-4.211180E-1
-4.372880E-1
-4.563980E-1
-4.740380E-1
-4.931480E-1
-5.107880E-1
-5.269580E-1
-5.431280E-1
-5.548880E-1
-5.651780E-1
-5.710580E-1
-5.725280E-1
-5.725280E-1
-5.681180E-1
-5.622380E-1
-5.534180E-1
-5.460680E-1
-5.401880E-1
-5.357780E-1
-5.343080E-1
-5.357780E-1
-5.401880E-1
-5.475380E-1
-5.563580E-1
-5.681180E-1
-5.813480E-1
-5.960480E-1
-6.107480E-1
-6.239780E-1
-6.372080E-1
-6.474980E-1
-6.533780E-1
-6.577880E-1
-6.563180E-1
-6.504380E-1
-6.401480E-1
-6.269180E-1
-6.107480E-1
-5.945780E-1
-5.798780E-1
-5.666480E-1
-5.563580E-1
-5.490080E-1
-5.445980E-1
-5.416580E-1
-5.387180E-1
-5.343080E-1
-5.298980E-1
-5.240180E-1
-5.166680E-1
-5.093180E-1
-5.004980E-1
-4.931480E-1
-4.872680E-1
-4.828580E-1
-4.799180E-1
-4.813880E-1
-4.828580E-1
-4.887380E-1
-4.960880E-1
-5.049080E-1
-5.151980E-1
-5.254880E-1
-5.343080E-1
-5.431280E-1
-5.490080E-1
-5.534180E-1
-5.563580E-1
-5.563580E-1
-5.578280E-1
-5.578280E-1
-5.578280E-1
-5.592980E-1
-5.592980E-1
-5.607680E-1
-5.592980E-1
-5.578280E-1
-5.534180E-1
-5.490080E-1
-5.416580E-1
-5.343080E-1
-5.254880E-1
-5.181380E-1
-5.107880E-1
-5.063780E-1
-5.034380E-1
-5.019680E-1
-5.049080E-1
-5.093180E-1
-5.166680E-1
-5.254880E-1
-5.357780E-1
-5.445980E-1
-5.519480E-1
-5.563580E-1
-5.578280E-1
-5.563580E-1
-5.504780E-1
-5.416580E-1
-5.313680E-1
-5.196080E-1
-5.093180E-1
-4.990280E-1
-4.902080E-1
-4.828580E-1
-4.769780E-1
-4.725680E-1
-4.710980E-1
-4.696280E-1
-4.696280E-1
-4.710980E-1
-4.755080E-1
-4.784480E-1
-4.843280E-1
-4.902080E-1
-4.946180E-1
-5.004980E-1
-5.063780E-1
-5.107880E-1
-5.166680E-1
-5.210780E-1
-5.269580E-1
-5.328380E-1
-5.401880E-1
-5.460680E-1
-5.504780E-1
-5.563580E-1
-5.607680E-1
-5.637080E-1
-5.666480E-1
-5.695880E-1
-5.710580E-1
-5.710580E-1
-5.710580E-1
-5.695880E-1
-5.666480E-1
-5.622380E-1
-5.578280E-1
-5.519480E-1
-5.475380E-1
-5.431280E-1
-5.401880E-1
-5.372480E-1
-5.357780E-1
-5.357780E-1
-5.357780E-1
-5.343080E-1
-5.328380E-1
-5.298980E-1
-5.269580E-1
-5.240180E-1
-5.196080E-1
-5.151980E-1
-5.107880E-1
-5.078480E-1
-5.049080E-1
-5.019680E-1
-5.004980E-1
-5.004980E-1
-5.004980E-1
-5.004980E-1
-5.034380E-1
-5.063780E-1
-5.093180E-1
-5.107880E-1
-5.122580E-1
-5.107880E-1
-5.078480E-1
-5.034380E-1
-4.975580E-1
-4.916780E-1
-4.857980E-1
-4.828580E-1
-4.813880E-1
-4.813880E-1
-4.843280E-1
-4.857980E-1
-4.857980E-1
-4.843280E-1
-4.828580E-1
-4.784480E-1
-4.740380E-1
-4.710980E-1
-4.681580E-1
-4.696280E-1
-4.725680E-1
-4.769780E-1
-4.843280E-1
-4.916780E-1
-5.004980E-1
-5.093180E-1
-5.196080E-1
-5.284280E-1
-5.372480E-1
-5.460680E-1
-5.548880E-1
-5.637080E-1
-5.725280E-1
-5.798780E-1
-5.886980E-1
-5.960480E-1
-6.033980E-1
-6.107480E-1
-6.195680E-1
-6.283880E-1
-6.372080E-1
-6.460280E-1
-6.533780E-1
-6.592580E-1
-6.621980E-1
-6.621980E-1
-6.592580E-1
-6.548480E-1
-6.460280E-1
-6.357380E-1
-6.254480E-1
-6.151580E-1
-6.048680E-1
-5.960480E-1
-5.901680E-1
-5.842880E-1
-5.813480E-1
-5.784080E-1
-5.769380E-1
-5.739980E-1
-5.725280E-1
-5.695880E-1
-5.666480E-1
-5.637080E-1
-5.592980E-1
-5.563580E-1
-5.534180E-1
-5.519480E-1
-5.519480E-1
-5.519480E-1
-5.534180E-1
-5.563580E-1
-5.578280E-1
-5.607680E-1
-5.622380E-1
-5.622380E-1
-5.607680E-1
-5.578280E-1
-5.534180E-1
-5.460680E-1
-5.401880E-1
-5.328380E-1
-5.284280E-1
-5.254880E-1
-5.240180E-1
-5.254880E-1
-5.284280E-1
-5.313680E-1
-5.343080E-1
-5.372480E-1
-5.387180E-1
-5.372480E-1
-5.343080E-1
-5.298980E-1
-5.240180E-1
-5.166680E-1
-5.078480E-1
-5.004980E-1
-4.946180E-1
-4.887380E-1
-4.857980E-1
-4.843280E-1
-4.843280E-1
-4.857980E-1
-4.872680E-1
-4.887380E-1
-4.916780E-1
-4.931480E-1
-4.975580E-1
-5.004980E-1
-5.078480E-1
-5.151980E-1
-5.269580E-1
-5.387180E-1
-5.534180E-1
-5.695880E-1
-5.857580E-1
-6.019280E-1
-6.151580E-1
-6.283880E-1
-6.372080E-1
-6.430880E-1
-6.460280E-1
-6.460280E-1
-6.430880E-1
-6.372080E-1
-6.298580E-1
-6.195680E-1
-6.078080E-1
-5.975180E-1
-5.872280E-1
-5.784080E-1
-5.725280E-1
-5.695880E-1
-5.710580E-1
-5.754680E-1
-5.842880E-1
-5.931080E-1
-6.048680E-1
-6.166280E-1
-6.269180E-1
-6.357380E-1
-6.416180E-1
-6.445580E-1
-6.460280E-1
-6.460280E-1
-6.445580E-1
-6.430880E-1
-6.416180E-1
-6.416180E-1
-6.401480E-1
-6.386780E-1
-6.342680E-1
-6.283880E-1
-6.180980E-1
-6.063380E-1
-5.916380E-1
-5.784080E-1
-5.651780E-1
-5.534180E-1
-5.460680E-1
-5.416580E-1
-5.401880E-1
-5.401880E-1
-5.416580E-1
-5.431280E-1
-5.445980E-1
-5.460680E-1
-5.460680E-1
-5.460680E-1
-5.475380E-1
-5.504780E-1
-5.534180E-1
-5.563580E-1
-5.622380E-1
-5.666480E-1
-5.725280E-1
-5.769380E-1
-5.813480E-1
-5.857580E-1
-5.872280E-1
-5.886980E-1
-5.901680E-1
-5.901680E-1
-5.901680E-1
-5.901680E-1
-5.901680E-1
-5.886980E-1
-5.872280E-1
-5.842880E-1
-5.813480E-1
-5.769380E-1
-5.725280E-1
-5.681180E-1
-5.651780E-1
-5.622380E-1
-5.607680E-1
-5.607680E-1
-5.607680E-1
-5.637080E-1
-5.681180E-1
-5.725280E-1
-5.784080E-1
-5.842880E-1
-5.886980E-1
-5.916380E-1
-5.931080E-1
-5.916380E-1
-5.901680E-1
-5.857580E-1
-5.813480E-1
-5.769380E-1
-5.725280E-1
-5.710580E-1
-5.710580E-1
-5.725280E-1
-5.769380E-1
-5.813480E-1
-5.857580E-1
-5.901680E-1
-5.945780E-1
-5.989880E-1
-6.033980E-1
-6.078080E-1
-6.136880E-1
-6.195680E-1
-6.239780E-1
-6.269180E-1
-6.283880E-1
-6.269180E-1
-6.239780E-1
-6.195680E-1
-6.136880E-1
-6.078080E-1
-6.033980E-1
-5.989880E-1
-5.945780E-1
-5.916380E-1
-5.901680E-1
-5.886980E-1
-5.886980E-1
-5.872280E-1
-5.857580E-1
-5.842880E-1
-5.813480E-1
-5.798780E-1
-5.769380E-1
-5.725280E-1
-5.710580E-1
-5.681180E-1
-5.666480E-1
-5.681180E-1
-5.710580E-1
-5.754680E-1
-5.828180E-1
-5.916380E-1
-6.004580E-1
-6.107480E-1
-6.180980E-1
-6.254480E-1
-6.283880E-1
-6.298580E-1
-6.283880E-1
-6.239780E-1
-6.180980E-1
-6.122180E-1
-6.048680E-1
-5.989880E-1
-5.931080E-1
-5.886980E-1
-5.828180E-1
-5.784080E-1
-5.739980E-1
-5.695880E-1
-5.637080E-1
-5.592980E-1
-5.563580E-1
-5.548880E-1
-5.548880E-1
-5.548880E-1
-5.563580E-1
-5.592980E-1
-5.637080E-1
-5.681180E-1
-5.725280E-1
-5.784080E-1
-5.828180E-1
-5.886980E-1
-5.945780E-1
-5.989880E-1
-6.019280E-1
-6.048680E-1
-6.063380E-1
-6.048680E-1
-6.019280E-1
-5.975180E-1
-5.916380E-1
-5.842880E-1
-5.784080E-1
-5.710580E-1
-5.666480E-1
-5.622380E-1
-5.622380E-1
-5.637080E-1
-5.666480E-1
-5.725280E-1
-5.798780E-1
-5.886980E-1
-5.975180E-1
-6.048680E-1
-6.122180E-1
-6.180980E-1
-6.210380E-1
-6.225080E-1
-6.210380E-1
-6.166280E-1
-6.107480E-1
-6.019280E-1
-5.901680E-1
-5.784080E-1
-5.651780E-1
-5.519480E-1
-5.401880E-1
-5.298980E-1
-5.210780E-1
-5.137280E-1
-5.093180E-1
-5.078480E-1
-5.049080E-1
-5.049080E-1
-5.034380E-1
-5.004980E-1
-4.990280E-1
-4.960880E-1
-4.946180E-1
-4.931480E-1
-4.960880E-1
-5.004980E-1
-5.093180E-1
-5.210780E-1
-5.357780E-1
-5.548880E-1
-5.739980E-1
-5.945780E-1
-6.136880E-1
-6.298580E-1
-6.430880E-1
-6.548480E-1
-6.621980E-1
-6.651380E-1
-6.666080E-1
-6.636680E-1
-6.592580E-1
-6.504380E-1
-6.401480E-1
-6.269180E-1
-6.136880E-1
-5.975180E-1
-5.828180E-1
-5.695880E-1
-5.592980E-1
-5.534180E-1
-5.490080E-1
-5.490080E-1
-5.519480E-1
-5.578280E-1
-5.637080E-1
-5.725280E-1
-5.798780E-1
-5.901680E-1
-5.989880E-1
-6.107480E-1
-6.210380E-1
-6.327980E-1
-6.445580E-1
-6.548480E-1
-6.651380E-1
-6.724880E-1
-6.783680E-1
-6.827780E-1
-6.827780E-1
-6.813080E-1
-6.768980E-1
-6.680780E-1
-6.563180E-1
-6.416180E-1
-6.254480E-1
-6.063380E-1
-5.857580E-1
-5.651780E-1
-5.460680E-1
-5.284280E-1
-5.151980E-1
-5.063780E-1
-5.034380E-1
-5.049080E-1
-5.107880E-1
-5.210780E-1
-5.357780E-1
-5.534180E-1
-5.725280E-1
-5.916380E-1
-6.092780E-1
-6.269180E-1
-6.430880E-1
-6.563180E-1
-6.666080E-1
-6.754280E-1
-6.813080E-1
-6.842480E-1
-6.857180E-1
-6.857180E-1
-6.857180E-1
-6.842480E-1
-6.842480E-1
-6.857180E-1
-6.857180E-1
-6.871880E-1
-6.857180E-1
-6.842480E-1
-6.783680E-1
-6.695480E-1
-6.577880E-1
-6.445580E-1
-6.313280E-1
-6.180980E-1
-6.063380E-1
-5.989880E-1
-5.931080E-1
-5.901680E-1
-5.901680E-1
-5.901680E-1
-5.901680E-1
-5.901680E-1
-5.886980E-1
-5.857580E-1
-5.842880E-1
-5.828180E-1
-5.842880E-1
-5.886980E-1
-5.975180E-1
-6.122180E-1
-6.313280E-1
-6.563180E-1
-6.857180E-1
-7.180580E-1
-7.533380E-1
-7.900880E-1
-8.253680E-1
-8.591780E-1
-8.915180E-1
-9.238580E-1
-9.532580E-1
-9.826580E-1
-1.010588E+0
-1.039988E+0
-1.067918E+0
-1.095848E+0
-1.122308E+0
-1.147298E+0
-1.169348E+0
-1.188458E+0
-1.204628E+0
-1.219328E+0
-1.231088E+0
-1.242848E+0
-1.253138E+0
-1.264898E+0
-1.276658E+0
-1.288418E+0
-1.301648E+0
-1.311938E+0
-1.322228E+0
-1.329578E+0
-1.333988E+0
-1.335458E+0
-1.335458E+0
-1.332518E+0
-1.329578E+0
-1.326638E+0
-1.322228E+0
-1.317818E+0
-1.314878E+0
-1.311938E+0
-1.308998E+0
-1.306058E+0
-1.303118E+0
-1.300178E+0
-1.295768E+0
-1.291358E+0
-1.286948E+0
-1.279598E+0
-1.272248E+0
-1.263428E+0
-1.254608E+0
-1.245788E+0
-1.236968E+0
-1.229618E+0
-1.223738E+0
-1.220798E+0
-1.220798E+0
-1.225208E+0
-1.232558E+0
-1.245788E+0
-1.261958E+0
-1.281068E+0
-1.303118E+0
-1.326638E+0
-1.348688E+0
-1.369268E+0
-1.386908E+0
-1.400138E+0
-1.410428E+0
-1.414838E+0
-1.416308E+0
-1.414838E+0
-1.408958E+0
-1.401608E+0
-1.392788E+0
-1.382498E+0
-1.372208E+0
-1.361918E+0
-1.351628E+0
-1.341338E+0
-1.331048E+0
-1.320758E+0
-1.311938E+0
-1.304588E+0
-1.298708E+0
-1.297238E+0
-1.298708E+0
-1.306058E+0
-1.314878E+0
-1.326638E+0
-1.339868E+0
-1.354568E+0
-1.367798E+0
-1.381028E+0
-1.392788E+0
-1.403078E+0
-1.413368E+0
-1.423658E+0
-1.433948E+0
-1.442768E+0
-1.451588E+0
-1.455998E+0
-1.457468E+0
-1.455998E+0
-1.447178E+0
-1.435418E+0
-1.422188E+0
-1.406018E+0
-1.391318E+0
-1.378088E+0
-1.369268E+0
-1.363388E+0
-1.361918E+0
-1.363388E+0
-1.369268E+0
-1.378088E+0
-1.389848E+0
-1.404548E+0
-1.420718E+0
-1.439828E+0
-1.460408E+0
-1.482458E+0
-1.503038E+0
-1.522148E+0
-1.538318E+0
-1.551548E+0
-1.558898E+0
-1.563308E+0
-1.561838E+0
-1.557428E+0
-1.550078E+0
-1.539788E+0
-1.526558E+0
-1.510388E+0
-1.492748E+0
-1.475108E+0
-1.457468E+0
-1.441298E+0
-1.428068E+0
-1.417778E+0
-1.413368E+0
-1.413368E+0
-1.420718E+0
-1.432478E+0
-1.447178E+0
-1.464818E+0
-1.482458E+0
-1.497158E+0
-1.510388E+0
-1.519208E+0
-1.526558E+0
-1.530968E+0
-1.535378E+0
-1.538318E+0
-1.542728E+0
-1.548608E+0
-1.553018E+0
-1.558898E+0
-1.563308E+0
-1.566248E+0
-1.567718E+0
-1.567718E+0
-1.566248E+0
-1.564778E+0
-1.563308E+0
-1.563308E+0
-1.563308E+0
-1.566248E+0
-1.569188E+0
-1.576538E+0
-1.583888E+0
-1.594178E+0
-1.602998E+0
-1.611818E+0
-1.620638E+0
-1.625048E+0
-1.627988E+0
-1.629458E+0
-1.626518E+0
-1.623578E+0
-1.620638E+0
-1.617698E+0
-1.616228E+0
-1.616228E+0
-1.619168E+0
-1.623578E+0
-1.629458E+0
-1.636808E+0
-1.642688E+0
-1.648568E+0
-1.651508E+0
-1.651508E+0
-1.648568E+0
-1.641218E+0
-1.629458E+0
-1.616228E+0
-1.601528E+0
-1.586828E+0
-1.573598E+0
-1.561838E+0
-1.553018E+0
-1.548608E+0
-1.548608E+0
-1.551548E+0
-1.558898E+0
-1.569188E+0
-1.582418E+0
-1.597118E+0
-1.613288E+0
-1.630928E+0
-1.650038E+0
-1.669148E+0
-1.688258E+0
-1.707368E+0
-1.725008E+0
-1.741178E+0
-1.754408E+0
-1.763228E+0
-1.769108E+0
-1.770578E+0
-1.767638E+0
-1.760288E+0
-1.751468E+0
-1.739708E+0
-1.727948E+0
-1.716188E+0
-1.704428E+0
-1.692668E+0
-1.683848E+0
-1.675028E+0
-1.667678E+0
-1.661798E+0
-1.654448E+0
-1.648568E+0
-1.644158E+0
-1.636808E+0
-1.632398E+0
-1.626518E+0
-1.623578E+0
-1.620638E+0
-1.622108E+0
-1.625048E+0
-1.630928E+0
-1.639748E+0
-1.650038E+0
-1.661798E+0
-1.672088E+0
-1.679438E+0
-1.685318E+0
-1.686788E+0
-1.685318E+0
-1.682378E+0
-1.677968E+0
-1.675028E+0
-1.673558E+0
-1.676498E+0
-1.682378E+0
-1.692668E+0
-1.705898E+0
-1.720598E+0
-1.736768E+0
-1.752938E+0
-1.766168E+0
-1.774988E+0
-1.780868E+0
-1.782338E+0
-1.782338E+0
-1.780868E+0
-1.779398E+0
-1.779398E+0
-1.780868E+0
-1.785278E+0
-1.792628E+0
-1.799978E+0
-1.807328E+0
-1.814678E+0
-1.819088E+0
-1.820558E+0
-1.819088E+0
-1.817618E+0
-1.814678E+0
-1.811738E+0
-1.811738E+0
-1.813208E+0
-1.814678E+0
-1.819088E+0
-1.823498E+0
-1.829378E+0
-1.833788E+0
-1.838198E+0
-1.841138E+0
-1.844078E+0
-1.847018E+0
-1.848488E+0
-1.848488E+0
-1.849958E+0
-1.849958E+0
-1.851428E+0
-1.851428E+0
-1.852898E+0
-1.854368E+0
-1.854368E+0
-1.855838E+0
-1.858778E+0
-1.858778E+0
-1.860248E+0
-1.860248E+0
-1.860248E+0
-1.857308E+0
-1.852898E+0
-1.847018E+0
-1.838198E+0
-1.826438E+0
-1.816148E+0
-1.802918E+0
-1.792628E+0
-1.783808E+0
-1.779398E+0
-1.777928E+0
-1.779398E+0
-1.783808E+0
-1.791158E+0
-1.799978E+0
-1.810268E+0
-1.822028E+0
-1.833788E+0
-1.845548E+0
-1.858778E+0
-1.870538E+0
-1.880828E+0
-1.891118E+0
-1.896998E+0
-1.899938E+0
-1.899938E+0
-1.898468E+0
-1.895528E+0
-1.892588E+0
-1.889648E+0
-1.888178E+0
-1.891118E+0
-1.896998E+0
-1.907288E+0
-1.921988E+0
-1.939628E+0
-1.960208E+0
-1.982258E+0
-2.005778E+0
-2.026358E+0
-2.043998E+0
-2.054288E+0
-2.058698E+0
-2.055758E+0
-2.045468E+0
-2.027828E+0
-2.007248E+0
-1.986668E+0
-1.966088E+0
-1.945508E+0
-1.929338E+0
-1.916108E+0
-1.905818E+0
-1.898468E+0
-1.894058E+0
-1.892588E+0
-1.895528E+0
-1.902878E+0
-1.916108E+0
-1.932278E+0
-1.954328E+0
-1.977848E+0
-2.004308E+0
-2.027828E+0
-2.049878E+0
-2.066048E+0
-2.076338E+0
-2.080748E+0
-2.080748E+0
-2.076338E+0
-2.073398E+0
-2.070458E+0
-2.070458E+0
-2.073398E+0
-2.077808E+0
-2.086628E+0
-2.095448E+0
-2.105738E+0
-2.114558E+0
-2.120438E+0
-2.123378E+0
-2.123378E+0
-2.118968E+0
-2.114558E+0
-2.108678E+0
-2.104268E+0
-2.101328E+0
-2.104268E+0
-2.113088E+0
-2.126318E+0
-2.142488E+0
-2.158658E+0
-2.174828E+0
-2.185118E+0
-2.190998E+0
-2.189528E+0
-2.182178E+0
-2.173358E+0
-2.164538E+0
-2.155718E+0
-2.151308E+0
-2.149838E+0
-2.149838E+0
-2.152778E+0
-2.154248E+0
-2.154248E+0
-2.152778E+0
-2.146898E+0
-2.138078E+0
-2.127788E+0
-2.118968E+0
-2.110148E+0
-2.102798E+0
-2.098388E+0
-2.095448E+0
-2.095448E+0
-2.096918E+0
-2.098388E+0
-2.101328E+0
-2.104268E+0
-2.105738E+0
-2.105738E+0
-2.107208E+0
-2.108678E+0
-2.113088E+0
-2.120438E+0
-2.130728E+0
-2.143958E+0
-2.160128E+0
-2.177768E+0
-2.195408E+0
-2.211578E+0
-2.224808E+0
-2.235098E+0
-2.242448E+0
-2.246858E+0
-2.249798E+0
-2.254208E+0
-2.257148E+0
-2.263028E+0
-2.270378E+0
-2.279198E+0
-2.288018E+0
-2.296838E+0
-2.304188E+0
-2.307128E+0
-2.305658E+0
-2.299778E+0
-2.292428E+0
-2.283608E+0
-2.273318E+0
-2.265968E+0
-2.260088E+0
-2.254208E+0
-2.251268E+0
-2.246858E+0
-2.242448E+0
-2.238038E+0
-2.232158E+0
-2.227748E+0
-2.223338E+0
-2.221868E+0
-2.220398E+0
-2.221868E+0
-2.224808E+0
-2.229218E+0
-2.235098E+0
-2.242448E+0
-2.249798E+0
-2.258618E+0
-2.268908E+0
-2.279198E+0
-2.289488E+0
-2.299778E+0
-2.307128E+0
-2.311538E+0
-2.310068E+0
-2.304188E+0
-2.293898E+0
-2.279198E+0
-2.264498E+0
-2.249798E+0
-2.239508E+0
-2.233628E+0
-2.232158E+0
-2.236568E+0
-2.243918E+0
-2.252738E+0
-2.261558E+0
-2.267438E+0
-2.270378E+0
-2.270378E+0
-2.270378E+0
-2.268908E+0
-2.268908E+0
-2.273318E+0
-2.279198E+0
-2.288018E+0
-2.298308E+0
-2.307128E+0
-2.317418E+0
-2.324768E+0
-2.332118E+0
-2.337998E+0
-2.342408E+0
-2.349758E+0
-2.358578E+0
-2.365928E+0
-2.373278E+0
-2.379158E+0
-2.380628E+0
-2.380628E+0
-2.377688E+0
-2.373278E+0
-2.367398E+0
-2.365928E+0
-2.367398E+0
-2.371808E+0
-2.382098E+0
-2.395328E+0
-2.412968E+0
-2.433548E+0
-2.454128E+0
-2.474708E+0
-2.493818E+0
-2.509988E+0
-2.523218E+0
-2.530568E+0
-2.533508E+0
-2.532038E+0
-2.523218E+0
-2.509988E+0
-2.492348E+0
-2.471768E+0
-2.449718E+0
-2.429138E+0
-2.410028E+0
-2.396798E+0
-2.389448E+0
-2.389448E+0
-2.392388E+0
-2.399738E+0
-2.407088E+0
-2.412968E+0
-2.414438E+0
-2.412968E+0
-2.405618E+0
-2.396798E+0
-2.385038E+0
-2.373278E+0
-2.364458E+0
-2.361518E+0
-2.364458E+0
-2.373278E+0
-2.386508E+0
-2.405618E+0
-2.427668E+0
-2.449718E+0
-2.471768E+0
-2.492348E+0
-2.509988E+0
-2.524688E+0
-2.536448E+0
-2.545268E+0
-2.554088E+0
-2.561438E+0
-2.567318E+0
-2.573198E+0
-2.579078E+0
-2.582018E+0
-2.583488E+0
-2.584958E+0
-2.583488E+0
-2.582018E+0
-2.580548E+0
-2.577608E+0
-2.576138E+0
-2.577608E+0
-2.580548E+0
-2.583488E+0
-2.590838E+0
-2.596718E+0
-2.602598E+0
-2.607008E+0
-2.608478E+0
-2.605538E+0
-2.599658E+0
-2.590838E+0
-2.580548E+0
-2.567318E+0
-2.555558E+0
-2.545268E+0
-2.536448E+0
-2.530568E+0
-2.529098E+0
-2.529098E+0
-2.532038E+0
-2.539388E+0
-2.549678E+0
-2.561438E+0
-2.576138E+0
-2.592308E+0
-2.609948E+0
-2.629058E+0
-2.649638E+0
-2.670218E+0
-2.690798E+0
-2.711378E+0
-2.729018E+0
-2.746658E+0
-2.759888E+0
-2.770178E+0
-2.776058E+0
-2.776058E+0
-2.773118E+0
-2.765768E+0
-2.754008E+0
-2.737838E+0
-2.720198E+0
-2.701088E+0
-2.683448E+0
-2.667278E+0
-2.655518E+0
-2.646698E+0
-2.645228E+0
-2.649638E+0
-2.661398E+0
-2.677568E+0
-2.696678E+0
-2.717258E+0
-2.737838E+0
-2.752538E+0
-2.759888E+0
-2.761358E+0
-2.755478E+0
-2.742248E+0
-2.723138E+0
-2.701088E+0
-2.677568E+0
-2.654048E+0
-2.630528E+0
-2.608478E+0
-2.589368E+0
-2.571728E+0
-2.557028E+0
-2.546738E+0
-2.543798E+0
-2.545268E+0
-2.555558E+0
-2.571728E+0
-2.595248E+0
-2.624648E+0
-2.656988E+0
-2.689328E+0
-2.718728E+0
-2.740778E+0
-2.755478E+0
-2.761358E+0
-2.758418E+0
-2.745188E+0
-2.726078E+0
-2.704028E+0
-2.683448E+0
-2.662868E+0
-2.648168E+0
-2.639348E+0
-2.637878E+0
-2.642288E+0
-2.651108E+0
-2.662868E+0
-2.674628E+0
-2.684918E+0
-2.690798E+0
-2.693738E+0
-2.690798E+0
-2.684918E+0
-2.679038E+0
-2.671688E+0
-2.668748E+0
-2.670218E+0
-2.677568E+0
-2.689328E+0
-2.705498E+0
-2.727548E+0
-2.751068E+0
-2.774588E+0
-2.799578E+0
-2.821628E+0
-2.842208E+0
-2.858378E+0
-2.873078E+0
-2.881898E+0
-2.886308E+0
-2.887778E+0
-2.883368E+0
-2.877488E+0
-2.868668E+0
-2.859848E+0
-2.851028E+0
-2.843678E+0
-2.840738E+0
-2.842208E+0
-2.848088E+0
-2.858378E+0
-2.871608E+0
-2.886308E+0
-2.902478E+0
-2.920118E+0
-2.936288E+0
-2.949518E+0
-2.959808E+0
-2.965688E+0
-2.965688E+0
-2.961278E+0
-2.950988E+0
-2.933348E+0
-2.912768E+0
-2.887778E+0
-2.861318E+0
-2.834858E+0
-2.811338E+0
-2.789288E+0
-2.770178E+0
-2.754008E+0
-2.736368E+0
-2.714318E+0
-2.687858E+0
-2.651108E+0
-2.602598E+0
-2.540858E+0
-2.467358E+0
-2.382098E+0
-2.288018E+0
-2.189528E+0
-2.091038E+0
-1.994018E+0
-1.907288E+0
-1.830848E+0
-1.770578E+0
-1.726478E+0
-1.702958E+0
-1.698548E+0
-1.708838E+0
-1.733828E+0
-1.794098E+0
-1.919048E+0
-2.102798E+0
-2.327708E+0
-2.582018E+0
-2.858378E+0
-3.145028E+0
-3.441968E+0
-3.756548E+0
-4.094648E+0
-4.460678E+0
-4.860518E+0
-5.301518E+0
-5.789558E+0
-6.336398E+0
-6.950858E+0
-7.650578E+0
-8.462018E+0
-9.446918E+0
-1.068319E+1
-1.247365E+1
-1.650439E+1
-2.000005E+1
-2.000005E+1
-2.000005E+1
-2.000005E+1
-1.548421E+1
-1.309840E+1
-1.193563E+1
-1.114477E+1
-1.059499E+1
-1.020397E+1
-9.934958E+0
-9.733568E+0
-9.621848E+0
-9.621848E+0
-9.752678E+0
-1.008784E+1
-1.071259E+1
-1.198855E+1
-1.849477E+1
-2.000005E+1
-2.000005E+1
-2.000005E+1
-2.000005E+1
-2.000005E+1
-2.000005E+1
-2.000005E+1
-2.000005E+1
-2.000005E+1
-2.000005E+1
-2.000005E+1
-2.000005E+1
-2.000005E+1
-2.000005E+1
-2.000005E+1
-2.000005E+1
-2.000005E+1
-2.000005E+1
-2.000005E+1
-2.000005E+1
-2.000005E+1
-2.000005E+1
-2.000005E+1
-1.479331E+1
-1.215907E+1
-1.125796E+1
-1.090222E+1
-1.086841E+1
-1.107274E+1
-1.150492E+1
-1.215907E+1
-1.301020E+1
-1.384663E+1
-1.397893E+1
-1.319101E+1
-1.210027E+1
-1.114477E+1
-1.035244E+1
-9.773258E+0
-9.346958E+0
-9.047078E+0
-8.885378E+0
-8.833928E+0
-8.925068E+0
-9.148508E+0
-9.514538E+0
-1.006579E+1
-1.090222E+1
-1.221787E+1
-1.522843E+1
-2.000005E+1
-2.000005E+1
-2.000005E+1
-2.000005E+1
-2.000005E+1
-2.000005E+1
-2.000005E+1
-2.000005E+1
-2.000005E+1
-2.000005E+1
-2.000005E+1
-2.000005E+1
-2.000005E+1
-2.000005E+1
-2.000005E+1
-2.000005E+1
-2.000005E+1
-2.000005E+1
-2.000005E+1
-2.000005E+1
-1.372315E+1
-1.215907E+1
-1.154902E+1
-1.141966E+1
-1.150492E+1
-1.188271E+1
-1.247365E+1
-1.349383E+1
-1.522843E+1
-1.761424E+1
-1.849477E+1
-1.577380E+1
-1.384663E+1
-1.247365E+1
-1.146082E+1
-1.065379E+1
-1.008784E+1
-9.658598E+0
-9.346958E+0
-9.119108E+0
-8.964758E+0
-8.885378E+0
-8.847158E+0
-8.833928E+0
-8.822168E+0
-8.795708E+0
-8.772188E+0
-8.747198E+0
-8.747198E+0
-8.808938E+0
-8.951528E+0
-9.222008E+0
-9.695348E+0
-1.045681E+1
-1.188271E+1
-2.000005E+1
-2.000005E+1
-2.000005E+1
-2.000005E+1
-2.000005E+1
-2.000005E+1
-2.000005E+1
-2.000005E+1
-2.000005E+1
-2.000005E+1
-2.000005E+1
-2.000005E+1
-2.000005E+1
-2.000005E+1
-2.000005E+1
-2.000005E+1
-2.000005E+1
-2.000005E+1
-2.000005E+1
-2.000005E+1
-2.000005E+1
-2.000005E+1
-2.000005E+1
-2.000005E+1
-2.000005E+1
-2.000005E+1
-2.000005E+1
-2.000005E+1
-2.000005E+1
-2.000005E+1
-2.000005E+1
-2.000005E+1
-2.000005E+1
-2.000005E+1
-2.000005E+1
-1.761424E+1
-1.349383E+1
-1.210027E+1
-1.118152E+1
-1.056706E+1
-1.015693E+1
-9.873218E+0
-9.752678E+0
-9.752678E+0
-9.852638E+0
-1.008784E+1
-1.043035E+1
-1.093456E+1
-1.159312E+1
-1.247365E+1
-1.372315E+1
-1.577380E+1
-2.000005E+1
-2.000005E+1
-2.000005E+1
-1.522843E+1
-1.349383E+1
-1.240750E+1
-1.159312E+1
-1.107274E+1
-1.068319E+1
-1.045681E+1
-1.025248E+1
-1.008784E+1
-9.893798E+0
-9.658598E+0
-9.396938E+0
-9.089708E+0
-8.772188E+0
-8.482598E+0
-8.228288E+0
-8.035718E+0
-7.907828E+0
-7.857848E+0
-7.874018E+0
-7.982798E+0
-8.162138E+0
-8.429678E+0
-8.783948E+0
-9.222008E+0
-9.695348E+0
-1.022749E+1
-1.080520E+1
-1.133734E+1
-1.183273E+1
-1.221787E+1
-1.268680E+1
-1.338799E+1
-1.443022E+1
-1.698949E+1
-2.000005E+1
-2.000005E+1
-2.000005E+1
-2.000005E+1
-2.000005E+1
-2.000005E+1
-2.000005E+1
-2.000005E+1
-2.000005E+1
-2.000005E+1
-2.000005E+1
-2.000005E+1
-2.000005E+1
-2.000005E+1
-2.000005E+1
-2.000005E+1
-2.000005E+1
-2.000005E+1
-2.000005E+1
-2.000005E+1
-2.000005E+1
-2.000005E+1
-2.000005E+1
-2.000005E+1
-2.000005E+1
-2.000005E+1
-2.000005E+1
-2.000005E+1
-2.000005E+1
-2.000005E+1
-2.000005E+1
-2.000005E+1
-2.000005E+1
-2.000005E+1
-2.000005E+1
-2.000005E+1
-1.522843E+1
-1.360555E+1
-1.254274E+1
-1.188271E+1
-1.141966E+1
-1.114477E+1
-1.100218E+1
-1.100218E+1
-1.107274E+1
-1.125796E+1
-1.163869E+1
-1.221787E+1
-1.338799E+1
-1.761424E+1
-2.000005E+1
-2.000005E+1
-2.000005E+1
-2.000005E+1
-2.000005E+1
-2.000005E+1
-2.000005E+1
-2.000005E+1
-2.000005E+1
-2.000005E+1
-2.000005E+1
-2.000005E+1
-2.000005E+1
-1.761424E+1
-1.349383E+1
-1.254274E+1
-1.215907E+1
-1.193563E+1
-1.188271E+1
-1.188271E+1
-1.210027E+1
-1.240750E+1
-1.309840E+1
-1.460368E+1
-2.000005E+1
-2.000005E+1
-2.000005E+1
-2.000005E+1
-2.000005E+1
-2.000005E+1
-2.000005E+1
-2.000005E+1
-1.610896E+1
-1.240750E+1
-1.107274E+1
-1.030099E+1
-9.832058E+0
-9.567458E+0
-9.446918E+0
-9.463088E+0
-9.621848E+0
-9.914378E+0
-1.035244E+1
-1.093456E+1
-1.168573E+1
-1.247365E+1
-1.301020E+1
-1.319101E+1
-1.268680E+1
-1.198855E+1
-1.121974E+1
-1.056706E+1
-1.006579E+1
-9.676238E+0
-9.346958E+0
-9.119108E+0
-8.964758E+0
-8.885378E+0
-8.898608E+0
-9.005918E+0
-9.238178E+0
-9.639488E+0
-1.027747E+1
-1.141966E+1
-1.426852E+1
-2.000005E+1
-2.000005E+1
-2.000005E+1
-2.000005E+1
-2.000005E+1
-2.000005E+1
-2.000005E+1
-2.000005E+1
-2.000005E+1
-2.000005E+1
-2.000005E+1
-2.000005E+1
-2.000005E+1
-2.000005E+1
-2.000005E+1
-2.000005E+1
-2.000005E+1
-2.000005E+1
-2.000005E+1
-2.000005E+1
-2.000005E+1
-2.000005E+1
-2.000005E+1
-2.000005E+1
-1.761424E+1
-1.698949E+1
-2.000005E+1
-2.000005E+1
-2.000005E+1
-2.000005E+1
-2.000005E+1
-2.000005E+1
-2.000005E+1
-2.000005E+1
-2.000005E+1
-2.000005E+1
-2.000005E+1
-2.000005E+1
-2.000005E+1
-2.000005E+1
-2.000005E+1
-2.000005E+1
-2.000005E+1
-2.000005E+1
-2.000005E+1
-2.000005E+1
-2.000005E+1
-2.000005E+1
-1.698949E+1
-1.284262E+1
-1.137850E+1
-1.048327E+1
-9.832058E+0
-9.330788E+0
-8.938298E+0
-8.628128E+0
-8.409098E+0
-8.267978E+0
-8.181248E+0
-8.134208E+0
-8.134208E+0
-8.162138E+0
-8.209178E+0
-8.257688E+0
-8.297378E+0
-8.347358E+0
-8.419388E+0
-8.526698E+0
-8.686928E+0
-8.938298E+0
-9.299918E+0
-9.832058E+0
-1.062439E+1
-1.193563E+1
-1.522843E+1
-2.000005E+1
-2.000005E+1
-2.000005E+1
-2.000005E+1
-2.000005E+1
-2.000005E+1
-2.000005E+1
-2.000005E+1
-2.000005E+1
-2.000005E+1
-2.000005E+1
-2.000005E+1
-2.000005E+1
-2.000005E+1
-2.000005E+1
-2.000005E+1
-1.460368E+1
-1.328803E+1
-1.268680E+1
-1.234135E+1
-1.221787E+1
-1.221787E+1
-1.221787E+1
-1.221787E+1
-1.215907E+1
-1.198855E+1
-1.168573E+1
-1.133734E+1
-1.100218E+1
-1.074346E+1
-1.056706E+1
-1.051120E+1
-1.068319E+1
-1.114477E+1
-1.221787E+1
-1.650439E+1
-2.000005E+1
-2.000005E+1
-2.000005E+1
-2.000005E+1
-2.000005E+1
-2.000005E+1
-2.000005E+1
-2.000005E+1
-2.000005E+1
-2.000005E+1
-2.000005E+1
-2.000005E+1
-2.000005E+1
-2.000005E+1
-2.000005E+1
-2.000005E+1
-2.000005E+1
-2.000005E+1
-2.000005E+1
-2.000005E+1
-2.000005E+1
-2.000005E+1
-2.000005E+1
-1.384663E+1
-1.319101E+1
-1.411858E+1
-2.000005E+1
-2.000005E+1
-2.000005E+1
-2.000005E+1
-2.000005E+1
-2.000005E+1
-2.000005E+1
-2.000005E+1
-2.000005E+1
-2.000005E+1
-2.000005E+1
-2.000005E+1
-2.000005E+1
-2.000005E+1
-2.000005E+1
-2.000005E+1
-2.000005E+1
-2.000005E+1
-2.000005E+1
-2.000005E+1
-2.000005E+1
-2.000005E+1
-2.000005E+1
-2.000005E+1
-2.000005E+1
-2.000005E+1
-2.000005E+1
-2.000005E+1
-2.000005E+1
-2.000005E+1
-2.000005E+1
-2.000005E+1
-2.000005E+1
-2.000005E+1
-2.000005E+1
-1.360555E+1
-1.188271E+1
-1.083607E+1
-1.008784E+1
-9.567458E+0
-9.238178E+0
-9.061778E+0
-9.061778E+0
-9.269048E+0
-9.714458E+0
-1.053913E+1
-1.215907E+1
-2.000005E+1
-2.000005E+1
-2.000005E+1
-2.000005E+1
-2.000005E+1
-2.000005E+1
-2.000005E+1
-2.000005E+1
-2.000005E+1
-2.000005E+1
-2.000005E+1
-2.000005E+1
-2.000005E+1
-2.000005E+1
-1.577380E+1
-1.240750E+1
-1.110802E+1
-1.035244E+1
-9.914378E+0
-9.676238E+0
-9.585098E+0
-9.621848E+0
-9.752678E+0
-9.934958E+0
-1.010989E+1
-1.020397E+1
-1.018045E+1
-1.004374E+1
-9.811478E+0
-9.585098E+0
-9.396938E+0
-9.269048E+0
-9.222008E+0
-9.283748E+0
-9.463088E+0
-9.752678E+0
-1.018045E+1
-1.077433E+1
-1.154902E+1
-1.268680E+1
-1.443022E+1
-2.000005E+1
-2.000005E+1
-2.000005E+1
-2.000005E+1
-1.650439E+1
-1.319101E+1
-1.163869E+1
-1.059499E+1
-9.852638E+0
-9.316088E+0
-8.964758E+0
-8.772188E+0
-8.710448E+0
-8.808938E+0
-9.089708E+0
-9.621848E+0
-1.056706E+1
-1.268680E+1
-2.000005E+1
-2.000005E+1
-2.000005E+1
-2.000005E+1
-2.000005E+1
-2.000005E+1
-2.000005E+1
-2.000005E+1
-2.000005E+1
-2.000005E+1
-2.000005E+1
-2.000005E+1
-1.360555E+1
-1.154902E+1
-1.080520E+1
-1.053913E+1
-1.059499E+1
-1.100218E+1
-1.188271E+1
-1.426852E+1
-2.000005E+1
-2.000005E+1
-2.000005E+1
-2.000005E+1
-2.000005E+1
-2.000005E+1
-2.000005E+1
-2.000005E+1
-2.000005E+1
-2.000005E+1
-2.000005E+1
-2.000005E+1
-2.000005E+1
-2.000005E+1
-2.000005E+1
-1.761424E+1
-1.522843E+1
-1.372315E+1
-1.247365E+1
-1.141966E+1
-1.059499E+1
-9.934958E+0
-9.413108E+0
-9.019148E+0
-8.735438E+0
-8.548748E+0
-8.462018E+0
-8.472308E+0
-8.582558E+0
-8.822168E+0
-9.192608E+0
-9.733568E+0
-1.051120E+1
-1.173277E+1
-1.397893E+1
-2.000005E+1
-2.000005E+1
-2.000005E+1
-2.000005E+1
-2.000005E+1
-2.000005E+1
-2.000005E+1
-1.577380E+1
-1.397893E+1
-1.338799E+1
-1.328803E+1
-1.372315E+1
-1.522843E+1
-2.000005E+1
-2.000005E+1
-2.000005E+1
-2.000005E+1
-2.000005E+1
-2.000005E+1
-2.000005E+1
-2.000005E+1
-2.000005E+1
-2.000005E+1
-2.000005E+1
-2.000005E+1
-2.000005E+1
-1.761424E+1
-1.292494E+1
-1.173277E+1
-1.103746E+1
-1.065379E+1
-1.037743E+1
-1.018045E+1
-1.002169E+1
-9.852638E+0
-9.695348E+0
-9.514538E+0
-9.316088E+0
-9.119108E+0
-8.938298E+0
-8.783948E+0
-8.663408E+0
-8.594318E+0
-8.560508E+0
-8.548748E+0
-8.582558E+0
-8.628128E+0
-8.722208E+0
-8.833928E+0
-8.992688E+0
-9.192608E+0
-9.463088E+0
-9.792368E+0
-1.022749E+1
-1.071259E+1
-1.125796E+1
-1.173277E+1
-1.204441E+1
-1.204441E+1
-1.173277E+1
-1.121974E+1
-1.068319E+1
-1.018045E+1
-9.752678E+0
-9.396938E+0
-9.089708E+0
-8.847158E+0
-8.651648E+0
-8.516408E+0
-8.419388E+0
-8.367938E+0
-8.378228E+0
-8.439968E+0
-8.560508E+0
-8.758958E+0
-9.061778E+0
-9.463088E+0
-9.977588E+0
-1.068319E+1
-1.168573E+1
-1.338799E+1
-2.000005E+1
-2.000005E+1
-2.000005E+1
-2.000005E+1
-2.000005E+1
-2.000005E+1
-2.000005E+1
-2.000005E+1
-2.000005E+1
-2.000005E+1
-1.372315E+1
-1.240750E+1
-1.183273E+1
-1.159312E+1
-1.159312E+1
-1.178275E+1
-1.193563E+1
-1.193563E+1
-1.168573E+1
-1.125796E+1
-1.071259E+1
-1.018045E+1
-9.733568E+0
-9.346958E+0
-9.047078E+0
-8.847158E+0
-8.747198E+0
-8.747198E+0
-8.833928E+0
-9.019148E+0
-9.316088E+0
-9.714458E+0
-1.020397E+1
-1.071259E+1
-1.118152E+1
-1.146082E+1
-1.146082E+1
-1.114477E+1
-1.068319E+1
-1.018045E+1
-9.695348E+0
-9.283748E+0
-8.911838E+0
-8.582558E+0
-8.297378E+0
-8.053358E+0
-7.841678E+0
-7.679978E+0
-7.556498E+0
-7.487408E+0
-7.466828E+0
-7.507988E+0
-7.613828E+0
-7.771118E+0
-7.991618E+0
-8.267978E+0
-8.570798E+0
-8.885378E+0
-9.163208E+0
-9.346958E+0
-9.396938E+0
-9.330788E+0
-9.163208E+0
-8.964758E+0
-8.795708E+0
-8.675168E+0
-8.616368E+0
-8.616368E+0
-8.686928E+0
-8.808938E+0
-8.951528E+0
-9.104408E+0
-9.222008E+0
-9.316088E+0
-9.379298E+0
-9.413108E+0
-9.463088E+0
-9.532178E+0
-9.658598E+0
-9.811478E+0
-9.999638E+0
-1.018045E+1
-1.025248E+1
-1.020397E+1
-9.999638E+0
-9.714458E+0
-9.379298E+0
-9.075008E+0
-8.808938E+0
-8.616368E+0
-8.472308E+0
-8.398808E+0
-8.357648E+0
-8.357648E+0
-8.367938E+0
-8.378228E+0
-8.388518E+0
-8.409098E+0
-8.439968E+0
-8.516408E+0
-8.628128E+0
-8.808938E+0
-9.075008E+0
-9.446918E+0
-9.934958E+0
-1.056706E+1
-1.133734E+1
-1.227961E+1
-1.319101E+1
-1.372315E+1
-1.338799E+1
-1.268680E+1
-1.188271E+1
-1.121974E+1
-1.071259E+1
-1.032745E+1
-1.002169E+1
-9.792368E+0
-9.567458E+0
-9.363128E+0
-9.148508E+0
-8.938298E+0
-8.747198E+0
-8.582558E+0
-8.462018E+0
-8.409098E+0
-8.409098E+0
-8.472308E+0
-8.594318E+0
-8.783948E+0
-8.992688E+0
-9.238178E+0
-9.480728E+0
-9.695348E+0
-9.893798E+0
-1.006579E+1
-1.022749E+1
-1.045681E+1
-1.071259E+1
-1.110802E+1
-1.159312E+1
-1.227961E+1
-1.301020E+1
-1.360555E+1
-1.360555E+1
-1.309840E+1
-1.227961E+1
-1.146082E+1
-1.080520E+1
-1.027747E+1
-9.893798E+0
-9.621848E+0
-9.480728E+0
-9.446918E+0
-9.514538E+0
-9.714458E+0
-1.004374E+1
-1.056706E+1
-1.137850E+1
-1.276324E+1
-1.698949E+1
-2.000005E+1
-2.000005E+1
-2.000005E+1
-2.000005E+1
-2.000005E+1
-2.000005E+1
-2.000005E+1
-2.000005E+1
-2.000005E+1
-2.000005E+1
-2.000005E+1
-2.000005E+1
-2.000005E+1
-2.000005E+1
-2.000005E+1
-2.000005E+1
-2.000005E+1
-2.000005E+1
-2.000005E+1
-2.000005E+1
-2.000005E+1
-2.000005E+1
-2.000005E+1
-2.000005E+1
-1.426852E+1
-1.125796E+1
-1.002169E+1
-9.252878E+0
-8.758958E+0
-8.462018E+0
-8.306198E+0
-8.276798E+0
-8.347358E+0
-8.526698E+0
-8.822168E+0
-9.222008E+0
-9.752678E+0
-1.048327E+1
-1.163869E+1
-1.426852E+1
-2.000005E+1
-2.000005E+1
-2.000005E+1
-2.000005E+1
-2.000005E+1
-2.000005E+1
-2.000005E+1
-2.000005E+1
-2.000005E+1
-2.000005E+1
-2.000005E+1
-2.000005E+1
-2.000005E+1
-2.000005E+1
-2.000005E+1
-2.000005E+1
-2.000005E+1
-1.349383E+1
-1.173277E+1
-1.093456E+1
-1.053913E+1
-1.032745E+1
-1.030099E+1
-1.040389E+1
-1.065379E+1
-1.107274E+1
-1.168573E+1
-1.261330E+1
-1.426852E+1
-2.000005E+1
-2.000005E+1
-2.000005E+1
-2.000005E+1
-2.000005E+1
-2.000005E+1
-2.000005E+1
-2.000005E+1
-2.000005E+1
-2.000005E+1
-2.000005E+1
-2.000005E+1
-1.849477E+1
-1.479331E+1
-1.372315E+1
-1.319101E+1
-1.301020E+1
-1.309840E+1
-1.338799E+1
-1.360555E+1
-1.372315E+1
-1.372315E+1
-1.349383E+1
-1.319101E+1
-1.284262E+1
-1.247365E+1
-1.221787E+1
-1.221787E+1
-1.240750E+1
-1.276324E+1
-1.338799E+1
-1.411858E+1
-1.522843E+1
-1.577380E+1
-1.522843E+1
-1.411858E+1
-1.319101E+1
-1.254274E+1
-1.221787E+1
-1.204441E+1
-1.204441E+1
-1.215907E+1
-1.234135E+1
-1.240750E+1
-1.221787E+1
-1.173277E+1
-1.107274E+1
-1.043035E+1
-9.811478E+0
-9.283748E+0
-8.847158E+0
-8.504648E+0
-8.238578E+0
-8.044538E+0
-7.915178E+0
-7.857848E+0
-7.874018E+0
-7.941638E+0
-8.070998E+0
-8.238578E+0
-8.450258E+0
-8.698688E+0
-8.925068E+0
-9.119108E+0
-9.269048E+0
-9.363128E+0
-9.413108E+0
-9.413108E+0
-9.363128E+0
-9.299918E+0
-9.177908E+0
-9.033848E+0
-8.847158E+0
-8.651648E+0
-8.462018E+0
-8.306198E+0
-8.200358E+0
-8.162138E+0
-8.200358E+0
-8.316488E+0
-8.504648E+0
-8.772188E+0
-9.075008E+0
-9.413108E+0
-9.714458E+0
-9.955538E+0
-1.013341E+1
-1.020397E+1
-1.022749E+1
-1.027747E+1
-1.040389E+1
-1.065379E+1
-1.107274E+1
-1.163869E+1
-1.254274E+1
-1.397893E+1
-1.698949E+1
-2.000005E+1
-2.000005E+1
-2.000005E+1
-2.000005E+1
-2.000005E+1
-2.000005E+1
-2.000005E+1
-2.000005E+1
-2.000005E+1
-1.849477E+1
-1.460368E+1
-1.284262E+1
-1.163869E+1
-1.071259E+1
-9.955538E+0
-9.346958E+0
-8.822168E+0
-8.398808E+0
-8.053358E+0
-7.787288E+0
-7.584428E+0
-7.453598E+0
-7.406558E+0
-7.438898E+0
-7.563848E+0
-7.778468E+0
-8.125388E+0
-8.628128E+0
-9.363128E+0
-1.051120E+1
-1.292494E+1
-2.000005E+1
-2.000005E+1
-2.000005E+1
-2.000005E+1
-2.000005E+1
-2.000005E+1
-2.000005E+1
-2.000005E+1
-2.000005E+1
-2.000005E+1
-2.000005E+1
-2.000005E+1
-2.000005E+1
-2.000005E+1
-2.000005E+1
-2.000005E+1
-2.000005E+1
-1.650439E+1
-1.328803E+1
-1.178275E+1
-1.077433E+1
-9.999638E+0
-9.396938E+0
-8.951528E+0
-8.628128E+0
-8.419388E+0
-8.306198E+0
-8.276798E+0
-8.337068E+0
-8.472308E+0
-8.663408E+0
-8.885378E+0
-9.104408E+0
-9.316088E+0
-9.496898E+0
-9.602738E+0
-9.658598E+0
-9.658598E+0
-9.658598E+0
-9.639488E+0
-9.658598E+0
-9.714458E+0
-9.893798E+0
-1.020397E+1
-1.068319E+1
-1.137850E+1
-1.261330E+1
-1.577380E+1
-2.000005E+1
-2.000005E+1
-2.000005E+1
-2.000005E+1
-2.000005E+1
-1.499911E+1
-1.234135E+1
-1.118152E+1
-1.051120E+1
-1.013341E+1
-9.977588E+0
-1.002169E+1
-1.025248E+1
-1.062439E+1
-1.121974E+1
-1.198855E+1
-1.301020E+1
-1.411858E+1
-1.499911E+1
-1.522843E+1
-1.460368E+1
-1.372315E+1
-1.292494E+1
-1.227961E+1
-1.173277E+1
-1.118152E+1
-1.065379E+1
-1.015693E+1
-9.714458E+0
-9.316088E+0
-8.992688E+0
-8.758958E+0
-8.616368E+0
-8.594318E+0
-8.686928E+0
-8.911838E+0
-9.299918E+0
-9.893798E+0
-1.077433E+1
-1.215907E+1
-1.548421E+1
-2.000005E+1
-2.000005E+1
-2.000005E+1
-2.000005E+1
-2.000005E+1
-2.000005E+1
-2.000005E+1
-2.000005E+1
-2.000005E+1
-2.000005E+1
-1.522843E+1
-1.210027E+1
-1.065379E+1
-9.714458E+0
-9.047078E+0
-8.560508E+0
-8.209178E+0
-7.966628E+0
-7.834328E+0
-7.787288E+0
-7.818158E+0
-7.907828E+0
-8.062178E+0
-8.276798E+0
-8.538458E+0
-8.847158E+0
-9.207308E+0
-9.658598E+0
-1.022749E+1
-1.100218E+1
-1.221787E+1
-1.479331E+1
-2.000005E+1
-2.000005E+1
-2.000005E+1
-2.000005E+1
-2.000005E+1
-2.000005E+1
-2.000005E+1
-2.000005E+1
-2.000005E+1
-2.000005E+1
-2.000005E+1
-1.761424E+1
-1.372315E+1
-1.234135E+1
-1.141966E+1
-1.065379E+1
-9.999638E+0
-9.446918E+0
-8.977988E+0
-8.616368E+0
-8.337068E+0
-8.143028E+0
-8.026898E+0
-7.975448E+0
-7.966628E+0
-7.982798E+0
-8.018078E+0
-8.044538E+0
-8.053358E+0
-8.062178E+0
-8.062178E+0
-8.070998E+0
-8.107748E+0
-8.190068E+0
-8.316488E+0
-8.504648E+0
-8.758958E+0
-9.075008E+0
-9.446918E+0
-9.914378E+0
-1.045681E+1
-1.110802E+1
-1.183273E+1
-1.284262E+1
-1.411858E+1
-1.577380E+1
-1.698949E+1
-1.577380E+1
-1.397893E+1
-1.254274E+1
-1.150492E+1
-1.071259E+1
-1.013341E+1
-9.752678E+0
-9.549818E+0
-9.514538E+0
-9.621848E+0
-9.893798E+0
-1.030099E+1
-1.083607E+1
-1.150492E+1
-1.215907E+1
-1.261330E+1
-1.268680E+1
-1.254274E+1
-1.227961E+1
-1.198855E+1
-1.178275E+1
-1.163869E+1
-1.159312E+1
-1.154902E+1
-1.141966E+1
-1.121974E+1
-1.090222E+1
-1.053913E+1
-1.015693E+1
-9.832058E+0
-9.549818E+0
-9.363128E+0
-9.283748E+0
-9.299918E+0
-9.413108E+0
-9.621848E+0
-9.934958E+0
-1.030099E+1
-1.065379E+1
-1.086841E+1
-1.086841E+1
-1.062439E+1
-1.022749E+1
-9.792368E+0
-9.396938E+0
-9.075008E+0
-8.833928E+0
-8.651648E+0
-8.538458E+0
-8.472308E+0
-8.450258E+0
-8.462018E+0
-8.494358E+0
-8.538458E+0
-8.594318E+0
-8.686928E+0
-8.808938E+0
-9.005918E+0
-9.283748E+0
-9.695348E+0
-1.035244E+1
-1.150492E+1
-1.460368E+1
-2.000005E+1
-2.000005E+1
-2.000005E+1
-2.000005E+1
-2.000005E+1
-2.000005E+1
-2.000005E+1
-2.000005E+1
-2.000005E+1
-2.000005E+1
-2.000005E+1
-2.000005E+1
-2.000005E+1
-2.000005E+1
-2.000005E+1
-2.000005E+1
-2.000005E+1
-2.000005E+1
-2.000005E+1
-2.000005E+1
-2.000005E+1
-2.000005E+1
-2.000005E+1
-2.000005E+1
-2.000005E+1
-2.000005E+1
-2.000005E+1
-2.000005E+1
-2.000005E+1
-2.000005E+1
-2.000005E+1
-2.000005E+1
-1.460368E+1
-1.215907E+1
-1.125796E+1
-1.086841E+1
-1.090222E+1
-1.141966E+1
-1.284262E+1
-2.000005E+1
-2.000005E+1
-2.000005E+1
-2.000005E+1
-2.000005E+1
-2.000005E+1
-2.000005E+1
-2.000005E+1
-2.000005E+1
-2.000005E+1
-2.000005E+1
-2.000005E+1
-2.000005E+1
-2.000005E+1
-2.000005E+1
-2.000005E+1
-2.000005E+1
-2.000005E+1
-2.000005E+1
-2.000005E+1
-2.000005E+1
-2.000005E+1
-2.000005E+1
-2.000005E+1
-2.000005E+1
-2.000005E+1
-2.000005E+1
-2.000005E+1
-2.000005E+1
-2.000005E+1
-2.000005E+1
-2.000005E+1
-2.000005E+1
-2.000005E+1
-2.000005E+1
-2.000005E+1
-2.000005E+1
-2.000005E+1
-2.000005E+1
-2.000005E+1
-2.000005E+1
-2.000005E+1
-1.443022E+1
-1.292494E+1
-1.198855E+1
-1.133734E+1
-1.074346E+1
-1.025248E+1
-9.832058E+0
-9.496898E+0
-9.252878E+0
-9.119108E+0
-9.075008E+0
-9.148508E+0
-9.316088E+0
-9.602738E+0
-1.004374E+1
-1.062439E+1
-1.129765E+1
-1.215907E+1
-1.309840E+1
-1.411858E+1
-1.499911E+1
-1.499911E+1
-1.479331E+1
-1.443022E+1
-1.443022E+1
-1.479331E+1
-1.577380E+1
-2.000005E+1
-2.000005E+1
-2.000005E+1
-2.000005E+1
-2.000005E+1
-2.000005E+1
-2.000005E+1
-2.000005E+1
-2.000005E+1
-2.000005E+1
-2.000005E+1
-2.000005E+1
-2.000005E+1
-2.000005E+1
-2.000005E+1
-1.292494E+1
-1.062439E+1
-9.532178E+0
-8.898608E+0
-8.504648E+0
-8.306198E+0
-8.247398E+0
-8.297378E+0
-8.429678E+0
-8.582558E+0
-8.686928E+0
-8.686928E+0
-8.560508E+0
-8.316488E+0
-8.000438E+0
-7.694678E+0
-7.433018E+0
-7.230158E+0
-7.099328E+0
-7.033178E+0
-7.037588E+0
-7.099328E+0
-7.230158E+0
-7.406558E+0
-7.635878E+0
-7.923998E+0
-8.287088E+0
-8.735438E+0
-9.283748E+0
-9.999638E+0
-1.100218E+1
-1.254274E+1
-1.610896E+1
-2.000005E+1
-2.000005E+1
-2.000005E+1
-2.000005E+1
-2.000005E+1
-2.000005E+1
-1.548421E+1
-1.319101E+1
-1.210027E+1
-1.141966E+1
-1.090222E+1
-1.053913E+1
-1.027747E+1
-1.013341E+1
-1.006579E+1
-1.010989E+1
-1.025248E+1
-1.051120E+1
-1.090222E+1
-1.133734E+1
-1.178275E+1
-1.183273E+1
-1.146082E+1
-1.074346E+1
-9.934958E+0
-9.192608E+0
-8.570798E+0
-8.070998E+0
-7.709378E+0
-7.459478E+0
-7.322768E+0
-7.284548E+0
-7.347758E+0
-7.521218E+0
-7.801988E+0
-8.181248E+0
-8.675168E+0
-9.252878E+0
-9.893798E+0
-1.045681E+1
-1.071259E+1
-1.056706E+1
-1.010989E+1
-9.567458E+0
-9.061778E+0
-8.663408E+0
-8.367938E+0
-8.200358E+0
-8.143028E+0
-8.200358E+0
-8.347358E+0
-8.582558E+0
-8.885378E+0
-9.252878E+0
-9.639488E+0
-9.999638E+0
-1.032745E+1
-1.056706E+1
-1.074346E+1
-1.090222E+1
-1.103746E+1
-1.118152E+1
-1.141966E+1
-1.173277E+1
-1.215907E+1
-1.268680E+1
-1.328803E+1
-1.397893E+1
-1.426852E+1
-1.426852E+1
-1.360555E+1
-1.284262E+1
-1.221787E+1
-1.168573E+1
-1.129765E+1
-1.107274E+1
-1.093456E+1
-1.093456E+1
-1.103746E+1
-1.121974E+1
-1.146082E+1
-1.173277E+1
-1.210027E+1
-1.261330E+1
-1.360555E+1
-1.650439E+1
-2.000005E+1
-2.000005E+1
-2.000005E+1
-2.000005E+1
-2.000005E+1
-2.000005E+1
-2.000005E+1
-2.000005E+1
-2.000005E+1
-2.000005E+1
-1.360555E+1
-1.110802E+1
-1.004374E+1
-9.446918E+0
-9.075008E+0
-8.872148E+0
-8.758958E+0
-8.735438E+0
-8.758958E+0
-8.808938E+0
-8.885378E+0
-8.992688E+0
-9.148508E+0
-9.363128E+0
-9.695348E+0
-1.015693E+1
-1.090222E+1
-1.215907E+1
-1.577380E+1
-2.000005E+1
-2.000005E+1
-2.000005E+1
-2.000005E+1
-2.000005E+1
-2.000005E+1
-2.000005E+1
-2.000005E+1
-2.000005E+1
-2.000005E+1
-2.000005E+1
-2.000005E+1
-2.000005E+1
-2.000005E+1
-2.000005E+1
-2.000005E+1
-1.247365E+1
-1.083607E+1
-1.018045E+1
-9.914378E+0
-9.955538E+0
-1.025248E+1
-1.086841E+1
-1.188271E+1
-1.360555E+1
-2.000005E+1
-2.000005E+1
-2.000005E+1
-2.000005E+1
-1.372315E+1
-1.204441E+1
-1.103746E+1
-1.040389E+1
-9.977588E+0
-9.676238E+0
-9.496898E+0
-9.379298E+0
-9.330788E+0
-9.330788E+0
-9.363128E+0
-9.446918E+0
-9.585098E+0
-9.792368E+0
-1.006579E+1
-1.040389E+1
-1.083607E+1
-1.129765E+1
-1.173277E+1
-1.204441E+1
-1.215907E+1
-1.215907E+1
-1.204441E+1
-1.188271E+1
-1.183273E+1
-1.188271E+1
-1.204441E+1
-1.221787E+1
-1.247365E+1
-1.254274E+1
-1.247365E+1
-1.215907E+1
-1.168573E+1
-1.118152E+1
-1.071259E+1
-1.027747E+1
-9.914378E+0
-9.602738E+0
-9.316088E+0
-9.061778E+0
-8.847158E+0
-8.651648E+0
-8.494358E+0
-8.388518E+0
-8.326778E+0
-8.347358E+0
-8.462018E+0
-8.698688E+0
-9.075008E+0
-9.639488E+0
-1.051120E+1
-1.183273E+1
-1.426852E+1
-2.000005E+1
-2.000005E+1
-1.849477E+1
-1.319101E+1
-1.141966E+1
-1.040389E+1
-9.773258E+0
-9.396938E+0
-9.192608E+0
-9.104408E+0
-9.104408E+0
-9.148508E+0
-9.177908E+0
-9.192608E+0
-9.148508E+0
-9.104408E+0
-9.075008E+0
-9.089708E+0
-9.177908E+0
-9.363128E+0
-9.658598E+0
-1.010989E+1
-1.071259E+1
-1.154902E+1
-1.268680E+1
-1.411858E+1
-1.522843E+1
-1.460368E+1
-1.292494E+1
-1.141966E+1
-1.027747E+1
-9.413108E+0
-8.772188E+0
-8.297378E+0
-7.966628E+0
-7.771118E+0
-7.687328E+0
-7.716728E+0
-7.841678E+0
-8.062178E+0
-8.367938E+0
-8.735438E+0
-9.163208E+0
-9.676238E+0
-1.027747E+1
-1.103746E+1
-1.204441E+1
-1.397893E+1
-2.000005E+1
-2.000005E+1
-2.000005E+1
-2.000005E+1
-2.000005E+1
-2.000005E+1
-2.000005E+1
-2.000005E+1
-2.000005E+1
-2.000005E+1
-2.000005E+1
-2.000005E+1
-2.000005E+1
-2.000005E+1
-2.000005E+1
-2.000005E+1
-2.000005E+1
-2.000005E+1
-2.000005E+1
-2.000005E+1
-2.000005E+1
-2.000005E+1
-2.000005E+1
-2.000005E+1
-2.000005E+1
-2.000005E+1
-2.000005E+1
-2.000005E+1
-2.000005E+1
-2.000005E+1
-2.000005E+1
-2.000005E+1
-2.000005E+1
-1.163869E+1
-1.004374E+1
-9.148508E+0
-8.570798E+0
-8.181248E+0
-7.941638E+0
-7.810808E+0
-7.754948E+0
-7.771118E+0
-7.834328E+0
-7.923998E+0
-8.035718E+0
-8.134208E+0
-8.228288E+0
-8.306198E+0
-8.388518E+0
-8.482598E+0
-8.560508E+0
-8.639888E+0
-8.675168E+0
-8.663408E+0
-8.594318E+0
-8.462018E+0
-8.306198E+0
-8.134208E+0
-7.991618E+0
-7.899008E+0
-7.857848E+0
-7.891658E+0
-7.975448E+0
-8.134208E+0
-8.367938E+0
-8.675168E+0
-9.075008E+0
-9.602738E+0
-1.032745E+1
-1.146082E+1
-1.411858E+1
-2.000005E+1
-2.000005E+1
-2.000005E+1
-2.000005E+1
-2.000005E+1
-2.000005E+1
-2.000005E+1
-2.000005E+1
-2.000005E+1
-2.000005E+1
-2.000005E+1
-2.000005E+1
-2.000005E+1
-2.000005E+1
-2.000005E+1
-2.000005E+1
-2.000005E+1
-2.000005E+1
-2.000005E+1
-2.000005E+1
-2.000005E+1
-2.000005E+1
-1.372315E+1
-1.193563E+1
-1.107274E+1
-1.056706E+1
-1.025248E+1
-1.010989E+1
-1.004374E+1
-1.008784E+1
-1.015693E+1
-1.027747E+1
-1.037743E+1
-1.051120E+1
-1.074346E+1
-1.107274E+1
-1.163869E+1
-1.268680E+1
-1.610896E+1
-2.000005E+1
-2.000005E+1
-2.000005E+1
-2.000005E+1
-2.000005E+1
-2.000005E+1
-2.000005E+1
-2.000005E+1
-2.000005E+1
-2.000005E+1
-2.000005E+1
-2.000005E+1
-2.000005E+1
-2.000005E+1
-2.000005E+1
-2.000005E+1
-2.000005E+1
-2.000005E+1
-2.000005E+1
-2.000005E+1
-2.000005E+1
-2.000005E+1
-2.000005E+1
-2.000005E+1
-2.000005E+1
-2.000005E+1
-2.000005E+1
-2.000005E+1
-2.000005E+1
-2.000005E+1
-2.000005E+1
-2.000005E+1
-2.000005E+1
-2.000005E+1
-2.000005E+1
-2.000005E+1
-2.000005E+1
-2.000005E+1
-2.000005E+1
-2.000005E+1
-2.000005E+1
-2.000005E+1
-2.000005E+1
-2.000005E+1
-2.000005E+1
-2.000005E+1
-2.000005E+1
-1.849477E+1
-1.338799E+1
-1.204441E+1
-1.125796E+1
-1.071259E+1
-1.030099E+1
-9.999638E+0
-9.811478E+0
-9.714458E+0
-9.733568E+0
-9.873218E+0
-1.018045E+1
-1.071259E+1
-1.159312E+1
-1.338799E+1
-2.000005E+1
-2.000005E+1
-2.000005E+1
-2.000005E+1
-2.000005E+1
-2.000005E+1
-2.000005E+1
-2.000005E+1
-2.000005E+1
-2.000005E+1
-2.000005E+1
-2.000005E+1
-1.761424E+1
-1.276324E+1
-1.141966E+1
-1.068319E+1
-1.015693E+1
-9.792368E+0
-9.532178E+0
-9.379298E+0
-9.299918E+0
-9.299918E+0
-9.396938E+0
-9.585098E+0
-9.893798E+0
-1.035244E+1
-1.100218E+1
-1.193563E+1
-1.360555E+1
-2.000005E+1
-2.000005E+1
-2.000005E+1
-2.000005E+1
-2.000005E+1
-2.000005E+1
-2.000005E+1
-2.000005E+1
-2.000005E+1
-1.221787E+1
-1.032745E+1
-9.330788E+0
-8.722208E+0
-8.357648E+0
-8.162138E+0
-8.107748E+0
-8.170958E+0
-8.316488E+0
-8.504648E+0
-8.686928E+0
-8.808938E+0
-8.822168E+0
-8.735438E+0
-8.570798E+0
-8.367938E+0
-8.170958E+0
-8.000438E+0
-7.891658E+0
-7.834328E+0
-7.850498E+0
-7.948988E+0
-8.143028E+0
-8.462018E+0
-8.951528E+0
-9.695348E+0
-1.093456E+1
-1.411858E+1
-2.000005E+1
-2.000005E+1
-2.000005E+1
-2.000005E+1
-2.000005E+1
-2.000005E+1
-2.000005E+1
-2.000005E+1
-2.000005E+1
