Date/Time	2022-06-12 16:01:55
Line location	1
Line name	A1
OTDR wavelength [nm]	1550
OTDR pulse duration [ns]	2
OTDR scan time [s]	10
OTDR scan length [m]	1.500000E+2
Length offset [m]	0.000000E+0
Length increment [m]	3.996806E-2
Switch ID	VIAVI Solutions,OTU 8000E,11654,FO,16.76
OTDR ID	JDSU,OTU 8000E,11654,OTU(SmartOTU),V7.22

Reflected amplitude [dB]
9.347520E-1
9.200520E-1
8.686020E-1
7.921620E-1
7.171920E-1
6.510420E-1
5.966520E-1
5.554920E-1
5.349120E-1
5.569620E-1
6.422220E-1
7.965720E-1
9.759120E-1
1.146432E+0
1.291962E+0
1.406622E+0
1.493352E+0
1.555092E+0
1.600662E+0
1.627122E+0
1.624182E+0
1.580082E+0
1.494822E+0
1.386042E+0
1.275792E+0
1.167012E+0
1.042062E+0
8.980020E-1
7.480620E-1
6.054720E-1
4.775820E-1
3.570420E-1
2.482620E-1
1.556520E-1
8.215200E-2
2.188200E-2
-2.515800E-2
-6.484800E-2
-9.718800E-2
-1.236480E-1
-1.456980E-1
-1.648080E-1
-1.795080E-1
-1.912680E-1
-2.015580E-1
-2.089080E-1
-2.133180E-1
-2.177280E-1
-2.206680E-1
-2.236080E-1
-2.265480E-1
-2.294880E-1
-2.353680E-1
-2.427180E-1
-2.515380E-1
-2.618280E-1
-2.721180E-1
-2.838780E-1
-2.956380E-1
-3.073980E-1
-3.191580E-1
-3.309180E-1
-3.412080E-1
-3.514980E-1
-3.603180E-1
-3.676680E-1
-3.720780E-1
-3.750180E-1
-3.764880E-1
-3.735480E-1
-3.661980E-1
-3.544380E-1
-3.397380E-1
-3.206280E-1
-2.971080E-1
-2.706480E-1
-2.441880E-1
-2.177280E-1
-1.927380E-1
-1.721580E-1
-1.559880E-1
-1.442280E-1
-1.398180E-1
-1.398180E-1
-1.456980E-1
-1.559880E-1
-1.692180E-1
-1.853880E-1
-2.030280E-1
-2.221380E-1
-2.427180E-1
-2.647680E-1
-2.868180E-1
-3.088680E-1
-3.309180E-1
-3.529680E-1
-3.720780E-1
-3.897180E-1
-4.058880E-1
-4.191180E-1
-4.294080E-1
-4.367580E-1
-4.426380E-1
-4.455780E-1
-4.470480E-1
-4.470480E-1
-4.470480E-1
-4.455780E-1
-4.441080E-1
-4.441080E-1
-4.441080E-1
-4.455780E-1
-4.485180E-1
-4.514580E-1
-4.558680E-1
-4.602780E-1
-4.646880E-1
-4.661580E-1
-4.676280E-1
-4.690980E-1
-4.676280E-1
-4.661580E-1
-4.632180E-1
-4.617480E-1
-4.602780E-1
-4.602780E-1
-4.602780E-1
-4.617480E-1
-4.632180E-1
-4.661580E-1
-4.661580E-1
-4.676280E-1
-4.676280E-1
-4.676280E-1
-4.661580E-1
-4.661580E-1
-4.661580E-1
-4.676280E-1
-4.705680E-1
-4.735080E-1
-4.764480E-1
-4.823280E-1
-4.867380E-1
-4.926180E-1
-4.970280E-1
-4.088280E-1
1.600200E-2
8.921220E-1
2.035782E+0
3.213252E+0
4.292232E+0
5.224212E+0
6.004782E+0
6.654522E+0
7.195482E+0
7.640892E+0
7.995162E+0
8.268582E+0
8.464092E+0
8.590512E+0
8.650782E+0
8.655192E+0
8.603742E+0
8.500842E+0
8.347962E+0
8.145102E+0
7.896672E+0
7.604142E+0
7.268982E+0
6.894132E+0
6.482532E+0
6.038592E+0
5.569662E+0
5.081622E+0
4.583292E+0
4.083492E+0
3.593982E+0
3.132402E+0
2.713452E+0
2.347422E+0
2.034312E+0
1.771182E+0
1.558032E+0
1.384572E+0
1.222872E+0
1.053822E+0
8.847720E-1
7.230720E-1
5.701920E-1
4.187820E-1
2.703120E-1
1.306620E-1
8.652000E-3
-9.424800E-2
-1.780380E-1
-2.456580E-1
-2.985780E-1
-3.426780E-1
-3.779580E-1
-4.058880E-1
-4.264680E-1
-4.441080E-1
-4.558680E-1
-4.632180E-1
-4.676280E-1
-4.705680E-1
-4.720380E-1
-4.705680E-1
-4.690980E-1
-4.676280E-1
-4.676280E-1
-4.661580E-1
-4.661580E-1
-4.661580E-1
-4.646880E-1
-4.646880E-1
-4.632180E-1
-4.617480E-1
-4.588080E-1
-4.543980E-1
-4.499880E-1
-4.455780E-1
-4.396980E-1
-4.338180E-1
-4.264680E-1
-4.220580E-1
-4.176480E-1
-4.132380E-1
-4.132380E-1
-4.132380E-1
-4.147080E-1
-4.191180E-1
-4.235280E-1
-4.279380E-1
-4.308780E-1
-4.352880E-1
-4.382280E-1
-4.396980E-1
-4.426380E-1
-4.441080E-1
-4.470480E-1
-4.499880E-1
-4.543980E-1
-4.573380E-1
-4.602780E-1
-4.632180E-1
-4.646880E-1
-4.661580E-1
-4.646880E-1
-4.632180E-1
-4.602780E-1
-4.558680E-1
-4.529280E-1
-4.485180E-1
-4.455780E-1
-4.441080E-1
-4.426380E-1
-4.441080E-1
-4.485180E-1
-4.529280E-1
-4.588080E-1
-4.646880E-1
-4.705680E-1
-4.749780E-1
-4.793880E-1
-4.823280E-1
-4.837980E-1
-4.837980E-1
-4.837980E-1
-4.823280E-1
-4.808580E-1
-4.793880E-1
-4.779180E-1
-4.764480E-1
-4.749780E-1
-4.720380E-1
-4.690980E-1
-4.661580E-1
-4.632180E-1
-4.588080E-1
-4.529280E-1
-4.470480E-1
-4.396980E-1
-4.323480E-1
-4.249980E-1
-4.176480E-1
-4.117680E-1
-4.073580E-1
-4.029480E-1
-4.000080E-1
-4.000080E-1
-4.029480E-1
-4.058880E-1
-4.117680E-1
-4.176480E-1
-4.264680E-1
-4.338180E-1
-4.411680E-1
-4.470480E-1
-4.514580E-1
-4.558680E-1
-4.573380E-1
-4.588080E-1
-4.602780E-1
-4.602780E-1
-4.602780E-1
-4.602780E-1
-4.588080E-1
-4.588080E-1
-4.573380E-1
-4.543980E-1
-4.514580E-1
-4.485180E-1
-4.455780E-1
-4.426380E-1
-4.411680E-1
-4.382280E-1
-4.382280E-1
-4.367580E-1
-4.382280E-1
-4.396980E-1
-4.426380E-1
-4.455780E-1
-4.499880E-1
-4.558680E-1
-4.602780E-1
-4.661580E-1
-4.720380E-1
-4.764480E-1
-4.823280E-1
-4.867380E-1
-4.911480E-1
-4.955580E-1
-4.984980E-1
-5.014380E-1
-5.014380E-1
-5.014380E-1
-4.984980E-1
-4.926180E-1
-4.852680E-1
-4.764480E-1
-4.661580E-1
-4.529280E-1
-4.396980E-1
-4.264680E-1
-4.132380E-1
-4.014780E-1
-3.911880E-1
-3.823680E-1
-3.750180E-1
-3.691380E-1
-3.632580E-1
-3.588480E-1
-3.544380E-1
-3.500280E-1
-3.470880E-1
-3.456180E-1
-3.441480E-1
-3.456180E-1
-3.500280E-1
-3.573780E-1
-3.676680E-1
-3.794280E-1
-3.941280E-1
-4.088280E-1
-4.235280E-1
-4.367580E-1
-4.470480E-1
-4.558680E-1
-4.602780E-1
-4.617480E-1
-4.617480E-1
-4.588080E-1
-4.558680E-1
-4.529280E-1
-4.485180E-1
-4.441080E-1
-4.411680E-1
-4.367580E-1
-4.338180E-1
-4.308780E-1
-4.308780E-1
-4.308780E-1
-4.323480E-1
-4.367580E-1
-4.411680E-1
-4.470480E-1
-4.529280E-1
-4.602780E-1
-4.661580E-1
-4.720380E-1
-4.779180E-1
-4.837980E-1
-4.882080E-1
-4.926180E-1
-4.940880E-1
-4.940880E-1
-4.926180E-1
-4.882080E-1
-4.837980E-1
-4.793880E-1
-4.735080E-1
-4.690980E-1
-4.646880E-1
-4.602780E-1
-4.573380E-1
-4.514580E-1
-4.455780E-1
-4.367580E-1
-4.279380E-1
-4.176480E-1
-4.073580E-1
-3.985380E-1
-3.911880E-1
-3.853080E-1
-3.808980E-1
-3.779580E-1
-3.779580E-1
-3.779580E-1
-3.808980E-1
-3.838380E-1
-3.882480E-1
-3.926580E-1
-4.000080E-1
-4.073580E-1
-4.161780E-1
-4.264680E-1
-4.367580E-1
-4.485180E-1
-4.602780E-1
-4.720380E-1
-4.823280E-1
-4.911480E-1
-4.984980E-1
-5.029080E-1
-5.058480E-1
-5.058480E-1
-5.043780E-1
-4.999680E-1
-4.955580E-1
-4.911480E-1
-4.867380E-1
-4.823280E-1
-4.808580E-1
-4.793880E-1
-4.793880E-1
-4.793880E-1
-4.808580E-1
-4.823280E-1
-4.837980E-1
-4.837980E-1
-4.823280E-1
-4.808580E-1
-4.779180E-1
-4.735080E-1
-4.705680E-1
-4.661580E-1
-4.632180E-1
-4.602780E-1
-4.602780E-1
-4.588080E-1
-4.588080E-1
-4.588080E-1
-4.588080E-1
-4.588080E-1
-4.558680E-1
-4.529280E-1
-4.485180E-1
-4.426380E-1
-4.382280E-1
-4.338180E-1
-4.294080E-1
-4.264680E-1
-4.249980E-1
-4.249980E-1
-4.249980E-1
-4.264680E-1
-4.279380E-1
-4.294080E-1
-4.308780E-1
-4.308780E-1
-4.323480E-1
-4.352880E-1
-4.352880E-1
-4.382280E-1
-4.382280E-1
-4.396980E-1
-4.396980E-1
-4.396980E-1
-4.367580E-1
-4.352880E-1
-4.323480E-1
-4.308780E-1
-4.294080E-1
-4.279380E-1
-4.264680E-1
-4.279380E-1
-4.294080E-1
-4.323480E-1
-4.367580E-1
-4.411680E-1
-4.455780E-1
-4.514580E-1
-4.558680E-1
-4.617480E-1
-4.661580E-1
-4.705680E-1
-4.749780E-1
-4.779180E-1
-4.793880E-1
-4.808580E-1
-4.823280E-1
-4.823280E-1
-4.823280E-1
-4.823280E-1
-4.823280E-1
-4.823280E-1
-4.808580E-1
-4.793880E-1
-4.779180E-1
-4.749780E-1
-4.720380E-1
-4.676280E-1
-4.646880E-1
-4.602780E-1
-4.573380E-1
-4.558680E-1
-4.543980E-1
-4.543980E-1
-4.543980E-1
-4.543980E-1
-4.543980E-1
-4.543980E-1
-4.529280E-1
-4.514580E-1
-4.499880E-1
-4.485180E-1
-4.455780E-1
-4.441080E-1
-4.426380E-1
-4.426380E-1
-4.411680E-1
-4.396980E-1
-4.382280E-1
-4.382280E-1
-4.367580E-1
-4.352880E-1
-4.352880E-1
-4.367580E-1
-4.382280E-1
-4.411680E-1
-4.441080E-1
-4.470480E-1
-4.499880E-1
-4.529280E-1
-4.573380E-1
-4.602780E-1
-4.646880E-1
-4.690980E-1
-4.749780E-1
-4.808580E-1
-4.882080E-1
-4.940880E-1
-5.014380E-1
-5.087880E-1
-5.146680E-1
-5.220180E-1
-5.278980E-1
-5.323080E-1
-5.381880E-1
-5.411280E-1
-5.440680E-1
-5.440680E-1
-5.440680E-1
-5.411280E-1
-5.367180E-1
-5.293680E-1
-5.220180E-1
-5.131980E-1
-5.029080E-1
-4.926180E-1
-4.823280E-1
-4.735080E-1
-4.646880E-1
-4.573380E-1
-4.514580E-1
-4.470480E-1
-4.441080E-1
-4.426380E-1
-4.411680E-1
-4.411680E-1
-4.411680E-1
-4.396980E-1
-4.382280E-1
-4.338180E-1
-4.294080E-1
-4.249980E-1
-4.176480E-1
-4.102980E-1
-4.029480E-1
-3.941280E-1
-3.867780E-1
-3.794280E-1
-3.735480E-1
-3.676680E-1
-3.647280E-1
-3.617880E-1
-3.603180E-1
-3.603180E-1
-3.617880E-1
-3.647280E-1
-3.661980E-1
-3.691380E-1
-3.720780E-1
-3.764880E-1
-3.823680E-1
-3.882480E-1
-3.941280E-1
-4.029480E-1
-4.102980E-1
-4.191180E-1
-4.264680E-1
-4.308780E-1
-4.352880E-1
-4.367580E-1
-4.367580E-1
-4.338180E-1
-4.308780E-1
-4.264680E-1
-4.220580E-1
-4.205880E-1
-4.191180E-1
-4.191180E-1
-4.205880E-1
-4.220580E-1
-4.249980E-1
-4.279380E-1
-4.308780E-1
-4.338180E-1
-4.352880E-1
-4.352880E-1
-4.367580E-1
-4.352880E-1
-4.352880E-1
-4.352880E-1
-4.352880E-1
-4.352880E-1
-4.367580E-1
-4.382280E-1
-4.411680E-1
-4.426380E-1
-4.455780E-1
-4.485180E-1
-4.514580E-1
-4.529280E-1
-4.543980E-1
-4.558680E-1
-4.558680E-1
-4.558680E-1
-4.573380E-1
-4.573380E-1
-4.588080E-1
-4.588080E-1
-4.602780E-1
-4.588080E-1
-4.573380E-1
-4.543980E-1
-4.499880E-1
-4.441080E-1
-4.382280E-1
-4.323480E-1
-4.279380E-1
-4.235280E-1
-4.205880E-1
-4.205880E-1
-4.205880E-1
-4.235280E-1
-4.279380E-1
-4.323480E-1
-4.367580E-1
-4.426380E-1
-4.485180E-1
-4.543980E-1
-4.602780E-1
-4.661580E-1
-4.720380E-1
-4.764480E-1
-4.823280E-1
-4.882080E-1
-4.940880E-1
-4.999680E-1
-5.043780E-1
-5.073180E-1
-5.087880E-1
-5.087880E-1
-5.058480E-1
-5.014380E-1
-4.970280E-1
-4.896780E-1
-4.837980E-1
-4.764480E-1
-4.720380E-1
-4.676280E-1
-4.632180E-1
-4.602780E-1
-4.588080E-1
-4.558680E-1
-4.529280E-1
-4.514580E-1
-4.485180E-1
-4.455780E-1
-4.455780E-1
-4.441080E-1
-4.455780E-1
-4.470480E-1
-4.485180E-1
-4.514580E-1
-4.543980E-1
-4.558680E-1
-4.573380E-1
-4.573380E-1
-4.588080E-1
-4.602780E-1
-4.632180E-1
-4.661580E-1
-4.720380E-1
-4.779180E-1
-4.852680E-1
-4.926180E-1
-4.999680E-1
-5.058480E-1
-5.102580E-1
-5.146680E-1
-5.161380E-1
-5.161380E-1
-5.161380E-1
-5.146680E-1
-5.117280E-1
-5.102580E-1
-5.087880E-1
-5.073180E-1
-5.058480E-1
-5.043780E-1
-5.029080E-1
-4.999680E-1
-4.970280E-1
-4.911480E-1
-4.867380E-1
-4.808580E-1
-4.764480E-1
-4.735080E-1
-4.720380E-1
-4.749780E-1
-4.793880E-1
-4.852680E-1
-4.926180E-1
-5.014380E-1
-5.102580E-1
-5.161380E-1
-5.234880E-1
-5.278980E-1
-5.293680E-1
-5.308380E-1
-5.308380E-1
-5.278980E-1
-5.249580E-1
-5.190780E-1
-5.146680E-1
-5.087880E-1
-5.043780E-1
-4.984980E-1
-4.955580E-1
-4.926180E-1
-4.911480E-1
-4.896780E-1
-4.882080E-1
-4.867380E-1
-4.852680E-1
-4.808580E-1
-4.764480E-1
-4.705680E-1
-4.632180E-1
-4.573380E-1
-4.514580E-1
-4.470480E-1
-4.441080E-1
-4.441080E-1
-4.455780E-1
-4.485180E-1
-4.529280E-1
-4.573380E-1
-4.632180E-1
-4.661580E-1
-4.690980E-1
-4.705680E-1
-4.705680E-1
-4.705680E-1
-4.690980E-1
-4.661580E-1
-4.646880E-1
-4.632180E-1
-4.602780E-1
-4.588080E-1
-4.558680E-1
-4.529280E-1
-4.499880E-1
-4.470480E-1
-4.441080E-1
-4.441080E-1
-4.441080E-1
-4.455780E-1
-4.470480E-1
-4.514580E-1
-4.543980E-1
-4.573380E-1
-4.617480E-1
-4.661580E-1
-4.690980E-1
-4.735080E-1
-4.764480E-1
-4.808580E-1
-4.837980E-1
-4.867380E-1
-4.896780E-1
-4.911480E-1
-4.926180E-1
-4.926180E-1
-4.926180E-1
-4.911480E-1
-4.911480E-1
-4.896780E-1
-4.882080E-1
-4.867380E-1
-4.852680E-1
-4.837980E-1
-4.837980E-1
-4.837980E-1
-4.837980E-1
-4.852680E-1
-4.852680E-1
-4.852680E-1
-4.852680E-1
-4.837980E-1
-4.823280E-1
-4.793880E-1
-4.749780E-1
-4.705680E-1
-4.676280E-1
-4.646880E-1
-4.617480E-1
-4.602780E-1
-4.602780E-1
-4.602780E-1
-4.602780E-1
-4.602780E-1
-4.602780E-1
-4.602780E-1
-4.588080E-1
-4.573380E-1
-4.543980E-1
-4.529280E-1
-4.499880E-1
-4.485180E-1
-4.470480E-1
-4.455780E-1
-4.426380E-1
-4.411680E-1
-4.396980E-1
-4.382280E-1
-4.352880E-1
-4.338180E-1
-4.323480E-1
-4.323480E-1
-4.308780E-1
-4.308780E-1
-4.323480E-1
-4.338180E-1
-4.367580E-1
-4.396980E-1
-4.426380E-1
-4.455780E-1
-4.499880E-1
-4.529280E-1
-4.573380E-1
-4.617480E-1
-4.646880E-1
-4.676280E-1
-4.705680E-1
-4.720380E-1
-4.735080E-1
-4.735080E-1
-4.735080E-1
-4.735080E-1
-4.720380E-1
-4.720380E-1
-4.720380E-1
-4.735080E-1
-4.749780E-1
-4.793880E-1
-4.837980E-1
-4.896780E-1
-4.940880E-1
-4.999680E-1
-5.043780E-1
-5.073180E-1
-5.087880E-1
-5.073180E-1
-5.058480E-1
-5.014380E-1
-4.955580E-1
-4.867380E-1
-4.779180E-1
-4.690980E-1
-4.588080E-1
-4.514580E-1
-4.441080E-1
-4.396980E-1
-4.382280E-1
-4.396980E-1
-4.441080E-1
-4.499880E-1
-4.558680E-1
-4.632180E-1
-4.690980E-1
-4.735080E-1
-4.764480E-1
-4.749780E-1
-4.735080E-1
-4.676280E-1
-4.632180E-1
-4.573380E-1
-4.514580E-1
-4.470480E-1
-4.441080E-1
-4.411680E-1
-4.411680E-1
-4.411680E-1
-4.426380E-1
-4.441080E-1
-4.470480E-1
-4.499880E-1
-4.543980E-1
-4.588080E-1
-4.646880E-1
-4.690980E-1
-4.749780E-1
-4.793880E-1
-4.852680E-1
-4.896780E-1
-4.926180E-1
-4.955580E-1
-4.984980E-1
-5.014380E-1
-5.029080E-1
-5.058480E-1
-5.073180E-1
-5.073180E-1
-5.073180E-1
-5.058480E-1
-5.014380E-1
-4.955580E-1
-4.882080E-1
-4.779180E-1
-4.661580E-1
-4.543980E-1
-4.441080E-1
-4.352880E-1
-4.279380E-1
-4.220580E-1
-4.205880E-1
-4.205880E-1
-4.235280E-1
-4.294080E-1
-4.352880E-1
-4.441080E-1
-4.529280E-1
-4.617480E-1
-4.705680E-1
-4.793880E-1
-4.867380E-1
-4.940880E-1
-4.999680E-1
-5.058480E-1
-5.102580E-1
-5.146680E-1
-5.190780E-1
-5.234880E-1
-5.264280E-1
-5.308380E-1
-5.352480E-1
-5.396580E-1
-5.425980E-1
-5.470080E-1
-5.484780E-1
-5.499480E-1
-5.484780E-1
-5.455380E-1
-5.396580E-1
-5.323080E-1
-5.249580E-1
-5.161380E-1
-5.073180E-1
-4.970280E-1
-4.896780E-1
-4.808580E-1
-4.749780E-1
-4.676280E-1
-4.632180E-1
-4.573380E-1
-4.529280E-1
-4.499880E-1
-4.485180E-1
-4.470480E-1
-4.455780E-1
-4.455780E-1
-4.470480E-1
-4.499880E-1
-4.514580E-1
-4.543980E-1
-4.573380E-1
-4.602780E-1
-4.617480E-1
-4.632180E-1
-4.632180E-1
-4.646880E-1
-4.646880E-1
-4.661580E-1
-4.676280E-1
-4.735080E-1
-4.808580E-1
-4.926180E-1
-5.073180E-1
-5.264280E-1
-5.484780E-1
-5.734680E-1
-6.013980E-1
-6.307980E-1
-6.631380E-1
-6.969480E-1
-7.322280E-1
-7.689780E-1
-8.057280E-1
-8.424780E-1
-8.792280E-1
-9.145080E-1
-9.468480E-1
-9.762480E-1
-1.002708E+0
-1.023288E+0
-1.039458E+0
-1.052688E+0
-1.060038E+0
-1.064448E+0
-1.067388E+0
-1.067388E+0
-1.068858E+0
-1.070328E+0
-1.074738E+0
-1.080618E+0
-1.089438E+0
-1.101198E+0
-1.114428E+0
-1.129128E+0
-1.143828E+0
-1.158528E+0
-1.173228E+0
-1.186458E+0
-1.198218E+0
-1.208508E+0
-1.218798E+0
-1.227618E+0
-1.236438E+0
-1.245258E+0
-1.254078E+0
-1.261428E+0
-1.268778E+0
-1.274658E+0
-1.277598E+0
-1.280538E+0
-1.280538E+0
-1.277598E+0
-1.273188E+0
-1.268778E+0
-1.264368E+0
-1.259958E+0
-1.257018E+0
-1.257018E+0
-1.258488E+0
-1.262898E+0
-1.268778E+0
-1.274658E+0
-1.282008E+0
-1.287888E+0
-1.293768E+0
-1.298178E+0
-1.301118E+0
-1.302588E+0
-1.304058E+0
-1.302588E+0
-1.301118E+0
-1.298178E+0
-1.295238E+0
-1.292298E+0
-1.289358E+0
-1.287888E+0
-1.289358E+0
-1.290828E+0
-1.296708E+0
-1.302588E+0
-1.312878E+0
-1.323168E+0
-1.334928E+0
-1.345218E+0
-1.355508E+0
-1.362858E+0
-1.367268E+0
-1.370208E+0
-1.370208E+0
-1.368738E+0
-1.367268E+0
-1.365798E+0
-1.367268E+0
-1.368738E+0
-1.373148E+0
-1.380498E+0
-1.389318E+0
-1.399608E+0
-1.409898E+0
-1.420188E+0
-1.429008E+0
-1.436358E+0
-1.442238E+0
-1.445178E+0
-1.445178E+0
-1.442238E+0
-1.437828E+0
-1.433418E+0
-1.427538E+0
-1.421658E+0
-1.415778E+0
-1.409898E+0
-1.404018E+0
-1.398138E+0
-1.393728E+0
-1.387848E+0
-1.383438E+0
-1.380498E+0
-1.379028E+0
-1.379028E+0
-1.380498E+0
-1.384908E+0
-1.389318E+0
-1.396668E+0
-1.404018E+0
-1.412838E+0
-1.421658E+0
-1.431948E+0
-1.442238E+0
-1.452528E+0
-1.462818E+0
-1.470168E+0
-1.477518E+0
-1.481928E+0
-1.483398E+0
-1.481928E+0
-1.480458E+0
-1.476048E+0
-1.470168E+0
-1.465758E+0
-1.461348E+0
-1.456938E+0
-1.453998E+0
-1.452528E+0
-1.449588E+0
-1.448118E+0
-1.446648E+0
-1.446648E+0
-1.448118E+0
-1.451058E+0
-1.453998E+0
-1.461348E+0
-1.470168E+0
-1.481928E+0
-1.495158E+0
-1.506918E+0
-1.520148E+0
-1.530438E+0
-1.539258E+0
-1.546608E+0
-1.551018E+0
-1.555428E+0
-1.558368E+0
-1.559838E+0
-1.562778E+0
-1.564248E+0
-1.568658E+0
-1.571598E+0
-1.576008E+0
-1.581888E+0
-1.587768E+0
-1.593648E+0
-1.599528E+0
-1.605408E+0
-1.609818E+0
-1.614228E+0
-1.617168E+0
-1.620108E+0
-1.620108E+0
-1.620108E+0
-1.617168E+0
-1.615698E+0
-1.612758E+0
-1.609818E+0
-1.606878E+0
-1.605408E+0
-1.605408E+0
-1.606878E+0
-1.608348E+0
-1.611288E+0
-1.615698E+0
-1.620108E+0
-1.624518E+0
-1.630398E+0
-1.636278E+0
-1.642158E+0
-1.646568E+0
-1.649508E+0
-1.653918E+0
-1.655388E+0
-1.659798E+0
-1.662738E+0
-1.668618E+0
-1.674498E+0
-1.684788E+0
-1.696548E+0
-1.711248E+0
-1.727418E+0
-1.745058E+0
-1.761228E+0
-1.775928E+0
-1.789158E+0
-1.797978E+0
-1.803858E+0
-1.805328E+0
-1.802388E+0
-1.797978E+0
-1.793568E+0
-1.787688E+0
-1.783278E+0
-1.778868E+0
-1.777398E+0
-1.775928E+0
-1.774458E+0
-1.774458E+0
-1.775928E+0
-1.777398E+0
-1.778868E+0
-1.781808E+0
-1.786218E+0
-1.790628E+0
-1.796508E+0
-1.803858E+0
-1.809738E+0
-1.815618E+0
-1.820028E+0
-1.822968E+0
-1.825908E+0
-1.827378E+0
-1.828848E+0
-1.831788E+0
-1.836198E+0
-1.840608E+0
-1.847958E+0
-1.855308E+0
-1.862658E+0
-1.868538E+0
-1.874418E+0
-1.877358E+0
-1.878828E+0
-1.877358E+0
-1.875888E+0
-1.874418E+0
-1.871478E+0
-1.870008E+0
-1.868538E+0
-1.868538E+0
-1.868538E+0
-1.868538E+0
-1.870008E+0
-1.870008E+0
-1.871478E+0
-1.871478E+0
-1.871478E+0
-1.872948E+0
-1.874418E+0
-1.875888E+0
-1.878828E+0
-1.883238E+0
-1.889118E+0
-1.894998E+0
-1.903818E+0
-1.912638E+0
-1.921458E+0
-1.928808E+0
-1.934688E+0
-1.939098E+0
-1.939098E+0
-1.937628E+0
-1.934688E+0
-1.931748E+0
-1.927338E+0
-1.924398E+0
-1.921458E+0
-1.919988E+0
-1.918518E+0
-1.915578E+0
-1.912638E+0
-1.911168E+0
-1.908228E+0
-1.908228E+0
-1.908228E+0
-1.911168E+0
-1.917048E+0
-1.925868E+0
-1.936158E+0
-1.946448E+0
-1.956738E+0
-1.967028E+0
-1.975848E+0
-1.983198E+0
-1.987608E+0
-1.990548E+0
-1.993488E+0
-1.994958E+0
-1.994958E+0
-1.993488E+0
-1.993488E+0
-1.994958E+0
-1.996428E+0
-1.999368E+0
-2.002308E+0
-2.006718E+0
-2.011128E+0
-2.014068E+0
-2.015538E+0
-2.017008E+0
-2.018478E+0
-2.018478E+0
-2.019948E+0
-2.022888E+0
-2.027298E+0
-2.034648E+0
-2.043468E+0
-2.056698E+0
-2.071398E+0
-2.086098E+0
-2.103738E+0
-2.119908E+0
-2.134608E+0
-2.147838E+0
-2.158128E+0
-2.164008E+0
-2.166948E+0
-2.164008E+0
-2.156658E+0
-2.147838E+0
-2.137548E+0
-2.127258E+0
-2.119908E+0
-2.115498E+0
-2.115498E+0
-2.119908E+0
-2.127258E+0
-2.137548E+0
-2.147838E+0
-2.159598E+0
-2.168418E+0
-2.174298E+0
-2.175768E+0
-2.175768E+0
-2.171358E+0
-2.165478E+0
-2.158128E+0
-2.150778E+0
-2.144898E+0
-2.141958E+0
-2.140488E+0
-2.139018E+0
-2.140488E+0
-2.140488E+0
-2.141958E+0
-2.143428E+0
-2.143428E+0
-2.141958E+0
-2.140488E+0
-2.139018E+0
-2.137548E+0
-2.136078E+0
-2.136078E+0
-2.139018E+0
-2.143428E+0
-2.150778E+0
-2.161068E+0
-2.172828E+0
-2.186058E+0
-2.199288E+0
-2.212518E+0
-2.225748E+0
-2.236038E+0
-2.246328E+0
-2.252208E+0
-2.256618E+0
-2.258088E+0
-2.259558E+0
-2.258088E+0
-2.256618E+0
-2.255148E+0
-2.253678E+0
-2.253678E+0
-2.255148E+0
-2.261028E+0
-2.269848E+0
-2.280138E+0
-2.291898E+0
-2.305128E+0
-2.318358E+0
-2.330118E+0
-2.341878E+0
-2.353638E+0
-2.366868E+0
-2.381568E+0
-2.397738E+0
-2.415378E+0
-2.430078E+0
-2.444778E+0
-2.455068E+0
-2.460948E+0
-2.462418E+0
-2.458008E+0
-2.449188E+0
-2.440368E+0
-2.431548E+0
-2.422728E+0
-2.415378E+0
-2.412438E+0
-2.410968E+0
-2.410968E+0
-2.412438E+0
-2.413908E+0
-2.415378E+0
-2.418318E+0
-2.419788E+0
-2.422728E+0
-2.425668E+0
-2.428608E+0
-2.430078E+0
-2.430078E+0
-2.428608E+0
-2.424198E+0
-2.415378E+0
-2.405088E+0
-2.393328E+0
-2.381568E+0
-2.371278E+0
-2.362458E+0
-2.358048E+0
-2.356578E+0
-2.358048E+0
-2.363928E+0
-2.372748E+0
-2.383038E+0
-2.394798E+0
-2.409498E+0
-2.424198E+0
-2.438898E+0
-2.455068E+0
-2.468298E+0
-2.481528E+0
-2.491818E+0
-2.497698E+0
-2.500638E+0
-2.500638E+0
-2.497698E+0
-2.493288E+0
-2.487408E+0
-2.481528E+0
-2.478588E+0
-2.475648E+0
-2.474178E+0
-2.474178E+0
-2.477118E+0
-2.482998E+0
-2.490348E+0
-2.502108E+0
-2.513868E+0
-2.528568E+0
-2.543268E+0
-2.556498E+0
-2.568258E+0
-2.577078E+0
-2.581488E+0
-2.582958E+0
-2.582958E+0
-2.580018E+0
-2.577078E+0
-2.572668E+0
-2.569728E+0
-2.568258E+0
-2.568258E+0
-2.568258E+0
-2.571198E+0
-2.575608E+0
-2.582958E+0
-2.593248E+0
-2.605008E+0
-2.619708E+0
-2.637348E+0
-2.653518E+0
-2.669688E+0
-2.682918E+0
-2.693208E+0
-2.697618E+0
-2.699088E+0
-2.696148E+0
-2.691738E+0
-2.682918E+0
-2.674098E+0
-2.663808E+0
-2.654988E+0
-2.644698E+0
-2.637348E+0
-2.629998E+0
-2.625588E+0
-2.624118E+0
-2.625588E+0
-2.627058E+0
-2.629998E+0
-2.629998E+0
-2.628528E+0
-2.622648E+0
-2.609418E+0
-2.593248E+0
-2.572668E+0
-2.552088E+0
-2.531508E+0
-2.513868E+0
-2.503578E+0
-2.500638E+0
-2.506518E+0
-2.519748E+0
-2.540328E+0
-2.566788E+0
-2.596188E+0
-2.627058E+0
-2.656458E+0
-2.682918E+0
-2.706438E+0
-2.727018E+0
-2.741718E+0
-2.752008E+0
-2.759358E+0
-2.762298E+0
-2.762298E+0
-2.760828E+0
-2.754948E+0
-2.747598E+0
-2.741718E+0
-2.737308E+0
-2.734368E+0
-2.734368E+0
-2.738778E+0
-2.746128E+0
-2.756418E+0
-2.769648E+0
-2.782878E+0
-2.794638E+0
-2.806398E+0
-2.815218E+0
-2.822568E+0
-2.825508E+0
-2.825508E+0
-2.824038E+0
-2.821098E+0
-2.815218E+0
-2.810808E+0
-2.804928E+0
-2.803458E+0
-2.801988E+0
-2.803458E+0
-2.807868E+0
-2.813748E+0
-2.822568E+0
-2.834328E+0
-2.846088E+0
-2.857848E+0
-2.868138E+0
-2.878428E+0
-2.884308E+0
-2.887248E+0
-2.884308E+0
-2.876958E+0
-2.868138E+0
-2.856378E+0
-2.846088E+0
-2.837268E+0
-2.832858E+0
-2.835798E+0
-2.844618E+0
-2.857848E+0
-2.878428E+0
-2.900478E+0
-2.923998E+0
-2.946048E+0
-2.968098E+0
-2.985738E+0
-3.001908E+0
-3.013668E+0
-3.023958E+0
-3.032778E+0
-3.040128E+0
-3.047478E+0
-3.053358E+0
-3.062178E+0
-3.069528E+0
-3.078348E+0
-3.088638E+0
-3.098928E+0
-3.107748E+0
-3.118038E+0
-3.125388E+0
-3.131268E+0
-3.135678E+0
-3.138618E+0
-3.138618E+0
-3.137148E+0
-3.134208E+0
-3.129798E+0
-3.125388E+0
-3.119508E+0
-3.112158E+0
-3.104808E+0
-3.095988E+0
-3.087168E+0
-3.079818E+0
-3.073938E+0
-3.069528E+0
-3.069528E+0
-3.072468E+0
-3.081288E+0
-3.091578E+0
-3.106278E+0
-3.120978E+0
-3.135678E+0
-3.148908E+0
-3.156258E+0
-3.162138E+0
-3.162138E+0
-3.159198E+0
-3.153318E+0
-3.145968E+0
-3.140088E+0
-3.134208E+0
-3.131268E+0
-3.131268E+0
-3.134208E+0
-3.138618E+0
-3.144498E+0
-3.150378E+0
-3.154788E+0
-3.157728E+0
-3.157728E+0
-3.153318E+0
-3.145968E+0
-3.137148E+0
-3.128328E+0
-3.120978E+0
-3.113628E+0
-3.110688E+0
-3.112158E+0
-3.116568E+0
-3.125388E+0
-3.134208E+0
-3.144498E+0
-3.153318E+0
-3.162138E+0
-3.169488E+0
-3.175368E+0
-3.181248E+0
-3.187128E+0
-3.194478E+0
-3.201828E+0
-3.209178E+0
-3.217998E+0
-3.226818E+0
-3.235638E+0
-3.242988E+0
-3.251808E+0
-3.259158E+0
-3.265038E+0
-3.272388E+0
-3.278268E+0
-3.285618E+0
-3.292968E+0
-3.300318E+0
-3.307668E+0
-3.315018E+0
-3.322368E+0
-3.329718E+0
-3.335598E+0
-3.338538E+0
-3.338538E+0
-3.334128E+0
-3.326778E+0
-3.316488E+0
-3.301788E+0
-3.287088E+0
-3.270918E+0
-3.253278E+0
-3.237108E+0
-3.222408E+0
-3.207708E+0
-3.197418E+0
-3.188598E+0
-3.181248E+0
-3.178308E+0
-3.176838E+0
-3.178308E+0
-3.181248E+0
-3.187128E+0
-3.194478E+0
-3.206238E+0
-3.217998E+0
-3.232698E+0
-3.245928E+0
-3.259158E+0
-3.267978E+0
-3.272388E+0
-3.272388E+0
-3.265038E+0
-3.253278E+0
-3.237108E+0
-3.222408E+0
-3.206238E+0
-3.193008E+0
-3.182718E+0
-3.175368E+0
-3.170958E+0
-3.169488E+0
-3.170958E+0
-3.175368E+0
-3.184188E+0
-3.198888E+0
-3.217998E+0
-3.244458E+0
-3.272388E+0
-3.301788E+0
-3.331188E+0
-3.353238E+0
-3.370878E+0
-3.378228E+0
-3.379698E+0
-3.375288E+0
-3.369408E+0
-3.360588E+0
-3.354708E+0
-3.348828E+0
-3.347358E+0
-3.348828E+0
-3.350298E+0
-3.350298E+0
-3.347358E+0
-3.338538E+0
-3.317958E+0
-3.288558E+0
-3.247398E+0
-3.197418E+0
-3.137148E+0
-3.057768E+0
-2.944578E+0
-2.809338E+0
-2.681448E+0
-2.577078E+0
-2.497698E+0
-2.440368E+0
-2.405088E+0
-2.393328E+0
-2.406558E+0
-2.447718E+0
-2.527098E+0
-2.665278E+0
-2.866668E+0
-3.119508E+0
-3.416448E+0
-3.756018E+0
-4.113228E+0
-4.468968E+0
-4.817358E+0
-5.165748E+0
-5.508258E+0
-5.852238E+0
-6.196218E+0
-6.544608E+0
-6.895938E+0
-7.253148E+0
-7.613298E+0
-7.991088E+0
-8.387988E+0
-8.821638E+0
-9.319968E+0
-9.927078E+0
-1.073264E+1
-1.198802E+1
-1.499858E+1
-2.088005E+1
-2.088005E+1
-2.088005E+1
-2.088005E+1
-2.088005E+1
-2.088005E+1
-2.088005E+1
-2.088005E+1
-2.088005E+1
-2.088005E+1
-2.088005E+1
-2.088005E+1
-2.088005E+1
-2.088005E+1
-2.088005E+1
-2.088005E+1
-2.088005E+1
-2.088005E+1
-2.088005E+1
-2.088005E+1
-2.088005E+1
-2.088005E+1
-2.088005E+1
-2.088005E+1
-2.088005E+1
-2.088005E+1
-2.088005E+1
-2.088005E+1
-1.531022E+1
-1.364324E+1
-1.281563E+1
-1.234082E+1
-1.198802E+1
-1.174841E+1
-1.165433E+1
-1.159259E+1
-1.165433E+1
-1.178222E+1
-1.206152E+1
-1.251869E+1
-1.315961E+1
-1.407101E+1
-1.548368E+1
-1.937477E+1
-2.088005E+1
-2.088005E+1
-2.088005E+1
-2.088005E+1
-2.088005E+1
-1.531022E+1
-1.372262E+1
-1.271273E+1
-1.198802E+1
-1.144706E+1
-1.106045E+1
-1.079438E+1
-1.063268E+1
-1.051949E+1
-1.044746E+1
-1.039454E+1
-1.032692E+1
-1.025930E+1
-1.014905E+1
-1.004321E+1
-9.941778E+0
-9.885918E+0
-9.899148E+0
-1.001381E+1
-1.024313E+1
-1.063268E+1
-1.125743E+1
-1.225850E+1
-1.426799E+1
-2.088005E+1
-2.088005E+1
-2.088005E+1
-2.088005E+1
-2.088005E+1
-2.088005E+1
-2.088005E+1
-2.088005E+1
-2.088005E+1
-2.088005E+1
-2.088005E+1
-2.088005E+1
-2.088005E+1
-2.088005E+1
-2.088005E+1
-2.088005E+1
-2.088005E+1
-2.088005E+1
-2.088005E+1
-1.567331E+1
-1.342274E+1
-1.238492E+1
-1.181456E+1
-1.141913E+1
-1.113248E+1
-1.087964E+1
-1.067237E+1
-1.044746E+1
-1.024313E+1
-1.007261E+1
-9.955008E+0
-9.885918E+0
-9.913848E+0
-1.004321E+1
-1.029311E+1
-1.073264E+1
-1.144706E+1
-1.271273E+1
-1.636421E+1
-2.088005E+1
-2.088005E+1
-2.088005E+1
-2.088005E+1
-2.088005E+1
-2.088005E+1
-2.088005E+1
-2.088005E+1
-2.088005E+1
-2.088005E+1
-2.088005E+1
-2.088005E+1
-2.088005E+1
-2.088005E+1
-2.088005E+1
-2.088005E+1
-2.088005E+1
-2.088005E+1
-2.088005E+1
-2.088005E+1
-2.088005E+1
-2.088005E+1
-2.088005E+1
-2.088005E+1
-2.088005E+1
-2.088005E+1
-2.088005E+1
-2.088005E+1
-2.088005E+1
-2.088005E+1
-2.088005E+1
-2.088005E+1
-2.088005E+1
-2.088005E+1
-2.088005E+1
-2.088005E+1
-2.088005E+1
-2.088005E+1
-2.088005E+1
-2.088005E+1
-2.088005E+1
-1.567331E+1
-1.342274E+1
-1.242902E+1
-1.184837E+1
-1.147499E+1
-1.128389E+1
-1.115747E+1
-1.108397E+1
-1.098989E+1
-1.087964E+1
-1.079438E+1
-1.073264E+1
-1.071206E+1
-1.077380E+1
-1.094579E+1
-1.133681E+1
-1.206152E+1
-1.364324E+1
-2.088005E+1
-2.088005E+1
-2.088005E+1
-2.088005E+1
-2.088005E+1
-2.088005E+1
-2.088005E+1
-2.088005E+1
-2.088005E+1
-2.088005E+1
-2.088005E+1
-2.088005E+1
-2.088005E+1
-2.088005E+1
-2.088005E+1
-2.088005E+1
-2.088005E+1
-2.088005E+1
-2.088005E+1
-2.088005E+1
-2.088005E+1
-2.088005E+1
-2.088005E+1
-2.088005E+1
-2.088005E+1
-2.088005E+1
-2.088005E+1
-2.088005E+1
-2.088005E+1
-2.088005E+1
-2.088005E+1
-2.088005E+1
-2.088005E+1
-2.088005E+1
-2.088005E+1
-2.088005E+1
-2.088005E+1
-2.088005E+1
-2.088005E+1
-2.088005E+1
-2.088005E+1
-1.786949E+1
-1.610843E+1
-1.636421E+1
-2.088005E+1
-2.088005E+1
-2.088005E+1
-2.088005E+1
-2.088005E+1
-2.088005E+1
-2.088005E+1
-2.088005E+1
-2.088005E+1
-2.088005E+1
-2.088005E+1
-2.088005E+1
-2.088005E+1
-2.088005E+1
-2.088005E+1
-2.088005E+1
-2.088005E+1
-2.088005E+1
-2.088005E+1
-2.088005E+1
-2.088005E+1
-2.088005E+1
-2.088005E+1
-2.088005E+1
-2.088005E+1
-2.088005E+1
-2.088005E+1
-1.665380E+1
-1.389020E+1
-1.298027E+1
-1.247312E+1
-1.221734E+1
-1.209974E+1
-1.213796E+1
-1.221734E+1
-1.238492E+1
-1.261277E+1
-1.298027E+1
-1.356680E+1
-1.448555E+1
-1.587911E+1
-1.786949E+1
-1.937477E+1
-1.665380E+1
-1.460315E+1
-1.298027E+1
-1.184837E+1
-1.098989E+1
-1.037690E+1
-9.913848E+0
-9.590448E+0
-9.374358E+0
-9.237648E+0
-9.186198E+0
-9.196488E+0
-9.289098E+0
-9.428748E+0
-9.652188E+0
-9.955008E+0
-1.037690E+1
-1.094579E+1
-1.174841E+1
-1.298027E+1
-1.587911E+1
-2.088005E+1
-2.088005E+1
-2.088005E+1
-2.088005E+1
-2.088005E+1
-2.088005E+1
-2.088005E+1
-2.088005E+1
-2.088005E+1
-2.088005E+1
-2.088005E+1
-2.088005E+1
-2.088005E+1
-2.088005E+1
-2.088005E+1
-2.088005E+1
-2.088005E+1
-2.088005E+1
-2.088005E+1
-2.088005E+1
-2.088005E+1
-2.088005E+1
-2.088005E+1
-2.088005E+1
-2.088005E+1
-2.088005E+1
-2.088005E+1
-2.088005E+1
-2.088005E+1
-2.088005E+1
-2.088005E+1
-2.088005E+1
-2.088005E+1
-1.786949E+1
-1.485893E+1
-1.335365E+1
-1.225850E+1
-1.147499E+1
-1.085759E+1
-1.041218E+1
-1.008731E+1
-9.857988E+0
-9.727158E+0
-9.675708E+0
-9.652188E+0
-9.638958E+0
-9.615438E+0
-9.543408E+0
-9.418458E+0
-9.237648E+0
-9.033318E+0
-8.846628E+0
-8.690808E+0
-8.582028E+0
-8.523228E+0
-8.523228E+0
-8.589378E+0
-8.705508E+0
-8.862798E+0
-9.061248E+0
-9.289098E+0
-9.543408E+0
-9.844758E+0
-1.016375E+1
-1.051949E+1
-1.090169E+1
-1.133681E+1
-1.178222E+1
-1.225850E+1
-1.271273E+1
-1.309787E+1
-1.342274E+1
-1.349330E+1
-1.335365E+1
-1.298027E+1
-1.242902E+1
-1.181456E+1
-1.115747E+1
-1.055624E+1
-1.001381E+1
-9.543408E+0
-9.156798E+0
-8.855448E+0
-8.643768E+0
-8.515878E+0
-8.471778E+0
-8.508528E+0
-8.627598E+0
-8.846628E+0
-9.147978E+0
-9.531648E+0
-9.999108E+0
-1.051949E+1
-1.106045E+1
-1.150439E+1
-1.171607E+1
-1.162346E+1
-1.133681E+1
-1.094579E+1
-1.057535E+1
-1.029311E+1
-1.010201E+1
-1.002851E+1
-1.005791E+1
-1.019609E+1
-1.041218E+1
-1.071206E+1
-1.098989E+1
-1.118099E+1
-1.123244E+1
-1.110749E+1
-1.087964E+1
-1.059446E+1
-1.036073E+1
-1.019609E+1
-1.016375E+1
-1.027694E+1
-1.055624E+1
-1.108397E+1
-1.206152E+1
-1.437383E+1
-2.088005E+1
-2.088005E+1
-2.088005E+1
-2.088005E+1
-2.088005E+1
-2.088005E+1
-2.088005E+1
-2.088005E+1
-2.088005E+1
-2.088005E+1
-2.088005E+1
-2.088005E+1
-2.088005E+1
-2.088005E+1
-2.088005E+1
-2.088005E+1
-2.088005E+1
-2.088005E+1
-2.088005E+1
-2.088005E+1
-2.088005E+1
-2.088005E+1
-2.088005E+1
-2.088005E+1
-2.088005E+1
-2.088005E+1
-2.088005E+1
-2.088005E+1
-1.849424E+1
-1.567331E+1
-1.426799E+1
-1.322135E+1
-1.242902E+1
-1.168520E+1
-1.106045E+1
-1.053860E+1
-1.008731E+1
-9.727158E+0
-9.428748E+0
-9.196488E+0
-9.033318E+0
-8.942178E+0
-8.915718E+0
-8.959818E+0
-9.070068E+0
-9.247938E+0
-9.462558E+0
-9.702168E+0
-9.927078E+0
-1.008731E+1
-1.014905E+1
-1.010201E+1
-9.969708E+0
-9.765378E+0
-9.555168E+0
-9.374358E+0
-9.237648E+0
-9.156798E+0
-9.118578E+0
-9.127398E+0
-9.156798E+0
-9.186198E+0
-9.196488E+0
-9.137688E+0
-9.023028E+0
-8.855448E+0
-8.681988E+0
-8.523228E+0
-8.414448E+0
-8.367408E+0
-8.414448E+0
-8.574678E+0
-8.855448E+0
-9.299388E+0
-9.969708E+0
-1.098989E+1
-1.286855E+1
-2.088005E+1
-2.088005E+1
-2.088005E+1
-2.088005E+1
-2.088005E+1
-2.088005E+1
-2.088005E+1
-2.088005E+1
-2.088005E+1
-2.088005E+1
-2.088005E+1
-2.088005E+1
-2.088005E+1
-2.088005E+1
-2.088005E+1
-2.088005E+1
-2.088005E+1
-2.088005E+1
-2.088005E+1
-2.088005E+1
-2.088005E+1
-2.088005E+1
-2.088005E+1
-2.088005E+1
-2.088005E+1
-2.088005E+1
-2.088005E+1
-2.088005E+1
-2.088005E+1
-2.088005E+1
-2.088005E+1
-2.088005E+1
-2.088005E+1
-2.088005E+1
-1.610843E+1
-1.460315E+1
-1.389020E+1
-1.342274E+1
-1.303907E+1
-1.276271E+1
-1.247312E+1
-1.221734E+1
-1.198802E+1
-1.181456E+1
-1.165433E+1
-1.153379E+1
-1.144706E+1
-1.133681E+1
-1.120745E+1
-1.101341E+1
-1.079438E+1
-1.053860E+1
-1.030928E+1
-1.008731E+1
-9.941778E+0
-9.885918E+0
-9.927078E+0
-1.007261E+1
-1.037690E+1
-1.085759E+1
-1.159259E+1
-1.276271E+1
-1.499858E+1
-2.088005E+1
-2.088005E+1
-2.088005E+1
-2.088005E+1
-2.088005E+1
-2.088005E+1
-2.088005E+1
-2.088005E+1
-1.531022E+1
-1.303907E+1
-1.178222E+1
-1.085759E+1
-1.016375E+1
-9.627198E+0
-9.237648E+0
-8.968638E+0
-8.803998E+0
-8.754018E+0
-8.803998E+0
-8.959818E+0
-9.217068E+0
-9.590448E+0
-1.007261E+1
-1.071206E+1
-1.156319E+1
-1.281563E+1
-1.514852E+1
-2.088005E+1
-2.088005E+1
-2.088005E+1
-2.088005E+1
-2.088005E+1
-2.088005E+1
-2.088005E+1
-1.665380E+1
-1.426799E+1
-1.322135E+1
-1.247312E+1
-1.191746E+1
-1.144706E+1
-1.103693E+1
-1.065326E+1
-1.030928E+1
-9.999108E+0
-9.738918E+0
-9.531648E+0
-9.374358E+0
-9.278808E+0
-9.247938E+0
-9.278808E+0
-9.362598E+0
-9.519888E+0
-9.765378E+0
-1.010201E+1
-1.055624E+1
-1.118099E+1
-1.206152E+1
-1.342274E+1
-1.698896E+1
-2.088005E+1
-2.088005E+1
-2.088005E+1
-2.088005E+1
-2.088005E+1
-2.088005E+1
-2.088005E+1
-2.088005E+1
-2.088005E+1
-2.088005E+1
-2.088005E+1
-2.088005E+1
-2.088005E+1
-2.088005E+1
-2.088005E+1
-2.088005E+1
-2.088005E+1
-2.088005E+1
-2.088005E+1
-2.088005E+1
-2.088005E+1
-2.088005E+1
-2.088005E+1
-1.303907E+1
-1.106045E+1
-1.013288E+1
-9.615438E+0
-9.352308E+0
-9.268518E+0
-9.362598E+0
-9.615438E+0
-1.002851E+1
-1.061357E+1
-1.139120E+1
-1.238492E+1
-1.364324E+1
-1.514852E+1
-1.636421E+1
-1.636421E+1
-1.531022E+1
-1.437383E+1
-1.364324E+1
-1.309787E+1
-1.276271E+1
-1.247312E+1
-1.229966E+1
-1.217765E+1
-1.217765E+1
-1.221734E+1
-1.234082E+1
-1.251869E+1
-1.276271E+1
-1.298027E+1
-1.315961E+1
-1.303907E+1
-1.256573E+1
-1.188218E+1
-1.113248E+1
-1.046510E+1
-9.872688E+0
-9.396408E+0
-9.005388E+0
-8.721678E+0
-8.537928E+0
-8.421798E+0
-8.373288E+0
-8.373288E+0
-8.414448E+0
-8.479128E+0
-8.567328E+0
-8.674638E+0
-8.812818E+0
-8.977458E+0
-9.206778E+0
-9.508128E+0
-9.913848E+0
-1.046510E+1
-1.115747E+1
-1.209974E+1
-1.342274E+1
-1.548368E+1
-2.088005E+1
-2.088005E+1
-2.088005E+1
-2.088005E+1
-2.088005E+1
-2.088005E+1
-2.088005E+1
-2.088005E+1
-1.849424E+1
-1.472663E+1
-1.315961E+1
-1.213796E+1
-1.141913E+1
-1.094579E+1
-1.067237E+1
-1.059446E+1
-1.069148E+1
-1.098989E+1
-1.156319E+1
-1.261277E+1
-1.514852E+1
-2.088005E+1
-2.088005E+1
-2.088005E+1
-2.088005E+1
-2.088005E+1
-2.088005E+1
-2.088005E+1
-2.088005E+1
-2.088005E+1
-2.088005E+1
-2.088005E+1
-1.531022E+1
-1.389020E+1
-1.342274E+1
-1.349330E+1
-1.407101E+1
-1.587911E+1
-2.088005E+1
-2.088005E+1
-2.088005E+1
-2.088005E+1
-2.088005E+1
-2.088005E+1
-2.088005E+1
-2.088005E+1
-2.088005E+1
-2.088005E+1
-2.088005E+1
-2.088005E+1
-2.088005E+1
-2.088005E+1
-2.088005E+1
-2.088005E+1
-2.088005E+1
-2.088005E+1
-2.088005E+1
-2.088005E+1
-2.088005E+1
-1.610843E+1
-1.448555E+1
-1.397840E+1
-1.372262E+1
-1.380494E+1
-1.407101E+1
-1.426799E+1
-1.448555E+1
-1.437383E+1
-1.389020E+1
-1.342274E+1
-1.292441E+1
-1.251869E+1
-1.221734E+1
-1.209974E+1
-1.217765E+1
-1.251869E+1
-1.322135E+1
-1.460315E+1
-2.088005E+1
-2.088005E+1
-2.088005E+1
-2.088005E+1
-2.088005E+1
-2.088005E+1
-2.088005E+1
-2.088005E+1
-2.088005E+1
-2.088005E+1
-2.088005E+1
-2.088005E+1
-2.088005E+1
-2.088005E+1
-2.088005E+1
-2.088005E+1
-2.088005E+1
-2.088005E+1
-1.849424E+1
-1.531022E+1
-1.460315E+1
-1.499858E+1
-1.665380E+1
-2.088005E+1
-2.088005E+1
-2.088005E+1
-2.088005E+1
-2.088005E+1
-2.088005E+1
-2.088005E+1
-2.088005E+1
-2.088005E+1
-1.849424E+1
-1.665380E+1
-1.610843E+1
-1.610843E+1
-1.610843E+1
-1.636421E+1
-1.636421E+1
-1.610843E+1
-1.531022E+1
-1.448555E+1
-1.372262E+1
-1.309787E+1
-1.251869E+1
-1.202477E+1
-1.153379E+1
-1.115747E+1
-1.083554E+1
-1.055624E+1
-1.030928E+1
-1.007261E+1
-9.844758E+0
-9.638958E+0
-9.450798E+0
-9.289098E+0
-9.156798E+0
-9.070068E+0
-9.042138E+0
-9.089178E+0
-9.206778E+0
-9.418458E+0
-9.702168E+0
-1.008731E+1
-1.055624E+1
-1.115747E+1
-1.184837E+1
-1.271273E+1
-1.380494E+1
-1.548368E+1
-2.088005E+1
-2.088005E+1
-2.088005E+1
-2.088005E+1
-2.088005E+1
-2.088005E+1
-2.088005E+1
-2.088005E+1
-2.088005E+1
-2.088005E+1
-2.088005E+1
-2.088005E+1
-2.088005E+1
-2.088005E+1
-1.610843E+1
-1.372262E+1
-1.266275E+1
-1.209974E+1
-1.181456E+1
-1.174841E+1
-1.195274E+1
-1.247312E+1
-1.356680E+1
-1.738439E+1
-2.088005E+1
-2.088005E+1
-2.088005E+1
-2.088005E+1
-2.088005E+1
-2.088005E+1
-2.088005E+1
-2.088005E+1
-2.088005E+1
-2.088005E+1
-2.088005E+1
-2.088005E+1
-2.088005E+1
-2.088005E+1
-2.088005E+1
-2.088005E+1
-2.088005E+1
-2.088005E+1
-2.088005E+1
-2.088005E+1
-2.088005E+1
-1.849424E+1
-1.610843E+1
-1.499858E+1
-1.448555E+1
-1.416803E+1
-1.397840E+1
-1.389020E+1
-1.397840E+1
-1.416803E+1
-1.460315E+1
-1.514852E+1
-1.567331E+1
-1.610843E+1
-1.567331E+1
-1.460315E+1
-1.328750E+1
-1.213796E+1
-1.118099E+1
-1.039454E+1
-9.765378E+0
-9.268518E+0
-8.906898E+0
-8.667288E+0
-8.552628E+0
-8.552628E+0
-8.674638E+0
-8.906898E+0
-9.278808E+0
-9.765378E+0
-1.034309E+1
-1.094579E+1
-1.141913E+1
-1.153379E+1
-1.125743E+1
-1.077380E+1
-1.025930E+1
-9.857988E+0
-9.578688E+0
-9.462558E+0
-9.496368E+0
-9.738918E+0
-1.022696E+1
-1.110749E+1
-1.292441E+1
-2.088005E+1
-2.088005E+1
-2.088005E+1
-2.088005E+1
-2.088005E+1
-2.088005E+1
-2.088005E+1
-2.088005E+1
-2.088005E+1
-2.088005E+1
-2.088005E+1
-1.567331E+1
-1.448555E+1
-1.416803E+1
-1.437383E+1
-1.499858E+1
-1.665380E+1
-2.088005E+1
-2.088005E+1
-2.088005E+1
-2.088005E+1
-2.088005E+1
-2.088005E+1
-2.088005E+1
-2.088005E+1
-2.088005E+1
-2.088005E+1
-2.088005E+1
-2.088005E+1
-2.088005E+1
-2.088005E+1
-2.088005E+1
-1.636421E+1
-1.380494E+1
-1.276271E+1
-1.217765E+1
-1.181456E+1
-1.156319E+1
-1.147499E+1
-1.150439E+1
-1.168520E+1
-1.213796E+1
-1.315961E+1
-1.738439E+1
-2.088005E+1
-2.088005E+1
-2.088005E+1
-2.088005E+1
-2.088005E+1
-2.088005E+1
-2.088005E+1
-2.088005E+1
-2.088005E+1
-2.088005E+1
-2.088005E+1
-2.088005E+1
-2.088005E+1
-2.088005E+1
-2.088005E+1
-2.088005E+1
-2.088005E+1
-2.088005E+1
-2.088005E+1
-2.088005E+1
-2.088005E+1
-2.088005E+1
-2.088005E+1
-2.088005E+1
-2.088005E+1
-1.636421E+1
-1.499858E+1
-1.416803E+1
-1.349330E+1
-1.292441E+1
-1.247312E+1
-1.209974E+1
-1.188218E+1
-1.178222E+1
-1.184837E+1
-1.209974E+1
-1.261277E+1
-1.342274E+1
-1.472663E+1
-1.698896E+1
-2.088005E+1
-2.088005E+1
-1.698896E+1
-1.460315E+1
-1.315961E+1
-1.234082E+1
-1.181456E+1
-1.156319E+1
-1.156319E+1
-1.178222E+1
-1.229966E+1
-1.328750E+1
-1.514852E+1
-2.088005E+1
-2.088005E+1
-2.088005E+1
-2.088005E+1
-1.610843E+1
-1.380494E+1
-1.276271E+1
-1.217765E+1
-1.195274E+1
-1.198802E+1
-1.225850E+1
-1.271273E+1
-1.315961E+1
-1.335365E+1
-1.298027E+1
-1.225850E+1
-1.141913E+1
-1.065326E+1
-9.984408E+0
-9.474318E+0
-9.089178E+0
-8.803998E+0
-8.627598E+0
-8.545278E+0
-8.559978E+0
-8.674638E+0
-8.906898E+0
-9.268518E+0
-9.805068E+0
-1.065326E+1
-1.209974E+1
-1.937477E+1
-2.088005E+1
-2.088005E+1
-2.088005E+1
-2.088005E+1
-2.088005E+1
-2.088005E+1
-2.088005E+1
-2.088005E+1
-2.088005E+1
-2.088005E+1
-2.088005E+1
-2.088005E+1
-2.088005E+1
-2.088005E+1
-2.088005E+1
-2.088005E+1
-2.088005E+1
-2.088005E+1
-2.088005E+1
-2.088005E+1
-2.088005E+1
-2.088005E+1
-2.088005E+1
-1.849424E+1
-1.309787E+1
-1.171607E+1
-1.096784E+1
-1.055624E+1
-1.037690E+1
-1.039454E+1
-1.061357E+1
-1.106045E+1
-1.184837E+1
-1.335365E+1
-2.088005E+1
-2.088005E+1
-2.088005E+1
-2.088005E+1
-2.088005E+1
-2.088005E+1
-2.088005E+1
-2.088005E+1
-2.088005E+1
-2.088005E+1
-2.088005E+1
-2.088005E+1
-2.088005E+1
-2.088005E+1
-2.088005E+1
-2.088005E+1
-2.088005E+1
-2.088005E+1
-2.088005E+1
-2.088005E+1
-2.088005E+1
-2.088005E+1
-2.088005E+1
-2.088005E+1
-2.088005E+1
-2.088005E+1
-2.088005E+1
-2.088005E+1
-2.088005E+1
-2.088005E+1
-2.088005E+1
-2.088005E+1
-2.088005E+1
-2.088005E+1
-2.088005E+1
-2.088005E+1
-2.088005E+1
-2.088005E+1
-2.088005E+1
-1.937477E+1
-2.088005E+1
-2.088005E+1
-2.088005E+1
-2.088005E+1
-2.088005E+1
-2.088005E+1
-2.088005E+1
-2.088005E+1
-2.088005E+1
-2.088005E+1
-2.088005E+1
-2.088005E+1
-2.088005E+1
-2.088005E+1
-2.088005E+1
-2.088005E+1
-2.088005E+1
-2.088005E+1
-2.088005E+1
-2.088005E+1
-2.088005E+1
-2.088005E+1
-2.088005E+1
-2.088005E+1
-2.088005E+1
-2.088005E+1
-2.088005E+1
-2.088005E+1
-1.322135E+1
-1.153379E+1
-1.075322E+1
-1.029311E+1
-1.005791E+1
-9.955008E+0
-9.955008E+0
-1.002851E+1
-1.013288E+1
-1.024313E+1
-1.029311E+1
-1.025930E+1
-1.014905E+1
-9.969708E+0
-9.738918E+0
-9.496368E+0
-9.268518E+0
-9.080358E+0
-8.924538E+0
-8.812818E+0
-8.754018E+0
-8.746668E+0
-8.795178E+0
-8.898078E+0
-9.061248E+0
-9.278808E+0
-9.578688E+0
-9.969708E+0
-1.046510E+1
-1.103693E+1
-1.174841E+1
-1.261277E+1
-1.364324E+1
-1.460315E+1
-1.514852E+1
-1.531022E+1
-1.531022E+1
-1.548368E+1
-1.610843E+1
-1.738439E+1
-2.088005E+1
-2.088005E+1
-2.088005E+1
-2.088005E+1
-2.088005E+1
-2.088005E+1
-2.088005E+1
-1.698896E+1
-1.397840E+1
-1.271273E+1
-1.191746E+1
-1.141913E+1
-1.106045E+1
-1.085759E+1
-1.079438E+1
-1.083554E+1
-1.103693E+1
-1.144706E+1
-1.221734E+1
-1.372262E+1
-2.088005E+1
-2.088005E+1
-2.088005E+1
-2.088005E+1
-2.088005E+1
-2.088005E+1
-2.088005E+1
-2.088005E+1
-2.088005E+1
-2.088005E+1
-2.088005E+1
-2.088005E+1
-2.088005E+1
-2.088005E+1
-1.485893E+1
-1.276271E+1
-1.171607E+1
-1.106045E+1
-1.059446E+1
-1.027694E+1
-1.004321E+1
-9.927078E+0
-9.899148E+0
-9.955008E+0
-1.011818E+1
-1.037690E+1
-1.075322E+1
-1.128389E+1
-1.195274E+1
-1.281563E+1
-1.407101E+1
-1.610843E+1
-2.088005E+1
-2.088005E+1
-2.088005E+1
-2.088005E+1
-2.088005E+1
-2.088005E+1
-1.665380E+1
-1.514852E+1
-1.416803E+1
-1.342274E+1
-1.286855E+1
-1.238492E+1
-1.209974E+1
-1.195274E+1
-1.198802E+1
-1.221734E+1
-1.276271E+1
-1.389020E+1
-1.849424E+1
-2.088005E+1
-2.088005E+1
-2.088005E+1
-2.088005E+1
-2.088005E+1
-2.088005E+1
-2.088005E+1
-2.088005E+1
-2.088005E+1
-2.088005E+1
-2.088005E+1
-1.531022E+1
-1.356680E+1
-1.281563E+1
-1.238492E+1
-1.225850E+1
-1.221734E+1
-1.234082E+1
-1.261277E+1
-1.309787E+1
-1.389020E+1
-1.548368E+1
-2.088005E+1
-2.088005E+1
-2.088005E+1
-2.088005E+1
-2.088005E+1
-2.088005E+1
-2.088005E+1
-2.088005E+1
-2.088005E+1
-2.088005E+1
-2.088005E+1
-2.088005E+1
-2.088005E+1
-2.088005E+1
-2.088005E+1
-2.088005E+1
-1.448555E+1
-1.202477E+1
-1.096784E+1
-1.039454E+1
-1.011818E+1
-1.005791E+1
-1.021079E+1
-1.055624E+1
-1.113248E+1
-1.202477E+1
-1.349330E+1
-1.665380E+1
-2.088005E+1
-2.088005E+1
-2.088005E+1
-1.849424E+1
-1.472663E+1
-1.335365E+1
-1.261277E+1
-1.225850E+1
-1.213796E+1
-1.217765E+1
-1.242902E+1
-1.276271E+1
-1.335365E+1
-1.407101E+1
-1.472663E+1
-1.514852E+1
-1.499858E+1
-1.448555E+1
-1.372262E+1
-1.292441E+1
-1.234082E+1
-1.188218E+1
-1.156319E+1
-1.144706E+1
-1.147499E+1
-1.178222E+1
-1.242902E+1
-1.389020E+1
-2.088005E+1
-2.088005E+1
-2.088005E+1
-2.088005E+1
-2.088005E+1
-2.088005E+1
-2.088005E+1
-2.088005E+1
-2.088005E+1
-2.088005E+1
-2.088005E+1
-2.088005E+1
-2.088005E+1
-2.088005E+1
-2.088005E+1
-2.088005E+1
-1.567331E+1
-1.328750E+1
-1.229966E+1
-1.178222E+1
-1.156319E+1
-1.156319E+1
-1.178222E+1
-1.217765E+1
-1.281563E+1
-1.389020E+1
-1.587911E+1
-2.088005E+1
-2.088005E+1
-2.088005E+1
-2.088005E+1
-2.088005E+1
-2.088005E+1
-2.088005E+1
-2.088005E+1
-2.088005E+1
-2.088005E+1
-2.088005E+1
-2.088005E+1
-2.088005E+1
-2.088005E+1
-2.088005E+1
-2.088005E+1
-2.088005E+1
-2.088005E+1
-2.088005E+1
-2.088005E+1
-2.088005E+1
-2.088005E+1
-2.088005E+1
-2.088005E+1
-2.088005E+1
-2.088005E+1
-2.088005E+1
-2.088005E+1
-2.088005E+1
-2.088005E+1
-1.786949E+1
-1.567331E+1
-1.610843E+1
-2.088005E+1
-2.088005E+1
-2.088005E+1
-2.088005E+1
-2.088005E+1
-2.088005E+1
-2.088005E+1
-2.088005E+1
-2.088005E+1
-2.088005E+1
-1.460315E+1
-1.303907E+1
-1.229966E+1
-1.191746E+1
-1.181456E+1
-1.195274E+1
-1.234082E+1
-1.303907E+1
-1.416803E+1
-1.636421E+1
-2.088005E+1
-2.088005E+1
-1.786949E+1
-1.437383E+1
-1.261277E+1
-1.144706E+1
-1.063268E+1
-1.005791E+1
-9.638958E+0
-9.396408E+0
-9.278808E+0
-9.319968E+0
-9.531648E+0
-9.955008E+0
-1.071206E+1
-1.221734E+1
-2.088005E+1
-2.088005E+1
-2.088005E+1
-2.088005E+1
-2.088005E+1
-2.088005E+1
-2.088005E+1
-2.088005E+1
-2.088005E+1
-2.088005E+1
-2.088005E+1
-2.088005E+1
-2.088005E+1
-2.088005E+1
-2.088005E+1
-2.088005E+1
-2.088005E+1
-2.088005E+1
-2.088005E+1
-2.088005E+1
-2.088005E+1
-2.088005E+1
-2.088005E+1
-2.088005E+1
-2.088005E+1
-2.088005E+1
-2.088005E+1
-2.088005E+1
-2.088005E+1
-2.088005E+1
-2.088005E+1
-2.088005E+1
-2.088005E+1
-2.088005E+1
-2.088005E+1
-2.088005E+1
-2.088005E+1
-2.088005E+1
-2.088005E+1
-2.088005E+1
-2.088005E+1
-2.088005E+1
-2.088005E+1
-2.088005E+1
-2.088005E+1
-2.088005E+1
-2.088005E+1
-2.088005E+1
-2.088005E+1
-1.342274E+1
-1.094579E+1
-9.844758E+0
-9.196488E+0
-8.803998E+0
-8.596728E+0
-8.515878E+0
-8.537928E+0
-8.651118E+0
-8.846628E+0
-9.099468E+0
-9.396408E+0
-9.713928E+0
-1.008731E+1
-1.051949E+1
-1.103693E+1
-1.168520E+1
-1.261277E+1
-1.416803E+1
-1.937477E+1
-2.088005E+1
-2.088005E+1
-2.088005E+1
-2.088005E+1
-2.088005E+1
-1.567331E+1
-1.342274E+1
-1.238492E+1
-1.184837E+1
-1.156319E+1
-1.147499E+1
-1.162346E+1
-1.198802E+1
-1.271273E+1
-1.416803E+1
-2.088005E+1
-2.088005E+1
-2.088005E+1
-2.088005E+1
-2.088005E+1
-2.088005E+1
-2.088005E+1
-2.088005E+1
-2.088005E+1
-2.088005E+1
-2.088005E+1
-2.088005E+1
-2.088005E+1
-2.088005E+1
-2.088005E+1
-2.088005E+1
-2.088005E+1
-2.088005E+1
-2.088005E+1
-2.088005E+1
-2.088005E+1
-2.088005E+1
-1.610843E+1
-1.460315E+1
-1.397840E+1
-1.372262E+1
-1.372262E+1
-1.407101E+1
-1.485893E+1
-1.698896E+1
-2.088005E+1
-2.088005E+1
-2.088005E+1
-2.088005E+1
-2.088005E+1
-2.088005E+1
-2.088005E+1
-2.088005E+1
-1.587911E+1
-1.437383E+1
-1.342274E+1
-1.271273E+1
-1.213796E+1
-1.168520E+1
-1.131035E+1
-1.106045E+1
-1.092374E+1
-1.094579E+1
-1.115747E+1
-1.165433E+1
-1.261277E+1
-1.548368E+1
-2.088005E+1
-2.088005E+1
-2.088005E+1
-2.088005E+1
-2.088005E+1
-2.088005E+1
-2.088005E+1
-2.088005E+1
-2.088005E+1
-2.088005E+1
-2.088005E+1
-2.088005E+1
-2.088005E+1
-2.088005E+1
-2.088005E+1
-2.088005E+1
-2.088005E+1
-2.088005E+1
-2.088005E+1
-1.416803E+1
-1.202477E+1
-1.087964E+1
-1.014905E+1
-9.638958E+0
-9.309678E+0
-9.108288E+0
-9.033318E+0
-9.061248E+0
-9.167088E+0
-9.352308E+0
-9.615438E+0
-9.941778E+0
-1.029311E+1
-1.063268E+1
-1.090169E+1
-1.106045E+1
-1.106045E+1
-1.092374E+1
-1.071206E+1
-1.044746E+1
-1.019609E+1
-1.002851E+1
-9.927078E+0
-9.913848E+0
-1.002851E+1
-1.025930E+1
-1.067237E+1
-1.133681E+1
-1.247312E+1
-1.531022E+1
-2.088005E+1
-2.088005E+1
-2.088005E+1
-2.088005E+1
-2.088005E+1
-2.088005E+1
-2.088005E+1
-2.088005E+1
-2.088005E+1
-2.088005E+1
-2.088005E+1
-2.088005E+1
-2.088005E+1
-2.088005E+1
-2.088005E+1
-2.088005E+1
-2.088005E+1
-2.088005E+1
-1.567331E+1
-1.364324E+1
-1.256573E+1
-1.188218E+1
-1.147499E+1
-1.131035E+1
-1.139120E+1
-1.178222E+1
-1.276271E+1
-1.665380E+1
-2.088005E+1
-2.088005E+1
-2.088005E+1
-2.088005E+1
-2.088005E+1
-2.088005E+1
-2.088005E+1
-2.088005E+1
-2.088005E+1
-2.088005E+1
-2.088005E+1
-2.088005E+1
-2.088005E+1
-2.088005E+1
-2.088005E+1
-2.088005E+1
-2.088005E+1
-2.088005E+1
-2.088005E+1
-2.088005E+1
-2.088005E+1
-2.088005E+1
-2.088005E+1
-2.088005E+1
-2.088005E+1
-2.088005E+1
-2.088005E+1
-2.088005E+1
-2.088005E+1
-1.937477E+1
-1.322135E+1
-1.165433E+1
-1.071206E+1
-1.004321E+1
-9.578688E+0
-9.278808E+0
-9.108288E+0
-9.042138E+0
-9.061248E+0
-9.156798E+0
-9.289098E+0
-9.428748E+0
-9.519888E+0
-9.531648E+0
-9.462558E+0
-9.319968E+0
-9.167088E+0
-9.023028E+0
-8.924538E+0
-8.889258E+0
-8.933358E+0
-9.070068E+0
-9.299388E+0
-9.652188E+0
-1.016375E+1
-1.094579E+1
-1.225850E+1
-1.665380E+1
-2.088005E+1
-2.088005E+1
-2.088005E+1
-2.088005E+1
-2.088005E+1
-2.088005E+1
-2.088005E+1
-2.088005E+1
-2.088005E+1
-2.088005E+1
-2.088005E+1
-2.088005E+1
-2.088005E+1
-2.088005E+1
-2.088005E+1
-1.636421E+1
-1.298027E+1
-1.162346E+1
-1.073264E+1
-1.005791E+1
-9.519888E+0
-9.118578E+0
-8.828988E+0
-8.634948E+0
-8.530578E+0
-8.493828E+0
-8.530578E+0
-8.620248E+0
-8.721678E+0
-8.812818E+0
-8.855448E+0
-8.855448E+0
-8.787828E+0
-8.698158E+0
-8.604078E+0
-8.559978E+0
-8.567328E+0
-8.651118E+0
-8.828988E+0
-9.108288E+0
-9.496368E+0
-1.001381E+1
-1.065326E+1
-1.147499E+1
-1.261277E+1
-1.460315E+1
-2.088005E+1
-2.088005E+1
-2.088005E+1
-2.088005E+1
-2.088005E+1
-2.088005E+1
-2.088005E+1
-2.088005E+1
-2.088005E+1
-2.088005E+1
-2.088005E+1
-2.088005E+1
-2.088005E+1
-2.088005E+1
-2.088005E+1
-2.088005E+1
-2.088005E+1
-2.088005E+1
-2.088005E+1
-2.088005E+1
-2.088005E+1
-2.088005E+1
-1.636421E+1
-1.380494E+1
-1.276271E+1
-1.217765E+1
-1.174841E+1
-1.139120E+1
-1.110749E+1
-1.083554E+1
-1.063268E+1
-1.046510E+1
-1.034309E+1
-1.027694E+1
-1.027694E+1
-1.034309E+1
-1.053860E+1
-1.087964E+1
-1.141913E+1
-1.238492E+1
-1.460315E+1
-2.088005E+1
-2.088005E+1
-2.088005E+1
-2.088005E+1
-2.088005E+1
-2.088005E+1
-2.088005E+1
-2.088005E+1
-2.088005E+1
-2.088005E+1
-2.088005E+1
-2.088005E+1
-1.448555E+1
-1.266275E+1
-1.191746E+1
-1.165433E+1
-1.171607E+1
-1.206152E+1
-1.276271E+1
-1.407101E+1
-1.849424E+1
-2.088005E+1
-2.088005E+1
-2.088005E+1
-2.088005E+1
-2.088005E+1
-2.088005E+1
-2.088005E+1
-2.088005E+1
-1.698896E+1
-1.335365E+1
-1.198802E+1
-1.118099E+1
-1.067237E+1
-1.034309E+1
-1.014905E+1
-1.008731E+1
-1.010201E+1
-1.019609E+1
-1.037690E+1
-1.061357E+1
-1.096784E+1
-1.147499E+1
-1.213796E+1
-1.322135E+1
-1.514852E+1
-2.088005E+1
-2.088005E+1
-2.088005E+1
-2.088005E+1
-2.088005E+1
-1.460315E+1
-1.292441E+1
-1.209974E+1
-1.168520E+1
-1.159259E+1
-1.184837E+1
-1.256573E+1
-1.437383E+1
-2.088005E+1
-2.088005E+1
-2.088005E+1
-2.088005E+1
-2.088005E+1
-2.088005E+1
-2.088005E+1
-2.088005E+1
-2.088005E+1
-2.088005E+1
-2.088005E+1
-2.088005E+1
-2.088005E+1
-2.088005E+1
-2.088005E+1
-2.088005E+1
-2.088005E+1
-2.088005E+1
-2.088005E+1
-2.088005E+1
-1.397840E+1
-1.266275E+1
-1.195274E+1
-1.147499E+1
-1.118099E+1
-1.094579E+1
-1.077380E+1
-1.067237E+1
-1.063268E+1
-1.065326E+1
-1.075322E+1
-1.092374E+1
-1.120745E+1
-1.162346E+1
-1.217765E+1
-1.292441E+1
-1.389020E+1
-1.499858E+1
-1.587911E+1
-1.587911E+1
-1.499858E+1
-1.416803E+1
-1.342274E+1
-1.292441E+1
-1.266275E+1
-1.261277E+1
-1.281563E+1
-1.328750E+1
-1.407101E+1
-1.499858E+1
-1.610843E+1
-1.610843E+1
-1.499858E+1
-1.356680E+1
-1.242902E+1
-1.153379E+1
-1.085759E+1
-1.034309E+1
-9.999108E+0
-9.778608E+0
-9.688938E+0
-9.738918E+0
-9.927078E+0
-1.029311E+1
-1.090169E+1
-1.188218E+1
-1.380494E+1
-2.088005E+1
-2.088005E+1
-2.088005E+1
-2.088005E+1
-2.088005E+1
-2.088005E+1
-2.088005E+1
-2.088005E+1
-2.088005E+1
-1.738439E+1
-1.472663E+1
-1.397840E+1
-1.364324E+1
-1.356680E+1
-1.372262E+1
-1.397840E+1
-1.448555E+1
-1.514852E+1
-1.610843E+1
-1.849424E+1
-2.088005E+1
-2.088005E+1
