Date/Time	2022-06-13 17:05:36
Line location	3
Line name	C1
OTDR wavelength [nm]	1625
OTDR pulse duration [ns]	2
OTDR scan time [s]	10
OTDR scan length [m]	1.500000E+2
Length offset [m]	0.000000E+0
Length increment [m]	3.996806E-2
Switch ID	VIAVI Solutions,OTU 8000E,11654,FO,16.76
OTDR ID	JDSU,OTU 8000E,11654,OTU(SmartOTU),V7.22

Reflected amplitude [dB]
1.179712E+0
1.113562E+0
1.044472E+0
9.856720E-1
9.356920E-1
9.224620E-1
9.739120E-1
1.087102E+0
1.267912E+0
1.513402E+0
1.789762E+0
2.052892E+0
2.273392E+0
2.443912E+0
2.570332E+0
2.658532E+0
2.712922E+0
2.726152E+0
2.702632E+0
2.648242E+0
2.552692E+0
2.423332E+0
2.270452E+0
2.092582E+0
1.900012E+0
1.710382E+0
1.520752E+0
1.320832E+0
1.122382E+0
9.415720E-1
7.798720E-1
6.225820E-1
4.770520E-1
3.506320E-1
2.477320E-1
1.668820E-1
1.051420E-1
5.810200E-2
2.576200E-2
3.712000E-3
-9.518000E-3
-1.686800E-2
-1.980800E-2
-2.274800E-2
-2.568800E-2
-3.303800E-2
-4.332800E-2
-5.949800E-2
-7.860800E-2
-1.035980E-1
-1.300580E-1
-1.594580E-1
-1.903280E-1
-2.182580E-1
-2.447180E-1
-2.667680E-1
-2.844080E-1
-2.976380E-1
-3.079280E-1
-3.152780E-1
-3.211580E-1
-3.285080E-1
-3.387980E-1
-3.490880E-1
-3.623180E-1
-3.770180E-1
-3.902480E-1
-4.005380E-1
-4.064180E-1
-4.034780E-1
-3.931880E-1
-3.755480E-1
-3.490880E-1
-3.167480E-1
-2.799980E-1
-2.417780E-1
-2.050280E-1
-1.741580E-1
-1.476980E-1
-1.300580E-1
-1.212380E-1
-1.212380E-1
-1.315280E-1
-1.491680E-1
-1.741580E-1
-2.050280E-1
-2.373680E-1
-2.711780E-1
-3.035180E-1
-3.343880E-1
-3.608480E-1
-3.858380E-1
-4.049480E-1
-4.225880E-1
-4.372880E-1
-4.519880E-1
-4.652180E-1
-4.784480E-1
-4.916780E-1
-5.063780E-1
-5.210780E-1
-5.357780E-1
-5.475380E-1
-5.592980E-1
-5.695880E-1
-5.798780E-1
-5.886980E-1
-5.975180E-1
-6.078080E-1
-6.195680E-1
-6.313280E-1
-6.460280E-1
-6.592580E-1
-6.695480E-1
-6.783680E-1
-6.827780E-1
-6.827780E-1
-6.768980E-1
-6.680780E-1
-6.548480E-1
-6.386780E-1
-6.225080E-1
-6.078080E-1
-5.931080E-1
-5.828180E-1
-5.754680E-1
-5.725280E-1
-5.725280E-1
-5.784080E-1
-5.886980E-1
-6.004580E-1
-6.136880E-1
-6.298580E-1
-6.430880E-1
-6.548480E-1
-6.636680E-1
-6.680780E-1
-6.695480E-1
-6.651380E-1
-6.592580E-1
-6.489680E-1
-6.372080E-1
-6.239780E-1
-6.078080E-1
-5.901680E-1
-5.695880E-1
-5.460680E-1
-5.181380E-1
-4.681580E-1
-3.755480E-1
-2.623580E-1
-1.491680E-1
-3.597800E-2
7.280200E-2
1.624720E-1
2.315620E-1
2.844820E-1
3.227020E-1
3.462220E-1
3.609220E-1
3.653320E-1
3.550420E-1
3.212320E-1
2.668420E-1
2.065720E-1
1.433620E-1
7.868200E-2
1.400200E-2
-4.626800E-2
-1.021280E-1
-1.535780E-1
-1.976780E-1
-2.388380E-1
-2.741180E-1
-3.064580E-1
-3.358580E-1
-3.637880E-1
-3.887780E-1
-4.122980E-1
-4.328780E-1
-4.490480E-1
-4.622780E-1
-4.725680E-1
-4.799180E-1
-4.828580E-1
-4.857980E-1
-4.872680E-1
-4.887380E-1
-4.916780E-1
-4.960880E-1
-5.019680E-1
-5.078480E-1
-5.137280E-1
-5.210780E-1
-5.269580E-1
-5.313680E-1
-5.357780E-1
-5.401880E-1
-5.431280E-1
-5.460680E-1
-5.475380E-1
-5.490080E-1
-5.504780E-1
-5.490080E-1
-5.475380E-1
-5.445980E-1
-5.416580E-1
-5.372480E-1
-5.313680E-1
-5.269580E-1
-5.225480E-1
-5.181380E-1
-5.137280E-1
-5.093180E-1
-5.034380E-1
-4.960880E-1
-4.843280E-1
-4.696280E-1
-4.519880E-1
-4.314080E-1
-4.064180E-1
-3.814280E-1
-3.564380E-1
-3.329180E-1
-3.138080E-1
-2.991080E-1
-2.917580E-1
-2.902880E-1
-2.976380E-1
-3.093980E-1
-3.270380E-1
-3.476180E-1
-3.696680E-1
-3.931880E-1
-4.167080E-1
-4.387580E-1
-4.593380E-1
-4.799180E-1
-4.975580E-1
-5.137280E-1
-5.284280E-1
-5.401880E-1
-5.504780E-1
-5.578280E-1
-5.637080E-1
-5.651780E-1
-5.651780E-1
-5.622380E-1
-5.592980E-1
-5.548880E-1
-5.504780E-1
-5.445980E-1
-5.401880E-1
-5.357780E-1
-5.298980E-1
-5.254880E-1
-5.181380E-1
-5.122580E-1
-5.049080E-1
-4.960880E-1
-4.887380E-1
-4.813880E-1
-4.755080E-1
-4.710980E-1
-4.681580E-1
-4.681580E-1
-4.696280E-1
-4.710980E-1
-4.740380E-1
-4.769780E-1
-4.799180E-1
-4.828580E-1
-4.872680E-1
-4.916780E-1
-4.960880E-1
-5.019680E-1
-5.078480E-1
-5.137280E-1
-5.181380E-1
-5.196080E-1
-5.181380E-1
-5.122580E-1
-5.049080E-1
-4.931480E-1
-4.813880E-1
-4.681580E-1
-4.578680E-1
-4.490480E-1
-4.431680E-1
-4.416980E-1
-4.446380E-1
-4.490480E-1
-4.578680E-1
-4.666880E-1
-4.769780E-1
-4.872680E-1
-4.975580E-1
-5.063780E-1
-5.137280E-1
-5.196080E-1
-5.240180E-1
-5.254880E-1
-5.269580E-1
-5.269580E-1
-5.269580E-1
-5.298980E-1
-5.343080E-1
-5.431280E-1
-5.548880E-1
-5.681180E-1
-5.842880E-1
-6.004580E-1
-6.151580E-1
-6.283880E-1
-6.357380E-1
-6.401480E-1
-6.401480E-1
-6.357380E-1
-6.283880E-1
-6.180980E-1
-6.063380E-1
-5.931080E-1
-5.798780E-1
-5.666480E-1
-5.563580E-1
-5.460680E-1
-5.372480E-1
-5.298980E-1
-5.240180E-1
-5.196080E-1
-5.151980E-1
-5.122580E-1
-5.107880E-1
-5.093180E-1
-5.078480E-1
-5.078480E-1
-5.093180E-1
-5.107880E-1
-5.137280E-1
-5.181380E-1
-5.210780E-1
-5.254880E-1
-5.298980E-1
-5.313680E-1
-5.328380E-1
-5.328380E-1
-5.313680E-1
-5.284280E-1
-5.254880E-1
-5.210780E-1
-5.151980E-1
-5.122580E-1
-5.093180E-1
-5.093180E-1
-5.107880E-1
-5.137280E-1
-5.166680E-1
-5.225480E-1
-5.269580E-1
-5.328380E-1
-5.372480E-1
-5.416580E-1
-5.460680E-1
-5.490080E-1
-5.534180E-1
-5.563580E-1
-5.592980E-1
-5.622380E-1
-5.651780E-1
-5.666480E-1
-5.666480E-1
-5.651780E-1
-5.622380E-1
-5.592980E-1
-5.534180E-1
-5.475380E-1
-5.401880E-1
-5.313680E-1
-5.210780E-1
-5.093180E-1
-4.990280E-1
-4.887380E-1
-4.828580E-1
-4.784480E-1
-4.784480E-1
-4.828580E-1
-4.916780E-1
-5.004980E-1
-5.122580E-1
-5.240180E-1
-5.328380E-1
-5.401880E-1
-5.460680E-1
-5.490080E-1
-5.504780E-1
-5.519480E-1
-5.519480E-1
-5.519480E-1
-5.534180E-1
-5.534180E-1
-5.519480E-1
-5.490080E-1
-5.460680E-1
-5.401880E-1
-5.328380E-1
-5.225480E-1
-5.107880E-1
-4.975580E-1
-4.828580E-1
-4.666880E-1
-4.490480E-1
-4.299380E-1
-4.122980E-1
-3.946580E-1
-3.799580E-1
-3.681980E-1
-3.608480E-1
-3.564380E-1
-3.564380E-1
-3.608480E-1
-3.681980E-1
-3.784880E-1
-3.902480E-1
-4.049480E-1
-4.181780E-1
-4.328780E-1
-4.461080E-1
-4.593380E-1
-4.710980E-1
-4.799180E-1
-4.872680E-1
-4.946180E-1
-4.990280E-1
-5.034380E-1
-5.049080E-1
-5.063780E-1
-5.078480E-1
-5.063780E-1
-5.034380E-1
-5.004980E-1
-4.946180E-1
-4.887380E-1
-4.843280E-1
-4.784480E-1
-4.755080E-1
-4.725680E-1
-4.725680E-1
-4.740380E-1
-4.755080E-1
-4.784480E-1
-4.828580E-1
-4.857980E-1
-4.902080E-1
-4.931480E-1
-4.946180E-1
-4.975580E-1
-4.990280E-1
-5.004980E-1
-4.990280E-1
-4.975580E-1
-4.946180E-1
-4.902080E-1
-4.857980E-1
-4.784480E-1
-4.710980E-1
-4.637480E-1
-4.563980E-1
-4.490480E-1
-4.446380E-1
-4.402280E-1
-4.372880E-1
-4.372880E-1
-4.387580E-1
-4.416980E-1
-4.461080E-1
-4.519880E-1
-4.593380E-1
-4.652180E-1
-4.710980E-1
-4.769780E-1
-4.799180E-1
-4.813880E-1
-4.828580E-1
-4.828580E-1
-4.813880E-1
-4.799180E-1
-4.755080E-1
-4.725680E-1
-4.681580E-1
-4.637480E-1
-4.608080E-1
-4.578680E-1
-4.563980E-1
-4.563980E-1
-4.563980E-1
-4.578680E-1
-4.593380E-1
-4.608080E-1
-4.608080E-1
-4.593380E-1
-4.578680E-1
-4.563980E-1
-4.534580E-1
-4.534580E-1
-4.534580E-1
-4.549280E-1
-4.563980E-1
-4.593380E-1
-4.622780E-1
-4.652180E-1
-4.666880E-1
-4.696280E-1
-4.740380E-1
-4.784480E-1
-4.843280E-1
-4.902080E-1
-4.975580E-1
-5.049080E-1
-5.122580E-1
-5.166680E-1
-5.210780E-1
-5.225480E-1
-5.225480E-1
-5.225480E-1
-5.210780E-1
-5.196080E-1
-5.181380E-1
-5.181380E-1
-5.166680E-1
-5.151980E-1
-5.137280E-1
-5.122580E-1
-5.093180E-1
-5.063780E-1
-5.019680E-1
-4.990280E-1
-4.960880E-1
-4.946180E-1
-4.946180E-1
-4.931480E-1
-4.931480E-1
-4.931480E-1
-4.931480E-1
-4.916780E-1
-4.916780E-1
-4.916780E-1
-4.931480E-1
-4.975580E-1
-5.049080E-1
-5.122580E-1
-5.225480E-1
-5.328380E-1
-5.416580E-1
-5.504780E-1
-5.548880E-1
-5.578280E-1
-5.578280E-1
-5.563580E-1
-5.519480E-1
-5.460680E-1
-5.387180E-1
-5.298980E-1
-5.210780E-1
-5.093180E-1
-4.990280E-1
-4.872680E-1
-4.755080E-1
-4.652180E-1
-4.578680E-1
-4.519880E-1
-4.475780E-1
-4.461080E-1
-4.475780E-1
-4.519880E-1
-4.593380E-1
-4.681580E-1
-4.784480E-1
-4.887380E-1
-5.004980E-1
-5.107880E-1
-5.196080E-1
-5.269580E-1
-5.313680E-1
-5.328380E-1
-5.343080E-1
-5.343080E-1
-5.343080E-1
-5.372480E-1
-5.416580E-1
-5.475380E-1
-5.548880E-1
-5.637080E-1
-5.725280E-1
-5.798780E-1
-5.842880E-1
-5.857580E-1
-5.828180E-1
-5.769380E-1
-5.695880E-1
-5.592980E-1
-5.504780E-1
-5.416580E-1
-5.357780E-1
-5.313680E-1
-5.298980E-1
-5.284280E-1
-5.298980E-1
-5.313680E-1
-5.357780E-1
-5.387180E-1
-5.431280E-1
-5.490080E-1
-5.563580E-1
-5.637080E-1
-5.710580E-1
-5.784080E-1
-5.842880E-1
-5.901680E-1
-5.931080E-1
-5.931080E-1
-5.931080E-1
-5.901680E-1
-5.857580E-1
-5.798780E-1
-5.725280E-1
-5.637080E-1
-5.534180E-1
-5.445980E-1
-5.343080E-1
-5.269580E-1
-5.196080E-1
-5.166680E-1
-5.166680E-1
-5.210780E-1
-5.298980E-1
-5.401880E-1
-5.519480E-1
-5.637080E-1
-5.725280E-1
-5.784080E-1
-5.798780E-1
-5.769380E-1
-5.681180E-1
-5.548880E-1
-5.401880E-1
-5.210780E-1
-5.034380E-1
-4.857980E-1
-4.710980E-1
-4.593380E-1
-4.505180E-1
-4.461080E-1
-4.446380E-1
-4.461080E-1
-4.505180E-1
-4.563980E-1
-4.622780E-1
-4.666880E-1
-4.710980E-1
-4.740380E-1
-4.740380E-1
-4.740380E-1
-4.725680E-1
-4.696280E-1
-4.681580E-1
-4.652180E-1
-4.652180E-1
-4.652180E-1
-4.666880E-1
-4.696280E-1
-4.725680E-1
-4.755080E-1
-4.799180E-1
-4.828580E-1
-4.872680E-1
-4.902080E-1
-4.946180E-1
-4.990280E-1
-5.019680E-1
-5.049080E-1
-5.078480E-1
-5.122580E-1
-5.151980E-1
-5.181380E-1
-5.210780E-1
-5.254880E-1
-5.284280E-1
-5.313680E-1
-5.343080E-1
-5.357780E-1
-5.357780E-1
-5.343080E-1
-5.313680E-1
-5.298980E-1
-5.269580E-1
-5.254880E-1
-5.240180E-1
-5.225480E-1
-5.210780E-1
-5.196080E-1
-5.166680E-1
-5.122580E-1
-5.078480E-1
-5.019680E-1
-4.960880E-1
-4.902080E-1
-4.857980E-1
-4.828580E-1
-4.828580E-1
-4.857980E-1
-4.887380E-1
-4.946180E-1
-5.019680E-1
-5.078480E-1
-5.151980E-1
-5.210780E-1
-5.254880E-1
-5.284280E-1
-5.313680E-1
-5.313680E-1
-5.313680E-1
-5.313680E-1
-5.298980E-1
-5.269580E-1
-5.254880E-1
-5.240180E-1
-5.210780E-1
-5.181380E-1
-5.151980E-1
-5.107880E-1
-5.063780E-1
-5.019680E-1
-5.004980E-1
-4.975580E-1
-4.975580E-1
-5.004980E-1
-5.034380E-1
-5.063780E-1
-5.093180E-1
-5.122580E-1
-5.151980E-1
-5.166680E-1
-5.151980E-1
-5.137280E-1
-5.122580E-1
-5.107880E-1
-5.093180E-1
-5.093180E-1
-5.122580E-1
-5.166680E-1
-5.225480E-1
-5.313680E-1
-5.401880E-1
-5.504780E-1
-5.607680E-1
-5.710580E-1
-5.784080E-1
-5.842880E-1
-5.886980E-1
-5.916380E-1
-5.916380E-1
-5.916380E-1
-5.886980E-1
-5.872280E-1
-5.842880E-1
-5.828180E-1
-5.813480E-1
-5.798780E-1
-5.784080E-1
-5.784080E-1
-5.769380E-1
-5.754680E-1
-5.739980E-1
-5.725280E-1
-5.695880E-1
-5.666480E-1
-5.607680E-1
-5.563580E-1
-5.490080E-1
-5.431280E-1
-5.372480E-1
-5.343080E-1
-5.313680E-1
-5.313680E-1
-5.343080E-1
-5.401880E-1
-5.460680E-1
-5.534180E-1
-5.607680E-1
-5.651780E-1
-5.695880E-1
-5.695880E-1
-5.695880E-1
-5.666480E-1
-5.637080E-1
-5.592980E-1
-5.548880E-1
-5.504780E-1
-5.475380E-1
-5.431280E-1
-5.416580E-1
-5.401880E-1
-5.387180E-1
-5.401880E-1
-5.416580E-1
-5.460680E-1
-5.504780E-1
-5.548880E-1
-5.592980E-1
-5.651780E-1
-5.681180E-1
-5.725280E-1
-5.739980E-1
-5.769380E-1
-5.769380E-1
-5.784080E-1
-5.784080E-1
-5.784080E-1
-5.754680E-1
-5.725280E-1
-5.695880E-1
-5.666480E-1
-5.622380E-1
-5.578280E-1
-5.548880E-1
-5.534180E-1
-5.534180E-1
-5.534180E-1
-5.534180E-1
-5.534180E-1
-5.534180E-1
-5.519480E-1
-5.504780E-1
-5.460680E-1
-5.416580E-1
-5.372480E-1
-5.328380E-1
-5.298980E-1
-5.284280E-1
-5.269580E-1
-5.269580E-1
-5.284280E-1
-5.298980E-1
-5.298980E-1
-5.313680E-1
-5.298980E-1
-5.284280E-1
-5.254880E-1
-5.240180E-1
-5.210780E-1
-5.210780E-1
-5.225480E-1
-5.254880E-1
-5.313680E-1
-5.372480E-1
-5.445980E-1
-5.504780E-1
-5.563580E-1
-5.592980E-1
-5.607680E-1
-5.622380E-1
-5.622380E-1
-5.637080E-1
-5.651780E-1
-5.681180E-1
-5.725280E-1
-5.784080E-1
-5.842880E-1
-5.886980E-1
-5.916380E-1
-5.916380E-1
-5.886980E-1
-5.828180E-1
-5.739980E-1
-5.622380E-1
-5.504780E-1
-5.372480E-1
-5.240180E-1
-5.122580E-1
-5.034380E-1
-4.960880E-1
-4.916780E-1
-4.887380E-1
-4.887380E-1
-4.902080E-1
-4.916780E-1
-4.946180E-1
-4.975580E-1
-5.004980E-1
-5.049080E-1
-5.078480E-1
-5.093180E-1
-5.122580E-1
-5.122580E-1
-5.107880E-1
-5.093180E-1
-5.049080E-1
-4.990280E-1
-4.931480E-1
-4.872680E-1
-4.828580E-1
-4.799180E-1
-4.784480E-1
-4.799180E-1
-4.828580E-1
-4.887380E-1
-4.960880E-1
-5.034380E-1
-5.122580E-1
-5.196080E-1
-5.269580E-1
-5.328380E-1
-5.372480E-1
-5.416580E-1
-5.460680E-1
-5.475380E-1
-5.490080E-1
-5.504780E-1
-5.504780E-1
-5.490080E-1
-5.460680E-1
-5.431280E-1
-5.387180E-1
-5.343080E-1
-5.313680E-1
-5.269580E-1
-5.254880E-1
-5.240180E-1
-5.225480E-1
-5.225480E-1
-5.240180E-1
-5.254880E-1
-5.254880E-1
-5.269580E-1
-5.284280E-1
-5.284280E-1
-5.284280E-1
-5.284280E-1
-5.284280E-1
-5.284280E-1
-5.284280E-1
-5.284280E-1
-5.284280E-1
-5.284280E-1
-5.284280E-1
-5.254880E-1
-5.210780E-1
-5.166680E-1
-5.093180E-1
-5.019680E-1
-4.946180E-1
-4.872680E-1
-4.813880E-1
-4.755080E-1
-4.696280E-1
-4.666880E-1
-4.622780E-1
-4.608080E-1
-4.593380E-1
-4.593380E-1
-4.608080E-1
-4.622780E-1
-4.666880E-1
-4.696280E-1
-4.740380E-1
-4.769780E-1
-4.799180E-1
-4.813880E-1
-4.828580E-1
-4.828580E-1
-4.813880E-1
-4.813880E-1
-4.784480E-1
-4.755080E-1
-4.725680E-1
-4.681580E-1
-4.637480E-1
-4.593380E-1
-4.563980E-1
-4.563980E-1
-4.578680E-1
-4.608080E-1
-4.652180E-1
-4.725680E-1
-4.799180E-1
-4.872680E-1
-4.960880E-1
-5.034380E-1
-5.107880E-1
-5.181380E-1
-5.254880E-1
-5.298980E-1
-5.343080E-1
-5.357780E-1
-5.372480E-1
-5.372480E-1
-5.357780E-1
-5.357780E-1
-5.343080E-1
-5.343080E-1
-5.357780E-1
-5.372480E-1
-5.387180E-1
-5.401880E-1
-5.431280E-1
-5.445980E-1
-5.460680E-1
-5.460680E-1
-5.475380E-1
-5.490080E-1
-5.504780E-1
-5.519480E-1
-5.534180E-1
-5.534180E-1
-5.519480E-1
-5.475380E-1
-5.401880E-1
-5.298980E-1
-5.151980E-1
-4.960880E-1
-4.755080E-1
-4.534580E-1
-4.299380E-1
-4.064180E-1
-3.843680E-1
-3.637880E-1
-3.461480E-1
-3.329180E-1
-3.255680E-1
-3.240980E-1
-3.299780E-1
-3.417380E-1
-3.608480E-1
-3.917180E-1
-4.372880E-1
-4.960880E-1
-5.681180E-1
-6.519080E-1
-7.386380E-1
-8.238980E-1
-9.076880E-1
-9.900080E-1
-1.073798E+0
-1.154648E+0
-1.234028E+0
-1.310468E+0
-1.383968E+0
-1.450118E+0
-1.511858E+0
-1.564778E+0
-1.610348E+0
-1.647098E+0
-1.675028E+0
-1.695608E+0
-1.708838E+0
-1.719128E+0
-1.725008E+0
-1.729418E+0
-1.732358E+0
-1.736768E+0
-1.739708E+0
-1.741178E+0
-1.741178E+0
-1.738238E+0
-1.733828E+0
-1.726478E+0
-1.717658E+0
-1.705898E+0
-1.695608E+0
-1.686788E+0
-1.680908E+0
-1.679438E+0
-1.682378E+0
-1.691198E+0
-1.705898E+0
-1.726478E+0
-1.751468E+0
-1.779398E+0
-1.808798E+0
-1.838198E+0
-1.866128E+0
-1.891118E+0
-1.913168E+0
-1.930808E+0
-1.945508E+0
-1.957268E+0
-1.966088E+0
-1.971968E+0
-1.973438E+0
-1.970498E+0
-1.963148E+0
-1.952858E+0
-1.939628E+0
-1.923458E+0
-1.907288E+0
-1.888178E+0
-1.870538E+0
-1.851428E+0
-1.830848E+0
-1.810268E+0
-1.789688E+0
-1.770578E+0
-1.752938E+0
-1.738238E+0
-1.727948E+0
-1.723538E+0
-1.725008E+0
-1.732358E+0
-1.744118E+0
-1.760288E+0
-1.777928E+0
-1.798508E+0
-1.817618E+0
-1.836728E+0
-1.852898E+0
-1.866128E+0
-1.877888E+0
-1.886708E+0
-1.894058E+0
-1.901408E+0
-1.908758E+0
-1.917578E+0
-1.927868E+0
-1.941098E+0
-1.957268E+0
-1.974908E+0
-1.992548E+0
-2.011658E+0
-2.029298E+0
-2.045468E+0
-2.058698E+0
-2.068988E+0
-2.079278E+0
-2.088098E+0
-2.093978E+0
-2.098388E+0
-2.102798E+0
-2.105738E+0
-2.108678E+0
-2.110148E+0
-2.113088E+0
-2.117498E+0
-2.120438E+0
-2.123378E+0
-2.124848E+0
-2.123378E+0
-2.118968E+0
-2.110148E+0
-2.098388E+0
-2.083688E+0
-2.067518E+0
-2.052818E+0
-2.041058E+0
-2.033708E+0
-2.030768E+0
-2.035178E+0
-2.043998E+0
-2.058698E+0
-2.074868E+0
-2.092508E+0
-2.110148E+0
-2.124848E+0
-2.138078E+0
-2.148368E+0
-2.152778E+0
-2.152778E+0
-2.149838E+0
-2.143958E+0
-2.136608E+0
-2.129258E+0
-2.121908E+0
-2.116028E+0
-2.114558E+0
-2.114558E+0
-2.118968E+0
-2.124848E+0
-2.130728E+0
-2.138078E+0
-2.145428E+0
-2.149838E+0
-2.152778E+0
-2.154248E+0
-2.154248E+0
-2.154248E+0
-2.155718E+0
-2.158658E+0
-2.166008E+0
-2.174828E+0
-2.188058E+0
-2.202758E+0
-2.218928E+0
-2.232158E+0
-2.242448E+0
-2.246858E+0
-2.246858E+0
-2.242448E+0
-2.233628E+0
-2.221868E+0
-2.208638E+0
-2.196878E+0
-2.186588E+0
-2.179238E+0
-2.176298E+0
-2.176298E+0
-2.177768E+0
-2.182178E+0
-2.186588E+0
-2.193938E+0
-2.199818E+0
-2.207168E+0
-2.213048E+0
-2.218928E+0
-2.224808E+0
-2.232158E+0
-2.238038E+0
-2.243918E+0
-2.249798E+0
-2.257148E+0
-2.263028E+0
-2.267438E+0
-2.270378E+0
-2.271848E+0
-2.268908E+0
-2.264498E+0
-2.258618E+0
-2.249798E+0
-2.242448E+0
-2.233628E+0
-2.224808E+0
-2.218928E+0
-2.215988E+0
-2.215988E+0
-2.218928E+0
-2.227748E+0
-2.238038E+0
-2.252738E+0
-2.268908E+0
-2.286548E+0
-2.302718E+0
-2.315948E+0
-2.326238E+0
-2.330648E+0
-2.332118E+0
-2.329178E+0
-2.323298E+0
-2.314478E+0
-2.302718E+0
-2.292428E+0
-2.283608E+0
-2.276258E+0
-2.273318E+0
-2.274788E+0
-2.280668E+0
-2.289488E+0
-2.301248E+0
-2.314478E+0
-2.327708E+0
-2.337998E+0
-2.346818E+0
-2.351228E+0
-2.351228E+0
-2.349758E+0
-2.348288E+0
-2.349758E+0
-2.352698E+0
-2.362988E+0
-2.376218E+0
-2.393858E+0
-2.414438E+0
-2.436488E+0
-2.457068E+0
-2.474708E+0
-2.486468E+0
-2.492348E+0
-2.492348E+0
-2.486468E+0
-2.477648E+0
-2.467358E+0
-2.457068E+0
-2.451188E+0
-2.448248E+0
-2.451188E+0
-2.460008E+0
-2.474708E+0
-2.492348E+0
-2.509988E+0
-2.529098E+0
-2.543798E+0
-2.554088E+0
-2.558498E+0
-2.557028E+0
-2.551148E+0
-2.542328E+0
-2.533508E+0
-2.527628E+0
-2.523218E+0
-2.524688E+0
-2.530568E+0
-2.539388E+0
-2.549678E+0
-2.559968E+0
-2.568788E+0
-2.574668E+0
-2.579078E+0
-2.579078E+0
-2.579078E+0
-2.577608E+0
-2.580548E+0
-2.584958E+0
-2.595248E+0
-2.609948E+0
-2.630528E+0
-2.655518E+0
-2.686388E+0
-2.718728E+0
-2.754008E+0
-2.789288E+0
-2.823098E+0
-2.852498E+0
-2.876018E+0
-2.890718E+0
-2.896598E+0
-2.893658E+0
-2.881898E+0
-2.867198E+0
-2.849558E+0
-2.831918E+0
-2.817218E+0
-2.808398E+0
-2.803988E+0
-2.802518E+0
-2.802518E+0
-2.802518E+0
-2.799578E+0
-2.790758E+0
-2.778998E+0
-2.761358E+0
-2.743718E+0
-2.727548E+0
-2.715788E+0
-2.708438E+0
-2.711378E+0
-2.720198E+0
-2.736368E+0
-2.758418E+0
-2.783408E+0
-2.808398E+0
-2.834858E+0
-2.856908E+0
-2.874548E+0
-2.887778E+0
-2.895128E+0
-2.896598E+0
-2.893658E+0
-2.886308E+0
-2.876018E+0
-2.864258E+0
-2.852498E+0
-2.842208E+0
-2.834858E+0
-2.830448E+0
-2.830448E+0
-2.831918E+0
-2.834858E+0
-2.840738E+0
-2.846618E+0
-2.853968E+0
-2.859848E+0
-2.865728E+0
-2.870138E+0
-2.871608E+0
-2.871608E+0
-2.867198E+0
-2.862788E+0
-2.856908E+0
-2.851028E+0
-2.849558E+0
-2.851028E+0
-2.855438E+0
-2.865728E+0
-2.880428E+0
-2.896598E+0
-2.915708E+0
-2.936288E+0
-2.956868E+0
-2.980388E+0
-3.006848E+0
-3.034778E+0
-3.067118E+0
-3.099458E+0
-3.133268E+0
-3.161198E+0
-3.184718E+0
-3.199418E+0
-3.203828E+0
-3.197948E+0
-3.183248E+0
-3.162668E+0
-3.140618E+0
-3.118568E+0
-3.100928E+0
-3.090638E+0
-3.086228E+0
-3.089168E+0
-3.097988E+0
-3.111218E+0
-3.124448E+0
-3.136208E+0
-3.140618E+0
-3.136208E+0
-3.124448E+0
-3.105338E+0
-3.078878E+0
-3.049478E+0
-3.018608E+0
-2.990678E+0
-2.967158E+0
-2.948048E+0
-2.934818E+0
-2.927468E+0
-2.925998E+0
-2.927468E+0
-2.931878E+0
-2.939228E+0
-2.949518E+0
-2.958338E+0
-2.968628E+0
-2.978918E+0
-2.992148E+0
-3.003908E+0
-3.017138E+0
-3.030368E+0
-3.045068E+0
-3.061238E+0
-3.078878E+0
-3.095048E+0
-3.111218E+0
-3.127388E+0
-3.145028E+0
-3.161198E+0
-3.178838E+0
-3.196478E+0
-3.215588E+0
-3.233228E+0
-3.247928E+0
-3.259688E+0
-3.265568E+0
-3.268508E+0
-3.264098E+0
-3.256748E+0
-3.244988E+0
-3.233228E+0
-3.222938E+0
-3.214118E+0
-3.208238E+0
-3.205298E+0
-3.206768E+0
-3.208238E+0
-3.212648E+0
-3.218528E+0
-3.224408E+0
-3.230288E+0
-3.236168E+0
-3.240578E+0
-3.242048E+0
-3.243518E+0
-3.242048E+0
-3.236168E+0
-3.230288E+0
-3.222938E+0
-3.214118E+0
-3.208238E+0
-3.205298E+0
-3.208238E+0
-3.217058E+0
-3.230288E+0
-3.249398E+0
-3.272918E+0
-3.296438E+0
-3.318488E+0
-3.336128E+0
-3.344948E+0
-3.346418E+0
-3.339068E+0
-3.324368E+0
-3.305258E+0
-3.283208E+0
-3.259688E+0
-3.237638E+0
-3.219998E+0
-3.205298E+0
-3.193538E+0
-3.184718E+0
-3.175898E+0
-3.168548E+0
-3.161198E+0
-3.150908E+0
-3.143558E+0
-3.136208E+0
-3.134738E+0
-3.134738E+0
-3.140618E+0
-3.153848E+0
-3.174428E+0
-3.200888E+0
-3.233228E+0
-3.265568E+0
-3.299378E+0
-3.328778E+0
-3.353768E+0
-3.368468E+0
-3.375818E+0
-3.372878E+0
-3.365528E+0
-3.355238E+0
-3.344948E+0
-3.340538E+0
-3.342008E+0
-3.353768E+0
-3.374348E+0
-3.402278E+0
-3.436088E+0
-3.474308E+0
-3.512528E+0
-3.546338E+0
-3.574268E+0
-3.596318E+0
-3.612488E+0
-3.622778E+0
-3.630128E+0
-3.634538E+0
-3.638948E+0
-3.643358E+0
-3.644828E+0
-3.644828E+0
-3.643358E+0
-3.637478E+0
-3.625718E+0
-3.611018E+0
-3.593378E+0
-3.574268E+0
-3.552218E+0
-3.528698E+0
-3.503708E+0
-3.478718E+0
-3.453728E+0
-3.431678E+0
-3.412568E+0
-3.399338E+0
-3.394928E+0
-3.399338E+0
-3.414038E+0
-3.437558E+0
-3.466958E+0
-3.500768E+0
-3.534578E+0
-3.562508E+0
-3.586028E+0
-3.600728E+0
-3.611018E+0
-3.616898E+0
-3.618368E+0
-3.621308E+0
-3.625718E+0
-3.631598E+0
-3.638948E+0
-3.646298E+0
-3.652178E+0
-3.656588E+0
-3.659528E+0
-3.660998E+0
-3.663938E+0
-3.666878E+0
-3.675698E+0
-3.685988E+0
-3.702158E+0
-3.718328E+0
-3.735968E+0
-3.752138E+0
-3.763898E+0
-3.771248E+0
-3.772718E+0
-3.768308E+0
-3.759488E+0
-3.747728E+0
-3.733028E+0
-3.716858E+0
-3.700688E+0
-3.683048E+0
-3.662468E+0
-3.641888E+0
-3.616898E+0
-3.591908E+0
-3.566918E+0
-3.543398E+0
-3.530168E+0
-3.525758E+0
-3.536048E+0
-3.562508E+0
-3.602198E+0
-3.656588E+0
-3.719798E+0
-3.787418E+0
-3.849158E+0
-3.900608E+0
-3.934418E+0
-3.950588E+0
-3.949118E+0
-3.931478E+0
-3.903548E+0
-3.871208E+0
-3.840338E+0
-3.815348E+0
-3.793298E+0
-3.777128E+0
-3.766838E+0
-3.762428E+0
-3.762428E+0
-3.766838E+0
-3.774188E+0
-3.790358E+0
-3.815348E+0
-3.846218E+0
-3.884438E+0
-3.924128E+0
-3.963818E+0
-3.999098E+0
-4.022618E+0
-4.029968E+0
-4.024088E+0
-4.004978E+0
-3.978518E+0
-3.949118E+0
-3.921188E+0
-3.903548E+0
-3.897668E+0
-3.905018E+0
-3.921188E+0
-3.941768E+0
-3.962348E+0
-3.977048E+0
-3.979988E+0
-3.968228E+0
-3.943238E+0
-3.906488E+0
-3.860918E+0
-3.810938E+0
-3.762428E+0
-3.719798E+0
-3.684518E+0
-3.660998E+0
-3.652178E+0
-3.660998E+0
-3.684518E+0
-3.724208E+0
-3.775658E+0
-3.840338E+0
-3.910898E+0
-3.982928E+0
-4.050548E+0
-4.103468E+0
-4.140218E+0
-4.156388E+0
-4.150508E+0
-4.122578E+0
-4.077008E+0
-4.018208E+0
-3.954998E+0
-3.893258E+0
-3.837398E+0
-3.794768E+0
-3.765368E+0
-3.750668E+0
-3.752138E+0
-3.765368E+0
-3.785948E+0
-3.812408E+0
-3.841808E+0
-3.871208E+0
-3.899138E+0
-3.927068E+0
-3.954998E+0
-3.984398E+0
-4.016738E+0
-4.050548E+0
-4.081418E+0
-4.107878E+0
-4.129928E+0
-4.144628E+0
-4.150508E+0
-4.147568E+0
-4.135808E+0
-4.122578E+0
-4.107878E+0
-4.096118E+0
-4.087298E+0
-4.082888E+0
-4.082888E+0
-4.084358E+0
-4.084358E+0
-4.079948E+0
-4.068188E+0
-4.050548E+0
-4.024088E+0
-3.993218E+0
-3.959408E+0
-3.924128E+0
-3.894728E+0
-3.871208E+0
-3.855038E+0
-3.850628E+0
-3.855038E+0
-3.872678E+0
-3.902078E+0
-3.941768E+0
-3.993218E+0
-4.053488E+0
-4.121108E+0
-4.193138E+0
-4.265168E+0
-4.329848E+0
-4.379828E+0
-4.410698E+0
-4.419518E+0
-4.406288E+0
-4.373948E+0
-4.331318E+0
-4.284278E+0
-4.241648E+0
-4.210778E+0
-4.196078E+0
-4.196078E+0
-4.209308E+0
-4.234298E+0
-4.262228E+0
-4.287218E+0
-4.303388E+0
-4.307798E+0
-4.297508E+0
-4.273988E+0
-4.238708E+0
-4.196078E+0
-4.151978E+0
-4.110818E+0
-4.075538E+0
-4.050548E+0
-4.038788E+0
-4.043198E+0
-4.062308E+0
-4.096118E+0
-4.143158E+0
-4.201958E+0
-4.269578E+0
-4.340138E+0
-4.415108E+0
-4.488608E+0
-4.557698E+0
-4.619438E+0
-4.672358E+0
-4.716458E+0
-4.747328E+0
-4.764968E+0
-4.772318E+0
-4.766438E+0
-4.753208E+0
-4.731158E+0
-4.709108E+0
-4.684118E+0
-4.662068E+0
-4.644428E+0
-4.634138E+0
-4.629728E+0
-4.632668E+0
-4.641488E+0
-4.651778E+0
-4.665008E+0
-4.678238E+0
-4.687058E+0
-4.692938E+0
-4.689998E+0
-4.679708E+0
-4.662068E+0
-4.637078E+0
-4.613558E+0
-4.284278E+0
-3.371408E+0
-2.239508E+0
-1.139948E+0
-1.329980E-1
7.431220E-1
1.479592E+0
2.085232E+0
2.573272E+0
2.962822E+0
3.268582E+0
3.496432E+0
3.655192E+0
3.746332E+0
3.777202E+0
3.752212E+0
3.675772E+0
3.547882E+0
3.368542E+0
3.139222E+0
2.864332E+0
2.549752E+0
2.189602E+0
1.785352E+0
1.345822E+0
8.666020E-1
3.565120E-1
-1.638680E-1
-6.886580E-1
-1.223738E+0
-1.761758E+0
-2.283608E+0
-2.770178E+0
-3.214118E+0
-3.615428E+0
-3.972638E+0
-4.291628E+0
-4.581218E+0
-4.851698E+0
-5.114828E+0
-5.379428E+0
-5.655788E+0
-5.957138E+0
-6.289358E+0
-6.656858E+0
-7.055228E+0
-7.487408E+0
-7.941638E+0
-8.429678E+0
-8.925068E+0
-9.413108E+0
-9.893798E+0
-1.037743E+1
-1.093456E+1
-1.163869E+1
-1.284262E+1
-1.650439E+1
-2.000005E+1
-2.000005E+1
-2.000005E+1
-2.000005E+1
-2.000005E+1
-2.000005E+1
-2.000005E+1
-2.000005E+1
-2.000005E+1
-2.000005E+1
-2.000005E+1
-2.000005E+1
-2.000005E+1
-2.000005E+1
-1.338799E+1
-1.173277E+1
-1.110802E+1
-1.093456E+1
-1.114477E+1
-1.173277E+1
-1.328803E+1
-2.000005E+1
-2.000005E+1
-2.000005E+1
-2.000005E+1
-2.000005E+1
-2.000005E+1
-2.000005E+1
-2.000005E+1
-2.000005E+1
-2.000005E+1
-2.000005E+1
-2.000005E+1
-2.000005E+1
-2.000005E+1
-2.000005E+1
-2.000005E+1
-2.000005E+1
-2.000005E+1
-2.000005E+1
-2.000005E+1
-2.000005E+1
-2.000005E+1
-2.000005E+1
-2.000005E+1
-2.000005E+1
-2.000005E+1
-2.000005E+1
-2.000005E+1
-2.000005E+1
-2.000005E+1
-2.000005E+1
-2.000005E+1
-2.000005E+1
-2.000005E+1
-2.000005E+1
-2.000005E+1
-2.000005E+1
-2.000005E+1
-2.000005E+1
-2.000005E+1
-2.000005E+1
-2.000005E+1
-2.000005E+1
-2.000005E+1
-2.000005E+1
-2.000005E+1
-2.000005E+1
-2.000005E+1
-2.000005E+1
-2.000005E+1
-2.000005E+1
-2.000005E+1
-2.000005E+1
-2.000005E+1
-2.000005E+1
-2.000005E+1
-2.000005E+1
-2.000005E+1
-2.000005E+1
-2.000005E+1
-2.000005E+1
-2.000005E+1
-1.254274E+1
-1.071259E+1
-9.832058E+0
-9.346958E+0
-9.133808E+0
-9.119108E+0
-9.252878E+0
-9.567458E+0
-1.008784E+1
-1.090222E+1
-1.227961E+1
-1.548421E+1
-2.000005E+1
-2.000005E+1
-2.000005E+1
-2.000005E+1
-2.000005E+1
-2.000005E+1
-1.698949E+1
-1.254274E+1
-1.110802E+1
-1.027747E+1
-9.752678E+0
-9.463088E+0
-9.316088E+0
-9.283748E+0
-9.379298E+0
-9.567458E+0
-9.832058E+0
-1.015693E+1
-1.048327E+1
-1.077433E+1
-1.090222E+1
-1.086841E+1
-1.062439E+1
-1.025248E+1
-9.811478E+0
-9.379298E+0
-8.977988E+0
-8.651648E+0
-8.409098E+0
-8.267978E+0
-8.228288E+0
-8.297378E+0
-8.482598E+0
-8.822168E+0
-9.299918E+0
-9.977588E+0
-1.086841E+1
-1.198855E+1
-1.328803E+1
-1.426852E+1
-1.411858E+1
-1.328803E+1
-1.254274E+1
-1.204441E+1
-1.183273E+1
-1.198855E+1
-1.268680E+1
-1.499911E+1
-2.000005E+1
-2.000005E+1
-2.000005E+1
-2.000005E+1
-2.000005E+1
-2.000005E+1
-2.000005E+1
-2.000005E+1
-2.000005E+1
-2.000005E+1
-2.000005E+1
-2.000005E+1
-2.000005E+1
-2.000005E+1
-2.000005E+1
-1.397893E+1
-1.110802E+1
-1.008784E+1
-9.567458E+0
-9.316088E+0
-9.207308E+0
-9.222008E+0
-9.283748E+0
-9.363128E+0
-9.413108E+0
-9.413108E+0
-9.346958E+0
-9.207308E+0
-9.033848E+0
-8.822168E+0
-8.604608E+0
-8.398808E+0
-8.238578E+0
-8.134208E+0
-8.097458E+0
-8.134208E+0
-8.276798E+0
-8.538458E+0
-8.925068E+0
-9.496898E+0
-1.032745E+1
-1.168573E+1
-1.577380E+1
-2.000005E+1
-2.000005E+1
-2.000005E+1
-2.000005E+1
-2.000005E+1
-2.000005E+1
-2.000005E+1
-2.000005E+1
-2.000005E+1
-2.000005E+1
-2.000005E+1
-2.000005E+1
-2.000005E+1
-2.000005E+1
-2.000005E+1
-2.000005E+1
-2.000005E+1
-2.000005E+1
-2.000005E+1
-1.349383E+1
-1.178275E+1
-1.093456E+1
-1.043035E+1
-1.018045E+1
-1.010989E+1
-1.018045E+1
-1.037743E+1
-1.071259E+1
-1.118152E+1
-1.178275E+1
-1.261330E+1
-1.397893E+1
-1.698949E+1
-2.000005E+1
-2.000005E+1
-2.000005E+1
-2.000005E+1
-2.000005E+1
-2.000005E+1
-2.000005E+1
-2.000005E+1
-1.284262E+1
-1.129765E+1
-1.040389E+1
-9.873218E+0
-9.567458E+0
-9.429278E+0
-9.396938E+0
-9.446918E+0
-9.549818E+0
-9.658598E+0
-9.752678E+0
-9.832058E+0
-9.893798E+0
-9.977588E+0
-1.015693E+1
-1.040389E+1
-1.080520E+1
-1.141966E+1
-1.227961E+1
-1.372315E+1
-1.650439E+1
-2.000005E+1
-2.000005E+1
-1.548421E+1
-1.309840E+1
-1.163869E+1
-1.059499E+1
-9.832058E+0
-9.222008E+0
-8.758958E+0
-8.398808E+0
-8.116568E+0
-7.899008E+0
-7.747598E+0
-7.657928E+0
-7.621178E+0
-7.635878E+0
-7.709378E+0
-7.857848E+0
-8.097458E+0
-8.450258E+0
-8.951528E+0
-9.676238E+0
-1.086841E+1
-1.360555E+1
-2.000005E+1
-2.000005E+1
-2.000005E+1
-2.000005E+1
-2.000005E+1
-2.000005E+1
-2.000005E+1
-2.000005E+1
-2.000005E+1
-2.000005E+1
-2.000005E+1
-2.000005E+1
-2.000005E+1
-2.000005E+1
-2.000005E+1
-2.000005E+1
-2.000005E+1
-2.000005E+1
-2.000005E+1
-2.000005E+1
-2.000005E+1
-2.000005E+1
-2.000005E+1
-1.610896E+1
-1.338799E+1
-1.227961E+1
-1.168573E+1
-1.129765E+1
-1.103746E+1
-1.083607E+1
-1.068319E+1
-1.048327E+1
-1.030099E+1
-1.004374E+1
-9.773258E+0
-9.480728E+0
-9.177908E+0
-8.898608E+0
-8.651648E+0
-8.450258E+0
-8.306198E+0
-8.228288E+0
-8.228288E+0
-8.316488E+0
-8.516408E+0
-8.847158E+0
-9.346958E+0
-1.008784E+1
-1.125796E+1
-1.372315E+1
-2.000005E+1
-2.000005E+1
-2.000005E+1
-2.000005E+1
-2.000005E+1
-2.000005E+1
-2.000005E+1
-2.000005E+1
-2.000005E+1
-2.000005E+1
-2.000005E+1
-1.384663E+1
-1.234135E+1
-1.133734E+1
-1.068319E+1
-1.020397E+1
-9.873218E+0
-9.695348E+0
-9.639488E+0
-9.714458E+0
-9.893798E+0
-1.020397E+1
-1.062439E+1
-1.114477E+1
-1.188271E+1
-1.292494E+1
-1.499911E+1
-2.000005E+1
-2.000005E+1
-2.000005E+1
-2.000005E+1
-2.000005E+1
-2.000005E+1
-2.000005E+1
-2.000005E+1
-2.000005E+1
-2.000005E+1
-2.000005E+1
-2.000005E+1
-2.000005E+1
-2.000005E+1
-2.000005E+1
-2.000005E+1
-2.000005E+1
-2.000005E+1
-2.000005E+1
-2.000005E+1
-2.000005E+1
-2.000005E+1
-2.000005E+1
-1.397893E+1
-1.183273E+1
-1.080520E+1
-1.018045E+1
-9.733568E+0
-9.446918E+0
-9.283748E+0
-9.252878E+0
-9.346958E+0
-9.585098E+0
-9.977588E+0
-1.065379E+1
-1.178275E+1
-1.460368E+1
-2.000005E+1
-2.000005E+1
-2.000005E+1
-2.000005E+1
-2.000005E+1
-2.000005E+1
-2.000005E+1
-2.000005E+1
-2.000005E+1
-2.000005E+1
-2.000005E+1
-2.000005E+1
-2.000005E+1
-2.000005E+1
-2.000005E+1
-2.000005E+1
-2.000005E+1
-2.000005E+1
-2.000005E+1
-2.000005E+1
-2.000005E+1
-2.000005E+1
-2.000005E+1
-2.000005E+1
-2.000005E+1
-2.000005E+1
-2.000005E+1
-2.000005E+1
-2.000005E+1
-2.000005E+1
-2.000005E+1
-2.000005E+1
-1.411858E+1
-1.268680E+1
-1.221787E+1
-1.215907E+1
-1.261330E+1
-1.372315E+1
-1.849477E+1
-2.000005E+1
-2.000005E+1
-2.000005E+1
-2.000005E+1
-2.000005E+1
-2.000005E+1
-2.000005E+1
-2.000005E+1
-2.000005E+1
-1.650439E+1
-1.411858E+1
-1.360555E+1
-1.384663E+1
-1.499911E+1
-2.000005E+1
-2.000005E+1
-2.000005E+1
-2.000005E+1
-2.000005E+1
-2.000005E+1
-2.000005E+1
-2.000005E+1
-2.000005E+1
-2.000005E+1
-2.000005E+1
-2.000005E+1
-2.000005E+1
-2.000005E+1
-2.000005E+1
-2.000005E+1
-2.000005E+1
-2.000005E+1
-2.000005E+1
-1.761424E+1
-1.173277E+1
-1.045681E+1
-9.852638E+0
-9.585098E+0
-9.532178E+0
-9.695348E+0
-1.008784E+1
-1.077433E+1
-1.204441E+1
-1.548421E+1
-2.000005E+1
-2.000005E+1
-2.000005E+1
-2.000005E+1
-2.000005E+1
-1.309840E+1
-1.083607E+1
-9.639488E+0
-8.858918E+0
-8.337068E+0
-7.966628E+0
-7.732898E+0
-7.599128E+0
-7.563848E+0
-7.599128E+0
-7.709378E+0
-7.857848E+0
-8.053358E+0
-8.257688E+0
-8.450258E+0
-8.616368E+0
-8.735438E+0
-8.822168E+0
-8.898608E+0
-8.951528E+0
-9.019148E+0
-9.133808E+0
-9.283748E+0
-9.480728E+0
-9.714458E+0
-9.977588E+0
-1.025248E+1
-1.048327E+1
-1.065379E+1
-1.068319E+1
-1.062439E+1
-1.048327E+1
-1.032745E+1
-1.013341E+1
-9.955538E+0
-9.811478E+0
-9.695348E+0
-9.621848E+0
-9.567458E+0
-9.532178E+0
-9.514538E+0
-9.496898E+0
-9.514538E+0
-9.567458E+0
-9.658598E+0
-9.832058E+0
-1.013341E+1
-1.059499E+1
-1.125796E+1
-1.234135E+1
-1.411858E+1
-2.000005E+1
-2.000005E+1
-1.849477E+1
-1.349383E+1
-1.154902E+1
-1.035244E+1
-9.514538E+0
-8.925068E+0
-8.526698E+0
-8.276798E+0
-8.162138E+0
-8.170958E+0
-8.297378E+0
-8.538458E+0
-8.911838E+0
-9.429278E+0
-1.015693E+1
-1.121974E+1
-1.309840E+1
-2.000005E+1
-2.000005E+1
-2.000005E+1
-2.000005E+1
-2.000005E+1
-2.000005E+1
-2.000005E+1
-2.000005E+1
-2.000005E+1
-1.522843E+1
-1.247365E+1
-1.125796E+1
-1.043035E+1
-9.852638E+0
-9.429278E+0
-9.104408E+0
-8.872148E+0
-8.698688E+0
-8.570798E+0
-8.494358E+0
-8.450258E+0
-8.419388E+0
-8.398808E+0
-8.378228E+0
-8.357648E+0
-8.316488E+0
-8.267978E+0
-8.209178E+0
-8.162138E+0
-8.134208E+0
-8.134208E+0
-8.181248E+0
-8.287088E+0
-8.482598E+0
-8.783948E+0
-9.252878E+0
-9.955538E+0
-1.118152E+1
-1.443022E+1
-2.000005E+1
-2.000005E+1
-2.000005E+1
-2.000005E+1
-2.000005E+1
-2.000005E+1
-2.000005E+1
-2.000005E+1
-2.000005E+1
-2.000005E+1
-2.000005E+1
-2.000005E+1
-2.000005E+1
-2.000005E+1
-1.698949E+1
-1.522843E+1
-1.397893E+1
-1.301020E+1
-1.227961E+1
-1.183273E+1
-1.159312E+1
-1.150492E+1
-1.163869E+1
-1.198855E+1
-1.254274E+1
-1.338799E+1
-1.479331E+1
-2.000005E+1
-2.000005E+1
-2.000005E+1
-2.000005E+1
-2.000005E+1
-2.000005E+1
-2.000005E+1
-2.000005E+1
-2.000005E+1
-2.000005E+1
-2.000005E+1
-2.000005E+1
-2.000005E+1
-2.000005E+1
-2.000005E+1
-2.000005E+1
-2.000005E+1
-2.000005E+1
-1.349383E+1
-1.268680E+1
-1.301020E+1
-1.460368E+1
-2.000005E+1
-2.000005E+1
-2.000005E+1
-2.000005E+1
-2.000005E+1
-2.000005E+1
-2.000005E+1
-2.000005E+1
-2.000005E+1
-2.000005E+1
-2.000005E+1
-2.000005E+1
-2.000005E+1
-2.000005E+1
-2.000005E+1
-2.000005E+1
-2.000005E+1
-2.000005E+1
-2.000005E+1
-2.000005E+1
-2.000005E+1
-2.000005E+1
-2.000005E+1
-2.000005E+1
-2.000005E+1
-2.000005E+1
-2.000005E+1
-2.000005E+1
-2.000005E+1
-2.000005E+1
-2.000005E+1
-2.000005E+1
-2.000005E+1
-2.000005E+1
-1.577380E+1
-1.360555E+1
-1.261330E+1
-1.193563E+1
-1.141966E+1
-1.090222E+1
-1.043035E+1
-1.004374E+1
-9.695348E+0
-9.429278E+0
-9.269048E+0
-9.222008E+0
-9.269048E+0
-9.429278E+0
-9.639488E+0
-9.914378E+0
-1.015693E+1
-1.027747E+1
-1.022749E+1
-9.977588E+0
-9.658598E+0
-9.330788E+0
-9.089708E+0
-8.964758E+0
-8.951528E+0
-9.119108E+0
-9.480728E+0
-1.015693E+1
-1.133734E+1
-1.460368E+1
-2.000005E+1
-2.000005E+1
-2.000005E+1
-2.000005E+1
-2.000005E+1
-2.000005E+1
-2.000005E+1
-2.000005E+1
-2.000005E+1
-2.000005E+1
-2.000005E+1
-2.000005E+1
-2.000005E+1
-2.000005E+1
-2.000005E+1
-2.000005E+1
-2.000005E+1
-2.000005E+1
-2.000005E+1
-2.000005E+1
-2.000005E+1
-2.000005E+1
-2.000005E+1
-2.000005E+1
-2.000005E+1
-2.000005E+1
-2.000005E+1
-2.000005E+1
-2.000005E+1
-2.000005E+1
-2.000005E+1
-2.000005E+1
-2.000005E+1
-2.000005E+1
-2.000005E+1
-2.000005E+1
-2.000005E+1
-2.000005E+1
-2.000005E+1
-2.000005E+1
-2.000005E+1
-2.000005E+1
-2.000005E+1
-2.000005E+1
-2.000005E+1
-2.000005E+1
-2.000005E+1
-2.000005E+1
-2.000005E+1
-2.000005E+1
-2.000005E+1
-2.000005E+1
-2.000005E+1
-2.000005E+1
-2.000005E+1
-2.000005E+1
-2.000005E+1
-2.000005E+1
-2.000005E+1
-2.000005E+1
-1.460368E+1
-1.261330E+1
-1.188271E+1
-1.163869E+1
-1.178275E+1
-1.221787E+1
-1.338799E+1
-1.849477E+1
-2.000005E+1
-2.000005E+1
-2.000005E+1
-2.000005E+1
-2.000005E+1
-2.000005E+1
-2.000005E+1
-2.000005E+1
-2.000005E+1
-2.000005E+1
-2.000005E+1
-2.000005E+1
-2.000005E+1
-2.000005E+1
-2.000005E+1
-2.000005E+1
-2.000005E+1
-2.000005E+1
-2.000005E+1
-2.000005E+1
-2.000005E+1
-2.000005E+1
-2.000005E+1
-2.000005E+1
-2.000005E+1
-2.000005E+1
-2.000005E+1
-2.000005E+1
-2.000005E+1
-2.000005E+1
-2.000005E+1
-2.000005E+1
-2.000005E+1
-2.000005E+1
-1.522843E+1
-1.328803E+1
-1.284262E+1
-1.328803E+1
-1.479331E+1
-2.000005E+1
-2.000005E+1
-2.000005E+1
-2.000005E+1
-2.000005E+1
-2.000005E+1
-2.000005E+1
-2.000005E+1
-2.000005E+1
-2.000005E+1
-2.000005E+1
-2.000005E+1
-2.000005E+1
-2.000005E+1
-2.000005E+1
-2.000005E+1
-2.000005E+1
-2.000005E+1
-2.000005E+1
-2.000005E+1
-2.000005E+1
-2.000005E+1
-2.000005E+1
-2.000005E+1
-2.000005E+1
-2.000005E+1
-2.000005E+1
-1.349383E+1
-1.141966E+1
-1.040389E+1
-9.811478E+0
-9.480728E+0
-9.363128E+0
-9.413108E+0
-9.639488E+0
-1.008784E+1
-1.083607E+1
-1.204441E+1
-1.479331E+1
-2.000005E+1
-2.000005E+1
-2.000005E+1
-2.000005E+1
-2.000005E+1
-2.000005E+1
-2.000005E+1
-2.000005E+1
-2.000005E+1
-2.000005E+1
-2.000005E+1
-2.000005E+1
-2.000005E+1
-2.000005E+1
-2.000005E+1
-2.000005E+1
-2.000005E+1
-2.000005E+1
-2.000005E+1
-2.000005E+1
-2.000005E+1
-2.000005E+1
-2.000005E+1
-2.000005E+1
-2.000005E+1
-2.000005E+1
-2.000005E+1
-2.000005E+1
-2.000005E+1
-2.000005E+1
-2.000005E+1
-2.000005E+1
-2.000005E+1
-2.000005E+1
-2.000005E+1
-2.000005E+1
-2.000005E+1
-2.000005E+1
-2.000005E+1
-2.000005E+1
-2.000005E+1
-2.000005E+1
-2.000005E+1
-2.000005E+1
-2.000005E+1
-1.522843E+1
-1.227961E+1
-1.121974E+1
-1.065379E+1
-1.037743E+1
-1.035244E+1
-1.056706E+1
-1.107274E+1
-1.204441E+1
-1.460368E+1
-2.000005E+1
-2.000005E+1
-2.000005E+1
-2.000005E+1
-2.000005E+1
-2.000005E+1
-2.000005E+1
-2.000005E+1
-2.000005E+1
-2.000005E+1
-2.000005E+1
-2.000005E+1
-1.548421E+1
-1.234135E+1
-1.110802E+1
-1.032745E+1
-9.811478E+0
-9.429278E+0
-9.177908E+0
-9.019148E+0
-8.964758E+0
-9.005918E+0
-9.148508E+0
-9.363128E+0
-9.658598E+0
-9.999638E+0
-1.035244E+1
-1.068319E+1
-1.090222E+1
-1.100218E+1
-1.107274E+1
-1.114477E+1
-1.133734E+1
-1.173277E+1
-1.240750E+1
-1.372315E+1
-1.761424E+1
-2.000005E+1
-2.000005E+1
-2.000005E+1
-2.000005E+1
-2.000005E+1
-1.479331E+1
-1.247365E+1
-1.129765E+1
-1.056706E+1
-1.010989E+1
-9.852638E+0
-9.792368E+0
-9.934958E+0
-1.032745E+1
-1.110802E+1
-1.276324E+1
-2.000005E+1
-2.000005E+1
-2.000005E+1
-2.000005E+1
-2.000005E+1
-2.000005E+1
-2.000005E+1
-2.000005E+1
-2.000005E+1
-2.000005E+1
-2.000005E+1
-2.000005E+1
-1.698949E+1
-1.349383E+1
-1.268680E+1
-1.254274E+1
-1.292494E+1
-1.426852E+1
-2.000005E+1
-2.000005E+1
-2.000005E+1
-2.000005E+1
-2.000005E+1
-2.000005E+1
-2.000005E+1
-2.000005E+1
-2.000005E+1
-2.000005E+1
-2.000005E+1
-2.000005E+1
-2.000005E+1
-2.000005E+1
-2.000005E+1
-2.000005E+1
-2.000005E+1
-2.000005E+1
-2.000005E+1
-2.000005E+1
-2.000005E+1
-1.761424E+1
-1.698949E+1
-1.698949E+1
-1.849477E+1
-2.000005E+1
-2.000005E+1
-2.000005E+1
-2.000005E+1
-2.000005E+1
-1.849477E+1
-1.460368E+1
-1.292494E+1
-1.173277E+1
-1.086841E+1
-1.018045E+1
-9.639488E+0
-9.222008E+0
-8.951528E+0
-8.808938E+0
-8.772188E+0
-8.872148E+0
-9.104408E+0
-9.480728E+0
-1.004374E+1
-1.077433E+1
-1.163869E+1
-1.254274E+1
-1.301020E+1
-1.276324E+1
-1.210027E+1
-1.141966E+1
-1.086841E+1
-1.051120E+1
-1.040389E+1
-1.048327E+1
-1.080520E+1
-1.137850E+1
-1.234135E+1
-1.397893E+1
-1.761424E+1
-2.000005E+1
-2.000005E+1
-1.698949E+1
-1.397893E+1
-1.247365E+1
-1.159312E+1
-1.100218E+1
-1.062439E+1
-1.032745E+1
-1.010989E+1
-9.977588E+0
-9.873218E+0
-9.811478E+0
-9.792368E+0
-9.852638E+0
-9.999638E+0
-1.027747E+1
-1.077433E+1
-1.163869E+1
-1.349383E+1
-2.000005E+1
-2.000005E+1
-2.000005E+1
-2.000005E+1
-2.000005E+1
-2.000005E+1
-2.000005E+1
-2.000005E+1
-2.000005E+1
-2.000005E+1
-2.000005E+1
-2.000005E+1
-2.000005E+1
-2.000005E+1
-2.000005E+1
-2.000005E+1
-2.000005E+1
-2.000005E+1
-2.000005E+1
-2.000005E+1
-2.000005E+1
-2.000005E+1
-2.000005E+1
-2.000005E+1
-2.000005E+1
-2.000005E+1
-2.000005E+1
-1.319101E+1
-1.090222E+1
-9.914378E+0
-9.346958E+0
-9.005918E+0
-8.833928E+0
-8.795708E+0
-8.847158E+0
-8.964758E+0
-9.133808E+0
-9.316088E+0
-9.514538E+0
-9.714458E+0
-9.893798E+0
-1.006579E+1
-1.018045E+1
-1.027747E+1
-1.030099E+1
-1.025248E+1
-1.015693E+1
-9.999638E+0
-9.811478E+0
-9.621848E+0
-9.446918E+0
-9.283748E+0
-9.133808E+0
-8.977988E+0
-8.847158E+0
-8.735438E+0
-8.663408E+0
-8.639888E+0
-8.686928E+0
-8.833928E+0
-9.089708E+0
-9.514538E+0
-1.015693E+1
-1.118152E+1
-1.319101E+1
-2.000005E+1
-2.000005E+1
-2.000005E+1
-2.000005E+1
-2.000005E+1
-2.000005E+1
-2.000005E+1
-2.000005E+1
-2.000005E+1
-2.000005E+1
-2.000005E+1
-2.000005E+1
-2.000005E+1
-2.000005E+1
-2.000005E+1
-2.000005E+1
-2.000005E+1
-2.000005E+1
-2.000005E+1
-2.000005E+1
-2.000005E+1
-2.000005E+1
-1.443022E+1
-1.234135E+1
-1.150492E+1
-1.114477E+1
-1.107274E+1
-1.125796E+1
-1.178275E+1
-1.292494E+1
-1.650439E+1
-2.000005E+1
-2.000005E+1
-2.000005E+1
-2.000005E+1
-2.000005E+1
-2.000005E+1
-2.000005E+1
-2.000005E+1
-2.000005E+1
-2.000005E+1
-2.000005E+1
-2.000005E+1
-1.276324E+1
-1.118152E+1
-1.027747E+1
-9.695348E+0
-9.299918E+0
-9.047078E+0
-8.885378E+0
-8.795708E+0
-8.747198E+0
-8.710448E+0
-8.675168E+0
-8.616368E+0
-8.538458E+0
-8.439968E+0
-8.337068E+0
-8.247398E+0
-8.190068E+0
-8.162138E+0
-8.181248E+0
-8.228288E+0
-8.306198E+0
-8.367938E+0
-8.398808E+0
-8.378228E+0
-8.297378E+0
-8.170958E+0
-8.026898E+0
-7.891658E+0
-7.794638E+0
-7.754948E+0
-7.787288E+0
-7.891658E+0
-8.070998E+0
-8.337068E+0
-8.675168E+0
-9.075008E+0
-9.549818E+0
-1.008784E+1
-1.065379E+1
-1.129765E+1
-1.198855E+1
-1.284262E+1
-1.384663E+1
-1.577380E+1
-2.000005E+1
-2.000005E+1
-2.000005E+1
-2.000005E+1
-2.000005E+1
-2.000005E+1
-2.000005E+1
-2.000005E+1
-2.000005E+1
-2.000005E+1
-2.000005E+1
-2.000005E+1
-2.000005E+1
-2.000005E+1
-2.000005E+1
-2.000005E+1
-2.000005E+1
-2.000005E+1
-2.000005E+1
-2.000005E+1
-2.000005E+1
-2.000005E+1
-2.000005E+1
-2.000005E+1
-2.000005E+1
-2.000005E+1
-2.000005E+1
-2.000005E+1
-1.328803E+1
-1.150492E+1
-1.065379E+1
-1.015693E+1
-9.934958E+0
-9.914378E+0
-1.013341E+1
-1.062439E+1
-1.159312E+1
-1.384663E+1
-2.000005E+1
-2.000005E+1
-2.000005E+1
-2.000005E+1
-2.000005E+1
-2.000005E+1
-2.000005E+1
-2.000005E+1
-2.000005E+1
-2.000005E+1
-2.000005E+1
-2.000005E+1
-2.000005E+1
-2.000005E+1
-2.000005E+1
-2.000005E+1
-2.000005E+1
-2.000005E+1
-2.000005E+1
-2.000005E+1
-2.000005E+1
-2.000005E+1
-2.000005E+1
-2.000005E+1
-2.000005E+1
-2.000005E+1
-2.000005E+1
-2.000005E+1
-2.000005E+1
-2.000005E+1
-1.276324E+1
-1.114477E+1
-1.027747E+1
-9.714458E+0
-9.413108E+0
-9.316088E+0
-9.429278E+0
-9.752678E+0
-1.037743E+1
-1.141966E+1
-1.349383E+1
-2.000005E+1
-2.000005E+1
-2.000005E+1
-2.000005E+1
-2.000005E+1
-2.000005E+1
-1.301020E+1
-1.159312E+1
-1.080520E+1
-1.035244E+1
-1.010989E+1
-9.977588E+0
-9.955538E+0
-9.999638E+0
-1.010989E+1
-1.032745E+1
-1.065379E+1
-1.118152E+1
-1.210027E+1
-1.397893E+1
-2.000005E+1
-2.000005E+1
-2.000005E+1
-2.000005E+1
-2.000005E+1
-2.000005E+1
-2.000005E+1
-2.000005E+1
-2.000005E+1
-2.000005E+1
-2.000005E+1
-2.000005E+1
-2.000005E+1
-2.000005E+1
-2.000005E+1
-2.000005E+1
-2.000005E+1
-2.000005E+1
-2.000005E+1
-2.000005E+1
-2.000005E+1
-2.000005E+1
-2.000005E+1
-2.000005E+1
-2.000005E+1
-2.000005E+1
-2.000005E+1
-2.000005E+1
-2.000005E+1
-2.000005E+1
-2.000005E+1
-2.000005E+1
-2.000005E+1
-2.000005E+1
-2.000005E+1
-1.499911E+1
-1.284262E+1
-1.188271E+1
-1.133734E+1
-1.107274E+1
-1.110802E+1
-1.137850E+1
-1.204441E+1
-1.338799E+1
-2.000005E+1
-2.000005E+1
-2.000005E+1
-2.000005E+1
-2.000005E+1
-2.000005E+1
-2.000005E+1
-2.000005E+1
-2.000005E+1
-2.000005E+1
-2.000005E+1
-2.000005E+1
-1.426852E+1
-1.188271E+1
-1.086841E+1
-1.032745E+1
-1.004374E+1
-9.914378E+0
-9.914378E+0
-9.977588E+0
-1.006579E+1
-1.015693E+1
-1.020397E+1
-1.025248E+1
-1.027747E+1
-1.035244E+1
-1.051120E+1
-1.080520E+1
-1.129765E+1
-1.204441E+1
-1.338799E+1
-1.698949E+1
-2.000005E+1
-2.000005E+1
-2.000005E+1
-2.000005E+1
-2.000005E+1
-1.761424E+1
-1.319101E+1
-1.168573E+1
-1.077433E+1
-1.013341E+1
-9.658598E+0
-9.346958E+0
-9.163208E+0
-9.089708E+0
-9.133808E+0
-9.269048E+0
-9.480728E+0
-9.733568E+0
-9.934958E+0
-9.999638E+0
-9.873218E+0
-9.621848E+0
-9.269048E+0
-8.938298E+0
-8.675168E+0
-8.504648E+0
-8.472308E+0
-8.560508E+0
-8.795708E+0
-9.207308E+0
-9.852638E+0
-1.083607E+1
-1.261330E+1
-2.000005E+1
-2.000005E+1
-2.000005E+1
-2.000005E+1
-2.000005E+1
-2.000005E+1
-2.000005E+1
-2.000005E+1
-2.000005E+1
-2.000005E+1
-2.000005E+1
-2.000005E+1
-2.000005E+1
-2.000005E+1
-2.000005E+1
-2.000005E+1
-2.000005E+1
-2.000005E+1
-2.000005E+1
-2.000005E+1
-2.000005E+1
-2.000005E+1
-2.000005E+1
-2.000005E+1
-2.000005E+1
-2.000005E+1
-1.698949E+1
-1.499911E+1
-1.384663E+1
-1.276324E+1
-1.188271E+1
-1.107274E+1
-1.037743E+1
-9.811478E+0
-9.346958E+0
-8.977988E+0
-8.722208E+0
-8.570798E+0
-8.538458E+0
-8.616368E+0
-8.822168E+0
-9.163208E+0
-9.639488E+0
-1.022749E+1
-1.086841E+1
-1.133734E+1
-1.133734E+1
-1.086841E+1
-1.018045E+1
-9.532178E+0
-8.992688E+0
-8.594318E+0
-8.326778E+0
-8.170958E+0
-8.134208E+0
-8.190068E+0
-8.337068E+0
-8.570798E+0
-8.898608E+0
-9.299918E+0
-9.832058E+0
-1.056706E+1
-1.168573E+1
-1.426852E+1
-2.000005E+1
-2.000005E+1
-2.000005E+1
-2.000005E+1
-2.000005E+1
-2.000005E+1
-2.000005E+1
-2.000005E+1
-2.000005E+1
-2.000005E+1
-2.000005E+1
-2.000005E+1
-2.000005E+1
-2.000005E+1
-2.000005E+1
-2.000005E+1
-2.000005E+1
-2.000005E+1
-1.577380E+1
-1.319101E+1
-1.188271E+1
-1.090222E+1
-1.013341E+1
-9.549818E+0
-9.089708E+0
-8.747198E+0
-8.494358E+0
-8.337068E+0
-8.267978E+0
-8.276798E+0
-8.347358E+0
-8.472308E+0
-8.639888E+0
-8.822168E+0
-9.005918E+0
-9.207308E+0
-9.413108E+0
-9.658598E+0
-9.999638E+0
-1.051120E+1
-1.137850E+1
-1.309840E+1
-2.000005E+1
-2.000005E+1
-2.000005E+1
-2.000005E+1
-2.000005E+1
-2.000005E+1
-2.000005E+1
-2.000005E+1
-2.000005E+1
-2.000005E+1
-2.000005E+1
-2.000005E+1
-1.610896E+1
-1.349383E+1
-1.240750E+1
-1.183273E+1
-1.137850E+1
-1.107274E+1
-1.080520E+1
-1.056706E+1
-1.032745E+1
-1.008784E+1
-9.873218E+0
-9.695348E+0
-9.567458E+0
-9.496898E+0
-9.514538E+0
-9.639488E+0
-9.893798E+0
-1.027747E+1
-1.077433E+1
-1.137850E+1
-1.204441E+1
-1.247365E+1
-1.254274E+1
-1.221787E+1
-1.173277E+1
-1.125796E+1
-1.086841E+1
-1.062439E+1
-1.053913E+1
-1.056706E+1
-1.074346E+1
-1.103746E+1
-1.154902E+1
-1.234135E+1
-1.384663E+1
-2.000005E+1
-2.000005E+1
-2.000005E+1
-2.000005E+1
-2.000005E+1
-2.000005E+1
-2.000005E+1
-2.000005E+1
-2.000005E+1
-2.000005E+1
-2.000005E+1
-2.000005E+1
-2.000005E+1
-2.000005E+1
-2.000005E+1
-2.000005E+1
-2.000005E+1
-2.000005E+1
-2.000005E+1
-2.000005E+1
-2.000005E+1
-1.650439E+1
-1.254274E+1
-1.118152E+1
-1.035244E+1
-9.773258E+0
-9.346958E+0
-9.005918E+0
-8.735438E+0
-8.538458E+0
-8.398808E+0
-8.337068E+0
-8.337068E+0
-8.388518E+0
-8.494358E+0
-8.628128E+0
-8.772188E+0
-8.911838E+0
-9.005918E+0
-9.047078E+0
-9.033848E+0
-8.977988E+0
-8.898608E+0
-8.808938E+0
-8.735438E+0
-8.675168E+0
-8.604608E+0
-8.560508E+0
-8.526698E+0
-8.504648E+0
-8.504648E+0
-8.526698E+0
-8.604608E+0
-8.772188E+0
-9.047078E+0
-9.496898E+0
-1.020397E+1
-1.159312E+1
-2.000005E+1
-2.000005E+1
-2.000005E+1
-2.000005E+1
-2.000005E+1
-2.000005E+1
-2.000005E+1
-2.000005E+1
-2.000005E+1
-2.000005E+1
-2.000005E+1
-2.000005E+1
-2.000005E+1
-2.000005E+1
-1.460368E+1
-1.093456E+1
-9.733568E+0
-9.061778E+0
-8.663408E+0
-8.439968E+0
-8.357648E+0
-8.367938E+0
-8.482598E+0
-8.686928E+0
-8.992688E+0
-9.413108E+0
-1.002169E+1
-1.090222E+1
-1.254274E+1
-2.000005E+1
-2.000005E+1
-2.000005E+1
-2.000005E+1
-2.000005E+1
-2.000005E+1
-2.000005E+1
-2.000005E+1
-2.000005E+1
-2.000005E+1
-2.000005E+1
-1.460368E+1
-1.146082E+1
-1.051120E+1
-1.020397E+1
-1.032745E+1
-1.083607E+1
-1.198855E+1
-1.499911E+1
-2.000005E+1
-2.000005E+1
-2.000005E+1
-2.000005E+1
-2.000005E+1
-2.000005E+1
-2.000005E+1
-1.761424E+1
-1.610896E+1
-1.849477E+1
-2.000005E+1
-2.000005E+1
-2.000005E+1
-2.000005E+1
-2.000005E+1
-2.000005E+1
-2.000005E+1
-2.000005E+1
-2.000005E+1
-2.000005E+1
-2.000005E+1
-2.000005E+1
-2.000005E+1
-2.000005E+1
-2.000005E+1
-2.000005E+1
-2.000005E+1
-2.000005E+1
-2.000005E+1
-2.000005E+1
-2.000005E+1
-2.000005E+1
-2.000005E+1
-2.000005E+1
-2.000005E+1
-2.000005E+1
-2.000005E+1
-2.000005E+1
-1.328803E+1
-1.137850E+1
-1.053913E+1
-1.002169E+1
-9.714458E+0
-9.514538E+0
-9.379298E+0
-9.330788E+0
-9.330788E+0
-9.379298E+0
-9.496898E+0
-9.695348E+0
-9.977588E+0
-1.035244E+1
-1.090222E+1
-1.168573E+1
-1.301020E+1
-1.650439E+1
-2.000005E+1
-2.000005E+1
-2.000005E+1
-2.000005E+1
-2.000005E+1
-2.000005E+1
-2.000005E+1
-2.000005E+1
-2.000005E+1
-2.000005E+1
-2.000005E+1
-2.000005E+1
-2.000005E+1
-2.000005E+1
-2.000005E+1
-2.000005E+1
-2.000005E+1
-2.000005E+1
-2.000005E+1
-2.000005E+1
-2.000005E+1
-2.000005E+1
-2.000005E+1
-2.000005E+1
-2.000005E+1
-2.000005E+1
-2.000005E+1
-2.000005E+1
-2.000005E+1
-2.000005E+1
-2.000005E+1
-2.000005E+1
-2.000005E+1
-2.000005E+1
-2.000005E+1
-2.000005E+1
-1.761424E+1
-1.698949E+1
-1.577380E+1
-1.460368E+1
-1.360555E+1
-1.268680E+1
-1.198855E+1
-1.141966E+1
-1.096837E+1
-1.056706E+1
-1.020397E+1
-9.893798E+0
-9.602738E+0
-9.330788E+0
-9.061778E+0
-8.822168E+0
-8.616368E+0
-8.472308E+0
-8.398808E+0
-8.398808E+0
-8.462018E+0
-8.594318E+0
-8.795708E+0
-9.089708E+0
-9.446918E+0
-9.873218E+0
-1.035244E+1
-1.093456E+1
-1.168573E+1
-1.284262E+1
-1.499911E+1
-2.000005E+1
-2.000005E+1
-2.000005E+1
-2.000005E+1
-2.000005E+1
-2.000005E+1
-2.000005E+1
-2.000005E+1
-2.000005E+1
-2.000005E+1
-2.000005E+1
-2.000005E+1
-1.360555E+1
-1.188271E+1
-1.090222E+1
-1.025248E+1
-9.792368E+0
-9.463088E+0
-9.222008E+0
-9.061778E+0
-8.992688E+0
-9.005918E+0
-9.089708E+0
-9.222008E+0
-9.413108E+0
-9.658598E+0
-9.955538E+0
-1.032745E+1
-1.080520E+1
-1.146082E+1
-1.247365E+1
-1.460368E+1
-2.000005E+1
-2.000005E+1
-2.000005E+1
-2.000005E+1
-2.000005E+1
-2.000005E+1
-2.000005E+1
-2.000005E+1
-2.000005E+1
-2.000005E+1
-2.000005E+1
-2.000005E+1
-2.000005E+1
-2.000005E+1
-2.000005E+1
-2.000005E+1
-1.698949E+1
-1.479331E+1
-1.443022E+1
-1.522843E+1
-2.000005E+1
-2.000005E+1
-2.000005E+1
-2.000005E+1
-2.000005E+1
-2.000005E+1
-2.000005E+1
-2.000005E+1
-2.000005E+1
-2.000005E+1
-2.000005E+1
-2.000005E+1
-2.000005E+1
-2.000005E+1
-2.000005E+1
-1.698949E+1
-1.610896E+1
-1.610896E+1
-1.761424E+1
-2.000005E+1
-2.000005E+1
-2.000005E+1
-2.000005E+1
-2.000005E+1
-2.000005E+1
-2.000005E+1
-2.000005E+1
-2.000005E+1
-2.000005E+1
-2.000005E+1
-2.000005E+1
-2.000005E+1
-2.000005E+1
-2.000005E+1
-2.000005E+1
-2.000005E+1
-2.000005E+1
-2.000005E+1
-2.000005E+1
-2.000005E+1
-2.000005E+1
-2.000005E+1
-1.460368E+1
-1.198855E+1
-1.086841E+1
-1.022749E+1
-9.832058E+0
-9.602738E+0
-9.532178E+0
-9.567458E+0
-9.695348E+0
-9.873218E+0
-1.004374E+1
-1.015693E+1
-1.015693E+1
-1.002169E+1
-9.792368E+0
-9.514538E+0
-9.252878E+0
-9.061778E+0
-8.951528E+0
-8.951528E+0
-9.089708E+0
-9.379298E+0
-9.852638E+0
-1.056706E+1
-1.159312E+1
-1.319101E+1
-1.610896E+1
