Date/Time	2022-06-26 18:30:44
Line location	3
Line name	C1
OTDR wavelength [nm]	1625
OTDR pulse duration [ns]	2
OTDR scan time [s]	10
OTDR scan length [m]	1.500000E+2
Length offset [m]	0.000000E+0
Length increment [m]	3.996806E-2
Switch ID	VIAVI Solutions,OTU 8000E,11654,FO,16.76
OTDR ID	JDSU,OTU 8000E,11654,OTU(SmartOTU),V7.22

Reflected amplitude [dB]
1.332592E+0
1.248802E+0
1.163542E+0
1.090042E+0
1.029772E+0
9.856720E-1
9.900820E-1
1.082692E+0
1.250272E+0
1.482532E+0
1.750072E+0
2.011732E+0
2.243992E+0
2.432152E+0
2.571802E+0
2.668822E+0
2.721742E+0
2.740852E+0
2.729092E+0
2.677642E+0
2.587972E+0
2.458612E+0
2.299852E+0
2.119042E+0
1.922062E+0
1.726552E+0
1.523692E+0
1.303192E+0
1.078282E+0
8.739520E-1
6.990220E-1
5.534920E-1
4.314820E-1
3.285820E-1
2.418520E-1
1.639420E-1
9.632200E-2
3.605200E-2
-1.686800E-2
-6.390800E-2
-1.050680E-1
-1.374080E-1
-1.638680E-1
-1.844480E-1
-1.976780E-1
-2.064980E-1
-2.123780E-1
-2.138480E-1
-2.153180E-1
-2.167880E-1
-2.197280E-1
-2.256080E-1
-2.344280E-1
-2.476580E-1
-2.638280E-1
-2.829380E-1
-3.064580E-1
-3.314480E-1
-3.564380E-1
-3.828980E-1
-4.078880E-1
-4.314080E-1
-4.534580E-1
-4.696280E-1
-4.828580E-1
-4.916780E-1
-4.946180E-1
-4.916780E-1
-4.828580E-1
-4.696280E-1
-4.505180E-1
-4.269980E-1
-4.005380E-1
-3.711380E-1
-3.402680E-1
-3.093980E-1
-2.799980E-1
-2.520680E-1
-2.285480E-1
-2.109080E-1
-1.991480E-1
-1.932680E-1
-1.947380E-1
-2.035580E-1
-2.167880E-1
-2.344280E-1
-2.564780E-1
-2.814680E-1
-3.079280E-1
-3.358580E-1
-3.637880E-1
-3.917180E-1
-4.196480E-1
-4.446380E-1
-4.696280E-1
-4.916780E-1
-5.122580E-1
-5.298980E-1
-5.445980E-1
-5.592980E-1
-5.725280E-1
-5.872280E-1
-6.004580E-1
-6.166280E-1
-6.313280E-1
-6.474980E-1
-6.636680E-1
-6.783680E-1
-6.915980E-1
-7.018880E-1
-7.092380E-1
-7.136480E-1
-7.165880E-1
-7.151180E-1
-7.107080E-1
-7.048280E-1
-6.960080E-1
-6.871880E-1
-6.754280E-1
-6.651380E-1
-6.563180E-1
-6.489680E-1
-6.445580E-1
-6.430880E-1
-6.445580E-1
-6.489680E-1
-6.563180E-1
-6.666080E-1
-6.783680E-1
-6.915980E-1
-7.062980E-1
-7.195280E-1
-7.342280E-1
-7.489280E-1
-7.636280E-1
-7.797980E-1
-7.944980E-1
-8.077280E-1
-8.209580E-1
-8.297780E-1
-8.327180E-1
-8.297780E-1
-8.194880E-1
-7.989080E-1
-7.695080E-1
-7.268780E-1
-6.754280E-1
-6.151580E-1
-5.504780E-1
-4.710980E-1
-3.726080E-1
-2.564780E-1
-1.418180E-1
-4.185800E-2
3.752200E-2
9.779200E-2
1.448320E-1
1.771720E-1
1.962820E-1
2.036320E-1
1.992220E-1
1.845220E-1
1.610020E-1
1.286620E-1
8.897200E-2
4.340200E-2
-5.108000E-3
-5.655800E-2
-1.080080E-1
-1.594580E-1
-2.079680E-1
-2.520680E-1
-2.932280E-1
-3.270380E-1
-3.564380E-1
-3.814280E-1
-4.005380E-1
-4.167080E-1
-4.299380E-1
-4.416980E-1
-4.534580E-1
-4.666880E-1
-4.799180E-1
-4.931480E-1
-5.078480E-1
-5.225480E-1
-5.357780E-1
-5.490080E-1
-5.592980E-1
-5.666480E-1
-5.695880E-1
-5.725280E-1
-5.725280E-1
-5.710580E-1
-5.695880E-1
-5.695880E-1
-5.710580E-1
-5.754680E-1
-5.813480E-1
-5.886980E-1
-5.975180E-1
-6.078080E-1
-6.166280E-1
-6.239780E-1
-6.298580E-1
-6.342680E-1
-6.357380E-1
-6.342680E-1
-6.298580E-1
-6.210380E-1
-6.078080E-1
-5.931080E-1
-5.725280E-1
-5.519480E-1
-5.298980E-1
-5.063780E-1
-4.857980E-1
-4.666880E-1
-4.505180E-1
-4.372880E-1
-4.269980E-1
-4.196480E-1
-4.152380E-1
-4.122980E-1
-4.122980E-1
-4.137680E-1
-4.181780E-1
-4.255280E-1
-4.343480E-1
-4.461080E-1
-4.608080E-1
-4.755080E-1
-4.931480E-1
-5.107880E-1
-5.284280E-1
-5.460680E-1
-5.637080E-1
-5.813480E-1
-5.960480E-1
-6.107480E-1
-6.239780E-1
-6.342680E-1
-6.401480E-1
-6.430880E-1
-6.416180E-1
-6.357380E-1
-6.298580E-1
-6.210380E-1
-6.136880E-1
-6.092780E-1
-6.063380E-1
-6.092780E-1
-6.151580E-1
-6.225080E-1
-6.313280E-1
-6.401480E-1
-6.460280E-1
-6.489680E-1
-6.489680E-1
-6.460280E-1
-6.401480E-1
-6.327980E-1
-6.239780E-1
-6.151580E-1
-6.092780E-1
-6.033980E-1
-5.989880E-1
-5.945780E-1
-5.916380E-1
-5.886980E-1
-5.857580E-1
-5.828180E-1
-5.798780E-1
-5.769380E-1
-5.739980E-1
-5.725280E-1
-5.725280E-1
-5.739980E-1
-5.784080E-1
-5.828180E-1
-5.886980E-1
-5.945780E-1
-5.975180E-1
-6.004580E-1
-5.989880E-1
-5.945780E-1
-5.886980E-1
-5.813480E-1
-5.725280E-1
-5.637080E-1
-5.578280E-1
-5.519480E-1
-5.475380E-1
-5.460680E-1
-5.445980E-1
-5.445980E-1
-5.431280E-1
-5.401880E-1
-5.372480E-1
-5.313680E-1
-5.254880E-1
-5.181380E-1
-5.122580E-1
-5.078480E-1
-5.049080E-1
-5.063780E-1
-5.122580E-1
-5.210780E-1
-5.328380E-1
-5.475380E-1
-5.637080E-1
-5.798780E-1
-5.931080E-1
-6.048680E-1
-6.122180E-1
-6.166280E-1
-6.195680E-1
-6.210380E-1
-6.210380E-1
-6.239780E-1
-6.269180E-1
-6.327980E-1
-6.401480E-1
-6.489680E-1
-6.563180E-1
-6.651380E-1
-6.724880E-1
-6.798380E-1
-6.857180E-1
-6.901280E-1
-6.915980E-1
-6.930680E-1
-6.915980E-1
-6.871880E-1
-6.813080E-1
-6.724880E-1
-6.607280E-1
-6.489680E-1
-6.357380E-1
-6.225080E-1
-6.107480E-1
-6.004580E-1
-5.901680E-1
-5.813480E-1
-5.739980E-1
-5.681180E-1
-5.607680E-1
-5.548880E-1
-5.475380E-1
-5.401880E-1
-5.328380E-1
-5.269580E-1
-5.210780E-1
-5.166680E-1
-5.137280E-1
-5.122580E-1
-5.137280E-1
-5.166680E-1
-5.210780E-1
-5.284280E-1
-5.357780E-1
-5.445980E-1
-5.519480E-1
-5.592980E-1
-5.666480E-1
-5.725280E-1
-5.798780E-1
-5.857580E-1
-5.916380E-1
-5.989880E-1
-6.063380E-1
-6.151580E-1
-6.239780E-1
-6.327980E-1
-6.416180E-1
-6.474980E-1
-6.533780E-1
-6.563180E-1
-6.563180E-1
-6.548480E-1
-6.519080E-1
-6.489680E-1
-6.445580E-1
-6.401480E-1
-6.357380E-1
-6.313280E-1
-6.269180E-1
-6.239780E-1
-6.210380E-1
-6.180980E-1
-6.151580E-1
-6.122180E-1
-6.092780E-1
-6.048680E-1
-5.975180E-1
-5.901680E-1
-5.813480E-1
-5.710580E-1
-5.607680E-1
-5.519480E-1
-5.445980E-1
-5.372480E-1
-5.328380E-1
-5.313680E-1
-5.298980E-1
-5.284280E-1
-5.269580E-1
-5.240180E-1
-5.210780E-1
-5.181380E-1
-5.137280E-1
-5.093180E-1
-5.049080E-1
-4.990280E-1
-4.960880E-1
-4.916780E-1
-4.902080E-1
-4.887380E-1
-4.902080E-1
-4.931480E-1
-4.975580E-1
-5.049080E-1
-5.137280E-1
-5.240180E-1
-5.343080E-1
-5.445980E-1
-5.548880E-1
-5.651780E-1
-5.725280E-1
-5.784080E-1
-5.842880E-1
-5.901680E-1
-5.945780E-1
-5.989880E-1
-6.019280E-1
-6.063380E-1
-6.092780E-1
-6.136880E-1
-6.166280E-1
-6.210380E-1
-6.269180E-1
-6.313280E-1
-6.386780E-1
-6.445580E-1
-6.489680E-1
-6.519080E-1
-6.533780E-1
-6.504380E-1
-6.460280E-1
-6.386780E-1
-6.313280E-1
-6.239780E-1
-6.180980E-1
-6.136880E-1
-6.122180E-1
-6.136880E-1
-6.166280E-1
-6.210380E-1
-6.269180E-1
-6.313280E-1
-6.342680E-1
-6.357380E-1
-6.372080E-1
-6.372080E-1
-6.372080E-1
-6.357380E-1
-6.357380E-1
-6.327980E-1
-6.313280E-1
-6.283880E-1
-6.239780E-1
-6.195680E-1
-6.151580E-1
-6.107480E-1
-6.063380E-1
-6.033980E-1
-6.004580E-1
-6.004580E-1
-6.019280E-1
-6.048680E-1
-6.092780E-1
-6.136880E-1
-6.151580E-1
-6.166280E-1
-6.136880E-1
-6.078080E-1
-6.004580E-1
-5.901680E-1
-5.813480E-1
-5.725280E-1
-5.681180E-1
-5.681180E-1
-5.710580E-1
-5.784080E-1
-5.886980E-1
-6.004580E-1
-6.136880E-1
-6.239780E-1
-6.327980E-1
-6.386780E-1
-6.430880E-1
-6.460280E-1
-6.460280E-1
-6.445580E-1
-6.416180E-1
-6.386780E-1
-6.342680E-1
-6.298580E-1
-6.239780E-1
-6.195680E-1
-6.151580E-1
-6.107480E-1
-6.078080E-1
-6.063380E-1
-6.063380E-1
-6.063380E-1
-6.078080E-1
-6.092780E-1
-6.122180E-1
-6.136880E-1
-6.151580E-1
-6.180980E-1
-6.195680E-1
-6.225080E-1
-6.239780E-1
-6.254480E-1
-6.269180E-1
-6.283880E-1
-6.283880E-1
-6.298580E-1
-6.298580E-1
-6.313280E-1
-6.327980E-1
-6.357380E-1
-6.372080E-1
-6.386780E-1
-6.386780E-1
-6.372080E-1
-6.342680E-1
-6.313280E-1
-6.269180E-1
-6.225080E-1
-6.180980E-1
-6.166280E-1
-6.180980E-1
-6.225080E-1
-6.283880E-1
-6.357380E-1
-6.445580E-1
-6.519080E-1
-6.592580E-1
-6.621980E-1
-6.621980E-1
-6.592580E-1
-6.548480E-1
-6.474980E-1
-6.386780E-1
-6.313280E-1
-6.239780E-1
-6.180980E-1
-6.136880E-1
-6.107480E-1
-6.078080E-1
-6.063380E-1
-6.048680E-1
-6.033980E-1
-6.019280E-1
-5.989880E-1
-5.975180E-1
-5.945780E-1
-5.931080E-1
-5.901680E-1
-5.886980E-1
-5.842880E-1
-5.813480E-1
-5.769380E-1
-5.710580E-1
-5.651780E-1
-5.592980E-1
-5.548880E-1
-5.490080E-1
-5.460680E-1
-5.431280E-1
-5.431280E-1
-5.431280E-1
-5.460680E-1
-5.490080E-1
-5.548880E-1
-5.622380E-1
-5.695880E-1
-5.769380E-1
-5.857580E-1
-5.916380E-1
-5.975180E-1
-6.019280E-1
-6.033980E-1
-6.048680E-1
-6.033980E-1
-6.019280E-1
-6.004580E-1
-6.004580E-1
-6.004580E-1
-6.019280E-1
-6.048680E-1
-6.092780E-1
-6.136880E-1
-6.180980E-1
-6.225080E-1
-6.254480E-1
-6.283880E-1
-6.298580E-1
-6.313280E-1
-6.298580E-1
-6.298580E-1
-6.298580E-1
-6.298580E-1
-6.313280E-1
-6.327980E-1
-6.342680E-1
-6.372080E-1
-6.386780E-1
-6.416180E-1
-6.416180E-1
-6.416180E-1
-6.401480E-1
-6.372080E-1
-6.327980E-1
-6.269180E-1
-6.195680E-1
-6.122180E-1
-6.063380E-1
-6.019280E-1
-6.004580E-1
-6.019280E-1
-6.063380E-1
-6.136880E-1
-6.225080E-1
-6.313280E-1
-6.386780E-1
-6.445580E-1
-6.474980E-1
-6.474980E-1
-6.430880E-1
-6.386780E-1
-6.313280E-1
-6.254480E-1
-6.180980E-1
-6.122180E-1
-6.078080E-1
-6.033980E-1
-6.004580E-1
-5.989880E-1
-5.975180E-1
-5.960480E-1
-5.945780E-1
-5.945780E-1
-5.945780E-1
-5.945780E-1
-5.960480E-1
-5.960480E-1
-5.960480E-1
-5.975180E-1
-5.975180E-1
-6.004580E-1
-6.033980E-1
-6.078080E-1
-6.136880E-1
-6.210380E-1
-6.283880E-1
-6.372080E-1
-6.460280E-1
-6.519080E-1
-6.577880E-1
-6.621980E-1
-6.636680E-1
-6.621980E-1
-6.592580E-1
-6.548480E-1
-6.489680E-1
-6.401480E-1
-6.313280E-1
-6.210380E-1
-6.092780E-1
-5.975180E-1
-5.872280E-1
-5.769380E-1
-5.681180E-1
-5.607680E-1
-5.563580E-1
-5.534180E-1
-5.504780E-1
-5.504780E-1
-5.490080E-1
-5.475380E-1
-5.460680E-1
-5.431280E-1
-5.401880E-1
-5.357780E-1
-5.313680E-1
-5.269580E-1
-5.225480E-1
-5.196080E-1
-5.181380E-1
-5.166680E-1
-5.166680E-1
-5.181380E-1
-5.210780E-1
-5.240180E-1
-5.269580E-1
-5.328380E-1
-5.401880E-1
-5.490080E-1
-5.592980E-1
-5.695880E-1
-5.813480E-1
-5.916380E-1
-6.004580E-1
-6.063380E-1
-6.078080E-1
-6.078080E-1
-6.063380E-1
-6.033980E-1
-6.019280E-1
-6.019280E-1
-6.048680E-1
-6.107480E-1
-6.195680E-1
-6.298580E-1
-6.416180E-1
-6.533780E-1
-6.636680E-1
-6.710180E-1
-6.754280E-1
-6.754280E-1
-6.724880E-1
-6.651380E-1
-6.548480E-1
-6.445580E-1
-6.313280E-1
-6.195680E-1
-6.107480E-1
-6.019280E-1
-5.975180E-1
-5.960480E-1
-5.975180E-1
-6.019280E-1
-6.092780E-1
-6.166280E-1
-6.239780E-1
-6.327980E-1
-6.401480E-1
-6.460280E-1
-6.504380E-1
-6.548480E-1
-6.577880E-1
-6.607280E-1
-6.651380E-1
-6.680780E-1
-6.724880E-1
-6.768980E-1
-6.813080E-1
-6.857180E-1
-6.886580E-1
-6.901280E-1
-6.901280E-1
-6.886580E-1
-6.827780E-1
-6.754280E-1
-6.666080E-1
-6.563180E-1
-6.445580E-1
-6.342680E-1
-6.269180E-1
-6.195680E-1
-6.151580E-1
-6.136880E-1
-6.151580E-1
-6.180980E-1
-6.239780E-1
-6.313280E-1
-6.401480E-1
-6.489680E-1
-6.592580E-1
-6.695480E-1
-6.798380E-1
-6.901280E-1
-6.974780E-1
-7.033580E-1
-7.062980E-1
-7.062980E-1
-7.033580E-1
-6.974780E-1
-6.901280E-1
-6.827780E-1
-6.754280E-1
-6.680780E-1
-6.621980E-1
-6.592580E-1
-6.577880E-1
-6.577880E-1
-6.592580E-1
-6.621980E-1
-6.666080E-1
-6.710180E-1
-6.768980E-1
-6.813080E-1
-6.827780E-1
-6.842480E-1
-6.813080E-1
-6.754280E-1
-6.666080E-1
-6.548480E-1
-6.401480E-1
-6.254480E-1
-6.122180E-1
-5.989880E-1
-5.886980E-1
-5.828180E-1
-5.798780E-1
-5.813480E-1
-5.842880E-1
-5.901680E-1
-5.975180E-1
-6.048680E-1
-6.107480E-1
-6.136880E-1
-6.166280E-1
-6.180980E-1
-6.195680E-1
-6.195680E-1
-6.225080E-1
-6.254480E-1
-6.298580E-1
-6.372080E-1
-6.460280E-1
-6.563180E-1
-6.695480E-1
-6.813080E-1
-6.945380E-1
-7.062980E-1
-7.180580E-1
-7.268780E-1
-7.356980E-1
-7.415780E-1
-7.459880E-1
-7.489280E-1
-7.489280E-1
-7.474580E-1
-7.430480E-1
-7.371680E-1
-7.283480E-1
-7.180580E-1
-7.062980E-1
-6.915980E-1
-6.768980E-1
-6.636680E-1
-6.519080E-1
-6.430880E-1
-6.357380E-1
-6.327980E-1
-6.313280E-1
-6.327980E-1
-6.357380E-1
-6.386780E-1
-6.401480E-1
-6.401480E-1
-6.386780E-1
-6.357380E-1
-6.313280E-1
-6.239780E-1
-6.166280E-1
-6.092780E-1
-6.019280E-1
-5.960480E-1
-5.916380E-1
-5.901680E-1
-5.886980E-1
-5.901680E-1
-5.916380E-1
-5.945780E-1
-5.989880E-1
-6.019280E-1
-6.048680E-1
-6.063380E-1
-6.078080E-1
-6.078080E-1
-6.063380E-1
-6.048680E-1
-6.019280E-1
-5.989880E-1
-5.975180E-1
-5.960480E-1
-5.975180E-1
-6.004580E-1
-6.063380E-1
-6.151580E-1
-6.254480E-1
-6.357380E-1
-6.474980E-1
-6.577880E-1
-6.666080E-1
-6.724880E-1
-6.768980E-1
-6.768980E-1
-6.754280E-1
-6.695480E-1
-6.621980E-1
-6.533780E-1
-6.430880E-1
-6.327980E-1
-6.225080E-1
-6.136880E-1
-6.048680E-1
-5.989880E-1
-5.931080E-1
-5.901680E-1
-5.872280E-1
-5.857580E-1
-5.857580E-1
-5.872280E-1
-5.886980E-1
-5.916380E-1
-5.960480E-1
-6.004580E-1
-6.048680E-1
-6.092780E-1
-6.122180E-1
-6.166280E-1
-6.195680E-1
-6.225080E-1
-6.254480E-1
-6.283880E-1
-6.298580E-1
-6.298580E-1
-6.298580E-1
-6.283880E-1
-6.254480E-1
-6.195680E-1
-6.136880E-1
-6.048680E-1
-5.975180E-1
-5.886980E-1
-5.813480E-1
-5.754680E-1
-5.710580E-1
-5.681180E-1
-5.681180E-1
-5.710580E-1
-5.739980E-1
-5.798780E-1
-5.842880E-1
-5.901680E-1
-5.945780E-1
-6.004580E-1
-6.033980E-1
-6.063380E-1
-6.078080E-1
-6.078080E-1
-6.063380E-1
-6.033980E-1
-5.989880E-1
-5.931080E-1
-5.872280E-1
-5.798780E-1
-5.725280E-1
-5.651780E-1
-5.592980E-1
-5.548880E-1
-5.534180E-1
-5.519480E-1
-5.519480E-1
-5.519480E-1
-5.519480E-1
-5.519480E-1
-5.504780E-1
-5.475380E-1
-5.431280E-1
-5.372480E-1
-5.298980E-1
-5.210780E-1
-5.151980E-1
-5.093180E-1
-5.078480E-1
-5.078480E-1
-5.107880E-1
-5.166680E-1
-5.254880E-1
-5.372480E-1
-5.490080E-1
-5.607680E-1
-5.725280E-1
-5.842880E-1
-5.945780E-1
-6.048680E-1
-6.151580E-1
-6.269180E-1
-6.386780E-1
-6.519080E-1
-6.636680E-1
-6.768980E-1
-6.871880E-1
-6.945380E-1
-6.974780E-1
-6.974780E-1
-6.945380E-1
-6.871880E-1
-6.798380E-1
-6.710180E-1
-6.636680E-1
-6.577880E-1
-6.533780E-1
-6.519080E-1
-6.519080E-1
-6.519080E-1
-6.548480E-1
-6.563180E-1
-6.592580E-1
-6.607280E-1
-6.621980E-1
-6.592580E-1
-6.533780E-1
-6.430880E-1
-6.269180E-1
-6.078080E-1
-5.828180E-1
-5.578280E-1
-5.343080E-1
-5.122580E-1
-4.975580E-1
-4.902080E-1
-4.916780E-1
-5.049080E-1
-5.284280E-1
-5.622380E-1
-6.063380E-1
-6.607280E-1
-7.224680E-1
-7.915580E-1
-8.679980E-1
-9.473780E-1
-1.031168E+0
-1.117898E+0
-1.203158E+0
-1.285478E+0
-1.363388E+0
-1.435418E+0
-1.501568E+0
-1.558898E+0
-1.608878E+0
-1.651508E+0
-1.688258E+0
-1.717658E+0
-1.744118E+0
-1.764698E+0
-1.780868E+0
-1.795568E+0
-1.804388E+0
-1.811738E+0
-1.814678E+0
-1.814678E+0
-1.808798E+0
-1.801448E+0
-1.791158E+0
-1.780868E+0
-1.770578E+0
-1.764698E+0
-1.761758E+0
-1.763228E+0
-1.769108E+0
-1.776458E+0
-1.786748E+0
-1.795568E+0
-1.802918E+0
-1.805858E+0
-1.807328E+0
-1.805858E+0
-1.802918E+0
-1.801448E+0
-1.802918E+0
-1.807328E+0
-1.816148E+0
-1.827908E+0
-1.844078E+0
-1.863188E+0
-1.883768E+0
-1.902878E+0
-1.920518E+0
-1.935218E+0
-1.944038E+0
-1.949918E+0
-1.949918E+0
-1.948448E+0
-1.944038E+0
-1.939628E+0
-1.936688E+0
-1.936688E+0
-1.939628E+0
-1.946978E+0
-1.957268E+0
-1.967558E+0
-1.980788E+0
-1.992548E+0
-2.002838E+0
-2.011658E+0
-2.019008E+0
-2.023418E+0
-2.024888E+0
-2.024888E+0
-2.021948E+0
-2.014598E+0
-2.005778E+0
-1.994018E+0
-1.979318E+0
-1.963148E+0
-1.946978E+0
-1.929338E+0
-1.913168E+0
-1.898468E+0
-1.886708E+0
-1.877888E+0
-1.873478E+0
-1.873478E+0
-1.876418E+0
-1.883768E+0
-1.894058E+0
-1.904348E+0
-1.913168E+0
-1.921988E+0
-1.927868E+0
-1.929338E+0
-1.929338E+0
-1.927868E+0
-1.926398E+0
-1.926398E+0
-1.929338E+0
-1.935218E+0
-1.946978E+0
-1.961678E+0
-1.977848E+0
-1.996958E+0
-2.017538E+0
-2.036648E+0
-2.054288E+0
-2.070458E+0
-2.085158E+0
-2.098388E+0
-2.111618E+0
-2.124848E+0
-2.136608E+0
-2.149838E+0
-2.161598E+0
-2.173358E+0
-2.183648E+0
-2.195408E+0
-2.204228E+0
-2.214518E+0
-2.221868E+0
-2.229218E+0
-2.235098E+0
-2.236568E+0
-2.238038E+0
-2.235098E+0
-2.230688E+0
-2.224808E+0
-2.218928E+0
-2.211578E+0
-2.204228E+0
-2.195408E+0
-2.185118E+0
-2.174828E+0
-2.163068E+0
-2.151308E+0
-2.141018E+0
-2.132198E+0
-2.127788E+0
-2.126318E+0
-2.129258E+0
-2.135138E+0
-2.143958E+0
-2.152778E+0
-2.161598E+0
-2.168948E+0
-2.173358E+0
-2.174828E+0
-2.173358E+0
-2.168948E+0
-2.163068E+0
-2.155718E+0
-2.148368E+0
-2.141018E+0
-2.135138E+0
-2.130728E+0
-2.129258E+0
-2.127788E+0
-2.130728E+0
-2.135138E+0
-2.142488E+0
-2.152778E+0
-2.166008E+0
-2.182178E+0
-2.202758E+0
-2.223338E+0
-2.246858E+0
-2.268908E+0
-2.289488E+0
-2.308598E+0
-2.321828E+0
-2.330648E+0
-2.335058E+0
-2.332118E+0
-2.326238E+0
-2.315948E+0
-2.301248E+0
-2.285078E+0
-2.267438E+0
-2.249798E+0
-2.230688E+0
-2.213048E+0
-2.196878E+0
-2.183648E+0
-2.174828E+0
-2.170418E+0
-2.170418E+0
-2.174828E+0
-2.183648E+0
-2.198348E+0
-2.214518E+0
-2.235098E+0
-2.255678E+0
-2.276258E+0
-2.296838E+0
-2.317418E+0
-2.336528E+0
-2.352698E+0
-2.367398E+0
-2.379158E+0
-2.390918E+0
-2.398268E+0
-2.405618E+0
-2.412968E+0
-2.418848E+0
-2.421788E+0
-2.423258E+0
-2.420318E+0
-2.411498E+0
-2.398268E+0
-2.382098E+0
-2.361518E+0
-2.340938E+0
-2.323298E+0
-2.310068E+0
-2.301248E+0
-2.298308E+0
-2.301248E+0
-2.307128E+0
-2.315948E+0
-2.323298E+0
-2.329178E+0
-2.330648E+0
-2.327708E+0
-2.321828E+0
-2.314478E+0
-2.304188E+0
-2.295368E+0
-2.286548E+0
-2.280668E+0
-2.277728E+0
-2.277728E+0
-2.282138E+0
-2.289488E+0
-2.299778E+0
-2.314478E+0
-2.330648E+0
-2.349758E+0
-2.370338E+0
-2.390918E+0
-2.411498E+0
-2.433548E+0
-2.452658E+0
-2.470298E+0
-2.484998E+0
-2.495288E+0
-2.501168E+0
-2.496758E+0
-2.484998E+0
-2.465888E+0
-2.436488E+0
-2.404148E+0
-2.368868E+0
-2.335058E+0
-2.305658E+0
-2.282138E+0
-2.268908E+0
-2.264498E+0
-2.267438E+0
-2.279198E+0
-2.296838E+0
-2.318888E+0
-2.340938E+0
-2.362988E+0
-2.380628E+0
-2.396798E+0
-2.407088E+0
-2.414438E+0
-2.420318E+0
-2.423258E+0
-2.427668E+0
-2.432078E+0
-2.437958E+0
-2.446778E+0
-2.455598E+0
-2.464418E+0
-2.471768E+0
-2.479118E+0
-2.484998E+0
-2.487938E+0
-2.490878E+0
-2.495288E+0
-2.498228E+0
-2.504108E+0
-2.509988E+0
-2.517338E+0
-2.526158E+0
-2.534978E+0
-2.545268E+0
-2.554088E+0
-2.561438E+0
-2.568788E+0
-2.574668E+0
-2.579078E+0
-2.580548E+0
-2.582018E+0
-2.580548E+0
-2.576138E+0
-2.571728E+0
-2.567318E+0
-2.562908E+0
-2.559968E+0
-2.557028E+0
-2.555558E+0
-2.555558E+0
-2.555558E+0
-2.557028E+0
-2.558498E+0
-2.561438E+0
-2.562908E+0
-2.565848E+0
-2.568788E+0
-2.568788E+0
-2.567318E+0
-2.564378E+0
-2.558498E+0
-2.548208E+0
-2.537918E+0
-2.524688E+0
-2.511458E+0
-2.501168E+0
-2.493818E+0
-2.492348E+0
-2.496758E+0
-2.508518E+0
-2.527628E+0
-2.551148E+0
-2.577608E+0
-2.605538E+0
-2.630528E+0
-2.654048E+0
-2.671688E+0
-2.684918E+0
-2.692268E+0
-2.693738E+0
-2.692268E+0
-2.687858E+0
-2.681978E+0
-2.673158E+0
-2.665808E+0
-2.658458E+0
-2.655518E+0
-2.655518E+0
-2.659928E+0
-2.668748E+0
-2.681978E+0
-2.695208E+0
-2.709908E+0
-2.721668E+0
-2.729018E+0
-2.729018E+0
-2.721668E+0
-2.711378E+0
-2.695208E+0
-2.677568E+0
-2.659928E+0
-2.643758E+0
-2.631998E+0
-2.624648E+0
-2.623178E+0
-2.627588E+0
-2.637878E+0
-2.655518E+0
-2.680508E+0
-2.711378E+0
-2.745188E+0
-2.780468E+0
-2.815748E+0
-2.848088E+0
-2.876018E+0
-2.899538E+0
-2.917178E+0
-2.931878E+0
-2.942168E+0
-2.950988E+0
-2.959808E+0
-2.967158E+0
-2.974508E+0
-2.980388E+0
-2.981858E+0
-2.980388E+0
-2.973038E+0
-2.959808E+0
-2.942168E+0
-2.921588E+0
-2.898068E+0
-2.874548E+0
-2.855438E+0
-2.840738E+0
-2.833388E+0
-2.831918E+0
-2.836328E+0
-2.848088E+0
-2.862788E+0
-2.878958E+0
-2.890718E+0
-2.898068E+0
-2.901008E+0
-2.895128E+0
-2.883368E+0
-2.870138E+0
-2.856908E+0
-2.845148E+0
-2.837798E+0
-2.839268E+0
-2.848088E+0
-2.861318E+0
-2.880428E+0
-2.902478E+0
-2.923058E+0
-2.943638E+0
-2.959808E+0
-2.973038E+0
-2.978918E+0
-2.978918E+0
-2.975978E+0
-2.967158E+0
-2.953928E+0
-2.936288E+0
-2.915708E+0
-2.895128E+0
-2.874548E+0
-2.856908E+0
-2.845148E+0
-2.842208E+0
-2.845148E+0
-2.859848E+0
-2.880428E+0
-2.906888E+0
-2.936288E+0
-2.964218E+0
-2.987738E+0
-3.006848E+0
-3.017138E+0
-3.018608E+0
-3.012728E+0
-3.002438E+0
-2.987738E+0
-2.973038E+0
-2.956868E+0
-2.943638E+0
-2.933348E+0
-2.925998E+0
-2.920118E+0
-2.915708E+0
-2.915708E+0
-2.915708E+0
-2.914238E+0
-2.914238E+0
-2.909828E+0
-2.905418E+0
-2.898068E+0
-2.890718E+0
-2.883368E+0
-2.878958E+0
-2.878958E+0
-2.883368E+0
-2.895128E+0
-2.912768E+0
-2.934818E+0
-2.965688E+0
-2.998028E+0
-3.031838E+0
-3.067118E+0
-3.102398E+0
-3.134738E+0
-3.161198E+0
-3.183248E+0
-3.195008E+0
-3.197948E+0
-3.192068E+0
-3.174428E+0
-3.149438E+0
-3.117098E+0
-3.083288E+0
-3.049478E+0
-3.020078E+0
-2.995088E+0
-2.977448E+0
-2.967158E+0
-2.962748E+0
-2.967158E+0
-2.977448E+0
-2.992148E+0
-3.009788E+0
-3.031838E+0
-3.053888E+0
-3.078878E+0
-3.100928E+0
-3.121508E+0
-3.140618E+0
-3.155318E+0
-3.167078E+0
-3.174428E+0
-3.180308E+0
-3.181778E+0
-3.181778E+0
-3.180308E+0
-3.177368E+0
-3.172958E+0
-3.167078E+0
-3.161198E+0
-3.156788E+0
-3.150908E+0
-3.146498E+0
-3.143558E+0
-3.143558E+0
-3.146498E+0
-3.150908E+0
-3.159728E+0
-3.170018E+0
-3.184718E+0
-3.199418E+0
-3.217058E+0
-3.236168E+0
-3.256748E+0
-3.274388E+0
-3.292028E+0
-3.303788E+0
-3.314078E+0
-3.319958E+0
-3.319958E+0
-3.319958E+0
-3.315548E+0
-3.309668E+0
-3.303788E+0
-3.299378E+0
-3.294968E+0
-3.293498E+0
-3.292028E+0
-3.293498E+0
-3.296438E+0
-3.300848E+0
-3.306728E+0
-3.314078E+0
-3.324368E+0
-3.336128E+0
-3.344948E+0
-3.355238E+0
-3.365528E+0
-3.371408E+0
-3.374348E+0
-3.375818E+0
-3.374348E+0
-3.371408E+0
-3.368468E+0
-3.362588E+0
-3.358178E+0
-3.352298E+0
-3.347888E+0
-3.343478E+0
-3.339068E+0
-3.331718E+0
-3.327308E+0
-3.322898E+0
-3.317018E+0
-3.312608E+0
-3.312608E+0
-3.314078E+0
-3.319958E+0
-3.331718E+0
-3.347888E+0
-3.369938E+0
-3.396398E+0
-3.424328E+0
-3.452258E+0
-3.480188E+0
-3.505178E+0
-3.528698E+0
-3.547808E+0
-3.562508E+0
-3.575738E+0
-3.586028E+0
-3.596318E+0
-3.603668E+0
-3.608078E+0
-3.611018E+0
-3.609548E+0
-3.605138E+0
-3.594848E+0
-3.581618E+0
-3.565448E+0
-3.546338E+0
-3.527228E+0
-3.508118E+0
-3.490478E+0
-3.475778E+0
-3.466958E+0
-3.461078E+0
-3.461078E+0
-3.465488E+0
-3.472838E+0
-3.481658E+0
-3.491948E+0
-3.497828E+0
-3.503708E+0
-3.505178E+0
-3.505178E+0
-3.502238E+0
-3.496358E+0
-3.491948E+0
-3.487538E+0
-3.483128E+0
-3.483128E+0
-3.487538E+0
-3.497828E+0
-3.513998E+0
-3.536048E+0
-3.563978E+0
-3.597788E+0
-3.636008E+0
-3.677168E+0
-3.718328E+0
-3.758018E+0
-3.790358E+0
-3.815348E+0
-3.830048E+0
-3.832988E+0
-3.822698E+0
-3.797708E+0
-3.763898E+0
-3.721268E+0
-3.674228E+0
-3.627188E+0
-3.580148E+0
-3.538988E+0
-3.508118E+0
-3.484598E+0
-3.472838E+0
-3.471368E+0
-3.477248E+0
-3.491948E+0
-3.508118E+0
-3.522818E+0
-3.534578E+0
-3.536048E+0
-3.530168E+0
-3.512528E+0
-3.487538E+0
-3.455198E+0
-3.421388E+0
-3.389048E+0
-3.361118E+0
-3.339068E+0
-3.325838E+0
-3.319958E+0
-3.322898E+0
-3.336128E+0
-3.355238E+0
-3.383168E+0
-3.418448E+0
-3.462548E+0
-3.511058E+0
-3.563978E+0
-3.618368E+0
-3.671288E+0
-3.718328E+0
-3.760958E+0
-3.794768E+0
-3.821228E+0
-3.840338E+0
-3.853568E+0
-3.863858E+0
-3.871208E+0
-3.871208E+0
-3.865328E+0
-3.853568E+0
-3.834458E+0
-3.809468E+0
-3.780068E+0
-3.747728E+0
-3.716858E+0
-3.688928E+0
-3.666878E+0
-3.649238E+0
-3.634538E+0
-3.624248E+0
-3.616898E+0
-3.608078E+0
-3.600728E+0
-3.594848E+0
-3.591908E+0
-3.591908E+0
-3.597788E+0
-3.611018E+0
-3.627188E+0
-3.649238E+0
-3.671288E+0
-3.693338E+0
-3.715388E+0
-3.734498E+0
-3.749198E+0
-3.759488E+0
-3.766838E+0
-3.772718E+0
-3.774188E+0
-3.775658E+0
-3.774188E+0
-3.771248E+0
-3.765368E+0
-3.756548E+0
-3.744788E+0
-3.728618E+0
-3.712448E+0
-3.697748E+0
-3.680108E+0
-3.666878E+0
-3.655118E+0
-3.643358E+0
-3.637478E+0
-3.633068E+0
-3.631598E+0
-3.630128E+0
-3.630128E+0
-3.630128E+0
-3.630128E+0
-3.630128E+0
-3.628658E+0
-3.627188E+0
-3.624248E+0
-3.622778E+0
-3.624248E+0
-3.627188E+0
-3.631598E+0
-3.638948E+0
-3.646298E+0
-3.655118E+0
-3.662468E+0
-3.669818E+0
-3.672758E+0
-3.674228E+0
-3.675698E+0
-3.674228E+0
-3.674228E+0
-3.677168E+0
-3.683048E+0
-3.691868E+0
-3.706568E+0
-3.725678E+0
-3.749198E+0
-3.771248E+0
-3.790358E+0
-3.799178E+0
-3.793298E+0
-3.766838E+0
-3.719798E+0
-3.653648E+0
-3.578678E+0
-3.500768E+0
-3.312608E+0
-2.730488E+0
-1.885238E+0
-1.078208E+0
-3.549680E-1
2.918320E-1
8.474920E-1
1.306132E+0
1.670692E+0
1.948522E+0
2.146972E+0
2.286622E+0
2.376292E+0
2.408632E+0
2.377762E+0
2.296912E+0
2.161672E+0
1.967632E+0
1.729492E+0
1.457542E+0
1.145902E+0
7.828120E-1
3.609220E-1
-1.050680E-1
-5.945780E-1
-1.089968E+0
-1.580948E+0
-2.066048E+0
-2.545268E+0
-3.012728E+0
-3.466958E+0
-3.906488E+0
-4.326908E+0
-4.723808E+0
-5.091308E+0
-5.424998E+0
-5.730758E+0
-6.012998E+0
-6.289358E+0
-6.574538E+0
-6.893528E+0
-7.266908E+0
-7.702028E+0
-8.228288E+0
-8.858918E+0
-9.602738E+0
-1.048327E+1
-1.150492E+1
-1.261330E+1
-1.360555E+1
-1.426852E+1
-1.443022E+1
-1.426852E+1
-1.443022E+1
-1.499911E+1
-1.849477E+1
-2.000005E+1
-2.000005E+1
-2.000005E+1
-2.000005E+1
-2.000005E+1
-2.000005E+1
-2.000005E+1
-2.000005E+1
-2.000005E+1
-1.397893E+1
-1.154902E+1
-1.037743E+1
-9.658598E+0
-9.133808E+0
-8.758958E+0
-8.482598E+0
-8.306198E+0
-8.209178E+0
-8.190068E+0
-8.257688E+0
-8.409098E+0
-8.651648E+0
-8.964758E+0
-9.346958E+0
-9.792368E+0
-1.025248E+1
-1.071259E+1
-1.107274E+1
-1.133734E+1
-1.146082E+1
-1.154902E+1
-1.159312E+1
-1.159312E+1
-1.159312E+1
-1.168573E+1
-1.183273E+1
-1.215907E+1
-1.261330E+1
-1.328803E+1
-1.479331E+1
-2.000005E+1
-2.000005E+1
-2.000005E+1
-2.000005E+1
-2.000005E+1
-2.000005E+1
-2.000005E+1
-2.000005E+1
-2.000005E+1
-2.000005E+1
-2.000005E+1
-2.000005E+1
-2.000005E+1
-2.000005E+1
-2.000005E+1
-1.548421E+1
-1.301020E+1
-1.198855E+1
-1.141966E+1
-1.121974E+1
-1.118152E+1
-1.137850E+1
-1.168573E+1
-1.221787E+1
-1.284262E+1
-1.360555E+1
-1.443022E+1
-1.522843E+1
-1.548421E+1
-1.499911E+1
-1.426852E+1
-1.349383E+1
-1.268680E+1
-1.198855E+1
-1.146082E+1
-1.103746E+1
-1.077433E+1
-1.062439E+1
-1.062439E+1
-1.074346E+1
-1.100218E+1
-1.146082E+1
-1.210027E+1
-1.319101E+1
-1.548421E+1
-2.000005E+1
-2.000005E+1
-2.000005E+1
-2.000005E+1
-2.000005E+1
-2.000005E+1
-2.000005E+1
-2.000005E+1
-2.000005E+1
-2.000005E+1
-2.000005E+1
-2.000005E+1
-2.000005E+1
-2.000005E+1
-2.000005E+1
-2.000005E+1
-2.000005E+1
-2.000005E+1
-2.000005E+1
-2.000005E+1
-2.000005E+1
-2.000005E+1
-2.000005E+1
-2.000005E+1
-2.000005E+1
-2.000005E+1
-1.426852E+1
-1.150492E+1
-1.048327E+1
-9.955538E+0
-9.714458E+0
-9.733568E+0
-9.977588E+0
-1.053913E+1
-1.159312E+1
-1.411858E+1
-2.000005E+1
-2.000005E+1
-2.000005E+1
-2.000005E+1
-2.000005E+1
-2.000005E+1
-2.000005E+1
-2.000005E+1
-2.000005E+1
-2.000005E+1
-2.000005E+1
-2.000005E+1
-2.000005E+1
-2.000005E+1
-2.000005E+1
-2.000005E+1
-2.000005E+1
-2.000005E+1
-2.000005E+1
-2.000005E+1
-2.000005E+1
-2.000005E+1
-2.000005E+1
-2.000005E+1
-2.000005E+1
-2.000005E+1
-2.000005E+1
-2.000005E+1
-2.000005E+1
-2.000005E+1
-2.000005E+1
-2.000005E+1
-2.000005E+1
-2.000005E+1
-2.000005E+1
-2.000005E+1
-2.000005E+1
-2.000005E+1
-2.000005E+1
-2.000005E+1
-1.443022E+1
-1.204441E+1
-1.103746E+1
-1.048327E+1
-1.022749E+1
-1.020397E+1
-1.043035E+1
-1.090222E+1
-1.168573E+1
-1.319101E+1
-2.000005E+1
-2.000005E+1
-2.000005E+1
-2.000005E+1
-2.000005E+1
-2.000005E+1
-2.000005E+1
-2.000005E+1
-2.000005E+1
-2.000005E+1
-2.000005E+1
-2.000005E+1
-1.372315E+1
-1.129765E+1
-1.015693E+1
-9.446918E+0
-8.992688E+0
-8.735438E+0
-8.651648E+0
-8.747198E+0
-9.019148E+0
-9.514538E+0
-1.032745E+1
-1.183273E+1
-2.000005E+1
-2.000005E+1
-2.000005E+1
-2.000005E+1
-2.000005E+1
-2.000005E+1
-2.000005E+1
-2.000005E+1
-2.000005E+1
-2.000005E+1
-2.000005E+1
-2.000005E+1
-2.000005E+1
-2.000005E+1
-2.000005E+1
-2.000005E+1
-2.000005E+1
-2.000005E+1
-2.000005E+1
-1.426852E+1
-1.215907E+1
-1.114477E+1
-1.048327E+1
-9.999638E+0
-9.621848E+0
-9.330788E+0
-9.104408E+0
-8.951528E+0
-8.911838E+0
-9.019148E+0
-9.299918E+0
-9.893798E+0
-1.110802E+1
-1.610896E+1
-2.000005E+1
-2.000005E+1
-2.000005E+1
-2.000005E+1
-2.000005E+1
-2.000005E+1
-2.000005E+1
-2.000005E+1
-2.000005E+1
-2.000005E+1
-2.000005E+1
-2.000005E+1
-2.000005E+1
-2.000005E+1
-1.360555E+1
-1.204441E+1
-1.133734E+1
-1.093456E+1
-1.074346E+1
-1.062439E+1
-1.056706E+1
-1.051120E+1
-1.048327E+1
-1.051120E+1
-1.056706E+1
-1.071259E+1
-1.096837E+1
-1.133734E+1
-1.198855E+1
-1.301020E+1
-1.479331E+1
-2.000005E+1
-2.000005E+1
-2.000005E+1
-2.000005E+1
-1.548421E+1
-1.328803E+1
-1.210027E+1
-1.137850E+1
-1.086841E+1
-1.053913E+1
-1.035244E+1
-1.022749E+1
-1.020397E+1
-1.020397E+1
-1.027747E+1
-1.035244E+1
-1.045681E+1
-1.059499E+1
-1.080520E+1
-1.107274E+1
-1.154902E+1
-1.227961E+1
-1.384663E+1
-2.000005E+1
-2.000005E+1
-2.000005E+1
-2.000005E+1
-2.000005E+1
-2.000005E+1
-2.000005E+1
-2.000005E+1
-2.000005E+1
-2.000005E+1
-2.000005E+1
-2.000005E+1
-2.000005E+1
-2.000005E+1
-1.319101E+1
-1.150492E+1
-1.086841E+1
-1.065379E+1
-1.083607E+1
-1.141966E+1
-1.276324E+1
-2.000005E+1
-2.000005E+1
-2.000005E+1
-2.000005E+1
-2.000005E+1
-2.000005E+1
-2.000005E+1
-2.000005E+1
-2.000005E+1
-2.000005E+1
-2.000005E+1
-2.000005E+1
-2.000005E+1
-2.000005E+1
-2.000005E+1
-2.000005E+1
-2.000005E+1
-2.000005E+1
-2.000005E+1
-2.000005E+1
-2.000005E+1
-2.000005E+1
-2.000005E+1
-1.360555E+1
-1.133734E+1
-1.027747E+1
-9.639488E+0
-9.269048E+0
-9.061778E+0
-8.977988E+0
-8.992688E+0
-9.089708E+0
-9.283748E+0
-9.532178E+0
-9.832058E+0
-1.022749E+1
-1.077433E+1
-1.159312E+1
-1.328803E+1
-2.000005E+1
-2.000005E+1
-2.000005E+1
-2.000005E+1
-2.000005E+1
-2.000005E+1
-2.000005E+1
-2.000005E+1
-2.000005E+1
-2.000005E+1
-2.000005E+1
-2.000005E+1
-2.000005E+1
-2.000005E+1
-2.000005E+1
-2.000005E+1
-2.000005E+1
-2.000005E+1
-2.000005E+1
-2.000005E+1
-1.384663E+1
-1.234135E+1
-1.163869E+1
-1.129765E+1
-1.125796E+1
-1.146082E+1
-1.193563E+1
-1.301020E+1
-1.548421E+1
-2.000005E+1
-2.000005E+1
-2.000005E+1
-2.000005E+1
-2.000005E+1
-1.650439E+1
-1.204441E+1
-1.040389E+1
-9.363128E+0
-8.628128E+0
-8.097458E+0
-7.702028E+0
-7.438898E+0
-7.290428E+0
-7.253678E+0
-7.309538E+0
-7.459478E+0
-7.709378E+0
-8.044538E+0
-8.450258E+0
-8.898608E+0
-9.330788E+0
-9.676238E+0
-9.893798E+0
-9.977588E+0
-9.934958E+0
-9.852638E+0
-9.773258E+0
-9.773258E+0
-9.852638E+0
-9.977588E+0
-1.018045E+1
-1.040389E+1
-1.065379E+1
-1.080520E+1
-1.083607E+1
-1.068319E+1
-1.043035E+1
-1.010989E+1
-9.752678E+0
-9.446918E+0
-9.177908E+0
-8.992688E+0
-8.898608E+0
-8.911838E+0
-9.005918E+0
-9.207308E+0
-9.480728E+0
-9.852638E+0
-1.027747E+1
-1.071259E+1
-1.114477E+1
-1.150492E+1
-1.173277E+1
-1.183273E+1
-1.188271E+1
-1.178275E+1
-1.159312E+1
-1.129765E+1
-1.096837E+1
-1.062439E+1
-1.022749E+1
-9.893798E+0
-9.621848E+0
-9.429278E+0
-9.330788E+0
-9.316088E+0
-9.413108E+0
-9.602738E+0
-9.914378E+0
-1.030099E+1
-1.074346E+1
-1.118152E+1
-1.154902E+1
-1.173277E+1
-1.163869E+1
-1.141966E+1
-1.118152E+1
-1.096837E+1
-1.086841E+1
-1.090222E+1
-1.103746E+1
-1.137850E+1
-1.193563E+1
-1.301020E+1
-1.522843E+1
-2.000005E+1
-2.000005E+1
-2.000005E+1
-2.000005E+1
-2.000005E+1
-2.000005E+1
-2.000005E+1
-2.000005E+1
-2.000005E+1
-2.000005E+1
-2.000005E+1
-2.000005E+1
-2.000005E+1
-2.000005E+1
-2.000005E+1
-2.000005E+1
-2.000005E+1
-2.000005E+1
-2.000005E+1
-2.000005E+1
-2.000005E+1
-2.000005E+1
-2.000005E+1
-2.000005E+1
-2.000005E+1
-2.000005E+1
-2.000005E+1
-1.426852E+1
-1.301020E+1
-1.234135E+1
-1.204441E+1
-1.188271E+1
-1.193563E+1
-1.210027E+1
-1.234135E+1
-1.261330E+1
-1.284262E+1
-1.301020E+1
-1.292494E+1
-1.261330E+1
-1.210027E+1
-1.154902E+1
-1.110802E+1
-1.080520E+1
-1.062439E+1
-1.062439E+1
-1.080520E+1
-1.125796E+1
-1.210027E+1
-1.411858E+1
-2.000005E+1
-2.000005E+1
-2.000005E+1
-2.000005E+1
-2.000005E+1
-2.000005E+1
-2.000005E+1
-2.000005E+1
-2.000005E+1
-2.000005E+1
-2.000005E+1
-2.000005E+1
-2.000005E+1
-2.000005E+1
-2.000005E+1
-2.000005E+1
-2.000005E+1
-2.000005E+1
-2.000005E+1
-2.000005E+1
-2.000005E+1
-2.000005E+1
-2.000005E+1
-2.000005E+1
-2.000005E+1
-2.000005E+1
-2.000005E+1
-2.000005E+1
-2.000005E+1
-2.000005E+1
-2.000005E+1
-2.000005E+1
-2.000005E+1
-2.000005E+1
-2.000005E+1
-2.000005E+1
-2.000005E+1
-2.000005E+1
-2.000005E+1
-2.000005E+1
-2.000005E+1
-2.000005E+1
-2.000005E+1
-2.000005E+1
-2.000005E+1
-1.548421E+1
-1.443022E+1
-1.426852E+1
-1.460368E+1
-1.610896E+1
-2.000005E+1
-2.000005E+1
-2.000005E+1
-2.000005E+1
-2.000005E+1
-2.000005E+1
-2.000005E+1
-2.000005E+1
-2.000005E+1
-2.000005E+1
-2.000005E+1
-2.000005E+1
-2.000005E+1
-2.000005E+1
-2.000005E+1
-2.000005E+1
-2.000005E+1
-2.000005E+1
-1.650439E+1
-1.397893E+1
-1.276324E+1
-1.178275E+1
-1.103746E+1
-1.048327E+1
-1.008784E+1
-9.832058E+0
-9.733568E+0
-9.792368E+0
-1.002169E+1
-1.048327E+1
-1.129765E+1
-1.268680E+1
-1.849477E+1
-2.000005E+1
-2.000005E+1
-2.000005E+1
-2.000005E+1
-2.000005E+1
-2.000005E+1
-2.000005E+1
-2.000005E+1
-2.000005E+1
-1.698949E+1
-1.522843E+1
-1.426852E+1
-1.360555E+1
-1.292494E+1
-1.240750E+1
-1.198855E+1
-1.183273E+1
-1.188271E+1
-1.215907E+1
-1.292494E+1
-1.522843E+1
-2.000005E+1
-2.000005E+1
-2.000005E+1
-2.000005E+1
-2.000005E+1
-2.000005E+1
-2.000005E+1
-2.000005E+1
-2.000005E+1
-2.000005E+1
-2.000005E+1
-2.000005E+1
-2.000005E+1
-2.000005E+1
-1.443022E+1
-1.268680E+1
-1.234135E+1
-1.261330E+1
-1.360555E+1
-1.698949E+1
-2.000005E+1
-2.000005E+1
-2.000005E+1
-2.000005E+1
-2.000005E+1
-2.000005E+1
-1.372315E+1
-1.204441E+1
-1.110802E+1
-1.051120E+1
-1.008784E+1
-9.792368E+0
-9.567458E+0
-9.396938E+0
-9.252878E+0
-9.177908E+0
-9.133808E+0
-9.163208E+0
-9.269048E+0
-9.480728E+0
-9.852638E+0
-1.040389E+1
-1.125796E+1
-1.268680E+1
-1.698949E+1
-2.000005E+1
-2.000005E+1
-2.000005E+1
-2.000005E+1
-1.479331E+1
-1.193563E+1
-1.056706E+1
-9.695348E+0
-9.075008E+0
-8.651648E+0
-8.337068E+0
-8.143028E+0
-8.035718E+0
-8.009258E+0
-8.070998E+0
-8.209178E+0
-8.419388E+0
-8.722208E+0
-9.119108E+0
-9.639488E+0
-1.027747E+1
-1.110802E+1
-1.227961E+1
-1.443022E+1
-2.000005E+1
-2.000005E+1
-2.000005E+1
-2.000005E+1
-2.000005E+1
-2.000005E+1
-2.000005E+1
-2.000005E+1
-2.000005E+1
-2.000005E+1
-1.698949E+1
-1.610896E+1
-1.698949E+1
-2.000005E+1
-2.000005E+1
-2.000005E+1
-2.000005E+1
-2.000005E+1
-2.000005E+1
-2.000005E+1
-2.000005E+1
-2.000005E+1
-2.000005E+1
-2.000005E+1
-2.000005E+1
-2.000005E+1
-2.000005E+1
-2.000005E+1
-2.000005E+1
-2.000005E+1
-2.000005E+1
-2.000005E+1
-1.479331E+1
-1.193563E+1
-1.096837E+1
-1.051120E+1
-1.030099E+1
-1.027747E+1
-1.037743E+1
-1.056706E+1
-1.074346E+1
-1.086841E+1
-1.086841E+1
-1.080520E+1
-1.071259E+1
-1.068319E+1
-1.077433E+1
-1.107274E+1
-1.178275E+1
-1.328803E+1
-2.000005E+1
-2.000005E+1
-2.000005E+1
-2.000005E+1
-2.000005E+1
-2.000005E+1
-2.000005E+1
-2.000005E+1
-2.000005E+1
-2.000005E+1
-2.000005E+1
-2.000005E+1
-2.000005E+1
-2.000005E+1
-2.000005E+1
-2.000005E+1
-2.000005E+1
-2.000005E+1
-2.000005E+1
-2.000005E+1
-2.000005E+1
-2.000005E+1
-2.000005E+1
-2.000005E+1
-2.000005E+1
-2.000005E+1
-2.000005E+1
-2.000005E+1
-2.000005E+1
-2.000005E+1
-2.000005E+1
-2.000005E+1
-2.000005E+1
-2.000005E+1
-1.328803E+1
-1.159312E+1
-1.080520E+1
-1.037743E+1
-1.018045E+1
-1.020397E+1
-1.035244E+1
-1.059499E+1
-1.090222E+1
-1.121974E+1
-1.141966E+1
-1.133734E+1
-1.110802E+1
-1.074346E+1
-1.035244E+1
-9.977588E+0
-9.639488E+0
-9.363128E+0
-9.163208E+0
-9.019148E+0
-8.925068E+0
-8.872148E+0
-8.858918E+0
-8.872148E+0
-8.898608E+0
-8.925068E+0
-8.964758E+0
-9.033848E+0
-9.133808E+0
-9.299918E+0
-9.567458E+0
-9.977588E+0
-1.068319E+1
-1.198855E+1
-1.610896E+1
-2.000005E+1
-2.000005E+1
-2.000005E+1
-2.000005E+1
-2.000005E+1
-2.000005E+1
-2.000005E+1
-2.000005E+1
-2.000005E+1
-2.000005E+1
-2.000005E+1
-2.000005E+1
-1.384663E+1
-1.183273E+1
-1.093456E+1
-1.043035E+1
-1.018045E+1
-1.010989E+1
-1.018045E+1
-1.035244E+1
-1.065379E+1
-1.100218E+1
-1.137850E+1
-1.163869E+1
-1.183273E+1
-1.193563E+1
-1.204441E+1
-1.215907E+1
-1.234135E+1
-1.276324E+1
-1.360555E+1
-1.522843E+1
-2.000005E+1
-2.000005E+1
-2.000005E+1
-2.000005E+1
-2.000005E+1
-2.000005E+1
-2.000005E+1
-2.000005E+1
-2.000005E+1
-2.000005E+1
-2.000005E+1
-2.000005E+1
-2.000005E+1
-2.000005E+1
-2.000005E+1
-2.000005E+1
-1.309840E+1
-1.141966E+1
-1.051120E+1
-9.977588E+0
-9.658598E+0
-9.480728E+0
-9.413108E+0
-9.446918E+0
-9.549818E+0
-9.733568E+0
-9.977588E+0
-1.030099E+1
-1.068319E+1
-1.110802E+1
-1.154902E+1
-1.193563E+1
-1.215907E+1
-1.234135E+1
-1.240750E+1
-1.254274E+1
-1.292494E+1
-1.360555E+1
-1.548421E+1
-2.000005E+1
-2.000005E+1
-2.000005E+1
-2.000005E+1
-2.000005E+1
-2.000005E+1
-2.000005E+1
-1.460368E+1
-1.284262E+1
-1.210027E+1
-1.183273E+1
-1.183273E+1
-1.215907E+1
-1.284262E+1
-1.384663E+1
-1.499911E+1
-1.610896E+1
-1.548421E+1
-1.411858E+1
-1.276324E+1
-1.173277E+1
-1.093456E+1
-1.032745E+1
-9.852638E+0
-9.463088E+0
-9.133808E+0
-8.858918E+0
-8.651648E+0
-8.482598E+0
-8.378228E+0
-8.337068E+0
-8.367938E+0
-8.504648E+0
-8.758958E+0
-9.177908E+0
-9.811478E+0
-1.080520E+1
-1.261330E+1
-2.000005E+1
-2.000005E+1
-2.000005E+1
-2.000005E+1
-2.000005E+1
-2.000005E+1
-2.000005E+1
-2.000005E+1
-2.000005E+1
-2.000005E+1
-2.000005E+1
-2.000005E+1
-2.000005E+1
-2.000005E+1
-2.000005E+1
-2.000005E+1
-2.000005E+1
-2.000005E+1
-2.000005E+1
-2.000005E+1
-2.000005E+1
-2.000005E+1
-2.000005E+1
-2.000005E+1
-2.000005E+1
-2.000005E+1
-2.000005E+1
-2.000005E+1
-2.000005E+1
-2.000005E+1
-2.000005E+1
-2.000005E+1
-1.548421E+1
-1.309840E+1
-1.210027E+1
-1.173277E+1
-1.159312E+1
-1.178275E+1
-1.210027E+1
-1.261330E+1
-1.328803E+1
-1.397893E+1
-1.411858E+1
-1.349383E+1
-1.261330E+1
-1.163869E+1
-1.080520E+1
-1.013341E+1
-9.602738E+0
-9.177908E+0
-8.885378E+0
-8.698688E+0
-8.628128E+0
-8.698688E+0
-8.925068E+0
-9.379298E+0
-1.018045E+1
-1.183273E+1
-2.000005E+1
-2.000005E+1
-2.000005E+1
-2.000005E+1
-2.000005E+1
-2.000005E+1
-2.000005E+1
-2.000005E+1
-2.000005E+1
-2.000005E+1
-2.000005E+1
-2.000005E+1
-2.000005E+1
-2.000005E+1
-2.000005E+1
-2.000005E+1
-2.000005E+1
-2.000005E+1
-2.000005E+1
-2.000005E+1
-2.000005E+1
-2.000005E+1
-2.000005E+1
-2.000005E+1
-2.000005E+1
-2.000005E+1
-2.000005E+1
-2.000005E+1
-2.000005E+1
-2.000005E+1
-2.000005E+1
-2.000005E+1
-1.698949E+1
-1.338799E+1
-1.215907E+1
-1.141966E+1
-1.093456E+1
-1.062439E+1
-1.048327E+1
-1.045681E+1
-1.051120E+1
-1.062439E+1
-1.071259E+1
-1.074346E+1
-1.065379E+1
-1.040389E+1
-1.008784E+1
-9.714458E+0
-9.346958E+0
-9.005918E+0
-8.698688E+0
-8.450258E+0
-8.247398E+0
-8.097458E+0
-8.000438E+0
-7.957808E+0
-7.948988E+0
-7.982798E+0
-8.053358E+0
-8.143028E+0
-8.257688E+0
-8.367938E+0
-8.482598E+0
-8.604608E+0
-8.772188E+0
-9.005918E+0
-9.379298E+0
-9.955538E+0
-1.096837E+1
-1.349383E+1
-2.000005E+1
-2.000005E+1
-2.000005E+1
-2.000005E+1
-2.000005E+1
-2.000005E+1
-2.000005E+1
-2.000005E+1
-2.000005E+1
-2.000005E+1
-2.000005E+1
-2.000005E+1
-2.000005E+1
-1.284262E+1
-1.125796E+1
-1.037743E+1
-9.792368E+0
-9.363128E+0
-9.019148E+0
-8.747198E+0
-8.548748E+0
-8.388518E+0
-8.297378E+0
-8.247398E+0
-8.247398E+0
-8.276798E+0
-8.326778E+0
-8.378228E+0
-8.409098E+0
-8.409098E+0
-8.367938E+0
-8.297378E+0
-8.200358E+0
-8.097458E+0
-8.035718E+0
-8.009258E+0
-8.053358E+0
-8.170958E+0
-8.378228E+0
-8.686928E+0
-9.119108E+0
-9.658598E+0
-1.032745E+1
-1.107274E+1
-1.178275E+1
-1.227961E+1
-1.227961E+1
-1.183273E+1
-1.121974E+1
-1.065379E+1
-1.015693E+1
-9.792368E+0
-9.532178E+0
-9.379298E+0
-9.316088E+0
-9.396938E+0
-9.602738E+0
-1.002169E+1
-1.074346E+1
-1.210027E+1
-1.849477E+1
-2.000005E+1
-2.000005E+1
-2.000005E+1
-2.000005E+1
-2.000005E+1
-2.000005E+1
-2.000005E+1
-2.000005E+1
-2.000005E+1
-1.650439E+1
-1.261330E+1
-1.154902E+1
-1.100218E+1
-1.071259E+1
-1.059499E+1
-1.059499E+1
-1.071259E+1
-1.090222E+1
-1.118152E+1
-1.159312E+1
-1.210027E+1
-1.284262E+1
-1.397893E+1
-1.577380E+1
-2.000005E+1
-2.000005E+1
-2.000005E+1
-2.000005E+1
-2.000005E+1
-2.000005E+1
-2.000005E+1
-2.000005E+1
-2.000005E+1
-2.000005E+1
-2.000005E+1
-2.000005E+1
-2.000005E+1
-2.000005E+1
-2.000005E+1
-1.479331E+1
-1.188271E+1
-1.062439E+1
-9.873218E+0
-9.413108E+0
-9.192608E+0
-9.163208E+0
-9.346958E+0
-9.773258E+0
-1.051120E+1
-1.198855E+1
-2.000005E+1
-2.000005E+1
-2.000005E+1
-2.000005E+1
-2.000005E+1
-2.000005E+1
-2.000005E+1
-2.000005E+1
-2.000005E+1
-2.000005E+1
-2.000005E+1
-2.000005E+1
-2.000005E+1
-2.000005E+1
-2.000005E+1
-2.000005E+1
-2.000005E+1
-2.000005E+1
-2.000005E+1
-2.000005E+1
-2.000005E+1
-2.000005E+1
-2.000005E+1
-2.000005E+1
-2.000005E+1
-2.000005E+1
-2.000005E+1
-2.000005E+1
-2.000005E+1
-2.000005E+1
-1.301020E+1
-1.204441E+1
-1.188271E+1
-1.234135E+1
-1.384663E+1
-2.000005E+1
-2.000005E+1
-2.000005E+1
-2.000005E+1
-2.000005E+1
-2.000005E+1
-2.000005E+1
-2.000005E+1
-2.000005E+1
-2.000005E+1
-2.000005E+1
-2.000005E+1
-2.000005E+1
-2.000005E+1
-2.000005E+1
-2.000005E+1
-2.000005E+1
-1.479331E+1
-1.193563E+1
-1.065379E+1
-9.893798E+0
-9.413108E+0
-9.133808E+0
-9.005918E+0
-9.019148E+0
-9.177908E+0
-9.446918E+0
-9.832058E+0
-1.030099E+1
-1.086841E+1
-1.146082E+1
-1.215907E+1
-1.301020E+1
-1.460368E+1
-2.000005E+1
-2.000005E+1
-2.000005E+1
-2.000005E+1
-2.000005E+1
-2.000005E+1
-2.000005E+1
-2.000005E+1
-2.000005E+1
-2.000005E+1
-2.000005E+1
-2.000005E+1
-2.000005E+1
-2.000005E+1
-2.000005E+1
-2.000005E+1
-2.000005E+1
-2.000005E+1
-2.000005E+1
-2.000005E+1
-2.000005E+1
-2.000005E+1
-2.000005E+1
-2.000005E+1
-2.000005E+1
-2.000005E+1
-2.000005E+1
-2.000005E+1
-2.000005E+1
-2.000005E+1
-2.000005E+1
-2.000005E+1
-2.000005E+1
-2.000005E+1
-2.000005E+1
-2.000005E+1
-2.000005E+1
-2.000005E+1
-2.000005E+1
-2.000005E+1
-2.000005E+1
-2.000005E+1
-2.000005E+1
-2.000005E+1
-2.000005E+1
-2.000005E+1
-2.000005E+1
-2.000005E+1
-2.000005E+1
-2.000005E+1
-2.000005E+1
-2.000005E+1
-2.000005E+1
-2.000005E+1
-2.000005E+1
-2.000005E+1
-2.000005E+1
-2.000005E+1
-2.000005E+1
-1.610896E+1
-1.426852E+1
-1.349383E+1
-1.328803E+1
-1.360555E+1
-1.479331E+1
-2.000005E+1
-2.000005E+1
-2.000005E+1
-2.000005E+1
-2.000005E+1
-2.000005E+1
-2.000005E+1
-2.000005E+1
-2.000005E+1
-2.000005E+1
-1.650439E+1
-1.210027E+1
-1.068319E+1
-9.852638E+0
-9.316088E+0
-9.005918E+0
-8.858918E+0
-8.872148E+0
-9.061778E+0
-9.429278E+0
-1.006579E+1
-1.107274E+1
-1.301020E+1
-2.000005E+1
-2.000005E+1
-2.000005E+1
-2.000005E+1
-2.000005E+1
-2.000005E+1
-2.000005E+1
-2.000005E+1
-2.000005E+1
-2.000005E+1
-2.000005E+1
-2.000005E+1
-2.000005E+1
-2.000005E+1
-2.000005E+1
-2.000005E+1
-2.000005E+1
-2.000005E+1
-2.000005E+1
-2.000005E+1
-2.000005E+1
-2.000005E+1
-2.000005E+1
-2.000005E+1
-2.000005E+1
-2.000005E+1
-2.000005E+1
-2.000005E+1
-2.000005E+1
-2.000005E+1
-2.000005E+1
-2.000005E+1
-2.000005E+1
-2.000005E+1
-2.000005E+1
-2.000005E+1
-2.000005E+1
-2.000005E+1
-2.000005E+1
-2.000005E+1
-2.000005E+1
-2.000005E+1
-2.000005E+1
-2.000005E+1
-2.000005E+1
-2.000005E+1
-1.698949E+1
-1.150492E+1
-1.025248E+1
-9.639488E+0
-9.346958E+0
-9.252878E+0
-9.330788E+0
-9.585098E+0
-1.004374E+1
-1.077433E+1
-1.210027E+1
-1.761424E+1
-2.000005E+1
-2.000005E+1
-2.000005E+1
-2.000005E+1
-2.000005E+1
-2.000005E+1
-2.000005E+1
-2.000005E+1
-2.000005E+1
-2.000005E+1
-2.000005E+1
-1.443022E+1
-1.173277E+1
-1.062439E+1
-9.955538E+0
-9.496898E+0
-9.207308E+0
-8.992688E+0
-8.858918E+0
-8.772188E+0
-8.747198E+0
-8.758958E+0
-8.795708E+0
-8.847158E+0
-8.898608E+0
-8.964758E+0
-9.047078E+0
-9.133808E+0
-9.222008E+0
-9.299918E+0
-9.346958E+0
-9.363128E+0
-9.346958E+0
-9.269048E+0
-9.133808E+0
-8.992688E+0
-8.858918E+0
-8.758958E+0
-8.686928E+0
-8.651648E+0
-8.663408E+0
-8.722208E+0
-8.822168E+0
-8.964758E+0
-9.163208E+0
-9.413108E+0
-9.752678E+0
-1.025248E+1
-1.100218E+1
-1.240750E+1
-2.000005E+1
-2.000005E+1
-2.000005E+1
-2.000005E+1
-2.000005E+1
-2.000005E+1
-2.000005E+1
-2.000005E+1
-2.000005E+1
-2.000005E+1
-2.000005E+1
-2.000005E+1
-2.000005E+1
-2.000005E+1
-1.292494E+1
-1.168573E+1
-1.133734E+1
-1.141966E+1
-1.193563E+1
-1.301020E+1
-1.522843E+1
-2.000005E+1
-2.000005E+1
-2.000005E+1
-2.000005E+1
-1.577380E+1
-1.349383E+1
-1.254274E+1
-1.221787E+1
-1.234135E+1
-1.301020E+1
-1.577380E+1
-2.000005E+1
-2.000005E+1
-2.000005E+1
-2.000005E+1
-2.000005E+1
-2.000005E+1
-2.000005E+1
-2.000005E+1
-2.000005E+1
-2.000005E+1
-2.000005E+1
-2.000005E+1
-2.000005E+1
-2.000005E+1
-2.000005E+1
-1.349383E+1
-1.133734E+1
-1.037743E+1
-9.832058E+0
-9.514538E+0
-9.363128E+0
-9.330788E+0
-9.429278E+0
-9.658598E+0
-1.002169E+1
-1.056706E+1
-1.141966E+1
-1.276324E+1
-1.650439E+1
-2.000005E+1
-2.000005E+1
-2.000005E+1
-2.000005E+1
-2.000005E+1
-2.000005E+1
-2.000005E+1
-2.000005E+1
-2.000005E+1
-2.000005E+1
-2.000005E+1
-2.000005E+1
-2.000005E+1
-1.284262E+1
-1.071259E+1
-9.602738E+0
-8.858918E+0
-8.347358E+0
-7.975448E+0
-7.716728E+0
-7.549148E+0
-7.453598E+0
-7.419788E+0
-7.438898E+0
-7.507988E+0
-7.606478E+0
-7.747598E+0
-7.907828E+0
-8.097458E+0
-8.297378E+0
-8.482598E+0
-8.651648E+0
-8.772188E+0
-8.822168E+0
-8.808938E+0
-8.747198E+0
-8.639888E+0
-8.526698E+0
-8.429678E+0
-8.337068E+0
-8.267978E+0
-8.228288E+0
-8.209178E+0
-8.219468E+0
-8.247398E+0
-8.297378E+0
-8.388518E+0
-8.504648E+0
-8.663408E+0
-8.847158E+0
-9.047078E+0
-9.252878E+0
-9.446918E+0
-9.621848E+0
-9.752678E+0
-9.873218E+0
-9.977588E+0
-1.008784E+1
-1.022749E+1
-1.043035E+1
-1.068319E+1
-1.093456E+1
-1.125796E+1
-1.159312E+1
-1.198855E+1
-1.254274E+1
-1.338799E+1
-1.522843E+1
-2.000005E+1
-2.000005E+1
-2.000005E+1
-2.000005E+1
-2.000005E+1
-2.000005E+1
-2.000005E+1
-2.000005E+1
-2.000005E+1
-2.000005E+1
-2.000005E+1
-2.000005E+1
-2.000005E+1
-2.000005E+1
-2.000005E+1
-2.000005E+1
-2.000005E+1
-2.000005E+1
-2.000005E+1
-2.000005E+1
-2.000005E+1
-2.000005E+1
-2.000005E+1
-2.000005E+1
-2.000005E+1
-2.000005E+1
-2.000005E+1
-2.000005E+1
-2.000005E+1
-2.000005E+1
-2.000005E+1
-2.000005E+1
-2.000005E+1
-2.000005E+1
-2.000005E+1
-2.000005E+1
-2.000005E+1
-2.000005E+1
-2.000005E+1
-2.000005E+1
-2.000005E+1
-2.000005E+1
-2.000005E+1
-2.000005E+1
-2.000005E+1
-1.577380E+1
-1.328803E+1
-1.183273E+1
-1.083607E+1
-1.008784E+1
-9.496898E+0
-9.033848E+0
-8.663408E+0
-8.367938E+0
-8.143028E+0
-7.957808E+0
-7.818158E+0
-7.709378E+0
-7.635878E+0
-7.599128E+0
-7.606478E+0
-7.665278E+0
-7.778468E+0
-7.948988E+0
-8.162138E+0
-8.419388E+0
-8.698688E+0
-8.964758E+0
-9.177908E+0
-9.299918E+0
-9.316088E+0
-9.222008E+0
-9.047078E+0
-8.847158E+0
-8.651648E+0
-8.472308E+0
-8.337068E+0
-8.276798E+0
-8.287088E+0
-8.388518E+0
-8.604608E+0
-8.951528E+0
-9.496898E+0
-1.030099E+1
-1.163869E+1
-1.522843E+1
-2.000005E+1
-2.000005E+1
-2.000005E+1
-2.000005E+1
-2.000005E+1
-2.000005E+1
-2.000005E+1
-2.000005E+1
-2.000005E+1
-2.000005E+1
-2.000005E+1
-2.000005E+1
-2.000005E+1
-2.000005E+1
-2.000005E+1
-2.000005E+1
-2.000005E+1
-2.000005E+1
-2.000005E+1
-2.000005E+1
-2.000005E+1
-2.000005E+1
-2.000005E+1
-1.761424E+1
-1.548421E+1
-1.577380E+1
-2.000005E+1
-2.000005E+1
-2.000005E+1
-2.000005E+1
-2.000005E+1
-2.000005E+1
-2.000005E+1
-2.000005E+1
-2.000005E+1
-2.000005E+1
-1.234135E+1
-1.059499E+1
-9.621848E+0
-9.019148E+0
-8.616368E+0
-8.398808E+0
-8.306198E+0
-8.337068E+0
-8.462018E+0
-8.675168E+0
-8.938298E+0
-9.238178E+0
-9.567458E+0
-9.914378E+0
-1.022749E+1
-1.053913E+1
-1.086841E+1
-1.125796E+1
-1.178275E+1
-1.247365E+1
-1.349383E+1
-1.479331E+1
-1.849477E+1
-2.000005E+1
-2.000005E+1
-2.000005E+1
-2.000005E+1
-2.000005E+1
-2.000005E+1
-2.000005E+1
-2.000005E+1
-2.000005E+1
-2.000005E+1
-2.000005E+1
-2.000005E+1
-2.000005E+1
-2.000005E+1
-2.000005E+1
-2.000005E+1
-2.000005E+1
-2.000005E+1
-2.000005E+1
-2.000005E+1
-1.460368E+1
-1.154902E+1
-1.035244E+1
-9.639488E+0
-9.222008E+0
-9.005918E+0
-8.925068E+0
-8.992688E+0
-9.177908E+0
-9.480728E+0
-9.852638E+0
-1.025248E+1
-1.059499E+1
-1.080520E+1
-1.077433E+1
-1.056706E+1
-1.027747E+1
-9.977588E+0
-9.773258E+0
-9.639488E+0
-9.639488E+0
-9.773258E+0
-1.008784E+1
-1.059499E+1
-1.137850E+1
-1.261330E+1
-1.499911E+1
-2.000005E+1
-2.000005E+1
-2.000005E+1
-2.000005E+1
-2.000005E+1
-1.499911E+1
-1.309840E+1
-1.193563E+1
-1.110802E+1
-1.053913E+1
-1.010989E+1
-9.811478E+0
-9.639488E+0
-9.585098E+0
-9.695348E+0
-9.955538E+0
-1.040389E+1
-1.114477E+1
-1.234135E+1
-1.522843E+1
-2.000005E+1
-2.000005E+1
-2.000005E+1
-2.000005E+1
-2.000005E+1
-2.000005E+1
-2.000005E+1
-2.000005E+1
-2.000005E+1
-2.000005E+1
-2.000005E+1
-2.000005E+1
-2.000005E+1
-2.000005E+1
-2.000005E+1
-2.000005E+1
-2.000005E+1
-2.000005E+1
-2.000005E+1
-2.000005E+1
-2.000005E+1
-2.000005E+1
-2.000005E+1
-2.000005E+1
-2.000005E+1
-2.000005E+1
-2.000005E+1
-2.000005E+1
-1.499911E+1
-1.292494E+1
-1.188271E+1
-1.125796E+1
-1.077433E+1
-1.045681E+1
-1.022749E+1
-1.010989E+1
-1.008784E+1
-1.010989E+1
-1.018045E+1
-1.032745E+1
-1.048327E+1
-1.068319E+1
-1.090222E+1
-1.110802E+1
-1.133734E+1
-1.150492E+1
-1.163869E+1
-1.178275E+1
-1.188271E+1
-1.204441E+1
-1.227961E+1
-1.261330E+1
-1.328803E+1
-1.443022E+1
-1.761424E+1
-2.000005E+1
-2.000005E+1
-2.000005E+1
-2.000005E+1
-2.000005E+1
-2.000005E+1
-2.000005E+1
-2.000005E+1
-2.000005E+1
-1.650439E+1
-1.548421E+1
-1.522843E+1
-1.522843E+1
-1.577380E+1
-1.761424E+1
-2.000005E+1
-2.000005E+1
-2.000005E+1
-2.000005E+1
-2.000005E+1
-2.000005E+1
-2.000005E+1
-2.000005E+1
-2.000005E+1
-2.000005E+1
-2.000005E+1
-2.000005E+1
-2.000005E+1
-2.000005E+1
-2.000005E+1
-2.000005E+1
-2.000005E+1
-2.000005E+1
-2.000005E+1
-2.000005E+1
-2.000005E+1
-2.000005E+1
-2.000005E+1
-2.000005E+1
-2.000005E+1
-2.000005E+1
-2.000005E+1
-1.309840E+1
-1.141966E+1
-1.053913E+1
-1.006579E+1
-9.832058E+0
-9.792368E+0
-9.914378E+0
-1.020397E+1
-1.065379E+1
-1.141966E+1
-1.284262E+1
-1.849477E+1
-2.000005E+1
-2.000005E+1
-2.000005E+1
-2.000005E+1
-2.000005E+1
-2.000005E+1
-2.000005E+1
-2.000005E+1
-2.000005E+1
-2.000005E+1
-1.360555E+1
-1.188271E+1
-1.107274E+1
-1.065379E+1
-1.040389E+1
-1.030099E+1
-1.027747E+1
-1.027747E+1
-1.030099E+1
-1.032745E+1
-1.035244E+1
-1.037743E+1
-1.051120E+1
-1.071259E+1
-1.107274E+1
-1.159312E+1
-1.240750E+1
-1.384663E+1
-2.000005E+1
-2.000005E+1
-2.000005E+1
-2.000005E+1
-2.000005E+1
-2.000005E+1
-2.000005E+1
-2.000005E+1
-2.000005E+1
-2.000005E+1
-2.000005E+1
-2.000005E+1
-2.000005E+1
-2.000005E+1
-2.000005E+1
-2.000005E+1
-2.000005E+1
-1.338799E+1
-1.227961E+1
-1.188271E+1
-1.178275E+1
