Date/Time	2022-06-21 15:05:36
Line location	3
Line name	C1
OTDR wavelength [nm]	1550
OTDR pulse duration [ns]	2
OTDR scan time [s]	10
OTDR scan length [m]	1.500000E+2
Length offset [m]	0.000000E+0
Length increment [m]	3.996806E-2
Switch ID	VIAVI Solutions,OTU 8000E,11654,FO,16.76
OTDR ID	JDSU,OTU 8000E,11654,OTU(SmartOTU),V7.22

Reflected amplitude [dB]
9.185820E-1
8.818320E-1
8.230320E-1
7.568820E-1
6.966120E-1
6.451620E-1
6.040020E-1
5.701920E-1
5.554920E-1
5.804820E-1
6.539820E-1
7.671720E-1
9.185820E-1
1.089102E+0
1.255212E+0
1.402212E+0
1.515402E+0
1.599192E+0
1.659462E+0
1.696212E+0
1.702092E+0
1.672692E+0
1.608012E+0
1.515402E+0
1.403682E+0
1.277262E+0
1.133202E+0
9.670920E-1
7.921620E-1
6.289920E-1
4.893420E-1
3.717420E-1
2.747220E-1
1.953420E-1
1.291920E-1
7.333200E-2
2.629200E-2
-1.339800E-2
-4.720800E-2
-7.513800E-2
-9.865800E-2
-1.177680E-1
-1.324680E-1
-1.442280E-1
-1.530480E-1
-1.603980E-1
-1.648080E-1
-1.677480E-1
-1.706880E-1
-1.736280E-1
-1.780380E-1
-1.839180E-1
-1.927380E-1
-2.044980E-1
-2.191980E-1
-2.353680E-1
-2.530080E-1
-2.721180E-1
-2.912280E-1
-3.088680E-1
-3.250380E-1
-3.382680E-1
-3.485580E-1
-3.559080E-1
-3.617880E-1
-3.647280E-1
-3.661980E-1
-3.661980E-1
-3.647280E-1
-3.617880E-1
-3.573780E-1
-3.485580E-1
-3.353280E-1
-3.191580E-1
-3.029880E-1
-2.735880E-1
-2.191980E-1
-1.530480E-1
-9.130800E-2
-3.985800E-2
-1.680000E-4
2.776200E-2
4.687200E-2
5.569200E-2
5.716200E-2
5.128200E-2
3.658200E-2
1.600200E-2
-1.486800E-2
-5.602800E-2
-1.030680E-1
-1.501080E-1
-1.971480E-1
-2.412480E-1
-2.824080E-1
-3.220980E-1
-3.588480E-1
-3.911880E-1
-4.191180E-1
-4.441080E-1
-4.646880E-1
-4.837980E-1
-4.970280E-1
-5.087880E-1
-5.176080E-1
-5.234880E-1
-5.278980E-1
-5.323080E-1
-5.337780E-1
-5.367180E-1
-5.396580E-1
-5.455380E-1
-5.514180E-1
-5.587680E-1
-5.675880E-1
-5.749380E-1
-5.822880E-1
-5.896380E-1
-5.940480E-1
-5.984580E-1
-5.999280E-1
-6.028680E-1
-6.028680E-1
-6.043380E-1
-6.058080E-1
-6.087480E-1
-6.116880E-1
-6.131580E-1
-6.160980E-1
-6.175680E-1
-6.175680E-1
-6.175680E-1
-6.160980E-1
-6.146280E-1
-6.116880E-1
-6.087480E-1
-6.072780E-1
-6.058080E-1
-6.043380E-1
-6.028680E-1
-6.013980E-1
-5.984580E-1
-5.940480E-1
-5.866980E-1
-5.764080E-1
-5.631780E-1
-5.484780E-1
-5.308380E-1
-5.058480E-1
-4.690980E-1
-4.191180E-1
-3.647280E-1
-3.073980E-1
-2.427180E-1
-1.736280E-1
-1.104180E-1
-5.749800E-2
-1.486800E-2
1.747200E-2
4.099200E-2
5.422200E-2
6.010200E-2
5.863200E-2
4.981200E-2
3.070200E-2
1.302000E-3
-3.691800E-2
-7.807800E-2
-1.192380E-1
-1.589280E-1
-1.956780E-1
-2.309580E-1
-2.647680E-1
-2.941680E-1
-3.206280E-1
-3.441480E-1
-3.632580E-1
-3.794280E-1
-3.926580E-1
-4.014780E-1
-4.088280E-1
-4.147080E-1
-4.176480E-1
-4.191180E-1
-4.205880E-1
-4.220580E-1
-4.235280E-1
-4.235280E-1
-4.249980E-1
-4.249980E-1
-4.264680E-1
-4.249980E-1
-4.249980E-1
-4.235280E-1
-4.235280E-1
-4.235280E-1
-4.235280E-1
-4.249980E-1
-4.264680E-1
-4.294080E-1
-4.323480E-1
-4.352880E-1
-4.382280E-1
-4.411680E-1
-4.441080E-1
-4.470480E-1
-4.485180E-1
-4.514580E-1
-4.543980E-1
-4.573380E-1
-4.602780E-1
-4.646880E-1
-4.676280E-1
-4.720380E-1
-4.764480E-1
-4.793880E-1
-4.823280E-1
-4.837980E-1
-4.837980E-1
-4.808580E-1
-4.764480E-1
-4.720380E-1
-4.661580E-1
-4.588080E-1
-4.514580E-1
-4.455780E-1
-4.396980E-1
-4.338180E-1
-4.294080E-1
-4.264680E-1
-4.264680E-1
-4.264680E-1
-4.294080E-1
-4.352880E-1
-4.411680E-1
-4.485180E-1
-4.558680E-1
-4.632180E-1
-4.690980E-1
-4.749780E-1
-4.779180E-1
-4.793880E-1
-4.793880E-1
-4.779180E-1
-4.749780E-1
-4.735080E-1
-4.705680E-1
-4.690980E-1
-4.676280E-1
-4.661580E-1
-4.661580E-1
-4.646880E-1
-4.632180E-1
-4.617480E-1
-4.588080E-1
-4.558680E-1
-4.514580E-1
-4.470480E-1
-4.426380E-1
-4.382280E-1
-4.352880E-1
-4.323480E-1
-4.308780E-1
-4.308780E-1
-4.308780E-1
-4.338180E-1
-4.367580E-1
-4.411680E-1
-4.470480E-1
-4.529280E-1
-4.588080E-1
-4.661580E-1
-4.735080E-1
-4.793880E-1
-4.852680E-1
-4.896780E-1
-4.926180E-1
-4.940880E-1
-4.940880E-1
-4.911480E-1
-4.867380E-1
-4.808580E-1
-4.735080E-1
-4.661580E-1
-4.588080E-1
-4.529280E-1
-4.485180E-1
-4.455780E-1
-4.441080E-1
-4.441080E-1
-4.441080E-1
-4.470480E-1
-4.485180E-1
-4.514580E-1
-4.529280E-1
-4.543980E-1
-4.558680E-1
-4.558680E-1
-4.543980E-1
-4.543980E-1
-4.529280E-1
-4.514580E-1
-4.499880E-1
-4.499880E-1
-4.514580E-1
-4.529280E-1
-4.543980E-1
-4.573380E-1
-4.617480E-1
-4.646880E-1
-4.676280E-1
-4.705680E-1
-4.735080E-1
-4.749780E-1
-4.749780E-1
-4.749780E-1
-4.749780E-1
-4.749780E-1
-4.735080E-1
-4.720380E-1
-4.705680E-1
-4.676280E-1
-4.632180E-1
-4.588080E-1
-4.529280E-1
-4.470480E-1
-4.396980E-1
-4.323480E-1
-4.249980E-1
-4.176480E-1
-4.117680E-1
-4.073580E-1
-4.044180E-1
-4.029480E-1
-4.029480E-1
-4.044180E-1
-4.073580E-1
-4.132380E-1
-4.191180E-1
-4.249980E-1
-4.323480E-1
-4.367580E-1
-4.411680E-1
-4.441080E-1
-4.441080E-1
-4.411680E-1
-4.367580E-1
-4.308780E-1
-4.235280E-1
-4.176480E-1
-4.117680E-1
-4.073580E-1
-4.044180E-1
-4.029480E-1
-4.029480E-1
-4.029480E-1
-4.044180E-1
-4.044180E-1
-4.044180E-1
-4.044180E-1
-4.029480E-1
-4.014780E-1
-3.985380E-1
-3.941280E-1
-3.911880E-1
-3.867780E-1
-3.823680E-1
-3.779580E-1
-3.750180E-1
-3.750180E-1
-3.779580E-1
-3.838380E-1
-3.926580E-1
-4.058880E-1
-4.220580E-1
-4.396980E-1
-4.573380E-1
-4.749780E-1
-4.896780E-1
-5.014380E-1
-5.087880E-1
-5.131980E-1
-5.131980E-1
-5.102580E-1
-5.043780E-1
-4.955580E-1
-4.867380E-1
-4.764480E-1
-4.661580E-1
-4.588080E-1
-4.514580E-1
-4.485180E-1
-4.470480E-1
-4.499880E-1
-4.543980E-1
-4.617480E-1
-4.705680E-1
-4.793880E-1
-4.896780E-1
-4.970280E-1
-5.014380E-1
-5.043780E-1
-5.043780E-1
-4.999680E-1
-4.955580E-1
-4.896780E-1
-4.823280E-1
-4.749780E-1
-4.690980E-1
-4.632180E-1
-4.588080E-1
-4.543980E-1
-4.514580E-1
-4.485180E-1
-4.455780E-1
-4.441080E-1
-4.426380E-1
-4.426380E-1
-4.411680E-1
-4.411680E-1
-4.411680E-1
-4.411680E-1
-4.411680E-1
-4.411680E-1
-4.396980E-1
-4.382280E-1
-4.367580E-1
-4.352880E-1
-4.338180E-1
-4.338180E-1
-4.338180E-1
-4.352880E-1
-4.382280E-1
-4.396980E-1
-4.426380E-1
-4.470480E-1
-4.499880E-1
-4.543980E-1
-4.573380E-1
-4.602780E-1
-4.632180E-1
-4.646880E-1
-4.661580E-1
-4.661580E-1
-4.646880E-1
-4.617480E-1
-4.588080E-1
-4.558680E-1
-4.514580E-1
-4.499880E-1
-4.470480E-1
-4.470480E-1
-4.485180E-1
-4.499880E-1
-4.529280E-1
-4.558680E-1
-4.588080E-1
-4.617480E-1
-4.632180E-1
-4.617480E-1
-4.588080E-1
-4.543980E-1
-4.485180E-1
-4.426380E-1
-4.367580E-1
-4.308780E-1
-4.249980E-1
-4.220580E-1
-4.191180E-1
-4.176480E-1
-4.161780E-1
-4.147080E-1
-4.132380E-1
-4.102980E-1
-4.073580E-1
-4.029480E-1
-3.985380E-1
-3.926580E-1
-3.882480E-1
-3.853080E-1
-3.808980E-1
-3.794280E-1
-3.779580E-1
-3.779580E-1
-3.779580E-1
-3.808980E-1
-3.838380E-1
-3.867780E-1
-3.926580E-1
-3.985380E-1
-4.044180E-1
-4.117680E-1
-4.191180E-1
-4.249980E-1
-4.308780E-1
-4.352880E-1
-4.382280E-1
-4.396980E-1
-4.382280E-1
-4.367580E-1
-4.338180E-1
-4.308780E-1
-4.279380E-1
-4.264680E-1
-4.264680E-1
-4.264680E-1
-4.294080E-1
-4.338180E-1
-4.382280E-1
-4.441080E-1
-4.499880E-1
-4.529280E-1
-4.558680E-1
-4.558680E-1
-4.543980E-1
-4.514580E-1
-4.470480E-1
-4.441080E-1
-4.411680E-1
-4.396980E-1
-4.396980E-1
-4.411680E-1
-4.441080E-1
-4.470480E-1
-4.514580E-1
-4.543980E-1
-4.558680E-1
-4.573380E-1
-4.573380E-1
-4.558680E-1
-4.543980E-1
-4.529280E-1
-4.514580E-1
-4.514580E-1
-4.514580E-1
-4.543980E-1
-4.573380E-1
-4.588080E-1
-4.617480E-1
-4.646880E-1
-4.646880E-1
-4.646880E-1
-4.632180E-1
-4.588080E-1
-4.558680E-1
-4.499880E-1
-4.455780E-1
-4.396980E-1
-4.352880E-1
-4.308780E-1
-4.264680E-1
-4.249980E-1
-4.235280E-1
-4.235280E-1
-4.249980E-1
-4.264680E-1
-4.308780E-1
-4.352880E-1
-4.411680E-1
-4.455780E-1
-4.499880E-1
-4.543980E-1
-4.573380E-1
-4.588080E-1
-4.602780E-1
-4.588080E-1
-4.573380E-1
-4.543980E-1
-4.514580E-1
-4.499880E-1
-4.470480E-1
-4.455780E-1
-4.441080E-1
-4.441080E-1
-4.426380E-1
-4.426380E-1
-4.426380E-1
-4.441080E-1
-4.441080E-1
-4.455780E-1
-4.485180E-1
-4.499880E-1
-4.529280E-1
-4.543980E-1
-4.558680E-1
-4.558680E-1
-4.558680E-1
-4.543980E-1
-4.529280E-1
-4.514580E-1
-4.499880E-1
-4.485180E-1
-4.470480E-1
-4.470480E-1
-4.470480E-1
-4.485180E-1
-4.499880E-1
-4.514580E-1
-4.529280E-1
-4.558680E-1
-4.588080E-1
-4.602780E-1
-4.617480E-1
-4.617480E-1
-4.602780E-1
-4.573380E-1
-4.529280E-1
-4.470480E-1
-4.396980E-1
-4.308780E-1
-4.235280E-1
-4.161780E-1
-4.088280E-1
-4.044180E-1
-4.029480E-1
-4.014780E-1
-4.029480E-1
-4.058880E-1
-4.102980E-1
-4.161780E-1
-4.220580E-1
-4.294080E-1
-4.352880E-1
-4.426380E-1
-4.485180E-1
-4.543980E-1
-4.588080E-1
-4.617480E-1
-4.646880E-1
-4.646880E-1
-4.632180E-1
-4.617480E-1
-4.588080E-1
-4.558680E-1
-4.529280E-1
-4.499880E-1
-4.485180E-1
-4.470480E-1
-4.470480E-1
-4.485180E-1
-4.514580E-1
-4.558680E-1
-4.602780E-1
-4.646880E-1
-4.705680E-1
-4.749780E-1
-4.779180E-1
-4.823280E-1
-4.837980E-1
-4.852680E-1
-4.837980E-1
-4.837980E-1
-4.823280E-1
-4.808580E-1
-4.793880E-1
-4.808580E-1
-4.808580E-1
-4.837980E-1
-4.867380E-1
-4.896780E-1
-4.926180E-1
-4.970280E-1
-4.984980E-1
-5.014380E-1
-5.029080E-1
-5.029080E-1
-5.029080E-1
-5.029080E-1
-5.014380E-1
-4.984980E-1
-4.955580E-1
-4.911480E-1
-4.852680E-1
-4.793880E-1
-4.720380E-1
-4.646880E-1
-4.588080E-1
-4.543980E-1
-4.514580E-1
-4.499880E-1
-4.514580E-1
-4.529280E-1
-4.573380E-1
-4.617480E-1
-4.676280E-1
-4.735080E-1
-4.779180E-1
-4.808580E-1
-4.823280E-1
-4.837980E-1
-4.837980E-1
-4.823280E-1
-4.808580E-1
-4.779180E-1
-4.764480E-1
-4.735080E-1
-4.720380E-1
-4.690980E-1
-4.676280E-1
-4.646880E-1
-4.602780E-1
-4.573380E-1
-4.529280E-1
-4.470480E-1
-4.426380E-1
-4.382280E-1
-4.338180E-1
-4.308780E-1
-4.294080E-1
-4.294080E-1
-4.294080E-1
-4.308780E-1
-4.323480E-1
-4.352880E-1
-4.382280E-1
-4.411680E-1
-4.426380E-1
-4.455780E-1
-4.485180E-1
-4.514580E-1
-4.529280E-1
-4.543980E-1
-4.573380E-1
-4.588080E-1
-4.602780E-1
-4.617480E-1
-4.632180E-1
-4.661580E-1
-4.661580E-1
-4.676280E-1
-4.661580E-1
-4.646880E-1
-4.602780E-1
-4.543980E-1
-4.485180E-1
-4.396980E-1
-4.323480E-1
-4.235280E-1
-4.161780E-1
-4.088280E-1
-4.029480E-1
-3.985380E-1
-3.941280E-1
-3.911880E-1
-3.882480E-1
-3.853080E-1
-3.853080E-1
-3.853080E-1
-3.867780E-1
-3.897180E-1
-3.941280E-1
-4.014780E-1
-4.088280E-1
-4.161780E-1
-4.235280E-1
-4.308780E-1
-4.367580E-1
-4.411680E-1
-4.441080E-1
-4.441080E-1
-4.426380E-1
-4.411680E-1
-4.396980E-1
-4.367580E-1
-4.352880E-1
-4.352880E-1
-4.352880E-1
-4.352880E-1
-4.352880E-1
-4.367580E-1
-4.382280E-1
-4.396980E-1
-4.396980E-1
-4.411680E-1
-4.426380E-1
-4.441080E-1
-4.470480E-1
-4.485180E-1
-4.514580E-1
-4.529280E-1
-4.543980E-1
-4.543980E-1
-4.529280E-1
-4.514580E-1
-4.485180E-1
-4.455780E-1
-4.426380E-1
-4.411680E-1
-4.396980E-1
-4.411680E-1
-4.426380E-1
-4.441080E-1
-4.470480E-1
-4.514580E-1
-4.529280E-1
-4.558680E-1
-4.558680E-1
-4.558680E-1
-4.558680E-1
-4.543980E-1
-4.514580E-1
-4.499880E-1
-4.470480E-1
-4.426380E-1
-4.396980E-1
-4.352880E-1
-4.323480E-1
-4.294080E-1
-4.294080E-1
-4.308780E-1
-4.338180E-1
-4.396980E-1
-4.485180E-1
-4.602780E-1
-4.720380E-1
-4.852680E-1
-4.970280E-1
-5.073180E-1
-5.161380E-1
-5.234880E-1
-5.264280E-1
-5.278980E-1
-5.278980E-1
-5.249580E-1
-5.205480E-1
-5.146680E-1
-5.087880E-1
-5.014380E-1
-4.955580E-1
-4.882080E-1
-4.823280E-1
-4.764480E-1
-4.705680E-1
-4.661580E-1
-4.602780E-1
-4.558680E-1
-4.499880E-1
-4.455780E-1
-4.396980E-1
-4.338180E-1
-4.294080E-1
-4.235280E-1
-4.176480E-1
-4.132380E-1
-4.088280E-1
-4.044180E-1
-4.014780E-1
-3.985380E-1
-3.970680E-1
-3.941280E-1
-3.941280E-1
-3.941280E-1
-3.941280E-1
-3.970680E-1
-4.000080E-1
-4.044180E-1
-4.102980E-1
-4.161780E-1
-4.235280E-1
-4.294080E-1
-4.367580E-1
-4.441080E-1
-4.499880E-1
-4.543980E-1
-4.588080E-1
-4.602780E-1
-4.617480E-1
-4.617480E-1
-4.602780E-1
-4.573380E-1
-4.543980E-1
-4.485180E-1
-4.441080E-1
-4.382280E-1
-4.338180E-1
-4.294080E-1
-4.264680E-1
-4.235280E-1
-4.220580E-1
-4.220580E-1
-4.235280E-1
-4.249980E-1
-4.279380E-1
-4.323480E-1
-4.382280E-1
-4.441080E-1
-4.499880E-1
-4.543980E-1
-4.602780E-1
-4.646880E-1
-4.676280E-1
-4.705680E-1
-4.720380E-1
-4.735080E-1
-4.749780E-1
-4.749780E-1
-4.735080E-1
-4.735080E-1
-4.705680E-1
-4.676280E-1
-4.617480E-1
-4.558680E-1
-4.485180E-1
-4.411680E-1
-4.323480E-1
-4.249980E-1
-4.176480E-1
-4.132380E-1
-4.102980E-1
-4.102980E-1
-4.117680E-1
-4.147080E-1
-4.176480E-1
-4.220580E-1
-4.249980E-1
-4.279380E-1
-4.294080E-1
-4.294080E-1
-4.279380E-1
-4.249980E-1
-4.220580E-1
-4.176480E-1
-4.132380E-1
-4.088280E-1
-4.058880E-1
-4.029480E-1
-4.014780E-1
-4.000080E-1
-4.014780E-1
-4.029480E-1
-4.044180E-1
-4.088280E-1
-4.117680E-1
-4.176480E-1
-4.235280E-1
-4.294080E-1
-4.352880E-1
-4.396980E-1
-4.441080E-1
-4.470480E-1
-4.470480E-1
-4.455780E-1
-4.426380E-1
-4.382280E-1
-4.308780E-1
-4.220580E-1
-4.132380E-1
-4.044180E-1
-3.955980E-1
-3.867780E-1
-3.808980E-1
-3.750180E-1
-3.720780E-1
-3.720780E-1
-3.735480E-1
-3.764880E-1
-3.808980E-1
-3.867780E-1
-3.926580E-1
-3.985380E-1
-4.029480E-1
-4.058880E-1
-4.073580E-1
-4.058880E-1
-4.029480E-1
-3.970680E-1
-3.911880E-1
-3.823680E-1
-3.750180E-1
-3.676680E-1
-3.617880E-1
-3.573780E-1
-3.544380E-1
-3.529680E-1
-3.544380E-1
-3.559080E-1
-3.603180E-1
-3.647280E-1
-3.706080E-1
-3.779580E-1
-3.838380E-1
-3.926580E-1
-4.000080E-1
-4.058880E-1
-4.132380E-1
-4.176480E-1
-4.220580E-1
-4.264680E-1
-4.294080E-1
-4.308780E-1
-4.338180E-1
-4.352880E-1
-4.382280E-1
-4.396980E-1
-4.426380E-1
-4.470480E-1
-4.514580E-1
-4.558680E-1
-4.602780E-1
-4.646880E-1
-4.676280E-1
-4.720380E-1
-4.749780E-1
-4.779180E-1
-4.823280E-1
-4.867380E-1
-4.911480E-1
-4.984980E-1
-5.058480E-1
-5.131980E-1
-5.205480E-1
-5.278980E-1
-5.323080E-1
-5.352480E-1
-5.352480E-1
-5.323080E-1
-5.278980E-1
-5.220180E-1
-5.146680E-1
-5.058480E-1
-4.984980E-1
-4.911480E-1
-4.837980E-1
-4.793880E-1
-4.749780E-1
-4.705680E-1
-4.676280E-1
-4.661580E-1
-4.661580E-1
-4.690980E-1
-4.735080E-1
-4.808580E-1
-4.940880E-1
-5.102580E-1
-5.293680E-1
-5.543580E-1
-5.837580E-1
-6.263880E-1
-6.895980E-1
-7.689780E-1
-8.527680E-1
-9.365580E-1
-1.012998E+0
-1.083558E+0
-1.151178E+0
-1.212918E+0
-1.270248E+0
-1.321698E+0
-1.368738E+0
-1.409898E+0
-1.443708E+0
-1.474578E+0
-1.499568E+0
-1.521618E+0
-1.542198E+0
-1.559838E+0
-1.576008E+0
-1.590708E+0
-1.603938E+0
-1.614228E+0
-1.621578E+0
-1.627458E+0
-1.630398E+0
-1.630398E+0
-1.628928E+0
-1.628928E+0
-1.628928E+0
-1.631868E+0
-1.636278E+0
-1.642158E+0
-1.649508E+0
-1.656858E+0
-1.664208E+0
-1.671558E+0
-1.675968E+0
-1.678908E+0
-1.681848E+0
-1.683318E+0
-1.684788E+0
-1.686258E+0
-1.689198E+0
-1.692138E+0
-1.696548E+0
-1.699488E+0
-1.702428E+0
-1.705368E+0
-1.705368E+0
-1.702428E+0
-1.699488E+0
-1.693608E+0
-1.687728E+0
-1.680378E+0
-1.671558E+0
-1.664208E+0
-1.658328E+0
-1.652448E+0
-1.650978E+0
-1.650978E+0
-1.655388E+0
-1.662738E+0
-1.673028E+0
-1.686258E+0
-1.702428E+0
-1.718598E+0
-1.734768E+0
-1.750938E+0
-1.767108E+0
-1.780338E+0
-1.790628E+0
-1.797978E+0
-1.799448E+0
-1.797978E+0
-1.792098E+0
-1.780338E+0
-1.765638E+0
-1.747998E+0
-1.730358E+0
-1.712718E+0
-1.698018E+0
-1.686258E+0
-1.678908E+0
-1.675968E+0
-1.674498E+0
-1.677438E+0
-1.681848E+0
-1.689198E+0
-1.696548E+0
-1.706838E+0
-1.720068E+0
-1.734768E+0
-1.750938E+0
-1.770048E+0
-1.787688E+0
-1.806798E+0
-1.822968E+0
-1.836198E+0
-1.845018E+0
-1.849428E+0
-1.850898E+0
-1.847958E+0
-1.843548E+0
-1.836198E+0
-1.830318E+0
-1.821498E+0
-1.815618E+0
-1.809738E+0
-1.803858E+0
-1.799448E+0
-1.796508E+0
-1.796508E+0
-1.797978E+0
-1.803858E+0
-1.812678E+0
-1.824438E+0
-1.839138E+0
-1.855308E+0
-1.871478E+0
-1.886178E+0
-1.899408E+0
-1.909698E+0
-1.918518E+0
-1.922928E+0
-1.924398E+0
-1.922928E+0
-1.919988E+0
-1.914108E+0
-1.908228E+0
-1.903818E+0
-1.899408E+0
-1.897938E+0
-1.899408E+0
-1.903818E+0
-1.911168E+0
-1.918518E+0
-1.927338E+0
-1.934688E+0
-1.940568E+0
-1.943508E+0
-1.944978E+0
-1.944978E+0
-1.943508E+0
-1.944978E+0
-1.946448E+0
-1.952328E+0
-1.958208E+0
-1.967028E+0
-1.974378E+0
-1.980258E+0
-1.984668E+0
-1.984668E+0
-1.983198E+0
-1.980258E+0
-1.977318E+0
-1.972908E+0
-1.971438E+0
-1.971438E+0
-1.972908E+0
-1.975848E+0
-1.978788E+0
-1.983198E+0
-1.987608E+0
-1.990548E+0
-1.993488E+0
-1.994958E+0
-1.993488E+0
-1.992018E+0
-1.989078E+0
-1.984668E+0
-1.980258E+0
-1.975848E+0
-1.974378E+0
-1.972908E+0
-1.972908E+0
-1.972908E+0
-1.972908E+0
-1.971438E+0
-1.969968E+0
-1.965558E+0
-1.959678E+0
-1.955268E+0
-1.949388E+0
-1.946448E+0
-1.944978E+0
-1.944978E+0
-1.947918E+0
-1.953798E+0
-1.959678E+0
-1.968498E+0
-1.977318E+0
-1.989078E+0
-2.000838E+0
-2.014068E+0
-2.028768E+0
-2.043468E+0
-2.058168E+0
-2.074338E+0
-2.090508E+0
-2.105208E+0
-2.118438E+0
-2.131668E+0
-2.141958E+0
-2.149308E+0
-2.155188E+0
-2.156658E+0
-2.156658E+0
-2.152248E+0
-2.146368E+0
-2.139018E+0
-2.130198E+0
-2.121378E+0
-2.111088E+0
-2.102268E+0
-2.096388E+0
-2.090508E+0
-2.089038E+0
-2.089038E+0
-2.091978E+0
-2.096388E+0
-2.102268E+0
-2.108148E+0
-2.114028E+0
-2.118438E+0
-2.122848E+0
-2.125788E+0
-2.127258E+0
-2.130198E+0
-2.133138E+0
-2.136078E+0
-2.137548E+0
-2.140488E+0
-2.140488E+0
-2.139018E+0
-2.136078E+0
-2.130198E+0
-2.124318E+0
-2.119908E+0
-2.115498E+0
-2.115498E+0
-2.119908E+0
-2.128728E+0
-2.139018E+0
-2.153718E+0
-2.168418E+0
-2.181648E+0
-2.194878E+0
-2.205168E+0
-2.212518E+0
-2.218398E+0
-2.222808E+0
-2.225748E+0
-2.228688E+0
-2.231628E+0
-2.234568E+0
-2.238978E+0
-2.244858E+0
-2.250738E+0
-2.256618E+0
-2.262498E+0
-2.268378E+0
-2.272788E+0
-2.277198E+0
-2.283078E+0
-2.287488E+0
-2.291898E+0
-2.296308E+0
-2.299248E+0
-2.300718E+0
-2.300718E+0
-2.299248E+0
-2.294838E+0
-2.288958E+0
-2.281608E+0
-2.274258E+0
-2.265438E+0
-2.258088E+0
-2.252208E+0
-2.247798E+0
-2.244858E+0
-2.246328E+0
-2.247798E+0
-2.250738E+0
-2.255148E+0
-2.261028E+0
-2.265438E+0
-2.269848E+0
-2.274258E+0
-2.277198E+0
-2.281608E+0
-2.286018E+0
-2.290428E+0
-2.294838E+0
-2.302188E+0
-2.309538E+0
-2.316888E+0
-2.324238E+0
-2.331588E+0
-2.338938E+0
-2.343348E+0
-2.347758E+0
-2.349228E+0
-2.347758E+0
-2.344818E+0
-2.340408E+0
-2.335998E+0
-2.333058E+0
-2.330118E+0
-2.330118E+0
-2.334528E+0
-2.340408E+0
-2.349228E+0
-2.359518E+0
-2.366868E+0
-2.374218E+0
-2.378628E+0
-2.377158E+0
-2.372748E+0
-2.365398E+0
-2.356578E+0
-2.346288E+0
-2.337468E+0
-2.331588E+0
-2.330118E+0
-2.330118E+0
-2.334528E+0
-2.343348E+0
-2.353638E+0
-2.363928E+0
-2.374218E+0
-2.385978E+0
-2.394798E+0
-2.403618E+0
-2.412438E+0
-2.422728E+0
-2.434488E+0
-2.447718E+0
-2.462418E+0
-2.477118E+0
-2.493288E+0
-2.507988E+0
-2.521218E+0
-2.530038E+0
-2.535918E+0
-2.538858E+0
-2.537388E+0
-2.534448E+0
-2.527098E+0
-2.519748E+0
-2.509458E+0
-2.500638E+0
-2.490348E+0
-2.481528E+0
-2.474178E+0
-2.469768E+0
-2.465358E+0
-2.463888E+0
-2.463888E+0
-2.463888E+0
-2.460948E+0
-2.456538E+0
-2.449188E+0
-2.438898E+0
-2.425668E+0
-2.412438E+0
-2.402148E+0
-2.393328E+0
-2.390388E+0
-2.393328E+0
-2.400678E+0
-2.412438E+0
-2.428608E+0
-2.446248E+0
-2.463888E+0
-2.481528E+0
-2.496228E+0
-2.509458E+0
-2.518278E+0
-2.522688E+0
-2.524158E+0
-2.519748E+0
-2.512398E+0
-2.502108E+0
-2.493288E+0
-2.482998E+0
-2.475648E+0
-2.474178E+0
-2.475648E+0
-2.481528E+0
-2.490348E+0
-2.505048E+0
-2.521218E+0
-2.538858E+0
-2.556498E+0
-2.574138E+0
-2.588838E+0
-2.602068E+0
-2.610888E+0
-2.618238E+0
-2.624118E+0
-2.628528E+0
-2.631468E+0
-2.635878E+0
-2.640288E+0
-2.646168E+0
-2.652048E+0
-2.660868E+0
-2.669688E+0
-2.678508E+0
-2.687328E+0
-2.697618E+0
-2.706438E+0
-2.713788E+0
-2.718198E+0
-2.721138E+0
-2.719668E+0
-2.715258E+0
-2.707908E+0
-2.697618E+0
-2.687328E+0
-2.675568E+0
-2.666748E+0
-2.659398E+0
-2.656458E+0
-2.656458E+0
-2.657928E+0
-2.662338E+0
-2.666748E+0
-2.669688E+0
-2.671158E+0
-2.669688E+0
-2.665278E+0
-2.659398E+0
-2.652048E+0
-2.644698E+0
-2.640288E+0
-2.640288E+0
-2.641758E+0
-2.649108E+0
-2.657928E+0
-2.669688E+0
-2.681448E+0
-2.694678E+0
-2.704968E+0
-2.713788E+0
-2.721138E+0
-2.728488E+0
-2.734368E+0
-2.740248E+0
-2.746128E+0
-2.752008E+0
-2.757888E+0
-2.763768E+0
-2.768178E+0
-2.771118E+0
-2.772588E+0
-2.771118E+0
-2.769648E+0
-2.768178E+0
-2.766708E+0
-2.766708E+0
-2.769648E+0
-2.774058E+0
-2.781408E+0
-2.788758E+0
-2.799048E+0
-2.809338E+0
-2.818158E+0
-2.826978E+0
-2.831388E+0
-2.834328E+0
-2.832858E+0
-2.828448E+0
-2.822568E+0
-2.813748E+0
-2.806398E+0
-2.800518E+0
-2.799048E+0
-2.800518E+0
-2.807868E+0
-2.818158E+0
-2.829918E+0
-2.841678E+0
-2.851968E+0
-2.857848E+0
-2.857848E+0
-2.853438E+0
-2.844618E+0
-2.834328E+0
-2.822568E+0
-2.815218E+0
-2.812278E+0
-2.813748E+0
-2.822568E+0
-2.834328E+0
-2.849028E+0
-2.863728E+0
-2.878428E+0
-2.890188E+0
-2.897538E+0
-2.900478E+0
-2.900478E+0
-2.896068E+0
-2.890188E+0
-2.882838E+0
-2.876958E+0
-2.871078E+0
-2.866668E+0
-2.862258E+0
-2.860788E+0
-2.857848E+0
-2.854908E+0
-2.850498E+0
-2.846088E+0
-2.837268E+0
-2.829918E+0
-2.822568E+0
-2.815218E+0
-2.810808E+0
-2.809338E+0
-2.810808E+0
-2.813748E+0
-2.819628E+0
-2.825508E+0
-2.831388E+0
-2.835798E+0
-2.837268E+0
-2.840208E+0
-2.844618E+0
-2.850498E+0
-2.859318E+0
-2.871078E+0
-2.885778E+0
-2.900478E+0
-2.913708E+0
-2.923998E+0
-2.929878E+0
-2.929878E+0
-2.925468E+0
-2.918118E+0
-2.912238E+0
-2.904888E+0
-2.903418E+0
-2.904888E+0
-2.912238E+0
-2.922528E+0
-2.932818E+0
-2.943108E+0
-2.951928E+0
-2.956338E+0
-2.959278E+0
-2.960748E+0
-2.960748E+0
-2.962218E+0
-2.968098E+0
-2.975448E+0
-2.987208E+0
-3.000438E+0
-3.016608E+0
-3.032778E+0
-3.047478E+0
-3.062178E+0
-3.072468E+0
-3.078348E+0
-3.079818E+0
-3.076878E+0
-3.070998E+0
-3.060708E+0
-3.048948E+0
-3.035718E+0
-3.023958E+0
-3.016608E+0
-3.013668E+0
-3.016608E+0
-3.023958E+0
-3.035718E+0
-3.051888E+0
-3.069528E+0
-3.085698E+0
-3.098928E+0
-3.107748E+0
-3.112158E+0
-3.113628E+0
-3.113628E+0
-3.110688E+0
-3.107748E+0
-3.106278E+0
-3.106278E+0
-3.109218E+0
-3.112158E+0
-3.115098E+0
-3.119508E+0
-3.122448E+0
-3.126858E+0
-3.128328E+0
-3.129798E+0
-3.129798E+0
-3.129798E+0
-3.131268E+0
-3.132738E+0
-3.135678E+0
-3.141558E+0
-3.148908E+0
-3.159198E+0
-3.172428E+0
-3.185658E+0
-3.198888E+0
-3.212118E+0
-3.222408E+0
-3.229758E+0
-3.232698E+0
-3.232698E+0
-3.232698E+0
-3.229758E+0
-3.226818E+0
-3.222408E+0
-3.217998E+0
-3.212118E+0
-3.203298E+0
-3.193008E+0
-3.181248E+0
-3.168018E+0
-3.159198E+0
-3.153318E+0
-3.154788E+0
-3.163608E+0
-3.179778E+0
-3.201828E+0
-3.226818E+0
-3.254748E+0
-3.279738E+0
-3.300318E+0
-3.312078E+0
-3.316488E+0
-3.310608E+0
-3.298848E+0
-3.279738E+0
-3.257688E+0
-3.232698E+0
-3.210648E+0
-3.191538E+0
-3.176838E+0
-3.168018E+0
-3.166548E+0
-3.169488E+0
-3.176838E+0
-3.184188E+0
-3.191538E+0
-3.197418E+0
-3.198888E+0
-3.198888E+0
-3.198888E+0
-3.198888E+0
-3.200358E+0
-3.206238E+0
-3.215058E+0
-3.228288E+0
-3.242988E+0
-3.259158E+0
-3.272388E+0
-3.284148E+0
-3.291498E+0
-3.292968E+0
-3.291498E+0
-3.287088E+0
-3.279738E+0
-3.272388E+0
-3.265038E+0
-3.260628E+0
-3.257688E+0
-3.257688E+0
-3.260628E+0
-3.266508E+0
-3.272388E+0
-3.278268E+0
-3.282678E+0
-3.282678E+0
-3.279738E+0
-3.272388E+0
-3.263568E+0
-3.253278E+0
-3.245928E+0
-3.241518E+0
-3.244458E+0
-3.253278E+0
-3.267978E+0
-3.287088E+0
-3.309138E+0
-3.329718E+0
-3.348828E+0
-3.363528E+0
-3.373818E+0
-3.378228E+0
-3.381168E+0
-3.379698E+0
-3.378228E+0
-3.376758E+0
-3.378228E+0
-3.382638E+0
-3.388518E+0
-3.397338E+0
-3.406158E+0
-3.416448E+0
-3.425268E+0
-3.431148E+0
-3.434088E+0
-3.435558E+0
-3.435558E+0
-3.432618E+0
-3.428208E+0
-3.423798E+0
-3.417918E+0
-3.412038E+0
-3.403218E+0
-3.394398E+0
-3.384108E+0
-3.373818E+0
-3.366468E+0
-3.363528E+0
-3.364998E+0
-3.372348E+0
-3.382638E+0
-3.397338E+0
-3.410568E+0
-3.423798E+0
-3.434088E+0
-3.439968E+0
-3.442908E+0
-3.442908E+0
-3.444378E+0
-3.444378E+0
-3.448788E+0
-3.456138E+0
-3.466428E+0
-3.478188E+0
-3.492888E+0
-3.507588E+0
-3.522288E+0
-3.536988E+0
-3.548748E+0
-3.557568E+0
-3.559038E+0
-3.553158E+0
-3.538458E+0
-3.514938E+0
-3.484068E+0
-3.448788E+0
-3.413508E+0
-3.231228E+0
-2.682918E+0
-1.836198E+0
-8.953980E-1
7.182000E-3
8.068620E-1
1.488942E+0
2.053422E+0
2.513532E+0
2.883972E+0
3.173562E+0
3.386712E+0
3.533712E+0
3.616032E+0
3.635142E+0
3.593982E+0
3.495492E+0
3.347022E+0
3.150042E+0
2.910432E+0
2.628192E+0
2.303322E+0
1.937292E+0
1.527162E+0
1.068522E+0
5.628420E-1
1.159200E-2
-5.749380E-1
-1.164408E+0
-1.740648E+0
-2.288958E+0
-2.803458E+0
-3.282678E+0
-3.728088E+0
-4.141158E+0
-4.526298E+0
-4.886448E+0
-5.230428E+0
-5.567058E+0
-5.909568E+0
-6.268248E+0
-6.647508E+0
-7.057638E+0
-7.504518E+0
-7.991088E+0
-8.523228E+0
-9.108288E+0
-9.765378E+0
-1.053860E+1
-1.144706E+1
-1.256573E+1
-1.389020E+1
-1.499858E+1
-1.514852E+1
-1.407101E+1
-1.303907E+1
-1.217765E+1
-1.156319E+1
-1.120745E+1
-1.101341E+1
-1.098989E+1
-1.106045E+1
-1.120745E+1
-1.139120E+1
-1.156319E+1
-1.162346E+1
-1.150439E+1
-1.131035E+1
-1.106045E+1
-1.081496E+1
-1.061357E+1
-1.050185E+1
-1.046510E+1
-1.055624E+1
-1.075322E+1
-1.110749E+1
-1.165433E+1
-1.234082E+1
-1.335365E+1
-1.460315E+1
-1.587911E+1
-1.665380E+1
-1.610843E+1
-1.514852E+1
-1.448555E+1
-1.426799E+1
-1.437383E+1
-1.548368E+1
-2.088005E+1
-2.088005E+1
-2.088005E+1
-2.088005E+1
-2.088005E+1
-2.088005E+1
-2.088005E+1
-2.088005E+1
-2.088005E+1
-2.088005E+1
-2.088005E+1
-2.088005E+1
-2.088005E+1
-2.088005E+1
-2.088005E+1
-2.088005E+1
-2.088005E+1
-2.088005E+1
-2.088005E+1
-2.088005E+1
-1.636421E+1
-1.349330E+1
-1.251869E+1
-1.202477E+1
-1.171607E+1
-1.156319E+1
-1.147499E+1
-1.141913E+1
-1.136327E+1
-1.125743E+1
-1.103693E+1
-1.073264E+1
-1.034309E+1
-9.941778E+0
-9.578688E+0
-9.258228E+0
-9.014208E+0
-8.855448E+0
-8.779008E+0
-8.795178E+0
-8.898078E+0
-9.089178E+0
-9.342018E+0
-9.675708E+0
-1.005791E+1
-1.050185E+1
-1.103693E+1
-1.165433E+1
-1.242902E+1
-1.349330E+1
-1.567331E+1
-2.088005E+1
-2.088005E+1
-2.088005E+1
-2.088005E+1
-2.088005E+1
-2.088005E+1
-1.698896E+1
-1.389020E+1
-1.266275E+1
-1.195274E+1
-1.153379E+1
-1.131035E+1
-1.125743E+1
-1.128389E+1
-1.139120E+1
-1.147499E+1
-1.150439E+1
-1.141913E+1
-1.118099E+1
-1.085759E+1
-1.050185E+1
-1.017992E+1
-9.899148E+0
-9.688938E+0
-9.555168E+0
-9.519888E+0
-9.566928E+0
-9.702168E+0
-9.927078E+0
-1.024313E+1
-1.067237E+1
-1.123244E+1
-1.198802E+1
-1.315961E+1
-1.587911E+1
-2.088005E+1
-2.088005E+1
-2.088005E+1
-2.088005E+1
-2.088005E+1
-2.088005E+1
-2.088005E+1
-2.088005E+1
-2.088005E+1
-2.088005E+1
-2.088005E+1
-2.088005E+1
-2.088005E+1
-2.088005E+1
-2.088005E+1
-2.088005E+1
-2.088005E+1
-2.088005E+1
-2.088005E+1
-2.088005E+1
-2.088005E+1
-2.088005E+1
-2.088005E+1
-2.088005E+1
-2.088005E+1
-2.088005E+1
-2.088005E+1
-2.088005E+1
-2.088005E+1
-2.088005E+1
-2.088005E+1
-2.088005E+1
-2.088005E+1
-2.088005E+1
-2.088005E+1
-2.088005E+1
-1.448555E+1
-1.221734E+1
-1.125743E+1
-1.077380E+1
-1.055624E+1
-1.059446E+1
-1.090169E+1
-1.162346E+1
-1.335365E+1
-2.088005E+1
-2.088005E+1
-2.088005E+1
-2.088005E+1
-2.088005E+1
-2.088005E+1
-2.088005E+1
-2.088005E+1
-2.088005E+1
-2.088005E+1
-2.088005E+1
-2.088005E+1
-2.088005E+1
-2.088005E+1
-2.088005E+1
-1.322135E+1
-1.184837E+1
-1.131035E+1
-1.110749E+1
-1.113248E+1
-1.133681E+1
-1.168520E+1
-1.213796E+1
-1.256573E+1
-1.292441E+1
-1.303907E+1
-1.298027E+1
-1.276271E+1
-1.256573E+1
-1.242902E+1
-1.238492E+1
-1.247312E+1
-1.276271E+1
-1.328750E+1
-1.407101E+1
-1.514852E+1
-1.587911E+1
-1.548368E+1
-1.407101E+1
-1.256573E+1
-1.141913E+1
-1.051949E+1
-9.831528E+0
-9.309678E+0
-8.933358E+0
-8.690808E+0
-8.559978E+0
-8.545278E+0
-8.634948E+0
-8.821638E+0
-9.089178E+0
-9.450798E+0
-9.872688E+0
-1.036073E+1
-1.085759E+1
-1.136327E+1
-1.181456E+1
-1.225850E+1
-1.271273E+1
-1.322135E+1
-1.389020E+1
-1.485893E+1
-1.665380E+1
-2.088005E+1
-2.088005E+1
-2.088005E+1
-2.088005E+1
-2.088005E+1
-2.088005E+1
-2.088005E+1
-2.088005E+1
-1.698896E+1
-1.514852E+1
-1.416803E+1
-1.356680E+1
-1.335365E+1
-1.335365E+1
-1.380494E+1
-1.499858E+1
-2.088005E+1
-2.088005E+1
-2.088005E+1
-2.088005E+1
-2.088005E+1
-2.088005E+1
-2.088005E+1
-2.088005E+1
-2.088005E+1
-2.088005E+1
-2.088005E+1
-2.088005E+1
-2.088005E+1
-2.088005E+1
-2.088005E+1
-2.088005E+1
-2.088005E+1
-2.088005E+1
-2.088005E+1
-2.088005E+1
-2.088005E+1
-2.088005E+1
-2.088005E+1
-2.088005E+1
-2.088005E+1
-2.088005E+1
-2.088005E+1
-2.088005E+1
-2.088005E+1
-2.088005E+1
-2.088005E+1
-2.088005E+1
-2.088005E+1
-2.088005E+1
-2.088005E+1
-2.088005E+1
-2.088005E+1
-2.088005E+1
-2.088005E+1
-2.088005E+1
-2.088005E+1
-2.088005E+1
-2.088005E+1
-2.088005E+1
-2.088005E+1
-2.088005E+1
-2.088005E+1
-2.088005E+1
-2.088005E+1
-2.088005E+1
-2.088005E+1
-1.426799E+1
-1.162346E+1
-1.046510E+1
-9.778608E+0
-9.342018E+0
-9.080358E+0
-8.959818E+0
-8.959818E+0
-9.080358E+0
-9.309678E+0
-9.675708E+0
-1.017992E+1
-1.087964E+1
-1.184837E+1
-1.335365E+1
-1.665380E+1
-2.088005E+1
-2.088005E+1
-2.088005E+1
-2.088005E+1
-2.088005E+1
-2.088005E+1
-2.088005E+1
-2.088005E+1
-2.088005E+1
-2.088005E+1
-2.088005E+1
-2.088005E+1
-2.088005E+1
-2.088005E+1
-1.698896E+1
-1.303907E+1
-1.191746E+1
-1.144706E+1
-1.128389E+1
-1.139120E+1
-1.171607E+1
-1.238492E+1
-1.349330E+1
-1.610843E+1
-2.088005E+1
-2.088005E+1
-2.088005E+1
-2.088005E+1
-2.088005E+1
-2.088005E+1
-2.088005E+1
-2.088005E+1
-1.460315E+1
-1.309787E+1
-1.229966E+1
-1.178222E+1
-1.141913E+1
-1.120745E+1
-1.108397E+1
-1.103693E+1
-1.108397E+1
-1.123244E+1
-1.150439E+1
-1.198802E+1
-1.281563E+1
-1.437383E+1
-2.088005E+1
-2.088005E+1
-2.088005E+1
-2.088005E+1
-2.088005E+1
-2.088005E+1
-2.088005E+1
-2.088005E+1
-1.397840E+1
-1.247312E+1
-1.174841E+1
-1.139120E+1
-1.131035E+1
-1.147499E+1
-1.191746E+1
-1.276271E+1
-1.437383E+1
-1.937477E+1
-2.088005E+1
-2.088005E+1
-2.088005E+1
-1.567331E+1
-1.303907E+1
-1.168520E+1
-1.083554E+1
-1.029311E+1
-9.955008E+0
-9.765378E+0
-9.727158E+0
-9.818298E+0
-1.005791E+1
-1.041218E+1
-1.087964E+1
-1.141913E+1
-1.198802E+1
-1.247312E+1
-1.261277E+1
-1.225850E+1
-1.162346E+1
-1.090169E+1
-1.024313E+1
-9.675708E+0
-9.217068E+0
-8.862798E+0
-8.627598E+0
-8.501178E+0
-8.486478E+0
-8.589378E+0
-8.837808E+0
-9.258228E+0
-9.927078E+0
-1.106045E+1
-1.356680E+1
-2.088005E+1
-2.088005E+1
-2.088005E+1
-2.088005E+1
-2.088005E+1
-2.088005E+1
-2.088005E+1
-2.088005E+1
-2.088005E+1
-2.088005E+1
-2.088005E+1
-2.088005E+1
-1.937477E+1
-1.636421E+1
-1.849424E+1
-2.088005E+1
-2.088005E+1
-2.088005E+1
-2.088005E+1
-2.088005E+1
-2.088005E+1
-2.088005E+1
-2.088005E+1
-2.088005E+1
-2.088005E+1
-2.088005E+1
-2.088005E+1
-2.088005E+1
-2.088005E+1
-2.088005E+1
-2.088005E+1
-2.088005E+1
-2.088005E+1
-2.088005E+1
-2.088005E+1
-2.088005E+1
-2.088005E+1
-2.088005E+1
-2.088005E+1
-2.088005E+1
-2.088005E+1
-2.088005E+1
-2.088005E+1
-2.088005E+1
-2.088005E+1
-2.088005E+1
-2.088005E+1
-2.088005E+1
-2.088005E+1
-2.088005E+1
-2.088005E+1
-2.088005E+1
-2.088005E+1
-2.088005E+1
-2.088005E+1
-2.088005E+1
-2.088005E+1
-2.088005E+1
-2.088005E+1
-2.088005E+1
-2.088005E+1
-2.088005E+1
-2.088005E+1
-2.088005E+1
-2.088005E+1
-2.088005E+1
-2.088005E+1
-2.088005E+1
-2.088005E+1
-2.088005E+1
-2.088005E+1
-2.088005E+1
-1.665380E+1
-1.303907E+1
-1.198802E+1
-1.153379E+1
-1.139120E+1
-1.159259E+1
-1.209974E+1
-1.328750E+1
-1.738439E+1
-2.088005E+1
-2.088005E+1
-2.088005E+1
-2.088005E+1
-2.088005E+1
-2.088005E+1
-2.088005E+1
-2.088005E+1
-2.088005E+1
-2.088005E+1
-2.088005E+1
-2.088005E+1
-2.088005E+1
-2.088005E+1
-2.088005E+1
-2.088005E+1
-2.088005E+1
-2.088005E+1
-2.088005E+1
-2.088005E+1
-2.088005E+1
-2.088005E+1
-2.088005E+1
-2.088005E+1
-2.088005E+1
-2.088005E+1
-1.460315E+1
-1.335365E+1
-1.276271E+1
-1.247312E+1
-1.229966E+1
-1.221734E+1
-1.213796E+1
-1.206152E+1
-1.202477E+1
-1.202477E+1
-1.202477E+1
-1.202477E+1
-1.198802E+1
-1.198802E+1
-1.198802E+1
-1.195274E+1
-1.195274E+1
-1.191746E+1
-1.188218E+1
-1.181456E+1
-1.171607E+1
-1.159259E+1
-1.141913E+1
-1.125743E+1
-1.108397E+1
-1.092374E+1
-1.077380E+1
-1.069148E+1
-1.065326E+1
-1.067237E+1
-1.079438E+1
-1.101341E+1
-1.136327E+1
-1.188218E+1
-1.266275E+1
-1.397840E+1
-1.636421E+1
-2.088005E+1
-2.088005E+1
-2.088005E+1
-1.636421E+1
-1.380494E+1
-1.242902E+1
-1.153379E+1
-1.092374E+1
-1.053860E+1
-1.030928E+1
-1.022696E+1
-1.030928E+1
-1.055624E+1
-1.098989E+1
-1.168520E+1
-1.281563E+1
-1.531022E+1
-2.088005E+1
-2.088005E+1
-2.088005E+1
-2.088005E+1
-2.088005E+1
-2.088005E+1
-2.088005E+1
-2.088005E+1
-2.088005E+1
-2.088005E+1
-2.088005E+1
-2.088005E+1
-2.088005E+1
-2.088005E+1
-2.088005E+1
-2.088005E+1
-2.088005E+1
-2.088005E+1
-2.088005E+1
-2.088005E+1
-2.088005E+1
-2.088005E+1
-2.088005E+1
-2.088005E+1
-2.088005E+1
-2.088005E+1
-2.088005E+1
-2.088005E+1
-2.088005E+1
-2.088005E+1
-2.088005E+1
-1.636421E+1
-1.271273E+1
-1.153379E+1
-1.087964E+1
-1.053860E+1
-1.039454E+1
-1.041218E+1
-1.059446E+1
-1.096784E+1
-1.156319E+1
-1.256573E+1
-1.460315E+1
-2.088005E+1
-2.088005E+1
-2.088005E+1
-2.088005E+1
-2.088005E+1
-2.088005E+1
-2.088005E+1
-2.088005E+1
-2.088005E+1
-1.738439E+1
-1.426799E+1
-1.315961E+1
-1.251869E+1
-1.206152E+1
-1.168520E+1
-1.136327E+1
-1.108397E+1
-1.083554E+1
-1.061357E+1
-1.041218E+1
-1.027694E+1
-1.016375E+1
-1.010201E+1
-1.005791E+1
-1.004321E+1
-1.002851E+1
-1.002851E+1
-9.999108E+0
-9.941778E+0
-9.885918E+0
-9.831528E+0
-9.791838E+0
-9.765378E+0
-9.765378E+0
-9.805068E+0
-9.872688E+0
-9.955008E+0
-1.005791E+1
-1.019609E+1
-1.036073E+1
-1.059446E+1
-1.096784E+1
-1.159259E+1
-1.286855E+1
-2.088005E+1
-2.088005E+1
-2.088005E+1
-2.088005E+1
-2.088005E+1
-2.088005E+1
-2.088005E+1
-2.088005E+1
-2.088005E+1
-2.088005E+1
-2.088005E+1
-2.088005E+1
-2.088005E+1
-2.088005E+1
-2.088005E+1
-1.397840E+1
-1.181456E+1
-1.106045E+1
-1.073264E+1
-1.067237E+1
-1.077380E+1
-1.096784E+1
-1.118099E+1
-1.131035E+1
-1.131035E+1
-1.120745E+1
-1.096784E+1
-1.069148E+1
-1.042982E+1
-1.022696E+1
-1.007261E+1
-9.969708E+0
-9.885918E+0
-9.831528E+0
-9.791838E+0
-9.765378E+0
-9.727158E+0
-9.702168E+0
-9.702168E+0
-9.752148E+0
-9.857988E+0
-1.004321E+1
-1.029311E+1
-1.067237E+1
-1.123244E+1
-1.206152E+1
-1.342274E+1
-1.738439E+1
-2.088005E+1
-2.088005E+1
-2.088005E+1
-2.088005E+1
-2.088005E+1
-2.088005E+1
-2.088005E+1
-2.088005E+1
-2.088005E+1
-2.088005E+1
-2.088005E+1
-2.088005E+1
-2.088005E+1
-2.088005E+1
-2.088005E+1
-2.088005E+1
-2.088005E+1
-2.088005E+1
-2.088005E+1
-2.088005E+1
-2.088005E+1
-2.088005E+1
-2.088005E+1
-2.088005E+1
-2.088005E+1
-2.088005E+1
-2.088005E+1
-2.088005E+1
-2.088005E+1
-2.088005E+1
-2.088005E+1
-2.088005E+1
-2.088005E+1
-2.088005E+1
-1.531022E+1
-1.266275E+1
-1.153379E+1
-1.087964E+1
-1.046510E+1
-1.021079E+1
-1.008731E+1
-1.001381E+1
-9.969708E+0
-9.941778E+0
-9.899148E+0
-9.857988E+0
-9.831528E+0
-9.805068E+0
-9.805068E+0
-9.831528E+0
-9.899148E+0
-9.984408E+0
-1.008731E+1
-1.019609E+1
-1.025930E+1
-1.027694E+1
-1.021079E+1
-1.007261E+1
-9.857988E+0
-9.602208E+0
-9.352308E+0
-9.108288E+0
-8.915718E+0
-8.771658E+0
-8.690808E+0
-8.667288E+0
-8.698158E+0
-8.779008E+0
-8.889258E+0
-9.033318E+0
-9.206778E+0
-9.406698E+0
-9.663948E+0
-1.002851E+1
-1.055624E+1
-1.141913E+1
-1.315961E+1
-2.088005E+1
-2.088005E+1
-2.088005E+1
-2.088005E+1
-2.088005E+1
-2.088005E+1
-2.088005E+1
-2.088005E+1
-2.088005E+1
-2.088005E+1
-2.088005E+1
-2.088005E+1
-2.088005E+1
-2.088005E+1
-2.088005E+1
-2.088005E+1
-2.088005E+1
-2.088005E+1
-2.088005E+1
-2.088005E+1
-2.088005E+1
-2.088005E+1
-2.088005E+1
-2.088005E+1
-2.088005E+1
-2.088005E+1
-2.088005E+1
-2.088005E+1
-2.088005E+1
-2.088005E+1
-2.088005E+1
-2.088005E+1
-2.088005E+1
-1.372262E+1
-1.188218E+1
-1.096784E+1
-1.037690E+1
-9.927078E+0
-9.566928E+0
-9.268518E+0
-9.014208E+0
-8.812818E+0
-8.658468E+0
-8.567328E+0
-8.537928E+0
-8.567328E+0
-8.658468E+0
-8.812818E+0
-9.023028E+0
-9.299388E+0
-9.652188E+0
-1.007261E+1
-1.061357E+1
-1.133681E+1
-1.242902E+1
-1.460315E+1
-2.088005E+1
-2.088005E+1
-2.088005E+1
-2.088005E+1
-2.088005E+1
-2.088005E+1
-2.088005E+1
-2.088005E+1
-2.088005E+1
-1.937477E+1
-1.416803E+1
-1.309787E+1
-1.266275E+1
-1.276271E+1
-1.342274E+1
-1.567331E+1
-2.088005E+1
-2.088005E+1
-2.088005E+1
-2.088005E+1
-2.088005E+1
-2.088005E+1
-2.088005E+1
-2.088005E+1
-2.088005E+1
-2.088005E+1
-2.088005E+1
-1.567331E+1
-1.531022E+1
-1.937477E+1
-2.088005E+1
-2.088005E+1
-2.088005E+1
-2.088005E+1
-2.088005E+1
-2.088005E+1
-2.088005E+1
-2.088005E+1
-2.088005E+1
-2.088005E+1
-2.088005E+1
-2.088005E+1
-2.088005E+1
-2.088005E+1
-2.088005E+1
-2.088005E+1
-2.088005E+1
-2.088005E+1
-2.088005E+1
-2.088005E+1
-2.088005E+1
-1.665380E+1
-1.342274E+1
-1.242902E+1
-1.198802E+1
-1.181456E+1
-1.178222E+1
-1.184837E+1
-1.188218E+1
-1.184837E+1
-1.168520E+1
-1.139120E+1
-1.106045E+1
-1.073264E+1
-1.044746E+1
-1.024313E+1
-1.011818E+1
-1.008731E+1
-1.013288E+1
-1.025930E+1
-1.042982E+1
-1.063268E+1
-1.081496E+1
-1.094579E+1
-1.098989E+1
-1.096784E+1
-1.090169E+1
-1.085759E+1
-1.087964E+1
-1.096784E+1
-1.118099E+1
-1.147499E+1
-1.188218E+1
-1.234082E+1
-1.292441E+1
-1.349330E+1
-1.407101E+1
-1.448555E+1
-1.499858E+1
-1.567331E+1
-1.738439E+1
-2.088005E+1
-2.088005E+1
-2.088005E+1
-2.088005E+1
-2.088005E+1
-2.088005E+1
-2.088005E+1
-2.088005E+1
-2.088005E+1
-2.088005E+1
-2.088005E+1
-2.088005E+1
-1.665380E+1
-1.587911E+1
-1.610843E+1
-1.698896E+1
-2.088005E+1
-2.088005E+1
-2.088005E+1
-2.088005E+1
-2.088005E+1
-2.088005E+1
-2.088005E+1
-2.088005E+1
-2.088005E+1
-2.088005E+1
-2.088005E+1
-2.088005E+1
-2.088005E+1
-2.088005E+1
-2.088005E+1
-2.088005E+1
-2.088005E+1
-2.088005E+1
-2.088005E+1
-2.088005E+1
-2.088005E+1
-2.088005E+1
-2.088005E+1
-2.088005E+1
-2.088005E+1
-2.088005E+1
-2.088005E+1
-2.088005E+1
-2.088005E+1
-2.088005E+1
-2.088005E+1
-2.088005E+1
-2.088005E+1
-2.088005E+1
-2.088005E+1
-2.088005E+1
-2.088005E+1
-2.088005E+1
-2.088005E+1
-2.088005E+1
-2.088005E+1
-2.088005E+1
-2.088005E+1
-2.088005E+1
-2.088005E+1
-1.514852E+1
-1.364324E+1
-1.281563E+1
-1.229966E+1
-1.198802E+1
-1.184837E+1
-1.184837E+1
-1.191746E+1
-1.206152E+1
-1.221734E+1
-1.242902E+1
-1.261277E+1
-1.281563E+1
-1.298027E+1
-1.315961E+1
-1.322135E+1
-1.328750E+1
-1.328750E+1
-1.328750E+1
-1.322135E+1
-1.315961E+1
-1.322135E+1
-1.349330E+1
-1.397840E+1
-1.485893E+1
-1.636421E+1
-1.937477E+1
-2.088005E+1
-1.849424E+1
-1.531022E+1
-1.349330E+1
-1.225850E+1
-1.139120E+1
-1.077380E+1
-1.034309E+1
-1.005791E+1
-9.872688E+0
-9.778608E+0
-9.738918E+0
-9.738918E+0
-9.738918E+0
-9.752148E+0
-9.765378E+0
-9.818298E+0
-9.927078E+0
-1.011818E+1
-1.042982E+1
-1.092374E+1
-1.165433E+1
-1.281563E+1
-1.485893E+1
-2.088005E+1
-2.088005E+1
-2.088005E+1
-2.088005E+1
-2.088005E+1
-2.088005E+1
-2.088005E+1
-2.088005E+1
-2.088005E+1
-2.088005E+1
-2.088005E+1
-2.088005E+1
-2.088005E+1
-2.088005E+1
-2.088005E+1
-2.088005E+1
-2.088005E+1
-2.088005E+1
-2.088005E+1
-2.088005E+1
-2.088005E+1
-2.088005E+1
-2.088005E+1
-2.088005E+1
-2.088005E+1
-2.088005E+1
-2.088005E+1
-2.088005E+1
-2.088005E+1
-2.088005E+1
-2.088005E+1
-2.088005E+1
-2.088005E+1
-2.088005E+1
-2.088005E+1
-2.088005E+1
-2.088005E+1
-2.088005E+1
-2.088005E+1
-2.088005E+1
-2.088005E+1
-2.088005E+1
-2.088005E+1
-2.088005E+1
-2.088005E+1
-2.088005E+1
-2.088005E+1
-2.088005E+1
-2.088005E+1
-2.088005E+1
-2.088005E+1
-2.088005E+1
-2.088005E+1
-2.088005E+1
-2.088005E+1
-2.088005E+1
-2.088005E+1
-2.088005E+1
-2.088005E+1
-2.088005E+1
-2.088005E+1
-2.088005E+1
-2.088005E+1
-2.088005E+1
-2.088005E+1
-2.088005E+1
-2.088005E+1
-1.738439E+1
-1.397840E+1
-1.303907E+1
-1.276271E+1
-1.292441E+1
-1.372262E+1
-1.636421E+1
-2.088005E+1
-2.088005E+1
-2.088005E+1
-2.088005E+1
-2.088005E+1
-2.088005E+1
-2.088005E+1
-2.088005E+1
-2.088005E+1
-2.088005E+1
-2.088005E+1
-2.088005E+1
-2.088005E+1
-2.088005E+1
-2.088005E+1
-2.088005E+1
-2.088005E+1
-2.088005E+1
-1.342274E+1
-1.195274E+1
-1.120745E+1
-1.081496E+1
-1.067237E+1
-1.071206E+1
-1.090169E+1
-1.120745E+1
-1.165433E+1
-1.217765E+1
-1.271273E+1
-1.315961E+1
-1.342274E+1
-1.364324E+1
-1.389020E+1
-1.437383E+1
-1.531022E+1
-1.786949E+1
-2.088005E+1
-2.088005E+1
-2.088005E+1
-2.088005E+1
-2.088005E+1
-2.088005E+1
-1.937477E+1
-1.448555E+1
-1.315961E+1
-1.256573E+1
-1.229966E+1
-1.242902E+1
-1.298027E+1
-1.416803E+1
-1.937477E+1
-2.088005E+1
-2.088005E+1
-2.088005E+1
-2.088005E+1
-2.088005E+1
-2.088005E+1
-2.088005E+1
-1.548368E+1
-1.322135E+1
-1.229966E+1
-1.181456E+1
-1.162346E+1
-1.159259E+1
-1.174841E+1
-1.202477E+1
-1.242902E+1
-1.281563E+1
-1.309787E+1
-1.315961E+1
-1.292441E+1
-1.234082E+1
-1.165433E+1
-1.096784E+1
-1.030928E+1
-9.727158E+0
-9.217068E+0
-8.812818E+0
-8.501178E+0
-8.286558E+0
-8.170428E+0
-8.158668E+0
-8.260098E+0
-8.486478E+0
-8.846628E+0
-9.374358E+0
-1.011818E+1
-1.120745E+1
-1.309787E+1
-2.088005E+1
-2.088005E+1
-2.088005E+1
-2.088005E+1
-2.088005E+1
-2.088005E+1
-2.088005E+1
-2.088005E+1
-2.088005E+1
-2.088005E+1
-2.088005E+1
-1.698896E+1
-1.460315E+1
-1.380494E+1
-1.335365E+1
-1.335365E+1
-1.364324E+1
-1.460315E+1
-1.698896E+1
-2.088005E+1
-2.088005E+1
-2.088005E+1
-2.088005E+1
-2.088005E+1
-2.088005E+1
-1.460315E+1
-1.217765E+1
-1.090169E+1
-1.005791E+1
-9.484608E+0
-9.080358E+0
-8.812818E+0
-8.651118E+0
-8.589378E+0
-8.596728E+0
-8.674638E+0
-8.821638E+0
-9.033318E+0
-9.319968E+0
-9.702168E+0
-1.021079E+1
-1.092374E+1
-1.195274E+1
-1.380494E+1
-2.088005E+1
-2.088005E+1
-2.088005E+1
-2.088005E+1
-2.088005E+1
-2.088005E+1
-2.088005E+1
-2.088005E+1
-2.088005E+1
-1.437383E+1
-1.276271E+1
-1.191746E+1
-1.133681E+1
-1.094579E+1
-1.067237E+1
-1.050185E+1
-1.036073E+1
-1.025930E+1
-1.019609E+1
-1.014905E+1
-1.011818E+1
-1.013288E+1
-1.016375E+1
-1.025930E+1
-1.041218E+1
-1.063268E+1
-1.094579E+1
-1.131035E+1
-1.178222E+1
-1.225850E+1
-1.266275E+1
-1.292441E+1
-1.292441E+1
-1.276271E+1
-1.256573E+1
-1.238492E+1
-1.225850E+1
-1.225850E+1
-1.242902E+1
-1.271273E+1
-1.309787E+1
-1.349330E+1
-1.372262E+1
-1.372262E+1
-1.342274E+1
-1.286855E+1
-1.225850E+1
-1.178222E+1
-1.136327E+1
-1.108397E+1
-1.090169E+1
-1.083554E+1
-1.087964E+1
-1.106045E+1
-1.131035E+1
-1.171607E+1
-1.225850E+1
-1.303907E+1
-1.426799E+1
-1.698896E+1
-2.088005E+1
-2.088005E+1
-2.088005E+1
-2.088005E+1
-2.088005E+1
-2.088005E+1
-2.088005E+1
-2.088005E+1
-2.088005E+1
-2.088005E+1
-2.088005E+1
-2.088005E+1
-2.088005E+1
-2.088005E+1
-2.088005E+1
-1.426799E+1
-1.256573E+1
-1.178222E+1
-1.133681E+1
-1.110749E+1
-1.101341E+1
-1.101341E+1
-1.108397E+1
-1.118099E+1
-1.123244E+1
-1.123244E+1
-1.118099E+1
-1.106045E+1
-1.090169E+1
-1.069148E+1
-1.050185E+1
-1.032692E+1
-1.016375E+1
-1.004321E+1
-9.969708E+0
-9.941778E+0
-9.969708E+0
-1.002851E+1
-1.011818E+1
-1.021079E+1
-1.029311E+1
-1.029311E+1
-1.022696E+1
-1.010201E+1
-9.941778E+0
-9.765378E+0
-9.615438E+0
-9.484608E+0
-9.428748E+0
-9.428748E+0
-9.496368E+0
-9.638958E+0
-9.885918E+0
-1.024313E+1
-1.075322E+1
-1.150439E+1
-1.266275E+1
-1.485893E+1
-2.088005E+1
-2.088005E+1
-2.088005E+1
-2.088005E+1
-2.088005E+1
-2.088005E+1
-2.088005E+1
-1.531022E+1
-1.437383E+1
-1.460315E+1
-1.665380E+1
-2.088005E+1
-2.088005E+1
-2.088005E+1
-2.088005E+1
-2.088005E+1
-2.088005E+1
-2.088005E+1
-2.088005E+1
-2.088005E+1
-2.088005E+1
-2.088005E+1
-2.088005E+1
-2.088005E+1
-2.088005E+1
-2.088005E+1
-2.088005E+1
-2.088005E+1
-1.610843E+1
-1.485893E+1
-1.426799E+1
-1.397840E+1
-1.372262E+1
-1.349330E+1
-1.342274E+1
-1.328750E+1
-1.315961E+1
-1.298027E+1
-1.271273E+1
-1.242902E+1
-1.213796E+1
-1.195274E+1
-1.191746E+1
-1.209974E+1
-1.266275E+1
-1.407101E+1
-2.088005E+1
-2.088005E+1
-2.088005E+1
-2.088005E+1
-2.088005E+1
-2.088005E+1
-2.088005E+1
-2.088005E+1
-2.088005E+1
-2.088005E+1
-2.088005E+1
-2.088005E+1
-2.088005E+1
-2.088005E+1
-2.088005E+1
-2.088005E+1
-2.088005E+1
-2.088005E+1
-2.088005E+1
-2.088005E+1
-2.088005E+1
-2.088005E+1
-2.088005E+1
-2.088005E+1
-2.088005E+1
-2.088005E+1
-2.088005E+1
-2.088005E+1
-2.088005E+1
-2.088005E+1
-2.088005E+1
-2.088005E+1
-2.088005E+1
-2.088005E+1
-2.088005E+1
-2.088005E+1
-2.088005E+1
-2.088005E+1
-2.088005E+1
-2.088005E+1
-2.088005E+1
-2.088005E+1
-1.499858E+1
-1.342274E+1
-1.251869E+1
-1.195274E+1
-1.156319E+1
-1.131035E+1
-1.120745E+1
-1.118099E+1
-1.128389E+1
-1.147499E+1
-1.168520E+1
-1.188218E+1
-1.198802E+1
-1.195274E+1
-1.188218E+1
-1.174841E+1
-1.171607E+1
-1.174841E+1
-1.195274E+1
-1.242902E+1
-1.342274E+1
-1.587911E+1
-2.088005E+1
-2.088005E+1
-2.088005E+1
-2.088005E+1
-2.088005E+1
-2.088005E+1
-2.088005E+1
-2.088005E+1
-2.088005E+1
-2.088005E+1
-2.088005E+1
-2.088005E+1
-2.088005E+1
-2.088005E+1
-1.849424E+1
-1.309787E+1
-1.174841E+1
-1.103693E+1
-1.059446E+1
-1.034309E+1
-1.019609E+1
-1.013288E+1
-1.013288E+1
-1.021079E+1
-1.037690E+1
-1.065326E+1
-1.110749E+1
-1.184837E+1
-1.335365E+1
-2.088005E+1
-2.088005E+1
-2.088005E+1
-2.088005E+1
-2.088005E+1
-2.088005E+1
-2.088005E+1
-2.088005E+1
-2.088005E+1
-2.088005E+1
-2.088005E+1
-2.088005E+1
-2.088005E+1
-2.088005E+1
-2.088005E+1
-2.088005E+1
-2.088005E+1
-2.088005E+1
-2.088005E+1
-2.088005E+1
-2.088005E+1
-2.088005E+1
-2.088005E+1
-2.088005E+1
-2.088005E+1
-2.088005E+1
-2.088005E+1
-2.088005E+1
-2.088005E+1
-2.088005E+1
-2.088005E+1
-1.636421E+1
-1.271273E+1
-1.144706E+1
-1.073264E+1
-1.027694E+1
-1.004321E+1
-9.999108E+0
-1.013288E+1
-1.046510E+1
-1.101341E+1
-1.191746E+1
-1.349330E+1
-1.849424E+1
-2.088005E+1
-2.088005E+1
-2.088005E+1
-2.088005E+1
-2.088005E+1
-1.548368E+1
-1.328750E+1
-1.213796E+1
-1.139120E+1
-1.083554E+1
-1.037690E+1
-9.999108E+0
-9.652188E+0
-9.374358E+0
-9.156798E+0
-9.014208E+0
-8.950998E+0
-8.987748E+0
-9.156798E+0
-9.496368E+0
-1.010201E+1
-1.118099E+1
-1.389020E+1
-2.088005E+1
-2.088005E+1
-2.088005E+1
-2.088005E+1
-2.088005E+1
-2.088005E+1
-2.088005E+1
-2.088005E+1
-2.088005E+1
-2.088005E+1
-2.088005E+1
-2.088005E+1
-2.088005E+1
-2.088005E+1
-2.088005E+1
-2.088005E+1
-2.088005E+1
-2.088005E+1
-2.088005E+1
-2.088005E+1
-2.088005E+1
-2.088005E+1
-2.088005E+1
-2.088005E+1
-2.088005E+1
-2.088005E+1
-2.088005E+1
-2.088005E+1
-2.088005E+1
-2.088005E+1
-2.088005E+1
-2.088005E+1
-2.088005E+1
-2.088005E+1
-2.088005E+1
-2.088005E+1
-2.088005E+1
-2.088005E+1
-2.088005E+1
-2.088005E+1
-2.088005E+1
-2.088005E+1
-2.088005E+1
-2.088005E+1
-2.088005E+1
-1.548368E+1
-1.309787E+1
-1.206152E+1
-1.144706E+1
-1.106045E+1
-1.083554E+1
-1.071206E+1
-1.067237E+1
-1.067237E+1
-1.071206E+1
-1.075322E+1
-1.075322E+1
-1.075322E+1
-1.073264E+1
-1.069148E+1
-1.071206E+1
-1.079438E+1
-1.098989E+1
-1.131035E+1
-1.181456E+1
-1.261277E+1
-1.389020E+1
-1.665380E+1
-2.088005E+1
-2.088005E+1
-2.088005E+1
-2.088005E+1
-2.088005E+1
-1.587911E+1
-1.407101E+1
-1.322135E+1
-1.271273E+1
-1.247312E+1
-1.247312E+1
-1.276271E+1
-1.335365E+1
-1.460315E+1
-2.088005E+1
-2.088005E+1
-2.088005E+1
-2.088005E+1
-2.088005E+1
-2.088005E+1
-2.088005E+1
-2.088005E+1
-2.088005E+1
-2.088005E+1
-2.088005E+1
-2.088005E+1
-2.088005E+1
-2.088005E+1
-2.088005E+1
-2.088005E+1
-2.088005E+1
-2.088005E+1
-2.088005E+1
-2.088005E+1
-2.088005E+1
-1.665380E+1
-1.397840E+1
-1.266275E+1
-1.178222E+1
-1.113248E+1
-1.063268E+1
-1.027694E+1
-1.001381E+1
-9.818298E+0
-9.663948E+0
-9.566928E+0
-9.496368E+0
-9.474318E+0
-9.484608E+0
-9.543408E+0
-9.663948E+0
-9.872688E+0
-1.019609E+1
-1.071206E+1
-1.153379E+1
-1.303907E+1
-2.088005E+1
-2.088005E+1
-2.088005E+1
-2.088005E+1
-2.088005E+1
-2.088005E+1
-2.088005E+1
-2.088005E+1
-2.088005E+1
-2.088005E+1
-2.088005E+1
-2.088005E+1
-2.088005E+1
-2.088005E+1
-2.088005E+1
-1.738439E+1
-1.281563E+1
-1.139120E+1
-1.057535E+1
-1.008731E+1
-9.805068E+0
-9.702168E+0
-9.752148E+0
-9.941778E+0
-1.030928E+1
-1.087964E+1
-1.178222E+1
-1.328750E+1
-1.937477E+1
-2.088005E+1
-2.088005E+1
-2.088005E+1
-2.088005E+1
-2.088005E+1
-2.088005E+1
-2.088005E+1
-2.088005E+1
-2.088005E+1
-2.088005E+1
-2.088005E+1
-2.088005E+1
-2.088005E+1
-2.088005E+1
-2.088005E+1
-2.088005E+1
-2.088005E+1
-2.088005E+1
-2.088005E+1
-2.088005E+1
-2.088005E+1
-1.531022E+1
-1.389020E+1
-1.335365E+1
-1.309787E+1
-1.315961E+1
-1.342274E+1
-1.389020E+1
-1.448555E+1
-1.531022E+1
-1.636421E+1
-1.786949E+1
-2.088005E+1
-2.088005E+1
-2.088005E+1
-2.088005E+1
-2.088005E+1
-2.088005E+1
-2.088005E+1
-2.088005E+1
-2.088005E+1
-2.088005E+1
-2.088005E+1
-2.088005E+1
-2.088005E+1
-2.088005E+1
-2.088005E+1
-1.349330E+1
-1.128389E+1
-1.025930E+1
-9.652188E+0
-9.268518E+0
-9.050958E+0
-8.942178E+0
-8.915718E+0
-8.933358E+0
-8.987748E+0
-9.061248E+0
-9.147978E+0
-9.258228E+0
-9.384648E+0
-9.566928E+0
-9.818298E+0
-1.019609E+1
-1.071206E+1
-1.147499E+1
-1.261277E+1
-1.485893E+1
-2.088005E+1
-2.088005E+1
-2.088005E+1
-2.088005E+1
-2.088005E+1
-2.088005E+1
-2.088005E+1
-2.088005E+1
-2.088005E+1
-2.088005E+1
-2.088005E+1
-2.088005E+1
-2.088005E+1
-2.088005E+1
-2.088005E+1
-2.088005E+1
-2.088005E+1
-2.088005E+1
-2.088005E+1
-2.088005E+1
-2.088005E+1
-2.088005E+1
-2.088005E+1
-2.088005E+1
-2.088005E+1
-1.587911E+1
-1.349330E+1
-1.221734E+1
-1.136327E+1
-1.067237E+1
-1.013288E+1
-9.738918E+0
-9.440508E+0
-9.227358E+0
-9.108288E+0
-9.061248E+0
-9.089178E+0
-9.186198E+0
-9.352308E+0
-9.590448E+0
-9.913848E+0
-1.032692E+1
-1.083554E+1
-1.147499E+1
-1.225850E+1
-1.322135E+1
-1.460315E+1
-1.698896E+1
-2.088005E+1
-2.088005E+1
-2.088005E+1
-2.088005E+1
-2.088005E+1
-2.088005E+1
-2.088005E+1
-2.088005E+1
-2.088005E+1
-2.088005E+1
-2.088005E+1
-2.088005E+1
-2.088005E+1
-2.088005E+1
-2.088005E+1
-2.088005E+1
-2.088005E+1
-2.088005E+1
-2.088005E+1
-2.088005E+1
-2.088005E+1
-2.088005E+1
-2.088005E+1
-1.587911E+1
-1.364324E+1
-1.251869E+1
-1.174841E+1
-1.120745E+1
-1.083554E+1
-1.057535E+1
-1.042982E+1
-1.036073E+1
-1.039454E+1
-1.053860E+1
-1.077380E+1
-1.110749E+1
-1.156319E+1
-1.217765E+1
-1.298027E+1
-1.416803E+1
-1.610843E+1
-2.088005E+1
-2.088005E+1
-2.088005E+1
-2.088005E+1
-2.088005E+1
-2.088005E+1
-2.088005E+1
-2.088005E+1
-2.088005E+1
-2.088005E+1
-2.088005E+1
-2.088005E+1
-2.088005E+1
-2.088005E+1
-2.088005E+1
-2.088005E+1
-2.088005E+1
-1.786949E+1
-1.567331E+1
-1.514852E+1
-1.567331E+1
-1.738439E+1
-2.088005E+1
-2.088005E+1
-2.088005E+1
-2.088005E+1
-2.088005E+1
-2.088005E+1
-2.088005E+1
-2.088005E+1
