Date/Time	2022-06-17 06:00:25
Line location	3
Line name	C1
OTDR wavelength [nm]	1310
OTDR pulse duration [ns]	2
OTDR scan time [s]	10
OTDR scan length [m]	1.500000E+2
Length offset [m]	0.000000E+0
Length increment [m]	3.996806E-2
Switch ID	VIAVI Solutions,OTU 8000E,11654,FO,16.76
OTDR ID	JDSU,OTU 8000E,11654,OTU(SmartOTU),V7.22

Reflected amplitude [dB]
8.267120E-1
8.164220E-1
7.884920E-1
7.399820E-1
6.811820E-1
6.253220E-1
5.797520E-1
5.430020E-1
5.180120E-1
5.033120E-1
5.003720E-1
5.150720E-1
5.474120E-1
5.856320E-1
6.238520E-1
6.547220E-1
6.797120E-1
6.958820E-1
7.047020E-1
7.076420E-1
6.929420E-1
6.503120E-1
5.900420E-1
5.209520E-1
4.415720E-1
3.519020E-1
2.622320E-1
1.769720E-1
9.906200E-2
2.997200E-2
-2.882800E-2
-7.880800E-2
-1.214380E-1
-1.567180E-1
-1.861180E-1
-2.111080E-1
-2.302180E-1
-2.463880E-1
-2.596180E-1
-2.699080E-1
-2.787280E-1
-2.875480E-1
-2.963680E-1
-3.051880E-1
-3.154780E-1
-3.257680E-1
-3.360580E-1
-3.478180E-1
-3.581080E-1
-3.698680E-1
-3.801580E-1
-3.919180E-1
-4.036780E-1
-4.154380E-1
-4.271980E-1
-4.374880E-1
-4.492480E-1
-4.595380E-1
-4.727680E-1
-4.859980E-1
-5.006980E-1
-5.168680E-1
-5.359780E-1
-5.536180E-1
-5.727280E-1
-5.874280E-1
-5.977180E-1
-6.035980E-1
-5.991880E-1
-5.874280E-1
-5.668480E-1
-5.389180E-1
-5.021680E-1
-4.580680E-1
-4.095580E-1
-3.507580E-1
-2.713780E-1
-1.831780E-1
-1.037980E-1
-3.911800E-2
1.086200E-2
4.761200E-2
7.113200E-2
8.436200E-2
8.877200E-2
8.436200E-2
6.231200E-2
1.380200E-2
-5.528800E-2
-1.302580E-1
-2.022880E-1
-2.699080E-1
-3.360580E-1
-3.977980E-1
-4.551280E-1
-5.080480E-1
-5.565580E-1
-5.991880E-1
-6.344680E-1
-6.623980E-1
-6.859180E-1
-7.020880E-1
-7.123780E-1
-7.197280E-1
-7.241380E-1
-7.241380E-1
-7.241380E-1
-7.226680E-1
-7.211980E-1
-7.197280E-1
-7.197280E-1
-7.197280E-1
-7.211980E-1
-7.256080E-1
-7.300180E-1
-7.373680E-1
-7.461880E-1
-7.550080E-1
-7.638280E-1
-7.726480E-1
-7.814680E-1
-7.858780E-1
-7.873480E-1
-7.873480E-1
-7.844080E-1
-7.799980E-1
-7.755880E-1
-7.726480E-1
-7.726480E-1
-7.741180E-1
-7.799980E-1
-7.873480E-1
-7.976380E-1
-8.079280E-1
-8.182180E-1
-8.270380E-1
-8.343880E-1
-8.402680E-1
-8.432080E-1
-8.446780E-1
-8.432080E-1
-8.402680E-1
-8.358580E-1
-8.299780E-1
-8.240980E-1
-8.182180E-1
-8.108680E-1
-8.035180E-1
-7.946980E-1
-7.844080E-1
-7.726480E-1
-7.579480E-1
-7.403080E-1
-7.211980E-1
-6.991480E-1
-6.756280E-1
-6.521080E-1
-6.300580E-1
-6.080080E-1
-5.903680E-1
-5.741980E-1
-5.639080E-1
-5.565580E-1
-5.536180E-1
-5.550880E-1
-5.609680E-1
-5.697880E-1
-5.815480E-1
-5.933080E-1
-6.065380E-1
-6.182980E-1
-6.315280E-1
-6.418180E-1
-6.535780E-1
-6.638680E-1
-6.741580E-1
-6.844480E-1
-6.932680E-1
-7.020880E-1
-7.079680E-1
-7.123780E-1
-7.153180E-1
-7.138480E-1
-7.109080E-1
-7.064980E-1
-7.020880E-1
-6.962080E-1
-6.917980E-1
-6.873880E-1
-6.844480E-1
-6.815080E-1
-6.800380E-1
-6.800380E-1
-6.815080E-1
-6.829780E-1
-6.873880E-1
-6.932680E-1
-7.006180E-1
-7.094380E-1
-7.197280E-1
-7.300180E-1
-7.403080E-1
-7.491280E-1
-7.579480E-1
-7.638280E-1
-7.697080E-1
-7.726480E-1
-7.755880E-1
-7.770580E-1
-7.799980E-1
-7.814680E-1
-7.844080E-1
-7.873480E-1
-7.902880E-1
-7.932280E-1
-7.932280E-1
-7.917580E-1
-7.888180E-1
-7.829380E-1
-7.755880E-1
-7.682380E-1
-7.579480E-1
-7.505980E-1
-7.432480E-1
-7.403080E-1
-7.403080E-1
-7.447180E-1
-7.505980E-1
-7.608880E-1
-7.711780E-1
-7.829380E-1
-7.932280E-1
-8.005780E-1
-8.049880E-1
-8.064580E-1
-8.035180E-1
-8.005780E-1
-7.946980E-1
-7.873480E-1
-7.814680E-1
-7.770580E-1
-7.741180E-1
-7.741180E-1
-7.741180E-1
-7.770580E-1
-7.799980E-1
-7.829380E-1
-7.858780E-1
-7.858780E-1
-7.873480E-1
-7.858780E-1
-7.829380E-1
-7.799980E-1
-7.770580E-1
-7.741180E-1
-7.711780E-1
-7.667680E-1
-7.652980E-1
-7.623580E-1
-7.608880E-1
-7.594180E-1
-7.579480E-1
-7.579480E-1
-7.579480E-1
-7.579480E-1
-7.594180E-1
-7.594180E-1
-7.608880E-1
-7.608880E-1
-7.608880E-1
-7.594180E-1
-7.550080E-1
-7.505980E-1
-7.447180E-1
-7.388380E-1
-7.329580E-1
-7.285480E-1
-7.256080E-1
-7.241380E-1
-7.256080E-1
-7.285480E-1
-7.329580E-1
-7.388380E-1
-7.447180E-1
-7.505980E-1
-7.550080E-1
-7.594180E-1
-7.608880E-1
-7.608880E-1
-7.608880E-1
-7.594180E-1
-7.564780E-1
-7.535380E-1
-7.520680E-1
-7.491280E-1
-7.476580E-1
-7.461880E-1
-7.432480E-1
-7.403080E-1
-7.373680E-1
-7.329580E-1
-7.270780E-1
-7.211980E-1
-7.153180E-1
-7.109080E-1
-7.064980E-1
-7.020880E-1
-7.006180E-1
-6.991480E-1
-6.991480E-1
-7.020880E-1
-7.050280E-1
-7.079680E-1
-7.123780E-1
-7.167880E-1
-7.211980E-1
-7.256080E-1
-7.270780E-1
-7.285480E-1
-7.285480E-1
-7.256080E-1
-7.226680E-1
-7.197280E-1
-7.167880E-1
-7.138480E-1
-7.123780E-1
-7.123780E-1
-7.123780E-1
-7.138480E-1
-7.153180E-1
-7.153180E-1
-7.153180E-1
-7.153180E-1
-7.138480E-1
-7.109080E-1
-7.079680E-1
-7.035580E-1
-6.991480E-1
-6.947380E-1
-6.917980E-1
-6.888580E-1
-6.873880E-1
-6.888580E-1
-6.947380E-1
-7.020880E-1
-7.123780E-1
-7.241380E-1
-7.373680E-1
-7.491280E-1
-7.594180E-1
-7.682380E-1
-7.741180E-1
-7.770580E-1
-7.799980E-1
-7.799980E-1
-7.785280E-1
-7.755880E-1
-7.726480E-1
-7.697080E-1
-7.652980E-1
-7.623580E-1
-7.608880E-1
-7.608880E-1
-7.638280E-1
-7.682380E-1
-7.741180E-1
-7.799980E-1
-7.844080E-1
-7.873480E-1
-7.873480E-1
-7.858780E-1
-7.799980E-1
-7.726480E-1
-7.652980E-1
-7.579480E-1
-7.505980E-1
-7.447180E-1
-7.403080E-1
-7.388380E-1
-7.373680E-1
-7.388380E-1
-7.417780E-1
-7.447180E-1
-7.505980E-1
-7.550080E-1
-7.594180E-1
-7.638280E-1
-7.652980E-1
-7.652980E-1
-7.638280E-1
-7.608880E-1
-7.579480E-1
-7.535380E-1
-7.491280E-1
-7.461880E-1
-7.417780E-1
-7.373680E-1
-7.329580E-1
-7.285480E-1
-7.241380E-1
-7.197280E-1
-7.153180E-1
-7.109080E-1
-7.064980E-1
-7.035580E-1
-7.006180E-1
-6.976780E-1
-6.932680E-1
-6.873880E-1
-6.800380E-1
-6.712180E-1
-6.623980E-1
-6.521080E-1
-6.418180E-1
-6.344680E-1
-6.271180E-1
-6.241780E-1
-6.227080E-1
-6.241780E-1
-6.271180E-1
-6.329980E-1
-6.388780E-1
-6.462280E-1
-6.535780E-1
-6.609280E-1
-6.682780E-1
-6.756280E-1
-6.815080E-1
-6.903280E-1
-6.976780E-1
-7.050280E-1
-7.138480E-1
-7.211980E-1
-7.270780E-1
-7.329580E-1
-7.358980E-1
-7.388380E-1
-7.388380E-1
-7.388380E-1
-7.388380E-1
-7.373680E-1
-7.388380E-1
-7.403080E-1
-7.417780E-1
-7.447180E-1
-7.476580E-1
-7.491280E-1
-7.505980E-1
-7.491280E-1
-7.461880E-1
-7.432480E-1
-7.388380E-1
-7.344280E-1
-7.300180E-1
-7.256080E-1
-7.211980E-1
-7.182580E-1
-7.153180E-1
-7.123780E-1
-7.109080E-1
-7.094380E-1
-7.079680E-1
-7.094380E-1
-7.109080E-1
-7.153180E-1
-7.197280E-1
-7.256080E-1
-7.329580E-1
-7.388380E-1
-7.447180E-1
-7.505980E-1
-7.535380E-1
-7.564780E-1
-7.579480E-1
-7.579480E-1
-7.579480E-1
-7.579480E-1
-7.564780E-1
-7.535380E-1
-7.505980E-1
-7.476580E-1
-7.447180E-1
-7.403080E-1
-7.358980E-1
-7.300180E-1
-7.256080E-1
-7.197280E-1
-7.167880E-1
-7.123780E-1
-7.109080E-1
-7.109080E-1
-7.123780E-1
-7.153180E-1
-7.197280E-1
-7.256080E-1
-7.314880E-1
-7.388380E-1
-7.447180E-1
-7.505980E-1
-7.564780E-1
-7.608880E-1
-7.652980E-1
-7.682380E-1
-7.726480E-1
-7.755880E-1
-7.770580E-1
-7.770580E-1
-7.755880E-1
-7.711780E-1
-7.638280E-1
-7.564780E-1
-7.461880E-1
-7.358980E-1
-7.256080E-1
-7.182580E-1
-7.123780E-1
-7.094380E-1
-7.079680E-1
-7.109080E-1
-7.138480E-1
-7.182580E-1
-7.226680E-1
-7.285480E-1
-7.329580E-1
-7.373680E-1
-7.417780E-1
-7.476580E-1
-7.520680E-1
-7.564780E-1
-7.608880E-1
-7.638280E-1
-7.667680E-1
-7.697080E-1
-7.711780E-1
-7.726480E-1
-7.741180E-1
-7.741180E-1
-7.741180E-1
-7.755880E-1
-7.755880E-1
-7.755880E-1
-7.741180E-1
-7.726480E-1
-7.711780E-1
-7.682380E-1
-7.623580E-1
-7.564780E-1
-7.505980E-1
-7.432480E-1
-7.373680E-1
-7.314880E-1
-7.285480E-1
-7.285480E-1
-7.300180E-1
-7.344280E-1
-7.403080E-1
-7.476580E-1
-7.550080E-1
-7.608880E-1
-7.652980E-1
-7.682380E-1
-7.697080E-1
-7.697080E-1
-7.697080E-1
-7.697080E-1
-7.711780E-1
-7.741180E-1
-7.799980E-1
-7.873480E-1
-7.976380E-1
-8.079280E-1
-8.182180E-1
-8.270380E-1
-8.343880E-1
-8.387980E-1
-8.402680E-1
-8.402680E-1
-8.373280E-1
-8.343880E-1
-8.285080E-1
-8.226280E-1
-8.152780E-1
-8.079280E-1
-7.991080E-1
-7.888180E-1
-7.785280E-1
-7.682380E-1
-7.594180E-1
-7.491280E-1
-7.417780E-1
-7.358980E-1
-7.329580E-1
-7.300180E-1
-7.300180E-1
-7.300180E-1
-7.285480E-1
-7.285480E-1
-7.270780E-1
-7.256080E-1
-7.226680E-1
-7.211980E-1
-7.197280E-1
-7.197280E-1
-7.226680E-1
-7.256080E-1
-7.300180E-1
-7.358980E-1
-7.417780E-1
-7.476580E-1
-7.535380E-1
-7.579480E-1
-7.608880E-1
-7.638280E-1
-7.652980E-1
-7.652980E-1
-7.652980E-1
-7.652980E-1
-7.638280E-1
-7.623580E-1
-7.594180E-1
-7.564780E-1
-7.520680E-1
-7.491280E-1
-7.447180E-1
-7.417780E-1
-7.403080E-1
-7.388380E-1
-7.388380E-1
-7.388380E-1
-7.388380E-1
-7.373680E-1
-7.373680E-1
-7.344280E-1
-7.329580E-1
-7.300180E-1
-7.256080E-1
-7.226680E-1
-7.197280E-1
-7.167880E-1
-7.153180E-1
-7.153180E-1
-7.153180E-1
-7.182580E-1
-7.211980E-1
-7.241380E-1
-7.270780E-1
-7.300180E-1
-7.314880E-1
-7.314880E-1
-7.285480E-1
-7.256080E-1
-7.197280E-1
-7.138480E-1
-7.079680E-1
-7.020880E-1
-6.962080E-1
-6.917980E-1
-6.888580E-1
-6.873880E-1
-6.873880E-1
-6.903280E-1
-6.932680E-1
-6.976780E-1
-7.020880E-1
-7.079680E-1
-7.123780E-1
-7.167880E-1
-7.182580E-1
-7.211980E-1
-7.211980E-1
-7.197280E-1
-7.182580E-1
-7.153180E-1
-7.109080E-1
-7.064980E-1
-7.020880E-1
-6.991480E-1
-6.976780E-1
-6.976780E-1
-7.006180E-1
-7.050280E-1
-7.109080E-1
-7.197280E-1
-7.300180E-1
-7.388380E-1
-7.491280E-1
-7.594180E-1
-7.667680E-1
-7.726480E-1
-7.755880E-1
-7.741180E-1
-7.697080E-1
-7.623580E-1
-7.520680E-1
-7.373680E-1
-7.226680E-1
-7.079680E-1
-6.932680E-1
-6.815080E-1
-6.712180E-1
-6.653380E-1
-6.638680E-1
-6.668080E-1
-6.712180E-1
-6.785680E-1
-6.873880E-1
-6.962080E-1
-7.050280E-1
-7.123780E-1
-7.182580E-1
-7.241380E-1
-7.285480E-1
-7.300180E-1
-7.329580E-1
-7.344280E-1
-7.358980E-1
-7.358980E-1
-7.344280E-1
-7.329580E-1
-7.300180E-1
-7.256080E-1
-7.211980E-1
-7.167880E-1
-7.138480E-1
-7.109080E-1
-7.094380E-1
-7.109080E-1
-7.138480E-1
-7.167880E-1
-7.226680E-1
-7.285480E-1
-7.344280E-1
-7.403080E-1
-7.461880E-1
-7.520680E-1
-7.550080E-1
-7.579480E-1
-7.608880E-1
-7.623580E-1
-7.623580E-1
-7.608880E-1
-7.608880E-1
-7.594180E-1
-7.564780E-1
-7.535380E-1
-7.505980E-1
-7.461880E-1
-7.417780E-1
-7.373680E-1
-7.329580E-1
-7.285480E-1
-7.256080E-1
-7.241380E-1
-7.241380E-1
-7.285480E-1
-7.344280E-1
-7.432480E-1
-7.535380E-1
-7.638280E-1
-7.726480E-1
-7.799980E-1
-7.858780E-1
-7.873480E-1
-7.844080E-1
-7.799980E-1
-7.726480E-1
-7.638280E-1
-7.535380E-1
-7.432480E-1
-7.329580E-1
-7.241380E-1
-7.153180E-1
-7.064980E-1
-7.020880E-1
-6.976780E-1
-6.962080E-1
-6.962080E-1
-6.991480E-1
-7.035580E-1
-7.094380E-1
-7.167880E-1
-7.256080E-1
-7.344280E-1
-7.432480E-1
-7.520680E-1
-7.579480E-1
-7.638280E-1
-7.652980E-1
-7.652980E-1
-7.638280E-1
-7.594180E-1
-7.535380E-1
-7.461880E-1
-7.388380E-1
-7.314880E-1
-7.241380E-1
-7.182580E-1
-7.123780E-1
-7.079680E-1
-7.064980E-1
-7.050280E-1
-7.064980E-1
-7.094380E-1
-7.153180E-1
-7.211980E-1
-7.285480E-1
-7.358980E-1
-7.447180E-1
-7.535380E-1
-7.608880E-1
-7.667680E-1
-7.711780E-1
-7.741180E-1
-7.755880E-1
-7.770580E-1
-7.755880E-1
-7.755880E-1
-7.741180E-1
-7.741180E-1
-7.741180E-1
-7.741180E-1
-7.755880E-1
-7.785280E-1
-7.799980E-1
-7.829380E-1
-7.858780E-1
-7.888180E-1
-7.902880E-1
-7.917580E-1
-7.917580E-1
-7.917580E-1
-7.888180E-1
-7.844080E-1
-7.785280E-1
-7.711780E-1
-7.623580E-1
-7.535380E-1
-7.432480E-1
-7.329580E-1
-7.241380E-1
-7.167880E-1
-7.109080E-1
-7.079680E-1
-7.079680E-1
-7.109080E-1
-7.167880E-1
-7.256080E-1
-7.358980E-1
-7.461880E-1
-7.550080E-1
-7.623580E-1
-7.667680E-1
-7.682380E-1
-7.667680E-1
-7.608880E-1
-7.535380E-1
-7.447180E-1
-7.358980E-1
-7.270780E-1
-7.182580E-1
-7.094380E-1
-7.035580E-1
-6.962080E-1
-6.903280E-1
-6.859180E-1
-6.800380E-1
-6.756280E-1
-6.712180E-1
-6.682780E-1
-6.653380E-1
-6.653380E-1
-6.682780E-1
-6.712180E-1
-6.756280E-1
-6.815080E-1
-6.859180E-1
-6.917980E-1
-6.962080E-1
-6.991480E-1
-7.020880E-1
-7.050280E-1
-7.079680E-1
-7.109080E-1
-7.153180E-1
-7.197280E-1
-7.256080E-1
-7.329580E-1
-7.403080E-1
-7.476580E-1
-7.550080E-1
-7.638280E-1
-7.711780E-1
-7.785280E-1
-7.858780E-1
-7.932280E-1
-7.976380E-1
-8.005780E-1
-8.020480E-1
-8.005780E-1
-7.961680E-1
-7.902880E-1
-7.814680E-1
-7.726480E-1
-7.623580E-1
-7.520680E-1
-7.417780E-1
-7.344280E-1
-7.270780E-1
-7.226680E-1
-7.211980E-1
-7.226680E-1
-7.270780E-1
-7.329580E-1
-7.417780E-1
-7.520680E-1
-7.638280E-1
-7.755880E-1
-7.888180E-1
-8.020480E-1
-8.138080E-1
-8.226280E-1
-8.299780E-1
-8.343880E-1
-8.343880E-1
-8.329180E-1
-8.270380E-1
-8.196880E-1
-8.108680E-1
-8.035180E-1
-7.946980E-1
-7.873480E-1
-7.814680E-1
-7.770580E-1
-7.726480E-1
-7.682380E-1
-7.652980E-1
-7.623580E-1
-7.608880E-1
-7.594180E-1
-7.579480E-1
-7.564780E-1
-7.564780E-1
-7.564780E-1
-7.579480E-1
-7.594180E-1
-7.594180E-1
-7.594180E-1
-7.594180E-1
-7.579480E-1
-7.564780E-1
-7.535380E-1
-7.491280E-1
-7.447180E-1
-7.417780E-1
-7.373680E-1
-7.358980E-1
-7.344280E-1
-7.329580E-1
-7.344280E-1
-7.358980E-1
-7.373680E-1
-7.403080E-1
-7.432480E-1
-7.461880E-1
-7.505980E-1
-7.535380E-1
-7.564780E-1
-7.594180E-1
-7.623580E-1
-7.652980E-1
-7.682380E-1
-7.711780E-1
-7.726480E-1
-7.755880E-1
-7.755880E-1
-7.770580E-1
-7.770580E-1
-7.770580E-1
-7.770580E-1
-7.770580E-1
-7.785280E-1
-7.814680E-1
-7.858780E-1
-7.917580E-1
-7.976380E-1
-8.035180E-1
-8.093980E-1
-8.152780E-1
-8.182180E-1
-8.196880E-1
-8.196880E-1
-8.167480E-1
-8.138080E-1
-8.093980E-1
-8.035180E-1
-7.961680E-1
-7.873480E-1
-7.770580E-1
-7.652980E-1
-7.520680E-1
-7.388380E-1
-7.285480E-1
-7.197280E-1
-7.153180E-1
-7.153180E-1
-7.197280E-1
-7.270780E-1
-7.358980E-1
-7.447180E-1
-7.520680E-1
-7.579480E-1
-7.594180E-1
-7.594180E-1
-7.550080E-1
-7.491280E-1
-7.417780E-1
-7.358980E-1
-7.314880E-1
-7.300180E-1
-7.300180E-1
-7.344280E-1
-7.417780E-1
-7.535380E-1
-7.667680E-1
-7.829380E-1
-8.005780E-1
-8.196880E-1
-8.402680E-1
-8.608480E-1
-8.814280E-1
-9.034780E-1
-9.269980E-1
-9.534580E-1
-9.828580E-1
-1.018138E+0
-1.057828E+0
-1.103398E+0
-1.154848E+0
-1.212178E+0
-1.273918E+0
-1.337128E+0
-1.401808E+0
-1.466488E+0
-1.528228E+0
-1.588498E+0
-1.642888E+0
-1.692868E+0
-1.736968E+0
-1.775188E+0
-1.807528E+0
-1.833988E+0
-1.853098E+0
-1.864858E+0
-1.872208E+0
-1.873678E+0
-1.873678E+0
-1.872208E+0
-1.869268E+0
-1.864858E+0
-1.860448E+0
-1.856038E+0
-1.850158E+0
-1.844278E+0
-1.836928E+0
-1.831048E+0
-1.826638E+0
-1.825168E+0
-1.826638E+0
-1.829578E+0
-1.836928E+0
-1.845748E+0
-1.854568E+0
-1.863388E+0
-1.870738E+0
-1.875148E+0
-1.876618E+0
-1.876618E+0
-1.873678E+0
-1.872208E+0
-1.870738E+0
-1.870738E+0
-1.872208E+0
-1.876618E+0
-1.882498E+0
-1.888378E+0
-1.895728E+0
-1.901608E+0
-1.906018E+0
-1.908958E+0
-1.911898E+0
-1.913368E+0
-1.913368E+0
-1.914838E+0
-1.914838E+0
-1.914838E+0
-1.916308E+0
-1.919248E+0
-1.923658E+0
-1.929538E+0
-1.939828E+0
-1.951588E+0
-1.963348E+0
-1.978048E+0
-1.989808E+0
-2.000098E+0
-2.008918E+0
-2.011858E+0
-2.011858E+0
-2.007448E+0
-2.001568E+0
-1.994218E+0
-1.986868E+0
-1.980988E+0
-1.973638E+0
-1.967758E+0
-1.961878E+0
-1.955998E+0
-1.951588E+0
-1.947178E+0
-1.945708E+0
-1.945708E+0
-1.948648E+0
-1.955998E+0
-1.964818E+0
-1.978048E+0
-1.992748E+0
-2.008918E+0
-2.025088E+0
-2.039788E+0
-2.053018E+0
-2.064778E+0
-2.073598E+0
-2.078008E+0
-2.082418E+0
-2.083888E+0
-2.085358E+0
-2.085358E+0
-2.085358E+0
-2.085358E+0
-2.083888E+0
-2.083888E+0
-2.080948E+0
-2.079478E+0
-2.076538E+0
-2.075068E+0
-2.073598E+0
-2.072128E+0
-2.075068E+0
-2.079478E+0
-2.085358E+0
-2.092708E+0
-2.101528E+0
-2.110348E+0
-2.117698E+0
-2.122108E+0
-2.126518E+0
-2.126518E+0
-2.123578E+0
-2.120638E+0
-2.116228E+0
-2.113288E+0
-2.110348E+0
-2.111818E+0
-2.114758E+0
-2.120638E+0
-2.127988E+0
-2.138278E+0
-2.148568E+0
-2.158858E+0
-2.169148E+0
-2.179438E+0
-2.186788E+0
-2.194138E+0
-2.200018E+0
-2.202958E+0
-2.204428E+0
-2.204428E+0
-2.202958E+0
-2.201488E+0
-2.197078E+0
-2.194138E+0
-2.191198E+0
-2.189728E+0
-2.189728E+0
-2.191198E+0
-2.192668E+0
-2.194138E+0
-2.194138E+0
-2.195608E+0
-2.194138E+0
-2.192668E+0
-2.191198E+0
-2.189728E+0
-2.189728E+0
-2.191198E+0
-2.192668E+0
-2.197078E+0
-2.202958E+0
-2.210308E+0
-2.219128E+0
-2.229418E+0
-2.239708E+0
-2.248528E+0
-2.257348E+0
-2.263228E+0
-2.267638E+0
-2.269108E+0
-2.270578E+0
-2.270578E+0
-2.272048E+0
-2.273518E+0
-2.274988E+0
-2.276458E+0
-2.279398E+0
-2.280868E+0
-2.280868E+0
-2.277928E+0
-2.272048E+0
-2.263228E+0
-2.251468E+0
-2.238238E+0
-2.222068E+0
-2.205898E+0
-2.189728E+0
-2.175028E+0
-2.163268E+0
-2.151508E+0
-2.142688E+0
-2.136808E+0
-2.135338E+0
-2.136808E+0
-2.141218E+0
-2.148568E+0
-2.158858E+0
-2.172088E+0
-2.186788E+0
-2.201488E+0
-2.217658E+0
-2.232358E+0
-2.245588E+0
-2.255878E+0
-2.261758E+0
-2.266168E+0
-2.266168E+0
-2.263228E+0
-2.258818E+0
-2.252938E+0
-2.248528E+0
-2.247058E+0
-2.245588E+0
-2.248528E+0
-2.257348E+0
-2.269108E+0
-2.283808E+0
-2.302918E+0
-2.323498E+0
-2.345548E+0
-2.364658E+0
-2.382298E+0
-2.395528E+0
-2.402878E+0
-2.405818E+0
-2.402878E+0
-2.396998E+0
-2.388178E+0
-2.377888E+0
-2.367598E+0
-2.360248E+0
-2.355838E+0
-2.354368E+0
-2.354368E+0
-2.358778E+0
-2.363188E+0
-2.367598E+0
-2.372008E+0
-2.373478E+0
-2.372008E+0
-2.369068E+0
-2.363188E+0
-2.354368E+0
-2.344078E+0
-2.333788E+0
-2.326438E+0
-2.320558E+0
-2.320558E+0
-2.324968E+0
-2.335258E+0
-2.349958E+0
-2.369068E+0
-2.391118E+0
-2.413168E+0
-2.433748E+0
-2.449918E+0
-2.464618E+0
-2.473438E+0
-2.479318E+0
-2.483728E+0
-2.486668E+0
-2.488138E+0
-2.492548E+0
-2.498428E+0
-2.504308E+0
-2.508718E+0
-2.510188E+0
-2.510188E+0
-2.504308E+0
-2.495488E+0
-2.483728E+0
-2.470498E+0
-2.460208E+0
-2.451388E+0
-2.446978E+0
-2.446978E+0
-2.449918E+0
-2.454328E+0
-2.460208E+0
-2.466088E+0
-2.467558E+0
-2.467558E+0
-2.464618E+0
-2.460208E+0
-2.455798E+0
-2.451388E+0
-2.449918E+0
-2.451388E+0
-2.455798E+0
-2.460208E+0
-2.466088E+0
-2.471968E+0
-2.474908E+0
-2.476378E+0
-2.476378E+0
-2.474908E+0
-2.471968E+0
-2.470498E+0
-2.469028E+0
-2.467558E+0
-2.467558E+0
-2.466088E+0
-2.466088E+0
-2.466088E+0
-2.466088E+0
-2.466088E+0
-2.470498E+0
-2.474908E+0
-2.483728E+0
-2.492548E+0
-2.504308E+0
-2.516068E+0
-2.524888E+0
-2.532238E+0
-2.536648E+0
-2.536648E+0
-2.532238E+0
-2.524888E+0
-2.513128E+0
-2.499898E+0
-2.485198E+0
-2.470498E+0
-2.457268E+0
-2.445508E+0
-2.438158E+0
-2.435218E+0
-2.436688E+0
-2.444038E+0
-2.455798E+0
-2.473438E+0
-2.494018E+0
-2.516068E+0
-2.541058E+0
-2.564578E+0
-2.586628E+0
-2.605738E+0
-2.620438E+0
-2.630728E+0
-2.636608E+0
-2.638078E+0
-2.636608E+0
-2.633668E+0
-2.629258E+0
-2.626318E+0
-2.623378E+0
-2.623378E+0
-2.623378E+0
-2.623378E+0
-2.621908E+0
-2.618968E+0
-2.614558E+0
-2.605738E+0
-2.595448E+0
-2.583688E+0
-2.573398E+0
-2.561638E+0
-2.554288E+0
-2.548408E+0
-2.548408E+0
-2.552818E+0
-2.561638E+0
-2.574868E+0
-2.592508E+0
-2.613088E+0
-2.635138E+0
-2.655718E+0
-2.673358E+0
-2.686588E+0
-2.695408E+0
-2.698348E+0
-2.695408E+0
-2.690998E+0
-2.686588E+0
-2.682178E+0
-2.682178E+0
-2.686588E+0
-2.696878E+0
-2.711578E+0
-2.729218E+0
-2.748328E+0
-2.767438E+0
-2.782138E+0
-2.792428E+0
-2.798308E+0
-2.799778E+0
-2.798308E+0
-2.795368E+0
-2.790958E+0
-2.788018E+0
-2.785078E+0
-2.783608E+0
-2.780668E+0
-2.776258E+0
-2.768908E+0
-2.761558E+0
-2.749798E+0
-2.739508E+0
-2.729218E+0
-2.720398E+0
-2.714518E+0
-2.715988E+0
-2.721868E+0
-2.732158E+0
-2.748328E+0
-2.764498E+0
-2.780668E+0
-2.792428E+0
-2.799778E+0
-2.799778E+0
-2.793898E+0
-2.783608E+0
-2.768908E+0
-2.754208E+0
-2.739508E+0
-2.727748E+0
-2.718928E+0
-2.714518E+0
-2.711578E+0
-2.708638E+0
-2.707168E+0
-2.702758E+0
-2.696878E+0
-2.688058E+0
-2.676298E+0
-2.664538E+0
-2.652778E+0
-2.642488E+0
-2.636608E+0
-2.635138E+0
-2.638078E+0
-2.643958E+0
-2.652778E+0
-2.663068E+0
-2.671888E+0
-2.682178E+0
-2.689528E+0
-2.696878E+0
-2.707168E+0
-2.718928E+0
-2.733628E+0
-2.752738E+0
-2.774788E+0
-2.799778E+0
-2.826238E+0
-2.849758E+0
-2.871808E+0
-2.890918E+0
-2.904148E+0
-2.914438E+0
-2.920318E+0
-2.921788E+0
-2.920318E+0
-2.915908E+0
-2.908558E+0
-2.899738E+0
-2.890918E+0
-2.879158E+0
-2.868868E+0
-2.858578E+0
-2.848288E+0
-2.839468E+0
-2.832118E+0
-2.824768E+0
-2.818888E+0
-2.813008E+0
-2.808598E+0
-2.805658E+0
-2.805658E+0
-2.805658E+0
-2.807128E+0
-2.811538E+0
-2.818888E+0
-2.826238E+0
-2.833588E+0
-2.842408E+0
-2.851228E+0
-2.860048E+0
-2.867398E+0
-2.876218E+0
-2.883568E+0
-2.892388E+0
-2.902678E+0
-2.911498E+0
-2.921788E+0
-2.932078E+0
-2.942368E+0
-2.951188E+0
-2.957068E+0
-2.960008E+0
-2.962948E+0
-2.965888E+0
-2.968828E+0
-2.974708E+0
-2.983528E+0
-2.995288E+0
-3.008518E+0
-3.024688E+0
-3.040858E+0
-3.052618E+0
-3.061438E+0
-3.064378E+0
-3.062908E+0
-3.057028E+0
-3.046738E+0
-3.034978E+0
-3.023218E+0
-3.012928E+0
-3.005578E+0
-2.999698E+0
-2.998228E+0
-3.001168E+0
-3.005578E+0
-3.009988E+0
-3.017338E+0
-3.023218E+0
-3.027628E+0
-3.027628E+0
-3.026158E+0
-3.021748E+0
-3.014398E+0
-3.005578E+0
-2.995288E+0
-2.983528E+0
-2.973238E+0
-2.962948E+0
-2.955598E+0
-2.951188E+0
-2.951188E+0
-2.954128E+0
-2.962948E+0
-2.976178E+0
-2.993818E+0
-3.012928E+0
-3.034978E+0
-3.055558E+0
-3.076138E+0
-3.092308E+0
-3.104068E+0
-3.112888E+0
-3.115828E+0
-3.115828E+0
-3.109948E+0
-3.101128E+0
-3.090838E+0
-3.079078E+0
-3.067318E+0
-3.057028E+0
-3.049678E+0
-3.046738E+0
-3.048208E+0
-3.052618E+0
-3.059968E+0
-3.068788E+0
-3.077608E+0
-3.082018E+0
-3.082018E+0
-3.076138E+0
-3.068788E+0
-3.058498E+0
-3.046738E+0
-3.036448E+0
-3.027628E+0
-3.021748E+0
-3.017338E+0
-3.011458E+0
-3.002638E+0
-2.992348E+0
-2.977648E+0
-2.958538E+0
-2.939428E+0
-2.920318E+0
-2.902678E+0
-2.890918E+0
-2.885038E+0
-2.885038E+0
-2.890918E+0
-2.904148E+0
-2.921788E+0
-2.940898E+0
-2.958538E+0
-2.977648E+0
-2.995288E+0
-3.011458E+0
-3.027628E+0
-3.045268E+0
-3.062908E+0
-3.084958E+0
-3.111418E+0
-3.139348E+0
-3.170218E+0
-3.201088E+0
-3.229018E+0
-3.255478E+0
-3.276058E+0
-3.292228E+0
-3.302518E+0
-3.306928E+0
-3.308398E+0
-3.306928E+0
-3.301048E+0
-3.292228E+0
-3.281938E+0
-3.268708E+0
-3.254008E+0
-3.237838E+0
-3.221668E+0
-3.205498E+0
-3.190798E+0
-3.174628E+0
-3.159928E+0
-3.146698E+0
-3.133468E+0
-3.121708E+0
-3.114358E+0
-3.108478E+0
-3.108478E+0
-3.114358E+0
-3.124648E+0
-3.139348E+0
-3.155518E+0
-3.173158E+0
-3.189328E+0
-3.199618E+0
-3.205498E+0
-3.206968E+0
-3.202558E+0
-3.195208E+0
-3.187858E+0
-3.180508E+0
-3.177568E+0
-3.180508E+0
-3.187858E+0
-3.202558E+0
-3.221668E+0
-3.243718E+0
-3.268708E+0
-3.290758E+0
-3.311338E+0
-3.326038E+0
-3.336328E+0
-3.340738E+0
-3.342208E+0
-3.337798E+0
-3.333388E+0
-3.326038E+0
-3.318688E+0
-3.311338E+0
-3.303988E+0
-3.298108E+0
-3.295168E+0
-3.292228E+0
-3.290758E+0
-3.287818E+0
-3.284878E+0
-3.278998E+0
-3.271648E+0
-3.264298E+0
-3.255478E+0
-3.248128E+0
-3.245188E+0
-3.246658E+0
-3.254008E+0
-3.268708E+0
-3.287818E+0
-3.314278E+0
-3.345148E+0
-3.378958E+0
-3.412768E+0
-3.449518E+0
-3.486268E+0
-3.518608E+0
-3.549478E+0
-3.574468E+0
-3.590638E+0
-3.596518E+0
-3.593578E+0
-3.578878E+0
-3.558298E+0
-3.530368E+0
-3.500968E+0
-3.474508E+0
-3.452458E+0
-3.437758E+0
-3.427468E+0
-3.425998E+0
-3.428938E+0
-3.437758E+0
-3.445108E+0
-3.455398E+0
-3.462748E+0
-3.468628E+0
-3.475978E+0
-3.481858E+0
-3.487738E+0
-3.496558E+0
-3.503908E+0
-3.512728E+0
-3.520078E+0
-3.523018E+0
-3.520078E+0
-3.511258E+0
-3.493618E+0
-3.468628E+0
-3.442168E+0
-3.415708E+0
-3.390718E+0
-3.371608E+0
-3.359848E+0
-3.358378E+0
-3.364258E+0
-3.376018E+0
-3.395128E+0
-3.417178E+0
-3.440698E+0
-3.465688E+0
-3.489208E+0
-3.511258E+0
-3.530368E+0
-3.543598E+0
-3.553888E+0
-3.556828E+0
-3.550948E+0
-3.536248E+0
-3.515668E+0
-3.487738E+0
-3.455398E+0
-3.423058E+0
-3.393658E+0
-3.371608E+0
-3.356908E+0
-3.351028E+0
-3.352498E+0
-3.361318E+0
-3.374548E+0
-3.390718E+0
-3.406888E+0
-3.421588E+0
-3.433348E+0
-3.445108E+0
-3.455398E+0
-3.461278E+0
-3.461278E+0
-3.452458E+0
-3.433348E+0
-3.402478E+0
-3.356908E+0
-3.302518E+0
-3.242248E+0
-3.181978E+0
-2.958538E+0
-2.374948E+0
-1.542928E+0
-6.726880E-1
1.225820E-1
8.105420E-1
1.386782E+0
1.864532E+0
2.254082E+0
2.549552E+0
2.762702E+0
2.912642E+0
3.005252E+0
3.036122E+0
3.003782E+0
2.911172E+0
2.765642E+0
2.573072E+0
2.327582E+0
2.035052E+0
1.711652E+0
1.350032E+0
9.399020E-1
4.724420E-1
-4.352800E-2
-5.815480E-1
-1.116628E+0
-1.639948E+0
-2.154448E+0
-2.655718E+0
-3.136408E+0
-3.599458E+0
-4.043398E+0
-4.468228E+0
-4.878358E+0
-5.278198E+0
-5.670688E+0
-6.057298E+0
-6.443908E+0
-6.836398E+0
-7.247998E+0
-7.687528E+0
-8.157928E+0
-8.662138E+0
-9.235438E+0
-9.863128E+0
-1.058784E+1
-1.140222E+1
-1.243563E+1
-1.388799E+1
-1.748949E+1
-2.050005E+1
-2.050005E+1
-2.050005E+1
-2.050005E+1
-2.050005E+1
-2.050005E+1
-2.050005E+1
-2.050005E+1
-2.050005E+1
-2.050005E+1
-2.050005E+1
-2.050005E+1
-2.050005E+1
-2.050005E+1
-2.050005E+1
-2.050005E+1
-2.050005E+1
-2.050005E+1
-2.050005E+1
-2.050005E+1
-2.050005E+1
-1.660896E+1
-1.351020E+1
-1.290750E+1
-1.290750E+1
-1.359840E+1
-1.627380E+1
-2.050005E+1
-2.050005E+1
-2.050005E+1
-2.050005E+1
-2.050005E+1
-2.050005E+1
-2.050005E+1
-2.050005E+1
-2.050005E+1
-1.342494E+1
-1.168152E+1
-1.082745E+1
-1.033206E+1
-1.010274E+1
-1.006746E+1
-1.017624E+1
-1.043496E+1
-1.077747E+1
-1.115379E+1
-1.146837E+1
-1.157274E+1
-1.146837E+1
-1.118319E+1
-1.082745E+1
-1.054374E+1
-1.031148E+1
-1.021446E+1
-1.025268E+1
-1.043496E+1
-1.080099E+1
-1.140222E+1
-1.238271E+1
-1.447893E+1
-2.050005E+1
-2.050005E+1
-2.050005E+1
-2.050005E+1
-2.050005E+1
-2.050005E+1
-2.050005E+1
-2.050005E+1
-2.050005E+1
-2.050005E+1
-2.050005E+1
-2.050005E+1
-2.050005E+1
-2.050005E+1
-2.050005E+1
-2.050005E+1
-2.050005E+1
-2.050005E+1
-2.050005E+1
-2.050005E+1
-2.050005E+1
-1.899477E+1
-1.422315E+1
-1.297365E+1
-1.233273E+1
-1.191966E+1
-1.168152E+1
-1.160802E+1
-1.164477E+1
-1.187850E+1
-1.223277E+1
-1.277961E+1
-1.342494E+1
-1.422315E+1
-1.529331E+1
-1.660896E+1
-1.700439E+1
-1.700439E+1
-1.660896E+1
-1.598421E+1
-1.572843E+1
-1.549911E+1
-1.627380E+1
-1.899477E+1
-2.050005E+1
-2.050005E+1
-2.050005E+1
-2.050005E+1
-2.050005E+1
-2.050005E+1
-2.050005E+1
-2.050005E+1
-2.050005E+1
-2.050005E+1
-2.050005E+1
-2.050005E+1
-2.050005E+1
-2.050005E+1
-2.050005E+1
-2.050005E+1
-2.050005E+1
-2.050005E+1
-2.050005E+1
-1.277961E+1
-1.124346E+1
-1.035264E+1
-9.752878E+0
-9.347158E+0
-9.070798E+0
-8.909098E+0
-8.837068E+0
-8.847358E+0
-8.919388E+0
-9.048748E+0
-9.222208E+0
-9.438298E+0
-9.692608E+0
-9.996898E+0
-1.033206E+1
-1.070397E+1
-1.109499E+1
-1.146837E+1
-1.179765E+1
-1.200492E+1
-1.196082E+1
-1.171974E+1
-1.133607E+1
-1.090389E+1
-1.052169E+1
-1.019535E+1
-9.929278E+0
-9.769048E+0
-9.707308E+0
-9.722008E+0
-9.816088E+0
-9.980728E+0
-1.019535E+1
-1.045554E+1
-1.072749E+1
-1.098327E+1
-1.121259E+1
-1.133607E+1
-1.143456E+1
-1.150218E+1
-1.153746E+1
-1.157274E+1
-1.168152E+1
-1.187850E+1
-1.228275E+1
-1.297365E+1
-1.422315E+1
-2.050005E+1
-2.050005E+1
-2.050005E+1
-2.050005E+1
-2.050005E+1
-2.050005E+1
-2.050005E+1
-2.050005E+1
-2.050005E+1
-1.359840E+1
-1.200492E+1
-1.109499E+1
-1.045554E+1
-9.996898E+0
-9.663208E+0
-9.398608E+0
-9.210448E+0
-9.082558E+0
-8.994358E+0
-8.962018E+0
-8.972308E+0
-9.016408E+0
-9.104608E+0
-9.235438E+0
-9.398608E+0
-9.589708E+0
-9.799918E+0
-1.001454E+1
-1.025268E+1
-1.052169E+1
-1.085244E+1
-1.127433E+1
-1.187850E+1
-1.284135E+1
-1.476852E+1
-2.050005E+1
-2.050005E+1
-2.050005E+1
-2.050005E+1
-2.050005E+1
-2.050005E+1
-2.050005E+1
-2.050005E+1
-2.050005E+1
-1.700439E+1
-1.461858E+1
-1.342494E+1
-1.277961E+1
-1.233273E+1
-1.213869E+1
-1.213869E+1
-1.243563E+1
-1.311330E+1
-1.510368E+1
-2.050005E+1
-2.050005E+1
-2.050005E+1
-2.050005E+1
-2.050005E+1
-2.050005E+1
-2.050005E+1
-2.050005E+1
-2.050005E+1
-2.050005E+1
-2.050005E+1
-2.050005E+1
-2.050005E+1
-2.050005E+1
-1.660896E+1
-1.304274E+1
-1.157274E+1
-1.063341E+1
-9.996898E+0
-9.547078E+0
-9.258958E+0
-9.094318E+0
-9.038458E+0
-9.060508E+0
-9.139888E+0
-9.247198E+0
-9.358918E+0
-9.464758E+0
-9.533848E+0
-9.575008E+0
-9.619108E+0
-9.692608E+0
-9.846958E+0
-1.008510E+1
-1.045554E+1
-1.093035E+1
-1.153746E+1
-1.213869E+1
-1.248855E+1
-1.233273E+1
-1.171974E+1
-1.098327E+1
-1.029237E+1
-9.707308E+0
-9.258958E+0
-8.909098E+0
-8.653318E+0
-8.482798E+0
-8.382838E+0
-8.325508E+0
-8.334328E+0
-8.391658E+0
-8.500438E+0
-8.662138E+0
-8.878228E+0
-9.163408E+0
-9.505918E+0
-9.896938E+0
-1.031148E+1
-1.075248E+1
-1.115379E+1
-1.146837E+1
-1.171974E+1
-1.183734E+1
-1.200492E+1
-1.223277E+1
-1.265907E+1
-1.351020E+1
-1.598421E+1
-2.050005E+1
-2.050005E+1
-2.050005E+1
-2.050005E+1
-2.050005E+1
-2.050005E+1
-2.050005E+1
-2.050005E+1
-2.050005E+1
-2.050005E+1
-2.050005E+1
-2.050005E+1
-2.050005E+1
-1.378803E+1
-1.213869E+1
-1.133607E+1
-1.087743E+1
-1.063341E+1
-1.052169E+1
-1.054374E+1
-1.068045E+1
-1.095681E+1
-1.140222E+1
-1.200492E+1
-1.284135E+1
-1.434663E+1
-1.811424E+1
-2.050005E+1
-2.050005E+1
-2.050005E+1
-2.050005E+1
-2.050005E+1
-2.050005E+1
-2.050005E+1
-2.050005E+1
-2.050005E+1
-2.050005E+1
-2.050005E+1
-2.050005E+1
-2.050005E+1
-2.050005E+1
-2.050005E+1
-2.050005E+1
-2.050005E+1
-2.050005E+1
-2.050005E+1
-2.050005E+1
-2.050005E+1
-2.050005E+1
-2.050005E+1
-2.050005E+1
-2.050005E+1
-1.899477E+1
-1.271787E+1
-1.130520E+1
-1.054374E+1
-1.012185E+1
-9.946918E+0
-9.980728E+0
-1.021446E+1
-1.070397E+1
-1.164477E+1
-1.369101E+1
-2.050005E+1
-2.050005E+1
-2.050005E+1
-2.050005E+1
-2.050005E+1
-2.050005E+1
-2.050005E+1
-2.050005E+1
-2.050005E+1
-2.050005E+1
-1.811424E+1
-1.290750E+1
-1.160802E+1
-1.095681E+1
-1.058784E+1
-1.045554E+1
-1.049964E+1
-1.072749E+1
-1.115379E+1
-1.183734E+1
-1.290750E+1
-1.476852E+1
-2.050005E+1
-2.050005E+1
-2.050005E+1
-2.050005E+1
-2.050005E+1
-2.050005E+1
-2.050005E+1
-2.050005E+1
-2.050005E+1
-2.050005E+1
-2.050005E+1
-2.050005E+1
-2.050005E+1
-2.050005E+1
-2.050005E+1
-2.050005E+1
-2.050005E+1
-2.050005E+1
-2.050005E+1
-1.700439E+1
-1.260027E+1
-1.140222E+1
-1.080099E+1
-1.052169E+1
-1.041438E+1
-1.045554E+1
-1.063341E+1
-1.090389E+1
-1.127433E+1
-1.171974E+1
-1.209312E+1
-1.238271E+1
-1.243563E+1
-1.223277E+1
-1.175796E+1
-1.124346E+1
-1.070397E+1
-1.025268E+1
-9.863128E+0
-9.575008E+0
-9.411838E+0
-9.347158E+0
-9.425068E+0
-9.677908E+0
-1.013949E+1
-1.101120E+1
-1.304274E+1
-2.050005E+1
-2.050005E+1
-2.050005E+1
-2.050005E+1
-2.050005E+1
-2.050005E+1
-2.050005E+1
-2.050005E+1
-2.050005E+1
-2.050005E+1
-2.050005E+1
-2.050005E+1
-2.050005E+1
-2.050005E+1
-2.050005E+1
-2.050005E+1
-2.050005E+1
-2.050005E+1
-2.050005E+1
-2.050005E+1
-2.050005E+1
-2.050005E+1
-2.050005E+1
-2.050005E+1
-2.050005E+1
-2.050005E+1
-2.050005E+1
-1.271787E+1
-1.115379E+1
-1.037322E+1
-9.963088E+0
-9.783748E+0
-9.799918E+0
-9.980728E+0
-1.037322E+1
-1.098327E+1
-1.191966E+1
-1.326324E+1
-1.510368E+1
-1.549911E+1
-1.378803E+1
-1.204902E+1
-1.077747E+1
-9.863128E+0
-9.186928E+0
-8.709178E+0
-8.391658E+0
-8.224078E+0
-8.179978E+0
-8.247598E+0
-8.415178E+0
-8.662138E+0
-8.972308E+0
-9.295708E+0
-9.561778E+0
-9.692608E+0
-9.677908E+0
-9.547078E+0
-9.358918E+0
-9.198688E+0
-9.094318E+0
-9.116368E+0
-9.295708E+0
-9.663208E+0
-1.033206E+1
-1.150218E+1
-1.461858E+1
-2.050005E+1
-2.050005E+1
-2.050005E+1
-2.050005E+1
-2.050005E+1
-2.050005E+1
-2.050005E+1
-2.050005E+1
-1.271787E+1
-1.085244E+1
-9.846958E+0
-9.222208E+0
-8.797378E+0
-8.526898E+0
-8.374018E+0
-8.325508E+0
-8.374018E+0
-8.509258E+0
-8.719468E+0
-9.004648E+0
-9.322168E+0
-9.633808E+0
-9.896938E+0
-1.003218E+1
-9.996898E+0
-9.830788E+0
-9.547078E+0
-9.258958E+0
-8.972308E+0
-8.728288E+0
-8.544538E+0
-8.407828E+0
-8.325508E+0
-8.294638E+0
-8.301988E+0
-8.341678E+0
-8.374018E+0
-8.399008E+0
-8.407828E+0
-8.374018E+0
-8.310808E+0
-8.216728E+0
-8.106478E+0
-7.993288E+0
-7.893328E+0
-7.809538E+0
-7.736038E+0
-7.675768E+0
-7.634608E+0
-7.611088E+0
-7.611088E+0
-7.628728E+0
-7.669888E+0
-7.736038E+0
-7.828648E+0
-7.959478E+0
-8.128528E+0
-8.334328E+0
-8.588638E+0
-8.898808E+0
-9.308938E+0
-9.816088E+0
-1.049964E+1
-1.143456E+1
-1.290750E+1
-1.660896E+1
-2.050005E+1
-2.050005E+1
-2.050005E+1
-2.050005E+1
-2.050005E+1
-2.050005E+1
-2.050005E+1
-2.050005E+1
-2.050005E+1
-2.050005E+1
-2.050005E+1
-1.700439E+1
-1.351020E+1
-1.196082E+1
-1.101120E+1
-1.029237E+1
-9.752878E+0
-9.372148E+0
-9.094318E+0
-8.919388E+0
-8.826778E+0
-8.816488E+0
-8.888518E+0
-9.060508E+0
-9.347158E+0
-9.816088E+0
-1.052169E+1
-1.179765E+1
-1.529331E+1
-2.050005E+1
-2.050005E+1
-2.050005E+1
-2.050005E+1
-2.050005E+1
-2.050005E+1
-2.050005E+1
-1.811424E+1
-1.228275E+1
-1.095681E+1
-1.025268E+1
-9.879298E+0
-9.707308E+0
-9.677908E+0
-9.752878E+0
-9.879298E+0
-1.003218E+1
-1.019535E+1
-1.029237E+1
-1.039380E+1
-1.047759E+1
-1.063341E+1
-1.093035E+1
-1.143456E+1
-1.248855E+1
-1.598421E+1
-2.050005E+1
-2.050005E+1
-2.050005E+1
-2.050005E+1
-2.050005E+1
-2.050005E+1
-2.050005E+1
-2.050005E+1
-2.050005E+1
-2.050005E+1
-2.050005E+1
-2.050005E+1
-2.050005E+1
-2.050005E+1
-2.050005E+1
-2.050005E+1
-2.050005E+1
-1.233273E+1
-1.080099E+1
-9.996898E+0
-9.505918E+0
-9.198688E+0
-9.038458E+0
-8.972308E+0
-9.016408E+0
-9.151648E+0
-9.358918E+0
-9.633808E+0
-9.996898E+0
-1.045554E+1
-1.106706E+1
-1.191966E+1
-1.318680E+1
-1.598421E+1
-2.050005E+1
-2.050005E+1
-2.050005E+1
-2.050005E+1
-2.050005E+1
-2.050005E+1
-2.050005E+1
-1.493022E+1
-1.318680E+1
-1.228275E+1
-1.171974E+1
-1.121259E+1
-1.072749E+1
-1.021446E+1
-9.707308E+0
-9.210448E+0
-8.767978E+0
-8.382838E+0
-8.069728E+0
-7.828648E+0
-7.664008E+0
-7.565518E+0
-7.521418E+0
-7.527298E+0
-7.561108E+0
-7.611088E+0
-7.675768E+0
-7.736038E+0
-7.809538E+0
-7.899208E+0
-8.021218E+0
-8.209378E+0
-8.475448E+0
-8.857648E+0
-9.398608E+0
-1.013949E+1
-1.118319E+1
-1.284135E+1
-1.627380E+1
-2.050005E+1
-2.050005E+1
-1.549911E+1
-1.271787E+1
-1.130520E+1
-1.037322E+1
-9.692608E+0
-9.186928E+0
-8.806198E+0
-8.518078E+0
-8.294638E+0
-8.135878E+0
-8.021218E+0
-7.959478E+0
-7.933018E+0
-7.946248E+0
-7.980058E+0
-8.041798E+0
-8.128528E+0
-8.232898E+0
-8.357848E+0
-8.518078E+0
-8.719468E+0
-8.962018E+0
-9.235438E+0
-9.505918E+0
-9.752878E+0
-9.913108E+0
-9.946918E+0
-9.846958E+0
-9.663208E+0
-9.438298E+0
-9.235438E+0
-9.094318E+0
-9.038458E+0
-9.082558E+0
-9.235438E+0
-9.519148E+0
-9.929278E+0
-1.049964E+1
-1.124346E+1
-1.209312E+1
-1.304274E+1
-1.378803E+1
-1.399383E+1
-1.369101E+1
-1.326324E+1
-1.290750E+1
-1.271787E+1
-1.284135E+1
-1.334262E+1
-1.476852E+1
-2.050005E+1
-2.050005E+1
-2.050005E+1
-2.050005E+1
-2.050005E+1
-2.050005E+1
-2.050005E+1
-2.050005E+1
-2.050005E+1
-2.050005E+1
-2.050005E+1
-2.050005E+1
-2.050005E+1
-2.050005E+1
-2.050005E+1
-2.050005E+1
-2.050005E+1
-1.493022E+1
-1.209312E+1
-1.093035E+1
-1.021446E+1
-9.752878E+0
-9.451528E+0
-9.283948E+0
-9.235438E+0
-9.272188E+0
-9.398608E+0
-9.589708E+0
-9.830788E+0
-1.010274E+1
-1.043496E+1
-1.085244E+1
-1.136841E+1
-1.209312E+1
-1.318680E+1
-1.529331E+1
-2.050005E+1
-2.050005E+1
-2.050005E+1
-2.050005E+1
-2.050005E+1
-2.050005E+1
-2.050005E+1
-2.050005E+1
-2.050005E+1
-2.050005E+1
-2.050005E+1
-2.050005E+1
-2.050005E+1
-2.050005E+1
-2.050005E+1
-2.050005E+1
-2.050005E+1
-2.050005E+1
-2.050005E+1
-2.050005E+1
-2.050005E+1
-2.050005E+1
-2.050005E+1
-2.050005E+1
-2.050005E+1
-2.050005E+1
-2.050005E+1
-2.050005E+1
-2.050005E+1
-2.050005E+1
-2.050005E+1
-2.050005E+1
-2.050005E+1
-2.050005E+1
-2.050005E+1
-2.050005E+1
-2.050005E+1
-2.050005E+1
-1.627380E+1
-1.399383E+1
-1.304274E+1
-1.248855E+1
-1.213869E+1
-1.183734E+1
-1.157274E+1
-1.130520E+1
-1.098327E+1
-1.070397E+1
-1.045554E+1
-1.027326E+1
-1.015860E+1
-1.017624E+1
-1.031148E+1
-1.058784E+1
-1.103913E+1
-1.168152E+1
-1.260027E+1
-1.378803E+1
-1.549911E+1
-1.748949E+1
-2.050005E+1
-2.050005E+1
-2.050005E+1
-2.050005E+1
-2.050005E+1
-2.050005E+1
-2.050005E+1
-2.050005E+1
-2.050005E+1
-2.050005E+1
-2.050005E+1
-2.050005E+1
-2.050005E+1
-2.050005E+1
-2.050005E+1
-2.050005E+1
-2.050005E+1
-2.050005E+1
-2.050005E+1
-2.050005E+1
-2.050005E+1
-2.050005E+1
-2.050005E+1
-2.050005E+1
-1.410555E+1
-1.223277E+1
-1.124346E+1
-1.068045E+1
-1.035264E+1
-1.023357E+1
-1.031148E+1
-1.058784E+1
-1.118319E+1
-1.233273E+1
-1.627380E+1
-2.050005E+1
-2.050005E+1
-2.050005E+1
-2.050005E+1
-2.050005E+1
-2.050005E+1
-2.050005E+1
-2.050005E+1
-2.050005E+1
-2.050005E+1
-1.461858E+1
-1.143456E+1
-1.025268E+1
-9.547078E+0
-9.116368E+0
-8.857648E+0
-8.728288E+0
-8.681248E+0
-8.690068E+0
-8.738578E+0
-8.806198E+0
-8.888518E+0
-8.982598E+0
-9.082558E+0
-9.222208E+0
-9.438298E+0
-9.738178E+0
-1.015860E+1
-1.077747E+1
-1.171974E+1
-1.334262E+1
-2.050005E+1
-2.050005E+1
-2.050005E+1
-2.050005E+1
-2.050005E+1
-2.050005E+1
-1.748949E+1
-1.311330E+1
-1.164477E+1
-1.080099E+1
-1.025268E+1
-9.913108E+0
-9.738178E+0
-9.677908E+0
-9.722008E+0
-9.846958E+0
-1.001454E+1
-1.015860E+1
-1.023357E+1
-1.017624E+1
-1.001454E+1
-9.752878E+0
-9.438298E+0
-9.116368E+0
-8.847358E+0
-8.625388E+0
-8.466628E+0
-8.374018E+0
-8.357848E+0
-8.415178E+0
-8.562178E+0
-8.806198E+0
-9.151648E+0
-9.648508E+0
-1.031148E+1
-1.127433E+1
-1.271787E+1
-1.598421E+1
-2.050005E+1
-2.050005E+1
-2.050005E+1
-2.050005E+1
-2.050005E+1
-1.572843E+1
-1.290750E+1
-1.160802E+1
-1.068045E+1
-9.980728E+0
-9.438298E+0
-9.004648E+0
-8.662138E+0
-8.399008E+0
-8.202028E+0
-8.069728E+0
-8.000638E+0
-7.987408E+0
-8.000638E+0
-8.049148E+0
-8.106478E+0
-8.179978E+0
-8.254948E+0
-8.341678E+0
-8.448988E+0
-8.579818E+0
-8.767978E+0
-9.016408E+0
-9.322168E+0
-9.707308E+0
-1.017624E+1
-1.070397E+1
-1.130520E+1
-1.200492E+1
-1.284135E+1
-1.422315E+1
-1.899477E+1
-2.050005E+1
-2.050005E+1
-2.050005E+1
-2.050005E+1
-2.050005E+1
-2.050005E+1
-2.050005E+1
-2.050005E+1
-2.050005E+1
-2.050005E+1
-2.050005E+1
-2.050005E+1
-2.050005E+1
-1.359840E+1
-1.223277E+1
-1.171974E+1
-1.164477E+1
-1.191966E+1
-1.271787E+1
-1.461858E+1
-2.050005E+1
-2.050005E+1
-2.050005E+1
-2.050005E+1
-2.050005E+1
-2.050005E+1
-2.050005E+1
-2.050005E+1
-2.050005E+1
-2.050005E+1
-2.050005E+1
-2.050005E+1
-2.050005E+1
-2.050005E+1
-2.050005E+1
-2.050005E+1
-2.050005E+1
-2.050005E+1
-2.050005E+1
-2.050005E+1
-2.050005E+1
-2.050005E+1
-2.050005E+1
-2.050005E+1
-2.050005E+1
-2.050005E+1
-2.050005E+1
-2.050005E+1
-2.050005E+1
-2.050005E+1
-2.050005E+1
-2.050005E+1
-2.050005E+1
-1.233273E+1
-1.068045E+1
-9.799918E+0
-9.235438E+0
-8.867938E+0
-8.653318E+0
-8.535718E+0
-8.518078E+0
-8.570998E+0
-8.700358E+0
-8.898808E+0
-9.151648E+0
-9.464758E+0
-9.830788E+0
-1.027326E+1
-1.075248E+1
-1.130520E+1
-1.191966E+1
-1.265907E+1
-1.369101E+1
-1.510368E+1
-2.050005E+1
-2.050005E+1
-2.050005E+1
-2.050005E+1
-2.050005E+1
-2.050005E+1
-1.461858E+1
-1.260027E+1
-1.146837E+1
-1.072749E+1
-1.029237E+1
-1.006746E+1
-1.004982E+1
-1.025268E+1
-1.070397E+1
-1.153746E+1
-1.326324E+1
-2.050005E+1
-2.050005E+1
-2.050005E+1
-2.050005E+1
-2.050005E+1
-2.050005E+1
-2.050005E+1
-2.050005E+1
-2.050005E+1
-2.050005E+1
-2.050005E+1
-1.304274E+1
-1.146837E+1
-1.056579E+1
-9.946918E+0
-9.505918E+0
-9.210448E+0
-9.004648E+0
-8.898808E+0
-8.878228E+0
-8.939968E+0
-9.082558E+0
-9.272188E+0
-9.519148E+0
-9.816088E+0
-1.012185E+1
-1.041438E+1
-1.072749E+1
-1.101120E+1
-1.130520E+1
-1.160802E+1
-1.204902E+1
-1.265907E+1
-1.359840E+1
-1.549911E+1
-2.050005E+1
-2.050005E+1
-2.050005E+1
-2.050005E+1
-2.050005E+1
-2.050005E+1
-2.050005E+1
-2.050005E+1
-2.050005E+1
-2.050005E+1
-2.050005E+1
-2.050005E+1
-2.050005E+1
-2.050005E+1
-2.050005E+1
-2.050005E+1
-2.050005E+1
-1.304274E+1
-1.157274E+1
-1.077747E+1
-1.025268E+1
-9.896938E+0
-9.663208E+0
-9.505918E+0
-9.438298E+0
-9.425068E+0
-9.477988E+0
-9.619108E+0
-9.799918E+0
-1.003218E+1
-1.033206E+1
-1.068045E+1
-1.112439E+1
-1.157274E+1
-1.204902E+1
-1.248855E+1
-1.277961E+1
-1.297365E+1
-1.304274E+1
-1.304274E+1
-1.311330E+1
-1.351020E+1
-1.461858E+1
-1.899477E+1
-2.050005E+1
-2.050005E+1
-2.050005E+1
-2.050005E+1
-2.050005E+1
-2.050005E+1
-2.050005E+1
-2.050005E+1
-2.050005E+1
-2.050005E+1
-2.050005E+1
-2.050005E+1
-2.050005E+1
-2.050005E+1
-2.050005E+1
-2.050005E+1
-2.050005E+1
-1.434663E+1
-1.238271E+1
-1.150218E+1
-1.101120E+1
-1.072749E+1
-1.063341E+1
-1.070397E+1
-1.090389E+1
-1.121259E+1
-1.160802E+1
-1.209312E+1
-1.265907E+1
-1.311330E+1
-1.311330E+1
-1.265907E+1
-1.196082E+1
-1.130520E+1
-1.070397E+1
-1.019535E+1
-9.799918E+0
-9.519148E+0
-9.322168E+0
-9.198688E+0
-9.128128E+0
-9.094318E+0
-9.094318E+0
-9.116368E+0
-9.139888E+0
-9.151648E+0
-9.151648E+0
-9.139888E+0
-9.116368E+0
-9.082558E+0
-9.026698E+0
-8.982598E+0
-8.950258E+0
-8.939968E+0
-8.950258E+0
-8.982598E+0
-9.060508E+0
-9.175168E+0
-9.295708E+0
-9.411838E+0
-9.505918E+0
-9.533848E+0
-9.505918E+0
-9.425068E+0
-9.308938E+0
-9.198688E+0
-9.128128E+0
-9.116368E+0
-9.198688E+0
-9.411838E+0
-9.783748E+0
-1.037322E+1
-1.130520E+1
-1.318680E+1
-2.050005E+1
-2.050005E+1
-2.050005E+1
-2.050005E+1
-2.050005E+1
-2.050005E+1
-2.050005E+1
-2.050005E+1
-2.050005E+1
-2.050005E+1
-2.050005E+1
-2.050005E+1
-1.284135E+1
-1.112439E+1
-1.023357E+1
-9.677908E+0
-9.347158E+0
-9.186928E+0
-9.175168E+0
-9.295708E+0
-9.575008E+0
-1.003218E+1
-1.068045E+1
-1.160802E+1
-1.284135E+1
-1.461858E+1
-1.748949E+1
-2.050005E+1
-1.700439E+1
-1.510368E+1
-1.422315E+1
-1.388799E+1
-1.434663E+1
-1.660896E+1
-2.050005E+1
-2.050005E+1
-2.050005E+1
-2.050005E+1
-2.050005E+1
-2.050005E+1
-2.050005E+1
-2.050005E+1
-2.050005E+1
-2.050005E+1
-1.369101E+1
-1.228275E+1
-1.164477E+1
-1.143456E+1
-1.153746E+1
-1.196082E+1
-1.277961E+1
-1.476852E+1
-2.050005E+1
-2.050005E+1
-2.050005E+1
-2.050005E+1
-2.050005E+1
-2.050005E+1
-2.050005E+1
-2.050005E+1
-2.050005E+1
-2.050005E+1
-2.050005E+1
-2.050005E+1
-2.050005E+1
-1.627380E+1
-1.399383E+1
-1.297365E+1
-1.223277E+1
-1.175796E+1
-1.140222E+1
-1.121259E+1
-1.115379E+1
-1.124346E+1
-1.146837E+1
-1.183734E+1
-1.238271E+1
-1.304274E+1
-1.388799E+1
-1.493022E+1
-1.598421E+1
-1.660896E+1
-1.748949E+1
-2.050005E+1
-2.050005E+1
-2.050005E+1
-2.050005E+1
-2.050005E+1
-2.050005E+1
-2.050005E+1
-2.050005E+1
-2.050005E+1
-2.050005E+1
-2.050005E+1
-2.050005E+1
-2.050005E+1
-2.050005E+1
-2.050005E+1
-2.050005E+1
-1.434663E+1
-1.168152E+1
-1.052169E+1
-9.783748E+0
-9.322168E+0
-9.038458E+0
-8.909098E+0
-8.929678E+0
-9.094318E+0
-9.398608E+0
-9.896938E+0
-1.060989E+1
-1.164477E+1
-1.326324E+1
-1.700439E+1
-2.050005E+1
-2.050005E+1
-1.748949E+1
-1.359840E+1
-1.204902E+1
-1.106706E+1
-1.039380E+1
-9.946918E+0
-9.633808E+0
-9.438298E+0
-9.295708E+0
-9.210448E+0
-9.151648E+0
-9.094318E+0
-9.026698E+0
-8.950258E+0
-8.857648E+0
-8.757688E+0
-8.662138E+0
-8.579818E+0
-8.518078E+0
-8.491618E+0
-8.509258E+0
-8.579818E+0
-8.719468E+0
-8.929678E+0
-9.222208E+0
-9.633808E+0
-1.019535E+1
-1.101120E+1
-1.228275E+1
-1.549911E+1
-2.050005E+1
-2.050005E+1
-2.050005E+1
-2.050005E+1
-2.050005E+1
-2.050005E+1
-2.050005E+1
-2.050005E+1
-2.050005E+1
-1.572843E+1
-1.254441E+1
-1.140222E+1
-1.077747E+1
-1.041438E+1
-1.023357E+1
-1.023357E+1
-1.041438E+1
-1.075248E+1
-1.130520E+1
-1.213869E+1
-1.342494E+1
-1.598421E+1
-2.050005E+1
-2.050005E+1
-2.050005E+1
-1.510368E+1
-1.342494E+1
-1.238271E+1
-1.171974E+1
-1.130520E+1
-1.106706E+1
-1.093035E+1
-1.082745E+1
-1.070397E+1
-1.056579E+1
-1.039380E+1
-1.019535E+1
-1.001454E+1
-9.879298E+0
-9.816088E+0
-9.830788E+0
-9.929278E+0
-1.012185E+1
-1.037322E+1
-1.070397E+1
-1.109499E+1
-1.150218E+1
-1.200492E+1
-1.265907E+1
-1.369101E+1
-1.598421E+1
-2.050005E+1
-2.050005E+1
-2.050005E+1
-2.050005E+1
-2.050005E+1
-2.050005E+1
-2.050005E+1
-2.050005E+1
-1.326324E+1
-1.164477E+1
-1.065693E+1
-9.980728E+0
-9.477988E+0
-9.128128E+0
-8.888518E+0
-8.738578E+0
-8.690068E+0
-8.709178E+0
-8.806198E+0
-8.950258E+0
-9.128128E+0
-9.308938E+0
-9.451528E+0
-9.561778E+0
-9.589708E+0
-9.561778E+0
-9.477988E+0
-9.358918E+0
-9.222208E+0
-9.104608E+0
-8.982598E+0
-8.898808E+0
-8.837068E+0
-8.806198E+0
-8.816488E+0
-8.857648E+0
-8.919388E+0
-9.026698E+0
-9.163408E+0
-9.347158E+0
-9.589708E+0
-9.929278E+0
-1.041438E+1
-1.112439E+1
-1.238271E+1
-1.572843E+1
-2.050005E+1
-2.050005E+1
-2.050005E+1
-2.050005E+1
-2.050005E+1
-2.050005E+1
-2.050005E+1
-2.050005E+1
-2.050005E+1
-2.050005E+1
-2.050005E+1
-2.050005E+1
-2.050005E+1
-2.050005E+1
-2.050005E+1
-2.050005E+1
-2.050005E+1
-2.050005E+1
-2.050005E+1
-2.050005E+1
-2.050005E+1
-2.050005E+1
-2.050005E+1
-2.050005E+1
-2.050005E+1
-2.050005E+1
-2.050005E+1
-2.050005E+1
-2.050005E+1
-2.050005E+1
-2.050005E+1
-2.050005E+1
-1.627380E+1
-1.447893E+1
-1.388799E+1
-1.359840E+1
-1.369101E+1
-1.378803E+1
-1.399383E+1
-1.410555E+1
-1.410555E+1
-1.410555E+1
-1.399383E+1
-1.388799E+1
-1.378803E+1
-1.369101E+1
-1.351020E+1
-1.318680E+1
-1.271787E+1
-1.223277E+1
-1.171974E+1
-1.124346E+1
-1.085244E+1
-1.056579E+1
-1.037322E+1
-1.031148E+1
-1.033206E+1
-1.049964E+1
-1.080099E+1
-1.124346E+1
-1.183734E+1
-1.265907E+1
-1.359840E+1
-1.476852E+1
-1.598421E+1
-1.660896E+1
-1.627380E+1
-1.549911E+1
-1.493022E+1
-1.434663E+1
-1.378803E+1
-1.318680E+1
-1.265907E+1
-1.204902E+1
-1.153746E+1
-1.112439E+1
-1.082745E+1
-1.065693E+1
-1.065693E+1
-1.082745E+1
-1.127433E+1
-1.218573E+1
-1.447893E+1
-2.050005E+1
-2.050005E+1
-2.050005E+1
-2.050005E+1
-2.050005E+1
-2.050005E+1
-2.050005E+1
-2.050005E+1
-2.050005E+1
-2.050005E+1
-2.050005E+1
-2.050005E+1
-2.050005E+1
-2.050005E+1
-2.050005E+1
-1.476852E+1
-1.228275E+1
-1.121259E+1
-1.056579E+1
-1.017624E+1
-9.980728E+0
-9.963088E+0
-1.013949E+1
-1.056579E+1
-1.130520E+1
-1.265907E+1
-1.660896E+1
-2.050005E+1
-2.050005E+1
-2.050005E+1
-2.050005E+1
-2.050005E+1
-2.050005E+1
-1.572843E+1
-1.334262E+1
-1.254441E+1
-1.223277E+1
-1.233273E+1
-1.271787E+1
-1.359840E+1
-1.529331E+1
-2.050005E+1
-2.050005E+1
-2.050005E+1
-2.050005E+1
-2.050005E+1
-2.050005E+1
-2.050005E+1
-2.050005E+1
-2.050005E+1
-2.050005E+1
-2.050005E+1
-2.050005E+1
-2.050005E+1
-2.050005E+1
-2.050005E+1
-2.050005E+1
-2.050005E+1
-2.050005E+1
-2.050005E+1
-2.050005E+1
-1.660896E+1
-1.461858E+1
-1.399383E+1
-1.378803E+1
-1.378803E+1
-1.369101E+1
-1.369101E+1
-1.342494E+1
-1.297365E+1
-1.248855E+1
-1.200492E+1
-1.168152E+1
-1.140222E+1
-1.118319E+1
-1.101120E+1
-1.090389E+1
-1.085244E+1
-1.082745E+1
-1.085244E+1
-1.090389E+1
-1.103913E+1
-1.124346E+1
-1.150218E+1
-1.179765E+1
-1.209312E+1
-1.238271E+1
-1.260027E+1
-1.277961E+1
-1.297365E+1
-1.351020E+1
-1.476852E+1
-2.050005E+1
-2.050005E+1
-2.050005E+1
-2.050005E+1
-2.050005E+1
-2.050005E+1
-2.050005E+1
-2.050005E+1
-2.050005E+1
-2.050005E+1
-2.050005E+1
-2.050005E+1
-2.050005E+1
-2.050005E+1
-2.050005E+1
-2.050005E+1
-2.050005E+1
-2.050005E+1
-2.050005E+1
-2.050005E+1
-2.050005E+1
-2.050005E+1
-2.050005E+1
-2.050005E+1
-2.050005E+1
-2.050005E+1
-2.050005E+1
-2.050005E+1
-2.050005E+1
-2.050005E+1
-2.050005E+1
-2.050005E+1
-2.050005E+1
-2.050005E+1
-2.050005E+1
-2.050005E+1
-2.050005E+1
-2.050005E+1
-1.359840E+1
-1.243563E+1
-1.183734E+1
-1.150218E+1
-1.130520E+1
-1.121259E+1
-1.121259E+1
-1.127433E+1
-1.143456E+1
-1.168152E+1
-1.204902E+1
-1.260027E+1
-1.326324E+1
-1.399383E+1
-1.447893E+1
-1.422315E+1
-1.342494E+1
-1.243563E+1
-1.153746E+1
-1.087743E+1
-1.035264E+1
-9.946918E+0
-9.677908E+0
-9.492688E+0
-9.398608E+0
-9.385378E+0
-9.438298E+0
-9.575008E+0
-9.816088E+0
-1.019535E+1
-1.080099E+1
-1.187850E+1
-1.461858E+1
-2.050005E+1
-2.050005E+1
-2.050005E+1
-2.050005E+1
-2.050005E+1
-2.050005E+1
-2.050005E+1
-2.050005E+1
-2.050005E+1
-2.050005E+1
-2.050005E+1
-2.050005E+1
-2.050005E+1
-1.549911E+1
-1.326324E+1
-1.254441E+1
-1.243563E+1
-1.277961E+1
-1.359840E+1
-1.572843E+1
-2.050005E+1
-2.050005E+1
-2.050005E+1
-2.050005E+1
-2.050005E+1
-2.050005E+1
-2.050005E+1
-2.050005E+1
-2.050005E+1
-2.050005E+1
-2.050005E+1
-2.050005E+1
-2.050005E+1
-2.050005E+1
-2.050005E+1
-2.050005E+1
-2.050005E+1
-2.050005E+1
-1.378803E+1
-1.153746E+1
-1.049964E+1
-9.863128E+0
-9.464758E+0
-9.222208E+0
-9.094318E+0
-9.070798E+0
-9.128128E+0
-9.258958E+0
-9.425068E+0
-9.604408E+0
-9.799918E+0
-9.996898E+0
-1.017624E+1
-1.031148E+1
-1.041438E+1
-1.052169E+1
-1.060989E+1
-1.075248E+1
-1.093035E+1
-1.118319E+1
-1.153746E+1
-1.213869E+1
-1.311330E+1
-1.549911E+1
-2.050005E+1
-2.050005E+1
-2.050005E+1
-2.050005E+1
-2.050005E+1
-2.050005E+1
-2.050005E+1
-2.050005E+1
-1.572843E+1
-1.223277E+1
-1.098327E+1
-1.031148E+1
-9.946918E+0
-9.783748E+0
-9.799918E+0
-9.963088E+0
-1.029237E+1
-1.080099E+1
-1.150218E+1
-1.248855E+1
-1.410555E+1
-1.748949E+1
-2.050005E+1
-2.050005E+1
-2.050005E+1
-1.598421E+1
-1.334262E+1
-1.191966E+1
-1.098327E+1
-1.027326E+1
-9.752878E+0
-9.358918E+0
-9.094318E+0
-8.919388E+0
-8.837068E+0
-8.826778E+0
-8.898808E+0
-9.048748E+0
-9.247198E+0
-9.519148E+0
-9.846958E+0
-1.027326E+1
-1.077747E+1
-1.136841E+1
-1.204902E+1
-1.297365E+1
-1.434663E+1
-1.700439E+1
-2.050005E+1
-2.050005E+1
-2.050005E+1
-2.050005E+1
-1.549911E+1
-1.359840E+1
-1.248855E+1
-1.175796E+1
-1.130520E+1
-1.101120E+1
-1.090389E+1
-1.098327E+1
-1.127433E+1
-1.183734E+1
-1.297365E+1
-1.598421E+1
-2.050005E+1
-2.050005E+1
-2.050005E+1
-2.050005E+1
-2.050005E+1
-2.050005E+1
-2.050005E+1
-2.050005E+1
-2.050005E+1
-2.050005E+1
-2.050005E+1
-2.050005E+1
-2.050005E+1
-2.050005E+1
-2.050005E+1
-2.050005E+1
-2.050005E+1
-2.050005E+1
-2.050005E+1
-2.050005E+1
-2.050005E+1
-1.899477E+1
-1.700439E+1
-1.598421E+1
-1.493022E+1
-1.388799E+1
-1.311330E+1
-1.254441E+1
-1.213869E+1
-1.191966E+1
-1.187850E+1
-1.196082E+1
-1.218573E+1
-1.248855E+1
-1.284135E+1
-1.318680E+1
-1.351020E+1
-1.378803E+1
-1.434663E+1
-1.572843E+1
-2.050005E+1
-2.050005E+1
-2.050005E+1
-2.050005E+1
-2.050005E+1
-2.050005E+1
-2.050005E+1
-2.050005E+1
-2.050005E+1
-2.050005E+1
-2.050005E+1
-1.290750E+1
-1.124346E+1
-1.037322E+1
-9.846958E+0
-9.533848E+0
-9.372148E+0
-9.308938E+0
-9.347158E+0
-9.451528E+0
-9.619108E+0
-9.846958E+0
-1.010274E+1
-1.041438E+1
-1.075248E+1
-1.115379E+1
-1.164477E+1
-1.228275E+1
-1.318680E+1
-1.476852E+1
-2.050005E+1
-2.050005E+1
-2.050005E+1
-2.050005E+1
-2.050005E+1
-2.050005E+1
-2.050005E+1
-2.050005E+1
-2.050005E+1
