Date/Time	2022-06-22 14:30:24
Line location	3
Line name	C1
OTDR wavelength [nm]	1625
OTDR pulse duration [ns]	2
OTDR scan time [s]	10
OTDR scan length [m]	1.500000E+2
Length offset [m]	0.000000E+0
Length increment [m]	3.996806E-2
Switch ID	VIAVI Solutions,OTU 8000E,11654,FO,16.76
OTDR ID	JDSU,OTU 8000E,11654,OTU(SmartOTU),V7.22

Reflected amplitude [dB]
1.373752E+0
1.309072E+0
1.234102E+0
1.162072E+0
1.103272E+0
1.057702E+0
1.045942E+0
1.107682E+0
1.250272E+0
1.441372E+0
1.661872E+0
1.907362E+0
2.144032E+0
2.339542E+0
2.485072E+0
2.589442E+0
2.662942E+0
2.705572E+0
2.707042E+0
2.664412E+0
2.585032E+0
2.470372E+0
2.326312E+0
2.158732E+0
1.964692E+0
1.741252E+0
1.497232E+0
1.259092E+0
1.041532E+0
8.430820E-1
6.652120E-1
5.167420E-1
3.962020E-1
2.991820E-1
2.212720E-1
1.565920E-1
1.007320E-1
5.075200E-2
3.712000E-3
-4.185800E-2
-8.595800E-2
-1.285880E-1
-1.697480E-1
-2.050280E-1
-2.373680E-1
-2.638280E-1
-2.814680E-1
-2.932280E-1
-2.976380E-1
-2.961680E-1
-2.917580E-1
-2.873480E-1
-2.844080E-1
-2.844080E-1
-2.888180E-1
-2.991080E-1
-3.138080E-1
-3.329180E-1
-3.549680E-1
-3.770180E-1
-4.005380E-1
-4.225880E-1
-4.416980E-1
-4.578680E-1
-4.696280E-1
-4.784480E-1
-4.828580E-1
-4.843280E-1
-4.813880E-1
-4.740380E-1
-4.622780E-1
-4.461080E-1
-4.240580E-1
-3.990680E-1
-3.696680E-1
-3.402680E-1
-3.108680E-1
-2.829380E-1
-2.594180E-1
-2.403080E-1
-2.270780E-1
-2.211980E-1
-2.211980E-1
-2.285480E-1
-2.403080E-1
-2.564780E-1
-2.741180E-1
-2.961680E-1
-3.182180E-1
-3.417380E-1
-3.652580E-1
-3.873080E-1
-4.108280E-1
-4.343480E-1
-4.578680E-1
-4.799180E-1
-5.034380E-1
-5.254880E-1
-5.475380E-1
-5.695880E-1
-5.901680E-1
-6.107480E-1
-6.283880E-1
-6.430880E-1
-6.548480E-1
-6.666080E-1
-6.754280E-1
-6.827780E-1
-6.915980E-1
-7.004180E-1
-7.107080E-1
-7.239380E-1
-7.356980E-1
-7.489280E-1
-7.592180E-1
-7.680380E-1
-7.724480E-1
-7.739180E-1
-7.709780E-1
-7.650980E-1
-7.577480E-1
-7.503980E-1
-7.415780E-1
-7.356980E-1
-7.312880E-1
-7.298180E-1
-7.283480E-1
-7.298180E-1
-7.312880E-1
-7.327580E-1
-7.327580E-1
-7.312880E-1
-7.283480E-1
-7.224680E-1
-7.136480E-1
-7.048280E-1
-6.960080E-1
-6.871880E-1
-6.783680E-1
-6.724880E-1
-6.680780E-1
-6.636680E-1
-6.592580E-1
-6.533780E-1
-6.445580E-1
-6.313280E-1
-6.151580E-1
-5.916380E-1
-5.548880E-1
-5.004980E-1
-4.196480E-1
-3.064580E-1
-1.785680E-1
-5.949800E-2
3.752200E-2
1.110220E-1
1.639420E-1
1.992220E-1
2.198020E-1
2.300920E-1
2.286220E-1
2.168620E-1
1.889320E-1
1.404220E-1
7.721200E-2
9.592000E-3
-5.655800E-2
-1.227080E-1
-1.873880E-1
-2.505980E-1
-3.079280E-1
-3.579080E-1
-4.005380E-1
-4.358180E-1
-4.637480E-1
-4.843280E-1
-4.990280E-1
-5.107880E-1
-5.181380E-1
-5.240180E-1
-5.313680E-1
-5.387180E-1
-5.475380E-1
-5.578280E-1
-5.681180E-1
-5.784080E-1
-5.872280E-1
-5.960480E-1
-6.019280E-1
-6.063380E-1
-6.092780E-1
-6.092780E-1
-6.078080E-1
-6.048680E-1
-6.019280E-1
-5.989880E-1
-5.960480E-1
-5.945780E-1
-5.960480E-1
-6.004580E-1
-6.048680E-1
-6.122180E-1
-6.195680E-1
-6.269180E-1
-6.313280E-1
-6.357380E-1
-6.372080E-1
-6.386780E-1
-6.372080E-1
-6.357380E-1
-6.327980E-1
-6.298580E-1
-6.254480E-1
-6.180980E-1
-6.092780E-1
-5.975180E-1
-5.842880E-1
-5.681180E-1
-5.534180E-1
-5.372480E-1
-5.240180E-1
-5.137280E-1
-5.078480E-1
-5.049080E-1
-5.049080E-1
-5.078480E-1
-5.122580E-1
-5.181380E-1
-5.240180E-1
-5.298980E-1
-5.343080E-1
-5.387180E-1
-5.431280E-1
-5.475380E-1
-5.519480E-1
-5.563580E-1
-5.607680E-1
-5.651780E-1
-5.681180E-1
-5.725280E-1
-5.754680E-1
-5.784080E-1
-5.828180E-1
-5.886980E-1
-5.945780E-1
-6.004580E-1
-6.078080E-1
-6.122180E-1
-6.166280E-1
-6.166280E-1
-6.151580E-1
-6.092780E-1
-6.004580E-1
-5.901680E-1
-5.784080E-1
-5.681180E-1
-5.592980E-1
-5.534180E-1
-5.504780E-1
-5.519480E-1
-5.563580E-1
-5.637080E-1
-5.739980E-1
-5.857580E-1
-5.989880E-1
-6.107480E-1
-6.239780E-1
-6.357380E-1
-6.460280E-1
-6.548480E-1
-6.621980E-1
-6.680780E-1
-6.739580E-1
-6.768980E-1
-6.783680E-1
-6.783680E-1
-6.798380E-1
-6.783680E-1
-6.768980E-1
-6.739580E-1
-6.695480E-1
-6.636680E-1
-6.548480E-1
-6.445580E-1
-6.327980E-1
-6.225080E-1
-6.107480E-1
-6.019280E-1
-5.975180E-1
-5.945780E-1
-5.960480E-1
-6.004580E-1
-6.063380E-1
-6.136880E-1
-6.210380E-1
-6.283880E-1
-6.342680E-1
-6.386780E-1
-6.416180E-1
-6.416180E-1
-6.416180E-1
-6.386780E-1
-6.342680E-1
-6.269180E-1
-6.195680E-1
-6.092780E-1
-5.989880E-1
-5.872280E-1
-5.769380E-1
-5.666480E-1
-5.563580E-1
-5.475380E-1
-5.416580E-1
-5.372480E-1
-5.343080E-1
-5.328380E-1
-5.343080E-1
-5.372480E-1
-5.401880E-1
-5.445980E-1
-5.475380E-1
-5.504780E-1
-5.534180E-1
-5.548880E-1
-5.548880E-1
-5.563580E-1
-5.592980E-1
-5.622380E-1
-5.681180E-1
-5.739980E-1
-5.798780E-1
-5.857580E-1
-5.916380E-1
-5.945780E-1
-5.945780E-1
-5.931080E-1
-5.901680E-1
-5.842880E-1
-5.798780E-1
-5.739980E-1
-5.695880E-1
-5.666480E-1
-5.637080E-1
-5.607680E-1
-5.592980E-1
-5.578280E-1
-5.548880E-1
-5.519480E-1
-5.475380E-1
-5.445980E-1
-5.416580E-1
-5.387180E-1
-5.387180E-1
-5.401880E-1
-5.431280E-1
-5.504780E-1
-5.592980E-1
-5.710580E-1
-5.828180E-1
-5.945780E-1
-6.048680E-1
-6.151580E-1
-6.239780E-1
-6.313280E-1
-6.372080E-1
-6.430880E-1
-6.474980E-1
-6.519080E-1
-6.548480E-1
-6.577880E-1
-6.577880E-1
-6.577880E-1
-6.563180E-1
-6.548480E-1
-6.504380E-1
-6.474980E-1
-6.430880E-1
-6.386780E-1
-6.342680E-1
-6.313280E-1
-6.254480E-1
-6.195680E-1
-6.122180E-1
-6.033980E-1
-5.945780E-1
-5.857580E-1
-5.769380E-1
-5.695880E-1
-5.637080E-1
-5.607680E-1
-5.607680E-1
-5.622380E-1
-5.666480E-1
-5.725280E-1
-5.784080E-1
-5.842880E-1
-5.901680E-1
-5.945780E-1
-5.960480E-1
-5.960480E-1
-5.945780E-1
-5.901680E-1
-5.828180E-1
-5.754680E-1
-5.681180E-1
-5.592980E-1
-5.519480E-1
-5.445980E-1
-5.372480E-1
-5.313680E-1
-5.254880E-1
-5.196080E-1
-5.137280E-1
-5.093180E-1
-5.049080E-1
-5.004980E-1
-4.990280E-1
-5.004980E-1
-5.034380E-1
-5.078480E-1
-5.151980E-1
-5.225480E-1
-5.313680E-1
-5.387180E-1
-5.475380E-1
-5.548880E-1
-5.622380E-1
-5.695880E-1
-5.769380E-1
-5.857580E-1
-5.960480E-1
-6.078080E-1
-6.180980E-1
-6.298580E-1
-6.401480E-1
-6.504380E-1
-6.577880E-1
-6.621980E-1
-6.651380E-1
-6.636680E-1
-6.607280E-1
-6.548480E-1
-6.474980E-1
-6.386780E-1
-6.327980E-1
-6.269180E-1
-6.254480E-1
-6.269180E-1
-6.327980E-1
-6.416180E-1
-6.548480E-1
-6.680780E-1
-6.813080E-1
-6.930680E-1
-7.018880E-1
-7.077680E-1
-7.092380E-1
-7.062980E-1
-7.018880E-1
-6.930680E-1
-6.842480E-1
-6.739580E-1
-6.651380E-1
-6.563180E-1
-6.504380E-1
-6.445580E-1
-6.401480E-1
-6.357380E-1
-6.313280E-1
-6.254480E-1
-6.166280E-1
-6.063380E-1
-5.945780E-1
-5.798780E-1
-5.637080E-1
-5.490080E-1
-5.357780E-1
-5.269580E-1
-5.225480E-1
-5.240180E-1
-5.313680E-1
-5.445980E-1
-5.622380E-1
-5.813480E-1
-6.019280E-1
-6.239780E-1
-6.430880E-1
-6.607280E-1
-6.768980E-1
-6.886580E-1
-6.974780E-1
-7.033580E-1
-7.062980E-1
-7.062980E-1
-7.048280E-1
-7.018880E-1
-6.960080E-1
-6.901280E-1
-6.842480E-1
-6.768980E-1
-6.710180E-1
-6.666080E-1
-6.636680E-1
-6.636680E-1
-6.651380E-1
-6.680780E-1
-6.710180E-1
-6.739580E-1
-6.768980E-1
-6.768980E-1
-6.739580E-1
-6.680780E-1
-6.592580E-1
-6.489680E-1
-6.357380E-1
-6.239780E-1
-6.122180E-1
-6.019280E-1
-5.931080E-1
-5.886980E-1
-5.872280E-1
-5.872280E-1
-5.901680E-1
-5.945780E-1
-6.004580E-1
-6.063380E-1
-6.136880E-1
-6.210380E-1
-6.254480E-1
-6.298580E-1
-6.313280E-1
-6.313280E-1
-6.298580E-1
-6.283880E-1
-6.254480E-1
-6.239780E-1
-6.254480E-1
-6.313280E-1
-6.386780E-1
-6.504380E-1
-6.636680E-1
-6.783680E-1
-6.901280E-1
-6.989480E-1
-7.033580E-1
-7.004180E-1
-6.930680E-1
-6.798380E-1
-6.621980E-1
-6.430880E-1
-6.225080E-1
-6.048680E-1
-5.901680E-1
-5.813480E-1
-5.769380E-1
-5.769380E-1
-5.828180E-1
-5.916380E-1
-6.033980E-1
-6.151580E-1
-6.269180E-1
-6.357380E-1
-6.430880E-1
-6.474980E-1
-6.489680E-1
-6.474980E-1
-6.445580E-1
-6.416180E-1
-6.372080E-1
-6.327980E-1
-6.313280E-1
-6.298580E-1
-6.313280E-1
-6.327980E-1
-6.372080E-1
-6.430880E-1
-6.504380E-1
-6.577880E-1
-6.651380E-1
-6.724880E-1
-6.768980E-1
-6.798380E-1
-6.813080E-1
-6.783680E-1
-6.739580E-1
-6.680780E-1
-6.607280E-1
-6.533780E-1
-6.445580E-1
-6.372080E-1
-6.313280E-1
-6.254480E-1
-6.210380E-1
-6.166280E-1
-6.136880E-1
-6.092780E-1
-6.048680E-1
-6.004580E-1
-5.960480E-1
-5.901680E-1
-5.872280E-1
-5.828180E-1
-5.798780E-1
-5.784080E-1
-5.784080E-1
-5.813480E-1
-5.886980E-1
-5.975180E-1
-6.107480E-1
-6.254480E-1
-6.430880E-1
-6.607280E-1
-6.768980E-1
-6.915980E-1
-7.018880E-1
-7.092380E-1
-7.136480E-1
-7.136480E-1
-7.092380E-1
-7.018880E-1
-6.930680E-1
-6.813080E-1
-6.666080E-1
-6.519080E-1
-6.372080E-1
-6.239780E-1
-6.107480E-1
-6.004580E-1
-5.931080E-1
-5.872280E-1
-5.828180E-1
-5.813480E-1
-5.784080E-1
-5.769380E-1
-5.739980E-1
-5.725280E-1
-5.710580E-1
-5.725280E-1
-5.754680E-1
-5.813480E-1
-5.901680E-1
-6.019280E-1
-6.136880E-1
-6.269180E-1
-6.372080E-1
-6.460280E-1
-6.504380E-1
-6.489680E-1
-6.445580E-1
-6.357380E-1
-6.239780E-1
-6.092780E-1
-5.945780E-1
-5.798780E-1
-5.666480E-1
-5.563580E-1
-5.475380E-1
-5.431280E-1
-5.416580E-1
-5.431280E-1
-5.475380E-1
-5.548880E-1
-5.622380E-1
-5.725280E-1
-5.813480E-1
-5.901680E-1
-5.989880E-1
-6.063380E-1
-6.122180E-1
-6.166280E-1
-6.195680E-1
-6.239780E-1
-6.283880E-1
-6.327980E-1
-6.386780E-1
-6.445580E-1
-6.489680E-1
-6.533780E-1
-6.563180E-1
-6.548480E-1
-6.519080E-1
-6.445580E-1
-6.357380E-1
-6.239780E-1
-6.136880E-1
-6.048680E-1
-5.989880E-1
-5.975180E-1
-5.989880E-1
-6.033980E-1
-6.136880E-1
-6.239780E-1
-6.372080E-1
-6.504380E-1
-6.621980E-1
-6.739580E-1
-6.842480E-1
-6.901280E-1
-6.945380E-1
-6.960080E-1
-6.945380E-1
-6.901280E-1
-6.827780E-1
-6.724880E-1
-6.592580E-1
-6.445580E-1
-6.298580E-1
-6.136880E-1
-6.004580E-1
-5.886980E-1
-5.813480E-1
-5.754680E-1
-5.739980E-1
-5.754680E-1
-5.798780E-1
-5.872280E-1
-5.945780E-1
-6.033980E-1
-6.107480E-1
-6.166280E-1
-6.210380E-1
-6.225080E-1
-6.210380E-1
-6.180980E-1
-6.122180E-1
-6.048680E-1
-5.989880E-1
-5.945780E-1
-5.916380E-1
-5.916380E-1
-5.960480E-1
-6.033980E-1
-6.151580E-1
-6.283880E-1
-6.401480E-1
-6.533780E-1
-6.636680E-1
-6.710180E-1
-6.739580E-1
-6.739580E-1
-6.695480E-1
-6.636680E-1
-6.563180E-1
-6.489680E-1
-6.416180E-1
-6.357380E-1
-6.313280E-1
-6.283880E-1
-6.269180E-1
-6.239780E-1
-6.225080E-1
-6.210380E-1
-6.180980E-1
-6.151580E-1
-6.136880E-1
-6.107480E-1
-6.107480E-1
-6.122180E-1
-6.151580E-1
-6.210380E-1
-6.283880E-1
-6.372080E-1
-6.445580E-1
-6.533780E-1
-6.592580E-1
-6.651380E-1
-6.695480E-1
-6.739580E-1
-6.768980E-1
-6.783680E-1
-6.813080E-1
-6.842480E-1
-6.857180E-1
-6.871880E-1
-6.886580E-1
-6.871880E-1
-6.842480E-1
-6.798380E-1
-6.739580E-1
-6.666080E-1
-6.592580E-1
-6.533780E-1
-6.474980E-1
-6.430880E-1
-6.416180E-1
-6.401480E-1
-6.401480E-1
-6.401480E-1
-6.386780E-1
-6.386780E-1
-6.372080E-1
-6.342680E-1
-6.313280E-1
-6.269180E-1
-6.239780E-1
-6.195680E-1
-6.166280E-1
-6.151580E-1
-6.151580E-1
-6.180980E-1
-6.210380E-1
-6.283880E-1
-6.357380E-1
-6.460280E-1
-6.563180E-1
-6.680780E-1
-6.783680E-1
-6.871880E-1
-6.945380E-1
-7.004180E-1
-7.033580E-1
-7.033580E-1
-7.004180E-1
-6.930680E-1
-6.842480E-1
-6.739580E-1
-6.621980E-1
-6.489680E-1
-6.386780E-1
-6.298580E-1
-6.254480E-1
-6.239780E-1
-6.254480E-1
-6.313280E-1
-6.372080E-1
-6.445580E-1
-6.504380E-1
-6.533780E-1
-6.533780E-1
-6.504380E-1
-6.430880E-1
-6.342680E-1
-6.225080E-1
-6.122180E-1
-6.033980E-1
-5.960480E-1
-5.916380E-1
-5.901680E-1
-5.916380E-1
-5.960480E-1
-6.004580E-1
-6.063380E-1
-6.136880E-1
-6.210380E-1
-6.283880E-1
-6.357380E-1
-6.430880E-1
-6.504380E-1
-6.577880E-1
-6.636680E-1
-6.695480E-1
-6.724880E-1
-6.754280E-1
-6.768980E-1
-6.783680E-1
-6.783680E-1
-6.783680E-1
-6.783680E-1
-6.783680E-1
-6.768980E-1
-6.754280E-1
-6.695480E-1
-6.621980E-1
-6.519080E-1
-6.386780E-1
-6.239780E-1
-6.078080E-1
-5.931080E-1
-5.813480E-1
-5.710580E-1
-5.637080E-1
-5.607680E-1
-5.607680E-1
-5.637080E-1
-5.666480E-1
-5.725280E-1
-5.784080E-1
-5.828180E-1
-5.886980E-1
-5.931080E-1
-5.989880E-1
-6.063380E-1
-6.136880E-1
-6.225080E-1
-6.327980E-1
-6.430880E-1
-6.563180E-1
-6.695480E-1
-6.813080E-1
-6.930680E-1
-7.048280E-1
-7.151180E-1
-7.239380E-1
-7.312880E-1
-7.356980E-1
-7.401080E-1
-7.401080E-1
-7.386380E-1
-7.342280E-1
-7.268780E-1
-7.209980E-1
-7.136480E-1
-7.077680E-1
-7.033580E-1
-7.004180E-1
-7.004180E-1
-7.018880E-1
-7.033580E-1
-7.033580E-1
-7.018880E-1
-6.960080E-1
-6.886580E-1
-6.768980E-1
-6.636680E-1
-6.489680E-1
-6.327980E-1
-6.180980E-1
-6.063380E-1
-5.960480E-1
-5.886980E-1
-5.842880E-1
-5.842880E-1
-5.872280E-1
-5.945780E-1
-6.063380E-1
-6.195680E-1
-6.357380E-1
-6.533780E-1
-6.695480E-1
-6.842480E-1
-6.960080E-1
-7.048280E-1
-7.077680E-1
-7.092380E-1
-7.062980E-1
-7.004180E-1
-6.930680E-1
-6.857180E-1
-6.768980E-1
-6.680780E-1
-6.592580E-1
-6.519080E-1
-6.430880E-1
-6.342680E-1
-6.269180E-1
-6.180980E-1
-6.092780E-1
-6.019280E-1
-5.945780E-1
-5.872280E-1
-5.798780E-1
-5.725280E-1
-5.666480E-1
-5.592980E-1
-5.534180E-1
-5.490080E-1
-5.445980E-1
-5.431280E-1
-5.431280E-1
-5.475380E-1
-5.548880E-1
-5.651780E-1
-5.769380E-1
-5.901680E-1
-6.019280E-1
-6.136880E-1
-6.225080E-1
-6.283880E-1
-6.313280E-1
-6.327980E-1
-6.327980E-1
-6.327980E-1
-6.313280E-1
-6.313280E-1
-6.327980E-1
-6.357380E-1
-6.401480E-1
-6.460280E-1
-6.533780E-1
-6.592580E-1
-6.651380E-1
-6.695480E-1
-6.724880E-1
-6.739580E-1
-6.739580E-1
-6.724880E-1
-6.695480E-1
-6.680780E-1
-6.651380E-1
-6.651380E-1
-6.666080E-1
-6.695480E-1
-6.739580E-1
-6.798380E-1
-6.871880E-1
-6.915980E-1
-6.945380E-1
-6.945380E-1
-6.915980E-1
-6.857180E-1
-6.754280E-1
-6.651380E-1
-6.548480E-1
-6.460280E-1
-6.401480E-1
-6.386780E-1
-6.386780E-1
-6.416180E-1
-6.474980E-1
-6.548480E-1
-6.607280E-1
-6.666080E-1
-6.724880E-1
-6.754280E-1
-6.783680E-1
-6.798380E-1
-6.783680E-1
-6.768980E-1
-6.724880E-1
-6.695480E-1
-6.651380E-1
-6.607280E-1
-6.563180E-1
-6.519080E-1
-6.489680E-1
-6.474980E-1
-6.489680E-1
-6.504380E-1
-6.548480E-1
-6.621980E-1
-6.724880E-1
-6.857180E-1
-7.033580E-1
-7.254080E-1
-7.533380E-1
-7.856780E-1
-8.238980E-1
-8.650580E-1
-9.120980E-1
-9.679580E-1
-1.038518E+0
-1.120838E+0
-1.213448E+0
-1.307528E+0
-1.395728E+0
-1.476578E+0
-1.550078E+0
-1.614758E+0
-1.669148E+0
-1.713248E+0
-1.745588E+0
-1.769108E+0
-1.785278E+0
-1.795568E+0
-1.802918E+0
-1.808798E+0
-1.814678E+0
-1.822028E+0
-1.829378E+0
-1.836728E+0
-1.845548E+0
-1.851428E+0
-1.858778E+0
-1.866128E+0
-1.872008E+0
-1.879358E+0
-1.886708E+0
-1.894058E+0
-1.901408E+0
-1.905818E+0
-1.908758E+0
-1.908758E+0
-1.905818E+0
-1.898468E+0
-1.889648E+0
-1.879358E+0
-1.870538E+0
-1.864658E+0
-1.863188E+0
-1.866128E+0
-1.874948E+0
-1.885238E+0
-1.899938E+0
-1.913168E+0
-1.924928E+0
-1.933748E+0
-1.938158E+0
-1.941098E+0
-1.939628E+0
-1.936688E+0
-1.935218E+0
-1.935218E+0
-1.935218E+0
-1.938158E+0
-1.944038E+0
-1.949918E+0
-1.955798E+0
-1.960208E+0
-1.961678E+0
-1.963148E+0
-1.964618E+0
-1.964618E+0
-1.964618E+0
-1.966088E+0
-1.969028E+0
-1.973438E+0
-1.977848E+0
-1.980788E+0
-1.983728E+0
-1.985198E+0
-1.986668E+0
-1.986668E+0
-1.988138E+0
-1.991078E+0
-1.994018E+0
-1.999898E+0
-2.004308E+0
-2.008718E+0
-2.011658E+0
-2.013128E+0
-2.011658E+0
-2.008718E+0
-2.002838E+0
-1.996958E+0
-1.989608E+0
-1.982258E+0
-1.976378E+0
-1.971968E+0
-1.969028E+0
-1.967558E+0
-1.967558E+0
-1.969028E+0
-1.971968E+0
-1.976378E+0
-1.980788E+0
-1.988138E+0
-1.995488E+0
-2.005778E+0
-2.017538E+0
-2.032238E+0
-2.048408E+0
-2.066048E+0
-2.086628E+0
-2.107208E+0
-2.129258E+0
-2.149838E+0
-2.167478E+0
-2.183648E+0
-2.196878E+0
-2.205698E+0
-2.211578E+0
-2.213048E+0
-2.211578E+0
-2.211578E+0
-2.208638E+0
-2.205698E+0
-2.202758E+0
-2.199818E+0
-2.195408E+0
-2.189528E+0
-2.180708E+0
-2.170418E+0
-2.157188E+0
-2.143958E+0
-2.130728E+0
-2.121908E+0
-2.114558E+0
-2.111618E+0
-2.111618E+0
-2.113088E+0
-2.114558E+0
-2.113088E+0
-2.108678E+0
-2.101328E+0
-2.091038E+0
-2.079278E+0
-2.070458E+0
-2.064578E+0
-2.064578E+0
-2.073398E+0
-2.089568E+0
-2.114558E+0
-2.142488E+0
-2.174828E+0
-2.205698E+0
-2.235098E+0
-2.257148E+0
-2.271848E+0
-2.279198E+0
-2.279198E+0
-2.273318E+0
-2.261558E+0
-2.248328E+0
-2.233628E+0
-2.218928E+0
-2.205698E+0
-2.193938E+0
-2.182178E+0
-2.173358E+0
-2.166008E+0
-2.160128E+0
-2.155718E+0
-2.152778E+0
-2.149838E+0
-2.149838E+0
-2.151308E+0
-2.152778E+0
-2.154248E+0
-2.157188E+0
-2.160128E+0
-2.163068E+0
-2.167478E+0
-2.170418E+0
-2.176298E+0
-2.183648E+0
-2.192468E+0
-2.204228E+0
-2.217458E+0
-2.232158E+0
-2.249798E+0
-2.270378E+0
-2.289488E+0
-2.310068E+0
-2.330648E+0
-2.348288E+0
-2.365928E+0
-2.379158E+0
-2.390918E+0
-2.399738E+0
-2.407088E+0
-2.411498E+0
-2.412968E+0
-2.410028E+0
-2.402678E+0
-2.390918E+0
-2.373278E+0
-2.352698E+0
-2.329178E+0
-2.304188E+0
-2.282138E+0
-2.264498E+0
-2.251268E+0
-2.245388E+0
-2.243918E+0
-2.251268E+0
-2.261558E+0
-2.276258E+0
-2.293898E+0
-2.314478E+0
-2.335058E+0
-2.358578E+0
-2.385038E+0
-2.410028E+0
-2.436488E+0
-2.462948E+0
-2.487938E+0
-2.509988E+0
-2.529098E+0
-2.543798E+0
-2.557028E+0
-2.565848E+0
-2.574668E+0
-2.582018E+0
-2.586428E+0
-2.590838E+0
-2.590838E+0
-2.587898E+0
-2.583488E+0
-2.576138E+0
-2.568788E+0
-2.561438E+0
-2.554088E+0
-2.548208E+0
-2.545268E+0
-2.543798E+0
-2.539388E+0
-2.532038E+0
-2.521748E+0
-2.508518E+0
-2.493818E+0
-2.476178E+0
-2.461478E+0
-2.451188E+0
-2.446778E+0
-2.449718E+0
-2.458538E+0
-2.476178E+0
-2.499698E+0
-2.524688E+0
-2.548208E+0
-2.568788E+0
-2.582018E+0
-2.586428E+0
-2.582018E+0
-2.571728E+0
-2.557028E+0
-2.539388E+0
-2.523218E+0
-2.508518E+0
-2.498228E+0
-2.492348E+0
-2.489408E+0
-2.492348E+0
-2.498228E+0
-2.508518E+0
-2.524688E+0
-2.543798E+0
-2.565848E+0
-2.592308E+0
-2.621708E+0
-2.655518E+0
-2.689328E+0
-2.721668E+0
-2.752538E+0
-2.780468E+0
-2.802518E+0
-2.818688E+0
-2.826038E+0
-2.827508E+0
-2.821628E+0
-2.808398E+0
-2.790758E+0
-2.770178E+0
-2.745188E+0
-2.721668E+0
-2.695208E+0
-2.670218E+0
-2.646698E+0
-2.623178E+0
-2.602598E+0
-2.582018E+0
-2.564378E+0
-2.548208E+0
-2.532038E+0
-2.517338E+0
-2.504108E+0
-2.490878E+0
-2.477648E+0
-2.467358E+0
-2.458538E+0
-2.454128E+0
-2.454128E+0
-2.460008E+0
-2.470298E+0
-2.484998E+0
-2.504108E+0
-2.524688E+0
-2.546738E+0
-2.568788E+0
-2.589368E+0
-2.609948E+0
-2.627588E+0
-2.643758E+0
-2.658458E+0
-2.671688E+0
-2.684918E+0
-2.698148E+0
-2.711378E+0
-2.724608E+0
-2.737838E+0
-2.752538E+0
-2.764298E+0
-2.773118E+0
-2.780468E+0
-2.780468E+0
-2.777528E+0
-2.771648E+0
-2.765768E+0
-2.761358E+0
-2.762828E+0
-2.770178E+0
-2.783408E+0
-2.803988E+0
-2.826038E+0
-2.849558E+0
-2.871608E+0
-2.886308E+0
-2.896598E+0
-2.902478E+0
-2.901008E+0
-2.895128E+0
-2.887778E+0
-2.878958E+0
-2.868668E+0
-2.858378E+0
-2.849558E+0
-2.840738E+0
-2.834858E+0
-2.830448E+0
-2.828978E+0
-2.833388E+0
-2.840738E+0
-2.853968E+0
-2.873078E+0
-2.895128E+0
-2.920118E+0
-2.943638E+0
-2.964218E+0
-2.980388E+0
-2.989208E+0
-2.992148E+0
-2.989208E+0
-2.981858E+0
-2.971568E+0
-2.959808E+0
-2.949518E+0
-2.939228E+0
-2.930408E+0
-2.920118E+0
-2.909828E+0
-2.899538E+0
-2.890718E+0
-2.881898E+0
-2.876018E+0
-2.873078E+0
-2.874548E+0
-2.878958E+0
-2.884838E+0
-2.890718E+0
-2.893658E+0
-2.895128E+0
-2.893658E+0
-2.890718E+0
-2.889248E+0
-2.887778E+0
-2.889248E+0
-2.893658E+0
-2.901008E+0
-2.911298E+0
-2.921588E+0
-2.931878E+0
-2.939228E+0
-2.945108E+0
-2.948048E+0
-2.948048E+0
-2.945108E+0
-2.939228E+0
-2.933348E+0
-2.925998E+0
-2.918648E+0
-2.914238E+0
-2.912768E+0
-2.914238E+0
-2.917178E+0
-2.925998E+0
-2.937758E+0
-2.949518E+0
-2.961278E+0
-2.974508E+0
-2.986268E+0
-2.998028E+0
-3.008318E+0
-3.017138E+0
-3.025958E+0
-3.034778E+0
-3.043598E+0
-3.049478E+0
-3.052418E+0
-3.052418E+0
-3.048008E+0
-3.040658E+0
-3.027428E+0
-3.012728E+0
-2.996558E+0
-2.978918E+0
-2.967158E+0
-2.956868E+0
-2.952458E+0
-2.955398E+0
-2.959808E+0
-2.968628E+0
-2.978918E+0
-2.987738E+0
-2.993618E+0
-2.996558E+0
-2.993618E+0
-2.987738E+0
-2.981858E+0
-2.975978E+0
-2.973038E+0
-2.975978E+0
-2.981858E+0
-2.993618E+0
-3.009788E+0
-3.025958E+0
-3.039188E+0
-3.048008E+0
-3.048008E+0
-3.039188E+0
-3.021548E+0
-2.996558E+0
-2.968628E+0
-2.939228E+0
-2.915708E+0
-2.901008E+0
-2.898068E+0
-2.908358E+0
-2.933348E+0
-2.973038E+0
-3.023018E+0
-3.081818E+0
-3.145028E+0
-3.208238E+0
-3.268508E+0
-3.321428E+0
-3.366998E+0
-3.406688E+0
-3.437558E+0
-3.462548E+0
-3.484598E+0
-3.502238E+0
-3.513998E+0
-3.521348E+0
-3.521348E+0
-3.515468E+0
-3.499298E+0
-3.478718E+0
-3.449318E+0
-3.415508E+0
-3.378758E+0
-3.340538E+0
-3.302318E+0
-3.265568E+0
-3.230288E+0
-3.197948E+0
-3.165608E+0
-3.134738E+0
-3.105338E+0
-3.080348E+0
-3.061238E+0
-3.048008E+0
-3.043598E+0
-3.046538E+0
-3.058298E+0
-3.074468E+0
-3.096518E+0
-3.118568E+0
-3.139148E+0
-3.156788E+0
-3.170018E+0
-3.174428E+0
-3.174428E+0
-3.168548E+0
-3.158258E+0
-3.145028E+0
-3.133268E+0
-3.122978E+0
-3.118568E+0
-3.121508E+0
-3.133268E+0
-3.153848E+0
-3.181778E+0
-3.215588E+0
-3.252338E+0
-3.289088E+0
-3.318488E+0
-3.342008E+0
-3.355238E+0
-3.359648E+0
-3.355238E+0
-3.344948E+0
-3.330248E+0
-3.312608E+0
-3.294968E+0
-3.278798E+0
-3.265568E+0
-3.253808E+0
-3.244988E+0
-3.242048E+0
-3.242048E+0
-3.244988E+0
-3.252338E+0
-3.259688E+0
-3.268508E+0
-3.277328E+0
-3.281738E+0
-3.283208E+0
-3.280268E+0
-3.274388E+0
-3.264098E+0
-3.253808E+0
-3.242048E+0
-3.233228E+0
-3.228818E+0
-3.230288E+0
-3.236168E+0
-3.246458E+0
-3.259688E+0
-3.277328E+0
-3.294968E+0
-3.309668E+0
-3.322898E+0
-3.331718E+0
-3.334658E+0
-3.331718E+0
-3.324368E+0
-3.312608E+0
-3.299378E+0
-3.286148E+0
-3.275858E+0
-3.268508E+0
-3.268508E+0
-3.274388E+0
-3.286148E+0
-3.303788E+0
-3.325838E+0
-3.347888E+0
-3.365528E+0
-3.378758E+0
-3.381698E+0
-3.378758E+0
-3.368468E+0
-3.352298E+0
-3.334658E+0
-3.317018E+0
-3.303788E+0
-3.294968E+0
-3.292028E+0
-3.296438E+0
-3.303788E+0
-3.314078E+0
-3.325838E+0
-3.336128E+0
-3.343478E+0
-3.347888E+0
-3.349358E+0
-3.347888E+0
-3.344948E+0
-3.337598E+0
-3.328778E+0
-3.317018E+0
-3.305258E+0
-3.293498E+0
-3.283208E+0
-3.275858E+0
-3.274388E+0
-3.278798E+0
-3.289088E+0
-3.305258E+0
-3.325838E+0
-3.344948E+0
-3.365528E+0
-3.381698E+0
-3.391988E+0
-3.393458E+0
-3.390518E+0
-3.383168E+0
-3.374348E+0
-3.362588E+0
-3.355238E+0
-3.349358E+0
-3.350828E+0
-3.358178E+0
-3.368468E+0
-3.384638E+0
-3.402278E+0
-3.422858E+0
-3.443438E+0
-3.461078E+0
-3.477248E+0
-3.490478E+0
-3.503708E+0
-3.516938E+0
-3.530168E+0
-3.544868E+0
-3.563978E+0
-3.586028E+0
-3.611018E+0
-3.637478E+0
-3.660998E+0
-3.680108E+0
-3.693338E+0
-3.700688E+0
-3.702158E+0
-3.697748E+0
-3.691868E+0
-3.687458E+0
-3.685988E+0
-3.690398E+0
-3.696278E+0
-3.703628E+0
-3.710978E+0
-3.715388E+0
-3.712448E+0
-3.703628E+0
-3.690398E+0
-3.672758E+0
-3.655118E+0
-3.638948E+0
-3.627188E+0
-3.622778E+0
-3.622778E+0
-3.627188E+0
-3.636008E+0
-3.647768E+0
-3.660998E+0
-3.675698E+0
-3.691868E+0
-3.710978E+0
-3.731558E+0
-3.755078E+0
-3.777128E+0
-3.797708E+0
-3.815348E+0
-3.831518E+0
-3.843278E+0
-3.850628E+0
-3.856508E+0
-3.860918E+0
-3.862388E+0
-3.863858E+0
-3.862388E+0
-3.857978E+0
-3.849158E+0
-3.832988E+0
-3.816818E+0
-3.799178E+0
-3.783008E+0
-3.769778E+0
-3.762428E+0
-3.760958E+0
-3.766838E+0
-3.775658E+0
-3.790358E+0
-3.802118E+0
-3.815348E+0
-3.827108E+0
-3.834458E+0
-3.840338E+0
-3.843278E+0
-3.843278E+0
-3.840338E+0
-3.832988E+0
-3.824168E+0
-3.815348E+0
-3.806528E+0
-3.800648E+0
-3.800648E+0
-3.809468E+0
-3.828578E+0
-3.857978E+0
-3.897668E+0
-3.946178E+0
-3.996158E+0
-4.046138E+0
-4.087298E+0
-4.122578E+0
-4.144628E+0
-4.156388E+0
-4.157858E+0
-4.151978E+0
-4.143158E+0
-4.132868E+0
-4.124048E+0
-4.121108E+0
-4.121108E+0
-4.125518E+0
-4.132868E+0
-4.141688E+0
-4.147568E+0
-4.150508E+0
-4.147568E+0
-4.140218E+0
-4.125518E+0
-4.109348E+0
-4.090238E+0
-4.074068E+0
-4.060838E+0
-4.050548E+0
-4.049078E+0
-4.050548E+0
-4.059368E+0
-4.072598E+0
-4.087298E+0
-4.103468E+0
-4.121108E+0
-4.131398E+0
-4.129928E+0
-4.113758E+0
-4.078478E+0
-4.022618E+0
-3.949118E+0
-3.865328E+0
-3.781538E+0
-3.616898E+0
-3.203828E+0
-2.439428E+0
-1.420718E+0
-3.770180E-1
5.461420E-1
1.323772E+0
1.967632E+0
2.504182E+0
2.937832E+0
3.271522E+0
3.511132E+0
3.680182E+0
3.791902E+0
3.849232E+0
3.846292E+0
3.784552E+0
3.669892E+0
3.503782E+0
3.290632E+0
3.031912E+0
2.727622E+0
2.385112E+0
2.008792E+0
1.581022E+0
1.098862E+0
5.917120E-1
7.280200E-2
-4.519880E-1
-9.797180E-1
-1.514798E+0
-2.054288E+0
-2.579078E+0
-3.072998E+0
-3.527228E+0
-3.943238E+0
-4.322498E+0
-4.666478E+0
-4.976648E+0
-5.258888E+0
-5.519078E+0
-5.767508E+0
-6.012998E+0
-6.265838E+0
-6.539258E+0
-6.846488E+0
-7.193408E+0
-7.591778E+0
-8.053358E+0
-8.604608E+0
-9.252878E+0
-1.002169E+1
-1.086841E+1
-1.183273E+1
-1.284262E+1
-1.384663E+1
-1.443022E+1
-1.499911E+1
-1.577380E+1
-1.849477E+1
-2.000005E+1
-2.000005E+1
-2.000005E+1
-2.000005E+1
-2.000005E+1
-2.000005E+1
-2.000005E+1
-2.000005E+1
-2.000005E+1
-2.000005E+1
-2.000005E+1
-2.000005E+1
-2.000005E+1
-2.000005E+1
-2.000005E+1
-2.000005E+1
-2.000005E+1
-2.000005E+1
-2.000005E+1
-2.000005E+1
-1.610896E+1
-1.460368E+1
-1.443022E+1
-1.499911E+1
-1.548421E+1
-1.577380E+1
-1.479331E+1
-1.338799E+1
-1.221787E+1
-1.129765E+1
-1.062439E+1
-1.018045E+1
-9.934958E+0
-9.893798E+0
-1.002169E+1
-1.043035E+1
-1.118152E+1
-1.276324E+1
-2.000005E+1
-2.000005E+1
-2.000005E+1
-2.000005E+1
-2.000005E+1
-2.000005E+1
-2.000005E+1
-2.000005E+1
-2.000005E+1
-2.000005E+1
-2.000005E+1
-1.548421E+1
-1.360555E+1
-1.261330E+1
-1.183273E+1
-1.107274E+1
-1.043035E+1
-9.873218E+0
-9.396938E+0
-9.047078E+0
-8.808938E+0
-8.686928E+0
-8.686928E+0
-8.795708E+0
-9.047078E+0
-9.463088E+0
-1.008784E+1
-1.103746E+1
-1.261330E+1
-1.849477E+1
-2.000005E+1
-2.000005E+1
-2.000005E+1
-2.000005E+1
-2.000005E+1
-1.319101E+1
-1.114477E+1
-1.002169E+1
-9.283748E+0
-8.808938E+0
-8.504648E+0
-8.367938E+0
-8.357648E+0
-8.494358E+0
-8.758958E+0
-9.192608E+0
-9.792368E+0
-1.062439E+1
-1.173277E+1
-1.338799E+1
-1.610896E+1
-2.000005E+1
-1.610896E+1
-1.338799E+1
-1.178275E+1
-1.071259E+1
-9.934958E+0
-9.330788E+0
-8.885378E+0
-8.560508E+0
-8.347358E+0
-8.228288E+0
-8.219468E+0
-8.316488E+0
-8.526698E+0
-8.898608E+0
-9.480728E+0
-1.043035E+1
-1.221787E+1
-2.000005E+1
-2.000005E+1
-2.000005E+1
-2.000005E+1
-2.000005E+1
-2.000005E+1
-2.000005E+1
-2.000005E+1
-2.000005E+1
-2.000005E+1
-2.000005E+1
-2.000005E+1
-2.000005E+1
-2.000005E+1
-2.000005E+1
-2.000005E+1
-2.000005E+1
-2.000005E+1
-1.460368E+1
-1.261330E+1
-1.193563E+1
-1.178275E+1
-1.204441E+1
-1.284262E+1
-1.479331E+1
-2.000005E+1
-2.000005E+1
-2.000005E+1
-2.000005E+1
-2.000005E+1
-2.000005E+1
-2.000005E+1
-2.000005E+1
-2.000005E+1
-2.000005E+1
-2.000005E+1
-2.000005E+1
-2.000005E+1
-2.000005E+1
-2.000005E+1
-2.000005E+1
-2.000005E+1
-2.000005E+1
-2.000005E+1
-2.000005E+1
-2.000005E+1
-1.460368E+1
-1.204441E+1
-1.068319E+1
-9.773258E+0
-9.089708E+0
-8.570798E+0
-8.190068E+0
-7.923998E+0
-7.754948E+0
-7.665278E+0
-7.650578E+0
-7.716728E+0
-7.866668E+0
-8.107748E+0
-8.472308E+0
-9.005918E+0
-9.832058E+0
-1.133734E+1
-2.000005E+1
-2.000005E+1
-2.000005E+1
-2.000005E+1
-2.000005E+1
-2.000005E+1
-2.000005E+1
-2.000005E+1
-2.000005E+1
-2.000005E+1
-2.000005E+1
-2.000005E+1
-2.000005E+1
-1.548421E+1
-1.210027E+1
-1.125796E+1
-1.110802E+1
-1.146082E+1
-1.254274E+1
-1.849477E+1
-2.000005E+1
-2.000005E+1
-2.000005E+1
-2.000005E+1
-2.000005E+1
-2.000005E+1
-2.000005E+1
-2.000005E+1
-2.000005E+1
-2.000005E+1
-1.372315E+1
-1.077433E+1
-9.639488E+0
-8.964758E+0
-8.560508E+0
-8.306198E+0
-8.181248E+0
-8.153318E+0
-8.170958E+0
-8.219468E+0
-8.267978E+0
-8.306198E+0
-8.326778E+0
-8.337068E+0
-8.316488E+0
-8.276798E+0
-8.238578E+0
-8.190068E+0
-8.134208E+0
-8.088638E+0
-8.044538E+0
-8.026898E+0
-8.044538E+0
-8.107748E+0
-8.228288E+0
-8.409098E+0
-8.663408E+0
-8.964758E+0
-9.316088E+0
-9.639488E+0
-9.893798E+0
-9.977588E+0
-9.893798E+0
-9.658598E+0
-9.316088E+0
-8.951528E+0
-8.604608E+0
-8.306198E+0
-8.062178E+0
-7.882838E+0
-7.754948E+0
-7.709378E+0
-7.732898E+0
-7.857848E+0
-8.088638E+0
-8.472308E+0
-9.075008E+0
-1.006579E+1
-1.210027E+1
-2.000005E+1
-2.000005E+1
-2.000005E+1
-2.000005E+1
-2.000005E+1
-2.000005E+1
-2.000005E+1
-2.000005E+1
-2.000005E+1
-2.000005E+1
-2.000005E+1
-2.000005E+1
-2.000005E+1
-2.000005E+1
-2.000005E+1
-2.000005E+1
-2.000005E+1
-2.000005E+1
-2.000005E+1
-1.499911E+1
-1.284262E+1
-1.221787E+1
-1.204441E+1
-1.227961E+1
-1.301020E+1
-1.460368E+1
-2.000005E+1
-2.000005E+1
-2.000005E+1
-2.000005E+1
-2.000005E+1
-2.000005E+1
-1.372315E+1
-1.183273E+1
-1.077433E+1
-1.008784E+1
-9.621848E+0
-9.346958E+0
-9.192608E+0
-9.133808E+0
-9.148508E+0
-9.177908E+0
-9.207308E+0
-9.238178E+0
-9.252878E+0
-9.252878E+0
-9.283748E+0
-9.363128E+0
-9.480728E+0
-9.658598E+0
-9.852638E+0
-1.004374E+1
-1.020397E+1
-1.025248E+1
-1.018045E+1
-1.006579E+1
-9.914378E+0
-9.792368E+0
-9.714458E+0
-9.733568E+0
-9.832058E+0
-1.002169E+1
-1.030099E+1
-1.065379E+1
-1.110802E+1
-1.159312E+1
-1.210027E+1
-1.276324E+1
-1.349383E+1
-1.426852E+1
-1.479331E+1
-1.499911E+1
-1.443022E+1
-1.360555E+1
-1.268680E+1
-1.183273E+1
-1.114477E+1
-1.059499E+1
-1.020397E+1
-9.914378E+0
-9.752678E+0
-9.695348E+0
-9.752678E+0
-9.893798E+0
-1.010989E+1
-1.043035E+1
-1.077433E+1
-1.114477E+1
-1.146082E+1
-1.168573E+1
-1.173277E+1
-1.168573E+1
-1.146082E+1
-1.121974E+1
-1.100218E+1
-1.080520E+1
-1.068319E+1
-1.059499E+1
-1.059499E+1
-1.065379E+1
-1.080520E+1
-1.103746E+1
-1.137850E+1
-1.183273E+1
-1.247365E+1
-1.360555E+1
-1.577380E+1
-2.000005E+1
-2.000005E+1
-2.000005E+1
-2.000005E+1
-2.000005E+1
-2.000005E+1
-2.000005E+1
-2.000005E+1
-2.000005E+1
-2.000005E+1
-2.000005E+1
-2.000005E+1
-2.000005E+1
-2.000005E+1
-2.000005E+1
-2.000005E+1
-2.000005E+1
-2.000005E+1
-2.000005E+1
-2.000005E+1
-2.000005E+1
-2.000005E+1
-2.000005E+1
-2.000005E+1
-2.000005E+1
-2.000005E+1
-2.000005E+1
-2.000005E+1
-2.000005E+1
-2.000005E+1
-2.000005E+1
-2.000005E+1
-2.000005E+1
-2.000005E+1
-2.000005E+1
-2.000005E+1
-2.000005E+1
-2.000005E+1
-2.000005E+1
-2.000005E+1
-2.000005E+1
-2.000005E+1
-2.000005E+1
-2.000005E+1
-2.000005E+1
-2.000005E+1
-2.000005E+1
-1.849477E+1
-1.479331E+1
-1.328803E+1
-1.227961E+1
-1.163869E+1
-1.118152E+1
-1.093456E+1
-1.086841E+1
-1.096837E+1
-1.129765E+1
-1.193563E+1
-1.301020E+1
-1.522843E+1
-2.000005E+1
-2.000005E+1
-2.000005E+1
-2.000005E+1
-1.577380E+1
-1.301020E+1
-1.163869E+1
-1.077433E+1
-1.010989E+1
-9.621848E+0
-9.252878E+0
-8.977988E+0
-8.808938E+0
-8.710448E+0
-8.710448E+0
-8.822168E+0
-9.033848E+0
-9.396938E+0
-9.934958E+0
-1.071259E+1
-1.193563E+1
-1.443022E+1
-2.000005E+1
-2.000005E+1
-2.000005E+1
-2.000005E+1
-2.000005E+1
-2.000005E+1
-2.000005E+1
-1.479331E+1
-1.254274E+1
-1.141966E+1
-1.074346E+1
-1.030099E+1
-9.977588E+0
-9.752678E+0
-9.621848E+0
-9.567458E+0
-9.602738E+0
-9.733568E+0
-9.955538E+0
-1.030099E+1
-1.083607E+1
-1.173277E+1
-1.349383E+1
-2.000005E+1
-2.000005E+1
-2.000005E+1
-2.000005E+1
-2.000005E+1
-2.000005E+1
-2.000005E+1
-2.000005E+1
-2.000005E+1
-2.000005E+1
-2.000005E+1
-2.000005E+1
-2.000005E+1
-2.000005E+1
-1.650439E+1
-1.338799E+1
-1.268680E+1
-1.261330E+1
-1.319101E+1
-1.499911E+1
-2.000005E+1
-2.000005E+1
-2.000005E+1
-2.000005E+1
-2.000005E+1
-2.000005E+1
-2.000005E+1
-2.000005E+1
-2.000005E+1
-2.000005E+1
-2.000005E+1
-2.000005E+1
-2.000005E+1
-2.000005E+1
-2.000005E+1
-2.000005E+1
-2.000005E+1
-2.000005E+1
-2.000005E+1
-2.000005E+1
-2.000005E+1
-2.000005E+1
-2.000005E+1
-2.000005E+1
-2.000005E+1
-2.000005E+1
-2.000005E+1
-2.000005E+1
-2.000005E+1
-2.000005E+1
-2.000005E+1
-2.000005E+1
-2.000005E+1
-2.000005E+1
-2.000005E+1
-2.000005E+1
-2.000005E+1
-2.000005E+1
-2.000005E+1
-2.000005E+1
-2.000005E+1
-2.000005E+1
-2.000005E+1
-2.000005E+1
-2.000005E+1
-2.000005E+1
-2.000005E+1
-2.000005E+1
-2.000005E+1
-2.000005E+1
-2.000005E+1
-2.000005E+1
-2.000005E+1
-1.443022E+1
-1.292494E+1
-1.210027E+1
-1.150492E+1
-1.103746E+1
-1.071259E+1
-1.043035E+1
-1.027747E+1
-1.020397E+1
-1.025248E+1
-1.048327E+1
-1.086841E+1
-1.141966E+1
-1.215907E+1
-1.301020E+1
-1.384663E+1
-1.411858E+1
-1.360555E+1
-1.276324E+1
-1.210027E+1
-1.168573E+1
-1.146082E+1
-1.146082E+1
-1.168573E+1
-1.210027E+1
-1.276324E+1
-1.372315E+1
-1.460368E+1
-1.577380E+1
-1.650439E+1
-1.849477E+1
-2.000005E+1
-2.000005E+1
-2.000005E+1
-2.000005E+1
-2.000005E+1
-2.000005E+1
-2.000005E+1
-2.000005E+1
-2.000005E+1
-2.000005E+1
-2.000005E+1
-2.000005E+1
-2.000005E+1
-2.000005E+1
-2.000005E+1
-2.000005E+1
-2.000005E+1
-2.000005E+1
-2.000005E+1
-2.000005E+1
-2.000005E+1
-2.000005E+1
-2.000005E+1
-2.000005E+1
-2.000005E+1
-2.000005E+1
-2.000005E+1
-2.000005E+1
-2.000005E+1
-1.610896E+1
-1.360555E+1
-1.215907E+1
-1.114477E+1
-1.040389E+1
-9.873218E+0
-9.549818E+0
-9.429278E+0
-9.514538E+0
-9.852638E+0
-1.056706E+1
-1.221787E+1
-2.000005E+1
-2.000005E+1
-2.000005E+1
-2.000005E+1
-2.000005E+1
-2.000005E+1
-2.000005E+1
-2.000005E+1
-2.000005E+1
-2.000005E+1
-2.000005E+1
-2.000005E+1
-2.000005E+1
-2.000005E+1
-2.000005E+1
-2.000005E+1
-1.397893E+1
-1.247365E+1
-1.204441E+1
-1.204441E+1
-1.240750E+1
-1.338799E+1
-1.610896E+1
-2.000005E+1
-2.000005E+1
-2.000005E+1
-2.000005E+1
-2.000005E+1
-2.000005E+1
-2.000005E+1
-2.000005E+1
-2.000005E+1
-2.000005E+1
-2.000005E+1
-2.000005E+1
-2.000005E+1
-2.000005E+1
-2.000005E+1
-2.000005E+1
-2.000005E+1
-2.000005E+1
-2.000005E+1
-2.000005E+1
-2.000005E+1
-2.000005E+1
-2.000005E+1
-2.000005E+1
-2.000005E+1
-2.000005E+1
-2.000005E+1
-2.000005E+1
-2.000005E+1
-2.000005E+1
-2.000005E+1
-2.000005E+1
-2.000005E+1
-2.000005E+1
-2.000005E+1
-2.000005E+1
-2.000005E+1
-2.000005E+1
-2.000005E+1
-2.000005E+1
-2.000005E+1
-2.000005E+1
-2.000005E+1
-2.000005E+1
-2.000005E+1
-2.000005E+1
-2.000005E+1
-2.000005E+1
-2.000005E+1
-2.000005E+1
-2.000005E+1
-2.000005E+1
-2.000005E+1
-2.000005E+1
-2.000005E+1
-2.000005E+1
-2.000005E+1
-2.000005E+1
-2.000005E+1
-2.000005E+1
-2.000005E+1
-2.000005E+1
-2.000005E+1
-2.000005E+1
-2.000005E+1
-2.000005E+1
-2.000005E+1
-2.000005E+1
-2.000005E+1
-2.000005E+1
-2.000005E+1
-2.000005E+1
-2.000005E+1
-2.000005E+1
-2.000005E+1
-2.000005E+1
-2.000005E+1
-1.610896E+1
-1.292494E+1
-1.183273E+1
-1.125796E+1
-1.093456E+1
-1.086841E+1
-1.096837E+1
-1.125796E+1
-1.193563E+1
-1.372315E+1
-2.000005E+1
-2.000005E+1
-2.000005E+1
-2.000005E+1
-2.000005E+1
-2.000005E+1
-2.000005E+1
-2.000005E+1
-2.000005E+1
-2.000005E+1
-2.000005E+1
-2.000005E+1
-2.000005E+1
-2.000005E+1
-2.000005E+1
-2.000005E+1
-1.301020E+1
-1.159312E+1
-1.077433E+1
-1.025248E+1
-9.893798E+0
-9.676238E+0
-9.585098E+0
-9.621848E+0
-9.733568E+0
-9.914378E+0
-1.010989E+1
-1.030099E+1
-1.037743E+1
-1.030099E+1
-1.013341E+1
-9.914378E+0
-9.733568E+0
-9.621848E+0
-9.621848E+0
-9.752678E+0
-1.008784E+1
-1.071259E+1
-1.193563E+1
-1.610896E+1
-2.000005E+1
-2.000005E+1
-2.000005E+1
-2.000005E+1
-2.000005E+1
-2.000005E+1
-2.000005E+1
-2.000005E+1
-2.000005E+1
-2.000005E+1
-2.000005E+1
-2.000005E+1
-2.000005E+1
-2.000005E+1
-2.000005E+1
-2.000005E+1
-2.000005E+1
-1.499911E+1
-1.479331E+1
-1.761424E+1
-2.000005E+1
-2.000005E+1
-2.000005E+1
-2.000005E+1
-2.000005E+1
-2.000005E+1
-2.000005E+1
-2.000005E+1
-2.000005E+1
-2.000005E+1
-2.000005E+1
-2.000005E+1
-2.000005E+1
-2.000005E+1
-2.000005E+1
-2.000005E+1
-2.000005E+1
-2.000005E+1
-2.000005E+1
-2.000005E+1
-1.577380E+1
-1.460368E+1
-1.479331E+1
-1.698949E+1
-2.000005E+1
-2.000005E+1
-2.000005E+1
-2.000005E+1
-2.000005E+1
-2.000005E+1
-2.000005E+1
-2.000005E+1
-2.000005E+1
-2.000005E+1
-2.000005E+1
-2.000005E+1
-2.000005E+1
-2.000005E+1
-2.000005E+1
-2.000005E+1
-2.000005E+1
-2.000005E+1
-2.000005E+1
-2.000005E+1
-1.210027E+1
-1.065379E+1
-9.977588E+0
-9.639488E+0
-9.514538E+0
-9.549818E+0
-9.733568E+0
-1.006579E+1
-1.051120E+1
-1.110802E+1
-1.193563E+1
-1.328803E+1
-1.698949E+1
-2.000005E+1
-2.000005E+1
-2.000005E+1
-2.000005E+1
-2.000005E+1
-2.000005E+1
-2.000005E+1
-2.000005E+1
-2.000005E+1
-2.000005E+1
-2.000005E+1
-2.000005E+1
-2.000005E+1
-2.000005E+1
-2.000005E+1
-2.000005E+1
-2.000005E+1
-2.000005E+1
-1.577380E+1
-1.292494E+1
-1.215907E+1
-1.204441E+1
-1.276324E+1
-1.610896E+1
-2.000005E+1
-2.000005E+1
-2.000005E+1
-2.000005E+1
-2.000005E+1
-2.000005E+1
-2.000005E+1
-2.000005E+1
-2.000005E+1
-2.000005E+1
-2.000005E+1
-2.000005E+1
-2.000005E+1
-2.000005E+1
-2.000005E+1
-2.000005E+1
-2.000005E+1
-2.000005E+1
-2.000005E+1
-1.479331E+1
-1.276324E+1
-1.178275E+1
-1.121974E+1
-1.093456E+1
-1.083607E+1
-1.096837E+1
-1.125796E+1
-1.183273E+1
-1.268680E+1
-1.411858E+1
-1.849477E+1
-2.000005E+1
-2.000005E+1
-2.000005E+1
-2.000005E+1
-1.548421E+1
-1.328803E+1
-1.215907E+1
-1.133734E+1
-1.074346E+1
-1.025248E+1
-9.873218E+0
-9.567458E+0
-9.299918E+0
-9.075008E+0
-8.885378E+0
-8.747198E+0
-8.639888E+0
-8.582558E+0
-8.570798E+0
-8.639888E+0
-8.795708E+0
-9.033848E+0
-9.396938E+0
-9.934958E+0
-1.071259E+1
-1.193563E+1
-1.479331E+1
-2.000005E+1
-2.000005E+1
-2.000005E+1
-2.000005E+1
-2.000005E+1
-2.000005E+1
-2.000005E+1
-2.000005E+1
-1.650439E+1
-1.221787E+1
-1.083607E+1
-1.002169E+1
-9.532178E+0
-9.252878E+0
-9.163208E+0
-9.283748E+0
-9.639488E+0
-1.030099E+1
-1.154902E+1
-1.522843E+1
-2.000005E+1
-2.000005E+1
-2.000005E+1
-2.000005E+1
-2.000005E+1
-2.000005E+1
-2.000005E+1
-2.000005E+1
-2.000005E+1
-2.000005E+1
-2.000005E+1
-2.000005E+1
-2.000005E+1
-2.000005E+1
-2.000005E+1
-2.000005E+1
-2.000005E+1
-2.000005E+1
-2.000005E+1
-2.000005E+1
-2.000005E+1
-2.000005E+1
-2.000005E+1
-2.000005E+1
-2.000005E+1
-2.000005E+1
-2.000005E+1
-2.000005E+1
-2.000005E+1
-2.000005E+1
-2.000005E+1
-2.000005E+1
-2.000005E+1
-2.000005E+1
-2.000005E+1
-2.000005E+1
-2.000005E+1
-2.000005E+1
-2.000005E+1
-2.000005E+1
-2.000005E+1
-2.000005E+1
-2.000005E+1
-2.000005E+1
-2.000005E+1
-2.000005E+1
-2.000005E+1
-2.000005E+1
-2.000005E+1
-2.000005E+1
-2.000005E+1
-2.000005E+1
-2.000005E+1
-2.000005E+1
-2.000005E+1
-2.000005E+1
-2.000005E+1
-2.000005E+1
-2.000005E+1
-2.000005E+1
-2.000005E+1
-2.000005E+1
-2.000005E+1
-2.000005E+1
-2.000005E+1
-2.000005E+1
-2.000005E+1
-2.000005E+1
-2.000005E+1
-2.000005E+1
-2.000005E+1
-2.000005E+1
-2.000005E+1
-2.000005E+1
-2.000005E+1
-2.000005E+1
-2.000005E+1
-2.000005E+1
-2.000005E+1
-2.000005E+1
-2.000005E+1
-2.000005E+1
-2.000005E+1
-2.000005E+1
-2.000005E+1
-1.284262E+1
-1.114477E+1
-1.037743E+1
-9.934958E+0
-9.714458E+0
-9.602738E+0
-9.567458E+0
-9.585098E+0
-9.658598E+0
-9.811478E+0
-1.004374E+1
-1.040389E+1
-1.103746E+1
-1.215907E+1
-1.577380E+1
-2.000005E+1
-2.000005E+1
-2.000005E+1
-2.000005E+1
-2.000005E+1
-2.000005E+1
-2.000005E+1
-2.000005E+1
-2.000005E+1
-2.000005E+1
-2.000005E+1
-2.000005E+1
-2.000005E+1
-2.000005E+1
-2.000005E+1
-2.000005E+1
-2.000005E+1
-2.000005E+1
-2.000005E+1
-2.000005E+1
-2.000005E+1
-2.000005E+1
-2.000005E+1
-2.000005E+1
-2.000005E+1
-2.000005E+1
-2.000005E+1
-2.000005E+1
-2.000005E+1
-2.000005E+1
-2.000005E+1
-2.000005E+1
-1.360555E+1
-1.193563E+1
-1.103746E+1
-1.043035E+1
-9.999638E+0
-9.695348E+0
-9.480728E+0
-9.330788E+0
-9.283748E+0
-9.316088E+0
-9.480728E+0
-9.773258E+0
-1.025248E+1
-1.096837E+1
-1.198855E+1
-1.338799E+1
-1.479331E+1
-1.479331E+1
-1.319101E+1
-1.178275E+1
-1.068319E+1
-9.873218E+0
-9.283748E+0
-8.858918E+0
-8.560508E+0
-8.357648E+0
-8.238578E+0
-8.190068E+0
-8.219468E+0
-8.326778E+0
-8.538458E+0
-8.858918E+0
-9.363128E+0
-1.008784E+1
-1.121974E+1
-1.338799E+1
-2.000005E+1
-2.000005E+1
-2.000005E+1
-2.000005E+1
-2.000005E+1
-2.000005E+1
-1.610896E+1
-1.338799E+1
-1.234135E+1
-1.163869E+1
-1.110802E+1
-1.062439E+1
-1.018045E+1
-9.733568E+0
-9.346958E+0
-9.019148E+0
-8.758958E+0
-8.582558E+0
-8.504648E+0
-8.504648E+0
-8.582558E+0
-8.747198E+0
-8.977988E+0
-9.252878E+0
-9.567458E+0
-9.914378E+0
-1.030099E+1
-1.071259E+1
-1.121974E+1
-1.193563E+1
-1.328803E+1
-2.000005E+1
-2.000005E+1
-2.000005E+1
-2.000005E+1
-2.000005E+1
-2.000005E+1
-2.000005E+1
-2.000005E+1
-2.000005E+1
-2.000005E+1
-2.000005E+1
-2.000005E+1
-2.000005E+1
-2.000005E+1
-2.000005E+1
-2.000005E+1
-2.000005E+1
-2.000005E+1
-2.000005E+1
-2.000005E+1
-2.000005E+1
-2.000005E+1
-2.000005E+1
-2.000005E+1
-2.000005E+1
-2.000005E+1
-2.000005E+1
-2.000005E+1
-2.000005E+1
-2.000005E+1
-2.000005E+1
-2.000005E+1
-2.000005E+1
-1.610896E+1
-1.460368E+1
-1.443022E+1
-1.548421E+1
-2.000005E+1
-2.000005E+1
-2.000005E+1
-2.000005E+1
-2.000005E+1
-2.000005E+1
-2.000005E+1
-2.000005E+1
-2.000005E+1
-2.000005E+1
-2.000005E+1
-2.000005E+1
-2.000005E+1
-2.000005E+1
-2.000005E+1
-2.000005E+1
-2.000005E+1
-2.000005E+1
-2.000005E+1
-1.698949E+1
-1.650439E+1
-1.849477E+1
-2.000005E+1
-2.000005E+1
-2.000005E+1
-2.000005E+1
-2.000005E+1
-2.000005E+1
-2.000005E+1
-2.000005E+1
-2.000005E+1
-2.000005E+1
-2.000005E+1
-2.000005E+1
-2.000005E+1
-2.000005E+1
-2.000005E+1
-2.000005E+1
-2.000005E+1
-1.372315E+1
-1.198855E+1
-1.100218E+1
-1.035244E+1
-9.914378E+0
-9.658598E+0
-9.532178E+0
-9.514538E+0
-9.567458E+0
-9.639488E+0
-9.695348E+0
-9.714458E+0
-9.714458E+0
-9.695348E+0
-9.676238E+0
-9.733568E+0
-9.852638E+0
-1.006579E+1
-1.043035E+1
-1.090222E+1
-1.163869E+1
-1.276324E+1
-1.522843E+1
-2.000005E+1
-2.000005E+1
-2.000005E+1
-2.000005E+1
-2.000005E+1
-2.000005E+1
-2.000005E+1
-1.849477E+1
-1.292494E+1
-1.150492E+1
-1.071259E+1
-1.022749E+1
-9.934958E+0
-9.773258E+0
-9.714458E+0
-9.733568E+0
-9.752678E+0
-9.752678E+0
-9.676238E+0
-9.567458E+0
-9.396938E+0
-9.238178E+0
-9.075008E+0
-8.977988E+0
-8.951528E+0
-9.047078E+0
-9.269048E+0
-9.676238E+0
-1.040389E+1
-1.198855E+1
-2.000005E+1
-2.000005E+1
-2.000005E+1
-2.000005E+1
-2.000005E+1
-2.000005E+1
-2.000005E+1
-2.000005E+1
-2.000005E+1
-2.000005E+1
-2.000005E+1
-2.000005E+1
-2.000005E+1
-2.000005E+1
-2.000005E+1
-2.000005E+1
-1.154902E+1
-1.027747E+1
-9.733568E+0
-9.480728E+0
-9.396938E+0
-9.379298E+0
-9.379298E+0
-9.363128E+0
-9.316088E+0
-9.207308E+0
-9.089708E+0
-8.977988E+0
-8.938298E+0
-8.992688E+0
-9.148508E+0
-9.446918E+0
-9.934958E+0
-1.071259E+1
-1.204441E+1
-1.522843E+1
-2.000005E+1
-2.000005E+1
-2.000005E+1
-2.000005E+1
-2.000005E+1
-2.000005E+1
-2.000005E+1
-2.000005E+1
-1.372315E+1
-1.221787E+1
-1.146082E+1
-1.103746E+1
-1.086841E+1
-1.090222E+1
-1.114477E+1
-1.173277E+1
-1.284262E+1
-1.577380E+1
-2.000005E+1
-2.000005E+1
-2.000005E+1
-2.000005E+1
-2.000005E+1
-2.000005E+1
-2.000005E+1
-2.000005E+1
-2.000005E+1
-2.000005E+1
-2.000005E+1
-2.000005E+1
-2.000005E+1
-2.000005E+1
-2.000005E+1
-2.000005E+1
-2.000005E+1
-2.000005E+1
-2.000005E+1
-2.000005E+1
-2.000005E+1
-2.000005E+1
-1.650439E+1
-1.215907E+1
-1.114477E+1
-1.074346E+1
-1.074346E+1
-1.107274E+1
-1.183273E+1
-1.372315E+1
-2.000005E+1
-2.000005E+1
-2.000005E+1
-2.000005E+1
-2.000005E+1
-2.000005E+1
-2.000005E+1
-2.000005E+1
-2.000005E+1
-2.000005E+1
-2.000005E+1
-2.000005E+1
-2.000005E+1
-2.000005E+1
-2.000005E+1
-2.000005E+1
-2.000005E+1
-1.698949E+1
-1.198855E+1
-1.062439E+1
-9.852638E+0
-9.330788E+0
-8.977988E+0
-8.758958E+0
-8.675168E+0
-8.722208E+0
-8.938298E+0
-9.363128E+0
-1.010989E+1
-1.150492E+1
-1.650439E+1
-2.000005E+1
-2.000005E+1
-2.000005E+1
-2.000005E+1
-2.000005E+1
-2.000005E+1
-2.000005E+1
-2.000005E+1
-2.000005E+1
-2.000005E+1
-2.000005E+1
-2.000005E+1
-2.000005E+1
-2.000005E+1
-2.000005E+1
-2.000005E+1
-2.000005E+1
-2.000005E+1
-2.000005E+1
-2.000005E+1
-2.000005E+1
-2.000005E+1
-2.000005E+1
-2.000005E+1
-2.000005E+1
-2.000005E+1
-2.000005E+1
-2.000005E+1
-2.000005E+1
-2.000005E+1
-2.000005E+1
-2.000005E+1
-2.000005E+1
-2.000005E+1
-2.000005E+1
-2.000005E+1
-2.000005E+1
-2.000005E+1
-1.548421E+1
-1.254274E+1
-1.163869E+1
-1.125796E+1
-1.114477E+1
-1.121974E+1
-1.141966E+1
-1.168573E+1
-1.198855E+1
-1.234135E+1
-1.261330E+1
-1.292494E+1
-1.328803E+1
-1.384663E+1
-1.479331E+1
-1.698949E+1
-2.000005E+1
-2.000005E+1
-2.000005E+1
-2.000005E+1
-2.000005E+1
-2.000005E+1
-2.000005E+1
-2.000005E+1
-2.000005E+1
-2.000005E+1
-2.000005E+1
-2.000005E+1
-2.000005E+1
-2.000005E+1
-1.577380E+1
-1.254274E+1
-1.129765E+1
-1.059499E+1
-1.010989E+1
-9.832058E+0
-9.658598E+0
-9.585098E+0
-9.549818E+0
-9.514538E+0
-9.463088E+0
-9.363128E+0
-9.192608E+0
-8.964758E+0
-8.747198E+0
-8.548748E+0
-8.398808E+0
-8.326778E+0
-8.337068E+0
-8.439968E+0
-8.663408E+0
-9.019148E+0
-9.532178E+0
-1.027747E+1
-1.146082E+1
-1.397893E+1
-2.000005E+1
-2.000005E+1
-2.000005E+1
-2.000005E+1
-2.000005E+1
-2.000005E+1
-2.000005E+1
-2.000005E+1
-2.000005E+1
-2.000005E+1
-2.000005E+1
-2.000005E+1
-2.000005E+1
-2.000005E+1
-2.000005E+1
-2.000005E+1
-2.000005E+1
-2.000005E+1
-2.000005E+1
-2.000005E+1
-2.000005E+1
-2.000005E+1
-2.000005E+1
-2.000005E+1
-2.000005E+1
-2.000005E+1
-2.000005E+1
-1.276324E+1
-1.129765E+1
-1.043035E+1
-9.792368E+0
-9.299918E+0
-8.885378E+0
-8.560508E+0
-8.287088E+0
-8.088638E+0
-7.966628E+0
-7.915178E+0
-7.941638E+0
-8.044538E+0
-8.238578E+0
-8.526698E+0
-8.938298E+0
-9.496898E+0
-1.030099E+1
-1.159312E+1
-1.443022E+1
-2.000005E+1
-2.000005E+1
-2.000005E+1
-2.000005E+1
-2.000005E+1
-2.000005E+1
-2.000005E+1
-2.000005E+1
-2.000005E+1
-2.000005E+1
-2.000005E+1
-2.000005E+1
-2.000005E+1
-2.000005E+1
-2.000005E+1
-2.000005E+1
-2.000005E+1
-2.000005E+1
-2.000005E+1
-1.372315E+1
-1.159312E+1
-1.051120E+1
-9.832058E+0
-9.396938E+0
-9.119108E+0
-8.992688E+0
-8.992688E+0
-9.133808E+0
-9.396938E+0
-9.811478E+0
-1.043035E+1
-1.125796E+1
-1.247365E+1
-1.426852E+1
-1.650439E+1
-1.610896E+1
-1.384663E+1
-1.221787E+1
-1.107274E+1
-1.030099E+1
-9.773258E+0
-9.446918E+0
-9.269048E+0
-9.252878E+0
-9.363128E+0
-9.602738E+0
-9.934958E+0
-1.035244E+1
-1.083607E+1
-1.133734E+1
-1.173277E+1
-1.210027E+1
-1.234135E+1
-1.254274E+1
-1.268680E+1
-1.268680E+1
-1.268680E+1
-1.247365E+1
-1.210027E+1
-1.159312E+1
-1.103746E+1
-1.059499E+1
-1.022749E+1
-9.977588E+0
-9.873218E+0
-9.955538E+0
-1.025248E+1
-1.090222E+1
-1.227961E+1
-2.000005E+1
-2.000005E+1
-2.000005E+1
-2.000005E+1
-2.000005E+1
-2.000005E+1
-2.000005E+1
-2.000005E+1
-2.000005E+1
-2.000005E+1
-2.000005E+1
-2.000005E+1
-2.000005E+1
-2.000005E+1
-2.000005E+1
-2.000005E+1
-2.000005E+1
-2.000005E+1
-2.000005E+1
-2.000005E+1
-2.000005E+1
-2.000005E+1
-2.000005E+1
-2.000005E+1
-2.000005E+1
-2.000005E+1
-2.000005E+1
-2.000005E+1
-2.000005E+1
-2.000005E+1
-2.000005E+1
-2.000005E+1
-2.000005E+1
-2.000005E+1
-2.000005E+1
-2.000005E+1
-2.000005E+1
-2.000005E+1
-2.000005E+1
-2.000005E+1
-2.000005E+1
-2.000005E+1
-2.000005E+1
-1.610896E+1
-1.221787E+1
-1.093456E+1
-1.025248E+1
-9.811478E+0
-9.567458E+0
-9.413108E+0
-9.299918E+0
-9.238178E+0
-9.163208E+0
-9.075008E+0
-8.951528E+0
-8.833928E+0
-8.747198E+0
-8.698688E+0
-8.735438E+0
-8.858918E+0
-9.089708E+0
-9.429278E+0
-9.893798E+0
-1.045681E+1
-1.100218E+1
-1.141966E+1
-1.159312E+1
-1.146082E+1
-1.121974E+1
-1.103746E+1
-1.103746E+1
-1.133734E+1
-1.221787E+1
-1.522843E+1
-2.000005E+1
-2.000005E+1
-2.000005E+1
-2.000005E+1
-2.000005E+1
-2.000005E+1
-2.000005E+1
-2.000005E+1
-2.000005E+1
-2.000005E+1
-2.000005E+1
-2.000005E+1
-2.000005E+1
-2.000005E+1
-2.000005E+1
-2.000005E+1
-2.000005E+1
-2.000005E+1
-2.000005E+1
-2.000005E+1
-2.000005E+1
-2.000005E+1
-2.000005E+1
-2.000005E+1
-2.000005E+1
-2.000005E+1
-2.000005E+1
-2.000005E+1
-2.000005E+1
-2.000005E+1
-2.000005E+1
-2.000005E+1
-2.000005E+1
-2.000005E+1
-2.000005E+1
-2.000005E+1
-2.000005E+1
-2.000005E+1
-2.000005E+1
-1.261330E+1
-1.096837E+1
-9.977588E+0
-9.269048E+0
-8.783948E+0
-8.450258E+0
-8.247398E+0
-8.153318E+0
-8.153318E+0
-8.219468E+0
-8.337068E+0
-8.472308E+0
-8.628128E+0
-8.795708E+0
-8.951528E+0
-9.163208E+0
-9.429278E+0
-9.873218E+0
-1.059499E+1
-1.215907E+1
-2.000005E+1
-2.000005E+1
-2.000005E+1
-2.000005E+1
-2.000005E+1
-2.000005E+1
-2.000005E+1
-2.000005E+1
-2.000005E+1
-2.000005E+1
-2.000005E+1
-2.000005E+1
-2.000005E+1
-2.000005E+1
-2.000005E+1
-2.000005E+1
-2.000005E+1
-2.000005E+1
-2.000005E+1
-2.000005E+1
-2.000005E+1
-2.000005E+1
-2.000005E+1
-2.000005E+1
-2.000005E+1
-1.426852E+1
-1.193563E+1
-1.107274E+1
-1.071259E+1
-1.068319E+1
-1.100218E+1
-1.173277E+1
-1.319101E+1
-2.000005E+1
-2.000005E+1
-2.000005E+1
-2.000005E+1
-2.000005E+1
-2.000005E+1
-2.000005E+1
-2.000005E+1
-2.000005E+1
-1.360555E+1
-1.221787E+1
-1.150492E+1
-1.110802E+1
-1.083607E+1
-1.065379E+1
-1.056706E+1
-1.056706E+1
-1.068319E+1
-1.093456E+1
-1.137850E+1
-1.215907E+1
-1.384663E+1
-2.000005E+1
-2.000005E+1
-2.000005E+1
-2.000005E+1
-2.000005E+1
-2.000005E+1
-2.000005E+1
-2.000005E+1
-2.000005E+1
-2.000005E+1
-2.000005E+1
-2.000005E+1
-2.000005E+1
-2.000005E+1
-2.000005E+1
-2.000005E+1
-1.397893E+1
-1.221787E+1
-1.133734E+1
-1.083607E+1
-1.053913E+1
-1.040389E+1
-1.040389E+1
-1.059499E+1
-1.093456E+1
-1.150492E+1
-1.254274E+1
-1.460368E+1
-2.000005E+1
-2.000005E+1
-2.000005E+1
-2.000005E+1
-2.000005E+1
-2.000005E+1
-1.698949E+1
-1.261330E+1
-1.110802E+1
-1.020397E+1
-9.639488E+0
-9.283748E+0
-9.119108E+0
-9.119108E+0
-9.283748E+0
-9.621848E+0
-1.015693E+1
-1.090222E+1
-1.198855E+1
-1.349383E+1
-1.577380E+1
-2.000005E+1
-2.000005E+1
-2.000005E+1
-1.650439E+1
-1.577380E+1
-1.577380E+1
-1.761424E+1
-2.000005E+1
-2.000005E+1
-2.000005E+1
-2.000005E+1
-2.000005E+1
-2.000005E+1
-2.000005E+1
-2.000005E+1
-2.000005E+1
-2.000005E+1
-2.000005E+1
-2.000005E+1
-2.000005E+1
-2.000005E+1
-2.000005E+1
-2.000005E+1
-2.000005E+1
-2.000005E+1
-2.000005E+1
-2.000005E+1
-2.000005E+1
-2.000005E+1
-2.000005E+1
-2.000005E+1
-2.000005E+1
-2.000005E+1
-2.000005E+1
-2.000005E+1
-2.000005E+1
-2.000005E+1
-2.000005E+1
-2.000005E+1
-2.000005E+1
-2.000005E+1
-2.000005E+1
-2.000005E+1
-2.000005E+1
-2.000005E+1
-2.000005E+1
-2.000005E+1
-2.000005E+1
-2.000005E+1
-2.000005E+1
-2.000005E+1
-2.000005E+1
-2.000005E+1
-2.000005E+1
-2.000005E+1
-2.000005E+1
-2.000005E+1
-2.000005E+1
-2.000005E+1
-2.000005E+1
-2.000005E+1
-2.000005E+1
-2.000005E+1
-2.000005E+1
-2.000005E+1
-2.000005E+1
-2.000005E+1
-2.000005E+1
-2.000005E+1
-2.000005E+1
-2.000005E+1
-2.000005E+1
-2.000005E+1
-2.000005E+1
-2.000005E+1
-2.000005E+1
-2.000005E+1
-2.000005E+1
-2.000005E+1
-2.000005E+1
-2.000005E+1
-2.000005E+1
-2.000005E+1
