Date/Time	2022-06-22 02:47:11
Line location	3
Line name	C1
OTDR wavelength [nm]	1550
OTDR pulse duration [ns]	2
OTDR scan time [s]	10
OTDR scan length [m]	1.500000E+2
Length offset [m]	0.000000E+0
Length increment [m]	3.996806E-2
Switch ID	VIAVI Solutions,OTU 8000E,11654,FO,16.76
OTDR ID	JDSU,OTU 8000E,11654,OTU(SmartOTU),V7.22

Reflected amplitude [dB]
8.862420E-1
8.759520E-1
8.450820E-1
7.980420E-1
7.524720E-1
7.142520E-1
6.819120E-1
6.569220E-1
6.392820E-1
6.466320E-1
7.054320E-1
8.215620E-1
9.950220E-1
1.180242E+0
1.334592E+0
1.453662E+0
1.541862E+0
1.603602E+0
1.646232E+0
1.672692E+0
1.685922E+0
1.675632E+0
1.625652E+0
1.530102E+0
1.394862E+0
1.243452E+0
1.103802E+0
9.715020E-1
8.289120E-1
6.804420E-1
5.466720E-1
4.305420E-1
3.320520E-1
2.497320E-1
1.791720E-1
1.189020E-1
6.745200E-2
2.335200E-2
-1.192800E-2
-3.985800E-2
-6.190800E-2
-7.807800E-2
-9.130800E-2
-1.030680E-1
-1.148280E-1
-1.265880E-1
-1.383480E-1
-1.530480E-1
-1.662780E-1
-1.824480E-1
-1.971480E-1
-2.133180E-1
-2.280180E-1
-2.441880E-1
-2.588880E-1
-2.721180E-1
-2.838780E-1
-2.956380E-1
-3.059280E-1
-3.147480E-1
-3.220980E-1
-3.294480E-1
-3.353280E-1
-3.412080E-1
-3.456180E-1
-3.485580E-1
-3.500280E-1
-3.485580E-1
-3.456180E-1
-3.382680E-1
-3.279780E-1
-3.132780E-1
-2.926980E-1
-2.677080E-1
-2.368380E-1
-2.015580E-1
-1.618680E-1
-1.221780E-1
-8.248800E-2
-4.426800E-2
-1.045800E-2
1.600200E-2
3.658200E-2
4.687200E-2
4.834200E-2
3.952200E-2
2.188200E-2
-3.108000E-3
-3.544800E-2
-7.513800E-2
-1.177680E-1
-1.618680E-1
-2.059680E-1
-2.485980E-1
-2.882880E-1
-3.250380E-1
-3.559080E-1
-3.823680E-1
-4.058880E-1
-4.264680E-1
-4.455780E-1
-4.617480E-1
-4.779180E-1
-4.926180E-1
-5.073180E-1
-5.190780E-1
-5.308380E-1
-5.411280E-1
-5.484780E-1
-5.543580E-1
-5.602380E-1
-5.631780E-1
-5.661180E-1
-5.675880E-1
-5.690580E-1
-5.705280E-1
-5.719980E-1
-5.734680E-1
-5.749380E-1
-5.749380E-1
-5.764080E-1
-5.778780E-1
-5.793480E-1
-5.793480E-1
-5.778780E-1
-5.764080E-1
-5.734680E-1
-5.705280E-1
-5.661180E-1
-5.617080E-1
-5.572980E-1
-5.543580E-1
-5.514180E-1
-5.499480E-1
-5.499480E-1
-5.499480E-1
-5.514180E-1
-5.543580E-1
-5.587680E-1
-5.631780E-1
-5.661180E-1
-5.705280E-1
-5.734680E-1
-5.749380E-1
-5.734680E-1
-5.675880E-1
-5.572980E-1
-5.411280E-1
-5.205480E-1
-4.940880E-1
-4.602780E-1
-4.117680E-1
-3.382680E-1
-2.530080E-1
-1.692180E-1
-9.424800E-2
-3.250800E-2
1.747200E-2
5.422200E-2
8.215200E-2
9.685200E-2
1.012620E-1
9.391200E-2
7.774200E-2
5.128200E-2
1.894200E-2
-1.927800E-2
-6.043800E-2
-1.045380E-1
-1.471680E-1
-1.897980E-1
-2.309580E-1
-2.691780E-1
-3.029880E-1
-3.353280E-1
-3.617880E-1
-3.853080E-1
-4.044180E-1
-4.191180E-1
-4.294080E-1
-4.367580E-1
-4.411680E-1
-4.426380E-1
-4.426380E-1
-4.411680E-1
-4.411680E-1
-4.396980E-1
-4.382280E-1
-4.367580E-1
-4.367580E-1
-4.352880E-1
-4.338180E-1
-4.338180E-1
-4.338180E-1
-4.338180E-1
-4.338180E-1
-4.323480E-1
-4.323480E-1
-4.308780E-1
-4.294080E-1
-4.264680E-1
-4.220580E-1
-4.191180E-1
-4.147080E-1
-4.117680E-1
-4.088280E-1
-4.073580E-1
-4.073580E-1
-4.088280E-1
-4.102980E-1
-4.132380E-1
-4.161780E-1
-4.205880E-1
-4.249980E-1
-4.308780E-1
-4.352880E-1
-4.396980E-1
-4.455780E-1
-4.499880E-1
-4.529280E-1
-4.573380E-1
-4.602780E-1
-4.617480E-1
-4.646880E-1
-4.676280E-1
-4.705680E-1
-4.735080E-1
-4.749780E-1
-4.779180E-1
-4.793880E-1
-4.779180E-1
-4.764480E-1
-4.705680E-1
-4.646880E-1
-4.543980E-1
-4.441080E-1
-4.323480E-1
-4.205880E-1
-4.088280E-1
-4.000080E-1
-3.911880E-1
-3.853080E-1
-3.808980E-1
-3.779580E-1
-3.764880E-1
-3.764880E-1
-3.779580E-1
-3.808980E-1
-3.853080E-1
-3.911880E-1
-3.970680E-1
-4.044180E-1
-4.117680E-1
-4.176480E-1
-4.220580E-1
-4.249980E-1
-4.264680E-1
-4.264680E-1
-4.249980E-1
-4.235280E-1
-4.220580E-1
-4.235280E-1
-4.264680E-1
-4.308780E-1
-4.367580E-1
-4.426380E-1
-4.499880E-1
-4.573380E-1
-4.632180E-1
-4.661580E-1
-4.690980E-1
-4.705680E-1
-4.690980E-1
-4.676280E-1
-4.661580E-1
-4.661580E-1
-4.646880E-1
-4.646880E-1
-4.661580E-1
-4.661580E-1
-4.661580E-1
-4.661580E-1
-4.632180E-1
-4.602780E-1
-4.543980E-1
-4.470480E-1
-4.382280E-1
-4.294080E-1
-4.205880E-1
-4.132380E-1
-4.073580E-1
-4.044180E-1
-4.044180E-1
-4.073580E-1
-4.117680E-1
-4.176480E-1
-4.220580E-1
-4.264680E-1
-4.294080E-1
-4.279380E-1
-4.249980E-1
-4.205880E-1
-4.147080E-1
-4.073580E-1
-4.014780E-1
-3.970680E-1
-3.926580E-1
-3.926580E-1
-3.926580E-1
-3.955980E-1
-3.985380E-1
-4.029480E-1
-4.058880E-1
-4.102980E-1
-4.147080E-1
-4.176480E-1
-4.205880E-1
-4.220580E-1
-4.249980E-1
-4.264680E-1
-4.294080E-1
-4.308780E-1
-4.338180E-1
-4.367580E-1
-4.382280E-1
-4.411680E-1
-4.441080E-1
-4.470480E-1
-4.485180E-1
-4.499880E-1
-4.514580E-1
-4.529280E-1
-4.514580E-1
-4.499880E-1
-4.470480E-1
-4.426380E-1
-4.367580E-1
-4.323480E-1
-4.264680E-1
-4.205880E-1
-4.147080E-1
-4.102980E-1
-4.073580E-1
-4.044180E-1
-4.029480E-1
-4.029480E-1
-4.029480E-1
-4.029480E-1
-4.029480E-1
-4.044180E-1
-4.058880E-1
-4.058880E-1
-4.073580E-1
-4.088280E-1
-4.088280E-1
-4.088280E-1
-4.073580E-1
-4.073580E-1
-4.044180E-1
-4.029480E-1
-4.000080E-1
-3.985380E-1
-3.985380E-1
-3.970680E-1
-3.985380E-1
-4.000080E-1
-4.014780E-1
-4.029480E-1
-4.058880E-1
-4.088280E-1
-4.117680E-1
-4.161780E-1
-4.205880E-1
-4.249980E-1
-4.308780E-1
-4.352880E-1
-4.396980E-1
-4.441080E-1
-4.455780E-1
-4.455780E-1
-4.426380E-1
-4.396980E-1
-4.367580E-1
-4.338180E-1
-4.308780E-1
-4.279380E-1
-4.264680E-1
-4.249980E-1
-4.220580E-1
-4.205880E-1
-4.191180E-1
-4.161780E-1
-4.147080E-1
-4.132380E-1
-4.117680E-1
-4.117680E-1
-4.117680E-1
-4.147080E-1
-4.161780E-1
-4.176480E-1
-4.205880E-1
-4.220580E-1
-4.249980E-1
-4.264680E-1
-4.279380E-1
-4.308780E-1
-4.323480E-1
-4.352880E-1
-4.367580E-1
-4.382280E-1
-4.396980E-1
-4.382280E-1
-4.382280E-1
-4.367580E-1
-4.352880E-1
-4.323480E-1
-4.308780E-1
-4.294080E-1
-4.294080E-1
-4.294080E-1
-4.294080E-1
-4.294080E-1
-4.279380E-1
-4.264680E-1
-4.220580E-1
-4.176480E-1
-4.102980E-1
-4.029480E-1
-3.955980E-1
-3.882480E-1
-3.823680E-1
-3.779580E-1
-3.764880E-1
-3.779580E-1
-3.808980E-1
-3.867780E-1
-3.941280E-1
-4.029480E-1
-4.132380E-1
-4.235280E-1
-4.338180E-1
-4.426380E-1
-4.514580E-1
-4.573380E-1
-4.617480E-1
-4.632180E-1
-4.646880E-1
-4.646880E-1
-4.632180E-1
-4.617480E-1
-4.602780E-1
-4.588080E-1
-4.588080E-1
-4.588080E-1
-4.588080E-1
-4.588080E-1
-4.588080E-1
-4.573380E-1
-4.543980E-1
-4.514580E-1
-4.485180E-1
-4.441080E-1
-4.396980E-1
-4.352880E-1
-4.308780E-1
-4.294080E-1
-4.279380E-1
-4.279380E-1
-4.308780E-1
-4.352880E-1
-4.396980E-1
-4.470480E-1
-4.529280E-1
-4.602780E-1
-4.661580E-1
-4.705680E-1
-4.735080E-1
-4.764480E-1
-4.779180E-1
-4.779180E-1
-4.779180E-1
-4.779180E-1
-4.779180E-1
-4.779180E-1
-4.793880E-1
-4.793880E-1
-4.808580E-1
-4.823280E-1
-4.823280E-1
-4.823280E-1
-4.793880E-1
-4.749780E-1
-4.705680E-1
-4.632180E-1
-4.543980E-1
-4.441080E-1
-4.338180E-1
-4.249980E-1
-4.161780E-1
-4.102980E-1
-4.058880E-1
-4.029480E-1
-4.014780E-1
-4.014780E-1
-4.029480E-1
-4.044180E-1
-4.044180E-1
-4.058880E-1
-4.073580E-1
-4.088280E-1
-4.102980E-1
-4.117680E-1
-4.117680E-1
-4.117680E-1
-4.117680E-1
-4.088280E-1
-4.073580E-1
-4.044180E-1
-4.029480E-1
-4.029480E-1
-4.044180E-1
-4.073580E-1
-4.117680E-1
-4.191180E-1
-4.249980E-1
-4.323480E-1
-4.382280E-1
-4.441080E-1
-4.455780E-1
-4.470480E-1
-4.455780E-1
-4.411680E-1
-4.367580E-1
-4.308780E-1
-4.235280E-1
-4.176480E-1
-4.117680E-1
-4.058880E-1
-4.000080E-1
-3.970680E-1
-3.941280E-1
-3.911880E-1
-3.911880E-1
-3.926580E-1
-3.955980E-1
-4.000080E-1
-4.058880E-1
-4.117680E-1
-4.191180E-1
-4.249980E-1
-4.294080E-1
-4.323480E-1
-4.352880E-1
-4.352880E-1
-4.338180E-1
-4.308780E-1
-4.279380E-1
-4.235280E-1
-4.191180E-1
-4.147080E-1
-4.102980E-1
-4.044180E-1
-4.000080E-1
-3.970680E-1
-3.926580E-1
-3.897180E-1
-3.867780E-1
-3.838380E-1
-3.838380E-1
-3.838380E-1
-3.838380E-1
-3.853080E-1
-3.882480E-1
-3.897180E-1
-3.911880E-1
-3.926580E-1
-3.926580E-1
-3.941280E-1
-3.955980E-1
-3.970680E-1
-3.985380E-1
-4.029480E-1
-4.058880E-1
-4.117680E-1
-4.176480E-1
-4.235280E-1
-4.279380E-1
-4.323480E-1
-4.352880E-1
-4.367580E-1
-4.352880E-1
-4.338180E-1
-4.294080E-1
-4.249980E-1
-4.191180E-1
-4.147080E-1
-4.102980E-1
-4.073580E-1
-4.044180E-1
-4.044180E-1
-4.044180E-1
-4.058880E-1
-4.073580E-1
-4.088280E-1
-4.102980E-1
-4.132380E-1
-4.147080E-1
-4.161780E-1
-4.161780E-1
-4.176480E-1
-4.191180E-1
-4.191180E-1
-4.191180E-1
-4.205880E-1
-4.205880E-1
-4.205880E-1
-4.191180E-1
-4.191180E-1
-4.191180E-1
-4.176480E-1
-4.176480E-1
-4.176480E-1
-4.176480E-1
-4.176480E-1
-4.176480E-1
-4.176480E-1
-4.161780E-1
-4.161780E-1
-4.147080E-1
-4.147080E-1
-4.132380E-1
-4.132380E-1
-4.132380E-1
-4.147080E-1
-4.161780E-1
-4.191180E-1
-4.220580E-1
-4.249980E-1
-4.294080E-1
-4.338180E-1
-4.382280E-1
-4.426380E-1
-4.485180E-1
-4.529280E-1
-4.588080E-1
-4.646880E-1
-4.705680E-1
-4.764480E-1
-4.808580E-1
-4.852680E-1
-4.882080E-1
-4.882080E-1
-4.867380E-1
-4.837980E-1
-4.793880E-1
-4.749780E-1
-4.676280E-1
-4.632180E-1
-4.588080E-1
-4.558680E-1
-4.543980E-1
-4.543980E-1
-4.558680E-1
-4.588080E-1
-4.617480E-1
-4.646880E-1
-4.661580E-1
-4.661580E-1
-4.646880E-1
-4.632180E-1
-4.602780E-1
-4.573380E-1
-4.543980E-1
-4.529280E-1
-4.529280E-1
-4.543980E-1
-4.558680E-1
-4.588080E-1
-4.617480E-1
-4.646880E-1
-4.661580E-1
-4.661580E-1
-4.661580E-1
-4.646880E-1
-4.617480E-1
-4.588080E-1
-4.573380E-1
-4.543980E-1
-4.514580E-1
-4.499880E-1
-4.485180E-1
-4.499880E-1
-4.514580E-1
-4.543980E-1
-4.588080E-1
-4.632180E-1
-4.676280E-1
-4.705680E-1
-4.705680E-1
-4.690980E-1
-4.661580E-1
-4.588080E-1
-4.514580E-1
-4.426380E-1
-4.352880E-1
-4.279380E-1
-4.220580E-1
-4.205880E-1
-4.205880E-1
-4.235280E-1
-4.294080E-1
-4.367580E-1
-4.441080E-1
-4.529280E-1
-4.602780E-1
-4.661580E-1
-4.705680E-1
-4.720380E-1
-4.720380E-1
-4.705680E-1
-4.661580E-1
-4.617480E-1
-4.543980E-1
-4.455780E-1
-4.367580E-1
-4.279380E-1
-4.191180E-1
-4.102980E-1
-4.029480E-1
-3.955980E-1
-3.882480E-1
-3.838380E-1
-3.779580E-1
-3.750180E-1
-3.706080E-1
-3.676680E-1
-3.661980E-1
-3.647280E-1
-3.632580E-1
-3.632580E-1
-3.647280E-1
-3.661980E-1
-3.691380E-1
-3.735480E-1
-3.779580E-1
-3.838380E-1
-3.897180E-1
-3.955980E-1
-4.014780E-1
-4.058880E-1
-4.102980E-1
-4.132380E-1
-4.147080E-1
-4.147080E-1
-4.147080E-1
-4.161780E-1
-4.161780E-1
-4.161780E-1
-4.161780E-1
-4.147080E-1
-4.147080E-1
-4.132380E-1
-4.102980E-1
-4.073580E-1
-4.058880E-1
-4.029480E-1
-4.029480E-1
-4.029480E-1
-4.029480E-1
-4.058880E-1
-4.088280E-1
-4.132380E-1
-4.176480E-1
-4.235280E-1
-4.279380E-1
-4.323480E-1
-4.352880E-1
-4.382280E-1
-4.396980E-1
-4.411680E-1
-4.426380E-1
-4.441080E-1
-4.455780E-1
-4.485180E-1
-4.499880E-1
-4.514580E-1
-4.529280E-1
-4.529280E-1
-4.543980E-1
-4.543980E-1
-4.543980E-1
-4.558680E-1
-4.558680E-1
-4.573380E-1
-4.588080E-1
-4.588080E-1
-4.602780E-1
-4.602780E-1
-4.602780E-1
-4.602780E-1
-4.602780E-1
-4.588080E-1
-4.588080E-1
-4.588080E-1
-4.602780E-1
-4.632180E-1
-4.661580E-1
-4.690980E-1
-4.720380E-1
-4.764480E-1
-4.779180E-1
-4.793880E-1
-4.779180E-1
-4.764480E-1
-4.720380E-1
-4.661580E-1
-4.617480E-1
-4.558680E-1
-4.499880E-1
-4.455780E-1
-4.426380E-1
-4.396980E-1
-4.382280E-1
-4.382280E-1
-4.367580E-1
-4.367580E-1
-4.367580E-1
-4.367580E-1
-4.367580E-1
-4.367580E-1
-4.382280E-1
-4.411680E-1
-4.455780E-1
-4.499880E-1
-4.558680E-1
-4.632180E-1
-4.705680E-1
-4.764480E-1
-4.823280E-1
-4.882080E-1
-4.926180E-1
-4.955580E-1
-4.984980E-1
-4.999680E-1
-4.999680E-1
-4.970280E-1
-4.940880E-1
-4.896780E-1
-4.823280E-1
-4.735080E-1
-4.632180E-1
-4.514580E-1
-4.411680E-1
-4.294080E-1
-4.191180E-1
-4.102980E-1
-4.029480E-1
-3.985380E-1
-3.970680E-1
-3.985380E-1
-4.014780E-1
-4.058880E-1
-4.117680E-1
-4.176480E-1
-4.249980E-1
-4.323480E-1
-4.382280E-1
-4.441080E-1
-4.485180E-1
-4.529280E-1
-4.558680E-1
-4.558680E-1
-4.558680E-1
-4.529280E-1
-4.499880E-1
-4.441080E-1
-4.382280E-1
-4.323480E-1
-4.249980E-1
-4.191180E-1
-4.132380E-1
-4.073580E-1
-4.029480E-1
-4.014780E-1
-4.014780E-1
-4.029480E-1
-4.058880E-1
-4.102980E-1
-4.161780E-1
-4.235280E-1
-4.308780E-1
-4.382280E-1
-4.455780E-1
-4.514580E-1
-4.558680E-1
-4.602780E-1
-4.632180E-1
-4.646880E-1
-4.661580E-1
-4.661580E-1
-4.661580E-1
-4.646880E-1
-4.617480E-1
-4.588080E-1
-4.558680E-1
-4.514580E-1
-4.470480E-1
-4.426380E-1
-4.382280E-1
-4.338180E-1
-4.308780E-1
-4.294080E-1
-4.279380E-1
-4.279380E-1
-4.294080E-1
-4.308780E-1
-4.323480E-1
-4.323480E-1
-4.323480E-1
-4.294080E-1
-4.264680E-1
-4.220580E-1
-4.147080E-1
-4.088280E-1
-4.014780E-1
-3.941280E-1
-3.867780E-1
-3.808980E-1
-3.764880E-1
-3.735480E-1
-3.720780E-1
-3.735480E-1
-3.750180E-1
-3.779580E-1
-3.823680E-1
-3.882480E-1
-3.941280E-1
-4.000080E-1
-4.058880E-1
-4.117680E-1
-4.176480E-1
-4.220580E-1
-4.264680E-1
-4.294080E-1
-4.308780E-1
-4.308780E-1
-4.294080E-1
-4.264680E-1
-4.220580E-1
-4.176480E-1
-4.132380E-1
-4.088280E-1
-4.058880E-1
-4.044180E-1
-4.044180E-1
-4.044180E-1
-4.058880E-1
-4.073580E-1
-4.088280E-1
-4.117680E-1
-4.147080E-1
-4.161780E-1
-4.191180E-1
-4.220580E-1
-4.249980E-1
-4.264680E-1
-4.279380E-1
-4.279380E-1
-4.264680E-1
-4.235280E-1
-4.191180E-1
-4.132380E-1
-4.058880E-1
-4.000080E-1
-3.926580E-1
-3.867780E-1
-3.823680E-1
-3.794280E-1
-3.808980E-1
-3.853080E-1
-3.911880E-1
-4.000080E-1
-4.102980E-1
-4.191180E-1
-4.264680E-1
-4.323480E-1
-4.352880E-1
-4.352880E-1
-4.323480E-1
-4.279380E-1
-4.235280E-1
-4.176480E-1
-4.147080E-1
-4.117680E-1
-4.102980E-1
-4.102980E-1
-4.117680E-1
-4.132380E-1
-4.161780E-1
-4.205880E-1
-4.249980E-1
-4.294080E-1
-4.338180E-1
-4.382280E-1
-4.411680E-1
-4.455780E-1
-4.485180E-1
-4.514580E-1
-4.543980E-1
-4.558680E-1
-4.588080E-1
-4.602780E-1
-4.646880E-1
-4.690980E-1
-4.749780E-1
-4.808580E-1
-4.867380E-1
-4.911480E-1
-4.955580E-1
-4.970280E-1
-4.984980E-1
-4.970280E-1
-4.940880E-1
-4.896780E-1
-4.867380E-1
-4.837980E-1
-4.808580E-1
-4.808580E-1
-4.808580E-1
-4.823280E-1
-4.867380E-1
-4.940880E-1
-5.058480E-1
-5.220180E-1
-5.440680E-1
-5.734680E-1
-6.102180E-1
-6.557880E-1
-7.072380E-1
-7.660380E-1
-8.292480E-1
-8.953980E-1
-9.630180E-1
-1.029168E+0
-1.095318E+0
-1.157058E+0
-1.214388E+0
-1.265838E+0
-1.312878E+0
-1.354038E+0
-1.389318E+0
-1.420188E+0
-1.446648E+0
-1.470168E+0
-1.489278E+0
-1.506918E+0
-1.521618E+0
-1.536318E+0
-1.548078E+0
-1.559838E+0
-1.570128E+0
-1.580418E+0
-1.590708E+0
-1.598058E+0
-1.606878E+0
-1.612758E+0
-1.618638E+0
-1.623048E+0
-1.624518E+0
-1.625988E+0
-1.625988E+0
-1.625988E+0
-1.624518E+0
-1.623048E+0
-1.618638E+0
-1.614228E+0
-1.608348E+0
-1.600998E+0
-1.593648E+0
-1.586298E+0
-1.577478E+0
-1.571598E+0
-1.565718E+0
-1.564248E+0
-1.564248E+0
-1.567188E+0
-1.573068E+0
-1.581888E+0
-1.592178E+0
-1.605408E+0
-1.617168E+0
-1.631868E+0
-1.645098E+0
-1.659798E+0
-1.671558E+0
-1.684788E+0
-1.695078E+0
-1.702428E+0
-1.709778E+0
-1.714188E+0
-1.717128E+0
-1.717128E+0
-1.717128E+0
-1.717128E+0
-1.717128E+0
-1.720068E+0
-1.724478E+0
-1.731828E+0
-1.740648E+0
-1.750938E+0
-1.761228E+0
-1.768578E+0
-1.772988E+0
-1.772988E+0
-1.770048E+0
-1.762698E+0
-1.752408E+0
-1.740648E+0
-1.728888E+0
-1.717128E+0
-1.706838E+0
-1.699488E+0
-1.693608E+0
-1.689198E+0
-1.689198E+0
-1.690668E+0
-1.695078E+0
-1.702428E+0
-1.712718E+0
-1.723008E+0
-1.734768E+0
-1.745058E+0
-1.753878E+0
-1.759758E+0
-1.762698E+0
-1.759758E+0
-1.753878E+0
-1.746528E+0
-1.739178E+0
-1.731828E+0
-1.725948E+0
-1.725948E+0
-1.728888E+0
-1.737708E+0
-1.750938E+0
-1.768578E+0
-1.786218E+0
-1.803858E+0
-1.821498E+0
-1.837668E+0
-1.849428E+0
-1.859718E+0
-1.870008E+0
-1.878828E+0
-1.886178E+0
-1.893528E+0
-1.900878E+0
-1.905288E+0
-1.906758E+0
-1.903818E+0
-1.896468E+0
-1.883238E+0
-1.868538E+0
-1.852368E+0
-1.834728E+0
-1.818558E+0
-1.805328E+0
-1.796508E+0
-1.792098E+0
-1.792098E+0
-1.796508E+0
-1.805328E+0
-1.818558E+0
-1.836198E+0
-1.855308E+0
-1.875888E+0
-1.894998E+0
-1.912638E+0
-1.927338E+0
-1.936158E+0
-1.939098E+0
-1.936158E+0
-1.928808E+0
-1.917048E+0
-1.903818E+0
-1.889118E+0
-1.875888E+0
-1.867068E+0
-1.861188E+0
-1.859718E+0
-1.864128E+0
-1.871478E+0
-1.883238E+0
-1.897938E+0
-1.915578E+0
-1.934688E+0
-1.955268E+0
-1.975848E+0
-1.994958E+0
-2.012598E+0
-2.028768E+0
-2.041998E+0
-2.050818E+0
-2.058168E+0
-2.061108E+0
-2.061108E+0
-2.058168E+0
-2.053758E+0
-2.046408E+0
-2.037588E+0
-2.028768E+0
-2.017008E+0
-2.006718E+0
-1.994958E+0
-1.984668E+0
-1.977318E+0
-1.971438E+0
-1.969968E+0
-1.969968E+0
-1.971438E+0
-1.975848E+0
-1.981728E+0
-1.986138E+0
-1.990548E+0
-1.992018E+0
-1.990548E+0
-1.989078E+0
-1.986138E+0
-1.980258E+0
-1.975848E+0
-1.972908E+0
-1.972908E+0
-1.975848E+0
-1.983198E+0
-1.996428E+0
-2.012598E+0
-2.034648E+0
-2.058168E+0
-2.083158E+0
-2.106678E+0
-2.127258E+0
-2.144898E+0
-2.156658E+0
-2.162538E+0
-2.162538E+0
-2.159598E+0
-2.152248E+0
-2.143428E+0
-2.133138E+0
-2.124318E+0
-2.115498E+0
-2.109618E+0
-2.105208E+0
-2.102268E+0
-2.102268E+0
-2.103738E+0
-2.105208E+0
-2.106678E+0
-2.108148E+0
-2.108148E+0
-2.108148E+0
-2.105208E+0
-2.102268E+0
-2.099328E+0
-2.094918E+0
-2.091978E+0
-2.089038E+0
-2.089038E+0
-2.090508E+0
-2.093448E+0
-2.099328E+0
-2.108148E+0
-2.116968E+0
-2.127258E+0
-2.139018E+0
-2.150778E+0
-2.161068E+0
-2.171358E+0
-2.181648E+0
-2.190468E+0
-2.200758E+0
-2.209578E+0
-2.218398E+0
-2.227218E+0
-2.234568E+0
-2.240448E+0
-2.241918E+0
-2.241918E+0
-2.240448E+0
-2.236038E+0
-2.230158E+0
-2.224278E+0
-2.218398E+0
-2.213988E+0
-2.211048E+0
-2.209578E+0
-2.211048E+0
-2.216928E+0
-2.224278E+0
-2.234568E+0
-2.247798E+0
-2.263968E+0
-2.281608E+0
-2.300718E+0
-2.316888E+0
-2.333058E+0
-2.344818E+0
-2.353638E+0
-2.356578E+0
-2.355108E+0
-2.349228E+0
-2.340408E+0
-2.328648E+0
-2.313948E+0
-2.299248E+0
-2.284548E+0
-2.269848E+0
-2.255148E+0
-2.240448E+0
-2.227218E+0
-2.213988E+0
-2.203698E+0
-2.193408E+0
-2.186058E+0
-2.181648E+0
-2.180178E+0
-2.183118E+0
-2.187528E+0
-2.196348E+0
-2.206638E+0
-2.218398E+0
-2.228688E+0
-2.240448E+0
-2.250738E+0
-2.259558E+0
-2.268378E+0
-2.275728E+0
-2.283078E+0
-2.290428E+0
-2.296308E+0
-2.302188E+0
-2.306598E+0
-2.311008E+0
-2.313948E+0
-2.315418E+0
-2.315418E+0
-2.316888E+0
-2.316888E+0
-2.316888E+0
-2.316888E+0
-2.315418E+0
-2.315418E+0
-2.312478E+0
-2.309538E+0
-2.306598E+0
-2.302188E+0
-2.299248E+0
-2.297778E+0
-2.297778E+0
-2.297778E+0
-2.300718E+0
-2.303658E+0
-2.308068E+0
-2.312478E+0
-2.318358E+0
-2.324238E+0
-2.330118E+0
-2.338938E+0
-2.346288E+0
-2.353638E+0
-2.358048E+0
-2.360988E+0
-2.358048E+0
-2.350698E+0
-2.340408E+0
-2.328648E+0
-2.315418E+0
-2.303658E+0
-2.293368E+0
-2.287488E+0
-2.286018E+0
-2.288958E+0
-2.293368E+0
-2.300718E+0
-2.309538E+0
-2.319828E+0
-2.328648E+0
-2.337468E+0
-2.346288E+0
-2.356578E+0
-2.366868E+0
-2.378628E+0
-2.391858E+0
-2.406558E+0
-2.419788E+0
-2.433018E+0
-2.446248E+0
-2.458008E+0
-2.468298E+0
-2.477118E+0
-2.484468E+0
-2.490348E+0
-2.494758E+0
-2.499168E+0
-2.503578E+0
-2.506518E+0
-2.509458E+0
-2.513868E+0
-2.516808E+0
-2.518278E+0
-2.519748E+0
-2.521218E+0
-2.521218E+0
-2.521218E+0
-2.521218E+0
-2.522688E+0
-2.525628E+0
-2.530038E+0
-2.537388E+0
-2.546208E+0
-2.556498E+0
-2.566788E+0
-2.578548E+0
-2.587368E+0
-2.596188E+0
-2.603538E+0
-2.607948E+0
-2.610888E+0
-2.612358E+0
-2.612358E+0
-2.609418E+0
-2.607948E+0
-2.603538E+0
-2.602068E+0
-2.599128E+0
-2.596188E+0
-2.596188E+0
-2.596188E+0
-2.596188E+0
-2.596188E+0
-2.596188E+0
-2.594718E+0
-2.591778E+0
-2.585898E+0
-2.578548E+0
-2.569728E+0
-2.560908E+0
-2.553558E+0
-2.546208E+0
-2.541798E+0
-2.540328E+0
-2.541798E+0
-2.544738E+0
-2.547678E+0
-2.552088E+0
-2.555028E+0
-2.556498E+0
-2.557968E+0
-2.559438E+0
-2.560908E+0
-2.563848E+0
-2.568258E+0
-2.574138E+0
-2.582958E+0
-2.593248E+0
-2.605008E+0
-2.616768E+0
-2.627058E+0
-2.638818E+0
-2.647638E+0
-2.657928E+0
-2.666748E+0
-2.675568E+0
-2.681448E+0
-2.687328E+0
-2.691738E+0
-2.691738E+0
-2.687328E+0
-2.681448E+0
-2.672628E+0
-2.662338E+0
-2.649108E+0
-2.635878E+0
-2.624118E+0
-2.613828E+0
-2.603538E+0
-2.597658E+0
-2.594718E+0
-2.593248E+0
-2.596188E+0
-2.602068E+0
-2.610888E+0
-2.624118E+0
-2.637348E+0
-2.654988E+0
-2.672628E+0
-2.691738E+0
-2.710848E+0
-2.728488E+0
-2.746128E+0
-2.762298E+0
-2.775528E+0
-2.785818E+0
-2.793168E+0
-2.796108E+0
-2.794638E+0
-2.787288E+0
-2.778468E+0
-2.766708E+0
-2.753478E+0
-2.740248E+0
-2.728488E+0
-2.718198E+0
-2.709378E+0
-2.703498E+0
-2.697618E+0
-2.694678E+0
-2.691738E+0
-2.691738E+0
-2.694678E+0
-2.699088E+0
-2.704968E+0
-2.713788E+0
-2.722608E+0
-2.729958E+0
-2.732898E+0
-2.734368E+0
-2.731428E+0
-2.725548E+0
-2.718198E+0
-2.712318E+0
-2.707908E+0
-2.707908E+0
-2.712318E+0
-2.721138E+0
-2.731428E+0
-2.744658E+0
-2.756418E+0
-2.763768E+0
-2.769648E+0
-2.769648E+0
-2.765238E+0
-2.757888E+0
-2.749068E+0
-2.740248E+0
-2.732898E+0
-2.729958E+0
-2.731428E+0
-2.738778E+0
-2.750538E+0
-2.765238E+0
-2.785818E+0
-2.807868E+0
-2.829918E+0
-2.849028E+0
-2.866668E+0
-2.881368E+0
-2.891658E+0
-2.900478E+0
-2.906358E+0
-2.913708E+0
-2.921058E+0
-2.929878E+0
-2.937228E+0
-2.946048E+0
-2.951928E+0
-2.953398E+0
-2.951928E+0
-2.943108E+0
-2.931348E+0
-2.916648E+0
-2.900478E+0
-2.885778E+0
-2.874018E+0
-2.866668E+0
-2.865198E+0
-2.868138E+0
-2.874018E+0
-2.882838E+0
-2.891658E+0
-2.900478E+0
-2.904888E+0
-2.906358E+0
-2.903418E+0
-2.896068E+0
-2.885778E+0
-2.874018E+0
-2.862258E+0
-2.849028E+0
-2.837268E+0
-2.826978E+0
-2.818158E+0
-2.810808E+0
-2.806398E+0
-2.803458E+0
-2.804928E+0
-2.807868E+0
-2.816688E+0
-2.828448E+0
-2.844618E+0
-2.866668E+0
-2.890188E+0
-2.918118E+0
-2.947518E+0
-2.976918E+0
-3.004848E+0
-3.032778E+0
-3.056298E+0
-3.078348E+0
-3.094518E+0
-3.107748E+0
-3.115098E+0
-3.119508E+0
-3.119508E+0
-3.115098E+0
-3.109218E+0
-3.101868E+0
-3.095988E+0
-3.091578E+0
-3.088638E+0
-3.088638E+0
-3.091578E+0
-3.097458E+0
-3.101868E+0
-3.104808E+0
-3.107748E+0
-3.106278E+0
-3.103338E+0
-3.098928E+0
-3.093048E+0
-3.088638E+0
-3.085698E+0
-3.084228E+0
-3.082758E+0
-3.081288E+0
-3.079818E+0
-3.078348E+0
-3.076878E+0
-3.075408E+0
-3.075408E+0
-3.076878E+0
-3.081288E+0
-3.088638E+0
-3.098928E+0
-3.109218E+0
-3.120978E+0
-3.131268E+0
-3.138618E+0
-3.143028E+0
-3.143028E+0
-3.140088E+0
-3.135678E+0
-3.129798E+0
-3.126858E+0
-3.125388E+0
-3.126858E+0
-3.132738E+0
-3.141558E+0
-3.153318E+0
-3.166548E+0
-3.181248E+0
-3.194478E+0
-3.206238E+0
-3.217998E+0
-3.228288E+0
-3.238578E+0
-3.251808E+0
-3.265038E+0
-3.279738E+0
-3.294438E+0
-3.307668E+0
-3.317958E+0
-3.322368E+0
-3.322368E+0
-3.316488E+0
-3.304728E+0
-3.288558E+0
-3.270918E+0
-3.251808E+0
-3.234168E+0
-3.217998E+0
-3.203298E+0
-3.194478E+0
-3.190068E+0
-3.188598E+0
-3.191538E+0
-3.197418E+0
-3.204768E+0
-3.213588E+0
-3.222408E+0
-3.229758E+0
-3.235638E+0
-3.238578E+0
-3.238578E+0
-3.232698E+0
-3.223878E+0
-3.210648E+0
-3.194478E+0
-3.178308E+0
-3.163608E+0
-3.151848E+0
-3.144498E+0
-3.143028E+0
-3.147438E+0
-3.156258E+0
-3.168018E+0
-3.181248E+0
-3.194478E+0
-3.207708E+0
-3.215058E+0
-3.222408E+0
-3.225348E+0
-3.229758E+0
-3.232698E+0
-3.237108E+0
-3.242988E+0
-3.250338E+0
-3.259158E+0
-3.269448E+0
-3.279738E+0
-3.291498E+0
-3.304728E+0
-3.316488E+0
-3.329718E+0
-3.342948E+0
-3.354708E+0
-3.366468E+0
-3.378228E+0
-3.388518E+0
-3.400278E+0
-3.410568E+0
-3.422328E+0
-3.434088E+0
-3.445848E+0
-3.456138E+0
-3.464958E+0
-3.473778E+0
-3.479658E+0
-3.482598E+0
-3.484068E+0
-3.482598E+0
-3.479658E+0
-3.473778E+0
-3.467898E+0
-3.462018E+0
-3.459078E+0
-3.457608E+0
-3.459078E+0
-3.462018E+0
-3.466428E+0
-3.472308E+0
-3.473778E+0
-3.472308E+0
-3.467898E+0
-3.457608E+0
-3.444378E+0
-3.428208E+0
-3.410568E+0
-3.391458E+0
-3.373818E+0
-3.357648E+0
-3.342948E+0
-3.331188E+0
-3.320898E+0
-3.315018E+0
-3.313548E+0
-3.316488E+0
-3.326778E+0
-3.341478E+0
-3.360588E+0
-3.385578E+0
-3.410568E+0
-3.438498E+0
-3.463488E+0
-3.485538E+0
-3.503178E+0
-3.517878E+0
-3.526698E+0
-3.529638E+0
-3.529638E+0
-3.523758E+0
-3.514938E+0
-3.501708E+0
-3.487008E+0
-3.467898E+0
-3.451728E+0
-3.265038E+0
-2.669688E+0
-1.761228E+0
-7.675080E-1
1.703520E-1
1.000902E+0
1.710912E+0
2.303322E+0
2.784012E+0
3.166212E+0
3.463152E+0
3.680712E+0
3.829182E+0
3.910032E+0
3.929142E+0
3.889452E+0
3.793902E+0
3.648372E+0
3.455802E+0
3.217662E+0
2.935422E+0
2.607612E+0
2.229822E+0
1.803522E+0
1.346352E+0
8.568420E-1
3.217620E-1
-2.515380E-1
-8.292480E-1
-1.392258E+0
-1.927338E+0
-2.427138E+0
-2.890188E+0
-3.319428E+0
-3.720738E+0
-4.099998E+0
-4.461618E+0
-4.814418E+0
-5.161338E+0
-5.512668E+0
-5.865468E+0
-6.231498E+0
-6.607818E+0
-6.995898E+0
-7.388388E+0
-7.783818E+0
-8.158668E+0
-8.508528E+0
-8.812818E+0
-9.050958E+0
-9.217068E+0
-9.309678E+0
-9.330258E+0
-9.330258E+0
-9.319968E+0
-9.342018E+0
-9.418458E+0
-9.566928E+0
-9.857988E+0
-1.034309E+1
-1.118099E+1
-1.286855E+1
-2.088005E+1
-2.088005E+1
-2.088005E+1
-2.088005E+1
-2.088005E+1
-2.088005E+1
-2.088005E+1
-2.088005E+1
-2.088005E+1
-2.088005E+1
-2.088005E+1
-2.088005E+1
-2.088005E+1
-2.088005E+1
-2.088005E+1
-2.088005E+1
-2.088005E+1
-2.088005E+1
-2.088005E+1
-2.088005E+1
-1.786949E+1
-1.349330E+1
-1.191746E+1
-1.092374E+1
-1.021079E+1
-9.652188E+0
-9.237648E+0
-8.933358E+0
-8.730498E+0
-8.627598E+0
-8.620248E+0
-8.674638E+0
-8.795178E+0
-8.959818E+0
-9.156798E+0
-9.374358E+0
-9.590448E+0
-9.791838E+0
-9.969708E+0
-1.011818E+1
-1.024313E+1
-1.034309E+1
-1.041218E+1
-1.046510E+1
-1.051949E+1
-1.055624E+1
-1.061357E+1
-1.067237E+1
-1.075322E+1
-1.083554E+1
-1.094579E+1
-1.106045E+1
-1.115747E+1
-1.118099E+1
-1.113248E+1
-1.103693E+1
-1.090169E+1
-1.075322E+1
-1.063268E+1
-1.059446E+1
-1.065326E+1
-1.083554E+1
-1.118099E+1
-1.171607E+1
-1.247312E+1
-1.372262E+1
-1.587911E+1
-2.088005E+1
-2.088005E+1
-2.088005E+1
-2.088005E+1
-2.088005E+1
-2.088005E+1
-2.088005E+1
-2.088005E+1
-2.088005E+1
-2.088005E+1
-2.088005E+1
-2.088005E+1
-1.485893E+1
-1.315961E+1
-1.234082E+1
-1.188218E+1
-1.174841E+1
-1.181456E+1
-1.213796E+1
-1.276271E+1
-1.380494E+1
-1.610843E+1
-2.088005E+1
-2.088005E+1
-2.088005E+1
-2.088005E+1
-2.088005E+1
-2.088005E+1
-2.088005E+1
-1.610843E+1
-1.356680E+1
-1.238492E+1
-1.171607E+1
-1.131035E+1
-1.106045E+1
-1.094579E+1
-1.092374E+1
-1.094579E+1
-1.098989E+1
-1.101341E+1
-1.098989E+1
-1.085759E+1
-1.067237E+1
-1.046510E+1
-1.024313E+1
-1.007261E+1
-9.941778E+0
-9.872688E+0
-9.899148E+0
-1.004321E+1
-1.029311E+1
-1.069148E+1
-1.128389E+1
-1.209974E+1
-1.349330E+1
-1.698896E+1
-2.088005E+1
-2.088005E+1
-2.088005E+1
-2.088005E+1
-2.088005E+1
-2.088005E+1
-2.088005E+1
-2.088005E+1
-2.088005E+1
-2.088005E+1
-2.088005E+1
-2.088005E+1
-2.088005E+1
-2.088005E+1
-2.088005E+1
-1.372262E+1
-1.195274E+1
-1.115747E+1
-1.077380E+1
-1.063268E+1
-1.067237E+1
-1.083554E+1
-1.110749E+1
-1.144706E+1
-1.184837E+1
-1.221734E+1
-1.247312E+1
-1.266275E+1
-1.266275E+1
-1.256573E+1
-1.234082E+1
-1.206152E+1
-1.171607E+1
-1.136327E+1
-1.098989E+1
-1.063268E+1
-1.027694E+1
-9.941778E+0
-9.652188E+0
-9.396408E+0
-9.196488E+0
-9.061248E+0
-8.996568E+0
-9.014208E+0
-9.118578E+0
-9.319968E+0
-9.627198E+0
-1.002851E+1
-1.053860E+1
-1.108397E+1
-1.162346E+1
-1.202477E+1
-1.213796E+1
-1.202477E+1
-1.178222E+1
-1.156319E+1
-1.141913E+1
-1.141913E+1
-1.153379E+1
-1.188218E+1
-1.242902E+1
-1.335365E+1
-1.485893E+1
-2.088005E+1
-2.088005E+1
-2.088005E+1
-2.088005E+1
-2.088005E+1
-2.088005E+1
-2.088005E+1
-2.088005E+1
-2.088005E+1
-2.088005E+1
-2.088005E+1
-2.088005E+1
-2.088005E+1
-2.088005E+1
-2.088005E+1
-2.088005E+1
-2.088005E+1
-2.088005E+1
-1.698896E+1
-1.397840E+1
-1.292441E+1
-1.242902E+1
-1.225850E+1
-1.225850E+1
-1.247312E+1
-1.286855E+1
-1.342274E+1
-1.426799E+1
-1.514852E+1
-1.610843E+1
-1.610843E+1
-1.548368E+1
-1.460315E+1
-1.380494E+1
-1.328750E+1
-1.292441E+1
-1.276271E+1
-1.271273E+1
-1.281563E+1
-1.292441E+1
-1.292441E+1
-1.271273E+1
-1.225850E+1
-1.165433E+1
-1.106045E+1
-1.051949E+1
-1.010201E+1
-9.778608E+0
-9.578688E+0
-9.484608E+0
-9.508128E+0
-9.627198E+0
-9.844758E+0
-1.013288E+1
-1.048274E+1
-1.085759E+1
-1.118099E+1
-1.139120E+1
-1.139120E+1
-1.120745E+1
-1.085759E+1
-1.042982E+1
-1.001381E+1
-9.627198E+0
-9.309678E+0
-9.061248E+0
-8.889258E+0
-8.787828E+0
-8.754018E+0
-8.787828E+0
-8.871618E+0
-9.014208E+0
-9.206778E+0
-9.474318E+0
-9.805068E+0
-1.022696E+1
-1.077380E+1
-1.156319E+1
-1.281563E+1
-1.587911E+1
-2.088005E+1
-2.088005E+1
-2.088005E+1
-2.088005E+1
-2.088005E+1
-2.088005E+1
-2.088005E+1
-2.088005E+1
-2.088005E+1
-2.088005E+1
-2.088005E+1
-2.088005E+1
-2.088005E+1
-2.088005E+1
-2.088005E+1
-2.088005E+1
-1.426799E+1
-1.309787E+1
-1.261277E+1
-1.256573E+1
-1.281563E+1
-1.349330E+1
-1.448555E+1
-1.636421E+1
-1.849424E+1
-1.786949E+1
-1.514852E+1
-1.335365E+1
-1.213796E+1
-1.120745E+1
-1.048274E+1
-9.899148E+0
-9.418458E+0
-9.014208E+0
-8.690808E+0
-8.429148E+0
-8.233638E+0
-8.110158E+0
-8.055768E+0
-8.079288E+0
-8.177778E+0
-8.346828E+0
-8.574678E+0
-8.855448E+0
-9.167088E+0
-9.474318E+0
-9.765378E+0
-1.002851E+1
-1.030928E+1
-1.061357E+1
-1.103693E+1
-1.165433E+1
-1.271273E+1
-1.485893E+1
-2.088005E+1
-2.088005E+1
-2.088005E+1
-2.088005E+1
-2.088005E+1
-2.088005E+1
-2.088005E+1
-2.088005E+1
-2.088005E+1
-2.088005E+1
-2.088005E+1
-2.088005E+1
-2.088005E+1
-2.088005E+1
-2.088005E+1
-2.088005E+1
-2.088005E+1
-2.088005E+1
-2.088005E+1
-2.088005E+1
-2.088005E+1
-2.088005E+1
-2.088005E+1
-2.088005E+1
-2.088005E+1
-2.088005E+1
-2.088005E+1
-2.088005E+1
-2.088005E+1
-2.088005E+1
-2.088005E+1
-2.088005E+1
-2.088005E+1
-2.088005E+1
-2.088005E+1
-2.088005E+1
-2.088005E+1
-2.088005E+1
-2.088005E+1
-2.088005E+1
-2.088005E+1
-2.088005E+1
-2.088005E+1
-2.088005E+1
-2.088005E+1
-2.088005E+1
-2.088005E+1
-2.088005E+1
-2.088005E+1
-2.088005E+1
-2.088005E+1
-2.088005E+1
-2.088005E+1
-1.698896E+1
-1.309787E+1
-1.171607E+1
-1.094579E+1
-1.046510E+1
-1.019609E+1
-1.007261E+1
-1.010201E+1
-1.025930E+1
-1.051949E+1
-1.090169E+1
-1.139120E+1
-1.198802E+1
-1.276271E+1
-1.372262E+1
-1.531022E+1
-2.088005E+1
-2.088005E+1
-2.088005E+1
-2.088005E+1
-2.088005E+1
-2.088005E+1
-2.088005E+1
-2.088005E+1
-2.088005E+1
-1.610843E+1
-1.349330E+1
-1.234082E+1
-1.165433E+1
-1.118099E+1
-1.090169E+1
-1.069148E+1
-1.057535E+1
-1.046510E+1
-1.037690E+1
-1.029311E+1
-1.019609E+1
-1.010201E+1
-1.004321E+1
-1.002851E+1
-1.010201E+1
-1.027694E+1
-1.061357E+1
-1.118099E+1
-1.213796E+1
-1.416803E+1
-2.088005E+1
-2.088005E+1
-2.088005E+1
-2.088005E+1
-2.088005E+1
-2.088005E+1
-2.088005E+1
-2.088005E+1
-2.088005E+1
-2.088005E+1
-1.849424E+1
-1.610843E+1
-1.587911E+1
-1.636421E+1
-1.738439E+1
-1.786949E+1
-1.610843E+1
-1.437383E+1
-1.298027E+1
-1.188218E+1
-1.106045E+1
-1.042982E+1
-9.984408E+0
-9.702168E+0
-9.578688E+0
-9.578688E+0
-9.727158E+0
-1.002851E+1
-1.053860E+1
-1.136327E+1
-1.281563E+1
-1.937477E+1
-2.088005E+1
-2.088005E+1
-2.088005E+1
-2.088005E+1
-2.088005E+1
-2.088005E+1
-2.088005E+1
-2.088005E+1
-2.088005E+1
-2.088005E+1
-2.088005E+1
-2.088005E+1
-2.088005E+1
-2.088005E+1
-2.088005E+1
-2.088005E+1
-2.088005E+1
-2.088005E+1
-1.849424E+1
-1.567331E+1
-1.460315E+1
-1.407101E+1
-1.407101E+1
-1.472663E+1
-1.786949E+1
-2.088005E+1
-2.088005E+1
-2.088005E+1
-2.088005E+1
-2.088005E+1
-2.088005E+1
-2.088005E+1
-2.088005E+1
-2.088005E+1
-2.088005E+1
-1.380494E+1
-1.178222E+1
-1.087964E+1
-1.041218E+1
-1.022696E+1
-1.025930E+1
-1.048274E+1
-1.092374E+1
-1.165433E+1
-1.292441E+1
-1.610843E+1
-2.088005E+1
-2.088005E+1
-2.088005E+1
-2.088005E+1
-2.088005E+1
-2.088005E+1
-2.088005E+1
-2.088005E+1
-2.088005E+1
-2.088005E+1
-2.088005E+1
-2.088005E+1
-2.088005E+1
-2.088005E+1
-2.088005E+1
-2.088005E+1
-2.088005E+1
-2.088005E+1
-2.088005E+1
-2.088005E+1
-2.088005E+1
-2.088005E+1
-2.088005E+1
-2.088005E+1
-2.088005E+1
-2.088005E+1
-2.088005E+1
-2.088005E+1
-2.088005E+1
-2.088005E+1
-2.088005E+1
-2.088005E+1
-2.088005E+1
-2.088005E+1
-2.088005E+1
-2.088005E+1
-2.088005E+1
-2.088005E+1
-2.088005E+1
-2.088005E+1
-2.088005E+1
-2.088005E+1
-1.531022E+1
-1.328750E+1
-1.261277E+1
-1.256573E+1
-1.309787E+1
-1.485893E+1
-2.088005E+1
-2.088005E+1
-2.088005E+1
-2.088005E+1
-2.088005E+1
-2.088005E+1
-2.088005E+1
-2.088005E+1
-2.088005E+1
-2.088005E+1
-2.088005E+1
-2.088005E+1
-2.088005E+1
-2.088005E+1
-2.088005E+1
-2.088005E+1
-2.088005E+1
-2.088005E+1
-2.088005E+1
-2.088005E+1
-2.088005E+1
-2.088005E+1
-2.088005E+1
-2.088005E+1
-2.088005E+1
-2.088005E+1
-2.088005E+1
-1.937477E+1
-1.448555E+1
-1.372262E+1
-1.380494E+1
-1.485893E+1
-2.088005E+1
-2.088005E+1
-2.088005E+1
-2.088005E+1
-2.088005E+1
-2.088005E+1
-1.397840E+1
-1.195274E+1
-1.087964E+1
-1.024313E+1
-9.872688E+0
-9.713928E+0
-9.727158E+0
-9.913848E+0
-1.027694E+1
-1.083554E+1
-1.159259E+1
-1.261277E+1
-1.407101E+1
-1.665380E+1
-2.088005E+1
-2.088005E+1
-2.088005E+1
-2.088005E+1
-2.088005E+1
-2.088005E+1
-2.088005E+1
-2.088005E+1
-2.088005E+1
-2.088005E+1
-2.088005E+1
-2.088005E+1
-2.088005E+1
-2.088005E+1
-2.088005E+1
-2.088005E+1
-2.088005E+1
-2.088005E+1
-1.364324E+1
-1.174841E+1
-1.077380E+1
-1.013288E+1
-9.727158E+0
-9.462558E+0
-9.319968E+0
-9.289098E+0
-9.362598E+0
-9.566928E+0
-9.899148E+0
-1.042982E+1
-1.125743E+1
-1.266275E+1
-1.698896E+1
-2.088005E+1
-2.088005E+1
-2.088005E+1
-2.088005E+1
-2.088005E+1
-2.088005E+1
-2.088005E+1
-2.088005E+1
-2.088005E+1
-2.088005E+1
-1.531022E+1
-1.416803E+1
-1.380494E+1
-1.372262E+1
-1.416803E+1
-1.514852E+1
-1.849424E+1
-2.088005E+1
-2.088005E+1
-2.088005E+1
-2.088005E+1
-2.088005E+1
-1.937477E+1
-1.389020E+1
-1.221734E+1
-1.123244E+1
-1.057535E+1
-1.014905E+1
-9.872688E+0
-9.738918E+0
-9.713928E+0
-9.818298E+0
-1.002851E+1
-1.036073E+1
-1.085759E+1
-1.156319E+1
-1.266275E+1
-1.485893E+1
-2.088005E+1
-2.088005E+1
-2.088005E+1
-2.088005E+1
-2.088005E+1
-2.088005E+1
-2.088005E+1
-2.088005E+1
-2.088005E+1
-2.088005E+1
-2.088005E+1
-2.088005E+1
-2.088005E+1
-2.088005E+1
-1.472663E+1
-1.286855E+1
-1.202477E+1
-1.162346E+1
-1.147499E+1
-1.147499E+1
-1.165433E+1
-1.195274E+1
-1.242902E+1
-1.309787E+1
-1.397840E+1
-1.514852E+1
-1.665380E+1
-1.849424E+1
-1.786949E+1
-1.665380E+1
-1.548368E+1
-1.472663E+1
-1.437383E+1
-1.460315E+1
-1.548368E+1
-2.088005E+1
-2.088005E+1
-2.088005E+1
-2.088005E+1
-2.088005E+1
-2.088005E+1
-2.088005E+1
-2.088005E+1
-2.088005E+1
-2.088005E+1
-2.088005E+1
-2.088005E+1
-2.088005E+1
-2.088005E+1
-2.088005E+1
-2.088005E+1
-2.088005E+1
-1.937477E+1
-1.786949E+1
-1.698896E+1
-1.636421E+1
-1.610843E+1
-1.587911E+1
-1.587911E+1
-1.665380E+1
-1.849424E+1
-2.088005E+1
-2.088005E+1
-2.088005E+1
-2.088005E+1
-2.088005E+1
-2.088005E+1
-2.088005E+1
-2.088005E+1
-2.088005E+1
-2.088005E+1
-2.088005E+1
-2.088005E+1
-2.088005E+1
-2.088005E+1
-2.088005E+1
-2.088005E+1
-2.088005E+1
-2.088005E+1
-2.088005E+1
-1.485893E+1
-1.276271E+1
-1.181456E+1
-1.128389E+1
-1.094579E+1
-1.077380E+1
-1.071206E+1
-1.077380E+1
-1.092374E+1
-1.115747E+1
-1.150439E+1
-1.195274E+1
-1.242902E+1
-1.292441E+1
-1.335365E+1
-1.349330E+1
-1.335365E+1
-1.303907E+1
-1.266275E+1
-1.229966E+1
-1.206152E+1
-1.191746E+1
-1.184837E+1
-1.184837E+1
-1.191746E+1
-1.191746E+1
-1.188218E+1
-1.174841E+1
-1.153379E+1
-1.125743E+1
-1.098989E+1
-1.075322E+1
-1.055624E+1
-1.042982E+1
-1.039454E+1
-1.044746E+1
-1.059446E+1
-1.085759E+1
-1.128389E+1
-1.191746E+1
-1.298027E+1
-1.499858E+1
-2.088005E+1
-2.088005E+1
-2.088005E+1
-2.088005E+1
-2.088005E+1
-2.088005E+1
-2.088005E+1
-2.088005E+1
-1.610843E+1
-1.472663E+1
-1.472663E+1
-1.636421E+1
-2.088005E+1
-2.088005E+1
-2.088005E+1
-2.088005E+1
-2.088005E+1
-2.088005E+1
-2.088005E+1
-2.088005E+1
-2.088005E+1
-2.088005E+1
-2.088005E+1
-2.088005E+1
-2.088005E+1
-2.088005E+1
-2.088005E+1
-2.088005E+1
-2.088005E+1
-2.088005E+1
-2.088005E+1
-2.088005E+1
-2.088005E+1
-2.088005E+1
-1.665380E+1
-1.229966E+1
-1.098989E+1
-1.027694E+1
-9.857988E+0
-9.675708E+0
-9.675708E+0
-9.872688E+0
-1.029311E+1
-1.108397E+1
-1.256573E+1
-2.088005E+1
-2.088005E+1
-2.088005E+1
-2.088005E+1
-2.088005E+1
-2.088005E+1
-2.088005E+1
-2.088005E+1
-2.088005E+1
-2.088005E+1
-2.088005E+1
-2.088005E+1
-1.372262E+1
-1.213796E+1
-1.133681E+1
-1.090169E+1
-1.073264E+1
-1.081496E+1
-1.120745E+1
-1.209974E+1
-1.472663E+1
-2.088005E+1
-2.088005E+1
-2.088005E+1
-2.088005E+1
-2.088005E+1
-2.088005E+1
-2.088005E+1
-2.088005E+1
-2.088005E+1
-2.088005E+1
-2.088005E+1
-2.088005E+1
-2.088005E+1
-2.088005E+1
-2.088005E+1
-2.088005E+1
-2.088005E+1
-2.088005E+1
-2.088005E+1
-2.088005E+1
-2.088005E+1
-1.460315E+1
-1.256573E+1
-1.139120E+1
-1.059446E+1
-1.005791E+1
-9.663948E+0
-9.384648E+0
-9.186198E+0
-9.042138E+0
-8.942178E+0
-8.855448E+0
-8.771658E+0
-8.705508E+0
-8.667288E+0
-8.651118E+0
-8.674638E+0
-8.762838E+0
-8.924538E+0
-9.177378E+0
-9.531648E+0
-1.001381E+1
-1.063268E+1
-1.147499E+1
-1.256573E+1
-1.437383E+1
-2.088005E+1
-2.088005E+1
-2.088005E+1
-2.088005E+1
-2.088005E+1
-2.088005E+1
-2.088005E+1
-2.088005E+1
-2.088005E+1
-2.088005E+1
-2.088005E+1
-2.088005E+1
-2.088005E+1
-2.088005E+1
-2.088005E+1
-2.088005E+1
-2.088005E+1
-2.088005E+1
-2.088005E+1
-2.088005E+1
-2.088005E+1
-2.088005E+1
-2.088005E+1
-2.088005E+1
-2.088005E+1
-2.088005E+1
-2.088005E+1
-2.088005E+1
-2.088005E+1
-2.088005E+1
-2.088005E+1
-2.088005E+1
-2.088005E+1
-2.088005E+1
-2.088005E+1
-2.088005E+1
-2.088005E+1
-2.088005E+1
-2.088005E+1
-2.088005E+1
-2.088005E+1
-2.088005E+1
-2.088005E+1
-2.088005E+1
-2.088005E+1
-2.088005E+1
-2.088005E+1
-1.849424E+1
-1.636421E+1
-1.548368E+1
-1.499858E+1
-1.448555E+1
-1.416803E+1
-1.407101E+1
-1.437383E+1
-1.531022E+1
-1.937477E+1
-2.088005E+1
-2.088005E+1
-2.088005E+1
-2.088005E+1
-2.088005E+1
-2.088005E+1
-2.088005E+1
-2.088005E+1
-2.088005E+1
-2.088005E+1
-2.088005E+1
-2.088005E+1
-2.088005E+1
-2.088005E+1
-2.088005E+1
-2.088005E+1
-2.088005E+1
-2.088005E+1
-2.088005E+1
-2.088005E+1
-2.088005E+1
-2.088005E+1
-1.342274E+1
-1.144706E+1
-1.051949E+1
-9.999108E+0
-9.688938E+0
-9.519888E+0
-9.428748E+0
-9.406698E+0
-9.440508E+0
-9.508128E+0
-9.602208E+0
-9.702168E+0
-9.791838E+0
-9.872688E+0
-9.941778E+0
-9.999108E+0
-1.007261E+1
-1.016375E+1
-1.030928E+1
-1.051949E+1
-1.081496E+1
-1.120745E+1
-1.165433E+1
-1.213796E+1
-1.251869E+1
-1.281563E+1
-1.281563E+1
-1.256573E+1
-1.221734E+1
-1.178222E+1
-1.136327E+1
-1.094579E+1
-1.055624E+1
-1.021079E+1
-9.899148E+0
-9.627198E+0
-9.396408E+0
-9.206778E+0
-9.070068E+0
-8.968638E+0
-8.915718E+0
-8.915718E+0
-8.959818E+0
-9.061248E+0
-9.217068E+0
-9.428748E+0
-9.702168E+0
-1.005791E+1
-1.046510E+1
-1.094579E+1
-1.147499E+1
-1.198802E+1
-1.242902E+1
-1.261277E+1
-1.247312E+1
-1.209974E+1
-1.159259E+1
-1.108397E+1
-1.059446E+1
-1.019609E+1
-9.872688E+0
-9.627198E+0
-9.450798E+0
-9.342018E+0
-9.299388E+0
-9.299388E+0
-9.362598E+0
-9.474318E+0
-9.652188E+0
-9.899148E+0
-1.024313E+1
-1.073264E+1
-1.144706E+1
-1.256573E+1
-1.499858E+1
-2.088005E+1
-2.088005E+1
-2.088005E+1
-2.088005E+1
-2.088005E+1
-2.088005E+1
-1.372262E+1
-1.178222E+1
-1.073264E+1
-1.002851E+1
-9.531648E+0
-9.186198E+0
-8.950998E+0
-8.779008E+0
-8.674638E+0
-8.612898E+0
-8.582028E+0
-8.574678E+0
-8.589378E+0
-8.620248E+0
-8.667288E+0
-8.714328E+0
-8.779008E+0
-8.855448E+0
-8.942178E+0
-9.042138E+0
-9.147978E+0
-9.258228E+0
-9.384648E+0
-9.508128E+0
-9.638958E+0
-9.805068E+0
-1.002851E+1
-1.034309E+1
-1.085759E+1
-1.171607E+1
-1.364324E+1
-2.088005E+1
-2.088005E+1
-2.088005E+1
-2.088005E+1
-2.088005E+1
-2.088005E+1
-2.088005E+1
-2.088005E+1
-2.088005E+1
-2.088005E+1
-2.088005E+1
-2.088005E+1
-2.088005E+1
-2.088005E+1
-2.088005E+1
-2.088005E+1
-2.088005E+1
-2.088005E+1
-2.088005E+1
-2.088005E+1
-2.088005E+1
-2.088005E+1
-2.088005E+1
-2.088005E+1
-2.088005E+1
-2.088005E+1
-2.088005E+1
-2.088005E+1
-2.088005E+1
-2.088005E+1
-2.088005E+1
-2.088005E+1
-2.088005E+1
-2.088005E+1
-1.448555E+1
-1.261277E+1
-1.153379E+1
-1.081496E+1
-1.029311E+1
-9.927078E+0
-9.675708E+0
-9.519888E+0
-9.440508E+0
-9.406698E+0
-9.396408E+0
-9.374358E+0
-9.342018E+0
-9.268518E+0
-9.156798E+0
-9.033318E+0
-8.889258E+0
-8.771658E+0
-8.690808E+0
-8.651118E+0
-8.674638E+0
-8.771658E+0
-8.959818E+0
-9.247938E+0
-9.663948E+0
-1.022696E+1
-1.101341E+1
-1.209974E+1
-1.380494E+1
-1.786949E+1
-2.088005E+1
-2.088005E+1
-2.088005E+1
-1.514852E+1
-1.309787E+1
-1.191746E+1
-1.110749E+1
-1.050185E+1
-1.005791E+1
-9.727158E+0
-9.484608E+0
-9.319968E+0
-9.217068E+0
-9.167088E+0
-9.167088E+0
-9.196488E+0
-9.237648E+0
-9.289098E+0
-9.330258E+0
-9.352308E+0
-9.352308E+0
-9.342018E+0
-9.319968E+0
-9.309678E+0
-9.330258E+0
-9.374358E+0
-9.474318E+0
-9.615438E+0
-9.791838E+0
-1.001381E+1
-1.022696E+1
-1.041218E+1
-1.055624E+1
-1.061357E+1
-1.063268E+1
-1.059446E+1
-1.053860E+1
-1.050185E+1
-1.046510E+1
-1.044746E+1
-1.044746E+1
-1.044746E+1
-1.044746E+1
-1.041218E+1
-1.039454E+1
-1.037690E+1
-1.034309E+1
-1.036073E+1
-1.039454E+1
-1.046510E+1
-1.059446E+1
-1.077380E+1
-1.098989E+1
-1.123244E+1
-1.153379E+1
-1.188218E+1
-1.225850E+1
-1.271273E+1
-1.328750E+1
-1.397840E+1
-1.485893E+1
-1.548368E+1
-1.567331E+1
-1.514852E+1
-1.416803E+1
-1.322135E+1
-1.251869E+1
-1.198802E+1
-1.171607E+1
-1.162346E+1
-1.174841E+1
-1.217765E+1
-1.309787E+1
-1.567331E+1
-2.088005E+1
-2.088005E+1
-2.088005E+1
-2.088005E+1
-2.088005E+1
-2.088005E+1
-2.088005E+1
-2.088005E+1
-2.088005E+1
-2.088005E+1
-2.088005E+1
-2.088005E+1
-2.088005E+1
-2.088005E+1
-2.088005E+1
-2.088005E+1
-2.088005E+1
-2.088005E+1
-2.088005E+1
-1.849424E+1
-1.397840E+1
-1.261277E+1
-1.188218E+1
-1.147499E+1
-1.133681E+1
-1.136327E+1
-1.162346E+1
-1.221734E+1
-1.335365E+1
-1.698896E+1
-2.088005E+1
-2.088005E+1
-2.088005E+1
-2.088005E+1
-2.088005E+1
-2.088005E+1
-2.088005E+1
-2.088005E+1
-2.088005E+1
-2.088005E+1
-2.088005E+1
-2.088005E+1
-1.437383E+1
-1.276271E+1
-1.191746E+1
-1.141913E+1
-1.115747E+1
-1.098989E+1
-1.094579E+1
-1.094579E+1
-1.098989E+1
-1.101341E+1
-1.098989E+1
-1.090169E+1
-1.075322E+1
-1.053860E+1
-1.030928E+1
-1.008731E+1
-9.913848E+0
-9.778608E+0
-9.713928E+0
-9.727158E+0
-9.818298E+0
-9.999108E+0
-1.025930E+1
-1.063268E+1
-1.110749E+1
-1.174841E+1
-1.266275E+1
-1.416803E+1
-2.088005E+1
-2.088005E+1
-2.088005E+1
-2.088005E+1
-2.088005E+1
-2.088005E+1
-2.088005E+1
-2.088005E+1
-2.088005E+1
-2.088005E+1
-2.088005E+1
-2.088005E+1
-2.088005E+1
-2.088005E+1
-2.088005E+1
-2.088005E+1
-2.088005E+1
-2.088005E+1
-1.531022E+1
-1.328750E+1
-1.251869E+1
-1.209974E+1
-1.181456E+1
-1.168520E+1
-1.165433E+1
-1.165433E+1
-1.174841E+1
-1.188218E+1
-1.213796E+1
-1.261277E+1
-1.349330E+1
-1.531022E+1
-2.088005E+1
-2.088005E+1
-2.088005E+1
-2.088005E+1
-2.088005E+1
-2.088005E+1
-2.088005E+1
-2.088005E+1
-1.460315E+1
-1.238492E+1
-1.128389E+1
-1.063268E+1
-1.022696E+1
-1.002851E+1
-9.984408E+0
-1.010201E+1
-1.036073E+1
-1.081496E+1
-1.150439E+1
-1.266275E+1
-1.499858E+1
-2.088005E+1
-2.088005E+1
-2.088005E+1
-2.088005E+1
-2.088005E+1
-1.698896E+1
-1.271273E+1
-1.110749E+1
-1.013288E+1
-9.440508E+0
-8.950998E+0
-8.627598E+0
-8.443848E+0
-8.373288E+0
-8.421798E+0
-8.574678E+0
-8.846628E+0
-9.227358E+0
-9.727158E+0
-1.037690E+1
-1.120745E+1
-1.225850E+1
-1.380494E+1
-1.665380E+1
-2.088005E+1
-2.088005E+1
-2.088005E+1
-2.088005E+1
-2.088005E+1
-2.088005E+1
-1.548368E+1
-1.349330E+1
-1.234082E+1
-1.156319E+1
-1.101341E+1
-1.067237E+1
-1.046510E+1
-1.041218E+1
-1.050185E+1
-1.075322E+1
-1.113248E+1
-1.168520E+1
-1.234082E+1
-1.315961E+1
-1.416803E+1
-1.499858E+1
-1.548368E+1
-1.531022E+1
-1.485893E+1
-1.437383E+1
-1.389020E+1
-1.349330E+1
-1.309787E+1
-1.281563E+1
-1.266275E+1
-1.256573E+1
-1.266275E+1
-1.309787E+1
-1.426799E+1
-2.088005E+1
-2.088005E+1
-2.088005E+1
-2.088005E+1
-2.088005E+1
-2.088005E+1
-2.088005E+1
-2.088005E+1
-2.088005E+1
-2.088005E+1
-2.088005E+1
-2.088005E+1
-2.088005E+1
-2.088005E+1
-2.088005E+1
-1.322135E+1
-1.171607E+1
-1.098989E+1
-1.063268E+1
-1.050185E+1
-1.050185E+1
-1.061357E+1
-1.077380E+1
-1.090169E+1
-1.092374E+1
-1.079438E+1
-1.055624E+1
-1.024313E+1
-9.941778E+0
-9.688938E+0
-9.508128E+0
-9.406698E+0
-9.406698E+0
-9.484608E+0
-9.652188E+0
-9.927078E+0
-1.029311E+1
-1.077380E+1
-1.139120E+1
-1.217765E+1
-1.335365E+1
-1.548368E+1
-2.088005E+1
-2.088005E+1
-2.088005E+1
-2.088005E+1
-2.088005E+1
-2.088005E+1
-1.472663E+1
-1.298027E+1
-1.191746E+1
-1.123244E+1
-1.077380E+1
-1.046510E+1
-1.032692E+1
-1.032692E+1
-1.053860E+1
-1.098989E+1
-1.191746E+1
-1.437383E+1
-2.088005E+1
-2.088005E+1
-2.088005E+1
-2.088005E+1
-2.088005E+1
-2.088005E+1
-2.088005E+1
-2.088005E+1
-2.088005E+1
-2.088005E+1
-2.088005E+1
-2.088005E+1
-2.088005E+1
-2.088005E+1
-2.088005E+1
-2.088005E+1
-2.088005E+1
-1.587911E+1
-1.426799E+1
-1.372262E+1
-1.372262E+1
-1.389020E+1
-1.426799E+1
-1.472663E+1
-1.499858E+1
-1.485893E+1
-1.448555E+1
-1.407101E+1
-1.389020E+1
-1.372262E+1
-1.372262E+1
-1.380494E+1
-1.389020E+1
-1.380494E+1
-1.342274E+1
-1.281563E+1
-1.221734E+1
-1.162346E+1
-1.113248E+1
-1.071206E+1
-1.037690E+1
-1.014905E+1
-9.999108E+0
-9.927078E+0
-9.955008E+0
-1.007261E+1
-1.029311E+1
-1.063268E+1
-1.113248E+1
-1.184837E+1
-1.286855E+1
-1.460315E+1
-2.088005E+1
-2.088005E+1
-2.088005E+1
-2.088005E+1
-2.088005E+1
-2.088005E+1
-2.088005E+1
-2.088005E+1
-2.088005E+1
-2.088005E+1
-2.088005E+1
-2.088005E+1
-2.088005E+1
-2.088005E+1
-2.088005E+1
-2.088005E+1
-2.088005E+1
-2.088005E+1
-2.088005E+1
-2.088005E+1
-2.088005E+1
-2.088005E+1
-1.567331E+1
-1.389020E+1
-1.328750E+1
-1.315961E+1
-1.342274E+1
-1.397840E+1
-1.514852E+1
-1.698896E+1
-2.088005E+1
-1.937477E+1
-1.610843E+1
-1.448555E+1
-1.342274E+1
-1.286855E+1
-1.261277E+1
-1.276271E+1
-1.335365E+1
-1.514852E+1
-2.088005E+1
-2.088005E+1
-2.088005E+1
-2.088005E+1
-2.088005E+1
-2.088005E+1
-2.088005E+1
-2.088005E+1
-2.088005E+1
-2.088005E+1
-1.397840E+1
-1.217765E+1
-1.131035E+1
-1.081496E+1
-1.057535E+1
-1.050185E+1
-1.059446E+1
-1.083554E+1
-1.125743E+1
-1.184837E+1
-1.266275E+1
-1.372262E+1
-1.499858E+1
-1.665380E+1
-1.849424E+1
-2.088005E+1
-2.088005E+1
-2.088005E+1
-2.088005E+1
-2.088005E+1
-2.088005E+1
-2.088005E+1
-2.088005E+1
-2.088005E+1
-2.088005E+1
-2.088005E+1
-2.088005E+1
-2.088005E+1
-2.088005E+1
-2.088005E+1
-2.088005E+1
-2.088005E+1
-2.088005E+1
-2.088005E+1
-2.088005E+1
-1.937477E+1
-1.234082E+1
-1.108397E+1
-1.048274E+1
-1.022696E+1
-1.019609E+1
-1.037690E+1
-1.075322E+1
-1.133681E+1
-1.229966E+1
-1.397840E+1
-2.088005E+1
-2.088005E+1
-2.088005E+1
-2.088005E+1
-2.088005E+1
-2.088005E+1
-2.088005E+1
-2.088005E+1
-2.088005E+1
-2.088005E+1
-2.088005E+1
-2.088005E+1
-1.437383E+1
-1.256573E+1
-1.153379E+1
-1.081496E+1
-1.027694E+1
-9.899148E+0
-9.663948E+0
-9.543408E+0
-9.555168E+0
-9.688938E+0
-9.999108E+0
-1.050185E+1
-1.133681E+1
-1.286855E+1
-2.088005E+1
-2.088005E+1
-2.088005E+1
-2.088005E+1
-2.088005E+1
-2.088005E+1
-2.088005E+1
-2.088005E+1
-2.088005E+1
-2.088005E+1
-2.088005E+1
-2.088005E+1
-2.088005E+1
-2.088005E+1
-2.088005E+1
-2.088005E+1
-2.088005E+1
-2.088005E+1
-2.088005E+1
-2.088005E+1
-2.088005E+1
-2.088005E+1
-2.088005E+1
-2.088005E+1
-2.088005E+1
-2.088005E+1
-2.088005E+1
-2.088005E+1
-2.088005E+1
-2.088005E+1
-2.088005E+1
-2.088005E+1
-2.088005E+1
-1.485893E+1
-1.251869E+1
-1.141913E+1
-1.075322E+1
-1.032692E+1
-1.008731E+1
-9.984408E+0
-1.001381E+1
-1.017992E+1
-1.051949E+1
-1.098989E+1
-1.171607E+1
-1.276271E+1
-1.472663E+1
-2.088005E+1
-2.088005E+1
-2.088005E+1
-2.088005E+1
-2.088005E+1
-2.088005E+1
-1.514852E+1
-1.286855E+1
-1.171607E+1
-1.098989E+1
-1.053860E+1
-1.024313E+1
-1.008731E+1
-1.005791E+1
-1.013288E+1
-1.029311E+1
-1.051949E+1
-1.075322E+1
-1.094579E+1
-1.106045E+1
-1.106045E+1
-1.092374E+1
-1.067237E+1
-1.039454E+1
-1.011818E+1
-9.885918E+0
-9.688938E+0
-9.555168E+0
-9.474318E+0
-9.462558E+0
-9.484608E+0
-9.555168E+0
-9.652188E+0
-9.791838E+0
-9.969708E+0
-1.017992E+1
-1.041218E+1
-1.065326E+1
-1.094579E+1
-1.120745E+1
-1.144706E+1
-1.156319E+1
-1.156319E+1
-1.147499E+1
-1.131035E+1
-1.113248E+1
-1.098989E+1
-1.096784E+1
-1.110749E+1
-1.147499E+1
-1.225850E+1
-1.407101E+1
-2.088005E+1
-2.088005E+1
-2.088005E+1
-2.088005E+1
-2.088005E+1
-2.088005E+1
-2.088005E+1
-2.088005E+1
-2.088005E+1
-2.088005E+1
-2.088005E+1
-2.088005E+1
-2.088005E+1
-2.088005E+1
-2.088005E+1
-2.088005E+1
-1.849424E+1
-1.364324E+1
-1.271273E+1
-1.238492E+1
-1.238492E+1
-1.271273E+1
-1.328750E+1
-1.426799E+1
-1.636421E+1
-2.088005E+1
-2.088005E+1
-2.088005E+1
-2.088005E+1
-2.088005E+1
-2.088005E+1
-2.088005E+1
-2.088005E+1
-2.088005E+1
-2.088005E+1
-2.088005E+1
-2.088005E+1
-2.088005E+1
-2.088005E+1
-2.088005E+1
-2.088005E+1
-2.088005E+1
-2.088005E+1
-2.088005E+1
-2.088005E+1
-2.088005E+1
-2.088005E+1
-2.088005E+1
-2.088005E+1
-2.088005E+1
-2.088005E+1
-2.088005E+1
-1.380494E+1
-1.191746E+1
-1.103693E+1
-1.055624E+1
-1.032692E+1
-1.025930E+1
-1.034309E+1
-1.059446E+1
-1.103693E+1
-1.168520E+1
-1.276271E+1
-1.531022E+1
-2.088005E+1
-2.088005E+1
-2.088005E+1
-2.088005E+1
-2.088005E+1
-2.088005E+1
-2.088005E+1
-2.088005E+1
-2.088005E+1
-2.088005E+1
-2.088005E+1
-2.088005E+1
-2.088005E+1
-2.088005E+1
-1.698896E+1
-1.460315E+1
-1.416803E+1
-1.485893E+1
-1.849424E+1
-2.088005E+1
-2.088005E+1
-2.088005E+1
-2.088005E+1
-2.088005E+1
-2.088005E+1
-2.088005E+1
-1.389020E+1
-1.251869E+1
-1.184837E+1
-1.159259E+1
-1.162346E+1
-1.195274E+1
-1.261277E+1
-1.380494E+1
-1.636421E+1
-2.088005E+1
-2.088005E+1
-2.088005E+1
-2.088005E+1
-2.088005E+1
-2.088005E+1
-2.088005E+1
-2.088005E+1
-2.088005E+1
-2.088005E+1
-2.088005E+1
-2.088005E+1
-2.088005E+1
-2.088005E+1
-2.088005E+1
-2.088005E+1
-2.088005E+1
-2.088005E+1
-2.088005E+1
-2.088005E+1
-2.088005E+1
-2.088005E+1
-2.088005E+1
-2.088005E+1
-2.088005E+1
-1.548368E+1
-1.389020E+1
-1.328750E+1
-1.303907E+1
-1.303907E+1
-1.309787E+1
-1.328750E+1
-1.356680E+1
-1.372262E+1
-1.380494E+1
-1.356680E+1
-1.328750E+1
-1.298027E+1
-1.266275E+1
-1.234082E+1
-1.202477E+1
-1.178222E+1
-1.159259E+1
-1.141913E+1
-1.131035E+1
-1.125743E+1
-1.125743E+1
-1.133681E+1
-1.144706E+1
-1.156319E+1
-1.165433E+1
-1.159259E+1
-1.139120E+1
-1.101341E+1
-1.059446E+1
-1.014905E+1
-9.738918E+0
-9.396408E+0
-9.118578E+0
-8.906898E+0
