Date/Time	2022-06-15 19:00:10
Line location	3
Line name	C1
OTDR wavelength [nm]	1310
OTDR pulse duration [ns]	2
OTDR scan time [s]	10
OTDR scan length [m]	1.500000E+2
Length offset [m]	0.000000E+0
Length increment [m]	3.996806E-2
Switch ID	VIAVI Solutions,OTU 8000E,11654,FO,16.76
OTDR ID	JDSU,OTU 8000E,11654,OTU(SmartOTU),V7.22

Reflected amplitude [dB]
8.149520E-1
8.046620E-1
7.664420E-1
7.105820E-1
6.532520E-1
6.018020E-1
5.591720E-1
5.297720E-1
5.121320E-1
5.062520E-1
5.106620E-1
5.238920E-1
5.430020E-1
5.665220E-1
5.900420E-1
6.135620E-1
6.312020E-1
6.444320E-1
6.517820E-1
6.547220E-1
6.444320E-1
6.179720E-1
5.738720E-1
5.150720E-1
4.430420E-1
3.592520E-1
2.681120E-1
1.799120E-1
9.759200E-2
2.556200E-2
-3.911800E-2
-9.791800E-2
-1.493680E-1
-1.964080E-1
-2.360980E-1
-2.713780E-1
-2.978380E-1
-3.198880E-1
-3.360580E-1
-3.478180E-1
-3.551680E-1
-3.595780E-1
-3.610480E-1
-3.625180E-1
-3.625180E-1
-3.625180E-1
-3.639880E-1
-3.669280E-1
-3.728080E-1
-3.801580E-1
-3.919180E-1
-4.036780E-1
-4.198480E-1
-4.360180E-1
-4.536580E-1
-4.698280E-1
-4.859980E-1
-5.021680E-1
-5.168680E-1
-5.300980E-1
-5.418580E-1
-5.550880E-1
-5.683180E-1
-5.815480E-1
-5.947780E-1
-6.065380E-1
-6.153580E-1
-6.212380E-1
-6.212380E-1
-6.138880E-1
-5.977180E-1
-5.741980E-1
-5.462680E-1
-5.139280E-1
-4.639480E-1
-3.875080E-1
-2.963680E-1
-2.111080E-1
-1.390780E-1
-7.880800E-2
-3.029800E-2
7.922000E-3
3.438200E-2
4.908200E-2
5.496200E-2
5.055200E-2
3.732200E-2
1.527200E-2
-1.559800E-2
-5.969800E-2
-1.170280E-1
-1.817080E-1
-2.537380E-1
-3.272380E-1
-3.948580E-1
-4.565980E-1
-5.153980E-1
-5.653780E-1
-6.109480E-1
-6.476980E-1
-6.785680E-1
-7.006180E-1
-7.182580E-1
-7.300180E-1
-7.373680E-1
-7.417780E-1
-7.461880E-1
-7.476580E-1
-7.491280E-1
-7.520680E-1
-7.564780E-1
-7.638280E-1
-7.711780E-1
-7.814680E-1
-7.946980E-1
-8.079280E-1
-8.226280E-1
-8.343880E-1
-8.446780E-1
-8.520280E-1
-8.549680E-1
-8.520280E-1
-8.461480E-1
-8.373280E-1
-8.270380E-1
-8.152780E-1
-8.064580E-1
-8.005780E-1
-7.976380E-1
-7.991080E-1
-8.035180E-1
-8.108680E-1
-8.196880E-1
-8.285080E-1
-8.373280E-1
-8.446780E-1
-8.490880E-1
-8.520280E-1
-8.534980E-1
-8.534980E-1
-8.549680E-1
-8.564380E-1
-8.579080E-1
-8.608480E-1
-8.623180E-1
-8.652580E-1
-8.652580E-1
-8.623180E-1
-8.564380E-1
-8.476180E-1
-8.343880E-1
-8.182180E-1
-7.976380E-1
-7.741180E-1
-7.476580E-1
-7.197280E-1
-6.903280E-1
-6.638680E-1
-6.403480E-1
-6.212380E-1
-6.065380E-1
-5.977180E-1
-5.947780E-1
-5.962480E-1
-6.035980E-1
-6.124180E-1
-6.227080E-1
-6.329980E-1
-6.418180E-1
-6.506380E-1
-6.579880E-1
-6.638680E-1
-6.668080E-1
-6.682780E-1
-6.697480E-1
-6.712180E-1
-6.726880E-1
-6.756280E-1
-6.800380E-1
-6.859180E-1
-6.947380E-1
-7.050280E-1
-7.153180E-1
-7.270780E-1
-7.388380E-1
-7.491280E-1
-7.579480E-1
-7.638280E-1
-7.682380E-1
-7.711780E-1
-7.711780E-1
-7.726480E-1
-7.726480E-1
-7.726480E-1
-7.726480E-1
-7.726480E-1
-7.726480E-1
-7.741180E-1
-7.741180E-1
-7.755880E-1
-7.770580E-1
-7.770580E-1
-7.785280E-1
-7.799980E-1
-7.799980E-1
-7.814680E-1
-7.814680E-1
-7.814680E-1
-7.829380E-1
-7.844080E-1
-7.858780E-1
-7.888180E-1
-7.917580E-1
-7.961680E-1
-7.991080E-1
-8.035180E-1
-8.049880E-1
-8.064580E-1
-8.049880E-1
-8.020480E-1
-7.961680E-1
-7.888180E-1
-7.814680E-1
-7.741180E-1
-7.667680E-1
-7.594180E-1
-7.535380E-1
-7.505980E-1
-7.476580E-1
-7.461880E-1
-7.461880E-1
-7.476580E-1
-7.476580E-1
-7.491280E-1
-7.491280E-1
-7.491280E-1
-7.491280E-1
-7.491280E-1
-7.505980E-1
-7.520680E-1
-7.550080E-1
-7.594180E-1
-7.652980E-1
-7.726480E-1
-7.799980E-1
-7.888180E-1
-7.961680E-1
-8.020480E-1
-8.064580E-1
-8.079280E-1
-8.079280E-1
-8.064580E-1
-8.020480E-1
-7.961680E-1
-7.902880E-1
-7.829380E-1
-7.755880E-1
-7.682380E-1
-7.608880E-1
-7.550080E-1
-7.491280E-1
-7.461880E-1
-7.447180E-1
-7.447180E-1
-7.461880E-1
-7.491280E-1
-7.535380E-1
-7.564780E-1
-7.608880E-1
-7.638280E-1
-7.667680E-1
-7.697080E-1
-7.711780E-1
-7.726480E-1
-7.741180E-1
-7.741180E-1
-7.741180E-1
-7.711780E-1
-7.667680E-1
-7.594180E-1
-7.520680E-1
-7.417780E-1
-7.329580E-1
-7.241380E-1
-7.182580E-1
-7.138480E-1
-7.123780E-1
-7.138480E-1
-7.167880E-1
-7.226680E-1
-7.270780E-1
-7.314880E-1
-7.344280E-1
-7.373680E-1
-7.388380E-1
-7.388380E-1
-7.373680E-1
-7.358980E-1
-7.344280E-1
-7.329580E-1
-7.329580E-1
-7.314880E-1
-7.300180E-1
-7.285480E-1
-7.270780E-1
-7.256080E-1
-7.256080E-1
-7.256080E-1
-7.270780E-1
-7.314880E-1
-7.358980E-1
-7.417780E-1
-7.491280E-1
-7.550080E-1
-7.608880E-1
-7.667680E-1
-7.697080E-1
-7.726480E-1
-7.741180E-1
-7.755880E-1
-7.770580E-1
-7.785280E-1
-7.799980E-1
-7.844080E-1
-7.873480E-1
-7.917580E-1
-7.976380E-1
-8.020480E-1
-8.064580E-1
-8.108680E-1
-8.152780E-1
-8.182180E-1
-8.196880E-1
-8.196880E-1
-8.182180E-1
-8.152780E-1
-8.123380E-1
-8.079280E-1
-8.020480E-1
-7.961680E-1
-7.917580E-1
-7.858780E-1
-7.814680E-1
-7.785280E-1
-7.755880E-1
-7.726480E-1
-7.726480E-1
-7.726480E-1
-7.741180E-1
-7.770580E-1
-7.814680E-1
-7.858780E-1
-7.917580E-1
-7.976380E-1
-8.020480E-1
-8.064580E-1
-8.093980E-1
-8.108680E-1
-8.108680E-1
-8.123380E-1
-8.123380E-1
-8.138080E-1
-8.152780E-1
-8.182180E-1
-8.211580E-1
-8.240980E-1
-8.285080E-1
-8.314480E-1
-8.343880E-1
-8.358580E-1
-8.358580E-1
-8.343880E-1
-8.299780E-1
-8.240980E-1
-8.167480E-1
-8.093980E-1
-8.005780E-1
-7.917580E-1
-7.844080E-1
-7.785280E-1
-7.726480E-1
-7.682380E-1
-7.667680E-1
-7.652980E-1
-7.652980E-1
-7.652980E-1
-7.682380E-1
-7.711780E-1
-7.741180E-1
-7.785280E-1
-7.829380E-1
-7.873480E-1
-7.902880E-1
-7.932280E-1
-7.932280E-1
-7.932280E-1
-7.932280E-1
-7.917580E-1
-7.902880E-1
-7.888180E-1
-7.902880E-1
-7.917580E-1
-7.961680E-1
-8.005780E-1
-8.064580E-1
-8.123380E-1
-8.196880E-1
-8.240980E-1
-8.285080E-1
-8.299780E-1
-8.285080E-1
-8.255680E-1
-8.196880E-1
-8.123380E-1
-8.035180E-1
-7.961680E-1
-7.873480E-1
-7.799980E-1
-7.741180E-1
-7.697080E-1
-7.667680E-1
-7.638280E-1
-7.638280E-1
-7.652980E-1
-7.682380E-1
-7.726480E-1
-7.770580E-1
-7.829380E-1
-7.902880E-1
-7.961680E-1
-8.035180E-1
-8.093980E-1
-8.138080E-1
-8.182180E-1
-8.211580E-1
-8.226280E-1
-8.226280E-1
-8.211580E-1
-8.182180E-1
-8.152780E-1
-8.108680E-1
-8.064580E-1
-8.020480E-1
-7.976380E-1
-7.932280E-1
-7.888180E-1
-7.844080E-1
-7.814680E-1
-7.770580E-1
-7.741180E-1
-7.726480E-1
-7.711780E-1
-7.711780E-1
-7.726480E-1
-7.755880E-1
-7.785280E-1
-7.829380E-1
-7.873480E-1
-7.917580E-1
-7.961680E-1
-7.991080E-1
-8.005780E-1
-8.020480E-1
-7.991080E-1
-7.961680E-1
-7.917580E-1
-7.873480E-1
-7.814680E-1
-7.785280E-1
-7.770580E-1
-7.770580E-1
-7.799980E-1
-7.858780E-1
-7.932280E-1
-8.005780E-1
-8.093980E-1
-8.152780E-1
-8.211580E-1
-8.255680E-1
-8.285080E-1
-8.299780E-1
-8.299780E-1
-8.270380E-1
-8.240980E-1
-8.182180E-1
-8.108680E-1
-8.020480E-1
-7.917580E-1
-7.799980E-1
-7.682380E-1
-7.564780E-1
-7.447180E-1
-7.344280E-1
-7.285480E-1
-7.226680E-1
-7.211980E-1
-7.211980E-1
-7.256080E-1
-7.300180E-1
-7.373680E-1
-7.447180E-1
-7.505980E-1
-7.564780E-1
-7.594180E-1
-7.594180E-1
-7.579480E-1
-7.535380E-1
-7.491280E-1
-7.432480E-1
-7.388380E-1
-7.358980E-1
-7.358980E-1
-7.358980E-1
-7.403080E-1
-7.447180E-1
-7.520680E-1
-7.608880E-1
-7.682380E-1
-7.770580E-1
-7.829380E-1
-7.888180E-1
-7.932280E-1
-7.932280E-1
-7.932280E-1
-7.888180E-1
-7.829380E-1
-7.755880E-1
-7.667680E-1
-7.564780E-1
-7.461880E-1
-7.358980E-1
-7.270780E-1
-7.182580E-1
-7.123780E-1
-7.064980E-1
-7.035580E-1
-7.020880E-1
-7.020880E-1
-7.035580E-1
-7.050280E-1
-7.094380E-1
-7.123780E-1
-7.167880E-1
-7.226680E-1
-7.270780E-1
-7.329580E-1
-7.403080E-1
-7.461880E-1
-7.535380E-1
-7.594180E-1
-7.652980E-1
-7.711780E-1
-7.770580E-1
-7.814680E-1
-7.858780E-1
-7.888180E-1
-7.902880E-1
-7.917580E-1
-7.917580E-1
-7.902880E-1
-7.888180E-1
-7.873480E-1
-7.844080E-1
-7.814680E-1
-7.785280E-1
-7.770580E-1
-7.770580E-1
-7.770580E-1
-7.799980E-1
-7.844080E-1
-7.902880E-1
-7.961680E-1
-8.020480E-1
-8.079280E-1
-8.123380E-1
-8.138080E-1
-8.152780E-1
-8.152780E-1
-8.138080E-1
-8.123380E-1
-8.093980E-1
-8.079280E-1
-8.064580E-1
-8.064580E-1
-8.049880E-1
-8.049880E-1
-8.035180E-1
-8.020480E-1
-7.991080E-1
-7.961680E-1
-7.917580E-1
-7.873480E-1
-7.814680E-1
-7.770580E-1
-7.726480E-1
-7.682380E-1
-7.652980E-1
-7.623580E-1
-7.608880E-1
-7.594180E-1
-7.594180E-1
-7.594180E-1
-7.608880E-1
-7.623580E-1
-7.652980E-1
-7.667680E-1
-7.697080E-1
-7.726480E-1
-7.770580E-1
-7.799980E-1
-7.844080E-1
-7.873480E-1
-7.917580E-1
-7.961680E-1
-7.991080E-1
-8.005780E-1
-8.020480E-1
-8.020480E-1
-8.005780E-1
-7.976380E-1
-7.946980E-1
-7.902880E-1
-7.844080E-1
-7.770580E-1
-7.697080E-1
-7.608880E-1
-7.505980E-1
-7.403080E-1
-7.300180E-1
-7.211980E-1
-7.138480E-1
-7.079680E-1
-7.064980E-1
-7.079680E-1
-7.138480E-1
-7.226680E-1
-7.344280E-1
-7.491280E-1
-7.638280E-1
-7.799980E-1
-7.946980E-1
-8.079280E-1
-8.182180E-1
-8.270380E-1
-8.343880E-1
-8.387980E-1
-8.402680E-1
-8.402680E-1
-8.373280E-1
-8.314480E-1
-8.240980E-1
-8.152780E-1
-8.049880E-1
-7.946980E-1
-7.844080E-1
-7.741180E-1
-7.652980E-1
-7.594180E-1
-7.535380E-1
-7.476580E-1
-7.447180E-1
-7.417780E-1
-7.403080E-1
-7.388380E-1
-7.373680E-1
-7.358980E-1
-7.358980E-1
-7.344280E-1
-7.344280E-1
-7.344280E-1
-7.344280E-1
-7.358980E-1
-7.358980E-1
-7.358980E-1
-7.344280E-1
-7.329580E-1
-7.300180E-1
-7.270780E-1
-7.226680E-1
-7.197280E-1
-7.167880E-1
-7.167880E-1
-7.182580E-1
-7.211980E-1
-7.270780E-1
-7.329580E-1
-7.417780E-1
-7.491280E-1
-7.579480E-1
-7.667680E-1
-7.741180E-1
-7.785280E-1
-7.829380E-1
-7.858780E-1
-7.858780E-1
-7.844080E-1
-7.814680E-1
-7.770580E-1
-7.741180E-1
-7.697080E-1
-7.667680E-1
-7.638280E-1
-7.623580E-1
-7.608880E-1
-7.623580E-1
-7.638280E-1
-7.667680E-1
-7.697080E-1
-7.726480E-1
-7.755880E-1
-7.785280E-1
-7.785280E-1
-7.799980E-1
-7.785280E-1
-7.785280E-1
-7.770580E-1
-7.755880E-1
-7.741180E-1
-7.741180E-1
-7.741180E-1
-7.741180E-1
-7.741180E-1
-7.755880E-1
-7.785280E-1
-7.799980E-1
-7.844080E-1
-7.873480E-1
-7.932280E-1
-7.976380E-1
-8.020480E-1
-8.064580E-1
-8.093980E-1
-8.138080E-1
-8.167480E-1
-8.196880E-1
-8.211580E-1
-8.226280E-1
-8.255680E-1
-8.255680E-1
-8.270380E-1
-8.270380E-1
-8.270380E-1
-8.270380E-1
-8.255680E-1
-8.240980E-1
-8.211580E-1
-8.167480E-1
-8.123380E-1
-8.064580E-1
-8.005780E-1
-7.961680E-1
-7.917580E-1
-7.902880E-1
-7.902880E-1
-7.917580E-1
-7.946980E-1
-7.976380E-1
-8.005780E-1
-8.035180E-1
-8.064580E-1
-8.079280E-1
-8.079280E-1
-8.079280E-1
-8.093980E-1
-8.093980E-1
-8.108680E-1
-8.138080E-1
-8.152780E-1
-8.182180E-1
-8.196880E-1
-8.211580E-1
-8.211580E-1
-8.211580E-1
-8.182180E-1
-8.138080E-1
-8.093980E-1
-8.035180E-1
-7.976380E-1
-7.917580E-1
-7.873480E-1
-7.829380E-1
-7.785280E-1
-7.755880E-1
-7.741180E-1
-7.711780E-1
-7.697080E-1
-7.667680E-1
-7.638280E-1
-7.638280E-1
-7.623580E-1
-7.638280E-1
-7.682380E-1
-7.726480E-1
-7.785280E-1
-7.844080E-1
-7.902880E-1
-7.946980E-1
-7.961680E-1
-7.961680E-1
-7.932280E-1
-7.888180E-1
-7.844080E-1
-7.785280E-1
-7.726480E-1
-7.682380E-1
-7.623580E-1
-7.579480E-1
-7.550080E-1
-7.505980E-1
-7.461880E-1
-7.432480E-1
-7.388380E-1
-7.344280E-1
-7.300180E-1
-7.270780E-1
-7.241380E-1
-7.241380E-1
-7.226680E-1
-7.241380E-1
-7.270780E-1
-7.300180E-1
-7.344280E-1
-7.403080E-1
-7.476580E-1
-7.564780E-1
-7.638280E-1
-7.726480E-1
-7.814680E-1
-7.873480E-1
-7.917580E-1
-7.932280E-1
-7.917580E-1
-7.888180E-1
-7.844080E-1
-7.799980E-1
-7.755880E-1
-7.711780E-1
-7.697080E-1
-7.711780E-1
-7.726480E-1
-7.770580E-1
-7.814680E-1
-7.873480E-1
-7.932280E-1
-7.976380E-1
-7.991080E-1
-8.005780E-1
-8.005780E-1
-7.991080E-1
-7.976380E-1
-7.961680E-1
-7.946980E-1
-7.946980E-1
-7.961680E-1
-7.991080E-1
-8.035180E-1
-8.079280E-1
-8.123380E-1
-8.167480E-1
-8.182180E-1
-8.196880E-1
-8.182180E-1
-8.152780E-1
-8.093980E-1
-8.035180E-1
-7.976380E-1
-7.888180E-1
-7.814680E-1
-7.741180E-1
-7.667680E-1
-7.594180E-1
-7.550080E-1
-7.505980E-1
-7.491280E-1
-7.505980E-1
-7.535380E-1
-7.564780E-1
-7.623580E-1
-7.682380E-1
-7.726480E-1
-7.755880E-1
-7.770580E-1
-7.755880E-1
-7.726480E-1
-7.667680E-1
-7.594180E-1
-7.505980E-1
-7.417780E-1
-7.344280E-1
-7.300180E-1
-7.270780E-1
-7.270780E-1
-7.300180E-1
-7.358980E-1
-7.447180E-1
-7.535380E-1
-7.638280E-1
-7.726480E-1
-7.799980E-1
-7.858780E-1
-7.888180E-1
-7.888180E-1
-7.858780E-1
-7.799980E-1
-7.741180E-1
-7.652980E-1
-7.564780E-1
-7.476580E-1
-7.403080E-1
-7.358980E-1
-7.344280E-1
-7.358980E-1
-7.417780E-1
-7.491280E-1
-7.579480E-1
-7.682380E-1
-7.770580E-1
-7.844080E-1
-7.888180E-1
-7.888180E-1
-7.858780E-1
-7.799980E-1
-7.726480E-1
-7.652980E-1
-7.564780E-1
-7.505980E-1
-7.461880E-1
-7.432480E-1
-7.417780E-1
-7.417780E-1
-7.417780E-1
-7.417780E-1
-7.417780E-1
-7.417780E-1
-7.417780E-1
-7.432480E-1
-7.447180E-1
-7.491280E-1
-7.520680E-1
-7.564780E-1
-7.608880E-1
-7.638280E-1
-7.667680E-1
-7.682380E-1
-7.682380E-1
-7.682380E-1
-7.682380E-1
-7.682380E-1
-7.697080E-1
-7.741180E-1
-7.785280E-1
-7.829380E-1
-7.873480E-1
-7.917580E-1
-7.946980E-1
-7.961680E-1
-7.946980E-1
-7.932280E-1
-7.902880E-1
-7.888180E-1
-7.873480E-1
-7.888180E-1
-7.917580E-1
-7.961680E-1
-8.035180E-1
-8.108680E-1
-8.182180E-1
-8.255680E-1
-8.314480E-1
-8.343880E-1
-8.358580E-1
-8.358580E-1
-8.343880E-1
-8.329180E-1
-8.314480E-1
-8.314480E-1
-8.329180E-1
-8.373280E-1
-8.417380E-1
-8.490880E-1
-8.564380E-1
-8.652580E-1
-8.726080E-1
-8.799580E-1
-8.858380E-1
-8.902480E-1
-8.931880E-1
-8.946580E-1
-8.961280E-1
-8.961280E-1
-8.961280E-1
-8.946580E-1
-8.917180E-1
-8.873080E-1
-8.799580E-1
-8.711380E-1
-8.608480E-1
-8.476180E-1
-8.343880E-1
-8.182180E-1
-8.020480E-1
-7.873480E-1
-7.726480E-1
-7.594180E-1
-7.491280E-1
-7.403080E-1
-7.344280E-1
-7.314880E-1
-7.314880E-1
-7.314880E-1
-7.344280E-1
-7.373680E-1
-7.388380E-1
-7.388380E-1
-7.388380E-1
-7.358980E-1
-7.344280E-1
-7.314880E-1
-7.314880E-1
-7.329580E-1
-7.388380E-1
-7.461880E-1
-7.579480E-1
-7.711780E-1
-7.873480E-1
-8.049880E-1
-8.226280E-1
-8.417380E-1
-8.623180E-1
-8.843680E-1
-9.078880E-1
-9.328780E-1
-9.593380E-1
-9.902080E-1
-1.022548E+0
-1.059298E+0
-1.098988E+0
-1.143088E+0
-1.191598E+0
-1.245988E+0
-1.304788E+0
-1.366528E+0
-1.429738E+0
-1.494418E+0
-1.556158E+0
-1.616428E+0
-1.669348E+0
-1.717858E+0
-1.757548E+0
-1.791358E+0
-1.820758E+0
-1.844278E+0
-1.863388E+0
-1.882498E+0
-1.897198E+0
-1.911898E+0
-1.923658E+0
-1.932478E+0
-1.938358E+0
-1.941298E+0
-1.941298E+0
-1.938358E+0
-1.933948E+0
-1.929538E+0
-1.926598E+0
-1.925128E+0
-1.925128E+0
-1.926598E+0
-1.929538E+0
-1.932478E+0
-1.935418E+0
-1.939828E+0
-1.941298E+0
-1.942768E+0
-1.941298E+0
-1.939828E+0
-1.938358E+0
-1.933948E+0
-1.931008E+0
-1.929538E+0
-1.929538E+0
-1.931008E+0
-1.935418E+0
-1.942768E+0
-1.954528E+0
-1.967758E+0
-1.983928E+0
-2.000098E+0
-2.017738E+0
-2.032438E+0
-2.045668E+0
-2.054488E+0
-2.058898E+0
-2.057428E+0
-2.050078E+0
-2.038318E+0
-2.023618E+0
-2.007448E+0
-1.991278E+0
-1.978048E+0
-1.967758E+0
-1.961878E+0
-1.960408E+0
-1.963348E+0
-1.970698E+0
-1.979518E+0
-1.988338E+0
-1.997158E+0
-2.004508E+0
-2.010388E+0
-2.011858E+0
-2.011858E+0
-2.010388E+0
-2.008918E+0
-2.007448E+0
-2.008918E+0
-2.013328E+0
-2.019208E+0
-2.026558E+0
-2.035378E+0
-2.041258E+0
-2.047138E+0
-2.050078E+0
-2.050078E+0
-2.047138E+0
-2.039788E+0
-2.032438E+0
-2.023618E+0
-2.014798E+0
-2.005978E+0
-2.000098E+0
-1.995688E+0
-1.994218E+0
-1.997158E+0
-2.003038E+0
-2.013328E+0
-2.026558E+0
-2.045668E+0
-2.064778E+0
-2.086828E+0
-2.107408E+0
-2.126518E+0
-2.141218E+0
-2.152978E+0
-2.160328E+0
-2.164738E+0
-2.166208E+0
-2.167678E+0
-2.166208E+0
-2.166208E+0
-2.166208E+0
-2.166208E+0
-2.166208E+0
-2.166208E+0
-2.166208E+0
-2.166208E+0
-2.167678E+0
-2.170618E+0
-2.175028E+0
-2.182378E+0
-2.191198E+0
-2.200018E+0
-2.210308E+0
-2.220598E+0
-2.229418E+0
-2.236768E+0
-2.242648E+0
-2.244118E+0
-2.244118E+0
-2.241178E+0
-2.236768E+0
-2.232358E+0
-2.227948E+0
-2.227948E+0
-2.229418E+0
-2.233828E+0
-2.242648E+0
-2.252938E+0
-2.263228E+0
-2.274988E+0
-2.285278E+0
-2.295568E+0
-2.304388E+0
-2.313208E+0
-2.317618E+0
-2.320558E+0
-2.320558E+0
-2.317618E+0
-2.308798E+0
-2.298508E+0
-2.286748E+0
-2.273518E+0
-2.263228E+0
-2.255878E+0
-2.251468E+0
-2.251468E+0
-2.254408E+0
-2.260288E+0
-2.266168E+0
-2.273518E+0
-2.279398E+0
-2.285278E+0
-2.289688E+0
-2.294098E+0
-2.298508E+0
-2.302918E+0
-2.307328E+0
-2.311738E+0
-2.313208E+0
-2.314678E+0
-2.316148E+0
-2.316148E+0
-2.317618E+0
-2.317618E+0
-2.319088E+0
-2.319088E+0
-2.319088E+0
-2.317618E+0
-2.313208E+0
-2.307328E+0
-2.298508E+0
-2.289688E+0
-2.279398E+0
-2.270578E+0
-2.263228E+0
-2.255878E+0
-2.251468E+0
-2.247058E+0
-2.244118E+0
-2.242648E+0
-2.241178E+0
-2.239708E+0
-2.241178E+0
-2.244118E+0
-2.251468E+0
-2.264698E+0
-2.283808E+0
-2.307328E+0
-2.338198E+0
-2.370538E+0
-2.404348E+0
-2.436688E+0
-2.463148E+0
-2.483728E+0
-2.495488E+0
-2.498428E+0
-2.492548E+0
-2.482258E+0
-2.467558E+0
-2.449918E+0
-2.435218E+0
-2.421988E+0
-2.411698E+0
-2.405818E+0
-2.402878E+0
-2.402878E+0
-2.405818E+0
-2.410228E+0
-2.414638E+0
-2.417578E+0
-2.420518E+0
-2.421988E+0
-2.421988E+0
-2.420518E+0
-2.419048E+0
-2.417578E+0
-2.414638E+0
-2.413168E+0
-2.410228E+0
-2.408758E+0
-2.405818E+0
-2.402878E+0
-2.399938E+0
-2.396998E+0
-2.394058E+0
-2.394058E+0
-2.392588E+0
-2.392588E+0
-2.395528E+0
-2.398468E+0
-2.402878E+0
-2.408758E+0
-2.417578E+0
-2.426398E+0
-2.436688E+0
-2.445508E+0
-2.452858E+0
-2.457268E+0
-2.460208E+0
-2.458738E+0
-2.454328E+0
-2.446978E+0
-2.438158E+0
-2.430808E+0
-2.423458E+0
-2.417578E+0
-2.416108E+0
-2.414638E+0
-2.417578E+0
-2.421988E+0
-2.430808E+0
-2.442568E+0
-2.457268E+0
-2.474908E+0
-2.494018E+0
-2.511658E+0
-2.527828E+0
-2.541058E+0
-2.546938E+0
-2.549878E+0
-2.545468E+0
-2.538118E+0
-2.526358E+0
-2.513128E+0
-2.499898E+0
-2.488138E+0
-2.479318E+0
-2.473438E+0
-2.471968E+0
-2.473438E+0
-2.479318E+0
-2.488138E+0
-2.498428E+0
-2.510188E+0
-2.521948E+0
-2.533708E+0
-2.543998E+0
-2.552818E+0
-2.558698E+0
-2.566048E+0
-2.574868E+0
-2.583688E+0
-2.595448E+0
-2.610148E+0
-2.624848E+0
-2.641018E+0
-2.652778E+0
-2.664538E+0
-2.670418E+0
-2.671888E+0
-2.670418E+0
-2.666008E+0
-2.663068E+0
-2.661598E+0
-2.661598E+0
-2.666008E+0
-2.671888E+0
-2.679238E+0
-2.686588E+0
-2.690998E+0
-2.692468E+0
-2.688058E+0
-2.680708E+0
-2.667478E+0
-2.652778E+0
-2.636608E+0
-2.617498E+0
-2.598388E+0
-2.583688E+0
-2.573398E+0
-2.568988E+0
-2.571928E+0
-2.582218E+0
-2.598388E+0
-2.621908E+0
-2.649838E+0
-2.676298E+0
-2.699818E+0
-2.720398E+0
-2.735098E+0
-2.742448E+0
-2.746858E+0
-2.746858E+0
-2.743918E+0
-2.739508E+0
-2.733628E+0
-2.724808E+0
-2.715988E+0
-2.704228E+0
-2.689528E+0
-2.674828E+0
-2.660128E+0
-2.646898E+0
-2.633668E+0
-2.624848E+0
-2.618968E+0
-2.617498E+0
-2.617498E+0
-2.620438E+0
-2.626318E+0
-2.635138E+0
-2.646898E+0
-2.660128E+0
-2.676298E+0
-2.693938E+0
-2.713048E+0
-2.730688E+0
-2.745388E+0
-2.757148E+0
-2.765968E+0
-2.771848E+0
-2.774788E+0
-2.777728E+0
-2.780668E+0
-2.785078E+0
-2.792428E+0
-2.801248E+0
-2.808598E+0
-2.815948E+0
-2.820358E+0
-2.823298E+0
-2.820358E+0
-2.814478E+0
-2.805658E+0
-2.793898E+0
-2.785078E+0
-2.774788E+0
-2.767438E+0
-2.760088E+0
-2.755678E+0
-2.752738E+0
-2.751268E+0
-2.752738E+0
-2.754208E+0
-2.760088E+0
-2.768908E+0
-2.782138E+0
-2.796838E+0
-2.811538E+0
-2.827708E+0
-2.840938E+0
-2.851228E+0
-2.857108E+0
-2.857108E+0
-2.854168E+0
-2.846818E+0
-2.836528E+0
-2.823298E+0
-2.810068E+0
-2.798308E+0
-2.788018E+0
-2.780668E+0
-2.776258E+0
-2.774788E+0
-2.777728E+0
-2.783608E+0
-2.789488E+0
-2.798308E+0
-2.805658E+0
-2.810068E+0
-2.813008E+0
-2.814478E+0
-2.815948E+0
-2.817418E+0
-2.820358E+0
-2.826238E+0
-2.833588E+0
-2.842408E+0
-2.849758E+0
-2.854168E+0
-2.854168E+0
-2.848288E+0
-2.835058E+0
-2.818888E+0
-2.796838E+0
-2.776258E+0
-2.757148E+0
-2.742448E+0
-2.733628E+0
-2.732158E+0
-2.738038E+0
-2.749798E+0
-2.768908E+0
-2.792428E+0
-2.818888E+0
-2.846818E+0
-2.877688E+0
-2.907088E+0
-2.933548E+0
-2.955598E+0
-2.971768E+0
-2.982058E+0
-2.982058E+0
-2.976178E+0
-2.961478E+0
-2.943838E+0
-2.921788E+0
-2.899738E+0
-2.879158E+0
-2.864458E+0
-2.852698E+0
-2.846818E+0
-2.848288E+0
-2.855638E+0
-2.867398E+0
-2.882098E+0
-2.898268E+0
-2.915908E+0
-2.930608E+0
-2.943838E+0
-2.952658E+0
-2.960008E+0
-2.967358E+0
-2.974708E+0
-2.984998E+0
-2.999698E+0
-3.017338E+0
-3.039388E+0
-3.061438E+0
-3.083488E+0
-3.101128E+0
-3.112888E+0
-3.117298E+0
-3.112888E+0
-3.102598E+0
-3.086428E+0
-3.068788E+0
-3.051148E+0
-3.036448E+0
-3.027628E+0
-3.024688E+0
-3.026158E+0
-3.033508E+0
-3.043798E+0
-3.052618E+0
-3.059968E+0
-3.061438E+0
-3.061438E+0
-3.054088E+0
-3.046738E+0
-3.039388E+0
-3.032038E+0
-3.029098E+0
-3.030568E+0
-3.033508E+0
-3.039388E+0
-3.046738E+0
-3.052618E+0
-3.058498E+0
-3.062908E+0
-3.067318E+0
-3.073198E+0
-3.079078E+0
-3.084958E+0
-3.090838E+0
-3.096718E+0
-3.099658E+0
-3.099658E+0
-3.095248E+0
-3.089368E+0
-3.082018E+0
-3.074668E+0
-3.065848E+0
-3.061438E+0
-3.059968E+0
-3.062908E+0
-3.073198E+0
-3.086428E+0
-3.107008E+0
-3.130528E+0
-3.156988E+0
-3.181978E+0
-3.202558E+0
-3.218728E+0
-3.227548E+0
-3.230488E+0
-3.227548E+0
-3.221668E+0
-3.215788E+0
-3.211378E+0
-3.212848E+0
-3.217258E+0
-3.227548E+0
-3.242248E+0
-3.256948E+0
-3.271648E+0
-3.284878E+0
-3.293698E+0
-3.301048E+0
-3.302518E+0
-3.301048E+0
-3.296638E+0
-3.289288E+0
-3.277528E+0
-3.262828E+0
-3.243718E+0
-3.220198E+0
-3.195208E+0
-3.171688E+0
-3.149638E+0
-3.131998E+0
-3.120238E+0
-3.117298E+0
-3.124648E+0
-3.137878E+0
-3.156988E+0
-3.181978E+0
-3.206968E+0
-3.233428E+0
-3.255478E+0
-3.274588E+0
-3.287818E+0
-3.295168E+0
-3.298108E+0
-3.295168E+0
-3.287818E+0
-3.278998E+0
-3.268708E+0
-3.256948E+0
-3.246658E+0
-3.237838E+0
-3.230488E+0
-3.224608E+0
-3.220198E+0
-3.220198E+0
-3.220198E+0
-3.224608E+0
-3.230488E+0
-3.239308E+0
-3.251068E+0
-3.262828E+0
-3.273118E+0
-3.281938E+0
-3.286348E+0
-3.286348E+0
-3.278998E+0
-3.267238E+0
-3.249598E+0
-3.230488E+0
-3.214318E+0
-3.201088E+0
-3.196678E+0
-3.198148E+0
-3.211378E+0
-3.229018E+0
-3.254008E+0
-3.280468E+0
-3.303988E+0
-3.323098E+0
-3.331918E+0
-3.330448E+0
-3.315748E+0
-3.293698E+0
-3.265768E+0
-3.234898E+0
-3.202558E+0
-3.173158E+0
-3.148168E+0
-3.126118E+0
-3.111418E+0
-3.098188E+0
-3.086428E+0
-3.080548E+0
-3.076138E+0
-3.076138E+0
-3.082018E+0
-3.093778E+0
-3.109948E+0
-3.133468E+0
-3.162868E+0
-3.196678E+0
-3.233428E+0
-3.268708E+0
-3.303988E+0
-3.336328E+0
-3.364258E+0
-3.384838E+0
-3.401008E+0
-3.411298E+0
-3.417178E+0
-3.421588E+0
-3.427468E+0
-3.434818E+0
-3.445108E+0
-3.461278E+0
-3.481858E+0
-3.505378E+0
-3.530368E+0
-3.556828E+0
-3.581818E+0
-3.600928E+0
-3.615628E+0
-3.624448E+0
-3.627388E+0
-3.624448E+0
-3.618568E+0
-3.609748E+0
-3.597988E+0
-3.587698E+0
-3.574468E+0
-3.561238E+0
-3.545068E+0
-3.527428E+0
-3.505378E+0
-3.481858E+0
-3.455398E+0
-3.428938E+0
-3.403948E+0
-3.384838E+0
-3.373078E+0
-3.367198E+0
-3.371608E+0
-3.383368E+0
-3.403948E+0
-3.431878E+0
-3.462748E+0
-3.495088E+0
-3.525958E+0
-3.555358E+0
-3.578878E+0
-3.596518E+0
-3.606808E+0
-3.612688E+0
-3.615628E+0
-3.618568E+0
-3.622978E+0
-3.631798E+0
-3.647968E+0
-3.668548E+0
-3.695008E+0
-3.721468E+0
-3.747928E+0
-3.769978E+0
-3.784678E+0
-3.792028E+0
-3.789088E+0
-3.780268E+0
-3.764098E+0
-3.743518E+0
-3.719998E+0
-3.693538E+0
-3.667078E+0
-3.640618E+0
-3.614158E+0
-3.592108E+0
-3.572998E+0
-3.561238E+0
-3.556828E+0
-3.559768E+0
-3.571528E+0
-3.590638E+0
-3.614158E+0
-3.642088E+0
-3.671488E+0
-3.699418E+0
-3.724408E+0
-3.746458E+0
-3.765568E+0
-3.780268E+0
-3.792028E+0
-3.797908E+0
-3.800848E+0
-3.800848E+0
-3.799378E+0
-3.794968E+0
-3.792028E+0
-3.789088E+0
-3.789088E+0
-3.793498E+0
-3.800848E+0
-3.812608E+0
-3.822898E+0
-3.828778E+0
-3.828778E+0
-3.819958E+0
-3.797908E+0
-3.762628E+0
-3.717058E+0
-3.667078E+0
-3.614158E+0
-3.565648E+0
-3.524488E+0
-3.490678E+0
-3.465688E+0
-3.450988E+0
-3.443638E+0
-3.442168E+0
-3.443638E+0
-3.446578E+0
-3.448048E+0
-3.446578E+0
-3.439228E+0
-3.425998E+0
-3.406888E+0
-3.383368E+0
-3.359848E+0
-3.221668E+0
-2.835058E+0
-2.239708E+0
-1.538518E+0
-8.432080E-1
-2.140480E-1
3.474920E-1
8.399420E-1
1.242722E+0
1.551422E+0
1.777802E+0
1.938032E+0
2.035052E+0
2.068862E+0
2.043872E+0
1.967432E+0
1.841012E+0
1.661672E+0
1.433822E+0
1.161872E+0
8.399420E-1
4.930220E-1
1.240520E-1
-3.081280E-1
-8.064580E-1
-1.326838E+0
-1.844278E+0
-2.345548E+0
-2.823298E+0
-3.278998E+0
-3.717058E+0
-4.137478E+0
-4.546138E+0
-4.940098E+0
-5.319358E+0
-5.682448E+0
-6.024958E+0
-6.352768E+0
-6.662938E+0
-6.970168E+0
-7.271518E+0
-7.583158E+0
-7.906558E+0
-8.240248E+0
-8.588638E+0
-8.950258E+0
-9.347158E+0
-9.816088E+0
-1.037322E+1
-1.118319E+1
-1.248855E+1
-1.700439E+1
-2.050005E+1
-2.050005E+1
-2.050005E+1
-2.050005E+1
-2.050005E+1
-2.050005E+1
-2.050005E+1
-2.050005E+1
-2.050005E+1
-1.660896E+1
-1.447893E+1
-1.410555E+1
-1.434663E+1
-1.510368E+1
-1.811424E+1
-2.050005E+1
-2.050005E+1
-2.050005E+1
-2.050005E+1
-2.050005E+1
-2.050005E+1
-2.050005E+1
-2.050005E+1
-2.050005E+1
-2.050005E+1
-2.050005E+1
-2.050005E+1
-2.050005E+1
-2.050005E+1
-1.179765E+1
-1.019535E+1
-9.272188E+0
-8.662138E+0
-8.254948E+0
-7.993288E+0
-7.860988E+0
-7.834528E+0
-7.906558E+0
-8.049148E+0
-8.271118E+0
-8.553358E+0
-8.888518E+0
-9.247198E+0
-9.604408E+0
-9.946918E+0
-1.021446E+1
-1.037322E+1
-1.039380E+1
-1.029237E+1
-1.006746E+1
-9.799918E+0
-9.505918E+0
-9.235438E+0
-9.004648E+0
-8.837068E+0
-8.747398E+0
-8.728288E+0
-8.806198E+0
-8.982598E+0
-9.272188E+0
-9.707308E+0
-1.035264E+1
-1.136841E+1
-1.359840E+1
-2.050005E+1
-2.050005E+1
-2.050005E+1
-2.050005E+1
-2.050005E+1
-2.050005E+1
-2.050005E+1
-2.050005E+1
-2.050005E+1
-2.050005E+1
-2.050005E+1
-2.050005E+1
-2.050005E+1
-2.050005E+1
-2.050005E+1
-2.050005E+1
-2.050005E+1
-2.050005E+1
-2.050005E+1
-2.050005E+1
-2.050005E+1
-2.050005E+1
-2.050005E+1
-2.050005E+1
-2.050005E+1
-2.050005E+1
-2.050005E+1
-2.050005E+1
-2.050005E+1
-2.050005E+1
-2.050005E+1
-2.050005E+1
-2.050005E+1
-2.050005E+1
-2.050005E+1
-2.050005E+1
-2.050005E+1
-2.050005E+1
-2.050005E+1
-2.050005E+1
-2.050005E+1
-2.050005E+1
-2.050005E+1
-2.050005E+1
-2.050005E+1
-2.050005E+1
-2.050005E+1
-2.050005E+1
-2.050005E+1
-2.050005E+1
-1.529331E+1
-1.342494E+1
-1.243563E+1
-1.171974E+1
-1.112439E+1
-1.065693E+1
-1.023357E+1
-9.896938E+0
-9.604408E+0
-9.372148E+0
-9.186928E+0
-9.070798E+0
-9.026698E+0
-9.048748E+0
-9.128128E+0
-9.283948E+0
-9.533848E+0
-9.846958E+0
-1.025268E+1
-1.068045E+1
-1.112439E+1
-1.143456E+1
-1.153746E+1
-1.136841E+1
-1.098327E+1
-1.056579E+1
-1.017624E+1
-9.879298E+0
-9.707308E+0
-9.648508E+0
-9.722008E+0
-9.929278E+0
-1.029237E+1
-1.080099E+1
-1.160802E+1
-1.290750E+1
-1.700439E+1
-2.050005E+1
-2.050005E+1
-2.050005E+1
-2.050005E+1
-2.050005E+1
-2.050005E+1
-2.050005E+1
-2.050005E+1
-2.050005E+1
-2.050005E+1
-2.050005E+1
-2.050005E+1
-2.050005E+1
-2.050005E+1
-2.050005E+1
-2.050005E+1
-2.050005E+1
-2.050005E+1
-2.050005E+1
-2.050005E+1
-2.050005E+1
-2.050005E+1
-2.050005E+1
-2.050005E+1
-2.050005E+1
-2.050005E+1
-2.050005E+1
-2.050005E+1
-1.510368E+1
-1.228275E+1
-1.136841E+1
-1.098327E+1
-1.090389E+1
-1.101120E+1
-1.127433E+1
-1.168152E+1
-1.218573E+1
-1.284135E+1
-1.359840E+1
-1.447893E+1
-1.598421E+1
-2.050005E+1
-2.050005E+1
-2.050005E+1
-2.050005E+1
-2.050005E+1
-2.050005E+1
-2.050005E+1
-2.050005E+1
-2.050005E+1
-2.050005E+1
-2.050005E+1
-2.050005E+1
-2.050005E+1
-2.050005E+1
-2.050005E+1
-1.627380E+1
-1.359840E+1
-1.248855E+1
-1.196082E+1
-1.171974E+1
-1.179765E+1
-1.213869E+1
-1.284135E+1
-1.447893E+1
-2.050005E+1
-2.050005E+1
-2.050005E+1
-2.050005E+1
-2.050005E+1
-2.050005E+1
-2.050005E+1
-2.050005E+1
-2.050005E+1
-2.050005E+1
-2.050005E+1
-2.050005E+1
-2.050005E+1
-2.050005E+1
-2.050005E+1
-2.050005E+1
-2.050005E+1
-2.050005E+1
-2.050005E+1
-2.050005E+1
-2.050005E+1
-2.050005E+1
-2.050005E+1
-2.050005E+1
-2.050005E+1
-2.050005E+1
-2.050005E+1
-2.050005E+1
-2.050005E+1
-2.050005E+1
-2.050005E+1
-2.050005E+1
-2.050005E+1
-2.050005E+1
-2.050005E+1
-2.050005E+1
-2.050005E+1
-2.050005E+1
-2.050005E+1
-2.050005E+1
-2.050005E+1
-2.050005E+1
-2.050005E+1
-2.050005E+1
-2.050005E+1
-2.050005E+1
-1.351020E+1
-1.168152E+1
-1.082745E+1
-1.031148E+1
-9.980728E+0
-9.799918E+0
-9.707308E+0
-9.692608E+0
-9.752878E+0
-9.896938E+0
-1.012185E+1
-1.041438E+1
-1.080099E+1
-1.124346E+1
-1.175796E+1
-1.233273E+1
-1.290750E+1
-1.351020E+1
-1.410555E+1
-1.510368E+1
-1.700439E+1
-2.050005E+1
-2.050005E+1
-2.050005E+1
-2.050005E+1
-2.050005E+1
-2.050005E+1
-2.050005E+1
-2.050005E+1
-2.050005E+1
-2.050005E+1
-2.050005E+1
-2.050005E+1
-2.050005E+1
-2.050005E+1
-2.050005E+1
-2.050005E+1
-2.050005E+1
-2.050005E+1
-2.050005E+1
-2.050005E+1
-2.050005E+1
-2.050005E+1
-2.050005E+1
-2.050005E+1
-1.899477E+1
-1.318680E+1
-1.196082E+1
-1.133607E+1
-1.093035E+1
-1.065693E+1
-1.043496E+1
-1.023357E+1
-1.003218E+1
-9.846958E+0
-9.677908E+0
-9.533848E+0
-9.425068E+0
-9.347158E+0
-9.322168E+0
-9.347158E+0
-9.425068E+0
-9.589708E+0
-9.830788E+0
-1.021446E+1
-1.077747E+1
-1.168152E+1
-1.342494E+1
-2.050005E+1
-2.050005E+1
-2.050005E+1
-2.050005E+1
-2.050005E+1
-2.050005E+1
-2.050005E+1
-2.050005E+1
-1.811424E+1
-1.342494E+1
-1.218573E+1
-1.157274E+1
-1.127433E+1
-1.124346E+1
-1.130520E+1
-1.150218E+1
-1.168152E+1
-1.187850E+1
-1.196082E+1
-1.196082E+1
-1.187850E+1
-1.164477E+1
-1.133607E+1
-1.101120E+1
-1.068045E+1
-1.035264E+1
-1.008510E+1
-9.863128E+0
-9.769048E+0
-9.769048E+0
-9.879298E+0
-1.015860E+1
-1.063341E+1
-1.140222E+1
-1.277961E+1
-1.660896E+1
-2.050005E+1
-2.050005E+1
-2.050005E+1
-2.050005E+1
-2.050005E+1
-2.050005E+1
-2.050005E+1
-2.050005E+1
-1.598421E+1
-1.254441E+1
-1.121259E+1
-1.039380E+1
-9.863128E+0
-9.505918E+0
-9.283948E+0
-9.186928E+0
-9.235438E+0
-9.385378E+0
-9.692608E+0
-1.015860E+1
-1.093035E+1
-1.228275E+1
-1.660896E+1
-2.050005E+1
-2.050005E+1
-2.050005E+1
-2.050005E+1
-2.050005E+1
-2.050005E+1
-2.050005E+1
-2.050005E+1
-2.050005E+1
-2.050005E+1
-2.050005E+1
-2.050005E+1
-2.050005E+1
-1.572843E+1
-1.318680E+1
-1.243563E+1
-1.228275E+1
-1.243563E+1
-1.284135E+1
-1.342494E+1
-1.399383E+1
-1.434663E+1
-1.399383E+1
-1.318680E+1
-1.223277E+1
-1.140222E+1
-1.068045E+1
-1.008510E+1
-9.619108E+0
-9.272188E+0
-9.038458E+0
-8.919388E+0
-8.898808E+0
-9.016408E+0
-9.308938E+0
-9.846958E+0
-1.082745E+1
-1.318680E+1
-2.050005E+1
-2.050005E+1
-2.050005E+1
-2.050005E+1
-2.050005E+1
-2.050005E+1
-2.050005E+1
-2.050005E+1
-2.050005E+1
-2.050005E+1
-2.050005E+1
-2.050005E+1
-2.050005E+1
-2.050005E+1
-2.050005E+1
-2.050005E+1
-2.050005E+1
-2.050005E+1
-2.050005E+1
-2.050005E+1
-2.050005E+1
-2.050005E+1
-2.050005E+1
-2.050005E+1
-2.050005E+1
-2.050005E+1
-2.050005E+1
-2.050005E+1
-2.050005E+1
-2.050005E+1
-2.050005E+1
-2.050005E+1
-2.050005E+1
-2.050005E+1
-2.050005E+1
-2.050005E+1
-2.050005E+1
-2.050005E+1
-2.050005E+1
-2.050005E+1
-2.050005E+1
-2.050005E+1
-2.050005E+1
-2.050005E+1
-2.050005E+1
-2.050005E+1
-2.050005E+1
-2.050005E+1
-2.050005E+1
-2.050005E+1
-1.342494E+1
-1.130520E+1
-1.035264E+1
-9.783748E+0
-9.411838E+0
-9.163408E+0
-9.026698E+0
-8.982598E+0
-9.048748E+0
-9.222208E+0
-9.561778E+0
-1.008510E+1
-1.087743E+1
-1.218573E+1
-1.529331E+1
-2.050005E+1
-2.050005E+1
-2.050005E+1
-2.050005E+1
-2.050005E+1
-2.050005E+1
-2.050005E+1
-2.050005E+1
-2.050005E+1
-2.050005E+1
-2.050005E+1
-2.050005E+1
-1.700439E+1
-1.351020E+1
-1.238271E+1
-1.179765E+1
-1.150218E+1
-1.133607E+1
-1.127433E+1
-1.124346E+1
-1.118319E+1
-1.101120E+1
-1.075248E+1
-1.043496E+1
-1.010274E+1
-9.799918E+0
-9.547078E+0
-9.333928E+0
-9.198688E+0
-9.128128E+0
-9.128128E+0
-9.210448E+0
-9.398608E+0
-9.707308E+0
-1.017624E+1
-1.087743E+1
-1.204902E+1
-1.461858E+1
-2.050005E+1
-2.050005E+1
-2.050005E+1
-2.050005E+1
-2.050005E+1
-2.050005E+1
-2.050005E+1
-2.050005E+1
-2.050005E+1
-2.050005E+1
-2.050005E+1
-2.050005E+1
-2.050005E+1
-2.050005E+1
-2.050005E+1
-1.399383E+1
-1.213869E+1
-1.121259E+1
-1.065693E+1
-1.029237E+1
-1.012185E+1
-1.010274E+1
-1.021446E+1
-1.047759E+1
-1.085244E+1
-1.140222E+1
-1.213869E+1
-1.326324E+1
-1.529331E+1
-2.050005E+1
-2.050005E+1
-2.050005E+1
-2.050005E+1
-1.529331E+1
-1.342494E+1
-1.238271E+1
-1.175796E+1
-1.136841E+1
-1.115379E+1
-1.109499E+1
-1.112439E+1
-1.121259E+1
-1.133607E+1
-1.143456E+1
-1.150218E+1
-1.153746E+1
-1.153746E+1
-1.153746E+1
-1.153746E+1
-1.153746E+1
-1.153746E+1
-1.146837E+1
-1.136841E+1
-1.124346E+1
-1.109499E+1
-1.095681E+1
-1.090389E+1
-1.093035E+1
-1.109499E+1
-1.143456E+1
-1.204902E+1
-1.304274E+1
-1.510368E+1
-2.050005E+1
-2.050005E+1
-2.050005E+1
-2.050005E+1
-2.050005E+1
-2.050005E+1
-2.050005E+1
-2.050005E+1
-2.050005E+1
-2.050005E+1
-2.050005E+1
-2.050005E+1
-2.050005E+1
-2.050005E+1
-2.050005E+1
-2.050005E+1
-2.050005E+1
-2.050005E+1
-2.050005E+1
-2.050005E+1
-2.050005E+1
-2.050005E+1
-2.050005E+1
-2.050005E+1
-2.050005E+1
-2.050005E+1
-2.050005E+1
-2.050005E+1
-2.050005E+1
-2.050005E+1
-2.050005E+1
-2.050005E+1
-2.050005E+1
-2.050005E+1
-2.050005E+1
-2.050005E+1
-2.050005E+1
-2.050005E+1
-1.660896E+1
-1.369101E+1
-1.238271E+1
-1.157274E+1
-1.103913E+1
-1.065693E+1
-1.035264E+1
-1.013949E+1
-9.929278E+0
-9.738178E+0
-9.533848E+0
-9.333928E+0
-9.139888E+0
-8.994358E+0
-8.898808E+0
-8.898808E+0
-9.004648E+0
-9.235438E+0
-9.633808E+0
-1.025268E+1
-1.127433E+1
-1.326324E+1
-2.050005E+1
-2.050005E+1
-2.050005E+1
-2.050005E+1
-2.050005E+1
-2.050005E+1
-2.050005E+1
-2.050005E+1
-2.050005E+1
-2.050005E+1
-2.050005E+1
-2.050005E+1
-2.050005E+1
-2.050005E+1
-2.050005E+1
-2.050005E+1
-2.050005E+1
-2.050005E+1
-2.050005E+1
-2.050005E+1
-2.050005E+1
-2.050005E+1
-2.050005E+1
-2.050005E+1
-2.050005E+1
-2.050005E+1
-2.050005E+1
-2.050005E+1
-2.050005E+1
-2.050005E+1
-2.050005E+1
-1.549911E+1
-1.359840E+1
-1.297365E+1
-1.304274E+1
-1.359840E+1
-1.476852E+1
-1.748949E+1
-2.050005E+1
-2.050005E+1
-2.050005E+1
-1.598421E+1
-1.388799E+1
-1.277961E+1
-1.213869E+1
-1.187850E+1
-1.200492E+1
-1.271787E+1
-1.529331E+1
-2.050005E+1
-2.050005E+1
-2.050005E+1
-2.050005E+1
-2.050005E+1
-2.050005E+1
-2.050005E+1
-2.050005E+1
-2.050005E+1
-2.050005E+1
-2.050005E+1
-2.050005E+1
-2.050005E+1
-2.050005E+1
-2.050005E+1
-2.050005E+1
-2.050005E+1
-1.351020E+1
-1.233273E+1
-1.200492E+1
-1.204902E+1
-1.243563E+1
-1.326324E+1
-1.493022E+1
-2.050005E+1
-2.050005E+1
-2.050005E+1
-2.050005E+1
-2.050005E+1
-2.050005E+1
-2.050005E+1
-2.050005E+1
-2.050005E+1
-2.050005E+1
-2.050005E+1
-2.050005E+1
-2.050005E+1
-2.050005E+1
-2.050005E+1
-2.050005E+1
-2.050005E+1
-2.050005E+1
-2.050005E+1
-2.050005E+1
-2.050005E+1
-1.318680E+1
-1.160802E+1
-1.072749E+1
-1.017624E+1
-9.799918E+0
-9.533848E+0
-9.347158E+0
-9.210448E+0
-9.128128E+0
-9.094318E+0
-9.104608E+0
-9.139888E+0
-9.210448E+0
-9.333928E+0
-9.505918E+0
-9.738178E+0
-1.006746E+1
-1.052169E+1
-1.121259E+1
-1.233273E+1
-1.476852E+1
-2.050005E+1
-2.050005E+1
-2.050005E+1
-2.050005E+1
-2.050005E+1
-2.050005E+1
-2.050005E+1
-2.050005E+1
-2.050005E+1
-1.399383E+1
-1.228275E+1
-1.133607E+1
-1.072749E+1
-1.031148E+1
-9.980728E+0
-9.738178E+0
-9.519148E+0
-9.358918E+0
-9.222208E+0
-9.139888E+0
-9.116368E+0
-9.151648E+0
-9.283948E+0
-9.519148E+0
-9.846958E+0
-1.029237E+1
-1.085244E+1
-1.140222E+1
-1.175796E+1
-1.168152E+1
-1.124346E+1
-1.065693E+1
-1.004982E+1
-9.519148E+0
-9.116368E+0
-8.826778E+0
-8.653318E+0
-8.588638E+0
-8.625388E+0
-8.776798E+0
-9.060508E+0
-9.492688E+0
-1.015860E+1
-1.121259E+1
-1.342494E+1
-2.050005E+1
-2.050005E+1
-2.050005E+1
-2.050005E+1
-2.050005E+1
-2.050005E+1
-2.050005E+1
-2.050005E+1
-2.050005E+1
-1.549911E+1
-1.254441E+1
-1.157274E+1
-1.106706E+1
-1.085244E+1
-1.082745E+1
-1.098327E+1
-1.133607E+1
-1.187850E+1
-1.277961E+1
-1.434663E+1
-2.050005E+1
-2.050005E+1
-2.050005E+1
-2.050005E+1
-2.050005E+1
-2.050005E+1
-1.811424E+1
-1.342494E+1
-1.175796E+1
-1.070397E+1
-9.946918E+0
-9.372148E+0
-8.929678E+0
-8.616568E+0
-8.415178E+0
-8.334328E+0
-8.366668E+0
-8.500438E+0
-8.747398E+0
-9.116368E+0
-9.619108E+0
-1.023357E+1
-1.095681E+1
-1.171974E+1
-1.254441E+1
-1.342494E+1
-1.461858E+1
-1.660896E+1
-2.050005E+1
-2.050005E+1
-2.050005E+1
-2.050005E+1
-2.050005E+1
-2.050005E+1
-2.050005E+1
-2.050005E+1
-2.050005E+1
-2.050005E+1
-2.050005E+1
-2.050005E+1
-2.050005E+1
-2.050005E+1
-2.050005E+1
-2.050005E+1
-2.050005E+1
-1.549911E+1
-1.334262E+1
-1.277961E+1
-1.284135E+1
-1.334262E+1
-1.434663E+1
-1.627380E+1
-1.899477E+1
-1.811424E+1
-1.476852E+1
-1.290750E+1
-1.164477E+1
-1.072749E+1
-1.006746E+1
-9.575008E+0
-9.235438E+0
-9.004648E+0
-8.888518E+0
-8.857648E+0
-8.898808E+0
-8.994358E+0
-9.151648E+0
-9.333928E+0
-9.519148E+0
-9.707308E+0
-9.846958E+0
-9.980728E+0
-1.006746E+1
-1.013949E+1
-1.019535E+1
-1.025268E+1
-1.033206E+1
-1.045554E+1
-1.068045E+1
-1.098327E+1
-1.146837E+1
-1.223277E+1
-1.359840E+1
-1.899477E+1
-2.050005E+1
-2.050005E+1
-2.050005E+1
-2.050005E+1
-2.050005E+1
-2.050005E+1
-2.050005E+1
-1.493022E+1
-1.243563E+1
-1.136841E+1
-1.075248E+1
-1.039380E+1
-1.027326E+1
-1.035264E+1
-1.058784E+1
-1.106706E+1
-1.191966E+1
-1.359840E+1
-2.050005E+1
-2.050005E+1
-2.050005E+1
-2.050005E+1
-2.050005E+1
-2.050005E+1
-2.050005E+1
-2.050005E+1
-2.050005E+1
-2.050005E+1
-2.050005E+1
-2.050005E+1
-2.050005E+1
-2.050005E+1
-1.811424E+1
-1.388799E+1
-1.290750E+1
-1.248855E+1
-1.233273E+1
-1.233273E+1
-1.243563E+1
-1.254441E+1
-1.260027E+1
-1.260027E+1
-1.265907E+1
-1.290750E+1
-1.342494E+1
-1.461858E+1
-2.050005E+1
-2.050005E+1
-2.050005E+1
-2.050005E+1
-2.050005E+1
-2.050005E+1
-2.050005E+1
-2.050005E+1
-2.050005E+1
-1.290750E+1
-1.136841E+1
-1.058784E+1
-1.015860E+1
-9.980728E+0
-9.996898E+0
-1.025268E+1
-1.075248E+1
-1.168152E+1
-1.369101E+1
-2.050005E+1
-2.050005E+1
-2.050005E+1
-2.050005E+1
-2.050005E+1
-2.050005E+1
-2.050005E+1
-2.050005E+1
-2.050005E+1
-2.050005E+1
-2.050005E+1
-2.050005E+1
-2.050005E+1
-2.050005E+1
-2.050005E+1
-2.050005E+1
-2.050005E+1
-2.050005E+1
-2.050005E+1
-2.050005E+1
-2.050005E+1
-2.050005E+1
-2.050005E+1
-2.050005E+1
-2.050005E+1
-2.050005E+1
-2.050005E+1
-2.050005E+1
-2.050005E+1
-2.050005E+1
-2.050005E+1
-2.050005E+1
-2.050005E+1
-2.050005E+1
-2.050005E+1
-2.050005E+1
-2.050005E+1
-2.050005E+1
-1.529331E+1
-1.290750E+1
-1.233273E+1
-1.233273E+1
-1.290750E+1
-1.447893E+1
-2.050005E+1
-2.050005E+1
-2.050005E+1
-2.050005E+1
-2.050005E+1
-2.050005E+1
-2.050005E+1
-2.050005E+1
-2.050005E+1
-2.050005E+1
-2.050005E+1
-2.050005E+1
-2.050005E+1
-2.050005E+1
-2.050005E+1
-2.050005E+1
-2.050005E+1
-2.050005E+1
-2.050005E+1
-2.050005E+1
-2.050005E+1
-2.050005E+1
-2.050005E+1
-2.050005E+1
-1.447893E+1
-1.175796E+1
-1.070397E+1
-1.012185E+1
-9.769048E+0
-9.547078E+0
-9.411838E+0
-9.322168E+0
-9.258958E+0
-9.186928E+0
-9.116368E+0
-9.038458E+0
-8.982598E+0
-8.950258E+0
-8.962018E+0
-9.038458E+0
-9.175168E+0
-9.385378E+0
-9.692608E+0
-1.008510E+1
-1.058784E+1
-1.115379E+1
-1.175796E+1
-1.233273E+1
-1.277961E+1
-1.284135E+1
-1.260027E+1
-1.213869E+1
-1.168152E+1
-1.121259E+1
-1.080099E+1
-1.045554E+1
-1.015860E+1
-9.963088E+0
-9.816088E+0
-9.752878E+0
-9.769048E+0
-9.863128E+0
-1.006746E+1
-1.035264E+1
-1.075248E+1
-1.127433E+1
-1.200492E+1
-1.304274E+1
-1.510368E+1
-2.050005E+1
-2.050005E+1
-2.050005E+1
-2.050005E+1
-2.050005E+1
-2.050005E+1
-2.050005E+1
-2.050005E+1
-2.050005E+1
-2.050005E+1
-2.050005E+1
-2.050005E+1
-2.050005E+1
-2.050005E+1
-2.050005E+1
-2.050005E+1
-2.050005E+1
-2.050005E+1
-2.050005E+1
-2.050005E+1
-2.050005E+1
-2.050005E+1
-2.050005E+1
-2.050005E+1
-2.050005E+1
-2.050005E+1
-2.050005E+1
-2.050005E+1
-2.050005E+1
-2.050005E+1
-2.050005E+1
-2.050005E+1
-2.050005E+1
-2.050005E+1
-2.050005E+1
-2.050005E+1
-2.050005E+1
-2.050005E+1
-2.050005E+1
-2.050005E+1
-2.050005E+1
-2.050005E+1
-2.050005E+1
-2.050005E+1
-2.050005E+1
-2.050005E+1
-2.050005E+1
-2.050005E+1
-2.050005E+1
-2.050005E+1
-2.050005E+1
-2.050005E+1
-2.050005E+1
-2.050005E+1
-2.050005E+1
-2.050005E+1
-1.311330E+1
-1.133607E+1
-1.041438E+1
-9.816088E+0
-9.411838E+0
-9.139888E+0
-8.972308E+0
-8.898808E+0
-8.898808E+0
-8.972308E+0
-9.094318E+0
-9.258958E+0
-9.451528E+0
-9.648508E+0
-9.816088E+0
-9.946918E+0
-1.003218E+1
-1.008510E+1
-1.012185E+1
-1.015860E+1
-1.023357E+1
-1.031148E+1
-1.043496E+1
-1.056579E+1
-1.072749E+1
-1.087743E+1
-1.101120E+1
-1.109499E+1
-1.115379E+1
-1.115379E+1
-1.112439E+1
-1.103913E+1
-1.090389E+1
-1.077747E+1
-1.070397E+1
-1.065693E+1
-1.075248E+1
-1.101120E+1
-1.160802E+1
-1.297365E+1
-2.050005E+1
-2.050005E+1
-2.050005E+1
-2.050005E+1
-2.050005E+1
-2.050005E+1
-2.050005E+1
-2.050005E+1
-2.050005E+1
-2.050005E+1
-2.050005E+1
-2.050005E+1
-2.050005E+1
-2.050005E+1
-2.050005E+1
-1.378803E+1
-1.157274E+1
-1.058784E+1
-1.001454E+1
-9.663208E+0
-9.451528E+0
-9.358918E+0
-9.322168E+0
-9.308938E+0
-9.308938E+0
-9.295708E+0
-9.272188E+0
-9.247198E+0
-9.247198E+0
-9.295708E+0
-9.425068E+0
-9.663208E+0
-9.996898E+0
-1.047759E+1
-1.112439E+1
-1.196082E+1
-1.297365E+1
-1.399383E+1
-1.461858E+1
-1.447893E+1
-1.378803E+1
-1.311330E+1
-1.248855E+1
-1.213869E+1
-1.191966E+1
-1.187850E+1
-1.196082E+1
-1.213869E+1
-1.243563E+1
-1.290750E+1
-1.359840E+1
-1.493022E+1
-2.050005E+1
-2.050005E+1
-2.050005E+1
-2.050005E+1
-2.050005E+1
-2.050005E+1
-2.050005E+1
-2.050005E+1
-2.050005E+1
-2.050005E+1
-2.050005E+1
-2.050005E+1
-2.050005E+1
-2.050005E+1
-2.050005E+1
-2.050005E+1
-2.050005E+1
-2.050005E+1
-2.050005E+1
-2.050005E+1
-2.050005E+1
-2.050005E+1
-2.050005E+1
-2.050005E+1
-2.050005E+1
-2.050005E+1
-2.050005E+1
-2.050005E+1
-2.050005E+1
-2.050005E+1
-2.050005E+1
-2.050005E+1
-2.050005E+1
-2.050005E+1
-2.050005E+1
-2.050005E+1
-2.050005E+1
-2.050005E+1
-2.050005E+1
-2.050005E+1
-2.050005E+1
-2.050005E+1
-2.050005E+1
-2.050005E+1
-2.050005E+1
-2.050005E+1
-2.050005E+1
-2.050005E+1
-2.050005E+1
-2.050005E+1
-2.050005E+1
-2.050005E+1
-2.050005E+1
-2.050005E+1
-2.050005E+1
-2.050005E+1
-2.050005E+1
-2.050005E+1
-2.050005E+1
-2.050005E+1
-2.050005E+1
-2.050005E+1
-2.050005E+1
-2.050005E+1
-2.050005E+1
-2.050005E+1
-1.811424E+1
-1.248855E+1
-1.098327E+1
-1.006746E+1
-9.451528E+0
-9.026698E+0
-8.728288E+0
-8.544538E+0
-8.448988E+0
-8.407828E+0
-8.415178E+0
-8.448988E+0
-8.475448E+0
-8.482798E+0
-8.466628E+0
-8.432818E+0
-8.407828E+0
-8.399008E+0
-8.448988E+0
-8.579818E+0
-8.837068E+0
-9.247198E+0
-9.896938E+0
-1.098327E+1
-1.326324E+1
-2.050005E+1
-2.050005E+1
-2.050005E+1
-2.050005E+1
-2.050005E+1
-2.050005E+1
-2.050005E+1
-2.050005E+1
-2.050005E+1
-2.050005E+1
-2.050005E+1
-2.050005E+1
-2.050005E+1
-2.050005E+1
-2.050005E+1
-2.050005E+1
-2.050005E+1
-2.050005E+1
-2.050005E+1
-2.050005E+1
-2.050005E+1
-2.050005E+1
-2.050005E+1
-2.050005E+1
-2.050005E+1
-2.050005E+1
-2.050005E+1
-2.050005E+1
-2.050005E+1
-2.050005E+1
-2.050005E+1
-2.050005E+1
-2.050005E+1
-2.050005E+1
-2.050005E+1
-1.461858E+1
-1.318680E+1
-1.260027E+1
-1.248855E+1
-1.284135E+1
-1.378803E+1
-1.700439E+1
-2.050005E+1
-2.050005E+1
-2.050005E+1
-2.050005E+1
-2.050005E+1
-2.050005E+1
-2.050005E+1
-1.811424E+1
-1.359840E+1
-1.228275E+1
-1.160802E+1
-1.130520E+1
-1.127433E+1
-1.150218E+1
-1.204902E+1
-1.318680E+1
-1.660896E+1
-2.050005E+1
-2.050005E+1
-2.050005E+1
-2.050005E+1
-2.050005E+1
-2.050005E+1
-2.050005E+1
-2.050005E+1
-2.050005E+1
-2.050005E+1
-2.050005E+1
-2.050005E+1
-2.050005E+1
-2.050005E+1
-2.050005E+1
-2.050005E+1
-2.050005E+1
-1.476852E+1
-1.218573E+1
-1.095681E+1
-1.017624E+1
-9.648508E+0
-9.295708E+0
-9.082558E+0
-8.972308E+0
-8.950258E+0
-8.982598E+0
-9.048748E+0
-9.116368E+0
-9.175168E+0
-9.186928E+0
-9.175168E+0
-9.128128E+0
-9.094318E+0
-9.104608E+0
-9.186928E+0
-9.358918E+0
-9.648508E+0
-1.012185E+1
-1.087743E+1
-1.218573E+1
-1.572843E+1
-2.050005E+1
-2.050005E+1
-2.050005E+1
-2.050005E+1
-2.050005E+1
-2.050005E+1
-2.050005E+1
-2.050005E+1
-2.050005E+1
-2.050005E+1
-2.050005E+1
-2.050005E+1
-2.050005E+1
-2.050005E+1
-2.050005E+1
-2.050005E+1
-2.050005E+1
-2.050005E+1
-2.050005E+1
-2.050005E+1
-2.050005E+1
-2.050005E+1
-2.050005E+1
-2.050005E+1
-2.050005E+1
-2.050005E+1
-2.050005E+1
-2.050005E+1
-2.050005E+1
-2.050005E+1
-2.050005E+1
-1.572843E+1
-1.334262E+1
-1.238271E+1
-1.187850E+1
-1.168152E+1
-1.179765E+1
-1.233273E+1
-1.369101E+1
-2.050005E+1
-2.050005E+1
-2.050005E+1
-2.050005E+1
-2.050005E+1
-2.050005E+1
-2.050005E+1
-2.050005E+1
-2.050005E+1
-1.388799E+1
-1.191966E+1
-1.098327E+1
-1.047759E+1
-1.021446E+1
-1.004982E+1
-9.963088E+0
-9.913108E+0
-9.830788E+0
-9.722008E+0
-9.561778E+0
-9.385378E+0
-9.210448E+0
-9.070798E+0
-8.994358E+0
-8.994358E+0
-9.082558E+0
-9.283948E+0
-9.633808E+0
-1.013949E+1
-1.087743E+1
-1.200492E+1
-1.434663E+1
-2.050005E+1
-2.050005E+1
-2.050005E+1
-2.050005E+1
-2.050005E+1
-2.050005E+1
-2.050005E+1
-2.050005E+1
-2.050005E+1
-2.050005E+1
-2.050005E+1
-2.050005E+1
-2.050005E+1
-2.050005E+1
-2.050005E+1
-2.050005E+1
-2.050005E+1
-2.050005E+1
-2.050005E+1
-2.050005E+1
-2.050005E+1
-2.050005E+1
-2.050005E+1
-2.050005E+1
-2.050005E+1
-2.050005E+1
-2.050005E+1
-2.050005E+1
-2.050005E+1
-2.050005E+1
-2.050005E+1
-2.050005E+1
-2.050005E+1
-2.050005E+1
-2.050005E+1
-1.388799E+1
-1.265907E+1
-1.204902E+1
-1.164477E+1
-1.133607E+1
-1.106706E+1
-1.080099E+1
-1.056579E+1
-1.035264E+1
-1.013949E+1
-9.980728E+0
-9.863128E+0
-9.783748E+0
-9.738178E+0
-9.707308E+0
-9.677908E+0
-9.633808E+0
-9.575008E+0
-9.505918E+0
-9.425068E+0
-9.358918E+0
-9.333928E+0
-9.347158E+0
-9.451528E+0
-9.648508E+0
-9.980728E+0
-1.047759E+1
-1.124346E+1
-1.265907E+1
-2.050005E+1
-2.050005E+1
-2.050005E+1
-2.050005E+1
-2.050005E+1
-2.050005E+1
-2.050005E+1
-2.050005E+1
-2.050005E+1
-2.050005E+1
-2.050005E+1
-2.050005E+1
-2.050005E+1
-2.050005E+1
-2.050005E+1
-2.050005E+1
-2.050005E+1
-1.493022E+1
-1.213869E+1
-1.109499E+1
-1.054374E+1
-1.025268E+1
-1.013949E+1
-1.017624E+1
-1.031148E+1
-1.054374E+1
-1.087743E+1
-1.127433E+1
-1.175796E+1
-1.243563E+1
-1.334262E+1
-1.510368E+1
-2.050005E+1
-2.050005E+1
-2.050005E+1
-2.050005E+1
-2.050005E+1
-2.050005E+1
-2.050005E+1
-2.050005E+1
-2.050005E+1
-1.399383E+1
-1.265907E+1
-1.209312E+1
-1.183734E+1
-1.196082E+1
-1.243563E+1
-1.351020E+1
-1.598421E+1
-2.050005E+1
-2.050005E+1
-2.050005E+1
-2.050005E+1
-2.050005E+1
-2.050005E+1
-2.050005E+1
-2.050005E+1
-2.050005E+1
-2.050005E+1
-2.050005E+1
-2.050005E+1
-2.050005E+1
-2.050005E+1
-2.050005E+1
-2.050005E+1
-2.050005E+1
-1.660896E+1
-1.284135E+1
-1.160802E+1
-1.095681E+1
-1.070397E+1
-1.070397E+1
-1.101120E+1
-1.175796E+1
-1.369101E+1
-2.050005E+1
-2.050005E+1
-2.050005E+1
-2.050005E+1
-2.050005E+1
-2.050005E+1
-2.050005E+1
-2.050005E+1
-2.050005E+1
-2.050005E+1
-1.529331E+1
-1.233273E+1
-1.133607E+1
-1.090389E+1
-1.072749E+1
-1.075248E+1
-1.095681E+1
-1.130520E+1
-1.175796E+1
-1.228275E+1
-1.284135E+1
-1.334262E+1
-1.342494E+1
-1.311330E+1
-1.260027E+1
-1.196082E+1
-1.143456E+1
-1.095681E+1
-1.058784E+1
-1.033206E+1
-1.015860E+1
-1.004982E+1
-9.996898E+0
-9.996898E+0
-1.006746E+1
-1.021446E+1
-1.045554E+1
-1.085244E+1
-1.146837E+1
-1.254441E+1
-1.529331E+1
-2.050005E+1
-2.050005E+1
-2.050005E+1
-2.050005E+1
-2.050005E+1
-2.050005E+1
-2.050005E+1
-2.050005E+1
-2.050005E+1
-2.050005E+1
-1.447893E+1
-1.284135E+1
-1.209312E+1
-1.168152E+1
-1.150218E+1
-1.143456E+1
-1.150218E+1
-1.160802E+1
-1.183734E+1
-1.213869E+1
-1.254441E+1
-1.326324E+1
-1.476852E+1
-2.050005E+1
-2.050005E+1
-2.050005E+1
-2.050005E+1
-2.050005E+1
-2.050005E+1
-2.050005E+1
-2.050005E+1
-2.050005E+1
-2.050005E+1
-2.050005E+1
-2.050005E+1
-2.050005E+1
-2.050005E+1
-1.811424E+1
-1.549911E+1
-1.461858E+1
-1.410555E+1
-1.388799E+1
-1.388799E+1
-1.422315E+1
-1.510368E+1
-1.700439E+1
-2.050005E+1
-2.050005E+1
-2.050005E+1
-2.050005E+1
-2.050005E+1
-2.050005E+1
-2.050005E+1
-2.050005E+1
-2.050005E+1
-1.351020E+1
-1.183734E+1
-1.093035E+1
-1.033206E+1
-9.996898E+0
-9.846958E+0
-9.846958E+0
-1.001454E+1
-1.035264E+1
-1.090389E+1
-1.171974E+1
-1.284135E+1
-1.461858E+1
-1.748949E+1
-2.050005E+1
-1.700439E+1
-1.447893E+1
-1.318680E+1
-1.233273E+1
-1.183734E+1
-1.164477E+1
-1.168152E+1
-1.196082E+1
-1.271787E+1
-1.447893E+1
-2.050005E+1
-2.050005E+1
-2.050005E+1
-2.050005E+1
-2.050005E+1
-2.050005E+1
-2.050005E+1
-2.050005E+1
-2.050005E+1
-2.050005E+1
-2.050005E+1
-1.748949E+1
-1.284135E+1
-1.136841E+1
-1.045554E+1
-9.783748E+0
-9.272188E+0
-8.878228E+0
-8.579818E+0
-8.382838E+0
-8.278468E+0
-8.278468E+0
-8.382838E+0
-8.597458E+0
-8.939968E+0
-9.425068E+0
-1.008510E+1
-1.095681E+1
-1.209312E+1
-1.351020E+1
-1.510368E+1
-1.510368E+1
-1.388799E+1
-1.260027E+1
-1.160802E+1
-1.090389E+1
-1.039380E+1
-1.001454E+1
-9.799918E+0
-9.677908E+0
-9.677908E+0
-9.769048E+0
-9.946918E+0
-1.021446E+1
-1.058784E+1
-1.106706E+1
-1.164477E+1
-1.238271E+1
-1.342494E+1
-1.529331E+1
-2.050005E+1
-2.050005E+1
-2.050005E+1
-2.050005E+1
-2.050005E+1
-2.050005E+1
-2.050005E+1
-2.050005E+1
-2.050005E+1
-2.050005E+1
-2.050005E+1
-2.050005E+1
-2.050005E+1
-2.050005E+1
-2.050005E+1
-2.050005E+1
-2.050005E+1
-2.050005E+1
-2.050005E+1
-2.050005E+1
-2.050005E+1
-2.050005E+1
-2.050005E+1
-2.050005E+1
-2.050005E+1
-2.050005E+1
-2.050005E+1
-1.660896E+1
-1.434663E+1
-1.378803E+1
-1.399383E+1
-1.476852E+1
-1.700439E+1
-2.050005E+1
-2.050005E+1
-2.050005E+1
-2.050005E+1
-2.050005E+1
-2.050005E+1
-2.050005E+1
-2.050005E+1
-2.050005E+1
-2.050005E+1
-2.050005E+1
-2.050005E+1
-2.050005E+1
-2.050005E+1
-2.050005E+1
-2.050005E+1
-2.050005E+1
-2.050005E+1
-2.050005E+1
-2.050005E+1
-2.050005E+1
-2.050005E+1
-2.050005E+1
-2.050005E+1
-2.050005E+1
-2.050005E+1
-2.050005E+1
-2.050005E+1
-2.050005E+1
-1.447893E+1
-1.342494E+1
-1.304274E+1
-1.290750E+1
-1.290750E+1
-1.277961E+1
-1.238271E+1
-1.183734E+1
-1.121259E+1
-1.058784E+1
-9.996898E+0
-9.477988E+0
-9.038458E+0
-8.670958E+0
-8.366668E+0
-8.113828E+0
-7.887448E+0
-7.693408E+0
-7.521418E+0
-7.377358E+0
-7.262698E+0
-7.175968E+0
-7.120108E+0
-7.106878E+0
-7.133338E+0
-7.203898E+0
-7.321498E+0
-7.505248E+0
-7.747798E+0
-8.077078E+0
-8.518078E+0
-9.104608E+0
-9.963088E+0
-1.136841E+1
-1.572843E+1
-2.050005E+1
-2.050005E+1
