Date/Time	2022-06-10 07:20:53
Line location	1
Line name	A1
OTDR wavelength [nm]	1550
OTDR pulse duration [ns]	2
OTDR scan time [s]	10
OTDR scan length [m]	1.500000E+2
Length offset [m]	0.000000E+0
Length increment [m]	3.996806E-2
Switch ID	VIAVI Solutions,OTU 8000E,11654,FO,16.76
OTDR ID	JDSU,OTU 8000E,11654,OTU(SmartOTU),V7.22

Reflected amplitude [dB]
8.612520E-1
8.568420E-1
8.406720E-1
8.009820E-1
7.480620E-1
6.966120E-1
6.525120E-1
6.231120E-1
6.260520E-1
6.789720E-1
7.759920E-1
9.053520E-1
1.056762E+0
1.212582E+0
1.352232E+0
1.461012E+0
1.540392E+0
1.596252E+0
1.630062E+0
1.640352E+0
1.630062E+0
1.590372E+0
1.521282E+0
1.424262E+0
1.286082E+0
1.125852E+0
9.729720E-1
8.392020E-1
7.216020E-1
5.995920E-1
4.790520E-1
3.688020E-1
2.732520E-1
1.924020E-1
1.277220E-1
7.480200E-2
3.217200E-2
-1.638000E-3
-2.662800E-2
-4.426800E-2
-5.749800E-2
-6.778800E-2
-7.513800E-2
-8.101800E-2
-8.689800E-2
-9.424800E-2
-1.030680E-1
-1.148280E-1
-1.265880E-1
-1.398180E-1
-1.530480E-1
-1.648080E-1
-1.765680E-1
-1.853880E-1
-1.927380E-1
-1.986180E-1
-2.030280E-1
-2.044980E-1
-2.074380E-1
-2.089080E-1
-2.103780E-1
-2.118480E-1
-2.133180E-1
-2.147880E-1
-2.162580E-1
-2.177280E-1
-2.177280E-1
-2.162580E-1
-2.133180E-1
-2.089080E-1
-2.030280E-1
-1.942080E-1
-1.839180E-1
-1.721580E-1
-1.574580E-1
-1.442280E-1
-1.295280E-1
-1.162980E-1
-1.030680E-1
-9.277800E-2
-8.542800E-2
-8.101800E-2
-7.954800E-2
-8.395800E-2
-9.130800E-2
-1.015980E-1
-1.177680E-1
-1.354080E-1
-1.559880E-1
-1.795080E-1
-2.030280E-1
-2.265480E-1
-2.515380E-1
-2.750580E-1
-2.985780E-1
-3.191580E-1
-3.382680E-1
-3.544380E-1
-3.706080E-1
-3.853080E-1
-3.970680E-1
-4.088280E-1
-4.191180E-1
-4.294080E-1
-4.396980E-1
-4.485180E-1
-4.558680E-1
-4.617480E-1
-4.676280E-1
-4.690980E-1
-4.705680E-1
-4.676280E-1
-4.646880E-1
-4.588080E-1
-4.514580E-1
-4.441080E-1
-4.367580E-1
-4.279380E-1
-4.205880E-1
-4.117680E-1
-4.044180E-1
-3.970680E-1
-3.911880E-1
-3.853080E-1
-3.808980E-1
-3.764880E-1
-3.764880E-1
-3.764880E-1
-3.808980E-1
-3.867780E-1
-3.970680E-1
-4.073580E-1
-4.176480E-1
-4.294080E-1
-4.396980E-1
-4.485180E-1
-4.543980E-1
-4.602780E-1
-4.617480E-1
-4.632180E-1
-4.646880E-1
-4.646880E-1
-4.646880E-1
-4.646880E-1
-4.352880E-1
-2.280180E-1
3.717420E-1
1.365462E+0
2.522352E+0
3.651312E+0
4.659732E+0
5.521152E+0
6.239982E+0
6.836802E+0
7.329252E+0
7.730562E+0
8.045142E+0
8.281812E+0
8.443512E+0
8.537592E+0
8.571402E+0
8.549352E+0
8.474382E+0
8.347962E+0
8.173032E+0
7.951062E+0
7.683522E+0
7.371882E+0
7.020552E+0
6.631002E+0
6.204702E+0
5.750472E+0
5.275662E+0
4.784682E+0
4.289292E+0
3.799782E+0
3.327912E+0
2.891322E+0
2.503242E+0
2.171022E+0
1.887312E+0
1.646232E+0
1.443372E+0
1.262562E+0
1.087632E+0
9.097620E-1
7.333620E-1
5.613720E-1
3.982020E-1
2.541420E-1
1.277220E-1
2.335200E-2
-6.337800E-2
-1.339380E-1
-1.897980E-1
-2.368380E-1
-2.750580E-1
-3.059280E-1
-3.309180E-1
-3.514980E-1
-3.676680E-1
-3.808980E-1
-3.911880E-1
-4.000080E-1
-4.058880E-1
-4.102980E-1
-4.132380E-1
-4.161780E-1
-4.191180E-1
-4.205880E-1
-4.220580E-1
-4.235280E-1
-4.235280E-1
-4.220580E-1
-4.205880E-1
-4.176480E-1
-4.147080E-1
-4.102980E-1
-4.073580E-1
-4.044180E-1
-4.014780E-1
-4.000080E-1
-3.985380E-1
-3.970680E-1
-3.941280E-1
-3.926580E-1
-3.897180E-1
-3.867780E-1
-3.838380E-1
-3.794280E-1
-3.764880E-1
-3.750180E-1
-3.720780E-1
-3.720780E-1
-3.706080E-1
-3.706080E-1
-3.720780E-1
-3.720780E-1
-3.735480E-1
-3.750180E-1
-3.764880E-1
-3.794280E-1
-3.808980E-1
-3.838380E-1
-3.867780E-1
-3.897180E-1
-3.911880E-1
-3.926580E-1
-3.941280E-1
-3.941280E-1
-3.941280E-1
-3.941280E-1
-3.955980E-1
-3.970680E-1
-4.000080E-1
-4.029480E-1
-4.058880E-1
-4.088280E-1
-4.117680E-1
-4.132380E-1
-4.117680E-1
-4.102980E-1
-4.058880E-1
-4.014780E-1
-3.955980E-1
-3.897180E-1
-3.853080E-1
-3.823680E-1
-3.808980E-1
-3.808980E-1
-3.823680E-1
-3.867780E-1
-3.911880E-1
-3.970680E-1
-4.014780E-1
-4.058880E-1
-4.088280E-1
-4.102980E-1
-4.102980E-1
-4.102980E-1
-4.073580E-1
-4.044180E-1
-4.014780E-1
-3.985380E-1
-3.970680E-1
-3.941280E-1
-3.926580E-1
-3.926580E-1
-3.926580E-1
-3.926580E-1
-3.926580E-1
-3.941280E-1
-3.941280E-1
-3.926580E-1
-3.911880E-1
-3.897180E-1
-3.867780E-1
-3.823680E-1
-3.794280E-1
-3.764880E-1
-3.764880E-1
-3.764880E-1
-3.779580E-1
-3.823680E-1
-3.882480E-1
-3.955980E-1
-4.044180E-1
-4.117680E-1
-4.191180E-1
-4.264680E-1
-4.308780E-1
-4.323480E-1
-4.323480E-1
-4.308780E-1
-4.264680E-1
-4.205880E-1
-4.147080E-1
-4.088280E-1
-4.044180E-1
-4.000080E-1
-3.985380E-1
-4.000080E-1
-4.014780E-1
-4.044180E-1
-4.088280E-1
-4.132380E-1
-4.176480E-1
-4.220580E-1
-4.235280E-1
-4.264680E-1
-4.264680E-1
-4.279380E-1
-4.264680E-1
-4.264680E-1
-4.249980E-1
-4.220580E-1
-4.176480E-1
-4.132380E-1
-4.073580E-1
-4.000080E-1
-3.911880E-1
-3.808980E-1
-3.691380E-1
-3.573780E-1
-3.441480E-1
-3.323880E-1
-3.191580E-1
-3.073980E-1
-2.985780E-1
-2.912280E-1
-2.868180E-1
-2.853480E-1
-2.868180E-1
-2.912280E-1
-2.985780E-1
-3.088680E-1
-3.206280E-1
-3.323880E-1
-3.441480E-1
-3.544380E-1
-3.632580E-1
-3.706080E-1
-3.750180E-1
-3.779580E-1
-3.808980E-1
-3.823680E-1
-3.838380E-1
-3.853080E-1
-3.867780E-1
-3.882480E-1
-3.882480E-1
-3.882480E-1
-3.867780E-1
-3.853080E-1
-3.838380E-1
-3.823680E-1
-3.808980E-1
-3.794280E-1
-3.794280E-1
-3.794280E-1
-3.808980E-1
-3.838380E-1
-3.882480E-1
-3.911880E-1
-3.955980E-1
-4.000080E-1
-4.058880E-1
-4.102980E-1
-4.161780E-1
-4.205880E-1
-4.249980E-1
-4.279380E-1
-4.308780E-1
-4.308780E-1
-4.294080E-1
-4.264680E-1
-4.235280E-1
-4.191180E-1
-4.132380E-1
-4.088280E-1
-4.058880E-1
-4.029480E-1
-4.014780E-1
-4.014780E-1
-4.029480E-1
-4.029480E-1
-4.029480E-1
-4.029480E-1
-4.000080E-1
-3.941280E-1
-3.867780E-1
-3.764880E-1
-3.632580E-1
-3.514980E-1
-3.382680E-1
-3.265080E-1
-3.162180E-1
-3.088680E-1
-3.059280E-1
-3.059280E-1
-3.088680E-1
-3.147480E-1
-3.235680E-1
-3.353280E-1
-3.470880E-1
-3.617880E-1
-3.750180E-1
-3.882480E-1
-4.000080E-1
-4.102980E-1
-4.176480E-1
-4.235280E-1
-4.294080E-1
-4.323480E-1
-4.352880E-1
-4.382280E-1
-4.411680E-1
-4.441080E-1
-4.470480E-1
-4.499880E-1
-4.514580E-1
-4.529280E-1
-4.514580E-1
-4.485180E-1
-4.426380E-1
-4.367580E-1
-4.308780E-1
-4.249980E-1
-4.191180E-1
-4.147080E-1
-4.117680E-1
-4.102980E-1
-4.088280E-1
-4.073580E-1
-4.044180E-1
-4.014780E-1
-3.970680E-1
-3.926580E-1
-3.882480E-1
-3.853080E-1
-3.823680E-1
-3.823680E-1
-3.838380E-1
-3.867780E-1
-3.911880E-1
-3.970680E-1
-4.029480E-1
-4.088280E-1
-4.147080E-1
-4.205880E-1
-4.249980E-1
-4.279380E-1
-4.308780E-1
-4.323480E-1
-4.338180E-1
-4.323480E-1
-4.294080E-1
-4.249980E-1
-4.191180E-1
-4.117680E-1
-4.029480E-1
-3.941280E-1
-3.867780E-1
-3.808980E-1
-3.750180E-1
-3.706080E-1
-3.691380E-1
-3.691380E-1
-3.706080E-1
-3.720780E-1
-3.750180E-1
-3.779580E-1
-3.808980E-1
-3.838380E-1
-3.867780E-1
-3.911880E-1
-3.941280E-1
-3.970680E-1
-3.985380E-1
-4.000080E-1
-4.000080E-1
-4.000080E-1
-3.985380E-1
-3.970680E-1
-3.955980E-1
-3.941280E-1
-3.926580E-1
-3.926580E-1
-3.926580E-1
-3.926580E-1
-3.941280E-1
-3.970680E-1
-4.000080E-1
-4.044180E-1
-4.102980E-1
-4.161780E-1
-4.220580E-1
-4.294080E-1
-4.367580E-1
-4.426380E-1
-4.470480E-1
-4.499880E-1
-4.529280E-1
-4.529280E-1
-4.514580E-1
-4.485180E-1
-4.441080E-1
-4.396980E-1
-4.338180E-1
-4.279380E-1
-4.220580E-1
-4.176480E-1
-4.132380E-1
-4.102980E-1
-4.073580E-1
-4.073580E-1
-4.073580E-1
-4.088280E-1
-4.102980E-1
-4.132380E-1
-4.147080E-1
-4.161780E-1
-4.176480E-1
-4.191180E-1
-4.191180E-1
-4.191180E-1
-4.191180E-1
-4.176480E-1
-4.176480E-1
-4.161780E-1
-4.161780E-1
-4.161780E-1
-4.161780E-1
-4.161780E-1
-4.191180E-1
-4.205880E-1
-4.249980E-1
-4.279380E-1
-4.323480E-1
-4.367580E-1
-4.426380E-1
-4.470480E-1
-4.529280E-1
-4.573380E-1
-4.617480E-1
-4.646880E-1
-4.661580E-1
-4.676280E-1
-4.676280E-1
-4.676280E-1
-4.661580E-1
-4.632180E-1
-4.617480E-1
-4.588080E-1
-4.573380E-1
-4.543980E-1
-4.529280E-1
-4.499880E-1
-4.470480E-1
-4.441080E-1
-4.411680E-1
-4.367580E-1
-4.338180E-1
-4.308780E-1
-4.294080E-1
-4.279380E-1
-4.279380E-1
-4.294080E-1
-4.308780E-1
-4.323480E-1
-4.338180E-1
-4.352880E-1
-4.367580E-1
-4.367580E-1
-4.367580E-1
-4.352880E-1
-4.323480E-1
-4.294080E-1
-4.249980E-1
-4.191180E-1
-4.132380E-1
-4.073580E-1
-4.000080E-1
-3.941280E-1
-3.882480E-1
-3.838380E-1
-3.794280E-1
-3.750180E-1
-3.735480E-1
-3.706080E-1
-3.706080E-1
-3.720780E-1
-3.735480E-1
-3.779580E-1
-3.838380E-1
-3.911880E-1
-4.000080E-1
-4.088280E-1
-4.161780E-1
-4.235280E-1
-4.294080E-1
-4.338180E-1
-4.352880E-1
-4.352880E-1
-4.323480E-1
-4.279380E-1
-4.220580E-1
-4.161780E-1
-4.102980E-1
-4.058880E-1
-4.029480E-1
-4.000080E-1
-4.000080E-1
-4.014780E-1
-4.044180E-1
-4.088280E-1
-4.147080E-1
-4.205880E-1
-4.279380E-1
-4.338180E-1
-4.411680E-1
-4.470480E-1
-4.529280E-1
-4.588080E-1
-4.632180E-1
-4.676280E-1
-4.720380E-1
-4.749780E-1
-4.779180E-1
-4.808580E-1
-4.837980E-1
-4.852680E-1
-4.852680E-1
-4.852680E-1
-4.823280E-1
-4.793880E-1
-4.749780E-1
-4.705680E-1
-4.661580E-1
-4.617480E-1
-4.588080E-1
-4.573380E-1
-4.573380E-1
-4.573380E-1
-4.588080E-1
-4.602780E-1
-4.602780E-1
-4.602780E-1
-4.588080E-1
-4.558680E-1
-4.514580E-1
-4.470480E-1
-4.411680E-1
-4.367580E-1
-4.308780E-1
-4.279380E-1
-4.235280E-1
-4.220580E-1
-4.220580E-1
-4.220580E-1
-4.220580E-1
-4.235280E-1
-4.235280E-1
-4.235280E-1
-4.220580E-1
-4.191180E-1
-4.147080E-1
-4.102980E-1
-4.073580E-1
-4.044180E-1
-4.029480E-1
-4.029480E-1
-4.044180E-1
-4.073580E-1
-4.102980E-1
-4.161780E-1
-4.205880E-1
-4.235280E-1
-4.264680E-1
-4.279380E-1
-4.279380E-1
-4.235280E-1
-4.191180E-1
-4.117680E-1
-4.014780E-1
-3.911880E-1
-3.808980E-1
-3.706080E-1
-3.617880E-1
-3.544380E-1
-3.500280E-1
-3.470880E-1
-3.485580E-1
-3.514980E-1
-3.559080E-1
-3.617880E-1
-3.691380E-1
-3.764880E-1
-3.838380E-1
-3.911880E-1
-4.000080E-1
-4.073580E-1
-4.161780E-1
-4.235280E-1
-4.323480E-1
-4.411680E-1
-4.485180E-1
-4.558680E-1
-4.632180E-1
-4.690980E-1
-4.735080E-1
-4.764480E-1
-4.779180E-1
-4.793880E-1
-4.793880E-1
-4.793880E-1
-4.779180E-1
-4.764480E-1
-4.764480E-1
-4.749780E-1
-4.749780E-1
-4.749780E-1
-4.749780E-1
-4.749780E-1
-4.735080E-1
-4.705680E-1
-4.676280E-1
-4.632180E-1
-4.573380E-1
-4.514580E-1
-4.470480E-1
-4.411680E-1
-4.367580E-1
-4.338180E-1
-4.308780E-1
-4.294080E-1
-4.279380E-1
-4.279380E-1
-4.279380E-1
-4.294080E-1
-4.294080E-1
-4.308780E-1
-4.323480E-1
-4.352880E-1
-4.352880E-1
-4.367580E-1
-4.352880E-1
-4.352880E-1
-4.338180E-1
-4.308780E-1
-4.279380E-1
-4.235280E-1
-4.176480E-1
-4.117680E-1
-4.029480E-1
-3.941280E-1
-3.838380E-1
-3.750180E-1
-3.661980E-1
-3.588480E-1
-3.544380E-1
-3.514980E-1
-3.514980E-1
-3.529680E-1
-3.573780E-1
-3.632580E-1
-3.706080E-1
-3.779580E-1
-3.853080E-1
-3.911880E-1
-3.985380E-1
-4.044180E-1
-4.088280E-1
-4.117680E-1
-4.147080E-1
-4.176480E-1
-4.191180E-1
-4.220580E-1
-4.249980E-1
-4.294080E-1
-4.352880E-1
-4.411680E-1
-4.485180E-1
-4.543980E-1
-4.602780E-1
-4.646880E-1
-4.676280E-1
-4.690980E-1
-4.676280E-1
-4.646880E-1
-4.602780E-1
-4.558680E-1
-4.514580E-1
-4.470480E-1
-4.426380E-1
-4.382280E-1
-4.338180E-1
-4.308780E-1
-4.279380E-1
-4.264680E-1
-4.235280E-1
-4.220580E-1
-4.205880E-1
-4.205880E-1
-4.220580E-1
-4.249980E-1
-4.294080E-1
-4.338180E-1
-4.396980E-1
-4.455780E-1
-4.499880E-1
-4.529280E-1
-4.543980E-1
-4.529280E-1
-4.514580E-1
-4.455780E-1
-4.411680E-1
-4.352880E-1
-4.308780E-1
-4.264680E-1
-4.220580E-1
-4.205880E-1
-4.176480E-1
-4.161780E-1
-4.147080E-1
-4.117680E-1
-4.102980E-1
-4.073580E-1
-4.058880E-1
-4.029480E-1
-4.029480E-1
-4.014780E-1
-4.014780E-1
-4.029480E-1
-4.029480E-1
-4.044180E-1
-4.058880E-1
-4.073580E-1
-4.088280E-1
-4.102980E-1
-4.102980E-1
-4.102980E-1
-4.088280E-1
-4.073580E-1
-4.044180E-1
-4.014780E-1
-3.970680E-1
-3.926580E-1
-3.882480E-1
-3.838380E-1
-3.794280E-1
-3.764880E-1
-3.720780E-1
-3.706080E-1
-3.676680E-1
-3.647280E-1
-3.617880E-1
-3.603180E-1
-3.573780E-1
-3.544380E-1
-3.514980E-1
-3.485580E-1
-3.456180E-1
-3.441480E-1
-3.426780E-1
-3.426780E-1
-3.456180E-1
-3.500280E-1
-3.559080E-1
-3.632580E-1
-3.735480E-1
-3.838380E-1
-3.955980E-1
-4.073580E-1
-4.191180E-1
-4.279380E-1
-4.352880E-1
-4.411680E-1
-4.441080E-1
-4.455780E-1
-4.455780E-1
-4.455780E-1
-4.441080E-1
-4.441080E-1
-4.455780E-1
-4.455780E-1
-4.470480E-1
-4.485180E-1
-4.485180E-1
-4.499880E-1
-4.485180E-1
-4.485180E-1
-4.485180E-1
-4.470480E-1
-4.470480E-1
-4.470480E-1
-4.455780E-1
-4.441080E-1
-4.426380E-1
-4.396980E-1
-4.352880E-1
-4.323480E-1
-4.279380E-1
-4.235280E-1
-4.191180E-1
-4.147080E-1
-4.102980E-1
-4.058880E-1
-4.014780E-1
-3.970680E-1
-3.926580E-1
-3.867780E-1
-3.794280E-1
-3.735480E-1
-3.661980E-1
-3.603180E-1
-3.559080E-1
-3.514980E-1
-3.500280E-1
-3.514980E-1
-3.544380E-1
-3.588480E-1
-3.661980E-1
-3.750180E-1
-3.823680E-1
-3.911880E-1
-3.985380E-1
-4.029480E-1
-4.073580E-1
-4.102980E-1
-4.117680E-1
-4.117680E-1
-4.102980E-1
-4.102980E-1
-4.088280E-1
-4.088280E-1
-4.073580E-1
-4.058880E-1
-4.058880E-1
-4.044180E-1
-4.044180E-1
-4.058880E-1
-4.073580E-1
-4.088280E-1
-4.117680E-1
-4.161780E-1
-4.191180E-1
-4.235280E-1
-4.294080E-1
-4.338180E-1
-4.382280E-1
-4.411680E-1
-4.455780E-1
-4.499880E-1
-4.529280E-1
-4.573380E-1
-4.588080E-1
-4.617480E-1
-4.617480E-1
-4.617480E-1
-4.617480E-1
-4.588080E-1
-4.543980E-1
-4.499880E-1
-4.441080E-1
-4.382280E-1
-4.323480E-1
-4.249980E-1
-4.191180E-1
-4.132380E-1
-4.102980E-1
-4.073580E-1
-4.058880E-1
-4.058880E-1
-4.073580E-1
-4.088280E-1
-4.102980E-1
-4.132380E-1
-4.161780E-1
-4.176480E-1
-4.205880E-1
-4.235280E-1
-4.264680E-1
-4.279380E-1
-4.308780E-1
-4.323480E-1
-4.338180E-1
-4.352880E-1
-4.352880E-1
-4.367580E-1
-4.367580E-1
-4.367580E-1
-4.352880E-1
-4.338180E-1
-4.294080E-1
-4.249980E-1
-4.176480E-1
-4.102980E-1
-4.044180E-1
-3.970680E-1
-3.911880E-1
-3.867780E-1
-3.853080E-1
-3.853080E-1
-3.867780E-1
-3.897180E-1
-3.970680E-1
-4.058880E-1
-4.161780E-1
-4.294080E-1
-4.455780E-1
-4.646880E-1
-4.867380E-1
-5.117280E-1
-5.396580E-1
-5.705280E-1
-6.028680E-1
-6.396180E-1
-6.763680E-1
-7.145880E-1
-7.513380E-1
-7.895580E-1
-8.263080E-1
-8.630580E-1
-8.968680E-1
-9.277380E-1
-9.571380E-1
-9.835980E-1
-1.004178E+0
-1.021818E+0
-1.033578E+0
-1.043868E+0
-1.049748E+0
-1.055628E+0
-1.061508E+0
-1.067388E+0
-1.074738E+0
-1.083558E+0
-1.095318E+0
-1.108548E+0
-1.123248E+0
-1.136478E+0
-1.151178E+0
-1.165878E+0
-1.177638E+0
-1.189398E+0
-1.199688E+0
-1.208508E+0
-1.215858E+0
-1.220268E+0
-1.223208E+0
-1.224678E+0
-1.223208E+0
-1.221738E+0
-1.218798E+0
-1.214388E+0
-1.209978E+0
-1.204098E+0
-1.198218E+0
-1.192338E+0
-1.186458E+0
-1.179108E+0
-1.171758E+0
-1.164408E+0
-1.157058E+0
-1.151178E+0
-1.145298E+0
-1.142358E+0
-1.142358E+0
-1.143828E+0
-1.149708E+0
-1.155588E+0
-1.164408E+0
-1.173228E+0
-1.182048E+0
-1.189398E+0
-1.196748E+0
-1.202628E+0
-1.209978E+0
-1.215858E+0
-1.223208E+0
-1.229088E+0
-1.237908E+0
-1.245258E+0
-1.252608E+0
-1.261428E+0
-1.268778E+0
-1.276128E+0
-1.284948E+0
-1.292298E+0
-1.299648E+0
-1.305528E+0
-1.309938E+0
-1.311408E+0
-1.311408E+0
-1.308468E+0
-1.304058E+0
-1.299648E+0
-1.295238E+0
-1.293768E+0
-1.292298E+0
-1.292298E+0
-1.293768E+0
-1.295238E+0
-1.296708E+0
-1.296708E+0
-1.296708E+0
-1.293768E+0
-1.290828E+0
-1.286418E+0
-1.283478E+0
-1.280538E+0
-1.279068E+0
-1.277598E+0
-1.279068E+0
-1.282008E+0
-1.284948E+0
-1.289358E+0
-1.295238E+0
-1.299648E+0
-1.304058E+0
-1.309938E+0
-1.314348E+0
-1.320228E+0
-1.326108E+0
-1.333458E+0
-1.342278E+0
-1.349628E+0
-1.358448E+0
-1.364328E+0
-1.368738E+0
-1.370208E+0
-1.368738E+0
-1.364328E+0
-1.356978E+0
-1.349628E+0
-1.342278E+0
-1.337868E+0
-1.336398E+0
-1.337868E+0
-1.342278E+0
-1.351098E+0
-1.362858E+0
-1.374618E+0
-1.387848E+0
-1.401078E+0
-1.412838E+0
-1.421658E+0
-1.430478E+0
-1.436358E+0
-1.440768E+0
-1.445178E+0
-1.448118E+0
-1.451058E+0
-1.453998E+0
-1.455468E+0
-1.458408E+0
-1.461348E+0
-1.464288E+0
-1.468698E+0
-1.474578E+0
-1.480458E+0
-1.487808E+0
-1.496628E+0
-1.505448E+0
-1.512798E+0
-1.520148E+0
-1.527498E+0
-1.530438E+0
-1.531908E+0
-1.530438E+0
-1.526028E+0
-1.518678E+0
-1.511328E+0
-1.501038E+0
-1.492218E+0
-1.483398E+0
-1.477518E+0
-1.474578E+0
-1.474578E+0
-1.474578E+0
-1.477518E+0
-1.478988E+0
-1.480458E+0
-1.478988E+0
-1.477518E+0
-1.473108E+0
-1.470168E+0
-1.467228E+0
-1.464288E+0
-1.464288E+0
-1.467228E+0
-1.471638E+0
-1.478988E+0
-1.487808E+0
-1.499568E+0
-1.511328E+0
-1.524558E+0
-1.537788E+0
-1.549548E+0
-1.558368E+0
-1.565718E+0
-1.571598E+0
-1.574538E+0
-1.576008E+0
-1.576008E+0
-1.576008E+0
-1.576008E+0
-1.577478E+0
-1.578948E+0
-1.580418E+0
-1.581888E+0
-1.584828E+0
-1.587768E+0
-1.590708E+0
-1.593648E+0
-1.598058E+0
-1.600998E+0
-1.606878E+0
-1.612758E+0
-1.618638E+0
-1.625988E+0
-1.634808E+0
-1.642158E+0
-1.650978E+0
-1.656858E+0
-1.664208E+0
-1.668618E+0
-1.671558E+0
-1.674498E+0
-1.675968E+0
-1.675968E+0
-1.675968E+0
-1.674498E+0
-1.674498E+0
-1.674498E+0
-1.675968E+0
-1.677438E+0
-1.680378E+0
-1.684788E+0
-1.690668E+0
-1.698018E+0
-1.705368E+0
-1.714188E+0
-1.721538E+0
-1.728888E+0
-1.734768E+0
-1.740648E+0
-1.743588E+0
-1.746528E+0
-1.747998E+0
-1.750938E+0
-1.750938E+0
-1.752408E+0
-1.753878E+0
-1.756818E+0
-1.759758E+0
-1.764168E+0
-1.767108E+0
-1.771518E+0
-1.777398E+0
-1.781808E+0
-1.786218E+0
-1.790628E+0
-1.793568E+0
-1.795038E+0
-1.796508E+0
-1.797978E+0
-1.799448E+0
-1.799448E+0
-1.800918E+0
-1.803858E+0
-1.806798E+0
-1.814148E+0
-1.821498E+0
-1.830318E+0
-1.839138E+0
-1.847958E+0
-1.852368E+0
-1.852368E+0
-1.849428E+0
-1.842078E+0
-1.830318E+0
-1.818558E+0
-1.806798E+0
-1.797978E+0
-1.792098E+0
-1.790628E+0
-1.792098E+0
-1.799448E+0
-1.808268E+0
-1.818558E+0
-1.831788E+0
-1.842078E+0
-1.853838E+0
-1.862658E+0
-1.871478E+0
-1.878828E+0
-1.886178E+0
-1.890588E+0
-1.896468E+0
-1.899408E+0
-1.900878E+0
-1.900878E+0
-1.899408E+0
-1.894998E+0
-1.889118E+0
-1.881768E+0
-1.872948E+0
-1.864128E+0
-1.856778E+0
-1.850898E+0
-1.847958E+0
-1.846488E+0
-1.847958E+0
-1.852368E+0
-1.859718E+0
-1.868538E+0
-1.877358E+0
-1.886178E+0
-1.893528E+0
-1.897938E+0
-1.899408E+0
-1.897938E+0
-1.896468E+0
-1.892058E+0
-1.887648E+0
-1.883238E+0
-1.880298E+0
-1.877358E+0
-1.877358E+0
-1.877358E+0
-1.877358E+0
-1.878828E+0
-1.880298E+0
-1.881768E+0
-1.886178E+0
-1.892058E+0
-1.899408E+0
-1.909698E+0
-1.921458E+0
-1.933218E+0
-1.946448E+0
-1.956738E+0
-1.967028E+0
-1.974378E+0
-1.980258E+0
-1.984668E+0
-1.986138E+0
-1.987608E+0
-1.989078E+0
-1.989078E+0
-1.989078E+0
-1.990548E+0
-1.992018E+0
-1.993488E+0
-1.996428E+0
-2.000838E+0
-2.006718E+0
-2.012598E+0
-2.018478E+0
-2.021418E+0
-2.022888E+0
-2.022888E+0
-2.018478E+0
-2.011128E+0
-2.000838E+0
-1.990548E+0
-1.980258E+0
-1.972908E+0
-1.969968E+0
-1.971438E+0
-1.977318E+0
-1.989078E+0
-2.003778E+0
-2.018478E+0
-2.034648E+0
-2.047878E+0
-2.058168E+0
-2.066988E+0
-2.072868E+0
-2.075808E+0
-2.080218E+0
-2.084628E+0
-2.089038E+0
-2.094918E+0
-2.103738E+0
-2.111088E+0
-2.119908E+0
-2.128728E+0
-2.137548E+0
-2.146368E+0
-2.153718E+0
-2.159598E+0
-2.164008E+0
-2.166948E+0
-2.166948E+0
-2.165478E+0
-2.161068E+0
-2.155188E+0
-2.150778E+0
-2.146368E+0
-2.141958E+0
-2.137548E+0
-2.136078E+0
-2.136078E+0
-2.136078E+0
-2.134608E+0
-2.134608E+0
-2.133138E+0
-2.131668E+0
-2.130198E+0
-2.128728E+0
-2.130198E+0
-2.133138E+0
-2.139018E+0
-2.146368E+0
-2.156658E+0
-2.166948E+0
-2.178708E+0
-2.188998E+0
-2.199288E+0
-2.206638E+0
-2.212518E+0
-2.215458E+0
-2.215458E+0
-2.213988E+0
-2.212518E+0
-2.209578E+0
-2.208108E+0
-2.208108E+0
-2.209578E+0
-2.213988E+0
-2.222808E+0
-2.231628E+0
-2.243388E+0
-2.255148E+0
-2.268378E+0
-2.277198E+0
-2.284548E+0
-2.288958E+0
-2.290428E+0
-2.287488E+0
-2.281608E+0
-2.272788E+0
-2.262498E+0
-2.252208E+0
-2.241918E+0
-2.233098E+0
-2.227218E+0
-2.224278E+0
-2.222808E+0
-2.224278E+0
-2.227218E+0
-2.231628E+0
-2.237508E+0
-2.244858E+0
-2.250738E+0
-2.258088E+0
-2.263968E+0
-2.271318E+0
-2.277198E+0
-2.286018E+0
-2.294838E+0
-2.305128E+0
-2.316888E+0
-2.328648E+0
-2.340408E+0
-2.352168E+0
-2.362458E+0
-2.369808E+0
-2.375688E+0
-2.378628E+0
-2.380098E+0
-2.378628E+0
-2.374218E+0
-2.371278E+0
-2.368338E+0
-2.366868E+0
-2.369808E+0
-2.377158E+0
-2.385978E+0
-2.397738E+0
-2.409498E+0
-2.419788E+0
-2.427138E+0
-2.428608E+0
-2.425668E+0
-2.416848E+0
-2.403618E+0
-2.388918E+0
-2.372748E+0
-2.356578E+0
-2.341878E+0
-2.328648E+0
-2.318358E+0
-2.311008E+0
-2.306598E+0
-2.302188E+0
-2.300718E+0
-2.299248E+0
-2.299248E+0
-2.299248E+0
-2.300718E+0
-2.305128E+0
-2.309538E+0
-2.315418E+0
-2.324238E+0
-2.334528E+0
-2.346288E+0
-2.359518E+0
-2.374218E+0
-2.388918E+0
-2.405088E+0
-2.418318E+0
-2.431548E+0
-2.443308E+0
-2.450658E+0
-2.455068E+0
-2.455068E+0
-2.452128E+0
-2.444778E+0
-2.435958E+0
-2.425668E+0
-2.416848E+0
-2.409498E+0
-2.408028E+0
-2.410968E+0
-2.419788E+0
-2.433018E+0
-2.450658E+0
-2.471238E+0
-2.491818E+0
-2.512398E+0
-2.530038E+0
-2.544738E+0
-2.557968E+0
-2.568258E+0
-2.575608E+0
-2.582958E+0
-2.588838E+0
-2.594718E+0
-2.602068E+0
-2.606478E+0
-2.612358E+0
-2.616768E+0
-2.621178E+0
-2.622648E+0
-2.621178E+0
-2.618238E+0
-2.610888E+0
-2.603538E+0
-2.593248E+0
-2.582958E+0
-2.572668E+0
-2.563848E+0
-2.557968E+0
-2.555028E+0
-2.555028E+0
-2.557968E+0
-2.565318E+0
-2.574138E+0
-2.584428E+0
-2.594718E+0
-2.603538E+0
-2.612358E+0
-2.619708E+0
-2.625588E+0
-2.631468E+0
-2.635878E+0
-2.640288E+0
-2.643228E+0
-2.644698E+0
-2.644698E+0
-2.643228E+0
-2.640288E+0
-2.635878E+0
-2.629998E+0
-2.622648E+0
-2.616768E+0
-2.609418E+0
-2.602068E+0
-2.596188E+0
-2.588838E+0
-2.582958E+0
-2.580018E+0
-2.577078E+0
-2.577078E+0
-2.580018E+0
-2.587368E+0
-2.596188E+0
-2.607948E+0
-2.621178E+0
-2.635878E+0
-2.649108E+0
-2.662338E+0
-2.675568E+0
-2.687328E+0
-2.699088E+0
-2.709378E+0
-2.719668E+0
-2.729958E+0
-2.738778E+0
-2.744658E+0
-2.750538E+0
-2.752008E+0
-2.752008E+0
-2.752008E+0
-2.752008E+0
-2.754948E+0
-2.760828E+0
-2.771118E+0
-2.787288E+0
-2.807868E+0
-2.829918E+0
-2.853438E+0
-2.875488E+0
-2.893128E+0
-2.906358E+0
-2.910768E+0
-2.907828E+0
-2.896068E+0
-2.881368E+0
-2.862258E+0
-2.841678E+0
-2.825508E+0
-2.812278E+0
-2.803458E+0
-2.800518E+0
-2.800518E+0
-2.801988E+0
-2.804928E+0
-2.807868E+0
-2.809338E+0
-2.809338E+0
-2.807868E+0
-2.804928E+0
-2.801988E+0
-2.801988E+0
-2.803458E+0
-2.806398E+0
-2.812278E+0
-2.819628E+0
-2.828448E+0
-2.837268E+0
-2.846088E+0
-2.851968E+0
-2.853438E+0
-2.854908E+0
-2.853438E+0
-2.850498E+0
-2.847558E+0
-2.846088E+0
-2.846088E+0
-2.849028E+0
-2.853438E+0
-2.859318E+0
-2.863728E+0
-2.866668E+0
-2.866668E+0
-2.862258E+0
-2.853438E+0
-2.844618E+0
-2.832858E+0
-2.822568E+0
-2.816688E+0
-2.815218E+0
-2.819628E+0
-2.829918E+0
-2.846088E+0
-2.868138E+0
-2.893128E+0
-2.919588E+0
-2.946048E+0
-2.968098E+0
-2.987208E+0
-3.000438E+0
-3.007788E+0
-3.009258E+0
-3.006318E+0
-2.998968E+0
-2.987208E+0
-2.975448E+0
-2.962218E+0
-2.950458E+0
-2.941638E+0
-2.937228E+0
-2.935758E+0
-2.938698E+0
-2.944578E+0
-2.951928E+0
-2.960748E+0
-2.968098E+0
-2.973978E+0
-2.975448E+0
-2.978388E+0
-2.978388E+0
-2.978388E+0
-2.979858E+0
-2.981328E+0
-2.985738E+0
-2.990148E+0
-2.996028E+0
-3.000438E+0
-3.004848E+0
-3.007788E+0
-3.007788E+0
-3.007788E+0
-3.004848E+0
-3.001908E+0
-2.997498E+0
-2.994558E+0
-2.991618E+0
-2.990148E+0
-2.990148E+0
-2.990148E+0
-2.991618E+0
-2.994558E+0
-2.997498E+0
-2.998968E+0
-3.001908E+0
-3.006318E+0
-3.013668E+0
-3.022488E+0
-3.037188E+0
-3.053358E+0
-3.073938E+0
-3.094518E+0
-3.115098E+0
-3.131268E+0
-3.143028E+0
-3.151848E+0
-3.154788E+0
-3.153318E+0
-3.153318E+0
-3.151848E+0
-3.151848E+0
-3.151848E+0
-3.153318E+0
-3.156258E+0
-3.156258E+0
-3.154788E+0
-3.150378E+0
-3.144498E+0
-3.137148E+0
-3.131268E+0
-3.125388E+0
-3.120978E+0
-3.115098E+0
-3.106278E+0
-3.091578E+0
-3.068058E+0
-3.031308E+0
-2.979858E+0
-2.913708E+0
-2.832858E+0
-2.741718E+0
-2.644698E+0
-2.544738E+0
-2.449188E+0
-2.360988E+0
-2.287488E+0
-2.228688E+0
-2.187528E+0
-2.166948E+0
-2.159598E+0
-2.168418E+0
-2.205168E+0
-2.291898E+0
-2.440368E+0
-2.654988E+0
-2.918118E+0
-3.201828E+0
-3.491418E+0
-3.785418E+0
-4.094118E+0
-4.423398E+0
-4.779138E+0
-5.167218E+0
-5.592048E+0
-6.062448E+0
-6.582828E+0
-7.157598E+0
-7.794108E+0
-8.515878E+0
-9.319968E+0
-1.025930E+1
-1.133681E+1
-1.266275E+1
-1.426799E+1
-1.610843E+1
-1.786949E+1
-1.738439E+1
-1.636421E+1
-1.587911E+1
-1.567331E+1
-1.636421E+1
-2.088005E+1
-2.088005E+1
-2.088005E+1
-2.088005E+1
-2.088005E+1
-2.088005E+1
-2.088005E+1
-1.485893E+1
-1.266275E+1
-1.150439E+1
-1.077380E+1
-1.032692E+1
-1.005791E+1
-9.984408E+0
-1.005791E+1
-1.030928E+1
-1.075322E+1
-1.144706E+1
-1.247312E+1
-1.437383E+1
-2.088005E+1
-2.088005E+1
-2.088005E+1
-2.088005E+1
-2.088005E+1
-2.088005E+1
-2.088005E+1
-2.088005E+1
-2.088005E+1
-2.088005E+1
-2.088005E+1
-2.088005E+1
-2.088005E+1
-2.088005E+1
-2.088005E+1
-2.088005E+1
-1.587911E+1
-1.372262E+1
-1.266275E+1
-1.195274E+1
-1.144706E+1
-1.110749E+1
-1.083554E+1
-1.063268E+1
-1.046510E+1
-1.034309E+1
-1.022696E+1
-1.016375E+1
-1.016375E+1
-1.025930E+1
-1.046510E+1
-1.081496E+1
-1.133681E+1
-1.213796E+1
-1.335365E+1
-1.587911E+1
-2.088005E+1
-2.088005E+1
-2.088005E+1
-2.088005E+1
-2.088005E+1
-2.088005E+1
-1.698896E+1
-1.548368E+1
-1.499858E+1
-1.499858E+1
-1.548368E+1
-1.738439E+1
-2.088005E+1
-2.088005E+1
-2.088005E+1
-2.088005E+1
-2.088005E+1
-2.088005E+1
-2.088005E+1
-2.088005E+1
-2.088005E+1
-2.088005E+1
-2.088005E+1
-2.088005E+1
-2.088005E+1
-2.088005E+1
-2.088005E+1
-2.088005E+1
-2.088005E+1
-2.088005E+1
-2.088005E+1
-2.088005E+1
-1.567331E+1
-1.416803E+1
-1.335365E+1
-1.298027E+1
-1.276271E+1
-1.281563E+1
-1.303907E+1
-1.342274E+1
-1.407101E+1
-1.499858E+1
-1.610843E+1
-1.698896E+1
-1.665380E+1
-1.531022E+1
-1.407101E+1
-1.315961E+1
-1.238492E+1
-1.181456E+1
-1.141913E+1
-1.118099E+1
-1.106045E+1
-1.110749E+1
-1.128389E+1
-1.165433E+1
-1.234082E+1
-1.356680E+1
-1.786949E+1
-2.088005E+1
-2.088005E+1
-2.088005E+1
-2.088005E+1
-2.088005E+1
-2.088005E+1
-2.088005E+1
-2.088005E+1
-2.088005E+1
-2.088005E+1
-2.088005E+1
-2.088005E+1
-2.088005E+1
-2.088005E+1
-2.088005E+1
-2.088005E+1
-2.088005E+1
-2.088005E+1
-2.088005E+1
-2.088005E+1
-2.088005E+1
-2.088005E+1
-2.088005E+1
-2.088005E+1
-2.088005E+1
-2.088005E+1
-2.088005E+1
-2.088005E+1
-2.088005E+1
-2.088005E+1
-2.088005E+1
-2.088005E+1
-2.088005E+1
-2.088005E+1
-2.088005E+1
-2.088005E+1
-2.088005E+1
-2.088005E+1
-2.088005E+1
-2.088005E+1
-2.088005E+1
-2.088005E+1
-1.587911E+1
-1.416803E+1
-1.364324E+1
-1.356680E+1
-1.407101E+1
-1.514852E+1
-1.849424E+1
-2.088005E+1
-2.088005E+1
-2.088005E+1
-2.088005E+1
-2.088005E+1
-1.548368E+1
-1.335365E+1
-1.209974E+1
-1.123244E+1
-1.053860E+1
-9.999108E+0
-9.555168E+0
-9.186198E+0
-8.880438E+0
-8.643768E+0
-8.457078E+0
-8.313018E+0
-8.221878E+0
-8.183658E+0
-8.196888E+0
-8.286558E+0
-8.457078E+0
-8.737848E+0
-9.156798E+0
-9.752148E+0
-1.067237E+1
-1.229966E+1
-2.088005E+1
-2.088005E+1
-2.088005E+1
-2.088005E+1
-2.088005E+1
-2.088005E+1
-2.088005E+1
-2.088005E+1
-2.088005E+1
-2.088005E+1
-2.088005E+1
-2.088005E+1
-2.088005E+1
-2.088005E+1
-2.088005E+1
-2.088005E+1
-2.088005E+1
-2.088005E+1
-2.088005E+1
-1.372262E+1
-1.168520E+1
-1.071206E+1
-1.014905E+1
-9.805068E+0
-9.615438E+0
-9.519888E+0
-9.519888E+0
-9.602208E+0
-9.727158E+0
-9.872688E+0
-1.002851E+1
-1.016375E+1
-1.029311E+1
-1.036073E+1
-1.037690E+1
-1.030928E+1
-1.019609E+1
-1.001381E+1
-9.791838E+0
-9.543408E+0
-9.309678E+0
-9.099468E+0
-8.933358E+0
-8.821638E+0
-8.779008E+0
-8.821638E+0
-8.942178E+0
-9.156798E+0
-9.462558E+0
-9.872688E+0
-1.041218E+1
-1.110749E+1
-1.206152E+1
-1.342274E+1
-1.636421E+1
-2.088005E+1
-2.088005E+1
-2.088005E+1
-2.088005E+1
-2.088005E+1
-2.088005E+1
-2.088005E+1
-2.088005E+1
-2.088005E+1
-2.088005E+1
-2.088005E+1
-2.088005E+1
-2.088005E+1
-2.088005E+1
-2.088005E+1
-2.088005E+1
-2.088005E+1
-2.088005E+1
-2.088005E+1
-2.088005E+1
-2.088005E+1
-2.088005E+1
-2.088005E+1
-2.088005E+1
-1.548368E+1
-1.309787E+1
-1.213796E+1
-1.162346E+1
-1.133681E+1
-1.118099E+1
-1.115747E+1
-1.123244E+1
-1.141913E+1
-1.171607E+1
-1.217765E+1
-1.298027E+1
-1.472663E+1
-2.088005E+1
-2.088005E+1
-2.088005E+1
-2.088005E+1
-2.088005E+1
-2.088005E+1
-2.088005E+1
-2.088005E+1
-2.088005E+1
-2.088005E+1
-2.088005E+1
-2.088005E+1
-2.088005E+1
-2.088005E+1
-2.088005E+1
-2.088005E+1
-2.088005E+1
-2.088005E+1
-2.088005E+1
-2.088005E+1
-2.088005E+1
-2.088005E+1
-2.088005E+1
-1.610843E+1
-1.266275E+1
-1.150439E+1
-1.087964E+1
-1.050185E+1
-1.027694E+1
-1.017992E+1
-1.017992E+1
-1.024313E+1
-1.039454E+1
-1.061357E+1
-1.090169E+1
-1.125743E+1
-1.171607E+1
-1.238492E+1
-1.349330E+1
-1.636421E+1
-2.088005E+1
-2.088005E+1
-2.088005E+1
-2.088005E+1
-2.088005E+1
-2.088005E+1
-2.088005E+1
-2.088005E+1
-2.088005E+1
-2.088005E+1
-2.088005E+1
-2.088005E+1
-2.088005E+1
-2.088005E+1
-2.088005E+1
-1.937477E+1
-1.389020E+1
-1.247312E+1
-1.162346E+1
-1.108397E+1
-1.069148E+1
-1.044746E+1
-1.029311E+1
-1.025930E+1
-1.034309E+1
-1.055624E+1
-1.092374E+1
-1.156319E+1
-1.261277E+1
-1.514852E+1
-2.088005E+1
-2.088005E+1
-2.088005E+1
-2.088005E+1
-2.088005E+1
-2.088005E+1
-2.088005E+1
-2.088005E+1
-2.088005E+1
-2.088005E+1
-1.531022E+1
-1.256573E+1
-1.136327E+1
-1.059446E+1
-1.002851E+1
-9.615438E+0
-9.278808E+0
-9.023028E+0
-8.821638E+0
-8.667288E+0
-8.567328E+0
-8.508528E+0
-8.508528E+0
-8.567328E+0
-8.698158E+0
-8.915718E+0
-9.247938E+0
-9.752148E+0
-1.051949E+1
-1.184837E+1
-1.610843E+1
-2.088005E+1
-2.088005E+1
-2.088005E+1
-2.088005E+1
-2.088005E+1
-2.088005E+1
-2.088005E+1
-2.088005E+1
-2.088005E+1
-2.088005E+1
-2.088005E+1
-2.088005E+1
-2.088005E+1
-2.088005E+1
-2.088005E+1
-2.088005E+1
-2.088005E+1
-2.088005E+1
-2.088005E+1
-2.088005E+1
-2.088005E+1
-2.088005E+1
-2.088005E+1
-2.088005E+1
-2.088005E+1
-2.088005E+1
-2.088005E+1
-2.088005E+1
-2.088005E+1
-2.088005E+1
-2.088005E+1
-2.088005E+1
-2.088005E+1
-2.088005E+1
-1.937477E+1
-1.499858E+1
-1.397840E+1
-1.356680E+1
-1.335365E+1
-1.309787E+1
-1.281563E+1
-1.251869E+1
-1.217765E+1
-1.181456E+1
-1.150439E+1
-1.128389E+1
-1.113248E+1
-1.106045E+1
-1.106045E+1
-1.113248E+1
-1.128389E+1
-1.147499E+1
-1.168520E+1
-1.181456E+1
-1.188218E+1
-1.188218E+1
-1.184837E+1
-1.181456E+1
-1.188218E+1
-1.213796E+1
-1.276271E+1
-1.426799E+1
-2.088005E+1
-2.088005E+1
-2.088005E+1
-2.088005E+1
-2.088005E+1
-2.088005E+1
-2.088005E+1
-2.088005E+1
-1.548368E+1
-1.195274E+1
-1.061357E+1
-9.818298E+0
-9.319968E+0
-9.005388E+0
-8.837808E+0
-8.787828E+0
-8.821638E+0
-8.942178E+0
-9.127398E+0
-9.352308E+0
-9.602208E+0
-9.857988E+0
-1.011818E+1
-1.036073E+1
-1.063268E+1
-1.092374E+1
-1.131035E+1
-1.181456E+1
-1.261277E+1
-1.407101E+1
-2.088005E+1
-2.088005E+1
-2.088005E+1
-2.088005E+1
-2.088005E+1
-2.088005E+1
-2.088005E+1
-2.088005E+1
-2.088005E+1
-2.088005E+1
-2.088005E+1
-2.088005E+1
-2.088005E+1
-1.567331E+1
-1.247312E+1
-1.133681E+1
-1.073264E+1
-1.039454E+1
-1.024313E+1
-1.021079E+1
-1.030928E+1
-1.053860E+1
-1.087964E+1
-1.133681E+1
-1.195274E+1
-1.271273E+1
-1.356680E+1
-1.437383E+1
-1.485893E+1
-1.485893E+1
-1.460315E+1
-1.426799E+1
-1.416803E+1
-1.437383E+1
-1.514852E+1
-1.849424E+1
-2.088005E+1
-2.088005E+1
-2.088005E+1
-2.088005E+1
-2.088005E+1
-2.088005E+1
-2.088005E+1
-2.088005E+1
-2.088005E+1
-2.088005E+1
-2.088005E+1
-1.389020E+1
-1.198802E+1
-1.106045E+1
-1.053860E+1
-1.027694E+1
-1.017992E+1
-1.024313E+1
-1.042982E+1
-1.069148E+1
-1.096784E+1
-1.110749E+1
-1.106045E+1
-1.081496E+1
-1.044746E+1
-1.004321E+1
-9.702168E+0
-9.440508E+0
-9.289098E+0
-9.258228E+0
-9.362598E+0
-9.615438E+0
-1.005791E+1
-1.075322E+1
-1.188218E+1
-1.426799E+1
-2.088005E+1
-2.088005E+1
-2.088005E+1
-2.088005E+1
-2.088005E+1
-2.088005E+1
-2.088005E+1
-2.088005E+1
-2.088005E+1
-2.088005E+1
-2.088005E+1
-2.088005E+1
-2.088005E+1
-2.088005E+1
-2.088005E+1
-2.088005E+1
-2.088005E+1
-2.088005E+1
-1.328750E+1
-1.171607E+1
-1.085759E+1
-1.027694E+1
-9.899148E+0
-9.688938E+0
-9.590448E+0
-9.627198E+0
-9.765378E+0
-9.999108E+0
-1.034309E+1
-1.079438E+1
-1.133681E+1
-1.195274E+1
-1.256573E+1
-1.315961E+1
-1.356680E+1
-1.380494E+1
-1.380494E+1
-1.364324E+1
-1.342274E+1
-1.309787E+1
-1.286855E+1
-1.271273E+1
-1.266275E+1
-1.266275E+1
-1.281563E+1
-1.322135E+1
-1.389020E+1
-1.514852E+1
-1.849424E+1
-2.088005E+1
-2.088005E+1
-2.088005E+1
-2.088005E+1
-2.088005E+1
-2.088005E+1
-2.088005E+1
-1.698896E+1
-1.610843E+1
-1.610843E+1
-1.665380E+1
-1.786949E+1
-1.738439E+1
-1.587911E+1
-1.397840E+1
-1.251869E+1
-1.139120E+1
-1.053860E+1
-9.857988E+0
-9.362598E+0
-9.023028E+0
-8.821638E+0
-8.762838E+0
-8.837808E+0
-9.080358E+0
-9.519888E+0
-1.022696E+1
-1.147499E+1
-1.485893E+1
-2.088005E+1
-2.088005E+1
-2.088005E+1
-2.088005E+1
-2.088005E+1
-2.088005E+1
-2.088005E+1
-2.088005E+1
-2.088005E+1
-2.088005E+1
-1.328750E+1
-1.198802E+1
-1.144706E+1
-1.131035E+1
-1.150439E+1
-1.213796E+1
-1.364324E+1
-2.088005E+1
-2.088005E+1
-2.088005E+1
-2.088005E+1
-2.088005E+1
-2.088005E+1
-2.088005E+1
-2.088005E+1
-2.088005E+1
-2.088005E+1
-2.088005E+1
-2.088005E+1
-2.088005E+1
-2.088005E+1
-2.088005E+1
-2.088005E+1
-2.088005E+1
-1.849424E+1
-1.738439E+1
-2.088005E+1
-2.088005E+1
-2.088005E+1
-2.088005E+1
-2.088005E+1
-2.088005E+1
-2.088005E+1
-2.088005E+1
-2.088005E+1
-2.088005E+1
-2.088005E+1
-2.088005E+1
-2.088005E+1
-2.088005E+1
-2.088005E+1
-2.088005E+1
-2.088005E+1
-2.088005E+1
-2.088005E+1
-2.088005E+1
-2.088005E+1
-2.088005E+1
-2.088005E+1
-2.088005E+1
-2.088005E+1
-2.088005E+1
-2.088005E+1
-2.088005E+1
-2.088005E+1
-2.088005E+1
-2.088005E+1
-2.088005E+1
-2.088005E+1
-2.088005E+1
-2.088005E+1
-2.088005E+1
-2.088005E+1
-2.088005E+1
-2.088005E+1
-2.088005E+1
-2.088005E+1
-2.088005E+1
-2.088005E+1
-2.088005E+1
-2.088005E+1
-2.088005E+1
-2.088005E+1
-2.088005E+1
-2.088005E+1
-2.088005E+1
-2.088005E+1
-2.088005E+1
-2.088005E+1
-2.088005E+1
-2.088005E+1
-2.088005E+1
-2.088005E+1
-2.088005E+1
-2.088005E+1
-2.088005E+1
-2.088005E+1
-2.088005E+1
-2.088005E+1
-2.088005E+1
-2.088005E+1
-2.088005E+1
-2.088005E+1
-2.088005E+1
-2.088005E+1
-2.088005E+1
-2.088005E+1
-2.088005E+1
-1.937477E+1
-1.437383E+1
-1.309787E+1
-1.238492E+1
-1.188218E+1
-1.153379E+1
-1.123244E+1
-1.096784E+1
-1.071206E+1
-1.051949E+1
-1.036073E+1
-1.029311E+1
-1.027694E+1
-1.034309E+1
-1.051949E+1
-1.081496E+1
-1.125743E+1
-1.184837E+1
-1.261277E+1
-1.372262E+1
-1.514852E+1
-1.665380E+1
-1.738439E+1
-1.636421E+1
-1.514852E+1
-1.416803E+1
-1.356680E+1
-1.322135E+1
-1.315961E+1
-1.342274E+1
-1.397840E+1
-1.499858E+1
-1.698896E+1
-2.088005E+1
-2.088005E+1
-2.088005E+1
-2.088005E+1
-1.665380E+1
-1.499858E+1
-1.397840E+1
-1.335365E+1
-1.286855E+1
-1.256573E+1
-1.225850E+1
-1.195274E+1
-1.165433E+1
-1.133681E+1
-1.106045E+1
-1.079438E+1
-1.055624E+1
-1.036073E+1
-1.024313E+1
-1.017992E+1
-1.013288E+1
-1.008731E+1
-1.007261E+1
-1.001381E+1
-9.913848E+0
-9.752148E+0
-9.555168E+0
-9.342018E+0
-9.147978E+0
-8.987748E+0
-8.880438E+0
-8.828988E+0
-8.855448E+0
-8.950998E+0
-9.108288E+0
-9.342018E+0
-9.627198E+0
-9.969708E+0
-1.036073E+1
-1.079438E+1
-1.125743E+1
-1.171607E+1
-1.213796E+1
-1.251869E+1
-1.276271E+1
-1.286855E+1
-1.298027E+1
-1.303907E+1
-1.315961E+1
-1.342274E+1
-1.407101E+1
-1.531022E+1
-2.088005E+1
-2.088005E+1
-2.088005E+1
-2.088005E+1
-2.088005E+1
-2.088005E+1
-2.088005E+1
-2.088005E+1
-2.088005E+1
-2.088005E+1
-2.088005E+1
-2.088005E+1
-2.088005E+1
-2.088005E+1
-2.088005E+1
-2.088005E+1
-2.088005E+1
-2.088005E+1
-2.088005E+1
-2.088005E+1
-2.088005E+1
-2.088005E+1
-2.088005E+1
-2.088005E+1
-2.088005E+1
-2.088005E+1
-2.088005E+1
-2.088005E+1
-2.088005E+1
-2.088005E+1
-2.088005E+1
-2.088005E+1
-1.786949E+1
-1.485893E+1
-1.342274E+1
-1.256573E+1
-1.198802E+1
-1.165433E+1
-1.150439E+1
-1.153379E+1
-1.181456E+1
-1.242902E+1
-1.380494E+1
-2.088005E+1
-2.088005E+1
-2.088005E+1
-2.088005E+1
-2.088005E+1
-2.088005E+1
-2.088005E+1
-2.088005E+1
-2.088005E+1
-2.088005E+1
-2.088005E+1
-2.088005E+1
-2.088005E+1
-2.088005E+1
-2.088005E+1
-1.610843E+1
-1.292441E+1
-1.162346E+1
-1.079438E+1
-1.019609E+1
-9.738918E+0
-9.396408E+0
-9.167088E+0
-9.042138E+0
-9.014208E+0
-9.089178E+0
-9.278808E+0
-9.578688E+0
-1.002851E+1
-1.065326E+1
-1.159259E+1
-1.315961E+1
-2.088005E+1
-2.088005E+1
-2.088005E+1
-2.088005E+1
-2.088005E+1
-2.088005E+1
-2.088005E+1
-2.088005E+1
-2.088005E+1
-2.088005E+1
-2.088005E+1
-2.088005E+1
-2.088005E+1
-2.088005E+1
-2.088005E+1
-2.088005E+1
-2.088005E+1
-2.088005E+1
-1.567331E+1
-1.416803E+1
-1.356680E+1
-1.349330E+1
-1.372262E+1
-1.407101E+1
-1.448555E+1
-1.499858E+1
-1.514852E+1
-1.499858E+1
-1.460315E+1
-1.407101E+1
-1.372262E+1
-1.342274E+1
-1.328750E+1
-1.322135E+1
-1.328750E+1
-1.335365E+1
-1.335365E+1
-1.328750E+1
-1.315961E+1
-1.298027E+1
-1.271273E+1
-1.234082E+1
-1.195274E+1
-1.159259E+1
-1.123244E+1
-1.090169E+1
-1.059446E+1
-1.032692E+1
-1.011818E+1
-9.955008E+0
-9.857988E+0
-9.791838E+0
-9.778608E+0
-9.818298E+0
-9.885918E+0
-9.969708E+0
-1.007261E+1
-1.017992E+1
-1.029311E+1
-1.041218E+1
-1.051949E+1
-1.065326E+1
-1.081496E+1
-1.103693E+1
-1.136327E+1
-1.181456E+1
-1.242902E+1
-1.328750E+1
-1.437383E+1
-1.567331E+1
-1.610843E+1
-1.514852E+1
-1.380494E+1
-1.261277E+1
-1.171607E+1
-1.103693E+1
-1.055624E+1
-1.021079E+1
-9.984408E+0
-9.844758E+0
-9.805068E+0
-9.844758E+0
-9.913848E+0
-1.004321E+1
-1.016375E+1
-1.029311E+1
-1.041218E+1
-1.050185E+1
-1.061357E+1
-1.073264E+1
-1.090169E+1
-1.118099E+1
-1.168520E+1
-1.256573E+1
-1.472663E+1
-2.088005E+1
-2.088005E+1
-2.088005E+1
-2.088005E+1
-2.088005E+1
-2.088005E+1
-2.088005E+1
-2.088005E+1
-2.088005E+1
-2.088005E+1
-2.088005E+1
-2.088005E+1
-2.088005E+1
-2.088005E+1
-2.088005E+1
-2.088005E+1
-2.088005E+1
-2.088005E+1
-2.088005E+1
-2.088005E+1
-1.356680E+1
-1.195274E+1
-1.103693E+1
-1.042982E+1
-1.001381E+1
-9.765378E+0
-9.627198E+0
-9.602208E+0
-9.702168E+0
-9.913848E+0
-1.025930E+1
-1.077380E+1
-1.156319E+1
-1.281563E+1
-1.610843E+1
-2.088005E+1
-2.088005E+1
-2.088005E+1
-2.088005E+1
-2.088005E+1
-2.088005E+1
-2.088005E+1
-2.088005E+1
-2.088005E+1
-2.088005E+1
-2.088005E+1
-2.088005E+1
-1.356680E+1
-1.150439E+1
-1.044746E+1
-9.791838E+0
-9.396408E+0
-9.167088E+0
-9.099468E+0
-9.156798E+0
-9.352308E+0
-9.688938E+0
-1.019609E+1
-1.087964E+1
-1.174841E+1
-1.286855E+1
-1.426799E+1
-1.567331E+1
-1.587911E+1
-1.485893E+1
-1.356680E+1
-1.261277E+1
-1.181456E+1
-1.120745E+1
-1.067237E+1
-1.022696E+1
-9.844758E+0
-9.531648E+0
-9.289098E+0
-9.108288E+0
-9.005388E+0
-8.959818E+0
-8.996568E+0
-9.108288E+0
-9.268518E+0
-9.496368E+0
-9.765378E+0
-1.007261E+1
-1.041218E+1
-1.075322E+1
-1.113248E+1
-1.150439E+1
-1.191746E+1
-1.229966E+1
-1.266275E+1
-1.281563E+1
-1.281563E+1
-1.251869E+1
-1.209974E+1
-1.156319E+1
-1.108397E+1
-1.065326E+1
-1.030928E+1
-1.004321E+1
-9.885918E+0
-9.831528E+0
-9.857988E+0
-9.984408E+0
-1.017992E+1
-1.042982E+1
-1.069148E+1
-1.087964E+1
-1.094579E+1
-1.085759E+1
-1.061357E+1
-1.030928E+1
-9.984408E+0
-9.688938E+0
-9.450798E+0
-9.289098E+0
-9.196488E+0
-9.186198E+0
-9.247938E+0
-9.384648E+0
-9.578688E+0
-9.818298E+0
-1.008731E+1
-1.034309E+1
-1.053860E+1
-1.065326E+1
-1.063268E+1
-1.053860E+1
-1.041218E+1
-1.027694E+1
-1.016375E+1
-1.010201E+1
-1.008731E+1
-1.013288E+1
-1.022696E+1
-1.037690E+1
-1.059446E+1
-1.092374E+1
-1.136327E+1
-1.198802E+1
-1.281563E+1
-1.389020E+1
-1.499858E+1
-1.514852E+1
-1.407101E+1
-1.271273E+1
-1.162346E+1
-1.073264E+1
-1.007261E+1
-9.590448E+0
-9.247938E+0
-9.023028E+0
-8.906898E+0
-8.871618E+0
-8.915718E+0
-9.050958E+0
-9.268518E+0
-9.602208E+0
-1.008731E+1
-1.085759E+1
-1.213796E+1
-1.610843E+1
-2.088005E+1
-2.088005E+1
-2.088005E+1
-2.088005E+1
-2.088005E+1
-2.088005E+1
-2.088005E+1
-2.088005E+1
-2.088005E+1
-2.088005E+1
-2.088005E+1
-2.088005E+1
-2.088005E+1
-2.088005E+1
-2.088005E+1
-2.088005E+1
-2.088005E+1
-1.849424E+1
-1.266275E+1
-1.123244E+1
-1.041218E+1
-9.857988E+0
-9.484608E+0
-9.247938E+0
-9.118578E+0
-9.080358E+0
-9.127398E+0
-9.247938E+0
-9.440508E+0
-9.727158E+0
-1.008731E+1
-1.053860E+1
-1.108397E+1
-1.178222E+1
-1.281563E+1
-1.460315E+1
-2.088005E+1
-2.088005E+1
-2.088005E+1
-2.088005E+1
-2.088005E+1
-2.088005E+1
-2.088005E+1
-2.088005E+1
-2.088005E+1
-2.088005E+1
-2.088005E+1
-2.088005E+1
-2.088005E+1
-2.088005E+1
-2.088005E+1
-2.088005E+1
-1.548368E+1
-1.416803E+1
-1.342274E+1
-1.303907E+1
-1.276271E+1
-1.261277E+1
-1.256573E+1
-1.261277E+1
-1.266275E+1
-1.276271E+1
-1.286855E+1
-1.298027E+1
-1.322135E+1
-1.372262E+1
-1.485893E+1
-2.088005E+1
-2.088005E+1
-2.088005E+1
-2.088005E+1
-2.088005E+1
-2.088005E+1
-2.088005E+1
-2.088005E+1
-2.088005E+1
-2.088005E+1
-2.088005E+1
-2.088005E+1
-2.088005E+1
-2.088005E+1
-2.088005E+1
-2.088005E+1
-2.088005E+1
-2.088005E+1
-1.786949E+1
-1.849424E+1
-2.088005E+1
-2.088005E+1
-2.088005E+1
-2.088005E+1
-2.088005E+1
-2.088005E+1
-2.088005E+1
-2.088005E+1
-2.088005E+1
-2.088005E+1
-2.088005E+1
-2.088005E+1
-2.088005E+1
-2.088005E+1
-2.088005E+1
-2.088005E+1
-1.849424E+1
-1.610843E+1
-1.472663E+1
-1.356680E+1
-1.256573E+1
-1.165433E+1
-1.094579E+1
-1.041218E+1
-1.002851E+1
-9.791838E+0
-9.688938E+0
-9.675708E+0
-9.765378E+0
-9.899148E+0
-1.005791E+1
-1.017992E+1
-1.025930E+1
-1.032692E+1
-1.039454E+1
-1.050185E+1
-1.071206E+1
-1.113248E+1
-1.181456E+1
-1.315961E+1
-1.849424E+1
-2.088005E+1
-2.088005E+1
-2.088005E+1
-2.088005E+1
-2.088005E+1
-2.088005E+1
-2.088005E+1
-2.088005E+1
-2.088005E+1
-2.088005E+1
-2.088005E+1
-2.088005E+1
-2.088005E+1
-2.088005E+1
-2.088005E+1
-2.088005E+1
-2.088005E+1
-1.567331E+1
-1.356680E+1
-1.256573E+1
-1.202477E+1
-1.165433E+1
-1.141913E+1
-1.125743E+1
-1.113248E+1
-1.101341E+1
-1.087964E+1
-1.073264E+1
-1.055624E+1
-1.036073E+1
-1.014905E+1
-9.927078E+0
-9.727158E+0
-9.543408E+0
-9.396408E+0
-9.278808E+0
-9.196488E+0
-9.147978E+0
-9.118578E+0
-9.089178E+0
-9.070068E+0
-9.023028E+0
-8.942178E+0
-8.837808E+0
-8.705508E+0
-8.574678E+0
-8.449728E+0
-8.367408E+0
-8.318898E+0
-8.326248E+0
-8.373288E+0
-8.464428E+0
-8.582028E+0
-8.705508E+0
-8.828988E+0
-8.950998E+0
-9.050958E+0
-9.167088E+0
-9.309678E+0
-9.519888E+0
-9.831528E+0
-1.025930E+1
-1.090169E+1
-1.195274E+1
-1.407101E+1
-2.088005E+1
-2.088005E+1
-2.088005E+1
-2.088005E+1
-2.088005E+1
-2.088005E+1
-2.088005E+1
-2.088005E+1
-2.088005E+1
-2.088005E+1
-2.088005E+1
-2.088005E+1
-1.298027E+1
-1.118099E+1
-1.027694E+1
-9.702168E+0
-9.342018E+0
-9.089178E+0
-8.933358E+0
-8.837808E+0
-8.795178E+0
-8.787828E+0
-8.803998E+0
-8.837808E+0
-8.880438E+0
-8.942178E+0
-9.014208E+0
-9.089178E+0
-9.156798E+0
-9.206778E+0
-9.237648E+0
-9.268518E+0
-9.278808E+0
-9.268518E+0
-9.258228E+0
-9.247938E+0
-9.217068E+0
-9.167088E+0
-9.099468E+0
-9.023028E+0
-8.942178E+0
-8.855448E+0
-8.779008E+0
-8.730498E+0
-8.705508E+0
-8.714328E+0
-8.762838E+0
-8.855448E+0
-8.977458E+0
-9.147978E+0
-9.352308E+0
-9.615438E+0
-9.941778E+0
-1.034309E+1
-1.083554E+1
-1.144706E+1
-1.213796E+1
-1.286855E+1
-1.342274E+1
-1.356680E+1
-1.328750E+1
-1.281563E+1
-1.242902E+1
-1.221734E+1
-1.229966E+1
-1.286855E+1
-1.472663E+1
-2.088005E+1
-2.088005E+1
-2.088005E+1
-2.088005E+1
-2.088005E+1
-2.088005E+1
-2.088005E+1
-2.088005E+1
-2.088005E+1
-2.088005E+1
-2.088005E+1
-2.088005E+1
-2.088005E+1
-2.088005E+1
-2.088005E+1
-1.448555E+1
-1.150439E+1
-1.050185E+1
-1.002851E+1
-9.844758E+0
-9.844758E+0
-9.984408E+0
-1.021079E+1
-1.048274E+1
-1.073264E+1
-1.085759E+1
-1.083554E+1
-1.065326E+1
-1.039454E+1
-1.011818E+1
-9.885918E+0
-9.713928E+0
-9.627198E+0
-9.627198E+0
-9.727158E+0
-9.941778E+0
-1.025930E+1
-1.071206E+1
-1.131035E+1
-1.206152E+1
-1.298027E+1
-1.380494E+1
-1.407101E+1
-1.364324E+1
-1.281563E+1
-1.198802E+1
-1.128389E+1
-1.073264E+1
-1.030928E+1
-1.002851E+1
-9.857988E+0
-9.818298E+0
-9.885918E+0
-1.011818E+1
-1.055624E+1
-1.136327E+1
-1.309787E+1
-2.088005E+1
-2.088005E+1
-2.088005E+1
-2.088005E+1
-2.088005E+1
-2.088005E+1
-2.088005E+1
-2.088005E+1
-2.088005E+1
-2.088005E+1
-2.088005E+1
-2.088005E+1
-2.088005E+1
-2.088005E+1
-2.088005E+1
-2.088005E+1
-2.088005E+1
-2.088005E+1
-2.088005E+1
-2.088005E+1
-1.786949E+1
-1.356680E+1
-1.256573E+1
-1.225850E+1
-1.234082E+1
-1.298027E+1
-1.472663E+1
-2.088005E+1
-2.088005E+1
-2.088005E+1
-2.088005E+1
-2.088005E+1
-2.088005E+1
-2.088005E+1
-2.088005E+1
-2.088005E+1
-2.088005E+1
-2.088005E+1
-1.610843E+1
-1.380494E+1
-1.298027E+1
-1.261277E+1
-1.238492E+1
-1.213796E+1
-1.184837E+1
-1.147499E+1
-1.103693E+1
-1.057535E+1
-1.019609E+1
-9.857988E+0
-9.602208E+0
-9.406698E+0
-9.268518E+0
-9.186198E+0
-9.147978E+0
-9.147978E+0
-9.177378E+0
-9.237648E+0
-9.352308E+0
-9.519888E+0
-9.738918E+0
-1.004321E+1
-1.042982E+1
-1.087964E+1
-1.139120E+1
-1.184837E+1
-1.217765E+1
-1.225850E+1
-1.206152E+1
-1.171607E+1
-1.133681E+1
-1.106045E+1
-1.087964E+1
-1.079438E+1
-1.085759E+1
-1.106045E+1
-1.139120E+1
-1.191746E+1
-1.271273E+1
-1.397840E+1
-1.738439E+1
-2.088005E+1
-2.088005E+1
-2.088005E+1
-2.088005E+1
-2.088005E+1
-2.088005E+1
-2.088005E+1
-2.088005E+1
-2.088005E+1
-2.088005E+1
-2.088005E+1
-2.088005E+1
-2.088005E+1
-2.088005E+1
-2.088005E+1
-2.088005E+1
-2.088005E+1
-2.088005E+1
-2.088005E+1
-2.088005E+1
-2.088005E+1
-2.088005E+1
-2.088005E+1
-2.088005E+1
-2.088005E+1
-2.088005E+1
-2.088005E+1
-2.088005E+1
-2.088005E+1
-2.088005E+1
-1.738439E+1
-1.426799E+1
-1.342274E+1
-1.309787E+1
-1.309787E+1
-1.335365E+1
-1.380494E+1
-1.460315E+1
-1.567331E+1
-1.665380E+1
-1.636421E+1
-1.499858E+1
-1.349330E+1
-1.225850E+1
-1.133681E+1
-1.059446E+1
-1.002851E+1
-9.615438E+0
-9.319968E+0
-9.137688E+0
-9.042138E+0
-9.023028E+0
-9.070068E+0
-9.167088E+0
-9.319968E+0
-9.508128E+0
-9.727158E+0
-9.999108E+0
-1.034309E+1
-1.079438E+1
-1.136327E+1
-1.217765E+1
-1.349330E+1
-1.738439E+1
-2.088005E+1
-2.088005E+1
-2.088005E+1
-2.088005E+1
-2.088005E+1
-2.088005E+1
-2.088005E+1
-2.088005E+1
-2.088005E+1
-2.088005E+1
-2.088005E+1
-1.407101E+1
-1.221734E+1
-1.120745E+1
-1.053860E+1
-1.005791E+1
-9.702168E+0
-9.462558E+0
-9.309678E+0
-9.227358E+0
-9.217068E+0
-9.268518E+0
-9.362598E+0
-9.508128E+0
-9.688938E+0
-9.913848E+0
-1.017992E+1
-1.046510E+1
-1.079438E+1
-1.118099E+1
-1.159259E+1
-1.209974E+1
-1.261277E+1
-1.322135E+1
-1.397840E+1
-1.499858E+1
-1.665380E+1
-1.937477E+1
-2.088005E+1
-2.088005E+1
-1.937477E+1
-1.698896E+1
-1.548368E+1
-1.460315E+1
-1.448555E+1
-1.485893E+1
-1.738439E+1
-2.088005E+1
-2.088005E+1
-2.088005E+1
-2.088005E+1
-2.088005E+1
-2.088005E+1
-2.088005E+1
-2.088005E+1
-2.088005E+1
-2.088005E+1
-2.088005E+1
-2.088005E+1
-2.088005E+1
-2.088005E+1
-2.088005E+1
-2.088005E+1
-2.088005E+1
-2.088005E+1
-2.088005E+1
-2.088005E+1
-1.514852E+1
-1.335365E+1
-1.256573E+1
-1.198802E+1
-1.156319E+1
-1.115747E+1
-1.081496E+1
-1.051949E+1
-1.030928E+1
-1.019609E+1
-1.017992E+1
-1.029311E+1
-1.051949E+1
-1.087964E+1
-1.133681E+1
-1.184837E+1
-1.229966E+1
-1.251869E+1
-1.238492E+1
-1.198802E+1
-1.141913E+1
-1.087964E+1
-1.036073E+1
-9.913848E+0
-9.543408E+0
-9.237648E+0
-9.014208E+0
-8.871618E+0
-8.795178E+0
-8.795178E+0
-8.871618E+0
-9.042138E+0
-9.309678E+0
-9.675708E+0
-1.019609E+1
-1.092374E+1
-1.202477E+1
-1.426799E+1
-2.088005E+1
-2.088005E+1
-2.088005E+1
-2.088005E+1
-2.088005E+1
-2.088005E+1
-2.088005E+1
-2.088005E+1
-2.088005E+1
-2.088005E+1
-2.088005E+1
-2.088005E+1
-2.088005E+1
-2.088005E+1
-2.088005E+1
-2.088005E+1
-2.088005E+1
-2.088005E+1
-2.088005E+1
-2.088005E+1
-2.088005E+1
-2.088005E+1
-2.088005E+1
-2.088005E+1
-2.088005E+1
-2.088005E+1
-2.088005E+1
-2.088005E+1
-2.088005E+1
-2.088005E+1
-2.088005E+1
-2.088005E+1
-2.088005E+1
-2.088005E+1
-2.088005E+1
-2.088005E+1
-2.088005E+1
-1.335365E+1
-1.181456E+1
-1.110749E+1
-1.077380E+1
-1.067237E+1
-1.075322E+1
-1.096784E+1
-1.133681E+1
-1.178222E+1
-1.229966E+1
-1.286855E+1
-1.335365E+1
-1.389020E+1
-1.426799E+1
-1.472663E+1
-1.531022E+1
-1.636421E+1
-2.088005E+1
-2.088005E+1
-2.088005E+1
-2.088005E+1
-2.088005E+1
-2.088005E+1
-2.088005E+1
-2.088005E+1
-2.088005E+1
-1.665380E+1
-1.335365E+1
-1.209974E+1
-1.139120E+1
-1.096784E+1
-1.073264E+1
-1.065326E+1
-1.067237E+1
-1.075322E+1
-1.090169E+1
-1.103693E+1
-1.118099E+1
-1.128389E+1
-1.139120E+1
-1.147499E+1
-1.156319E+1
-1.162346E+1
-1.165433E+1
-1.162346E+1
-1.159259E+1
-1.153379E+1
-1.144706E+1
-1.139120E+1
-1.136327E+1
-1.131035E+1
-1.128389E+1
-1.120745E+1
-1.108397E+1
-1.090169E+1
-1.065326E+1
-1.039454E+1
-1.017992E+1
-1.004321E+1
-9.984408E+0
-1.005791E+1
-1.029311E+1
-1.075322E+1
-1.159259E+1
-1.328750E+1
-2.088005E+1
-2.088005E+1
-2.088005E+1
-2.088005E+1
-2.088005E+1
-2.088005E+1
-2.088005E+1
-2.088005E+1
-2.088005E+1
-2.088005E+1
-2.088005E+1
-2.088005E+1
-1.738439E+1
-1.328750E+1
-1.191746E+1
-1.110749E+1
-1.057535E+1
-1.022696E+1
-1.004321E+1
-9.984408E+0
-1.005791E+1
-1.024313E+1
-1.055624E+1
-1.098989E+1
-1.150439E+1
-1.213796E+1
-1.281563E+1
-1.364324E+1
-1.485893E+1
-1.738439E+1
-2.088005E+1
-2.088005E+1
-2.088005E+1
-2.088005E+1
-2.088005E+1
-2.088005E+1
-2.088005E+1
-2.088005E+1
-2.088005E+1
-2.088005E+1
-2.088005E+1
-2.088005E+1
-2.088005E+1
-2.088005E+1
-2.088005E+1
-2.088005E+1
-2.088005E+1
-2.088005E+1
-2.088005E+1
-2.088005E+1
-2.088005E+1
-2.088005E+1
-2.088005E+1
-2.088005E+1
-2.088005E+1
-2.088005E+1
-2.088005E+1
-2.088005E+1
-1.937477E+1
-1.426799E+1
-1.298027E+1
-1.229966E+1
-1.198802E+1
-1.195274E+1
-1.213796E+1
-1.256573E+1
-1.322135E+1
-1.437383E+1
-1.587911E+1
-1.786949E+1
-1.849424E+1
-1.636421E+1
-1.472663E+1
-1.380494E+1
-1.315961E+1
-1.286855E+1
-1.271273E+1
-1.271273E+1
-1.281563E+1
-1.281563E+1
-1.271273E+1
-1.238492E+1
-1.191746E+1
-1.139120E+1
-1.094579E+1
-1.053860E+1
-1.025930E+1
-1.007261E+1
-9.999108E+0
-1.004321E+1
-1.019609E+1
-1.046510E+1
-1.085759E+1
-1.133681E+1
-1.184837E+1
-1.225850E+1
-1.238492E+1
-1.217765E+1
-1.168520E+1
-1.113248E+1
-1.059446E+1
-1.014905E+1
-9.805068E+0
-9.566928E+0
-9.440508E+0
-9.406698E+0
-9.474318E+0
-9.652188E+0
-9.941778E+0
-1.036073E+1
-1.092374E+1
-1.168520E+1
-1.266275E+1
-1.389020E+1
-1.548368E+1
-1.665380E+1
-1.610843E+1
