Date/Time	2022-06-27 17:51:27
Line location	3
Line name	C1
OTDR wavelength [nm]	1625
OTDR pulse duration [ns]	2
OTDR scan time [s]	10
OTDR scan length [m]	1.500000E+2
Length offset [m]	0.000000E+0
Length increment [m]	3.996806E-2
Switch ID	VIAVI Solutions,OTU 8000E,11654,FO,16.76
OTDR ID	JDSU,OTU 8000E,11654,OTU(SmartOTU),V7.22

Reflected amplitude [dB]
1.237042E+0
1.181182E+0
1.113562E+0
1.048882E+0
9.944920E-1
9.621520E-1
9.827320E-1
1.082692E+0
1.248802E+0
1.456072E+0
1.704502E+0
1.973512E+0
2.208712E+0
2.390992E+0
2.523292E+0
2.617372E+0
2.682052E+0
2.717332E+0
2.712922E+0
2.665882E+0
2.582092E+0
2.464492E+0
2.320432E+0
2.151382E+0
1.954402E+0
1.728022E+0
1.482532E+0
1.242922E+0
1.029772E+0
8.416120E-1
6.725620E-1
5.226220E-1
3.962020E-1
2.933020E-1
2.080420E-1
1.374820E-1
7.721200E-2
2.429200E-2
-2.421800E-2
-6.831800E-2
-1.094780E-1
-1.476980E-1
-1.815080E-1
-2.109080E-1
-2.344280E-1
-2.505980E-1
-2.608880E-1
-2.652980E-1
-2.638280E-1
-2.594180E-1
-2.520680E-1
-2.447180E-1
-2.388380E-1
-2.358980E-1
-2.373680E-1
-2.447180E-1
-2.550080E-1
-2.697080E-1
-2.873480E-1
-3.079280E-1
-3.329180E-1
-3.593780E-1
-3.887780E-1
-4.181780E-1
-4.461080E-1
-4.710980E-1
-4.931480E-1
-5.063780E-1
-5.122580E-1
-5.093180E-1
-4.990280E-1
-4.799180E-1
-4.534580E-1
-4.240580E-1
-3.902480E-1
-3.564380E-1
-3.255680E-1
-2.961680E-1
-2.726480E-1
-2.550080E-1
-2.432480E-1
-2.403080E-1
-2.432480E-1
-2.535380E-1
-2.682380E-1
-2.858780E-1
-3.079280E-1
-3.299780E-1
-3.520280E-1
-3.740780E-1
-3.946580E-1
-4.137680E-1
-4.328780E-1
-4.519880E-1
-4.696280E-1
-4.887380E-1
-5.078480E-1
-5.269580E-1
-5.460680E-1
-5.651780E-1
-5.828180E-1
-6.004580E-1
-6.151580E-1
-6.313280E-1
-6.460280E-1
-6.621980E-1
-6.768980E-1
-6.945380E-1
-7.107080E-1
-7.283480E-1
-7.445180E-1
-7.577480E-1
-7.680380E-1
-7.739180E-1
-7.739180E-1
-7.709780E-1
-7.636280E-1
-7.562780E-1
-7.459880E-1
-7.371680E-1
-7.298180E-1
-7.224680E-1
-7.151180E-1
-7.092380E-1
-7.018880E-1
-6.960080E-1
-6.901280E-1
-6.857180E-1
-6.813080E-1
-6.768980E-1
-6.739580E-1
-6.724880E-1
-6.710180E-1
-6.695480E-1
-6.710180E-1
-6.724880E-1
-6.739580E-1
-6.783680E-1
-6.827780E-1
-6.857180E-1
-6.886580E-1
-6.886580E-1
-6.857180E-1
-6.783680E-1
-6.666080E-1
-6.533780E-1
-6.342680E-1
-6.019280E-1
-5.416580E-1
-4.637480E-1
-3.843680E-1
-2.976380E-1
-1.873880E-1
-7.272800E-2
2.429200E-2
1.022020E-1
1.595320E-1
2.021620E-1
2.315620E-1
2.492020E-1
2.506720E-1
2.300920E-1
1.904020E-1
1.448320E-1
1.022020E-1
5.957200E-2
1.253200E-2
-4.038800E-2
-9.918800E-2
-1.594580E-1
-2.167880E-1
-2.697080E-1
-3.196880E-1
-3.667280E-1
-4.078880E-1
-4.446380E-1
-4.769780E-1
-5.034380E-1
-5.240180E-1
-5.401880E-1
-5.519480E-1
-5.607680E-1
-5.666480E-1
-5.710580E-1
-5.739980E-1
-5.754680E-1
-5.754680E-1
-5.754680E-1
-5.754680E-1
-5.739980E-1
-5.739980E-1
-5.754680E-1
-5.784080E-1
-5.828180E-1
-5.886980E-1
-5.960480E-1
-6.048680E-1
-6.136880E-1
-6.210380E-1
-6.254480E-1
-6.283880E-1
-6.283880E-1
-6.269180E-1
-6.254480E-1
-6.225080E-1
-6.195680E-1
-6.166280E-1
-6.136880E-1
-6.107480E-1
-6.063380E-1
-6.004580E-1
-5.916380E-1
-5.813480E-1
-5.695880E-1
-5.548880E-1
-5.387180E-1
-5.210780E-1
-5.019680E-1
-4.828580E-1
-4.637480E-1
-4.475780E-1
-4.328780E-1
-4.211180E-1
-4.122980E-1
-4.078880E-1
-4.064180E-1
-4.093580E-1
-4.152380E-1
-4.225880E-1
-4.343480E-1
-4.490480E-1
-4.652180E-1
-4.828580E-1
-5.034380E-1
-5.240180E-1
-5.460680E-1
-5.681180E-1
-5.886980E-1
-6.078080E-1
-6.254480E-1
-6.386780E-1
-6.489680E-1
-6.577880E-1
-6.636680E-1
-6.666080E-1
-6.680780E-1
-6.680780E-1
-6.666080E-1
-6.621980E-1
-6.577880E-1
-6.519080E-1
-6.430880E-1
-6.342680E-1
-6.254480E-1
-6.151580E-1
-6.063380E-1
-5.989880E-1
-5.916380E-1
-5.872280E-1
-5.842880E-1
-5.857580E-1
-5.886980E-1
-5.931080E-1
-6.004580E-1
-6.078080E-1
-6.151580E-1
-6.225080E-1
-6.283880E-1
-6.327980E-1
-6.372080E-1
-6.401480E-1
-6.430880E-1
-6.445580E-1
-6.445580E-1
-6.430880E-1
-6.416180E-1
-6.357380E-1
-6.283880E-1
-6.195680E-1
-6.078080E-1
-5.960480E-1
-5.828180E-1
-5.710580E-1
-5.622380E-1
-5.548880E-1
-5.504780E-1
-5.504780E-1
-5.534180E-1
-5.592980E-1
-5.666480E-1
-5.769380E-1
-5.857580E-1
-5.931080E-1
-5.989880E-1
-6.019280E-1
-6.004580E-1
-5.989880E-1
-5.931080E-1
-5.886980E-1
-5.828180E-1
-5.784080E-1
-5.754680E-1
-5.739980E-1
-5.739980E-1
-5.754680E-1
-5.784080E-1
-5.798780E-1
-5.813480E-1
-5.842880E-1
-5.872280E-1
-5.901680E-1
-5.931080E-1
-5.975180E-1
-6.033980E-1
-6.122180E-1
-6.195680E-1
-6.298580E-1
-6.386780E-1
-6.474980E-1
-6.548480E-1
-6.592580E-1
-6.636680E-1
-6.651380E-1
-6.651380E-1
-6.636680E-1
-6.621980E-1
-6.607280E-1
-6.592580E-1
-6.563180E-1
-6.533780E-1
-6.489680E-1
-6.445580E-1
-6.401480E-1
-6.342680E-1
-6.298580E-1
-6.269180E-1
-6.239780E-1
-6.210380E-1
-6.195680E-1
-6.180980E-1
-6.151580E-1
-6.122180E-1
-6.078080E-1
-6.033980E-1
-5.989880E-1
-5.931080E-1
-5.886980E-1
-5.842880E-1
-5.798780E-1
-5.754680E-1
-5.710580E-1
-5.681180E-1
-5.651780E-1
-5.637080E-1
-5.637080E-1
-5.651780E-1
-5.681180E-1
-5.725280E-1
-5.798780E-1
-5.886980E-1
-5.989880E-1
-6.092780E-1
-6.195680E-1
-6.283880E-1
-6.357380E-1
-6.416180E-1
-6.445580E-1
-6.460280E-1
-6.445580E-1
-6.430880E-1
-6.401480E-1
-6.372080E-1
-6.342680E-1
-6.313280E-1
-6.283880E-1
-6.239780E-1
-6.195680E-1
-6.151580E-1
-6.078080E-1
-6.004580E-1
-5.916380E-1
-5.828180E-1
-5.754680E-1
-5.710580E-1
-5.666480E-1
-5.666480E-1
-5.695880E-1
-5.739980E-1
-5.798780E-1
-5.857580E-1
-5.916380E-1
-5.945780E-1
-5.960480E-1
-5.960480E-1
-5.931080E-1
-5.886980E-1
-5.842880E-1
-5.798780E-1
-5.754680E-1
-5.725280E-1
-5.710580E-1
-5.710580E-1
-5.695880E-1
-5.681180E-1
-5.651780E-1
-5.592980E-1
-5.534180E-1
-5.475380E-1
-5.401880E-1
-5.328380E-1
-5.269580E-1
-5.225480E-1
-5.181380E-1
-5.151980E-1
-5.122580E-1
-5.107880E-1
-5.107880E-1
-5.093180E-1
-5.093180E-1
-5.107880E-1
-5.137280E-1
-5.166680E-1
-5.210780E-1
-5.269580E-1
-5.343080E-1
-5.416580E-1
-5.504780E-1
-5.607680E-1
-5.710580E-1
-5.813480E-1
-5.916380E-1
-5.989880E-1
-6.033980E-1
-6.048680E-1
-6.048680E-1
-6.033980E-1
-6.004580E-1
-5.989880E-1
-5.989880E-1
-6.004580E-1
-6.033980E-1
-6.063380E-1
-6.107480E-1
-6.151580E-1
-6.195680E-1
-6.225080E-1
-6.239780E-1
-6.254480E-1
-6.269180E-1
-6.269180E-1
-6.269180E-1
-6.269180E-1
-6.269180E-1
-6.254480E-1
-6.239780E-1
-6.225080E-1
-6.195680E-1
-6.180980E-1
-6.166280E-1
-6.166280E-1
-6.166280E-1
-6.166280E-1
-6.180980E-1
-6.195680E-1
-6.180980E-1
-6.166280E-1
-6.122180E-1
-6.063380E-1
-6.004580E-1
-5.916380E-1
-5.842880E-1
-5.784080E-1
-5.725280E-1
-5.695880E-1
-5.666480E-1
-5.651780E-1
-5.651780E-1
-5.651780E-1
-5.651780E-1
-5.666480E-1
-5.681180E-1
-5.710580E-1
-5.739980E-1
-5.798780E-1
-5.857580E-1
-5.901680E-1
-5.945780E-1
-5.975180E-1
-5.989880E-1
-5.989880E-1
-5.989880E-1
-5.975180E-1
-5.975180E-1
-5.975180E-1
-5.989880E-1
-6.004580E-1
-6.033980E-1
-6.048680E-1
-6.048680E-1
-6.019280E-1
-5.989880E-1
-5.931080E-1
-5.872280E-1
-5.813480E-1
-5.769380E-1
-5.739980E-1
-5.739980E-1
-5.739980E-1
-5.769380E-1
-5.798780E-1
-5.828180E-1
-5.842880E-1
-5.857580E-1
-5.842880E-1
-5.828180E-1
-5.798780E-1
-5.769380E-1
-5.754680E-1
-5.725280E-1
-5.725280E-1
-5.739980E-1
-5.769380E-1
-5.798780E-1
-5.842880E-1
-5.901680E-1
-5.945780E-1
-5.989880E-1
-6.019280E-1
-6.048680E-1
-6.078080E-1
-6.107480E-1
-6.136880E-1
-6.180980E-1
-6.239780E-1
-6.298580E-1
-6.372080E-1
-6.430880E-1
-6.489680E-1
-6.533780E-1
-6.548480E-1
-6.548480E-1
-6.533780E-1
-6.504380E-1
-6.460280E-1
-6.430880E-1
-6.401480E-1
-6.401480E-1
-6.401480E-1
-6.430880E-1
-6.460280E-1
-6.504380E-1
-6.548480E-1
-6.577880E-1
-6.592580E-1
-6.592580E-1
-6.563180E-1
-6.519080E-1
-6.445580E-1
-6.357380E-1
-6.269180E-1
-6.166280E-1
-6.078080E-1
-6.004580E-1
-5.945780E-1
-5.916380E-1
-5.901680E-1
-5.931080E-1
-5.960480E-1
-6.004580E-1
-6.033980E-1
-6.063380E-1
-6.078080E-1
-6.063380E-1
-6.063380E-1
-6.033980E-1
-6.033980E-1
-6.019280E-1
-6.019280E-1
-6.033980E-1
-6.033980E-1
-6.019280E-1
-6.019280E-1
-6.004580E-1
-5.975180E-1
-5.960480E-1
-5.960480E-1
-5.960480E-1
-5.989880E-1
-6.019280E-1
-6.048680E-1
-6.063380E-1
-6.092780E-1
-6.092780E-1
-6.092780E-1
-6.092780E-1
-6.078080E-1
-6.063380E-1
-6.063380E-1
-6.078080E-1
-6.078080E-1
-6.092780E-1
-6.092780E-1
-6.092780E-1
-6.107480E-1
-6.092780E-1
-6.092780E-1
-6.078080E-1
-6.078080E-1
-6.078080E-1
-6.092780E-1
-6.122180E-1
-6.151580E-1
-6.210380E-1
-6.269180E-1
-6.327980E-1
-6.372080E-1
-6.416180E-1
-6.430880E-1
-6.445580E-1
-6.445580E-1
-6.430880E-1
-6.430880E-1
-6.416180E-1
-6.416180E-1
-6.416180E-1
-6.430880E-1
-6.460280E-1
-6.489680E-1
-6.519080E-1
-6.563180E-1
-6.592580E-1
-6.621980E-1
-6.651380E-1
-6.651380E-1
-6.651380E-1
-6.636680E-1
-6.607280E-1
-6.563180E-1
-6.519080E-1
-6.474980E-1
-6.430880E-1
-6.401480E-1
-6.386780E-1
-6.372080E-1
-6.357380E-1
-6.342680E-1
-6.327980E-1
-6.313280E-1
-6.269180E-1
-6.225080E-1
-6.151580E-1
-6.063380E-1
-5.989880E-1
-5.901680E-1
-5.842880E-1
-5.798780E-1
-5.784080E-1
-5.784080E-1
-5.813480E-1
-5.872280E-1
-5.931080E-1
-5.989880E-1
-6.033980E-1
-6.063380E-1
-6.063380E-1
-6.063380E-1
-6.019280E-1
-5.989880E-1
-5.931080E-1
-5.872280E-1
-5.798780E-1
-5.739980E-1
-5.681180E-1
-5.651780E-1
-5.637080E-1
-5.637080E-1
-5.666480E-1
-5.725280E-1
-5.813480E-1
-5.916380E-1
-6.019280E-1
-6.122180E-1
-6.195680E-1
-6.254480E-1
-6.269180E-1
-6.254480E-1
-6.210380E-1
-6.151580E-1
-6.078080E-1
-6.004580E-1
-5.931080E-1
-5.886980E-1
-5.842880E-1
-5.842880E-1
-5.842880E-1
-5.872280E-1
-5.901680E-1
-5.916380E-1
-5.931080E-1
-5.931080E-1
-5.916380E-1
-5.886980E-1
-5.842880E-1
-5.784080E-1
-5.739980E-1
-5.710580E-1
-5.681180E-1
-5.681180E-1
-5.710580E-1
-5.754680E-1
-5.813480E-1
-5.901680E-1
-5.975180E-1
-6.048680E-1
-6.122180E-1
-6.180980E-1
-6.225080E-1
-6.254480E-1
-6.269180E-1
-6.269180E-1
-6.254480E-1
-6.239780E-1
-6.210380E-1
-6.166280E-1
-6.122180E-1
-6.078080E-1
-6.019280E-1
-5.960480E-1
-5.886980E-1
-5.828180E-1
-5.769380E-1
-5.710580E-1
-5.651780E-1
-5.592980E-1
-5.563580E-1
-5.534180E-1
-5.504780E-1
-5.490080E-1
-5.475380E-1
-5.490080E-1
-5.519480E-1
-5.563580E-1
-5.637080E-1
-5.725280E-1
-5.842880E-1
-5.989880E-1
-6.136880E-1
-6.298580E-1
-6.460280E-1
-6.607280E-1
-6.724880E-1
-6.798380E-1
-6.842480E-1
-6.857180E-1
-6.827780E-1
-6.798380E-1
-6.754280E-1
-6.724880E-1
-6.724880E-1
-6.724880E-1
-6.754280E-1
-6.783680E-1
-6.827780E-1
-6.842480E-1
-6.842480E-1
-6.827780E-1
-6.798380E-1
-6.754280E-1
-6.710180E-1
-6.680780E-1
-6.651380E-1
-6.651380E-1
-6.636680E-1
-6.636680E-1
-6.621980E-1
-6.607280E-1
-6.577880E-1
-6.548480E-1
-6.519080E-1
-6.504380E-1
-6.474980E-1
-6.460280E-1
-6.416180E-1
-6.357380E-1
-6.283880E-1
-6.180980E-1
-6.078080E-1
-5.960480E-1
-5.857580E-1
-5.784080E-1
-5.754680E-1
-5.754680E-1
-5.798780E-1
-5.872280E-1
-5.975180E-1
-6.078080E-1
-6.195680E-1
-6.298580E-1
-6.386780E-1
-6.460280E-1
-6.519080E-1
-6.563180E-1
-6.592580E-1
-6.621980E-1
-6.636680E-1
-6.621980E-1
-6.607280E-1
-6.577880E-1
-6.548480E-1
-6.489680E-1
-6.445580E-1
-6.386780E-1
-6.357380E-1
-6.342680E-1
-6.342680E-1
-6.342680E-1
-6.357380E-1
-6.372080E-1
-6.372080E-1
-6.357380E-1
-6.327980E-1
-6.283880E-1
-6.225080E-1
-6.166280E-1
-6.107480E-1
-6.078080E-1
-6.048680E-1
-6.048680E-1
-6.078080E-1
-6.122180E-1
-6.180980E-1
-6.269180E-1
-6.342680E-1
-6.430880E-1
-6.504380E-1
-6.577880E-1
-6.636680E-1
-6.666080E-1
-6.666080E-1
-6.651380E-1
-6.607280E-1
-6.548480E-1
-6.474980E-1
-6.386780E-1
-6.283880E-1
-6.166280E-1
-6.048680E-1
-5.931080E-1
-5.813480E-1
-5.695880E-1
-5.592980E-1
-5.490080E-1
-5.401880E-1
-5.343080E-1
-5.298980E-1
-5.269580E-1
-5.269580E-1
-5.269580E-1
-5.284280E-1
-5.298980E-1
-5.328380E-1
-5.372480E-1
-5.416580E-1
-5.460680E-1
-5.534180E-1
-5.607680E-1
-5.681180E-1
-5.769380E-1
-5.842880E-1
-5.901680E-1
-5.960480E-1
-5.989880E-1
-6.004580E-1
-5.989880E-1
-5.945780E-1
-5.901680E-1
-5.842880E-1
-5.769380E-1
-5.710580E-1
-5.651780E-1
-5.607680E-1
-5.592980E-1
-5.578280E-1
-5.578280E-1
-5.592980E-1
-5.592980E-1
-5.607680E-1
-5.622380E-1
-5.622380E-1
-5.622380E-1
-5.622380E-1
-5.607680E-1
-5.592980E-1
-5.592980E-1
-5.607680E-1
-5.622380E-1
-5.651780E-1
-5.710580E-1
-5.784080E-1
-5.872280E-1
-5.975180E-1
-6.092780E-1
-6.210380E-1
-6.327980E-1
-6.416180E-1
-6.489680E-1
-6.519080E-1
-6.533780E-1
-6.504380E-1
-6.445580E-1
-6.372080E-1
-6.283880E-1
-6.195680E-1
-6.136880E-1
-6.078080E-1
-6.048680E-1
-6.048680E-1
-6.078080E-1
-6.122180E-1
-6.195680E-1
-6.254480E-1
-6.327980E-1
-6.386780E-1
-6.445580E-1
-6.489680E-1
-6.519080E-1
-6.548480E-1
-6.563180E-1
-6.592580E-1
-6.621980E-1
-6.651380E-1
-6.680780E-1
-6.739580E-1
-6.783680E-1
-6.857180E-1
-6.915980E-1
-6.974780E-1
-7.004180E-1
-7.004180E-1
-6.974780E-1
-6.901280E-1
-6.798380E-1
-6.666080E-1
-6.533780E-1
-6.401480E-1
-6.298580E-1
-6.225080E-1
-6.210380E-1
-6.239780E-1
-6.313280E-1
-6.416180E-1
-6.519080E-1
-6.636680E-1
-6.724880E-1
-6.768980E-1
-6.768980E-1
-6.739580E-1
-6.666080E-1
-6.577880E-1
-6.474980E-1
-6.386780E-1
-6.313280E-1
-6.239780E-1
-6.210380E-1
-6.195680E-1
-6.195680E-1
-6.210380E-1
-6.225080E-1
-6.225080E-1
-6.210380E-1
-6.180980E-1
-6.136880E-1
-6.063380E-1
-5.989880E-1
-5.916380E-1
-5.828180E-1
-5.754680E-1
-5.710580E-1
-5.681180E-1
-5.666480E-1
-5.666480E-1
-5.681180E-1
-5.710580E-1
-5.739980E-1
-5.784080E-1
-5.813480E-1
-5.857580E-1
-5.916380E-1
-5.975180E-1
-6.033980E-1
-6.122180E-1
-6.210380E-1
-6.313280E-1
-6.430880E-1
-6.533780E-1
-6.621980E-1
-6.710180E-1
-6.768980E-1
-6.783680E-1
-6.768980E-1
-6.724880E-1
-6.636680E-1
-6.533780E-1
-6.401480E-1
-6.269180E-1
-6.151580E-1
-6.078080E-1
-6.033980E-1
-6.033980E-1
-6.063380E-1
-6.136880E-1
-6.210380E-1
-6.298580E-1
-6.357380E-1
-6.386780E-1
-6.386780E-1
-6.357380E-1
-6.283880E-1
-6.195680E-1
-6.078080E-1
-5.945780E-1
-5.813480E-1
-5.666480E-1
-5.534180E-1
-5.387180E-1
-5.269580E-1
-5.166680E-1
-5.093180E-1
-5.049080E-1
-5.063780E-1
-5.137280E-1
-5.254880E-1
-5.431280E-1
-5.666480E-1
-5.931080E-1
-6.239780E-1
-6.695480E-1
-7.445180E-1
-8.415380E-1
-9.444380E-1
-1.041458E+0
-1.132598E+0
-1.217858E+0
-1.297238E+0
-1.372208E+0
-1.441298E+0
-1.504508E+0
-1.563308E+0
-1.614758E+0
-1.661798E+0
-1.702958E+0
-1.738238E+0
-1.767638E+0
-1.791158E+0
-1.808798E+0
-1.820558E+0
-1.827908E+0
-1.832318E+0
-1.833788E+0
-1.833788E+0
-1.832318E+0
-1.830848E+0
-1.827908E+0
-1.826438E+0
-1.823498E+0
-1.822028E+0
-1.819088E+0
-1.817618E+0
-1.817618E+0
-1.820558E+0
-1.824968E+0
-1.833788E+0
-1.842608E+0
-1.852898E+0
-1.864658E+0
-1.874948E+0
-1.882298E+0
-1.886708E+0
-1.888178E+0
-1.885238E+0
-1.877888E+0
-1.869068E+0
-1.855838E+0
-1.842608E+0
-1.829378E+0
-1.816148E+0
-1.804388E+0
-1.795568E+0
-1.789688E+0
-1.785278E+0
-1.786748E+0
-1.789688E+0
-1.797038E+0
-1.807328E+0
-1.820558E+0
-1.833788E+0
-1.847018E+0
-1.857308E+0
-1.864658E+0
-1.866128E+0
-1.861718E+0
-1.851428E+0
-1.836728E+0
-1.820558E+0
-1.802918E+0
-1.786748E+0
-1.774988E+0
-1.766168E+0
-1.763228E+0
-1.764698E+0
-1.773518E+0
-1.786748E+0
-1.804388E+0
-1.827908E+0
-1.854368E+0
-1.883768E+0
-1.914638E+0
-1.946978E+0
-1.977848E+0
-2.005778E+0
-2.032238E+0
-2.052818E+0
-2.070458E+0
-2.083688E+0
-2.093978E+0
-2.098388E+0
-2.099858E+0
-2.098388E+0
-2.091038E+0
-2.079278E+0
-2.064578E+0
-2.045468E+0
-2.024888E+0
-2.002838E+0
-1.980788E+0
-1.961678E+0
-1.944038E+0
-1.929338E+0
-1.917578E+0
-1.908758E+0
-1.902878E+0
-1.899938E+0
-1.898468E+0
-1.896998E+0
-1.895528E+0
-1.892588E+0
-1.889648E+0
-1.883768E+0
-1.876418E+0
-1.869068E+0
-1.863188E+0
-1.860248E+0
-1.860248E+0
-1.866128E+0
-1.876418E+0
-1.892588E+0
-1.910228E+0
-1.932278E+0
-1.952858E+0
-1.973438E+0
-1.992548E+0
-2.008718E+0
-2.023418E+0
-2.036648E+0
-2.046938E+0
-2.057228E+0
-2.066048E+0
-2.074868E+0
-2.083688E+0
-2.091038E+0
-2.099858E+0
-2.108678E+0
-2.118968E+0
-2.129258E+0
-2.139548E+0
-2.149838E+0
-2.160128E+0
-2.167478E+0
-2.170418E+0
-2.171888E+0
-2.168948E+0
-2.164538E+0
-2.158658E+0
-2.154248E+0
-2.149838E+0
-2.149838E+0
-2.151308E+0
-2.157188E+0
-2.166008E+0
-2.176298E+0
-2.186588E+0
-2.195408E+0
-2.202758E+0
-2.208638E+0
-2.208638E+0
-2.208638E+0
-2.204228E+0
-2.198348E+0
-2.190998E+0
-2.182178E+0
-2.171888E+0
-2.160128E+0
-2.146898E+0
-2.133668E+0
-2.120438E+0
-2.105738E+0
-2.091038E+0
-2.076338E+0
-2.063108E+0
-2.049878E+0
-2.038118E+0
-2.027828E+0
-2.019008E+0
-2.011658E+0
-2.007248E+0
-2.005778E+0
-2.005778E+0
-2.011658E+0
-2.020478E+0
-2.035178E+0
-2.054288E+0
-2.077808E+0
-2.105738E+0
-2.135138E+0
-2.163068E+0
-2.188058E+0
-2.207168E+0
-2.218928E+0
-2.221868E+0
-2.215988E+0
-2.201288E+0
-2.182178E+0
-2.158658E+0
-2.133668E+0
-2.110148E+0
-2.091038E+0
-2.076338E+0
-2.068988E+0
-2.066048E+0
-2.068988E+0
-2.074868E+0
-2.083688E+0
-2.091038E+0
-2.099858E+0
-2.105738E+0
-2.108678E+0
-2.110148E+0
-2.110148E+0
-2.108678E+0
-2.108678E+0
-2.108678E+0
-2.111618E+0
-2.117498E+0
-2.126318E+0
-2.138078E+0
-2.152778E+0
-2.170418E+0
-2.186588E+0
-2.202758E+0
-2.215988E+0
-2.226278E+0
-2.232158E+0
-2.235098E+0
-2.235098E+0
-2.233628E+0
-2.230688E+0
-2.226278E+0
-2.221868E+0
-2.217458E+0
-2.210108E+0
-2.199818E+0
-2.188058E+0
-2.174828E+0
-2.160128E+0
-2.145428E+0
-2.133668E+0
-2.123378E+0
-2.118968E+0
-2.118968E+0
-2.123378E+0
-2.130728E+0
-2.141018E+0
-2.154248E+0
-2.167478E+0
-2.180708E+0
-2.193938E+0
-2.207168E+0
-2.218928E+0
-2.229218E+0
-2.238038E+0
-2.245388E+0
-2.248328E+0
-2.249798E+0
-2.246858E+0
-2.242448E+0
-2.235098E+0
-2.226278E+0
-2.218928E+0
-2.211578E+0
-2.208638E+0
-2.205698E+0
-2.207168E+0
-2.208638E+0
-2.210108E+0
-2.211578E+0
-2.211578E+0
-2.211578E+0
-2.211578E+0
-2.211578E+0
-2.211578E+0
-2.214518E+0
-2.218928E+0
-2.224808E+0
-2.233628E+0
-2.243918E+0
-2.254208E+0
-2.267438E+0
-2.279198E+0
-2.288018E+0
-2.296838E+0
-2.302718E+0
-2.304188E+0
-2.302718E+0
-2.299778E+0
-2.295368E+0
-2.292428E+0
-2.293898E+0
-2.299778E+0
-2.311538E+0
-2.330648E+0
-2.354168E+0
-2.379158E+0
-2.405618E+0
-2.429138E+0
-2.445308E+0
-2.454128E+0
-2.455598E+0
-2.449718E+0
-2.437958E+0
-2.423258E+0
-2.407088E+0
-2.389448E+0
-2.371808E+0
-2.352698E+0
-2.335058E+0
-2.315948E+0
-2.298308E+0
-2.280668E+0
-2.265968E+0
-2.255678E+0
-2.249798E+0
-2.249798E+0
-2.257148E+0
-2.268908E+0
-2.288018E+0
-2.308598E+0
-2.332118E+0
-2.352698E+0
-2.371808E+0
-2.385038E+0
-2.390918E+0
-2.392388E+0
-2.387978E+0
-2.379158E+0
-2.370338E+0
-2.361518E+0
-2.352698E+0
-2.346818E+0
-2.343878E+0
-2.342408E+0
-2.342408E+0
-2.343878E+0
-2.342408E+0
-2.342408E+0
-2.340938E+0
-2.337998E+0
-2.335058E+0
-2.335058E+0
-2.337998E+0
-2.348288E+0
-2.362988E+0
-2.386508E+0
-2.415908E+0
-2.451188E+0
-2.489408E+0
-2.527628E+0
-2.561438E+0
-2.589368E+0
-2.608478E+0
-2.617298E+0
-2.615828E+0
-2.607008E+0
-2.590838E+0
-2.573198E+0
-2.555558E+0
-2.539388E+0
-2.527628E+0
-2.521748E+0
-2.520278E+0
-2.524688E+0
-2.533508E+0
-2.546738E+0
-2.564378E+0
-2.582018E+0
-2.602598E+0
-2.620238E+0
-2.637878E+0
-2.652578E+0
-2.662868E+0
-2.670218E+0
-2.671688E+0
-2.670218E+0
-2.662868E+0
-2.654048E+0
-2.640818E+0
-2.626118E+0
-2.609948E+0
-2.590838E+0
-2.574668E+0
-2.559968E+0
-2.546738E+0
-2.537918E+0
-2.530568E+0
-2.524688E+0
-2.520278E+0
-2.515868E+0
-2.509988E+0
-2.502638E+0
-2.493818E+0
-2.486468E+0
-2.480588E+0
-2.480588E+0
-2.484998E+0
-2.498228E+0
-2.515868E+0
-2.537918E+0
-2.561438E+0
-2.582018E+0
-2.599658E+0
-2.609948E+0
-2.614358E+0
-2.612888E+0
-2.607008E+0
-2.602598E+0
-2.599658E+0
-2.602598E+0
-2.609948E+0
-2.620238E+0
-2.636408E+0
-2.652578E+0
-2.670218E+0
-2.684918E+0
-2.698148E+0
-2.708438E+0
-2.717258E+0
-2.724608E+0
-2.730488E+0
-2.736368E+0
-2.737838E+0
-2.736368E+0
-2.730488E+0
-2.721668E+0
-2.709908E+0
-2.695208E+0
-2.680508E+0
-2.667278E+0
-2.654048E+0
-2.643758E+0
-2.631998E+0
-2.621708E+0
-2.609948E+0
-2.598188E+0
-2.584958E+0
-2.577608E+0
-2.573198E+0
-2.579078E+0
-2.592308E+0
-2.615828E+0
-2.643758E+0
-2.679038E+0
-2.714318E+0
-2.745188E+0
-2.771648E+0
-2.790758E+0
-2.798108E+0
-2.798108E+0
-2.790758E+0
-2.776058E+0
-2.758418E+0
-2.736368E+0
-2.712848E+0
-2.689328E+0
-2.665808E+0
-2.643758E+0
-2.624648E+0
-2.609948E+0
-2.598188E+0
-2.595248E+0
-2.598188E+0
-2.608478E+0
-2.626118E+0
-2.649638E+0
-2.679038E+0
-2.712848E+0
-2.745188E+0
-2.777528E+0
-2.806928E+0
-2.833388E+0
-2.852498E+0
-2.865728E+0
-2.871608E+0
-2.868668E+0
-2.859848E+0
-2.845148E+0
-2.826038E+0
-2.803988E+0
-2.781938E+0
-2.759888E+0
-2.740778E+0
-2.727548E+0
-2.720198E+0
-2.718728E+0
-2.723138E+0
-2.733428E+0
-2.748128E+0
-2.762828E+0
-2.778998E+0
-2.792228E+0
-2.801048E+0
-2.803988E+0
-2.803988E+0
-2.801048E+0
-2.793698E+0
-2.786348E+0
-2.778998E+0
-2.773118E+0
-2.767238E+0
-2.761358E+0
-2.755478E+0
-2.751068E+0
-2.745188E+0
-2.739308E+0
-2.734898E+0
-2.730488E+0
-2.726078E+0
-2.723138E+0
-2.718728E+0
-2.715788E+0
-2.712848E+0
-2.708438E+0
-2.705498E+0
-2.702558E+0
-2.699618E+0
-2.696678E+0
-2.696678E+0
-2.696678E+0
-2.696678E+0
-2.699618E+0
-2.701088E+0
-2.704028E+0
-2.705498E+0
-2.705498E+0
-2.704028E+0
-2.702558E+0
-2.701088E+0
-2.702558E+0
-2.705498E+0
-2.715788E+0
-2.730488E+0
-2.751068E+0
-2.774588E+0
-2.802518E+0
-2.830448E+0
-2.853968E+0
-2.874548E+0
-2.887778E+0
-2.893658E+0
-2.893658E+0
-2.887778E+0
-2.878958E+0
-2.868668E+0
-2.856908E+0
-2.846618E+0
-2.836328E+0
-2.824568E+0
-2.814278E+0
-2.801048E+0
-2.787818E+0
-2.774588E+0
-2.761358E+0
-2.748128E+0
-2.736368E+0
-2.726078E+0
-2.718728E+0
-2.712848E+0
-2.711378E+0
-2.712848E+0
-2.718728E+0
-2.733428E+0
-2.754008E+0
-2.783408E+0
-2.817218E+0
-2.855438E+0
-2.895128E+0
-2.931878E+0
-2.961278E+0
-2.980388E+0
-2.989208E+0
-2.989208E+0
-2.983328E+0
-2.971568E+0
-2.959808E+0
-2.949518E+0
-2.940698E+0
-2.937758E+0
-2.937758E+0
-2.937758E+0
-2.934818E+0
-2.930408E+0
-2.920118E+0
-2.903948E+0
-2.881898E+0
-2.852498E+0
-2.821628E+0
-2.790758E+0
-2.762828E+0
-2.739308E+0
-2.723138E+0
-2.715788E+0
-2.715788E+0
-2.721668E+0
-2.733428E+0
-2.749598E+0
-2.768708E+0
-2.789288E+0
-2.811338E+0
-2.834858E+0
-2.861318E+0
-2.886308E+0
-2.912768E+0
-2.939228E+0
-2.964218E+0
-2.986268E+0
-3.003908E+0
-3.017138E+0
-3.025958E+0
-3.030368E+0
-3.028898E+0
-3.025958E+0
-3.021548E+0
-3.017138E+0
-3.017138E+0
-3.023018E+0
-3.034778E+0
-3.055358E+0
-3.083288E+0
-3.114158E+0
-3.146498E+0
-3.174428E+0
-3.193538E+0
-3.197948E+0
-3.186188E+0
-3.159728E+0
-3.120038E+0
-3.074468E+0
-3.030368E+0
-2.992148E+0
-2.964218E+0
-2.948048E+0
-2.945108E+0
-2.955398E+0
-2.973038E+0
-2.996558E+0
-3.021548E+0
-3.045068E+0
-3.065648E+0
-3.078878E+0
-3.087698E+0
-3.089168E+0
-3.086228E+0
-3.077408E+0
-3.068588E+0
-3.055358E+0
-3.042128E+0
-3.030368E+0
-3.018608E+0
-3.008318E+0
-3.000968E+0
-2.995088E+0
-2.990678E+0
-2.989208E+0
-2.989208E+0
-2.990678E+0
-2.992148E+0
-2.996558E+0
-2.999498E+0
-3.003908E+0
-3.008318E+0
-3.011258E+0
-3.012728E+0
-3.012728E+0
-3.014198E+0
-3.015668E+0
-3.017138E+0
-3.020078E+0
-3.027428E+0
-3.039188E+0
-3.055358E+0
-3.075938E+0
-3.100928E+0
-3.128858E+0
-3.161198E+0
-3.192068E+0
-3.222938E+0
-3.250868E+0
-3.274388E+0
-3.292028E+0
-3.303788E+0
-3.311138E+0
-3.314078E+0
-3.314078E+0
-3.312608E+0
-3.309668E+0
-3.306728E+0
-3.305258E+0
-3.303788E+0
-3.303788E+0
-3.303788E+0
-3.306728E+0
-3.309668E+0
-3.315548E+0
-3.319958E+0
-3.324368E+0
-3.325838E+0
-3.324368E+0
-3.319958E+0
-3.309668E+0
-3.299378E+0
-3.287618E+0
-3.277328E+0
-3.268508E+0
-3.262628E+0
-3.259688E+0
-3.256748E+0
-3.253808E+0
-3.246458E+0
-3.236168E+0
-3.225878E+0
-3.215588E+0
-3.206768E+0
-3.206768E+0
-3.212648E+0
-3.227348E+0
-3.249398E+0
-3.275858E+0
-3.303788E+0
-3.327308E+0
-3.344948E+0
-3.353768E+0
-3.355238E+0
-3.347888E+0
-3.336128E+0
-3.322898E+0
-3.309668E+0
-3.299378E+0
-3.290558E+0
-3.283208E+0
-3.277328E+0
-3.272918E+0
-3.269978E+0
-3.268508E+0
-3.271448E+0
-3.277328E+0
-3.287618E+0
-3.300848E+0
-3.314078E+0
-3.322898E+0
-3.322898E+0
-3.308198E+0
-3.277328E+0
-3.230288E+0
-3.170018E+0
-3.102398E+0
-3.034778E+0
-2.921588E+0
-2.608478E+0
-2.064578E+0
-1.388378E+0
-6.460280E-1
8.015200E-2
7.328320E-1
1.301722E+0
1.779472E+0
2.158732E+0
2.435092E+0
2.630602E+0
2.765842E+0
2.848162E+0
2.871682E+0
2.842282E+0
2.768782E+0
2.642362E+0
2.457142E+0
2.224882E+0
1.954402E+0
1.629532E+0
1.238512E+0
7.960420E-1
3.359320E-1
-1.138880E-1
-5.622380E-1
-1.029698E+0
-1.517738E+0
-2.013128E+0
-2.496758E+0
-2.955398E+0
-3.386108E+0
-3.790358E+0
-4.169618E+0
-4.529768E+0
-4.870808E+0
-5.186858E+0
-5.483798E+0
-5.754278E+0
-6.005648E+0
-6.242318E+0
-6.470168E+0
-6.689198E+0
-6.914108E+0
-7.152248E+0
-7.399208E+0
-7.672628E+0
-7.957808E+0
-8.267978E+0
-8.604608E+0
-8.977988E+0
-9.379298E+0
-9.811478E+0
-1.025248E+1
-1.068319E+1
-1.114477E+1
-1.154902E+1
-1.198855E+1
-1.254274E+1
-1.328803E+1
-1.499911E+1
-2.000005E+1
-2.000005E+1
-2.000005E+1
-2.000005E+1
-2.000005E+1
-2.000005E+1
-2.000005E+1
-2.000005E+1
-2.000005E+1
-2.000005E+1
-2.000005E+1
-2.000005E+1
-2.000005E+1
-2.000005E+1
-2.000005E+1
-2.000005E+1
-2.000005E+1
-2.000005E+1
-2.000005E+1
-2.000005E+1
-2.000005E+1
-2.000005E+1
-2.000005E+1
-2.000005E+1
-2.000005E+1
-2.000005E+1
-1.338799E+1
-1.173277E+1
-1.080520E+1
-1.020397E+1
-9.792368E+0
-9.514538E+0
-9.346958E+0
-9.238178E+0
-9.192608E+0
-9.192608E+0
-9.222008E+0
-9.283748E+0
-9.429278E+0
-9.658598E+0
-9.999638E+0
-1.048327E+1
-1.121974E+1
-1.247365E+1
-1.548421E+1
-2.000005E+1
-2.000005E+1
-2.000005E+1
-2.000005E+1
-2.000005E+1
-2.000005E+1
-2.000005E+1
-2.000005E+1
-2.000005E+1
-2.000005E+1
-2.000005E+1
-1.577380E+1
-1.227961E+1
-1.090222E+1
-1.006579E+1
-9.446918E+0
-9.005918E+0
-8.686928E+0
-8.472308E+0
-8.357648E+0
-8.337068E+0
-8.419388E+0
-8.616368E+0
-8.938298E+0
-9.429278E+0
-1.010989E+1
-1.110802E+1
-1.268680E+1
-1.698949E+1
-2.000005E+1
-2.000005E+1
-2.000005E+1
-2.000005E+1
-1.499911E+1
-1.276324E+1
-1.163869E+1
-1.093456E+1
-1.045681E+1
-1.010989E+1
-9.852638E+0
-9.658598E+0
-9.480728E+0
-9.346958E+0
-9.252878E+0
-9.207308E+0
-9.238178E+0
-9.379298E+0
-9.658598E+0
-1.015693E+1
-1.096837E+1
-1.254274E+1
-2.000005E+1
-2.000005E+1
-2.000005E+1
-2.000005E+1
-2.000005E+1
-2.000005E+1
-2.000005E+1
-2.000005E+1
-2.000005E+1
-2.000005E+1
-1.650439E+1
-1.247365E+1
-1.129765E+1
-1.074346E+1
-1.048327E+1
-1.051120E+1
-1.083607E+1
-1.150492E+1
-1.301020E+1
-2.000005E+1
-2.000005E+1
-2.000005E+1
-2.000005E+1
-2.000005E+1
-2.000005E+1
-2.000005E+1
-2.000005E+1
-2.000005E+1
-2.000005E+1
-2.000005E+1
-2.000005E+1
-1.610896E+1
-1.254274E+1
-1.125796E+1
-1.048327E+1
-9.977588E+0
-9.639488E+0
-9.429278E+0
-9.316088E+0
-9.269048E+0
-9.283748E+0
-9.346958E+0
-9.429278E+0
-9.496898E+0
-9.549818E+0
-9.585098E+0
-9.585098E+0
-9.567458E+0
-9.514538E+0
-9.446918E+0
-9.379298E+0
-9.299918E+0
-9.222008E+0
-9.163208E+0
-9.119108E+0
-9.104408E+0
-9.119108E+0
-9.163208E+0
-9.207308E+0
-9.222008E+0
-9.192608E+0
-9.089708E+0
-8.951528E+0
-8.772188E+0
-8.594318E+0
-8.450258E+0
-8.337068E+0
-8.287088E+0
-8.297378E+0
-8.357648E+0
-8.462018E+0
-8.582558E+0
-8.735438E+0
-8.858918E+0
-8.964758E+0
-9.005918E+0
-8.992688E+0
-8.938298E+0
-8.847158E+0
-8.735438E+0
-8.616368E+0
-8.526698E+0
-8.494358E+0
-8.516408E+0
-8.628128E+0
-8.822168E+0
-9.148508E+0
-9.621848E+0
-1.032745E+1
-1.141966E+1
-1.372315E+1
-2.000005E+1
-2.000005E+1
-2.000005E+1
-2.000005E+1
-2.000005E+1
-2.000005E+1
-2.000005E+1
-2.000005E+1
-2.000005E+1
-2.000005E+1
-2.000005E+1
-2.000005E+1
-2.000005E+1
-2.000005E+1
-2.000005E+1
-2.000005E+1
-2.000005E+1
-2.000005E+1
-2.000005E+1
-2.000005E+1
-2.000005E+1
-2.000005E+1
-2.000005E+1
-2.000005E+1
-2.000005E+1
-2.000005E+1
-2.000005E+1
-2.000005E+1
-2.000005E+1
-1.276324E+1
-1.110802E+1
-1.032745E+1
-9.999638E+0
-9.914378E+0
-1.006579E+1
-1.037743E+1
-1.086841E+1
-1.141966E+1
-1.204441E+1
-1.254274E+1
-1.268680E+1
-1.261330E+1
-1.240750E+1
-1.221787E+1
-1.215907E+1
-1.234135E+1
-1.268680E+1
-1.349383E+1
-1.548421E+1
-2.000005E+1
-2.000005E+1
-2.000005E+1
-2.000005E+1
-2.000005E+1
-2.000005E+1
-1.761424E+1
-1.328803E+1
-1.178275E+1
-1.083607E+1
-1.015693E+1
-9.639488E+0
-9.238178E+0
-8.938298E+0
-8.698688E+0
-8.516408E+0
-8.388518E+0
-8.316488E+0
-8.297378E+0
-8.316488E+0
-8.378228E+0
-8.462018E+0
-8.560508E+0
-8.663408E+0
-8.758958E+0
-8.822168E+0
-8.872148E+0
-8.885378E+0
-8.872148E+0
-8.833928E+0
-8.783948E+0
-8.735438E+0
-8.698688E+0
-8.675168E+0
-8.686928E+0
-8.747198E+0
-8.847158E+0
-9.019148E+0
-9.222008E+0
-9.429278E+0
-9.602738E+0
-9.695348E+0
-9.602738E+0
-9.363128E+0
-9.047078E+0
-8.710448E+0
-8.429678E+0
-8.219468E+0
-8.088638E+0
-8.070998E+0
-8.153318E+0
-8.347358E+0
-8.651648E+0
-9.104408E+0
-9.714458E+0
-1.062439E+1
-1.221787E+1
-2.000005E+1
-2.000005E+1
-2.000005E+1
-2.000005E+1
-2.000005E+1
-2.000005E+1
-2.000005E+1
-2.000005E+1
-2.000005E+1
-2.000005E+1
-2.000005E+1
-2.000005E+1
-2.000005E+1
-2.000005E+1
-2.000005E+1
-2.000005E+1
-2.000005E+1
-2.000005E+1
-2.000005E+1
-2.000005E+1
-2.000005E+1
-2.000005E+1
-2.000005E+1
-2.000005E+1
-2.000005E+1
-2.000005E+1
-1.650439E+1
-1.183273E+1
-1.062439E+1
-1.010989E+1
-9.914378E+0
-9.999638E+0
-1.030099E+1
-1.083607E+1
-1.163869E+1
-1.276324E+1
-1.426852E+1
-1.548421E+1
-1.577380E+1
-1.499911E+1
-1.411858E+1
-1.360555E+1
-1.349383E+1
-1.372315E+1
-1.443022E+1
-1.650439E+1
-2.000005E+1
-2.000005E+1
-2.000005E+1
-2.000005E+1
-2.000005E+1
-2.000005E+1
-2.000005E+1
-2.000005E+1
-2.000005E+1
-2.000005E+1
-2.000005E+1
-2.000005E+1
-2.000005E+1
-2.000005E+1
-2.000005E+1
-2.000005E+1
-2.000005E+1
-2.000005E+1
-2.000005E+1
-2.000005E+1
-2.000005E+1
-2.000005E+1
-2.000005E+1
-2.000005E+1
-2.000005E+1
-2.000005E+1
-2.000005E+1
-1.411858E+1
-1.215907E+1
-1.133734E+1
-1.096837E+1
-1.083607E+1
-1.093456E+1
-1.125796E+1
-1.198855E+1
-1.360555E+1
-2.000005E+1
-2.000005E+1
-2.000005E+1
-2.000005E+1
-2.000005E+1
-2.000005E+1
-2.000005E+1
-2.000005E+1
-2.000005E+1
-2.000005E+1
-2.000005E+1
-2.000005E+1
-2.000005E+1
-2.000005E+1
-2.000005E+1
-2.000005E+1
-2.000005E+1
-2.000005E+1
-2.000005E+1
-2.000005E+1
-2.000005E+1
-2.000005E+1
-2.000005E+1
-2.000005E+1
-2.000005E+1
-2.000005E+1
-2.000005E+1
-2.000005E+1
-2.000005E+1
-2.000005E+1
-2.000005E+1
-2.000005E+1
-2.000005E+1
-2.000005E+1
-2.000005E+1
-2.000005E+1
-2.000005E+1
-2.000005E+1
-2.000005E+1
-2.000005E+1
-2.000005E+1
-2.000005E+1
-2.000005E+1
-1.698949E+1
-1.499911E+1
-1.372315E+1
-1.254274E+1
-1.159312E+1
-1.086841E+1
-1.027747E+1
-9.832058E+0
-9.549818E+0
-9.429278E+0
-9.463088E+0
-9.695348E+0
-1.018045E+1
-1.103746E+1
-1.268680E+1
-2.000005E+1
-2.000005E+1
-2.000005E+1
-2.000005E+1
-2.000005E+1
-2.000005E+1
-2.000005E+1
-2.000005E+1
-2.000005E+1
-2.000005E+1
-2.000005E+1
-2.000005E+1
-2.000005E+1
-2.000005E+1
-2.000005E+1
-2.000005E+1
-2.000005E+1
-2.000005E+1
-2.000005E+1
-2.000005E+1
-2.000005E+1
-2.000005E+1
-2.000005E+1
-2.000005E+1
-2.000005E+1
-2.000005E+1
-2.000005E+1
-2.000005E+1
-2.000005E+1
-1.761424E+1
-1.268680E+1
-1.114477E+1
-1.022749E+1
-9.621848E+0
-9.207308E+0
-8.964758E+0
-8.833928E+0
-8.808938E+0
-8.872148E+0
-9.019148E+0
-9.222008E+0
-9.480728E+0
-9.773258E+0
-1.006579E+1
-1.032745E+1
-1.048327E+1
-1.051120E+1
-1.040389E+1
-1.018045E+1
-9.893798E+0
-9.567458E+0
-9.252878E+0
-8.992688E+0
-8.772188E+0
-8.616368E+0
-8.560508E+0
-8.604608E+0
-8.783948E+0
-9.133808E+0
-9.733568E+0
-1.083607E+1
-1.360555E+1
-2.000005E+1
-2.000005E+1
-2.000005E+1
-2.000005E+1
-2.000005E+1
-2.000005E+1
-2.000005E+1
-2.000005E+1
-2.000005E+1
-2.000005E+1
-2.000005E+1
-2.000005E+1
-2.000005E+1
-2.000005E+1
-1.460368E+1
-1.254274E+1
-1.150492E+1
-1.086841E+1
-1.037743E+1
-1.002169E+1
-9.752678E+0
-9.585098E+0
-9.496898E+0
-9.532178E+0
-9.676238E+0
-9.934958E+0
-1.035244E+1
-1.090222E+1
-1.154902E+1
-1.210027E+1
-1.221787E+1
-1.188271E+1
-1.118152E+1
-1.040389E+1
-9.752678E+0
-9.238178E+0
-8.872148E+0
-8.651648E+0
-8.560508E+0
-8.582558E+0
-8.722208E+0
-9.005918E+0
-9.396938E+0
-9.914378E+0
-1.051120E+1
-1.114477E+1
-1.173277E+1
-1.210027E+1
-1.215907E+1
-1.193563E+1
-1.159312E+1
-1.133734E+1
-1.118152E+1
-1.110802E+1
-1.121974E+1
-1.150492E+1
-1.198855E+1
-1.292494E+1
-1.479331E+1
-2.000005E+1
-2.000005E+1
-2.000005E+1
-2.000005E+1
-2.000005E+1
-2.000005E+1
-2.000005E+1
-2.000005E+1
-2.000005E+1
-2.000005E+1
-2.000005E+1
-2.000005E+1
-2.000005E+1
-2.000005E+1
-2.000005E+1
-2.000005E+1
-2.000005E+1
-2.000005E+1
-2.000005E+1
-2.000005E+1
-2.000005E+1
-2.000005E+1
-2.000005E+1
-2.000005E+1
-2.000005E+1
-2.000005E+1
-2.000005E+1
-2.000005E+1
-2.000005E+1
-1.198855E+1
-1.043035E+1
-9.676238E+0
-9.269048E+0
-9.075008E+0
-9.061778E+0
-9.163208E+0
-9.316088E+0
-9.496898E+0
-9.621848E+0
-9.639488E+0
-9.549818E+0
-9.363128E+0
-9.133808E+0
-8.925068E+0
-8.772188E+0
-8.686928E+0
-8.686928E+0
-8.747198E+0
-8.885378E+0
-9.047078E+0
-9.238178E+0
-9.413108E+0
-9.567458E+0
-9.695348E+0
-9.811478E+0
-9.955538E+0
-1.018045E+1
-1.053913E+1
-1.103746E+1
-1.188271E+1
-1.338799E+1
-2.000005E+1
-2.000005E+1
-2.000005E+1
-2.000005E+1
-2.000005E+1
-2.000005E+1
-2.000005E+1
-2.000005E+1
-2.000005E+1
-1.577380E+1
-1.234135E+1
-1.100218E+1
-1.013341E+1
-9.549818E+0
-9.148508E+0
-8.898608E+0
-8.747198E+0
-8.710448E+0
-8.758958E+0
-8.911838E+0
-9.148508E+0
-9.463088E+0
-9.873218E+0
-1.040389E+1
-1.114477E+1
-1.215907E+1
-1.384663E+1
-2.000005E+1
-2.000005E+1
-2.000005E+1
-2.000005E+1
-2.000005E+1
-1.397893E+1
-1.198855E+1
-1.086841E+1
-1.010989E+1
-9.585098E+0
-9.252878E+0
-9.089708E+0
-9.061778E+0
-9.207308E+0
-9.514538E+0
-1.008784E+1
-1.103746E+1
-1.319101E+1
-2.000005E+1
-2.000005E+1
-2.000005E+1
-2.000005E+1
-2.000005E+1
-2.000005E+1
-2.000005E+1
-2.000005E+1
-2.000005E+1
-2.000005E+1
-2.000005E+1
-2.000005E+1
-2.000005E+1
-2.000005E+1
-2.000005E+1
-1.268680E+1
-1.074346E+1
-9.773258E+0
-9.148508E+0
-8.722208E+0
-8.439968E+0
-8.257688E+0
-8.170958E+0
-8.170958E+0
-8.267978E+0
-8.462018E+0
-8.795708E+0
-9.330788E+0
-1.020397E+1
-1.188271E+1
-2.000005E+1
-2.000005E+1
-2.000005E+1
-2.000005E+1
-2.000005E+1
-2.000005E+1
-2.000005E+1
-2.000005E+1
-2.000005E+1
-2.000005E+1
-2.000005E+1
-2.000005E+1
-2.000005E+1
-2.000005E+1
-2.000005E+1
-2.000005E+1
-2.000005E+1
-2.000005E+1
-2.000005E+1
-2.000005E+1
-2.000005E+1
-2.000005E+1
-2.000005E+1
-2.000005E+1
-1.650439E+1
-1.443022E+1
-1.426852E+1
-1.548421E+1
-2.000005E+1
-2.000005E+1
-2.000005E+1
-2.000005E+1
-2.000005E+1
-2.000005E+1
-2.000005E+1
-2.000005E+1
-2.000005E+1
-2.000005E+1
-2.000005E+1
-1.292494E+1
-1.093456E+1
-9.999638E+0
-9.463088E+0
-9.148508E+0
-9.033848E+0
-9.047078E+0
-9.207308E+0
-9.496898E+0
-9.914378E+0
-1.045681E+1
-1.118152E+1
-1.210027E+1
-1.328803E+1
-1.522843E+1
-2.000005E+1
-2.000005E+1
-2.000005E+1
-2.000005E+1
-2.000005E+1
-2.000005E+1
-2.000005E+1
-2.000005E+1
-2.000005E+1
-2.000005E+1
-2.000005E+1
-2.000005E+1
-2.000005E+1
-2.000005E+1
-2.000005E+1
-2.000005E+1
-2.000005E+1
-2.000005E+1
-2.000005E+1
-2.000005E+1
-2.000005E+1
-2.000005E+1
-2.000005E+1
-2.000005E+1
-2.000005E+1
-2.000005E+1
-2.000005E+1
-2.000005E+1
-2.000005E+1
-2.000005E+1
-2.000005E+1
-1.426852E+1
-1.240750E+1
-1.154902E+1
-1.100218E+1
-1.068319E+1
-1.045681E+1
-1.030099E+1
-1.010989E+1
-9.893798E+0
-9.639488E+0
-9.363128E+0
-9.075008E+0
-8.833928E+0
-8.639888E+0
-8.538458E+0
-8.526698E+0
-8.594318E+0
-8.772188E+0
-9.047078E+0
-9.429278E+0
-9.914378E+0
-1.051120E+1
-1.121974E+1
-1.204441E+1
-1.309840E+1
-1.426852E+1
-1.548421E+1
-1.650439E+1
-1.610896E+1
-1.499911E+1
-1.384663E+1
-1.284262E+1
-1.198855E+1
-1.133734E+1
-1.083607E+1
-1.051120E+1
-1.032745E+1
-1.025248E+1
-1.027747E+1
-1.045681E+1
-1.074346E+1
-1.114477E+1
-1.159312E+1
-1.204441E+1
-1.247365E+1
-1.284262E+1
-1.309840E+1
-1.328803E+1
-1.397893E+1
-1.650439E+1
-2.000005E+1
-2.000005E+1
-2.000005E+1
-2.000005E+1
-2.000005E+1
-2.000005E+1
-2.000005E+1
-2.000005E+1
-2.000005E+1
-2.000005E+1
-2.000005E+1
-2.000005E+1
-2.000005E+1
-2.000005E+1
-2.000005E+1
-2.000005E+1
-2.000005E+1
-2.000005E+1
-2.000005E+1
-2.000005E+1
-2.000005E+1
-2.000005E+1
-2.000005E+1
-2.000005E+1
-2.000005E+1
-2.000005E+1
-2.000005E+1
-2.000005E+1
-2.000005E+1
-2.000005E+1
-2.000005E+1
-2.000005E+1
-2.000005E+1
-2.000005E+1
-2.000005E+1
-1.384663E+1
-1.168573E+1
-1.062439E+1
-9.977588E+0
-9.602738E+0
-9.429278E+0
-9.429278E+0
-9.532178E+0
-9.714458E+0
-9.977588E+0
-1.027747E+1
-1.059499E+1
-1.090222E+1
-1.129765E+1
-1.183273E+1
-1.268680E+1
-1.460368E+1
-2.000005E+1
-2.000005E+1
-2.000005E+1
-2.000005E+1
-2.000005E+1
-2.000005E+1
-2.000005E+1
-1.577380E+1
-1.319101E+1
-1.234135E+1
-1.198855E+1
-1.204441E+1
-1.247365E+1
-1.338799E+1
-1.577380E+1
-2.000005E+1
-2.000005E+1
-2.000005E+1
-2.000005E+1
-2.000005E+1
-2.000005E+1
-2.000005E+1
-2.000005E+1
-2.000005E+1
-2.000005E+1
-2.000005E+1
-2.000005E+1
-2.000005E+1
-2.000005E+1
-2.000005E+1
-2.000005E+1
-2.000005E+1
-2.000005E+1
-2.000005E+1
-2.000005E+1
-2.000005E+1
-2.000005E+1
-2.000005E+1
-1.460368E+1
-1.301020E+1
-1.198855E+1
-1.118152E+1
-1.056706E+1
-1.006579E+1
-9.695348E+0
-9.413108E+0
-9.238178E+0
-9.192608E+0
-9.252878E+0
-9.429278E+0
-9.752678E+0
-1.025248E+1
-1.100218E+1
-1.215907E+1
-1.443022E+1
-2.000005E+1
-2.000005E+1
-2.000005E+1
-2.000005E+1
-2.000005E+1
-2.000005E+1
-1.499911E+1
-1.309840E+1
-1.234135E+1
-1.204441E+1
-1.215907E+1
-1.268680E+1
-1.426852E+1
-2.000005E+1
-2.000005E+1
-2.000005E+1
-2.000005E+1
-2.000005E+1
-2.000005E+1
-2.000005E+1
-2.000005E+1
-2.000005E+1
-2.000005E+1
-2.000005E+1
-2.000005E+1
-2.000005E+1
-2.000005E+1
-2.000005E+1
-2.000005E+1
-2.000005E+1
-2.000005E+1
-2.000005E+1
-2.000005E+1
-2.000005E+1
-2.000005E+1
-2.000005E+1
-2.000005E+1
-2.000005E+1
-2.000005E+1
-2.000005E+1
-2.000005E+1
-2.000005E+1
-2.000005E+1
-1.610896E+1
-1.499911E+1
-1.443022E+1
-1.426852E+1
-1.411858E+1
-1.372315E+1
-1.319101E+1
-1.268680E+1
-1.210027E+1
-1.159312E+1
-1.110802E+1
-1.071259E+1
-1.040389E+1
-1.013341E+1
-9.893798E+0
-9.714458E+0
-9.549818E+0
-9.413108E+0
-9.283748E+0
-9.177908E+0
-9.104408E+0
-9.033848E+0
-9.005918E+0
-9.005918E+0
-9.047078E+0
-9.133808E+0
-9.252878E+0
-9.463088E+0
-9.752678E+0
-1.018045E+1
-1.083607E+1
-1.188271E+1
-1.443022E+1
-2.000005E+1
-2.000005E+1
-2.000005E+1
-2.000005E+1
-2.000005E+1
-2.000005E+1
-2.000005E+1
-2.000005E+1
-2.000005E+1
-1.499911E+1
-1.215907E+1
-1.107274E+1
-1.048327E+1
-1.015693E+1
-9.977588E+0
-9.934958E+0
-1.002169E+1
-1.020397E+1
-1.053913E+1
-1.103746E+1
-1.183273E+1
-1.309840E+1
-1.577380E+1
-2.000005E+1
-2.000005E+1
-2.000005E+1
-2.000005E+1
-2.000005E+1
-1.443022E+1
-1.221787E+1
-1.103746E+1
-1.022749E+1
-9.676238E+0
-9.269048E+0
-8.992688E+0
-8.822168E+0
-8.722208E+0
-8.686928E+0
-8.686928E+0
-8.710448E+0
-8.772188E+0
-8.858918E+0
-9.005918E+0
-9.207308E+0
-9.514538E+0
-9.999638E+0
-1.074346E+1
-1.198855E+1
-1.499911E+1
-2.000005E+1
-2.000005E+1
-2.000005E+1
-2.000005E+1
-2.000005E+1
-2.000005E+1
-2.000005E+1
-2.000005E+1
-2.000005E+1
-2.000005E+1
-2.000005E+1
-2.000005E+1
-2.000005E+1
-2.000005E+1
-2.000005E+1
-2.000005E+1
-2.000005E+1
-2.000005E+1
-2.000005E+1
-2.000005E+1
-2.000005E+1
-2.000005E+1
-2.000005E+1
-2.000005E+1
-2.000005E+1
-2.000005E+1
-2.000005E+1
-2.000005E+1
-2.000005E+1
-2.000005E+1
-2.000005E+1
-2.000005E+1
-2.000005E+1
-2.000005E+1
-2.000005E+1
-2.000005E+1
-1.577380E+1
-1.301020E+1
-1.163869E+1
-1.083607E+1
-1.035244E+1
-1.006579E+1
-9.934958E+0
-9.914378E+0
-9.977588E+0
-1.004374E+1
-1.006579E+1
-9.955538E+0
-9.733568E+0
-9.413108E+0
-9.047078E+0
-8.710448E+0
-8.409098E+0
-8.170958E+0
-8.009258E+0
-7.907828E+0
-7.874018E+0
-7.899008E+0
-7.991618E+0
-8.125388E+0
-8.316488E+0
-8.538458E+0
-8.783948E+0
-9.061778E+0
-9.330788E+0
-9.602738E+0
-9.852638E+0
-1.008784E+1
-1.030099E+1
-1.048327E+1
-1.068319E+1
-1.090222E+1
-1.118152E+1
-1.150492E+1
-1.193563E+1
-1.240750E+1
-1.292494E+1
-1.328803E+1
-1.328803E+1
-1.284262E+1
-1.210027E+1
-1.129765E+1
-1.059499E+1
-1.004374E+1
-9.639488E+0
-9.346958E+0
-9.177908E+0
-9.133808E+0
-9.192608E+0
-9.396938E+0
-9.733568E+0
-1.022749E+1
-1.093456E+1
-1.210027E+1
-1.426852E+1
-2.000005E+1
-2.000005E+1
-2.000005E+1
-2.000005E+1
-2.000005E+1
-2.000005E+1
-1.319101E+1
-1.150492E+1
-1.051120E+1
-9.773258E+0
-9.222008E+0
-8.783948E+0
-8.419388E+0
-8.134208E+0
-7.899008E+0
-7.724078E+0
-7.599128E+0
-7.528568E+0
-7.521218E+0
-7.577078E+0
-7.709378E+0
-7.915178E+0
-8.219468E+0
-8.651648E+0
-9.283748E+0
-1.027747E+1
-1.221787E+1
-2.000005E+1
-2.000005E+1
-2.000005E+1
-2.000005E+1
-2.000005E+1
-2.000005E+1
-2.000005E+1
-2.000005E+1
-2.000005E+1
-2.000005E+1
-2.000005E+1
-2.000005E+1
-2.000005E+1
-2.000005E+1
-2.000005E+1
-2.000005E+1
-2.000005E+1
-2.000005E+1
-2.000005E+1
-1.610896E+1
-1.360555E+1
-1.276324E+1
-1.240750E+1
-1.234135E+1
-1.261330E+1
-1.309840E+1
-1.372315E+1
-1.443022E+1
-1.460368E+1
-1.397893E+1
-1.292494E+1
-1.173277E+1
-1.074346E+1
-9.934958E+0
-9.299918E+0
-8.822168E+0
-8.472308E+0
-8.238578E+0
-8.125388E+0
-8.125388E+0
-8.247398E+0
-8.482598E+0
-8.847158E+0
-9.363128E+0
-1.010989E+1
-1.121974E+1
-1.328803E+1
-2.000005E+1
-2.000005E+1
-2.000005E+1
-2.000005E+1
-2.000005E+1
-2.000005E+1
-2.000005E+1
-2.000005E+1
-2.000005E+1
-1.650439E+1
-1.460368E+1
-1.426852E+1
-1.479331E+1
-1.761424E+1
-2.000005E+1
-2.000005E+1
-2.000005E+1
-2.000005E+1
-2.000005E+1
-2.000005E+1
-2.000005E+1
-2.000005E+1
-2.000005E+1
-2.000005E+1
-2.000005E+1
-2.000005E+1
-2.000005E+1
-1.460368E+1
-1.221787E+1
-1.090222E+1
-9.999638E+0
-9.330788E+0
-8.833928E+0
-8.439968E+0
-8.143028E+0
-7.915178E+0
-7.763768E+0
-7.665278E+0
-7.621178E+0
-7.621178E+0
-7.665278E+0
-7.740248E+0
-7.850498E+0
-7.982798E+0
-8.134208E+0
-8.297378E+0
-8.462018E+0
-8.628128E+0
-8.808938E+0
-9.005918E+0
-9.222008E+0
-9.480728E+0
-9.752678E+0
-1.006579E+1
-1.040389E+1
-1.071259E+1
-1.100218E+1
-1.121974E+1
-1.141966E+1
-1.159312E+1
-1.173277E+1
-1.193563E+1
-1.221787E+1
-1.261330E+1
-1.309840E+1
-1.384663E+1
-1.499911E+1
-1.698949E+1
-2.000005E+1
-2.000005E+1
-2.000005E+1
-2.000005E+1
-1.849477E+1
-1.650439E+1
-1.548421E+1
-1.522843E+1
-1.522843E+1
-1.548421E+1
-1.548421E+1
-1.548421E+1
-1.479331E+1
-1.384663E+1
-1.276324E+1
-1.183273E+1
-1.100218E+1
-1.032745E+1
-9.733568E+0
-9.252878E+0
-8.847158E+0
-8.538458E+0
-8.326778E+0
-8.209178E+0
-8.190068E+0
-8.297378E+0
-8.538458E+0
-8.964758E+0
-9.658598E+0
-1.083607E+1
-1.397893E+1
-2.000005E+1
-2.000005E+1
-2.000005E+1
-2.000005E+1
-2.000005E+1
-2.000005E+1
-2.000005E+1
-2.000005E+1
-2.000005E+1
-2.000005E+1
-2.000005E+1
-2.000005E+1
-2.000005E+1
-2.000005E+1
-1.522843E+1
-1.227961E+1
-1.129765E+1
-1.086841E+1
-1.071259E+1
-1.074346E+1
-1.096837E+1
-1.141966E+1
-1.210027E+1
-1.309840E+1
-1.522843E+1
-2.000005E+1
-2.000005E+1
-2.000005E+1
-2.000005E+1
-2.000005E+1
-2.000005E+1
-2.000005E+1
-2.000005E+1
-2.000005E+1
-2.000005E+1
-2.000005E+1
-2.000005E+1
-2.000005E+1
-2.000005E+1
-2.000005E+1
-2.000005E+1
-1.240750E+1
-1.100218E+1
-1.030099E+1
-9.893798E+0
-9.695348E+0
-9.621848E+0
-9.695348E+0
-9.914378E+0
-1.027747E+1
-1.086841E+1
-1.198855E+1
-1.479331E+1
-2.000005E+1
-2.000005E+1
-2.000005E+1
-2.000005E+1
-2.000005E+1
-2.000005E+1
-2.000005E+1
-2.000005E+1
-2.000005E+1
-2.000005E+1
-2.000005E+1
-2.000005E+1
-1.479331E+1
-1.159312E+1
-1.027747E+1
-9.463088E+0
-8.898608E+0
-8.472308E+0
-8.170958E+0
-7.966628E+0
-7.850498E+0
-7.794638E+0
-7.794638E+0
-7.834328E+0
-7.915178E+0
-8.026898E+0
-8.181248E+0
-8.378228E+0
-8.639888E+0
-9.005918E+0
-9.480728E+0
-1.013341E+1
-1.100218E+1
-1.221787E+1
-1.372315E+1
-1.479331E+1
-1.360555E+1
-1.198855E+1
-1.071259E+1
-9.676238E+0
-8.898608E+0
-8.306198E+0
-7.866668E+0
-7.549148E+0
-7.334528E+0
-7.222808E+0
-7.193408E+0
-7.253678E+0
-7.399208E+0
-7.621178E+0
-7.915178E+0
-8.267978E+0
-8.663408E+0
-9.089708E+0
-9.514538E+0
-9.893798E+0
-1.015693E+1
-1.035244E+1
-1.045681E+1
-1.051120E+1
-1.053913E+1
-1.056706E+1
-1.062439E+1
-1.074346E+1
-1.100218E+1
-1.146082E+1
-1.234135E+1
-1.443022E+1
-2.000005E+1
-2.000005E+1
-2.000005E+1
-2.000005E+1
-2.000005E+1
-2.000005E+1
-2.000005E+1
-2.000005E+1
-2.000005E+1
-2.000005E+1
-2.000005E+1
-2.000005E+1
-2.000005E+1
-2.000005E+1
-2.000005E+1
-2.000005E+1
-2.000005E+1
-2.000005E+1
-2.000005E+1
-2.000005E+1
-2.000005E+1
-2.000005E+1
-2.000005E+1
-2.000005E+1
-2.000005E+1
-2.000005E+1
-2.000005E+1
-2.000005E+1
-2.000005E+1
-2.000005E+1
-2.000005E+1
-2.000005E+1
-1.610896E+1
-1.198855E+1
-1.077433E+1
-1.004374E+1
-9.549818E+0
-9.163208E+0
-8.833928E+0
-8.570798E+0
-8.357648E+0
-8.181248E+0
-8.035718E+0
-7.941638E+0
-7.882838E+0
-7.866668E+0
-7.899008E+0
-7.966628E+0
-8.070998E+0
-8.200358E+0
-8.347358E+0
-8.516408E+0
-8.686928E+0
-8.872148E+0
-9.075008E+0
-9.299918E+0
-9.567458E+0
-9.914378E+0
-1.032745E+1
-1.080520E+1
-1.133734E+1
-1.183273E+1
-1.221787E+1
-1.227961E+1
-1.204441E+1
-1.163869E+1
-1.121974E+1
-1.086841E+1
-1.062439E+1
-1.048327E+1
-1.043035E+1
-1.045681E+1
-1.059499E+1
-1.077433E+1
-1.107274E+1
-1.146082E+1
-1.210027E+1
-1.319101E+1
-1.650439E+1
-2.000005E+1
-2.000005E+1
-2.000005E+1
-2.000005E+1
-2.000005E+1
-2.000005E+1
-2.000005E+1
-2.000005E+1
-2.000005E+1
-2.000005E+1
-2.000005E+1
-2.000005E+1
-2.000005E+1
-2.000005E+1
-2.000005E+1
-1.309840E+1
-1.159312E+1
-1.080520E+1
-1.030099E+1
-9.914378E+0
-9.621848E+0
-9.379298E+0
-9.207308E+0
-9.119108E+0
-9.104408E+0
-9.192608E+0
-9.396938E+0
-9.714458E+0
-1.018045E+1
-1.080520E+1
-1.159312E+1
-1.247365E+1
-1.319101E+1
-1.328803E+1
-1.276324E+1
-1.210027E+1
-1.146082E+1
-1.093456E+1
-1.059499E+1
-1.037743E+1
-1.027747E+1
-1.022749E+1
-1.022749E+1
-1.025248E+1
-1.025248E+1
-1.018045E+1
-1.008784E+1
-9.934958E+0
-9.752678E+0
-9.585098E+0
-9.379298E+0
-9.192608E+0
-9.033848E+0
-8.898608E+0
-8.808938E+0
-8.758958E+0
-8.783948E+0
-8.885378E+0
-9.047078E+0
-9.269048E+0
-9.532178E+0
-9.792368E+0
-1.002169E+1
-1.013341E+1
-1.010989E+1
-9.999638E+0
-9.832058E+0
-9.639488E+0
-9.514538E+0
-9.429278E+0
-9.446918E+0
-9.585098E+0
-9.811478E+0
-1.020397E+1
-1.077433E+1
-1.159312E+1
-1.276324E+1
-1.460368E+1
-2.000005E+1
-2.000005E+1
-2.000005E+1
-1.761424E+1
-1.426852E+1
-1.268680E+1
-1.168573E+1
-1.093456E+1
-1.040389E+1
-9.955538E+0
-9.639488E+0
-9.396938E+0
-9.222008E+0
-9.148508E+0
-9.133808E+0
-9.177908E+0
-9.283748E+0
-9.429278E+0
-9.567458E+0
-9.658598E+0
-9.695348E+0
-9.621848E+0
-9.496898E+0
-9.346958E+0
-9.207308E+0
-9.104408E+0
-9.047078E+0
-9.075008E+0
-9.177908E+0
-9.363128E+0
-9.621848E+0
-9.977588E+0
-1.043035E+1
-1.107274E+1
-1.193563E+1
-1.349383E+1
-2.000005E+1
-2.000005E+1
-2.000005E+1
-2.000005E+1
-2.000005E+1
-2.000005E+1
-1.610896E+1
-1.227961E+1
-1.080520E+1
-9.934958E+0
-9.363128E+0
-9.019148E+0
-8.847158E+0
-8.795708E+0
-8.847158E+0
-8.964758E+0
-9.163208E+0
-9.396938E+0
-9.658598E+0
-9.955538E+0
-1.030099E+1
-1.080520E+1
-1.159312E+1
-1.319101E+1
-2.000005E+1
-2.000005E+1
-2.000005E+1
-2.000005E+1
-2.000005E+1
-2.000005E+1
-2.000005E+1
-2.000005E+1
-2.000005E+1
-2.000005E+1
-2.000005E+1
-2.000005E+1
-2.000005E+1
-2.000005E+1
-2.000005E+1
-2.000005E+1
-2.000005E+1
-2.000005E+1
-2.000005E+1
-2.000005E+1
-2.000005E+1
-2.000005E+1
-1.761424E+1
-1.328803E+1
-1.188271E+1
-1.110802E+1
-1.062439E+1
-1.035244E+1
-1.022749E+1
-1.022749E+1
-1.037743E+1
-1.068319E+1
-1.114477E+1
-1.178275E+1
-1.268680E+1
-1.372315E+1
-1.460368E+1
-1.443022E+1
-1.338799E+1
-1.227961E+1
-1.146082E+1
-1.090222E+1
-1.059499E+1
-1.056706E+1
-1.083607E+1
-1.159312E+1
-1.338799E+1
-2.000005E+1
-2.000005E+1
-2.000005E+1
-2.000005E+1
-2.000005E+1
-2.000005E+1
-2.000005E+1
-2.000005E+1
-2.000005E+1
-1.411858E+1
-1.168573E+1
-1.077433E+1
-1.030099E+1
-1.008784E+1
-1.002169E+1
-1.008784E+1
-1.027747E+1
-1.053913E+1
-1.093456E+1
-1.150492E+1
-1.234135E+1
-1.411858E+1
-2.000005E+1
-2.000005E+1
-2.000005E+1
-2.000005E+1
-2.000005E+1
-2.000005E+1
-2.000005E+1
-2.000005E+1
-2.000005E+1
-2.000005E+1
-2.000005E+1
-2.000005E+1
-2.000005E+1
-2.000005E+1
-2.000005E+1
-2.000005E+1
-2.000005E+1
-2.000005E+1
-2.000005E+1
-2.000005E+1
-2.000005E+1
-2.000005E+1
-2.000005E+1
-2.000005E+1
-2.000005E+1
-2.000005E+1
-2.000005E+1
-1.319101E+1
-1.168573E+1
-1.090222E+1
-1.037743E+1
-1.002169E+1
-9.792368E+0
-9.676238E+0
-9.658598E+0
-9.752678E+0
-9.955538E+0
-1.030099E+1
-1.080520E+1
-1.150492E+1
-1.247365E+1
-1.384663E+1
-1.577380E+1
-1.761424E+1
-1.610896E+1
-1.411858E+1
-1.276324E+1
-1.178275E+1
-1.110802E+1
-1.065379E+1
-1.040389E+1
-1.037743E+1
-1.059499E+1
-1.118152E+1
-1.261330E+1
-2.000005E+1
-2.000005E+1
-2.000005E+1
-2.000005E+1
-2.000005E+1
-2.000005E+1
-2.000005E+1
-2.000005E+1
-2.000005E+1
-2.000005E+1
-2.000005E+1
-2.000005E+1
-2.000005E+1
-2.000005E+1
-2.000005E+1
-2.000005E+1
-2.000005E+1
-2.000005E+1
-2.000005E+1
-2.000005E+1
-1.650439E+1
-1.328803E+1
-1.234135E+1
-1.198855E+1
-1.188271E+1
-1.204441E+1
-1.254274E+1
-1.372315E+1
-1.849477E+1
-2.000005E+1
-2.000005E+1
-2.000005E+1
-2.000005E+1
-2.000005E+1
-2.000005E+1
-2.000005E+1
-2.000005E+1
-2.000005E+1
-2.000005E+1
-2.000005E+1
-2.000005E+1
-1.349383E+1
-1.178275E+1
-1.096837E+1
-1.053913E+1
-1.035244E+1
-1.035244E+1
-1.056706E+1
-1.100218E+1
-1.168573E+1
-1.268680E+1
-1.411858E+1
-1.577380E+1
-1.548421E+1
-1.397893E+1
-1.268680E+1
-1.173277E+1
-1.114477E+1
-1.086841E+1
-1.093456E+1
-1.137850E+1
-1.261330E+1
-2.000005E+1
-2.000005E+1
-2.000005E+1
-2.000005E+1
-2.000005E+1
-2.000005E+1
-2.000005E+1
-2.000005E+1
-2.000005E+1
-2.000005E+1
-2.000005E+1
-2.000005E+1
-2.000005E+1
-2.000005E+1
-1.522843E+1
-1.384663E+1
-1.328803E+1
-1.292494E+1
-1.240750E+1
-1.183273E+1
-1.118152E+1
-1.056706E+1
-9.977588E+0
-9.480728E+0
-9.104408E+0
-8.847158E+0
-8.686928E+0
-8.651648E+0
-8.722208E+0
-8.925068E+0
-9.252878E+0
-9.752678E+0
-1.045681E+1
-1.154902E+1
-1.349383E+1
-2.000005E+1
-2.000005E+1
-2.000005E+1
-2.000005E+1
-2.000005E+1
-2.000005E+1
-2.000005E+1
-2.000005E+1
-2.000005E+1
-2.000005E+1
-2.000005E+1
-1.411858E+1
-1.227961E+1
-1.125796E+1
-1.053913E+1
-9.999638E+0
-9.549818E+0
-9.192608E+0
-8.885378E+0
-8.628128E+0
-8.409098E+0
-8.238578E+0
-8.125388E+0
