Date/Time	2022-06-26 16:47:34
Line location	3
Line name	C1
OTDR wavelength [nm]	1550
OTDR pulse duration [ns]	2
OTDR scan time [s]	10
OTDR scan length [m]	1.500000E+2
Length offset [m]	0.000000E+0
Length increment [m]	3.996806E-2
Switch ID	VIAVI Solutions,OTU 8000E,11654,FO,16.76
OTDR ID	JDSU,OTU 8000E,11654,OTU(SmartOTU),V7.22

Reflected amplitude [dB]
8.318520E-1
8.259720E-1
8.024520E-1
7.598220E-1
7.098420E-1
6.657420E-1
6.275220E-1
5.981220E-1
5.922420E-1
6.392820E-1
7.407120E-1
8.774220E-1
1.039122E+0
1.212582E+0
1.368402E+0
1.491882E+0
1.583022E+0
1.649172E+0
1.690332E+0
1.709442E+0
1.705032E+0
1.672692E+0
1.605072E+0
1.503642E+0
1.375752E+0
1.231692E+0
1.083222E+0
9.332820E-1
7.818720E-1
6.348720E-1
4.966920E-1
3.790920E-1
2.806020E-1
1.968120E-1
1.291920E-1
7.186200E-2
2.482200E-2
-1.633800E-2
-5.161800E-2
-8.101800E-2
-1.060080E-1
-1.280580E-1
-1.456980E-1
-1.603980E-1
-1.721580E-1
-1.809780E-1
-1.897980E-1
-1.971480E-1
-2.044980E-1
-2.118480E-1
-2.191980E-1
-2.280180E-1
-2.368380E-1
-2.456580E-1
-2.544780E-1
-2.632980E-1
-2.706480E-1
-2.779980E-1
-2.853480E-1
-2.926980E-1
-3.000480E-1
-3.088680E-1
-3.191580E-1
-3.294480E-1
-3.397380E-1
-3.485580E-1
-3.559080E-1
-3.603180E-1
-3.617880E-1
-3.588480E-1
-3.514980E-1
-3.412080E-1
-3.294480E-1
-3.073980E-1
-2.618280E-1
-2.000880E-1
-1.309980E-1
-6.190800E-2
-3.108000E-3
4.393200E-2
8.068200E-2
1.086120E-1
1.277220E-1
1.394820E-1
1.453620E-1
1.438920E-1
1.277220E-1
8.215200E-2
1.894200E-2
-4.867800E-2
-1.118880E-1
-1.677480E-1
-2.162580E-1
-2.588880E-1
-2.941680E-1
-3.265080E-1
-3.544380E-1
-3.808980E-1
-4.029480E-1
-4.249980E-1
-4.441080E-1
-4.617480E-1
-4.779180E-1
-4.926180E-1
-5.058480E-1
-5.146680E-1
-5.234880E-1
-5.293680E-1
-5.337780E-1
-5.367180E-1
-5.381880E-1
-5.396580E-1
-5.396580E-1
-5.411280E-1
-5.425980E-1
-5.455380E-1
-5.499480E-1
-5.543580E-1
-5.602380E-1
-5.646480E-1
-5.705280E-1
-5.749380E-1
-5.778780E-1
-5.808180E-1
-5.808180E-1
-5.808180E-1
-5.808180E-1
-5.808180E-1
-5.822880E-1
-5.852280E-1
-5.881680E-1
-5.925780E-1
-5.955180E-1
-5.969880E-1
-5.969880E-1
-5.940480E-1
-5.881680E-1
-5.808180E-1
-5.734680E-1
-5.646480E-1
-5.572980E-1
-5.484780E-1
-5.411280E-1
-5.337780E-1
-5.234880E-1
-5.102580E-1
-4.940880E-1
-4.749780E-1
-4.470480E-1
-4.132380E-1
-3.720780E-1
-3.250380E-1
-2.647680E-1
-1.927380E-1
-1.207080E-1
-5.896800E-2
-8.988000E-3
2.923200E-2
5.569200E-2
7.480200E-2
8.362200E-2
8.656200E-2
8.068200E-2
6.451200E-2
3.952200E-2
7.182000E-3
-2.956800E-2
-7.072800E-2
-1.162980E-1
-1.603980E-1
-2.000880E-1
-2.383080E-1
-2.721180E-1
-3.015180E-1
-3.279780E-1
-3.485580E-1
-3.647280E-1
-3.779580E-1
-3.853080E-1
-3.911880E-1
-3.941280E-1
-3.941280E-1
-3.941280E-1
-3.941280E-1
-3.926580E-1
-3.911880E-1
-3.897180E-1
-3.897180E-1
-3.882480E-1
-3.882480E-1
-3.897180E-1
-3.897180E-1
-3.911880E-1
-3.926580E-1
-3.941280E-1
-3.970680E-1
-4.000080E-1
-4.014780E-1
-4.044180E-1
-4.073580E-1
-4.102980E-1
-4.147080E-1
-4.176480E-1
-4.220580E-1
-4.249980E-1
-4.294080E-1
-4.323480E-1
-4.352880E-1
-4.382280E-1
-4.411680E-1
-4.441080E-1
-4.455780E-1
-4.485180E-1
-4.485180E-1
-4.499880E-1
-4.485180E-1
-4.455780E-1
-4.411680E-1
-4.367580E-1
-4.308780E-1
-4.235280E-1
-4.176480E-1
-4.132380E-1
-4.102980E-1
-4.088280E-1
-4.073580E-1
-4.088280E-1
-4.102980E-1
-4.117680E-1
-4.132380E-1
-4.147080E-1
-4.147080E-1
-4.147080E-1
-4.117680E-1
-4.102980E-1
-4.058880E-1
-4.029480E-1
-4.000080E-1
-3.955980E-1
-3.926580E-1
-3.897180E-1
-3.882480E-1
-3.867780E-1
-3.853080E-1
-3.838380E-1
-3.838380E-1
-3.823680E-1
-3.823680E-1
-3.823680E-1
-3.823680E-1
-3.823680E-1
-3.823680E-1
-3.823680E-1
-3.823680E-1
-3.823680E-1
-3.838380E-1
-3.853080E-1
-3.867780E-1
-3.897180E-1
-3.926580E-1
-3.955980E-1
-4.000080E-1
-4.044180E-1
-4.088280E-1
-4.132380E-1
-4.176480E-1
-4.205880E-1
-4.235280E-1
-4.264680E-1
-4.279380E-1
-4.294080E-1
-4.308780E-1
-4.323480E-1
-4.338180E-1
-4.352880E-1
-4.367580E-1
-4.367580E-1
-4.352880E-1
-4.338180E-1
-4.294080E-1
-4.249980E-1
-4.191180E-1
-4.117680E-1
-4.058880E-1
-3.985380E-1
-3.926580E-1
-3.882480E-1
-3.867780E-1
-3.853080E-1
-3.867780E-1
-3.897180E-1
-3.926580E-1
-3.985380E-1
-4.044180E-1
-4.102980E-1
-4.161780E-1
-4.220580E-1
-4.264680E-1
-4.308780E-1
-4.338180E-1
-4.352880E-1
-4.352880E-1
-4.367580E-1
-4.367580E-1
-4.352880E-1
-4.352880E-1
-4.352880E-1
-4.352880E-1
-4.352880E-1
-4.352880E-1
-4.352880E-1
-4.338180E-1
-4.338180E-1
-4.352880E-1
-4.367580E-1
-4.396980E-1
-4.426380E-1
-4.470480E-1
-4.514580E-1
-4.558680E-1
-4.588080E-1
-4.588080E-1
-4.573380E-1
-4.529280E-1
-4.470480E-1
-4.411680E-1
-4.323480E-1
-4.249980E-1
-4.191180E-1
-4.132380E-1
-4.088280E-1
-4.058880E-1
-4.044180E-1
-4.044180E-1
-4.044180E-1
-4.044180E-1
-4.058880E-1
-4.058880E-1
-4.073580E-1
-4.073580E-1
-4.088280E-1
-4.088280E-1
-4.088280E-1
-4.088280E-1
-4.102980E-1
-4.117680E-1
-4.147080E-1
-4.176480E-1
-4.220580E-1
-4.264680E-1
-4.308780E-1
-4.352880E-1
-4.396980E-1
-4.411680E-1
-4.411680E-1
-4.396980E-1
-4.382280E-1
-4.338180E-1
-4.308780E-1
-4.264680E-1
-4.220580E-1
-4.191180E-1
-4.161780E-1
-4.147080E-1
-4.161780E-1
-4.176480E-1
-4.220580E-1
-4.264680E-1
-4.338180E-1
-4.411680E-1
-4.485180E-1
-4.558680E-1
-4.617480E-1
-4.661580E-1
-4.676280E-1
-4.690980E-1
-4.676280E-1
-4.661580E-1
-4.632180E-1
-4.602780E-1
-4.573380E-1
-4.543980E-1
-4.514580E-1
-4.499880E-1
-4.485180E-1
-4.485180E-1
-4.470480E-1
-4.455780E-1
-4.441080E-1
-4.426380E-1
-4.411680E-1
-4.382280E-1
-4.338180E-1
-4.308780E-1
-4.279380E-1
-4.249980E-1
-4.220580E-1
-4.205880E-1
-4.191180E-1
-4.191180E-1
-4.205880E-1
-4.220580E-1
-4.235280E-1
-4.249980E-1
-4.264680E-1
-4.279380E-1
-4.294080E-1
-4.294080E-1
-4.279380E-1
-4.264680E-1
-4.220580E-1
-4.191180E-1
-4.147080E-1
-4.088280E-1
-4.044180E-1
-4.000080E-1
-3.955980E-1
-3.926580E-1
-3.911880E-1
-3.897180E-1
-3.911880E-1
-3.926580E-1
-3.955980E-1
-3.985380E-1
-4.014780E-1
-4.044180E-1
-4.058880E-1
-4.073580E-1
-4.088280E-1
-4.088280E-1
-4.102980E-1
-4.132380E-1
-4.147080E-1
-4.191180E-1
-4.220580E-1
-4.279380E-1
-4.323480E-1
-4.382280E-1
-4.426380E-1
-4.470480E-1
-4.514580E-1
-4.558680E-1
-4.588080E-1
-4.617480E-1
-4.646880E-1
-4.661580E-1
-4.676280E-1
-4.705680E-1
-4.720380E-1
-4.735080E-1
-4.720380E-1
-4.705680E-1
-4.676280E-1
-4.632180E-1
-4.558680E-1
-4.485180E-1
-4.411680E-1
-4.323480E-1
-4.249980E-1
-4.176480E-1
-4.132380E-1
-4.102980E-1
-4.073580E-1
-4.073580E-1
-4.073580E-1
-4.073580E-1
-4.088280E-1
-4.102980E-1
-4.102980E-1
-4.132380E-1
-4.147080E-1
-4.161780E-1
-4.191180E-1
-4.220580E-1
-4.235280E-1
-4.249980E-1
-4.249980E-1
-4.249980E-1
-4.235280E-1
-4.205880E-1
-4.176480E-1
-4.147080E-1
-4.117680E-1
-4.102980E-1
-4.088280E-1
-4.073580E-1
-4.058880E-1
-4.058880E-1
-4.058880E-1
-4.073580E-1
-4.088280E-1
-4.117680E-1
-4.147080E-1
-4.176480E-1
-4.220580E-1
-4.264680E-1
-4.308780E-1
-4.338180E-1
-4.367580E-1
-4.382280E-1
-4.411680E-1
-4.426380E-1
-4.441080E-1
-4.455780E-1
-4.485180E-1
-4.514580E-1
-4.529280E-1
-4.543980E-1
-4.529280E-1
-4.514580E-1
-4.470480E-1
-4.411680E-1
-4.338180E-1
-4.264680E-1
-4.176480E-1
-4.102980E-1
-4.029480E-1
-3.985380E-1
-3.941280E-1
-3.911880E-1
-3.897180E-1
-3.897180E-1
-3.926580E-1
-3.970680E-1
-4.044180E-1
-4.132380E-1
-4.235280E-1
-4.352880E-1
-4.470480E-1
-4.573380E-1
-4.661580E-1
-4.735080E-1
-4.779180E-1
-4.793880E-1
-4.793880E-1
-4.779180E-1
-4.749780E-1
-4.705680E-1
-4.661580E-1
-4.617480E-1
-4.573380E-1
-4.514580E-1
-4.485180E-1
-4.441080E-1
-4.411680E-1
-4.382280E-1
-4.352880E-1
-4.338180E-1
-4.323480E-1
-4.308780E-1
-4.294080E-1
-4.264680E-1
-4.235280E-1
-4.205880E-1
-4.161780E-1
-4.117680E-1
-4.088280E-1
-4.058880E-1
-4.044180E-1
-4.044180E-1
-4.044180E-1
-4.073580E-1
-4.102980E-1
-4.132380E-1
-4.161780E-1
-4.191180E-1
-4.220580E-1
-4.235280E-1
-4.249980E-1
-4.249980E-1
-4.235280E-1
-4.235280E-1
-4.235280E-1
-4.235280E-1
-4.220580E-1
-4.220580E-1
-4.220580E-1
-4.205880E-1
-4.205880E-1
-4.191180E-1
-4.176480E-1
-4.161780E-1
-4.161780E-1
-4.147080E-1
-4.161780E-1
-4.176480E-1
-4.191180E-1
-4.220580E-1
-4.249980E-1
-4.279380E-1
-4.294080E-1
-4.308780E-1
-4.308780E-1
-4.294080E-1
-4.264680E-1
-4.235280E-1
-4.205880E-1
-4.176480E-1
-4.161780E-1
-4.132380E-1
-4.117680E-1
-4.102980E-1
-4.073580E-1
-4.058880E-1
-4.044180E-1
-4.029480E-1
-4.014780E-1
-4.014780E-1
-4.029480E-1
-4.058880E-1
-4.102980E-1
-4.161780E-1
-4.220580E-1
-4.279380E-1
-4.338180E-1
-4.382280E-1
-4.411680E-1
-4.426380E-1
-4.441080E-1
-4.441080E-1
-4.441080E-1
-4.426380E-1
-4.411680E-1
-4.396980E-1
-4.367580E-1
-4.338180E-1
-4.294080E-1
-4.249980E-1
-4.205880E-1
-4.161780E-1
-4.132380E-1
-4.088280E-1
-4.073580E-1
-4.058880E-1
-4.073580E-1
-4.088280E-1
-4.117680E-1
-4.161780E-1
-4.191180E-1
-4.235280E-1
-4.249980E-1
-4.264680E-1
-4.249980E-1
-4.235280E-1
-4.220580E-1
-4.191180E-1
-4.161780E-1
-4.147080E-1
-4.132380E-1
-4.117680E-1
-4.102980E-1
-4.088280E-1
-4.088280E-1
-4.073580E-1
-4.073580E-1
-4.073580E-1
-4.102980E-1
-4.132380E-1
-4.176480E-1
-4.235280E-1
-4.294080E-1
-4.352880E-1
-4.411680E-1
-4.441080E-1
-4.441080E-1
-4.426380E-1
-4.396980E-1
-4.338180E-1
-4.294080E-1
-4.235280E-1
-4.191180E-1
-4.161780E-1
-4.161780E-1
-4.161780E-1
-4.191180E-1
-4.220580E-1
-4.249980E-1
-4.279380E-1
-4.294080E-1
-4.294080E-1
-4.294080E-1
-4.279380E-1
-4.279380E-1
-4.279380E-1
-4.308780E-1
-4.367580E-1
-4.441080E-1
-4.543980E-1
-4.646880E-1
-4.764480E-1
-4.867380E-1
-4.955580E-1
-5.029080E-1
-5.073180E-1
-5.087880E-1
-5.073180E-1
-5.043780E-1
-4.970280E-1
-4.882080E-1
-4.779180E-1
-4.661580E-1
-4.529280E-1
-4.411680E-1
-4.308780E-1
-4.205880E-1
-4.117680E-1
-4.058880E-1
-4.000080E-1
-3.955980E-1
-3.926580E-1
-3.911880E-1
-3.911880E-1
-3.926580E-1
-3.941280E-1
-3.970680E-1
-4.014780E-1
-4.058880E-1
-4.102980E-1
-4.147080E-1
-4.205880E-1
-4.249980E-1
-4.294080E-1
-4.352880E-1
-4.396980E-1
-4.441080E-1
-4.485180E-1
-4.514580E-1
-4.543980E-1
-4.558680E-1
-4.573380E-1
-4.573380E-1
-4.573380E-1
-4.573380E-1
-4.573380E-1
-4.558680E-1
-4.558680E-1
-4.543980E-1
-4.529280E-1
-4.514580E-1
-4.485180E-1
-4.455780E-1
-4.411680E-1
-4.367580E-1
-4.338180E-1
-4.294080E-1
-4.264680E-1
-4.249980E-1
-4.220580E-1
-4.205880E-1
-4.191180E-1
-4.176480E-1
-4.161780E-1
-4.147080E-1
-4.132380E-1
-4.132380E-1
-4.132380E-1
-4.147080E-1
-4.147080E-1
-4.176480E-1
-4.176480E-1
-4.191180E-1
-4.191180E-1
-4.191180E-1
-4.191180E-1
-4.176480E-1
-4.147080E-1
-4.132380E-1
-4.117680E-1
-4.117680E-1
-4.117680E-1
-4.132380E-1
-4.147080E-1
-4.176480E-1
-4.191180E-1
-4.220580E-1
-4.220580E-1
-4.235280E-1
-4.220580E-1
-4.220580E-1
-4.205880E-1
-4.191180E-1
-4.176480E-1
-4.176480E-1
-4.176480E-1
-4.191180E-1
-4.220580E-1
-4.264680E-1
-4.323480E-1
-4.382280E-1
-4.455780E-1
-4.514580E-1
-4.573380E-1
-4.632180E-1
-4.661580E-1
-4.661580E-1
-4.646880E-1
-4.602780E-1
-4.558680E-1
-4.499880E-1
-4.441080E-1
-4.382280E-1
-4.323480E-1
-4.294080E-1
-4.279380E-1
-4.264680E-1
-4.279380E-1
-4.294080E-1
-4.323480E-1
-4.367580E-1
-4.396980E-1
-4.441080E-1
-4.485180E-1
-4.514580E-1
-4.558680E-1
-4.588080E-1
-4.602780E-1
-4.602780E-1
-4.602780E-1
-4.588080E-1
-4.558680E-1
-4.514580E-1
-4.470480E-1
-4.411680E-1
-4.367580E-1
-4.323480E-1
-4.279380E-1
-4.235280E-1
-4.220580E-1
-4.205880E-1
-4.205880E-1
-4.220580E-1
-4.235280E-1
-4.279380E-1
-4.308780E-1
-4.352880E-1
-4.396980E-1
-4.441080E-1
-4.470480E-1
-4.470480E-1
-4.470480E-1
-4.441080E-1
-4.382280E-1
-4.308780E-1
-4.205880E-1
-4.102980E-1
-4.000080E-1
-3.897180E-1
-3.808980E-1
-3.735480E-1
-3.691380E-1
-3.661980E-1
-3.661980E-1
-3.676680E-1
-3.706080E-1
-3.735480E-1
-3.779580E-1
-3.808980E-1
-3.823680E-1
-3.838380E-1
-3.838380E-1
-3.838380E-1
-3.838380E-1
-3.823680E-1
-3.823680E-1
-3.808980E-1
-3.794280E-1
-3.779580E-1
-3.779580E-1
-3.779580E-1
-3.794280E-1
-3.823680E-1
-3.853080E-1
-3.911880E-1
-3.970680E-1
-4.029480E-1
-4.102980E-1
-4.176480E-1
-4.235280E-1
-4.294080E-1
-4.352880E-1
-4.396980E-1
-4.426380E-1
-4.470480E-1
-4.499880E-1
-4.543980E-1
-4.573380E-1
-4.617480E-1
-4.646880E-1
-4.676280E-1
-4.690980E-1
-4.690980E-1
-4.690980E-1
-4.661580E-1
-4.602780E-1
-4.529280E-1
-4.441080E-1
-4.352880E-1
-4.249980E-1
-4.132380E-1
-4.044180E-1
-3.955980E-1
-3.882480E-1
-3.838380E-1
-3.794280E-1
-3.779580E-1
-3.779580E-1
-3.779580E-1
-3.808980E-1
-3.838380E-1
-3.882480E-1
-3.941280E-1
-4.014780E-1
-4.088280E-1
-4.161780E-1
-4.235280E-1
-4.308780E-1
-4.352880E-1
-4.396980E-1
-4.441080E-1
-4.455780E-1
-4.470480E-1
-4.485180E-1
-4.485180E-1
-4.470480E-1
-4.455780E-1
-4.426380E-1
-4.382280E-1
-4.323480E-1
-4.264680E-1
-4.205880E-1
-4.147080E-1
-4.102980E-1
-4.058880E-1
-4.029480E-1
-4.029480E-1
-4.044180E-1
-4.058880E-1
-4.102980E-1
-4.147080E-1
-4.191180E-1
-4.235280E-1
-4.264680E-1
-4.294080E-1
-4.308780E-1
-4.323480E-1
-4.308780E-1
-4.294080E-1
-4.264680E-1
-4.220580E-1
-4.191180E-1
-4.147080E-1
-4.117680E-1
-4.088280E-1
-4.058880E-1
-4.058880E-1
-4.058880E-1
-4.058880E-1
-4.088280E-1
-4.102980E-1
-4.132380E-1
-4.147080E-1
-4.161780E-1
-4.176480E-1
-4.191180E-1
-4.191180E-1
-4.205880E-1
-4.205880E-1
-4.205880E-1
-4.205880E-1
-4.191180E-1
-4.191180E-1
-4.176480E-1
-4.147080E-1
-4.132380E-1
-4.102980E-1
-4.088280E-1
-4.058880E-1
-4.044180E-1
-4.029480E-1
-4.029480E-1
-4.014780E-1
-4.014780E-1
-4.029480E-1
-4.044180E-1
-4.058880E-1
-4.073580E-1
-4.102980E-1
-4.117680E-1
-4.147080E-1
-4.161780E-1
-4.176480E-1
-4.191180E-1
-4.191180E-1
-4.205880E-1
-4.205880E-1
-4.205880E-1
-4.205880E-1
-4.205880E-1
-4.191180E-1
-4.176480E-1
-4.176480E-1
-4.161780E-1
-4.161780E-1
-4.176480E-1
-4.191180E-1
-4.220580E-1
-4.264680E-1
-4.323480E-1
-4.382280E-1
-4.441080E-1
-4.514580E-1
-4.573380E-1
-4.617480E-1
-4.661580E-1
-4.676280E-1
-4.690980E-1
-4.690980E-1
-4.690980E-1
-4.676280E-1
-4.661580E-1
-4.646880E-1
-4.632180E-1
-4.617480E-1
-4.602780E-1
-4.588080E-1
-4.573380E-1
-4.558680E-1
-4.543980E-1
-4.529280E-1
-4.529280E-1
-4.543980E-1
-4.602780E-1
-4.690980E-1
-4.808580E-1
-4.955580E-1
-5.131980E-1
-5.396580E-1
-5.822880E-1
-6.454980E-1
-7.278180E-1
-8.189580E-1
-9.071580E-1
-9.865380E-1
-1.058568E+0
-1.123248E+0
-1.180578E+0
-1.233498E+0
-1.280538E+0
-1.323168E+0
-1.358448E+0
-1.390788E+0
-1.417248E+0
-1.440768E+0
-1.461348E+0
-1.480458E+0
-1.496628E+0
-1.512798E+0
-1.527498E+0
-1.542198E+0
-1.555428E+0
-1.567188E+0
-1.574538E+0
-1.581888E+0
-1.584828E+0
-1.584828E+0
-1.581888E+0
-1.578948E+0
-1.574538E+0
-1.570128E+0
-1.565718E+0
-1.564248E+0
-1.564248E+0
-1.565718E+0
-1.571598E+0
-1.580418E+0
-1.590708E+0
-1.603938E+0
-1.618638E+0
-1.633338E+0
-1.649508E+0
-1.662738E+0
-1.675968E+0
-1.686258E+0
-1.693608E+0
-1.698018E+0
-1.700958E+0
-1.702428E+0
-1.702428E+0
-1.703898E+0
-1.705368E+0
-1.706838E+0
-1.711248E+0
-1.714188E+0
-1.717128E+0
-1.720068E+0
-1.721538E+0
-1.721538E+0
-1.721538E+0
-1.721538E+0
-1.720068E+0
-1.718598E+0
-1.717128E+0
-1.714188E+0
-1.714188E+0
-1.712718E+0
-1.712718E+0
-1.712718E+0
-1.714188E+0
-1.717128E+0
-1.721538E+0
-1.725948E+0
-1.730358E+0
-1.736238E+0
-1.740648E+0
-1.745058E+0
-1.749468E+0
-1.753878E+0
-1.756818E+0
-1.759758E+0
-1.764168E+0
-1.767108E+0
-1.768578E+0
-1.771518E+0
-1.772988E+0
-1.774458E+0
-1.775928E+0
-1.778868E+0
-1.781808E+0
-1.786218E+0
-1.792098E+0
-1.797978E+0
-1.805328E+0
-1.811208E+0
-1.818558E+0
-1.822968E+0
-1.825908E+0
-1.827378E+0
-1.827378E+0
-1.824438E+0
-1.820028E+0
-1.814148E+0
-1.805328E+0
-1.796508E+0
-1.784748E+0
-1.772988E+0
-1.759758E+0
-1.746528E+0
-1.734768E+0
-1.721538E+0
-1.712718E+0
-1.703898E+0
-1.699488E+0
-1.696548E+0
-1.698018E+0
-1.700958E+0
-1.706838E+0
-1.715658E+0
-1.727418E+0
-1.737708E+0
-1.749468E+0
-1.761228E+0
-1.772988E+0
-1.783278E+0
-1.792098E+0
-1.800918E+0
-1.809738E+0
-1.817088E+0
-1.825908E+0
-1.834728E+0
-1.845018E+0
-1.853838E+0
-1.864128E+0
-1.872948E+0
-1.880298E+0
-1.889118E+0
-1.896468E+0
-1.902348E+0
-1.911168E+0
-1.919988E+0
-1.928808E+0
-1.940568E+0
-1.952328E+0
-1.964088E+0
-1.975848E+0
-1.986138E+0
-1.993488E+0
-1.999368E+0
-2.000838E+0
-1.999368E+0
-1.994958E+0
-1.989078E+0
-1.978788E+0
-1.968498E+0
-1.956738E+0
-1.946448E+0
-1.939098E+0
-1.931748E+0
-1.927338E+0
-1.924398E+0
-1.922928E+0
-1.922928E+0
-1.922928E+0
-1.922928E+0
-1.922928E+0
-1.922928E+0
-1.922928E+0
-1.921458E+0
-1.921458E+0
-1.922928E+0
-1.924398E+0
-1.927338E+0
-1.933218E+0
-1.939098E+0
-1.946448E+0
-1.953798E+0
-1.959678E+0
-1.965558E+0
-1.971438E+0
-1.975848E+0
-1.980258E+0
-1.986138E+0
-1.993488E+0
-2.003778E+0
-2.014068E+0
-2.027298E+0
-2.039058E+0
-2.049348E+0
-2.058168E+0
-2.061108E+0
-2.061108E+0
-2.056698E+0
-2.049348E+0
-2.040528E+0
-2.031708E+0
-2.024358E+0
-2.018478E+0
-2.014068E+0
-2.012598E+0
-2.014068E+0
-2.017008E+0
-2.021418E+0
-2.027298E+0
-2.033178E+0
-2.040528E+0
-2.047878E+0
-2.055228E+0
-2.062578E+0
-2.069928E+0
-2.075808E+0
-2.081688E+0
-2.084628E+0
-2.087568E+0
-2.090508E+0
-2.091978E+0
-2.096388E+0
-2.100798E+0
-2.108148E+0
-2.116968E+0
-2.125788E+0
-2.136078E+0
-2.146368E+0
-2.153718E+0
-2.159598E+0
-2.162538E+0
-2.162538E+0
-2.162538E+0
-2.161068E+0
-2.159598E+0
-2.159598E+0
-2.159598E+0
-2.159598E+0
-2.159598E+0
-2.161068E+0
-2.161068E+0
-2.158128E+0
-2.155188E+0
-2.149308E+0
-2.143428E+0
-2.137548E+0
-2.131668E+0
-2.127258E+0
-2.122848E+0
-2.122848E+0
-2.122848E+0
-2.125788E+0
-2.130198E+0
-2.137548E+0
-2.144898E+0
-2.153718E+0
-2.164008E+0
-2.175768E+0
-2.188998E+0
-2.202228E+0
-2.216928E+0
-2.231628E+0
-2.246328E+0
-2.256618E+0
-2.266908E+0
-2.274258E+0
-2.280138E+0
-2.283078E+0
-2.286018E+0
-2.286018E+0
-2.284548E+0
-2.281608E+0
-2.275728E+0
-2.265438E+0
-2.253678E+0
-2.240448E+0
-2.227218E+0
-2.215458E+0
-2.206638E+0
-2.202228E+0
-2.203698E+0
-2.209578E+0
-2.219868E+0
-2.231628E+0
-2.246328E+0
-2.258088E+0
-2.269848E+0
-2.277198E+0
-2.280138E+0
-2.278668E+0
-2.271318E+0
-2.261028E+0
-2.247798E+0
-2.231628E+0
-2.218398E+0
-2.205168E+0
-2.194878E+0
-2.190468E+0
-2.188998E+0
-2.191938E+0
-2.197818E+0
-2.205168E+0
-2.215458E+0
-2.227218E+0
-2.238978E+0
-2.250738E+0
-2.262498E+0
-2.275728E+0
-2.286018E+0
-2.296308E+0
-2.303658E+0
-2.308068E+0
-2.311008E+0
-2.312478E+0
-2.311008E+0
-2.308068E+0
-2.303658E+0
-2.300718E+0
-2.296308E+0
-2.291898E+0
-2.288958E+0
-2.286018E+0
-2.283078E+0
-2.281608E+0
-2.280138E+0
-2.281608E+0
-2.286018E+0
-2.293368E+0
-2.305128E+0
-2.319828E+0
-2.340408E+0
-2.363928E+0
-2.390388E+0
-2.416848E+0
-2.444778E+0
-2.469768E+0
-2.490348E+0
-2.505048E+0
-2.513868E+0
-2.513868E+0
-2.509458E+0
-2.497698E+0
-2.484468E+0
-2.469768E+0
-2.456538E+0
-2.444778E+0
-2.434488E+0
-2.425668E+0
-2.419788E+0
-2.413908E+0
-2.409498E+0
-2.405088E+0
-2.400678E+0
-2.396268E+0
-2.391858E+0
-2.388918E+0
-2.385978E+0
-2.384508E+0
-2.383038E+0
-2.383038E+0
-2.384508E+0
-2.387448E+0
-2.390388E+0
-2.394798E+0
-2.399208E+0
-2.406558E+0
-2.413908E+0
-2.422728E+0
-2.433018E+0
-2.446248E+0
-2.459478E+0
-2.474178E+0
-2.488878E+0
-2.502108E+0
-2.512398E+0
-2.518278E+0
-2.518278E+0
-2.513868E+0
-2.506518E+0
-2.494758E+0
-2.484468E+0
-2.474178E+0
-2.466828E+0
-2.460948E+0
-2.458008E+0
-2.458008E+0
-2.458008E+0
-2.459478E+0
-2.460948E+0
-2.463888E+0
-2.466828E+0
-2.469768E+0
-2.475648E+0
-2.481528E+0
-2.490348E+0
-2.500638E+0
-2.510928E+0
-2.521218E+0
-2.531508E+0
-2.541798E+0
-2.549148E+0
-2.553558E+0
-2.555028E+0
-2.553558E+0
-2.547678E+0
-2.540328E+0
-2.530038E+0
-2.518278E+0
-2.507988E+0
-2.499168E+0
-2.493288E+0
-2.493288E+0
-2.497698E+0
-2.509458E+0
-2.527098E+0
-2.549148E+0
-2.575608E+0
-2.603538E+0
-2.628528E+0
-2.650578E+0
-2.665278E+0
-2.672628E+0
-2.672628E+0
-2.665278E+0
-2.654988E+0
-2.640288E+0
-2.625588E+0
-2.610888E+0
-2.600598E+0
-2.594718E+0
-2.593248E+0
-2.597658E+0
-2.605008E+0
-2.616768E+0
-2.631468E+0
-2.644698E+0
-2.656458E+0
-2.665278E+0
-2.669688E+0
-2.671158E+0
-2.669688E+0
-2.665278E+0
-2.660868E+0
-2.656458E+0
-2.654988E+0
-2.656458E+0
-2.662338E+0
-2.669688E+0
-2.681448E+0
-2.696148E+0
-2.712318E+0
-2.729958E+0
-2.749068E+0
-2.768178E+0
-2.787288E+0
-2.803458E+0
-2.815218E+0
-2.822568E+0
-2.821098E+0
-2.812278E+0
-2.797578E+0
-2.778468E+0
-2.756418E+0
-2.734368E+0
-2.715258E+0
-2.697618E+0
-2.682918E+0
-2.672628E+0
-2.663808E+0
-2.656458E+0
-2.652048E+0
-2.650578E+0
-2.650578E+0
-2.656458E+0
-2.666748E+0
-2.682918E+0
-2.703498E+0
-2.727018E+0
-2.753478E+0
-2.779938E+0
-2.803458E+0
-2.822568E+0
-2.837268E+0
-2.846088E+0
-2.850498E+0
-2.851968E+0
-2.850498E+0
-2.847558E+0
-2.844618E+0
-2.841678E+0
-2.838738E+0
-2.835798E+0
-2.832858E+0
-2.828448E+0
-2.824038E+0
-2.816688E+0
-2.810808E+0
-2.803458E+0
-2.796108E+0
-2.790228E+0
-2.782878E+0
-2.778468E+0
-2.774058E+0
-2.769648E+0
-2.768178E+0
-2.766708E+0
-2.766708E+0
-2.768178E+0
-2.771118E+0
-2.772588E+0
-2.775528E+0
-2.778468E+0
-2.781408E+0
-2.782878E+0
-2.784348E+0
-2.784348E+0
-2.782878E+0
-2.781408E+0
-2.779938E+0
-2.778468E+0
-2.776998E+0
-2.778468E+0
-2.781408E+0
-2.791698E+0
-2.806398E+0
-2.826978E+0
-2.853438E+0
-2.882838E+0
-2.916648E+0
-2.948988E+0
-2.976918E+0
-2.998968E+0
-3.013668E+0
-3.019548E+0
-3.016608E+0
-3.006318E+0
-2.988678E+0
-2.968098E+0
-2.944578E+0
-2.921058E+0
-2.897538E+0
-2.874018E+0
-2.853438E+0
-2.835798E+0
-2.819628E+0
-2.804928E+0
-2.794638E+0
-2.785818E+0
-2.778468E+0
-2.775528E+0
-2.774058E+0
-2.774058E+0
-2.778468E+0
-2.785818E+0
-2.794638E+0
-2.806398E+0
-2.821098E+0
-2.835798E+0
-2.850498E+0
-2.865198E+0
-2.876958E+0
-2.885778E+0
-2.893128E+0
-2.900478E+0
-2.906358E+0
-2.913708E+0
-2.923998E+0
-2.937228E+0
-2.953398E+0
-2.971038E+0
-2.988678E+0
-3.003378E+0
-3.012198E+0
-3.016608E+0
-3.013668E+0
-3.003378E+0
-2.988678E+0
-2.971038E+0
-2.951928E+0
-2.932818E+0
-2.913708E+0
-2.896068E+0
-2.878428E+0
-2.863728E+0
-2.850498E+0
-2.838738E+0
-2.828448E+0
-2.822568E+0
-2.819628E+0
-2.821098E+0
-2.826978E+0
-2.835798E+0
-2.847558E+0
-2.862258E+0
-2.878428E+0
-2.893128E+0
-2.909298E+0
-2.922528E+0
-2.934288E+0
-2.943108E+0
-2.948988E+0
-2.953398E+0
-2.956338E+0
-2.956338E+0
-2.956338E+0
-2.956338E+0
-2.956338E+0
-2.956338E+0
-2.956338E+0
-2.957808E+0
-2.960748E+0
-2.963688E+0
-2.968098E+0
-2.973978E+0
-2.981328E+0
-2.991618E+0
-3.004848E+0
-3.019548E+0
-3.037188E+0
-3.054828E+0
-3.072468E+0
-3.091578E+0
-3.107748E+0
-3.122448E+0
-3.134208E+0
-3.144498E+0
-3.153318E+0
-3.156258E+0
-3.157728E+0
-3.154788E+0
-3.148908E+0
-3.140088E+0
-3.128328E+0
-3.118038E+0
-3.107748E+0
-3.100398E+0
-3.098928E+0
-3.101868E+0
-3.110688E+0
-3.123918E+0
-3.141558E+0
-3.162138E+0
-3.182718E+0
-3.200358E+0
-3.213588E+0
-3.222408E+0
-3.223878E+0
-3.220938E+0
-3.213588E+0
-3.203298E+0
-3.191538E+0
-3.179778E+0
-3.170958E+0
-3.163608E+0
-3.160668E+0
-3.159198E+0
-3.160668E+0
-3.163608E+0
-3.168018E+0
-3.170958E+0
-3.173898E+0
-3.176838E+0
-3.176838E+0
-3.178308E+0
-3.181248E+0
-3.185658E+0
-3.191538E+0
-3.200358E+0
-3.210648E+0
-3.219468E+0
-3.228288E+0
-3.235638E+0
-3.238578E+0
-3.238578E+0
-3.237108E+0
-3.234168E+0
-3.231228E+0
-3.226818E+0
-3.223878E+0
-3.220938E+0
-3.217998E+0
-3.213588E+0
-3.209178E+0
-3.206238E+0
-3.203298E+0
-3.201828E+0
-3.203298E+0
-3.206238E+0
-3.212118E+0
-3.217998E+0
-3.222408E+0
-3.226818E+0
-3.229758E+0
-3.228288E+0
-3.223878E+0
-3.219468E+0
-3.213588E+0
-3.209178E+0
-3.206238E+0
-3.203298E+0
-3.204768E+0
-3.207708E+0
-3.210648E+0
-3.215058E+0
-3.217998E+0
-3.219468E+0
-3.219468E+0
-3.216528E+0
-3.210648E+0
-3.203298E+0
-3.194478E+0
-3.187128E+0
-3.178308E+0
-3.172428E+0
-3.168018E+0
-3.166548E+0
-3.166548E+0
-3.169488E+0
-3.173898E+0
-3.179778E+0
-3.188598E+0
-3.200358E+0
-3.213588E+0
-3.229758E+0
-3.247398E+0
-3.269448E+0
-3.292968E+0
-3.316488E+0
-3.340008E+0
-3.363528E+0
-3.385578E+0
-3.406158E+0
-3.425268E+0
-3.442908E+0
-3.457608E+0
-3.470838E+0
-3.481128E+0
-3.488478E+0
-3.492888E+0
-3.494358E+0
-3.494358E+0
-3.494358E+0
-3.495828E+0
-3.500238E+0
-3.507588E+0
-3.514938E+0
-3.520818E+0
-3.522288E+0
-3.517878E+0
-3.503178E+0
-3.481128E+0
-3.453198E+0
-3.423798E+0
-3.210648E+0
-2.577078E+0
-1.667148E+0
-7.101780E-1
1.791720E-1
9.553320E-1
1.606542E+0
2.140152E+0
2.570862E+0
2.907492E+0
3.163272E+0
3.347022E+0
3.470502E+0
3.530772E+0
3.527832E+0
3.467562E+0
3.352902E+0
3.186792E+0
2.970702E+0
2.713452E+0
2.416512E+0
2.074002E+0
1.685922E+0
1.250802E+0
7.759920E-1
2.526720E-1
-3.132780E-1
-8.998080E-1
-1.480458E+0
-2.037588E+0
-2.557968E+0
-3.035718E+0
-3.466428E+0
-3.853038E+0
-4.197018E+0
-4.505718E+0
-4.785018E+0
-5.040798E+0
-5.283348E+0
-5.524428E+0
-5.774328E+0
-6.046278E+0
-6.349098E+0
-6.700428E+0
-7.114968E+0
-7.617708E+0
-8.240988E+0
-9.061248E+0
-1.024313E+1
-1.242902E+1
-2.088005E+1
-2.088005E+1
-2.088005E+1
-2.088005E+1
-2.088005E+1
-2.088005E+1
-2.088005E+1
-2.088005E+1
-2.088005E+1
-2.088005E+1
-1.531022E+1
-1.309787E+1
-1.229966E+1
-1.184837E+1
-1.156319E+1
-1.139120E+1
-1.120745E+1
-1.103693E+1
-1.083554E+1
-1.065326E+1
-1.053860E+1
-1.050185E+1
-1.055624E+1
-1.069148E+1
-1.092374E+1
-1.131035E+1
-1.181456E+1
-1.247312E+1
-1.315961E+1
-1.380494E+1
-1.416803E+1
-1.397840E+1
-1.335365E+1
-1.266275E+1
-1.209974E+1
-1.165433E+1
-1.136327E+1
-1.123244E+1
-1.125743E+1
-1.147499E+1
-1.191746E+1
-1.271273E+1
-1.426799E+1
-2.088005E+1
-2.088005E+1
-2.088005E+1
-2.088005E+1
-2.088005E+1
-2.088005E+1
-2.088005E+1
-2.088005E+1
-2.088005E+1
-2.088005E+1
-1.610843E+1
-1.303907E+1
-1.168520E+1
-1.085759E+1
-1.024313E+1
-9.778608E+0
-9.440508E+0
-9.217068E+0
-9.099468E+0
-9.080358E+0
-9.167088E+0
-9.374358E+0
-9.702168E+0
-1.019609E+1
-1.087964E+1
-1.184837E+1
-1.335365E+1
-1.786949E+1
-2.088005E+1
-2.088005E+1
-2.088005E+1
-2.088005E+1
-2.088005E+1
-2.088005E+1
-2.088005E+1
-2.088005E+1
-2.088005E+1
-2.088005E+1
-2.088005E+1
-2.088005E+1
-2.088005E+1
-1.548368E+1
-1.271273E+1
-1.159259E+1
-1.096784E+1
-1.059446E+1
-1.037690E+1
-1.027694E+1
-1.027694E+1
-1.036073E+1
-1.048274E+1
-1.065326E+1
-1.083554E+1
-1.096784E+1
-1.103693E+1
-1.098989E+1
-1.083554E+1
-1.059446E+1
-1.030928E+1
-1.004321E+1
-9.791838E+0
-9.590448E+0
-9.440508E+0
-9.342018E+0
-9.289098E+0
-9.278808E+0
-9.299388E+0
-9.352308E+0
-9.428748E+0
-9.519888E+0
-9.638958E+0
-9.791838E+0
-9.999108E+0
-1.027694E+1
-1.067237E+1
-1.123244E+1
-1.217765E+1
-1.416803E+1
-2.088005E+1
-2.088005E+1
-2.088005E+1
-2.088005E+1
-2.088005E+1
-2.088005E+1
-2.088005E+1
-2.088005E+1
-2.088005E+1
-2.088005E+1
-2.088005E+1
-2.088005E+1
-2.088005E+1
-2.088005E+1
-2.088005E+1
-2.088005E+1
-2.088005E+1
-2.088005E+1
-2.088005E+1
-2.088005E+1
-2.088005E+1
-2.088005E+1
-2.088005E+1
-2.088005E+1
-2.088005E+1
-1.448555E+1
-1.251869E+1
-1.144706E+1
-1.075322E+1
-1.025930E+1
-9.941778E+0
-9.765378E+0
-9.738918E+0
-9.872688E+0
-1.017992E+1
-1.075322E+1
-1.178222E+1
-1.437383E+1
-2.088005E+1
-2.088005E+1
-2.088005E+1
-2.088005E+1
-2.088005E+1
-2.088005E+1
-2.088005E+1
-2.088005E+1
-2.088005E+1
-2.088005E+1
-2.088005E+1
-2.088005E+1
-2.088005E+1
-2.088005E+1
-1.372262E+1
-1.181456E+1
-1.092374E+1
-1.042982E+1
-1.016375E+1
-1.008731E+1
-1.016375E+1
-1.041218E+1
-1.085759E+1
-1.162346E+1
-1.309787E+1
-2.088005E+1
-2.088005E+1
-2.088005E+1
-2.088005E+1
-2.088005E+1
-2.088005E+1
-2.088005E+1
-2.088005E+1
-2.088005E+1
-2.088005E+1
-2.088005E+1
-2.088005E+1
-2.088005E+1
-2.088005E+1
-2.088005E+1
-2.088005E+1
-2.088005E+1
-2.088005E+1
-2.088005E+1
-2.088005E+1
-2.088005E+1
-2.088005E+1
-2.088005E+1
-2.088005E+1
-2.088005E+1
-2.088005E+1
-2.088005E+1
-2.088005E+1
-2.088005E+1
-2.088005E+1
-2.088005E+1
-2.088005E+1
-2.088005E+1
-2.088005E+1
-2.088005E+1
-2.088005E+1
-2.088005E+1
-2.088005E+1
-2.088005E+1
-2.088005E+1
-1.485893E+1
-1.217765E+1
-1.092374E+1
-1.010201E+1
-9.519888E+0
-9.118578E+0
-8.855448E+0
-8.714328E+0
-8.698158E+0
-8.795178E+0
-9.014208E+0
-9.362598E+0
-9.872688E+0
-1.061357E+1
-1.168520E+1
-1.372262E+1
-2.088005E+1
-2.088005E+1
-2.088005E+1
-2.088005E+1
-2.088005E+1
-2.088005E+1
-2.088005E+1
-2.088005E+1
-2.088005E+1
-2.088005E+1
-2.088005E+1
-2.088005E+1
-2.088005E+1
-2.088005E+1
-2.088005E+1
-2.088005E+1
-2.088005E+1
-2.088005E+1
-2.088005E+1
-2.088005E+1
-2.088005E+1
-2.088005E+1
-2.088005E+1
-2.088005E+1
-2.088005E+1
-2.088005E+1
-2.088005E+1
-2.088005E+1
-2.088005E+1
-2.088005E+1
-2.088005E+1
-2.088005E+1
-2.088005E+1
-2.088005E+1
-2.088005E+1
-2.088005E+1
-2.088005E+1
-2.088005E+1
-2.088005E+1
-1.472663E+1
-1.335365E+1
-1.276271E+1
-1.266275E+1
-1.286855E+1
-1.356680E+1
-1.567331E+1
-2.088005E+1
-2.088005E+1
-2.088005E+1
-2.088005E+1
-2.088005E+1
-2.088005E+1
-2.088005E+1
-2.088005E+1
-2.088005E+1
-2.088005E+1
-2.088005E+1
-2.088005E+1
-2.088005E+1
-2.088005E+1
-2.088005E+1
-2.088005E+1
-2.088005E+1
-1.698896E+1
-1.416803E+1
-1.309787E+1
-1.251869E+1
-1.221734E+1
-1.206152E+1
-1.206152E+1
-1.221734E+1
-1.247312E+1
-1.286855E+1
-1.349330E+1
-1.448555E+1
-1.698896E+1
-2.088005E+1
-2.088005E+1
-2.088005E+1
-2.088005E+1
-2.088005E+1
-2.088005E+1
-2.088005E+1
-2.088005E+1
-2.088005E+1
-2.088005E+1
-2.088005E+1
-2.088005E+1
-2.088005E+1
-2.088005E+1
-2.088005E+1
-2.088005E+1
-2.088005E+1
-2.088005E+1
-2.088005E+1
-2.088005E+1
-2.088005E+1
-2.088005E+1
-2.088005E+1
-2.088005E+1
-2.088005E+1
-2.088005E+1
-2.088005E+1
-2.088005E+1
-2.088005E+1
-2.088005E+1
-2.088005E+1
-2.088005E+1
-2.088005E+1
-2.088005E+1
-2.088005E+1
-2.088005E+1
-2.088005E+1
-2.088005E+1
-2.088005E+1
-2.088005E+1
-2.088005E+1
-2.088005E+1
-2.088005E+1
-2.088005E+1
-2.088005E+1
-2.088005E+1
-2.088005E+1
-2.088005E+1
-2.088005E+1
-2.088005E+1
-2.088005E+1
-2.088005E+1
-2.088005E+1
-2.088005E+1
-2.088005E+1
-2.088005E+1
-2.088005E+1
-2.088005E+1
-2.088005E+1
-2.088005E+1
-2.088005E+1
-2.088005E+1
-1.849424E+1
-1.665380E+1
-1.665380E+1
-1.698896E+1
-1.698896E+1
-1.587911E+1
-1.448555E+1
-1.309787E+1
-1.198802E+1
-1.113248E+1
-1.048274E+1
-1.001381E+1
-9.652188E+0
-9.396408E+0
-9.227358E+0
-9.118578E+0
-9.070068E+0
-9.050958E+0
-9.070068E+0
-9.137688E+0
-9.258228E+0
-9.440508E+0
-9.702168E+0
-1.004321E+1
-1.046510E+1
-1.098989E+1
-1.162346E+1
-1.229966E+1
-1.292441E+1
-1.335365E+1
-1.364324E+1
-1.356680E+1
-1.342274E+1
-1.322135E+1
-1.309787E+1
-1.309787E+1
-1.315961E+1
-1.342274E+1
-1.389020E+1
-1.472663E+1
-1.636421E+1
-2.088005E+1
-2.088005E+1
-2.088005E+1
-2.088005E+1
-2.088005E+1
-2.088005E+1
-2.088005E+1
-2.088005E+1
-2.088005E+1
-2.088005E+1
-2.088005E+1
-2.088005E+1
-2.088005E+1
-2.088005E+1
-2.088005E+1
-2.088005E+1
-1.610843E+1
-1.426799E+1
-1.328750E+1
-1.271273E+1
-1.234082E+1
-1.225850E+1
-1.238492E+1
-1.276271E+1
-1.364324E+1
-1.531022E+1
-2.088005E+1
-2.088005E+1
-2.088005E+1
-2.088005E+1
-2.088005E+1
-2.088005E+1
-2.088005E+1
-2.088005E+1
-2.088005E+1
-2.088005E+1
-1.665380E+1
-1.416803E+1
-1.315961E+1
-1.256573E+1
-1.225850E+1
-1.209974E+1
-1.202477E+1
-1.202477E+1
-1.202477E+1
-1.198802E+1
-1.188218E+1
-1.162346E+1
-1.128389E+1
-1.096784E+1
-1.069148E+1
-1.050185E+1
-1.041218E+1
-1.044746E+1
-1.063268E+1
-1.098989E+1
-1.162346E+1
-1.266275E+1
-1.499858E+1
-2.088005E+1
-2.088005E+1
-2.088005E+1
-2.088005E+1
-2.088005E+1
-2.088005E+1
-2.088005E+1
-2.088005E+1
-2.088005E+1
-2.088005E+1
-2.088005E+1
-2.088005E+1
-2.088005E+1
-2.088005E+1
-2.088005E+1
-1.849424E+1
-1.335365E+1
-1.206152E+1
-1.139120E+1
-1.101341E+1
-1.077380E+1
-1.063268E+1
-1.057535E+1
-1.057535E+1
-1.061357E+1
-1.069148E+1
-1.083554E+1
-1.101341E+1
-1.128389E+1
-1.162346E+1
-1.206152E+1
-1.261277E+1
-1.328750E+1
-1.407101E+1
-1.499858E+1
-1.567331E+1
-1.587911E+1
-1.567331E+1
-1.531022E+1
-1.548368E+1
-1.636421E+1
-2.088005E+1
-2.088005E+1
-2.088005E+1
-2.088005E+1
-2.088005E+1
-2.088005E+1
-2.088005E+1
-2.088005E+1
-1.786949E+1
-1.322135E+1
-1.178222E+1
-1.094579E+1
-1.042982E+1
-1.016375E+1
-1.007261E+1
-1.016375E+1
-1.041218E+1
-1.087964E+1
-1.162346E+1
-1.286855E+1
-1.548368E+1
-2.088005E+1
-2.088005E+1
-2.088005E+1
-2.088005E+1
-2.088005E+1
-2.088005E+1
-2.088005E+1
-2.088005E+1
-2.088005E+1
-2.088005E+1
-2.088005E+1
-2.088005E+1
-2.088005E+1
-2.088005E+1
-2.088005E+1
-2.088005E+1
-2.088005E+1
-2.088005E+1
-1.738439E+1
-1.485893E+1
-1.372262E+1
-1.303907E+1
-1.266275E+1
-1.251869E+1
-1.261277E+1
-1.298027E+1
-1.380494E+1
-1.567331E+1
-2.088005E+1
-2.088005E+1
-2.088005E+1
-2.088005E+1
-2.088005E+1
-2.088005E+1
-2.088005E+1
-2.088005E+1
-2.088005E+1
-2.088005E+1
-2.088005E+1
-2.088005E+1
-2.088005E+1
-2.088005E+1
-1.636421E+1
-1.356680E+1
-1.225850E+1
-1.136327E+1
-1.077380E+1
-1.036073E+1
-1.010201E+1
-9.955008E+0
-9.885918E+0
-9.857988E+0
-9.857988E+0
-9.831528E+0
-9.713928E+0
-9.508128E+0
-9.227358E+0
-8.933358E+0
-8.643768E+0
-8.387988E+0
-8.196888E+0
-8.073408E+0
-8.026368E+0
-8.067528E+0
-8.189538E+0
-8.414448E+0
-8.746668E+0
-9.196488E+0
-9.818298E+0
-1.067237E+1
-1.191746E+1
-1.416803E+1
-2.088005E+1
-2.088005E+1
-2.088005E+1
-2.088005E+1
-2.088005E+1
-2.088005E+1
-2.088005E+1
-2.088005E+1
-2.088005E+1
-2.088005E+1
-2.088005E+1
-2.088005E+1
-2.088005E+1
-2.088005E+1
-2.088005E+1
-2.088005E+1
-2.088005E+1
-1.328750E+1
-1.171607E+1
-1.079438E+1
-1.019609E+1
-9.778608E+0
-9.496368E+0
-9.352308E+0
-9.309678E+0
-9.384648E+0
-9.578688E+0
-9.927078E+0
-1.044746E+1
-1.125743E+1
-1.261277E+1
-1.636421E+1
-2.088005E+1
-2.088005E+1
-2.088005E+1
-2.088005E+1
-2.088005E+1
-2.088005E+1
-2.088005E+1
-2.088005E+1
-2.088005E+1
-2.088005E+1
-2.088005E+1
-2.088005E+1
-2.088005E+1
-2.088005E+1
-2.088005E+1
-2.088005E+1
-2.088005E+1
-2.088005E+1
-2.088005E+1
-2.088005E+1
-2.088005E+1
-2.088005E+1
-2.088005E+1
-2.088005E+1
-2.088005E+1
-2.088005E+1
-2.088005E+1
-2.088005E+1
-2.088005E+1
-2.088005E+1
-2.088005E+1
-2.088005E+1
-2.088005E+1
-2.088005E+1
-2.088005E+1
-2.088005E+1
-2.088005E+1
-2.088005E+1
-2.088005E+1
-2.088005E+1
-2.088005E+1
-2.088005E+1
-2.088005E+1
-2.088005E+1
-2.088005E+1
-1.548368E+1
-1.372262E+1
-1.286855E+1
-1.242902E+1
-1.213796E+1
-1.195274E+1
-1.178222E+1
-1.159259E+1
-1.141913E+1
-1.120745E+1
-1.101341E+1
-1.083554E+1
-1.065326E+1
-1.050185E+1
-1.036073E+1
-1.021079E+1
-1.007261E+1
-9.927078E+0
-9.765378E+0
-9.627198E+0
-9.519888E+0
-9.474318E+0
-9.496368E+0
-9.627198E+0
-9.899148E+0
-1.036073E+1
-1.113248E+1
-1.256573E+1
-1.849424E+1
-2.088005E+1
-2.088005E+1
-2.088005E+1
-2.088005E+1
-2.088005E+1
-2.088005E+1
-2.088005E+1
-2.088005E+1
-2.088005E+1
-2.088005E+1
-2.088005E+1
-2.088005E+1
-1.485893E+1
-1.349330E+1
-1.292441E+1
-1.266275E+1
-1.256573E+1
-1.256573E+1
-1.271273E+1
-1.292441E+1
-1.315961E+1
-1.349330E+1
-1.380494E+1
-1.407101E+1
-1.437383E+1
-1.460315E+1
-1.460315E+1
-1.472663E+1
-1.472663E+1
-1.485893E+1
-1.499858E+1
-1.531022E+1
-1.587911E+1
-1.665380E+1
-1.698896E+1
-1.636421E+1
-1.514852E+1
-1.397840E+1
-1.298027E+1
-1.221734E+1
-1.162346E+1
-1.123244E+1
-1.098989E+1
-1.094579E+1
-1.103693E+1
-1.123244E+1
-1.153379E+1
-1.178222E+1
-1.191746E+1
-1.168520E+1
-1.120745E+1
-1.059446E+1
-1.001381E+1
-9.531648E+0
-9.177378E+0
-8.942178E+0
-8.821638E+0
-8.812818E+0
-8.924538E+0
-9.156798E+0
-9.484608E+0
-9.913848E+0
-1.046510E+1
-1.113248E+1
-1.198802E+1
-1.315961E+1
-1.514852E+1
-2.088005E+1
-2.088005E+1
-2.088005E+1
-2.088005E+1
-2.088005E+1
-2.088005E+1
-2.088005E+1
-2.088005E+1
-2.088005E+1
-2.088005E+1
-2.088005E+1
-2.088005E+1
-2.088005E+1
-2.088005E+1
-2.088005E+1
-1.636421E+1
-1.303907E+1
-1.181456E+1
-1.110749E+1
-1.069148E+1
-1.046510E+1
-1.044746E+1
-1.063268E+1
-1.106045E+1
-1.184837E+1
-1.356680E+1
-2.088005E+1
-2.088005E+1
-2.088005E+1
-2.088005E+1
-2.088005E+1
-2.088005E+1
-2.088005E+1
-2.088005E+1
-2.088005E+1
-2.088005E+1
-2.088005E+1
-2.088005E+1
-2.088005E+1
-2.088005E+1
-2.088005E+1
-2.088005E+1
-2.088005E+1
-2.088005E+1
-2.088005E+1
-2.088005E+1
-2.088005E+1
-2.088005E+1
-2.088005E+1
-2.088005E+1
-2.088005E+1
-2.088005E+1
-2.088005E+1
-2.088005E+1
-2.088005E+1
-2.088005E+1
-2.088005E+1
-2.088005E+1
-2.088005E+1
-2.088005E+1
-1.548368E+1
-1.380494E+1
-1.315961E+1
-1.298027E+1
-1.309787E+1
-1.356680E+1
-1.472663E+1
-2.088005E+1
-2.088005E+1
-2.088005E+1
-2.088005E+1
-2.088005E+1
-2.088005E+1
-2.088005E+1
-2.088005E+1
-2.088005E+1
-2.088005E+1
-2.088005E+1
-1.937477E+1
-1.460315E+1
-1.349330E+1
-1.286855E+1
-1.247312E+1
-1.217765E+1
-1.188218E+1
-1.165433E+1
-1.141913E+1
-1.120745E+1
-1.103693E+1
-1.092374E+1
-1.083554E+1
-1.081496E+1
-1.083554E+1
-1.094579E+1
-1.113248E+1
-1.141913E+1
-1.188218E+1
-1.256573E+1
-1.364324E+1
-1.610843E+1
-2.088005E+1
-2.088005E+1
-2.088005E+1
-2.088005E+1
-2.088005E+1
-2.088005E+1
-2.088005E+1
-2.088005E+1
-2.088005E+1
-2.088005E+1
-2.088005E+1
-2.088005E+1
-2.088005E+1
-2.088005E+1
-2.088005E+1
-2.088005E+1
-2.088005E+1
-1.587911E+1
-1.372262E+1
-1.281563E+1
-1.242902E+1
-1.234082E+1
-1.256573E+1
-1.322135E+1
-1.472663E+1
-2.088005E+1
-2.088005E+1
-2.088005E+1
-2.088005E+1
-2.088005E+1
-2.088005E+1
-2.088005E+1
-1.416803E+1
-1.209974E+1
-1.101341E+1
-1.032692E+1
-9.857988E+0
-9.543408E+0
-9.342018E+0
-9.227358E+0
-9.206778E+0
-9.268518E+0
-9.418458E+0
-9.688938E+0
-1.011818E+1
-1.077380E+1
-1.188218E+1
-1.426799E+1
-2.088005E+1
-2.088005E+1
-2.088005E+1
-2.088005E+1
-2.088005E+1
-2.088005E+1
-2.088005E+1
-2.088005E+1
-2.088005E+1
-2.088005E+1
-2.088005E+1
-2.088005E+1
-2.088005E+1
-2.088005E+1
-2.088005E+1
-2.088005E+1
-2.088005E+1
-2.088005E+1
-2.088005E+1
-2.088005E+1
-2.088005E+1
-2.088005E+1
-2.088005E+1
-2.088005E+1
-2.088005E+1
-2.088005E+1
-2.088005E+1
-2.088005E+1
-2.088005E+1
-2.088005E+1
-2.088005E+1
-2.088005E+1
-2.088005E+1
-2.088005E+1
-2.088005E+1
-2.088005E+1
-2.088005E+1
-2.088005E+1
-2.088005E+1
-1.548368E+1
-1.213796E+1
-1.094579E+1
-1.022696E+1
-9.765378E+0
-9.450798E+0
-9.227358E+0
-9.080358E+0
-8.968638E+0
-8.889258E+0
-8.828988E+0
-8.762838E+0
-8.698158E+0
-8.620248E+0
-8.523228E+0
-8.421798E+0
-8.326248E+0
-8.227758E+0
-8.158668E+0
-8.110158E+0
-8.102808E+0
-8.158668E+0
-8.273328E+0
-8.471778E+0
-8.779008E+0
-9.217068E+0
-9.844758E+0
-1.077380E+1
-1.238492E+1
-1.849424E+1
-2.088005E+1
-2.088005E+1
-2.088005E+1
-2.088005E+1
-2.088005E+1
-1.636421E+1
-1.251869E+1
-1.118099E+1
-1.042982E+1
-9.984408E+0
-9.738918E+0
-9.638958E+0
-9.627198E+0
-9.663948E+0
-9.738918E+0
-9.791838E+0
-9.791838E+0
-9.752148E+0
-9.663948E+0
-9.566928E+0
-9.474318E+0
-9.418458E+0
-9.406698E+0
-9.450798E+0
-9.566928E+0
-9.738918E+0
-9.955008E+0
-1.022696E+1
-1.051949E+1
-1.087964E+1
-1.128389E+1
-1.181456E+1
-1.261277E+1
-1.397840E+1
-2.088005E+1
-2.088005E+1
-2.088005E+1
-2.088005E+1
-2.088005E+1
-2.088005E+1
-2.088005E+1
-2.088005E+1
-2.088005E+1
-2.088005E+1
-2.088005E+1
-2.088005E+1
-2.088005E+1
-2.088005E+1
-1.292441E+1
-1.147499E+1
-1.075322E+1
-1.034309E+1
-1.016375E+1
-1.016375E+1
-1.034309E+1
-1.073264E+1
-1.141913E+1
-1.261277E+1
-1.610843E+1
-2.088005E+1
-2.088005E+1
-2.088005E+1
-2.088005E+1
-2.088005E+1
-2.088005E+1
-2.088005E+1
-2.088005E+1
-2.088005E+1
-1.266275E+1
-1.108397E+1
-1.029311E+1
-9.872688E+0
-9.688938E+0
-9.713928E+0
-9.913848E+0
-1.030928E+1
-1.087964E+1
-1.165433E+1
-1.251869E+1
-1.335365E+1
-1.372262E+1
-1.349330E+1
-1.292441E+1
-1.242902E+1
-1.206152E+1
-1.195274E+1
-1.213796E+1
-1.266275E+1
-1.397840E+1
-2.088005E+1
-2.088005E+1
-2.088005E+1
-2.088005E+1
-2.088005E+1
-2.088005E+1
-2.088005E+1
-2.088005E+1
-2.088005E+1
-2.088005E+1
-2.088005E+1
-2.088005E+1
-2.088005E+1
-2.088005E+1
-2.088005E+1
-2.088005E+1
-2.088005E+1
-2.088005E+1
-2.088005E+1
-2.088005E+1
-2.088005E+1
-2.088005E+1
-2.088005E+1
-1.407101E+1
-1.242902E+1
-1.171607E+1
-1.133681E+1
-1.115747E+1
-1.115747E+1
-1.128389E+1
-1.150439E+1
-1.174841E+1
-1.202477E+1
-1.221734E+1
-1.238492E+1
-1.247312E+1
-1.251869E+1
-1.256573E+1
-1.276271E+1
-1.315961E+1
-1.407101E+1
-1.636421E+1
-2.088005E+1
-2.088005E+1
-2.088005E+1
-2.088005E+1
-2.088005E+1
-2.088005E+1
-2.088005E+1
-2.088005E+1
-2.088005E+1
-2.088005E+1
-2.088005E+1
-2.088005E+1
-2.088005E+1
-2.088005E+1
-2.088005E+1
-2.088005E+1
-2.088005E+1
-2.088005E+1
-2.088005E+1
-2.088005E+1
-2.088005E+1
-2.088005E+1
-2.088005E+1
-2.088005E+1
-1.665380E+1
-1.389020E+1
-1.266275E+1
-1.184837E+1
-1.125743E+1
-1.077380E+1
-1.039454E+1
-1.005791E+1
-9.752148E+0
-9.484608E+0
-9.258228E+0
-9.061248E+0
-8.906898E+0
-8.795178E+0
-8.754018E+0
-8.779008E+0
-8.862798E+0
-9.014208E+0
-9.227358E+0
-9.484608E+0
-9.765378E+0
-1.001381E+1
-1.019609E+1
-1.029311E+1
-1.030928E+1
-1.027694E+1
-1.021079E+1
-1.017992E+1
-1.022696E+1
-1.034309E+1
-1.057535E+1
-1.092374E+1
-1.141913E+1
-1.213796E+1
-1.322135E+1
-1.514852E+1
-2.088005E+1
-2.088005E+1
-2.088005E+1
-2.088005E+1
-2.088005E+1
-2.088005E+1
-2.088005E+1
-1.426799E+1
-1.276271E+1
-1.191746E+1
-1.139120E+1
-1.106045E+1
-1.087964E+1
-1.081496E+1
-1.090169E+1
-1.108397E+1
-1.139120E+1
-1.184837E+1
-1.251869E+1
-1.349330E+1
-1.531022E+1
-2.088005E+1
-2.088005E+1
-2.088005E+1
-2.088005E+1
-2.088005E+1
-2.088005E+1
-1.786949E+1
-1.397840E+1
-1.261277E+1
-1.178222E+1
-1.128389E+1
-1.098989E+1
-1.087964E+1
-1.096784E+1
-1.125743E+1
-1.174841E+1
-1.261277E+1
-1.416803E+1
-2.088005E+1
-2.088005E+1
-2.088005E+1
-2.088005E+1
-2.088005E+1
-2.088005E+1
-2.088005E+1
-2.088005E+1
-2.088005E+1
-2.088005E+1
-1.786949E+1
-1.389020E+1
-1.251869E+1
-1.162346E+1
-1.096784E+1
-1.046510E+1
-1.008731E+1
-9.791838E+0
-9.578688E+0
-9.450798E+0
-9.396408E+0
-9.440508E+0
-9.578688E+0
-9.831528E+0
-1.024313E+1
-1.090169E+1
-1.191746E+1
-1.397840E+1
-2.088005E+1
-2.088005E+1
-2.088005E+1
-2.088005E+1
-2.088005E+1
-2.088005E+1
-2.088005E+1
-2.088005E+1
-2.088005E+1
-1.786949E+1
-1.407101E+1
-1.298027E+1
-1.261277E+1
-1.256573E+1
-1.281563E+1
-1.342274E+1
-1.472663E+1
-2.088005E+1
-2.088005E+1
-2.088005E+1
-2.088005E+1
-2.088005E+1
-2.088005E+1
-2.088005E+1
-2.088005E+1
-2.088005E+1
-2.088005E+1
-2.088005E+1
-2.088005E+1
-2.088005E+1
-2.088005E+1
-2.088005E+1
-2.088005E+1
-2.088005E+1
-2.088005E+1
-2.088005E+1
-2.088005E+1
-1.380494E+1
-1.195274E+1
-1.115747E+1
-1.077380E+1
-1.063268E+1
-1.063268E+1
-1.069148E+1
-1.075322E+1
-1.077380E+1
-1.069148E+1
-1.048274E+1
-1.022696E+1
-9.969708E+0
-9.765378E+0
-9.627198E+0
-9.578688E+0
-9.627198E+0
-9.778608E+0
-1.001381E+1
-1.036073E+1
-1.077380E+1
-1.128389E+1
-1.181456E+1
-1.229966E+1
-1.266275E+1
-1.292441E+1
-1.309787E+1
-1.315961E+1
-1.335365E+1
-1.380494E+1
-1.499858E+1
-2.088005E+1
-2.088005E+1
-2.088005E+1
-2.088005E+1
-2.088005E+1
-2.088005E+1
-2.088005E+1
-2.088005E+1
-2.088005E+1
-2.088005E+1
-2.088005E+1
-2.088005E+1
-2.088005E+1
-2.088005E+1
-2.088005E+1
-2.088005E+1
-2.088005E+1
-2.088005E+1
-2.088005E+1
-1.698896E+1
-1.349330E+1
-1.229966E+1
-1.165433E+1
-1.125743E+1
-1.101341E+1
-1.083554E+1
-1.075322E+1
-1.073264E+1
-1.079438E+1
-1.090169E+1
-1.108397E+1
-1.131035E+1
-1.162346E+1
-1.198802E+1
-1.238492E+1
-1.271273E+1
-1.303907E+1
-1.315961E+1
-1.315961E+1
-1.298027E+1
-1.281563E+1
-1.271273E+1
-1.281563E+1
-1.322135E+1
-1.426799E+1
-1.937477E+1
-2.088005E+1
-2.088005E+1
-2.088005E+1
-2.088005E+1
-2.088005E+1
-2.088005E+1
-2.088005E+1
-2.088005E+1
-2.088005E+1
-1.266275E+1
-1.110749E+1
-1.029311E+1
-9.831528E+0
-9.590448E+0
-9.543408E+0
-9.663948E+0
-9.955008E+0
-1.042982E+1
-1.118099E+1
-1.238492E+1
-1.485893E+1
-2.088005E+1
-2.088005E+1
-2.088005E+1
-2.088005E+1
-2.088005E+1
-2.088005E+1
-2.088005E+1
-1.548368E+1
-1.335365E+1
-1.229966E+1
-1.168520E+1
-1.131035E+1
-1.106045E+1
-1.094579E+1
-1.096784E+1
-1.108397E+1
-1.133681E+1
-1.168520E+1
-1.206152E+1
-1.242902E+1
-1.266275E+1
-1.261277E+1
-1.229966E+1
-1.178222E+1
-1.128389E+1
-1.081496E+1
-1.046510E+1
-1.019609E+1
-1.001381E+1
-9.927078E+0
-9.927078E+0
-1.001381E+1
-1.017992E+1
-1.044746E+1
-1.081496E+1
-1.139120E+1
-1.225850E+1
-1.389020E+1
-2.088005E+1
-2.088005E+1
-2.088005E+1
-2.088005E+1
-2.088005E+1
-2.088005E+1
-2.088005E+1
-2.088005E+1
-2.088005E+1
-1.335365E+1
-1.165433E+1
-1.069148E+1
-1.004321E+1
-9.590448E+0
-9.289098E+0
-9.108288E+0
-9.033318E+0
-9.080358E+0
-9.227358E+0
-9.496368E+0
-9.885918E+0
-1.039454E+1
-1.103693E+1
-1.181456E+1
-1.276271E+1
-1.380494E+1
-1.485893E+1
-1.610843E+1
-1.849424E+1
-2.088005E+1
-2.088005E+1
-2.088005E+1
-2.088005E+1
-2.088005E+1
-2.088005E+1
-2.088005E+1
-2.088005E+1
-2.088005E+1
-2.088005E+1
-2.088005E+1
-2.088005E+1
-2.088005E+1
-2.088005E+1
-2.088005E+1
-2.088005E+1
-2.088005E+1
-1.610843E+1
-1.514852E+1
-1.514852E+1
-1.636421E+1
-2.088005E+1
-2.088005E+1
-2.088005E+1
-2.088005E+1
-2.088005E+1
-2.088005E+1
-2.088005E+1
-2.088005E+1
-2.088005E+1
-2.088005E+1
-2.088005E+1
-2.088005E+1
-2.088005E+1
-2.088005E+1
-2.088005E+1
-2.088005E+1
-2.088005E+1
-2.088005E+1
-2.088005E+1
-2.088005E+1
-2.088005E+1
-2.088005E+1
-2.088005E+1
-2.088005E+1
-2.088005E+1
-2.088005E+1
-2.088005E+1
-2.088005E+1
-2.088005E+1
-1.548368E+1
-1.271273E+1
-1.162346E+1
-1.103693E+1
-1.075322E+1
-1.063268E+1
-1.067237E+1
-1.081496E+1
-1.098989E+1
-1.120745E+1
-1.139120E+1
-1.159259E+1
-1.181456E+1
-1.213796E+1
-1.266275E+1
-1.356680E+1
-1.610843E+1
-2.088005E+1
-2.088005E+1
-2.088005E+1
-2.088005E+1
-2.088005E+1
-2.088005E+1
-2.088005E+1
-2.088005E+1
-2.088005E+1
-2.088005E+1
-2.088005E+1
-2.088005E+1
-1.937477E+1
-1.698896E+1
-1.698896E+1
-1.937477E+1
-2.088005E+1
-2.088005E+1
-2.088005E+1
-2.088005E+1
-2.088005E+1
-2.088005E+1
-1.665380E+1
-1.514852E+1
-1.437383E+1
-1.407101E+1
-1.407101E+1
-1.437383E+1
-1.531022E+1
-1.849424E+1
-2.088005E+1
-2.088005E+1
-2.088005E+1
-2.088005E+1
-2.088005E+1
-2.088005E+1
-2.088005E+1
-2.088005E+1
-2.088005E+1
-2.088005E+1
-1.499858E+1
-1.303907E+1
-1.202477E+1
-1.139120E+1
-1.098989E+1
-1.075322E+1
-1.059446E+1
-1.048274E+1
-1.042982E+1
-1.039454E+1
-1.036073E+1
-1.030928E+1
-1.029311E+1
-1.034309E+1
-1.046510E+1
-1.075322E+1
-1.123244E+1
-1.209974E+1
-1.397840E+1
-2.088005E+1
-2.088005E+1
-2.088005E+1
-2.088005E+1
-2.088005E+1
-2.088005E+1
-2.088005E+1
-2.088005E+1
-2.088005E+1
-2.088005E+1
-2.088005E+1
-2.088005E+1
-2.088005E+1
-2.088005E+1
-2.088005E+1
-2.088005E+1
-2.088005E+1
-2.088005E+1
-2.088005E+1
-1.665380E+1
-1.849424E+1
-2.088005E+1
-2.088005E+1
-2.088005E+1
-2.088005E+1
-2.088005E+1
-2.088005E+1
-2.088005E+1
-2.088005E+1
-2.088005E+1
-2.088005E+1
-2.088005E+1
-2.088005E+1
-2.088005E+1
-2.088005E+1
-2.088005E+1
-2.088005E+1
-2.088005E+1
-2.088005E+1
-2.088005E+1
-2.088005E+1
-2.088005E+1
-2.088005E+1
-2.088005E+1
-2.088005E+1
-2.088005E+1
-2.088005E+1
-2.088005E+1
-2.088005E+1
-2.088005E+1
-2.088005E+1
-2.088005E+1
-1.567331E+1
-1.448555E+1
-1.380494E+1
-1.328750E+1
-1.281563E+1
-1.234082E+1
-1.195274E+1
-1.168520E+1
-1.159259E+1
-1.174841E+1
-1.221734E+1
-1.335365E+1
-1.937477E+1
-2.088005E+1
-2.088005E+1
-2.088005E+1
-2.088005E+1
-2.088005E+1
-2.088005E+1
-2.088005E+1
-2.088005E+1
-2.088005E+1
-2.088005E+1
-2.088005E+1
-2.088005E+1
-2.088005E+1
-2.088005E+1
-2.088005E+1
-2.088005E+1
-2.088005E+1
-2.088005E+1
-1.786949E+1
-1.416803E+1
-1.328750E+1
-1.303907E+1
-1.322135E+1
-1.397840E+1
-1.587911E+1
-2.088005E+1
-2.088005E+1
-2.088005E+1
-2.088005E+1
-2.088005E+1
-2.088005E+1
-2.088005E+1
-2.088005E+1
-2.088005E+1
-2.088005E+1
-2.088005E+1
-2.088005E+1
-2.088005E+1
-2.088005E+1
-2.088005E+1
-2.088005E+1
-2.088005E+1
-2.088005E+1
-2.088005E+1
-2.088005E+1
-2.088005E+1
-2.088005E+1
-2.088005E+1
-2.088005E+1
-2.088005E+1
-2.088005E+1
-2.088005E+1
-2.088005E+1
-2.088005E+1
-2.088005E+1
-2.088005E+1
-2.088005E+1
-2.088005E+1
-2.088005E+1
-2.088005E+1
-2.088005E+1
-2.088005E+1
-1.322135E+1
-1.195274E+1
-1.141913E+1
-1.123244E+1
-1.131035E+1
-1.165433E+1
-1.234082E+1
-1.364324E+1
-1.849424E+1
-2.088005E+1
-2.088005E+1
-2.088005E+1
-2.088005E+1
-2.088005E+1
-2.088005E+1
-2.088005E+1
-2.088005E+1
-2.088005E+1
-2.088005E+1
-1.485893E+1
-1.322135E+1
-1.238492E+1
-1.198802E+1
-1.184837E+1
-1.188218E+1
-1.213796E+1
-1.261277E+1
-1.328750E+1
-1.407101E+1
-1.485893E+1
-1.531022E+1
-1.499858E+1
-1.437383E+1
-1.364324E+1
-1.315961E+1
-1.292441E+1
-1.303907E+1
-1.349330E+1
-1.472663E+1
-1.937477E+1
-2.088005E+1
-2.088005E+1
-2.088005E+1
-2.088005E+1
-2.088005E+1
-2.088005E+1
-2.088005E+1
-2.088005E+1
-2.088005E+1
-2.088005E+1
-2.088005E+1
-2.088005E+1
-2.088005E+1
-2.088005E+1
-2.088005E+1
-2.088005E+1
-2.088005E+1
-2.088005E+1
-2.088005E+1
-2.088005E+1
-2.088005E+1
-2.088005E+1
-2.088005E+1
-2.088005E+1
-1.356680E+1
-1.221734E+1
-1.162346E+1
-1.136327E+1
-1.128389E+1
-1.136327E+1
-1.165433E+1
-1.217765E+1
-1.309787E+1
-1.499858E+1
-2.088005E+1
-2.088005E+1
-2.088005E+1
-2.088005E+1
-2.088005E+1
-2.088005E+1
-2.088005E+1
-2.088005E+1
-1.485893E+1
-1.281563E+1
-1.184837E+1
-1.131035E+1
-1.098989E+1
-1.087964E+1
-1.090169E+1
-1.103693E+1
-1.125743E+1
-1.153379E+1
-1.178222E+1
-1.202477E+1
-1.213796E+1
-1.206152E+1
-1.188218E+1
-1.162346E+1
-1.141913E+1
-1.125743E+1
-1.118099E+1
-1.115747E+1
-1.125743E+1
-1.147499E+1
-1.181456E+1
-1.225850E+1
-1.286855E+1
-1.372262E+1
-1.531022E+1
-2.088005E+1
-2.088005E+1
-2.088005E+1
-2.088005E+1
-2.088005E+1
-2.088005E+1
-2.088005E+1
-2.088005E+1
-2.088005E+1
-1.335365E+1
-1.168520E+1
-1.069148E+1
-1.002851E+1
-9.590448E+0
-9.330258E+0
-9.186198E+0
-9.137688E+0
-9.137688E+0
-9.196488E+0
-9.268518E+0
-9.330258E+0
-9.384648E+0
-9.428748E+0
-9.484608E+0
-9.555168E+0
-9.663948E+0
-9.831528E+0
-1.004321E+1
-1.030928E+1
-1.061357E+1
-1.096784E+1
-1.128389E+1
-1.156319E+1
-1.174841E+1
-1.178222E+1
-1.168520E+1
-1.147499E+1
-1.120745E+1
-1.090169E+1
-1.061357E+1
-1.036073E+1
-1.016375E+1
-1.001381E+1
-9.941778E+0
-9.955008E+0
-1.007261E+1
-1.029311E+1
-1.065326E+1
-1.115747E+1
-1.191746E+1
-1.309787E+1
-1.531022E+1
-2.088005E+1
-2.088005E+1
-2.088005E+1
-2.088005E+1
-2.088005E+1
-2.088005E+1
-2.088005E+1
-2.088005E+1
-2.088005E+1
-2.088005E+1
-2.088005E+1
-2.088005E+1
-2.088005E+1
-2.088005E+1
-2.088005E+1
-2.088005E+1
-2.088005E+1
-2.088005E+1
-1.531022E+1
-1.349330E+1
-1.266275E+1
-1.225850E+1
-1.209974E+1
-1.206152E+1
-1.217765E+1
-1.242902E+1
-1.276271E+1
-1.315961E+1
-1.372262E+1
-1.437383E+1
-1.567331E+1
-1.937477E+1
-2.088005E+1
-2.088005E+1
-2.088005E+1
-2.088005E+1
-2.088005E+1
-2.088005E+1
-2.088005E+1
-2.088005E+1
-2.088005E+1
