Date/Time	2022-06-19 04:46:51
Line location	1
Line name	A1
OTDR wavelength [nm]	1625
OTDR pulse duration [ns]	2
OTDR scan time [s]	10
OTDR scan length [m]	1.500000E+2
Length offset [m]	0.000000E+0
Length increment [m]	3.996806E-2
Switch ID	VIAVI Solutions,OTU 8000E,11654,FO,16.76
OTDR ID	JDSU,OTU 8000E,11654,OTU(SmartOTU),V7.22

Reflected amplitude [dB]
1.294372E+0
1.235572E+0
1.167952E+0
1.103272E+0
1.048882E+0
1.003312E+0
9.797920E-1
1.006252E+0
1.115032E+0
1.313482E+0
1.557502E+0
1.811812E+0
2.054362E+0
2.257222E+0
2.411572E+0
2.521822E+0
2.599732E+0
2.648242E+0
2.667352E+0
2.646772E+0
2.583562E+0
2.479192E+0
2.341012E+0
2.167552E+0
1.970572E+0
1.763302E+0
1.545742E+0
1.323772E+0
1.104742E+0
8.989420E-1
7.210720E-1
5.711320E-1
4.417720E-1
3.315220E-1
2.374420E-1
1.551220E-1
8.603200E-2
2.576200E-2
-2.568800E-2
-7.125800E-2
-1.094780E-1
-1.418180E-1
-1.697480E-1
-1.932680E-1
-2.123780E-1
-2.285480E-1
-2.432480E-1
-2.550080E-1
-2.652980E-1
-2.755880E-1
-2.873480E-1
-2.991080E-1
-3.123380E-1
-3.285080E-1
-3.461480E-1
-3.652580E-1
-3.858380E-1
-4.078880E-1
-4.269980E-1
-4.461080E-1
-4.608080E-1
-4.710980E-1
-4.784480E-1
-4.813880E-1
-4.799180E-1
-4.755080E-1
-4.666880E-1
-4.549280E-1
-4.402280E-1
-4.225880E-1
-4.020080E-1
-3.799580E-1
-3.534980E-1
-3.285080E-1
-3.020480E-1
-2.770580E-1
-2.550080E-1
-2.373680E-1
-2.241380E-1
-2.167880E-1
-2.153180E-1
-2.182580E-1
-2.270780E-1
-2.388380E-1
-2.550080E-1
-2.741180E-1
-2.946980E-1
-3.167480E-1
-3.387980E-1
-3.593780E-1
-3.799580E-1
-3.975980E-1
-4.137680E-1
-4.269980E-1
-4.387580E-1
-4.475780E-1
-4.549280E-1
-4.622780E-1
-4.710980E-1
-4.799180E-1
-4.902080E-1
-5.019680E-1
-5.137280E-1
-5.284280E-1
-5.416580E-1
-5.548880E-1
-5.666480E-1
-5.769380E-1
-5.872280E-1
-5.960480E-1
-6.033980E-1
-6.122180E-1
-6.210380E-1
-6.298580E-1
-6.401480E-1
-6.504380E-1
-6.592580E-1
-6.680780E-1
-6.754280E-1
-6.798380E-1
-6.842480E-1
-6.857180E-1
-6.871880E-1
-6.871880E-1
-6.871880E-1
-6.871880E-1
-6.871880E-1
-6.857180E-1
-6.827780E-1
-6.798380E-1
-6.754280E-1
-6.710180E-1
-6.680780E-1
-6.651380E-1
-6.636680E-1
-6.636680E-1
-6.666080E-1
-6.724880E-1
-6.798380E-1
-6.886580E-1
-6.989480E-1
-7.077680E-1
-7.180580E-1
-6.621980E-1
-3.446780E-1
4.079620E-1
1.510462E+0
2.715862E+0
3.858052E+0
4.869412E+0
5.732302E+0
6.451132E+0
7.040602E+0
7.516882E+0
7.897612E+0
8.193082E+0
8.413582E+0
8.564992E+0
8.650252E+0
8.673772E+0
8.642902E+0
8.560582E+0
8.428282E+0
8.248942E+0
8.026972E+0
7.766782E+0
7.469842E+0
7.137622E+0
6.768652E+0
6.364402E+0
5.926342E+0
5.461822E+0
4.975252E+0
4.472512E+0
3.971242E+0
3.483202E+0
3.028972E+0
2.617372E+0
2.249872E+0
1.933822E+0
1.670692E+0
1.442842E+0
1.241452E+0
1.063582E+0
8.989420E-1
7.343020E-1
5.681920E-1
4.064920E-1
2.506720E-1
1.022020E-1
-2.715800E-2
-1.388780E-1
-2.314880E-1
-3.108680E-1
-3.784880E-1
-4.358180E-1
-4.828580E-1
-5.196080E-1
-5.475380E-1
-5.695880E-1
-5.828180E-1
-5.931080E-1
-5.989880E-1
-6.033980E-1
-6.063380E-1
-6.107480E-1
-6.151580E-1
-6.225080E-1
-6.283880E-1
-6.342680E-1
-6.401480E-1
-6.430880E-1
-6.416180E-1
-6.372080E-1
-6.298580E-1
-6.151580E-1
-5.989880E-1
-5.784080E-1
-5.563580E-1
-5.328380E-1
-5.107880E-1
-4.916780E-1
-4.755080E-1
-4.637480E-1
-4.563980E-1
-4.549280E-1
-4.593380E-1
-4.681580E-1
-4.828580E-1
-4.990280E-1
-5.181380E-1
-5.372480E-1
-5.548880E-1
-5.695880E-1
-5.813480E-1
-5.901680E-1
-5.960480E-1
-5.975180E-1
-5.989880E-1
-5.989880E-1
-5.989880E-1
-6.004580E-1
-6.019280E-1
-6.019280E-1
-6.019280E-1
-6.019280E-1
-6.004580E-1
-5.960480E-1
-5.931080E-1
-5.916380E-1
-5.901680E-1
-5.916380E-1
-5.945780E-1
-6.004580E-1
-6.078080E-1
-6.166280E-1
-6.254480E-1
-6.342680E-1
-6.430880E-1
-6.519080E-1
-6.607280E-1
-6.695480E-1
-6.783680E-1
-6.871880E-1
-6.945380E-1
-7.018880E-1
-7.062980E-1
-7.092380E-1
-7.092380E-1
-7.062980E-1
-7.004180E-1
-6.915980E-1
-6.813080E-1
-6.695480E-1
-6.563180E-1
-6.445580E-1
-6.342680E-1
-6.239780E-1
-6.151580E-1
-6.078080E-1
-6.004580E-1
-5.931080E-1
-5.842880E-1
-5.754680E-1
-5.651780E-1
-5.534180E-1
-5.416580E-1
-5.298980E-1
-5.196080E-1
-5.137280E-1
-5.093180E-1
-5.107880E-1
-5.151980E-1
-5.254880E-1
-5.372480E-1
-5.534180E-1
-5.681180E-1
-5.842880E-1
-5.989880E-1
-6.107480E-1
-6.210380E-1
-6.313280E-1
-6.386780E-1
-6.445580E-1
-6.489680E-1
-6.533780E-1
-6.563180E-1
-6.577880E-1
-6.577880E-1
-6.563180E-1
-6.548480E-1
-6.519080E-1
-6.474980E-1
-6.430880E-1
-6.401480E-1
-6.357380E-1
-6.327980E-1
-6.313280E-1
-6.298580E-1
-6.298580E-1
-6.313280E-1
-6.342680E-1
-6.372080E-1
-6.416180E-1
-6.445580E-1
-6.474980E-1
-6.504380E-1
-6.519080E-1
-6.548480E-1
-6.577880E-1
-6.607280E-1
-6.651380E-1
-6.695480E-1
-6.739580E-1
-6.768980E-1
-6.798380E-1
-6.798380E-1
-6.768980E-1
-6.724880E-1
-6.636680E-1
-6.519080E-1
-6.342680E-1
-6.136880E-1
-5.886980E-1
-5.592980E-1
-5.254880E-1
-4.887380E-1
-4.534580E-1
-4.181780E-1
-3.873080E-1
-3.608480E-1
-3.417380E-1
-3.314480E-1
-3.285080E-1
-3.329180E-1
-3.446780E-1
-3.623180E-1
-3.843680E-1
-4.064180E-1
-4.299380E-1
-4.490480E-1
-4.666880E-1
-4.799180E-1
-4.887380E-1
-4.960880E-1
-5.004980E-1
-5.049080E-1
-5.093180E-1
-5.151980E-1
-5.240180E-1
-5.343080E-1
-5.475380E-1
-5.622380E-1
-5.769380E-1
-5.916380E-1
-6.048680E-1
-6.151580E-1
-6.225080E-1
-6.283880E-1
-6.313280E-1
-6.327980E-1
-6.342680E-1
-6.372080E-1
-6.401480E-1
-6.445580E-1
-6.504380E-1
-6.563180E-1
-6.607280E-1
-6.636680E-1
-6.621980E-1
-6.592580E-1
-6.533780E-1
-6.474980E-1
-6.416180E-1
-6.386780E-1
-6.372080E-1
-6.401480E-1
-6.460280E-1
-6.548480E-1
-6.621980E-1
-6.666080E-1
-6.680780E-1
-6.651380E-1
-6.548480E-1
-6.386780E-1
-6.180980E-1
-5.931080E-1
-5.666480E-1
-5.416580E-1
-5.166680E-1
-4.946180E-1
-4.769780E-1
-4.622780E-1
-4.519880E-1
-4.446380E-1
-4.402280E-1
-4.402280E-1
-4.416980E-1
-4.461080E-1
-4.534580E-1
-4.622780E-1
-4.755080E-1
-4.902080E-1
-5.078480E-1
-5.269580E-1
-5.490080E-1
-5.725280E-1
-5.975180E-1
-6.210380E-1
-6.445580E-1
-6.636680E-1
-6.813080E-1
-6.945380E-1
-7.033580E-1
-7.077680E-1
-7.062980E-1
-7.018880E-1
-6.945380E-1
-6.842480E-1
-6.739580E-1
-6.651380E-1
-6.577880E-1
-6.533780E-1
-6.519080E-1
-6.533780E-1
-6.563180E-1
-6.607280E-1
-6.666080E-1
-6.710180E-1
-6.739580E-1
-6.739580E-1
-6.739580E-1
-6.710180E-1
-6.651380E-1
-6.592580E-1
-6.519080E-1
-6.430880E-1
-6.357380E-1
-6.283880E-1
-6.239780E-1
-6.210380E-1
-6.225080E-1
-6.254480E-1
-6.327980E-1
-6.416180E-1
-6.519080E-1
-6.621980E-1
-6.724880E-1
-6.798380E-1
-6.842480E-1
-6.857180E-1
-6.842480E-1
-6.783680E-1
-6.710180E-1
-6.621980E-1
-6.533780E-1
-6.416180E-1
-6.313280E-1
-6.210380E-1
-6.122180E-1
-6.019280E-1
-5.931080E-1
-5.842880E-1
-5.769380E-1
-5.710580E-1
-5.681180E-1
-5.666480E-1
-5.666480E-1
-5.710580E-1
-5.784080E-1
-5.872280E-1
-5.960480E-1
-6.048680E-1
-6.122180E-1
-6.166280E-1
-6.195680E-1
-6.195680E-1
-6.180980E-1
-6.151580E-1
-6.122180E-1
-6.092780E-1
-6.092780E-1
-6.107480E-1
-6.166280E-1
-6.239780E-1
-6.327980E-1
-6.430880E-1
-6.533780E-1
-6.621980E-1
-6.680780E-1
-6.724880E-1
-6.739580E-1
-6.724880E-1
-6.695480E-1
-6.651380E-1
-6.621980E-1
-6.607280E-1
-6.577880E-1
-6.577880E-1
-6.577880E-1
-6.577880E-1
-6.577880E-1
-6.577880E-1
-6.592580E-1
-6.592580E-1
-6.607280E-1
-6.607280E-1
-6.621980E-1
-6.621980E-1
-6.607280E-1
-6.592580E-1
-6.548480E-1
-6.504380E-1
-6.445580E-1
-6.386780E-1
-6.342680E-1
-6.327980E-1
-6.327980E-1
-6.357380E-1
-6.416180E-1
-6.504380E-1
-6.592580E-1
-6.695480E-1
-6.768980E-1
-6.842480E-1
-6.871880E-1
-6.871880E-1
-6.842480E-1
-6.768980E-1
-6.666080E-1
-6.563180E-1
-6.445580E-1
-6.327980E-1
-6.239780E-1
-6.180980E-1
-6.136880E-1
-6.136880E-1
-6.151580E-1
-6.195680E-1
-6.254480E-1
-6.342680E-1
-6.430880E-1
-6.533780E-1
-6.636680E-1
-6.724880E-1
-6.813080E-1
-6.886580E-1
-6.930680E-1
-6.960080E-1
-6.960080E-1
-6.945380E-1
-6.901280E-1
-6.857180E-1
-6.783680E-1
-6.724880E-1
-6.651380E-1
-6.592580E-1
-6.519080E-1
-6.445580E-1
-6.372080E-1
-6.298580E-1
-6.225080E-1
-6.166280E-1
-6.107480E-1
-6.063380E-1
-6.033980E-1
-6.004580E-1
-5.989880E-1
-5.975180E-1
-5.960480E-1
-5.945780E-1
-5.931080E-1
-5.901680E-1
-5.901680E-1
-5.872280E-1
-5.872280E-1
-5.872280E-1
-5.872280E-1
-5.886980E-1
-5.901680E-1
-5.916380E-1
-5.945780E-1
-5.975180E-1
-6.004580E-1
-6.033980E-1
-6.048680E-1
-6.063380E-1
-6.078080E-1
-6.092780E-1
-6.107480E-1
-6.122180E-1
-6.151580E-1
-6.195680E-1
-6.239780E-1
-6.313280E-1
-6.386780E-1
-6.460280E-1
-6.533780E-1
-6.577880E-1
-6.607280E-1
-6.592580E-1
-6.563180E-1
-6.519080E-1
-6.430880E-1
-6.342680E-1
-6.269180E-1
-6.180980E-1
-6.122180E-1
-6.092780E-1
-6.092780E-1
-6.122180E-1
-6.210380E-1
-6.327980E-1
-6.474980E-1
-6.651380E-1
-6.827780E-1
-6.989480E-1
-7.136480E-1
-7.254080E-1
-7.327580E-1
-7.371680E-1
-7.386380E-1
-7.371680E-1
-7.327580E-1
-7.283480E-1
-7.209980E-1
-7.136480E-1
-7.048280E-1
-6.960080E-1
-6.886580E-1
-6.813080E-1
-6.739580E-1
-6.710180E-1
-6.680780E-1
-6.680780E-1
-6.710180E-1
-6.724880E-1
-6.754280E-1
-6.754280E-1
-6.754280E-1
-6.710180E-1
-6.651380E-1
-6.548480E-1
-6.430880E-1
-6.313280E-1
-6.166280E-1
-6.019280E-1
-5.886980E-1
-5.769380E-1
-5.651780E-1
-5.563580E-1
-5.490080E-1
-5.445980E-1
-5.431280E-1
-5.460680E-1
-5.504780E-1
-5.592980E-1
-5.695880E-1
-5.813480E-1
-5.945780E-1
-6.092780E-1
-6.225080E-1
-6.372080E-1
-6.504380E-1
-6.651380E-1
-6.798380E-1
-6.930680E-1
-7.077680E-1
-7.209980E-1
-7.312880E-1
-7.401080E-1
-7.445180E-1
-7.459880E-1
-7.430480E-1
-7.371680E-1
-7.298180E-1
-7.195280E-1
-7.107080E-1
-7.048280E-1
-7.004180E-1
-7.004180E-1
-7.018880E-1
-7.062980E-1
-7.136480E-1
-7.180580E-1
-7.224680E-1
-7.239380E-1
-7.209980E-1
-7.151180E-1
-7.048280E-1
-6.930680E-1
-6.813080E-1
-6.695480E-1
-6.607280E-1
-6.548480E-1
-6.519080E-1
-6.533780E-1
-6.563180E-1
-6.621980E-1
-6.680780E-1
-6.754280E-1
-6.827780E-1
-6.901280E-1
-6.960080E-1
-7.004180E-1
-7.048280E-1
-7.062980E-1
-7.077680E-1
-7.062980E-1
-7.033580E-1
-6.974780E-1
-6.915980E-1
-6.857180E-1
-6.798380E-1
-6.739580E-1
-6.695480E-1
-6.666080E-1
-6.636680E-1
-6.621980E-1
-6.592580E-1
-6.563180E-1
-6.504380E-1
-6.430880E-1
-6.313280E-1
-6.195680E-1
-6.063380E-1
-5.916380E-1
-5.798780E-1
-5.695880E-1
-5.622380E-1
-5.578280E-1
-5.578280E-1
-5.607680E-1
-5.651780E-1
-5.710580E-1
-5.784080E-1
-5.857580E-1
-5.945780E-1
-6.033980E-1
-6.122180E-1
-6.225080E-1
-6.327980E-1
-6.430880E-1
-6.548480E-1
-6.636680E-1
-6.710180E-1
-6.754280E-1
-6.783680E-1
-6.768980E-1
-6.739580E-1
-6.695480E-1
-6.636680E-1
-6.592580E-1
-6.548480E-1
-6.533780E-1
-6.519080E-1
-6.533780E-1
-6.548480E-1
-6.592580E-1
-6.651380E-1
-6.710180E-1
-6.783680E-1
-6.871880E-1
-6.960080E-1
-7.062980E-1
-7.136480E-1
-7.209980E-1
-7.268780E-1
-7.327580E-1
-7.356980E-1
-7.401080E-1
-7.430480E-1
-7.459880E-1
-7.489280E-1
-7.503980E-1
-7.533380E-1
-7.533380E-1
-7.518680E-1
-7.474580E-1
-7.415780E-1
-7.327580E-1
-7.239380E-1
-7.121780E-1
-7.018880E-1
-6.901280E-1
-6.827780E-1
-6.754280E-1
-6.710180E-1
-6.680780E-1
-6.680780E-1
-6.695480E-1
-6.710180E-1
-6.739580E-1
-6.768980E-1
-6.783680E-1
-6.783680E-1
-6.798380E-1
-6.783680E-1
-6.783680E-1
-6.754280E-1
-6.739580E-1
-6.710180E-1
-6.695480E-1
-6.666080E-1
-6.636680E-1
-6.607280E-1
-6.592580E-1
-6.577880E-1
-6.563180E-1
-6.563180E-1
-6.577880E-1
-6.607280E-1
-6.636680E-1
-6.666080E-1
-6.695480E-1
-6.724880E-1
-6.739580E-1
-6.739580E-1
-6.710180E-1
-6.666080E-1
-6.592580E-1
-6.504380E-1
-6.430880E-1
-6.357380E-1
-6.313280E-1
-6.298580E-1
-6.313280E-1
-6.357380E-1
-6.416180E-1
-6.504380E-1
-6.577880E-1
-6.666080E-1
-6.710180E-1
-6.754280E-1
-6.754280E-1
-6.739580E-1
-6.710180E-1
-6.666080E-1
-6.621980E-1
-6.577880E-1
-6.563180E-1
-6.563180E-1
-6.577880E-1
-6.592580E-1
-6.636680E-1
-6.680780E-1
-6.724880E-1
-6.783680E-1
-6.827780E-1
-6.871880E-1
-6.901280E-1
-6.930680E-1
-6.945380E-1
-6.945380E-1
-6.915980E-1
-6.871880E-1
-6.827780E-1
-6.754280E-1
-6.666080E-1
-6.592580E-1
-6.519080E-1
-6.445580E-1
-6.401480E-1
-6.386780E-1
-6.372080E-1
-6.386780E-1
-6.430880E-1
-6.474980E-1
-6.533780E-1
-6.607280E-1
-6.666080E-1
-6.739580E-1
-6.813080E-1
-6.871880E-1
-6.901280E-1
-6.930680E-1
-6.930680E-1
-6.901280E-1
-6.857180E-1
-6.783680E-1
-6.724880E-1
-6.651380E-1
-6.592580E-1
-6.563180E-1
-6.533780E-1
-6.533780E-1
-6.548480E-1
-6.577880E-1
-6.592580E-1
-6.621980E-1
-6.636680E-1
-6.636680E-1
-6.636680E-1
-6.621980E-1
-6.607280E-1
-6.592580E-1
-6.577880E-1
-6.577880E-1
-6.592580E-1
-6.621980E-1
-6.666080E-1
-6.724880E-1
-6.768980E-1
-6.827780E-1
-6.871880E-1
-6.901280E-1
-6.930680E-1
-6.945380E-1
-6.945380E-1
-6.945380E-1
-6.930680E-1
-6.901280E-1
-6.886580E-1
-6.842480E-1
-6.798380E-1
-6.739580E-1
-6.680780E-1
-6.621980E-1
-6.548480E-1
-6.489680E-1
-6.416180E-1
-6.357380E-1
-6.298580E-1
-6.225080E-1
-6.166280E-1
-6.107480E-1
-6.048680E-1
-6.004580E-1
-5.975180E-1
-5.975180E-1
-6.004580E-1
-6.048680E-1
-6.122180E-1
-6.225080E-1
-6.342680E-1
-6.460280E-1
-6.592580E-1
-6.710180E-1
-6.813080E-1
-6.915980E-1
-7.004180E-1
-7.062980E-1
-7.107080E-1
-7.121780E-1
-7.107080E-1
-7.062980E-1
-6.989480E-1
-6.886580E-1
-6.768980E-1
-6.636680E-1
-6.504380E-1
-6.372080E-1
-6.269180E-1
-6.195680E-1
-6.151580E-1
-6.136880E-1
-6.151580E-1
-6.195680E-1
-6.254480E-1
-6.313280E-1
-6.372080E-1
-6.430880E-1
-6.489680E-1
-6.548480E-1
-6.621980E-1
-6.710180E-1
-6.813080E-1
-6.930680E-1
-7.062980E-1
-7.195280E-1
-7.327580E-1
-7.445180E-1
-7.533380E-1
-7.592180E-1
-7.636280E-1
-7.650980E-1
-7.650980E-1
-7.636280E-1
-7.621580E-1
-7.606880E-1
-7.592180E-1
-7.562780E-1
-7.533380E-1
-7.489280E-1
-7.445180E-1
-7.401080E-1
-7.356980E-1
-7.298180E-1
-7.254080E-1
-7.209980E-1
-7.165880E-1
-7.121780E-1
-7.092380E-1
-7.077680E-1
-7.062980E-1
-7.077680E-1
-7.121780E-1
-7.165880E-1
-7.239380E-1
-7.298180E-1
-7.356980E-1
-7.401080E-1
-7.430480E-1
-7.445180E-1
-7.430480E-1
-7.401080E-1
-7.371680E-1
-7.342280E-1
-7.327580E-1
-7.342280E-1
-7.371680E-1
-7.445180E-1
-7.562780E-1
-7.724480E-1
-7.930280E-1
-8.180180E-1
-8.503580E-1
-8.856380E-1
-9.267980E-1
-9.708980E-1
-1.016468E+0
-1.063508E+0
-1.110548E+0
-1.154648E+0
-1.195808E+0
-1.232558E+0
-1.266368E+0
-1.295768E+0
-1.322228E+0
-1.344278E+0
-1.363388E+0
-1.381028E+0
-1.394258E+0
-1.407488E+0
-1.417778E+0
-1.429538E+0
-1.439828E+0
-1.448648E+0
-1.455998E+0
-1.461878E+0
-1.466288E+0
-1.466288E+0
-1.464818E+0
-1.460408E+0
-1.454528E+0
-1.448648E+0
-1.444238E+0
-1.438358E+0
-1.435418E+0
-1.432478E+0
-1.431008E+0
-1.429538E+0
-1.428068E+0
-1.428068E+0
-1.428068E+0
-1.428068E+0
-1.428068E+0
-1.431008E+0
-1.433948E+0
-1.436888E+0
-1.439828E+0
-1.442768E+0
-1.445708E+0
-1.448648E+0
-1.451588E+0
-1.454528E+0
-1.457468E+0
-1.460408E+0
-1.461878E+0
-1.463348E+0
-1.464818E+0
-1.464818E+0
-1.463348E+0
-1.463348E+0
-1.460408E+0
-1.458938E+0
-1.457468E+0
-1.457468E+0
-1.458938E+0
-1.460408E+0
-1.464818E+0
-1.469228E+0
-1.475108E+0
-1.482458E+0
-1.488338E+0
-1.494218E+0
-1.498628E+0
-1.501568E+0
-1.504508E+0
-1.505978E+0
-1.507448E+0
-1.510388E+0
-1.511858E+0
-1.514798E+0
-1.519208E+0
-1.523618E+0
-1.528028E+0
-1.532438E+0
-1.536848E+0
-1.542728E+0
-1.548608E+0
-1.555958E+0
-1.566248E+0
-1.576538E+0
-1.589768E+0
-1.602998E+0
-1.617698E+0
-1.632398E+0
-1.647098E+0
-1.661798E+0
-1.675028E+0
-1.686788E+0
-1.698548E+0
-1.710308E+0
-1.722068E+0
-1.732358E+0
-1.744118E+0
-1.752938E+0
-1.761758E+0
-1.767638E+0
-1.772048E+0
-1.773518E+0
-1.772048E+0
-1.769108E+0
-1.763228E+0
-1.754408E+0
-1.745588E+0
-1.735298E+0
-1.726478E+0
-1.717658E+0
-1.710308E+0
-1.705898E+0
-1.702958E+0
-1.702958E+0
-1.707368E+0
-1.714718E+0
-1.723538E+0
-1.735298E+0
-1.748528E+0
-1.761758E+0
-1.773518E+0
-1.782338E+0
-1.789688E+0
-1.791158E+0
-1.789688E+0
-1.785278E+0
-1.777928E+0
-1.770578E+0
-1.764698E+0
-1.764698E+0
-1.770578E+0
-1.782338E+0
-1.799978E+0
-1.823498E+0
-1.849958E+0
-1.877888E+0
-1.902878E+0
-1.924928E+0
-1.942568E+0
-1.954328E+0
-1.960208E+0
-1.961678E+0
-1.961678E+0
-1.960208E+0
-1.955798E+0
-1.951388E+0
-1.946978E+0
-1.941098E+0
-1.933748E+0
-1.924928E+0
-1.914638E+0
-1.901408E+0
-1.886708E+0
-1.872008E+0
-1.857308E+0
-1.844078E+0
-1.835258E+0
-1.827908E+0
-1.827908E+0
-1.833788E+0
-1.844078E+0
-1.860248E+0
-1.880828E+0
-1.904348E+0
-1.929338E+0
-1.951388E+0
-1.973438E+0
-1.988138E+0
-1.998428E+0
-2.001368E+0
-1.998428E+0
-1.989608E+0
-1.976378E+0
-1.961678E+0
-1.945508E+0
-1.930808E+0
-1.919048E+0
-1.911698E+0
-1.910228E+0
-1.911698E+0
-1.919048E+0
-1.930808E+0
-1.946978E+0
-1.966088E+0
-1.988138E+0
-2.013128E+0
-2.039588E+0
-2.067518E+0
-2.093978E+0
-2.120438E+0
-2.142488E+0
-2.161598E+0
-2.174828E+0
-2.183648E+0
-2.188058E+0
-2.188058E+0
-2.186588E+0
-2.182178E+0
-2.179238E+0
-2.173358E+0
-2.167478E+0
-2.160128E+0
-2.151308E+0
-2.141018E+0
-2.130728E+0
-2.121908E+0
-2.114558E+0
-2.108678E+0
-2.108678E+0
-2.111618E+0
-2.118968E+0
-2.132198E+0
-2.145428E+0
-2.160128E+0
-2.173358E+0
-2.185118E+0
-2.192468E+0
-2.196878E+0
-2.195408E+0
-2.189528E+0
-2.182178E+0
-2.173358E+0
-2.166008E+0
-2.160128E+0
-2.157188E+0
-2.158658E+0
-2.166008E+0
-2.179238E+0
-2.196878E+0
-2.218928E+0
-2.246858E+0
-2.277728E+0
-2.310068E+0
-2.343878E+0
-2.376218E+0
-2.405618E+0
-2.432078E+0
-2.451188E+0
-2.465888E+0
-2.476178E+0
-2.479118E+0
-2.480588E+0
-2.482058E+0
-2.483528E+0
-2.486468E+0
-2.492348E+0
-2.498228E+0
-2.505578E+0
-2.512928E+0
-2.518808E+0
-2.520278E+0
-2.517338E+0
-2.505578E+0
-2.490878E+0
-2.468828E+0
-2.443838E+0
-2.418848E+0
-2.395328E+0
-2.376218E+0
-2.362988E+0
-2.360048E+0
-2.365928E+0
-2.379158E+0
-2.398268E+0
-2.420318E+0
-2.440898E+0
-2.458538E+0
-2.468828E+0
-2.473238E+0
-2.471768E+0
-2.465888E+0
-2.458538E+0
-2.451188E+0
-2.448248E+0
-2.448248E+0
-2.451188E+0
-2.457068E+0
-2.464418E+0
-2.468828E+0
-2.470298E+0
-2.465888E+0
-2.454128E+0
-2.436488E+0
-2.412968E+0
-2.385038E+0
-2.355638E+0
-2.327708E+0
-2.304188E+0
-2.286548E+0
-2.274788E+0
-2.270378E+0
-2.273318E+0
-2.282138E+0
-2.295368E+0
-2.311538E+0
-2.330648E+0
-2.351228E+0
-2.374748E+0
-2.399738E+0
-2.429138E+0
-2.458538E+0
-2.490878E+0
-2.523218E+0
-2.552618E+0
-2.579078E+0
-2.598188E+0
-2.609948E+0
-2.614358E+0
-2.611418E+0
-2.605538E+0
-2.598188E+0
-2.592308E+0
-2.587898E+0
-2.587898E+0
-2.593778E+0
-2.599658E+0
-2.607008E+0
-2.612888E+0
-2.612888E+0
-2.611418E+0
-2.605538E+0
-2.599658E+0
-2.595248E+0
-2.596718E+0
-2.607008E+0
-2.626118E+0
-2.655518E+0
-2.689328E+0
-2.726078E+0
-2.761358E+0
-2.790758E+0
-2.808398E+0
-2.815748E+0
-2.812808E+0
-2.803988E+0
-2.792228E+0
-2.778998E+0
-2.770178E+0
-2.764298E+0
-2.762828E+0
-2.762828E+0
-2.764298E+0
-2.761358E+0
-2.754008E+0
-2.742248E+0
-2.724608E+0
-2.702558E+0
-2.679038E+0
-2.654048E+0
-2.633468E+0
-2.617298E+0
-2.608478E+0
-2.605538E+0
-2.611418E+0
-2.626118E+0
-2.649638E+0
-2.679038E+0
-2.712848E+0
-2.748128E+0
-2.784878E+0
-2.815748E+0
-2.837798E+0
-2.851028E+0
-2.853968E+0
-2.848088E+0
-2.831918E+0
-2.811338E+0
-2.790758E+0
-2.771648E+0
-2.756948E+0
-2.751068E+0
-2.752538E+0
-2.761358E+0
-2.776058E+0
-2.795168E+0
-2.817218E+0
-2.837798E+0
-2.858378E+0
-2.878958E+0
-2.896598E+0
-2.912768E+0
-2.927468E+0
-2.940698E+0
-2.955398E+0
-2.967158E+0
-2.977448E+0
-2.986268E+0
-2.989208E+0
-2.990678E+0
-2.987738E+0
-2.980388E+0
-2.968628E+0
-2.952458E+0
-2.934818E+0
-2.915708E+0
-2.899538E+0
-2.886308E+0
-2.880428E+0
-2.880428E+0
-2.890718E+0
-2.908358E+0
-2.933348E+0
-2.961278E+0
-2.990678E+0
-3.017138E+0
-3.036248E+0
-3.048008E+0
-3.050948E+0
-3.043598E+0
-3.027428E+0
-3.006848E+0
-2.981858E+0
-2.956868E+0
-2.933348E+0
-2.915708E+0
-2.905418E+0
-2.903948E+0
-2.915708E+0
-2.939228E+0
-2.975978E+0
-3.021548E+0
-3.074468E+0
-3.131798E+0
-3.186188E+0
-3.234698E+0
-3.271448E+0
-3.294968E+0
-3.303788E+0
-3.302318E+0
-3.292028E+0
-3.275858E+0
-3.256748E+0
-3.236168E+0
-3.217058E+0
-3.197948E+0
-3.177368E+0
-3.153848E+0
-3.125918E+0
-3.097988E+0
-3.068588E+0
-3.039188E+0
-3.015668E+0
-2.998028E+0
-2.986268E+0
-2.981858E+0
-2.986268E+0
-2.996558E+0
-3.011258E+0
-3.031838E+0
-3.058298E+0
-3.089168E+0
-3.124448E+0
-3.165608E+0
-3.208238E+0
-3.255278E+0
-3.299378E+0
-3.339068E+0
-3.372878E+0
-3.399338E+0
-3.416978E+0
-3.427268E+0
-3.433148E+0
-3.436088E+0
-3.439028E+0
-3.441968E+0
-3.444908E+0
-3.447848E+0
-3.446378E+0
-3.439028E+0
-3.425798E+0
-3.403748E+0
-3.375818E+0
-3.342008E+0
-3.306728E+0
-3.275858E+0
-3.247928E+0
-3.230288E+0
-3.219998E+0
-3.219998E+0
-3.230288E+0
-3.246458E+0
-3.268508E+0
-3.292028E+0
-3.312608E+0
-3.334658E+0
-3.352298E+0
-3.368468E+0
-3.381698E+0
-3.391988E+0
-3.403748E+0
-3.414038E+0
-3.425798E+0
-3.439028E+0
-3.450788E+0
-3.459608E+0
-3.465488E+0
-3.466958E+0
-3.461078E+0
-3.449318E+0
-3.433148E+0
-3.414038E+0
-3.394928E+0
-3.375818E+0
-3.361118E+0
-3.349358E+0
-3.343478E+0
-3.340538E+0
-3.342008E+0
-3.346418E+0
-3.355238E+0
-3.366998E+0
-3.381698E+0
-3.399338E+0
-3.419918E+0
-3.440498E+0
-3.461078E+0
-3.475778E+0
-3.484598E+0
-3.486068E+0
-3.477248E+0
-3.461078E+0
-3.437558E+0
-3.411098E+0
-3.386108E+0
-3.362588E+0
-3.344948E+0
-3.334658E+0
-3.331718E+0
-3.337598E+0
-3.350828E+0
-3.369938E+0
-3.394928E+0
-3.424328E+0
-3.455198E+0
-3.486068E+0
-3.516938E+0
-3.549278E+0
-3.580148E+0
-3.611018E+0
-3.641888E+0
-3.672758E+0
-3.705098E+0
-3.737438E+0
-3.768308E+0
-3.797708E+0
-3.819758E+0
-3.832988E+0
-3.838868E+0
-3.832988E+0
-3.816818E+0
-3.790358E+0
-3.758018E+0
-3.719798E+0
-3.681578E+0
-3.647768E+0
-3.619838E+0
-3.600728E+0
-3.594848E+0
-3.599258E+0
-3.612488E+0
-3.636008E+0
-3.662468E+0
-3.693338E+0
-3.722738E+0
-3.744788E+0
-3.762428E+0
-3.771248E+0
-3.768308E+0
-3.755078E+0
-3.730088E+0
-3.696278E+0
-3.653648E+0
-3.606608E+0
-3.558098E+0
-3.512528E+0
-3.475778E+0
-3.449318E+0
-3.437558E+0
-3.440498E+0
-3.458138E+0
-3.487538E+0
-3.525758E+0
-3.566918E+0
-3.605138E+0
-3.636008E+0
-3.655118E+0
-3.665408E+0
-3.660998E+0
-3.649238E+0
-3.633068E+0
-3.616898E+0
-3.605138E+0
-3.600728E+0
-3.606608E+0
-3.622778E+0
-3.649238E+0
-3.681578E+0
-3.719798E+0
-3.759488E+0
-3.799178E+0
-3.832988E+0
-3.857978E+0
-3.875618E+0
-3.887378E+0
-3.893258E+0
-3.890318E+0
-3.882968E+0
-3.871208E+0
-3.856508E+0
-3.843278E+0
-3.827108E+0
-3.813878E+0
-3.805058E+0
-3.802118E+0
-3.805058E+0
-3.812408E+0
-3.824168E+0
-3.838868E+0
-3.853568E+0
-3.863858E+0
-3.871208E+0
-3.869738E+0
-3.862388E+0
-3.849158E+0
-3.832988E+0
-3.813878E+0
-3.794768E+0
-3.778598E+0
-3.766838E+0
-3.760958E+0
-3.762428E+0
-3.772718E+0
-3.788888E+0
-3.810938E+0
-3.840338E+0
-3.872678E+0
-3.907958E+0
-3.940298E+0
-3.969698E+0
-3.996158E+0
-4.013798E+0
-4.025558E+0
-4.032908E+0
-4.035848E+0
-4.034378E+0
-4.028498E+0
-4.018208E+0
-4.002038E+0
-3.981458E+0
-3.957938E+0
-3.931478E+0
-3.905018E+0
-3.881498E+0
-3.865328E+0
-3.859448E+0
-3.865328E+0
-3.882968E+0
-3.910898E+0
-3.950588E+0
-3.997628E+0
-4.047608E+0
-4.094648E+0
-4.138748E+0
-4.175498E+0
-4.201958E+0
-4.219598E+0
-4.228418E+0
-4.229888E+0
-4.229888E+0
-4.231358E+0
-4.235768E+0
-4.244588E+0
-4.257818E+0
-4.272518E+0
-4.290158E+0
-4.301918E+0
-4.310738E+0
-4.309268E+0
-4.300448E+0
-4.284278E+0
-4.260758E+0
-4.232828E+0
-4.201958E+0
-4.169618E+0
-4.138748E+0
-4.109348E+0
-4.087298E+0
-4.068188E+0
-4.053488E+0
-4.047608E+0
-4.044668E+0
-4.047608E+0
-4.052018E+0
-4.062308E+0
-4.075538E+0
-4.096118E+0
-4.125518E+0
-4.163738E+0
-4.209308E+0
-4.266638E+0
-4.328378E+0
-4.388648E+0
-4.443038E+0
-4.482728E+0
-4.504778E+0
-4.503308E+0
-4.478318E+0
-4.431278E+0
-4.368068E+0
-4.297508E+0
-4.222538E+0
-4.150508E+0
-4.085828E+0
-4.034378E+0
-3.999098E+0
-3.979988E+0
-3.979988E+0
-3.997628E+0
-4.031438E+0
-4.079948E+0
-4.135808E+0
-4.191668E+0
-4.243118E+0
-4.284278E+0
-4.303388E+0
-4.306328E+0
-4.287218E+0
-4.251938E+0
-4.204898E+0
-4.149038E+0
-4.085828E+0
-4.016738E+0
-3.944708E+0
-3.865328E+0
-3.781538E+0
-3.691868E+0
-3.600728E+0
-3.506648E+0
-3.418448E+0
-3.337598E+0
-3.271448E+0
-3.224408E+0
-3.197948E+0
-3.197948E+0
-3.222938E+0
-3.278798E+0
-3.361118E+0
-3.475778E+0
-3.618368E+0
-3.791828E+0
-3.993218E+0
-4.224008E+0
-4.478318E+0
-4.750268E+0
-5.038388E+0
-5.333858E+0
-5.626388E+0
-5.914508E+0
-6.189398E+0
-6.465758E+0
-6.742118E+0
-7.033178E+0
-7.353638E+0
-7.724078E+0
-8.143028E+0
-8.628128E+0
-9.177908E+0
-9.752678E+0
-1.032745E+1
-1.083607E+1
-1.118152E+1
-1.121974E+1
-1.107274E+1
-1.080520E+1
-1.051120E+1
-1.027747E+1
-1.013341E+1
-1.010989E+1
-1.027747E+1
-1.065379E+1
-1.146082E+1
-1.319101E+1
-2.000005E+1
-2.000005E+1
-2.000005E+1
-2.000005E+1
-2.000005E+1
-2.000005E+1
-2.000005E+1
-2.000005E+1
-2.000005E+1
-2.000005E+1
-2.000005E+1
-2.000005E+1
-2.000005E+1
-2.000005E+1
-2.000005E+1
-2.000005E+1
-2.000005E+1
-2.000005E+1
-2.000005E+1
-2.000005E+1
-2.000005E+1
-2.000005E+1
-2.000005E+1
-2.000005E+1
-2.000005E+1
-2.000005E+1
-2.000005E+1
-2.000005E+1
-2.000005E+1
-2.000005E+1
-2.000005E+1
-2.000005E+1
-2.000005E+1
-2.000005E+1
-2.000005E+1
-2.000005E+1
-2.000005E+1
-2.000005E+1
-2.000005E+1
-2.000005E+1
-2.000005E+1
-2.000005E+1
-2.000005E+1
-2.000005E+1
-2.000005E+1
-2.000005E+1
-2.000005E+1
-2.000005E+1
-2.000005E+1
-2.000005E+1
-2.000005E+1
-2.000005E+1
-2.000005E+1
-2.000005E+1
-2.000005E+1
-2.000005E+1
-2.000005E+1
-2.000005E+1
-2.000005E+1
-2.000005E+1
-2.000005E+1
-2.000005E+1
-2.000005E+1
-2.000005E+1
-2.000005E+1
-2.000005E+1
-2.000005E+1
-2.000005E+1
-2.000005E+1
-2.000005E+1
-2.000005E+1
-1.650439E+1
-1.284262E+1
-1.163869E+1
-1.096837E+1
-1.053913E+1
-1.027747E+1
-1.015693E+1
-1.018045E+1
-1.037743E+1
-1.071259E+1
-1.125796E+1
-1.198855E+1
-1.301020E+1
-1.443022E+1
-1.650439E+1
-1.849477E+1
-1.761424E+1
-1.650439E+1
-1.650439E+1
-1.849477E+1
-2.000005E+1
-2.000005E+1
-2.000005E+1
-2.000005E+1
-2.000005E+1
-2.000005E+1
-2.000005E+1
-2.000005E+1
-2.000005E+1
-2.000005E+1
-2.000005E+1
-2.000005E+1
-2.000005E+1
-2.000005E+1
-2.000005E+1
-2.000005E+1
-2.000005E+1
-1.761424E+1
-1.522843E+1
-1.372315E+1
-1.268680E+1
-1.193563E+1
-1.129765E+1
-1.077433E+1
-1.037743E+1
-1.008784E+1
-9.914378E+0
-9.873218E+0
-9.955538E+0
-1.025248E+1
-1.086841E+1
-1.215907E+1
-2.000005E+1
-2.000005E+1
-2.000005E+1
-2.000005E+1
-2.000005E+1
-2.000005E+1
-2.000005E+1
-2.000005E+1
-2.000005E+1
-2.000005E+1
-2.000005E+1
-2.000005E+1
-2.000005E+1
-2.000005E+1
-2.000005E+1
-2.000005E+1
-2.000005E+1
-2.000005E+1
-2.000005E+1
-1.443022E+1
-1.114477E+1
-9.999638E+0
-9.330788E+0
-8.938298E+0
-8.710448E+0
-8.616368E+0
-8.651648E+0
-8.795708E+0
-9.089708E+0
-9.549818E+0
-1.027747E+1
-1.159312E+1
-1.610896E+1
-2.000005E+1
-2.000005E+1
-2.000005E+1
-2.000005E+1
-2.000005E+1
-2.000005E+1
-2.000005E+1
-2.000005E+1
-2.000005E+1
-2.000005E+1
-2.000005E+1
-2.000005E+1
-2.000005E+1
-2.000005E+1
-2.000005E+1
-2.000005E+1
-2.000005E+1
-2.000005E+1
-2.000005E+1
-1.338799E+1
-1.100218E+1
-9.852638E+0
-9.133808E+0
-8.675168E+0
-8.388518E+0
-8.257688E+0
-8.247398E+0
-8.337068E+0
-8.494358E+0
-8.710448E+0
-8.938298E+0
-9.163208E+0
-9.330788E+0
-9.429278E+0
-9.496898E+0
-9.532178E+0
-9.585098E+0
-9.695348E+0
-9.934958E+0
-1.037743E+1
-1.121974E+1
-1.328803E+1
-2.000005E+1
-2.000005E+1
-2.000005E+1
-2.000005E+1
-2.000005E+1
-2.000005E+1
-2.000005E+1
-2.000005E+1
-2.000005E+1
-2.000005E+1
-2.000005E+1
-2.000005E+1
-2.000005E+1
-1.227961E+1
-1.103746E+1
-1.053913E+1
-1.040389E+1
-1.056706E+1
-1.096837E+1
-1.159312E+1
-1.254274E+1
-1.411858E+1
-1.849477E+1
-2.000005E+1
-2.000005E+1
-2.000005E+1
-2.000005E+1
-2.000005E+1
-2.000005E+1
-2.000005E+1
-2.000005E+1
-2.000005E+1
-2.000005E+1
-2.000005E+1
-2.000005E+1
-2.000005E+1
-2.000005E+1
-2.000005E+1
-2.000005E+1
-2.000005E+1
-2.000005E+1
-2.000005E+1
-2.000005E+1
-2.000005E+1
-2.000005E+1
-2.000005E+1
-2.000005E+1
-2.000005E+1
-2.000005E+1
-2.000005E+1
-2.000005E+1
-2.000005E+1
-2.000005E+1
-2.000005E+1
-2.000005E+1
-2.000005E+1
-2.000005E+1
-2.000005E+1
-2.000005E+1
-2.000005E+1
-2.000005E+1
-2.000005E+1
-2.000005E+1
-2.000005E+1
-2.000005E+1
-2.000005E+1
-2.000005E+1
-2.000005E+1
-2.000005E+1
-2.000005E+1
-2.000005E+1
-2.000005E+1
-1.328803E+1
-1.159312E+1
-1.068319E+1
-1.006579E+1
-9.602738E+0
-9.192608E+0
-8.822168E+0
-8.462018E+0
-8.125388E+0
-7.818158E+0
-7.556498E+0
-7.347758E+0
-7.205168E+0
-7.140488E+0
-7.152248E+0
-7.241918E+0
-7.406558E+0
-7.643228E+0
-7.948988E+0
-8.326778E+0
-8.747198E+0
-9.177908E+0
-9.585098E+0
-9.893798E+0
-1.006579E+1
-1.006579E+1
-9.873218E+0
-9.602738E+0
-9.316088E+0
-9.061778E+0
-8.885378E+0
-8.783948E+0
-8.795708E+0
-8.938298E+0
-9.238178E+0
-9.714458E+0
-1.045681E+1
-1.159312E+1
-1.360555E+1
-2.000005E+1
-2.000005E+1
-2.000005E+1
-2.000005E+1
-1.522843E+1
-1.254274E+1
-1.121974E+1
-1.045681E+1
-9.934958E+0
-9.585098E+0
-9.363128E+0
-9.238178E+0
-9.163208E+0
-9.163208E+0
-9.207308E+0
-9.346958E+0
-9.621848E+0
-1.008784E+1
-1.090222E+1
-1.276324E+1
-2.000005E+1
-2.000005E+1
-2.000005E+1
-2.000005E+1
-2.000005E+1
-2.000005E+1
-2.000005E+1
-2.000005E+1
-2.000005E+1
-2.000005E+1
-2.000005E+1
-2.000005E+1
-1.499911E+1
-1.247365E+1
-1.178275E+1
-1.173277E+1
-1.221787E+1
-1.349383E+1
-2.000005E+1
-2.000005E+1
-2.000005E+1
-2.000005E+1
-2.000005E+1
-2.000005E+1
-2.000005E+1
-2.000005E+1
-2.000005E+1
-1.360555E+1
-1.146082E+1
-1.043035E+1
-9.811478E+0
-9.396938E+0
-9.148508E+0
-9.019148E+0
-8.977988E+0
-9.005918E+0
-9.075008E+0
-9.133808E+0
-9.192608E+0
-9.192608E+0
-9.163208E+0
-9.119108E+0
-9.075008E+0
-9.075008E+0
-9.148508E+0
-9.299918E+0
-9.585098E+0
-1.004374E+1
-1.071259E+1
-1.173277E+1
-1.349383E+1
-2.000005E+1
-2.000005E+1
-2.000005E+1
-2.000005E+1
-2.000005E+1
-2.000005E+1
-2.000005E+1
-2.000005E+1
-2.000005E+1
-2.000005E+1
-2.000005E+1
-2.000005E+1
-2.000005E+1
-2.000005E+1
-2.000005E+1
-2.000005E+1
-2.000005E+1
-2.000005E+1
-2.000005E+1
-2.000005E+1
-2.000005E+1
-2.000005E+1
-2.000005E+1
-2.000005E+1
-2.000005E+1
-2.000005E+1
-2.000005E+1
-2.000005E+1
-2.000005E+1
-2.000005E+1
-2.000005E+1
-2.000005E+1
-2.000005E+1
-2.000005E+1
-2.000005E+1
-2.000005E+1
-2.000005E+1
-2.000005E+1
-2.000005E+1
-2.000005E+1
-2.000005E+1
-2.000005E+1
-2.000005E+1
-2.000005E+1
-2.000005E+1
-2.000005E+1
-2.000005E+1
-2.000005E+1
-2.000005E+1
-2.000005E+1
-2.000005E+1
-2.000005E+1
-2.000005E+1
-2.000005E+1
-2.000005E+1
-2.000005E+1
-2.000005E+1
-2.000005E+1
-2.000005E+1
-2.000005E+1
-2.000005E+1
-2.000005E+1
-2.000005E+1
-2.000005E+1
-1.577380E+1
-1.319101E+1
-1.247365E+1
-1.240750E+1
-1.276324E+1
-1.372315E+1
-1.650439E+1
-2.000005E+1
-2.000005E+1
-2.000005E+1
-2.000005E+1
-2.000005E+1
-2.000005E+1
-2.000005E+1
-2.000005E+1
-2.000005E+1
-2.000005E+1
-2.000005E+1
-2.000005E+1
-2.000005E+1
-2.000005E+1
-2.000005E+1
-2.000005E+1
-2.000005E+1
-2.000005E+1
-2.000005E+1
-2.000005E+1
-1.577380E+1
-1.234135E+1
-1.103746E+1
-1.032745E+1
-9.955538E+0
-9.832058E+0
-9.914378E+0
-1.025248E+1
-1.086841E+1
-1.198855E+1
-1.443022E+1
-2.000005E+1
-2.000005E+1
-2.000005E+1
-2.000005E+1
-2.000005E+1
-2.000005E+1
-2.000005E+1
-2.000005E+1
-2.000005E+1
-2.000005E+1
-2.000005E+1
-2.000005E+1
-2.000005E+1
-2.000005E+1
-2.000005E+1
-2.000005E+1
-2.000005E+1
-2.000005E+1
-2.000005E+1
-2.000005E+1
-2.000005E+1
-2.000005E+1
-2.000005E+1
-2.000005E+1
-1.384663E+1
-1.193563E+1
-1.103746E+1
-1.053913E+1
-1.035244E+1
-1.035244E+1
-1.065379E+1
-1.125796E+1
-1.254274E+1
-1.849477E+1
-2.000005E+1
-2.000005E+1
-2.000005E+1
-2.000005E+1
-2.000005E+1
-2.000005E+1
-2.000005E+1
-2.000005E+1
-2.000005E+1
-2.000005E+1
-2.000005E+1
-2.000005E+1
-2.000005E+1
-2.000005E+1
-2.000005E+1
-2.000005E+1
-2.000005E+1
-2.000005E+1
-2.000005E+1
-2.000005E+1
-2.000005E+1
-2.000005E+1
-2.000005E+1
-2.000005E+1
-1.610896E+1
-1.276324E+1
-1.159312E+1
-1.096837E+1
-1.056706E+1
-1.030099E+1
-1.015693E+1
-1.004374E+1
-9.977588E+0
-9.977588E+0
-1.002169E+1
-1.013341E+1
-1.030099E+1
-1.053913E+1
-1.086841E+1
-1.125796E+1
-1.163869E+1
-1.198855E+1
-1.215907E+1
-1.198855E+1
-1.163869E+1
-1.110802E+1
-1.059499E+1
-1.008784E+1
-9.621848E+0
-9.222008E+0
-8.872148E+0
-8.594318E+0
-8.378228E+0
-8.219468E+0
-8.125388E+0
-8.125388E+0
-8.209178E+0
-8.409098E+0
-8.710448E+0
-9.177908E+0
-9.832058E+0
-1.077433E+1
-1.221787E+1
-1.499911E+1
-2.000005E+1
-2.000005E+1
-1.610896E+1
-1.247365E+1
-1.080520E+1
-9.714458E+0
-8.964758E+0
-8.439968E+0
-8.070998E+0
-7.825508E+0
-7.702028E+0
-7.665278E+0
-7.716728E+0
-7.841678E+0
-8.035718E+0
-8.287088E+0
-8.604608E+0
-8.964758E+0
-9.379298E+0
-9.792368E+0
-1.020397E+1
-1.053913E+1
-1.080520E+1
-1.093456E+1
-1.093456E+1
-1.093456E+1
-1.096837E+1
-1.103746E+1
-1.121974E+1
-1.154902E+1
-1.198855E+1
-1.261330E+1
-1.349383E+1
-1.479331E+1
-1.761424E+1
-2.000005E+1
-2.000005E+1
-2.000005E+1
-2.000005E+1
-2.000005E+1
-2.000005E+1
-2.000005E+1
-2.000005E+1
-2.000005E+1
-2.000005E+1
-2.000005E+1
-2.000005E+1
-2.000005E+1
-2.000005E+1
-2.000005E+1
-2.000005E+1
-2.000005E+1
-2.000005E+1
-2.000005E+1
-2.000005E+1
-2.000005E+1
-2.000005E+1
-2.000005E+1
-2.000005E+1
-2.000005E+1
-2.000005E+1
-2.000005E+1
-2.000005E+1
-2.000005E+1
-2.000005E+1
-2.000005E+1
-2.000005E+1
-2.000005E+1
-2.000005E+1
-2.000005E+1
-2.000005E+1
-2.000005E+1
-2.000005E+1
-2.000005E+1
-2.000005E+1
-2.000005E+1
-2.000005E+1
-2.000005E+1
-2.000005E+1
-2.000005E+1
-2.000005E+1
-2.000005E+1
-2.000005E+1
-2.000005E+1
-2.000005E+1
-2.000005E+1
-2.000005E+1
-2.000005E+1
-2.000005E+1
-2.000005E+1
-2.000005E+1
-2.000005E+1
-2.000005E+1
-2.000005E+1
-2.000005E+1
-2.000005E+1
-2.000005E+1
-2.000005E+1
-2.000005E+1
-2.000005E+1
-2.000005E+1
-2.000005E+1
-2.000005E+1
-2.000005E+1
-1.443022E+1
-1.328803E+1
-1.338799E+1
-1.522843E+1
-2.000005E+1
-2.000005E+1
-2.000005E+1
-2.000005E+1
-2.000005E+1
-2.000005E+1
-2.000005E+1
-2.000005E+1
-2.000005E+1
-2.000005E+1
-2.000005E+1
-2.000005E+1
-2.000005E+1
-2.000005E+1
-1.349383E+1
-1.173277E+1
-1.100218E+1
-1.062439E+1
-1.045681E+1
-1.051120E+1
-1.068319E+1
-1.100218E+1
-1.150492E+1
-1.221787E+1
-1.328803E+1
-1.522843E+1
-2.000005E+1
-2.000005E+1
-2.000005E+1
-2.000005E+1
-2.000005E+1
-2.000005E+1
-2.000005E+1
-2.000005E+1
-1.522843E+1
-1.349383E+1
-1.261330E+1
-1.210027E+1
-1.173277E+1
-1.146082E+1
-1.125796E+1
-1.103746E+1
-1.077433E+1
-1.045681E+1
-1.008784E+1
-9.676238E+0
-9.269048E+0
-8.898608E+0
-8.616368E+0
-8.409098E+0
-8.297378E+0
-8.276798E+0
-8.367938E+0
-8.570798E+0
-8.872148E+0
-9.269048E+0
-9.733568E+0
-1.015693E+1
-1.051120E+1
-1.065379E+1
-1.059499E+1
-1.037743E+1
-1.015693E+1
-9.977588E+0
-9.934958E+0
-1.002169E+1
-1.032745E+1
-1.090222E+1
-1.198855E+1
-1.479331E+1
-2.000005E+1
-2.000005E+1
-2.000005E+1
-2.000005E+1
-2.000005E+1
-2.000005E+1
-2.000005E+1
-2.000005E+1
-2.000005E+1
-2.000005E+1
-2.000005E+1
-2.000005E+1
-2.000005E+1
-2.000005E+1
-2.000005E+1
-2.000005E+1
-2.000005E+1
-2.000005E+1
-2.000005E+1
-2.000005E+1
-2.000005E+1
-2.000005E+1
-2.000005E+1
-2.000005E+1
-2.000005E+1
-2.000005E+1
-2.000005E+1
-2.000005E+1
-2.000005E+1
-2.000005E+1
-2.000005E+1
-2.000005E+1
-2.000005E+1
-1.849477E+1
-1.247365E+1
-1.118152E+1
-1.048327E+1
-1.010989E+1
-9.934958E+0
-9.934958E+0
-1.008784E+1
-1.045681E+1
-1.107274E+1
-1.210027E+1
-1.443022E+1
-2.000005E+1
-2.000005E+1
-2.000005E+1
-2.000005E+1
-2.000005E+1
-2.000005E+1
-2.000005E+1
-2.000005E+1
-2.000005E+1
-2.000005E+1
-2.000005E+1
-2.000005E+1
-2.000005E+1
-2.000005E+1
-2.000005E+1
-2.000005E+1
-2.000005E+1
-1.426852E+1
-1.221787E+1
-1.125796E+1
-1.071259E+1
-1.053913E+1
-1.068319E+1
-1.121974E+1
-1.247365E+1
-2.000005E+1
-2.000005E+1
-2.000005E+1
-2.000005E+1
-2.000005E+1
-2.000005E+1
-2.000005E+1
-2.000005E+1
-2.000005E+1
-2.000005E+1
-2.000005E+1
-2.000005E+1
-2.000005E+1
-2.000005E+1
-2.000005E+1
-2.000005E+1
-2.000005E+1
-2.000005E+1
-2.000005E+1
-2.000005E+1
-2.000005E+1
-2.000005E+1
-2.000005E+1
-2.000005E+1
-2.000005E+1
-2.000005E+1
-2.000005E+1
-2.000005E+1
-2.000005E+1
-2.000005E+1
-2.000005E+1
-2.000005E+1
-2.000005E+1
-2.000005E+1
-2.000005E+1
-2.000005E+1
-2.000005E+1
-2.000005E+1
-2.000005E+1
-2.000005E+1
-2.000005E+1
-2.000005E+1
-2.000005E+1
-2.000005E+1
-2.000005E+1
-2.000005E+1
-2.000005E+1
-1.479331E+1
-1.183273E+1
-1.086841E+1
-1.048327E+1
-1.040389E+1
-1.056706E+1
-1.086841E+1
-1.129765E+1
-1.168573E+1
-1.193563E+1
-1.193563E+1
-1.168573E+1
-1.133734E+1
-1.107274E+1
-1.083607E+1
-1.065379E+1
-1.051120E+1
-1.032745E+1
-1.006579E+1
-9.714458E+0
-9.316088E+0
-8.925068E+0
-8.582558E+0
-8.316488E+0
-8.143028E+0
-8.062178E+0
-8.070998E+0
-8.190068E+0
-8.409098E+0
-8.747198E+0
-9.207308E+0
-9.811478E+0
-1.068319E+1
-1.210027E+1
-1.548421E+1
-2.000005E+1
-2.000005E+1
-2.000005E+1
-2.000005E+1
-2.000005E+1
-2.000005E+1
-2.000005E+1
-2.000005E+1
-2.000005E+1
-2.000005E+1
-2.000005E+1
-1.460368E+1
-1.198855E+1
-1.068319E+1
-9.811478E+0
-9.177908E+0
-8.735438E+0
-8.462018E+0
-8.306198E+0
-8.267978E+0
-8.337068E+0
-8.482598E+0
-8.698688E+0
-8.951528E+0
-9.207308E+0
-9.446918E+0
-9.621848E+0
-9.773258E+0
-9.873218E+0
-9.914378E+0
-9.934958E+0
-9.934958E+0
-9.893798E+0
-9.852638E+0
-9.832058E+0
-9.832058E+0
-9.934958E+0
-1.013341E+1
-1.053913E+1
-1.125796E+1
-1.261330E+1
-1.849477E+1
-2.000005E+1
-2.000005E+1
-2.000005E+1
-2.000005E+1
-2.000005E+1
-2.000005E+1
-2.000005E+1
-2.000005E+1
-2.000005E+1
-2.000005E+1
-2.000005E+1
-2.000005E+1
-2.000005E+1
-2.000005E+1
-2.000005E+1
-2.000005E+1
-2.000005E+1
-2.000005E+1
-2.000005E+1
-2.000005E+1
-2.000005E+1
-2.000005E+1
-2.000005E+1
-1.849477E+1
-1.268680E+1
-1.129765E+1
-1.062439E+1
-1.027747E+1
-1.013341E+1
-1.020397E+1
-1.045681E+1
-1.090222E+1
-1.159312E+1
-1.268680E+1
-1.522843E+1
-2.000005E+1
-2.000005E+1
-2.000005E+1
-2.000005E+1
-2.000005E+1
-2.000005E+1
-2.000005E+1
-2.000005E+1
-2.000005E+1
-2.000005E+1
-2.000005E+1
-2.000005E+1
-2.000005E+1
-2.000005E+1
-2.000005E+1
-2.000005E+1
-2.000005E+1
-2.000005E+1
-2.000005E+1
-2.000005E+1
-2.000005E+1
-2.000005E+1
-2.000005E+1
-2.000005E+1
-2.000005E+1
-2.000005E+1
-2.000005E+1
-2.000005E+1
-2.000005E+1
-2.000005E+1
-2.000005E+1
-2.000005E+1
-2.000005E+1
-2.000005E+1
-2.000005E+1
-2.000005E+1
-2.000005E+1
-2.000005E+1
-2.000005E+1
-2.000005E+1
-2.000005E+1
-2.000005E+1
-2.000005E+1
-2.000005E+1
-2.000005E+1
-2.000005E+1
-2.000005E+1
-2.000005E+1
-1.522843E+1
-1.261330E+1
-1.163869E+1
-1.110802E+1
-1.086841E+1
-1.086841E+1
-1.114477E+1
-1.178275E+1
-1.301020E+1
-1.849477E+1
-2.000005E+1
-2.000005E+1
-2.000005E+1
-2.000005E+1
-2.000005E+1
-2.000005E+1
-2.000005E+1
-2.000005E+1
-2.000005E+1
-2.000005E+1
-1.460368E+1
-1.159312E+1
-1.035244E+1
-9.621848E+0
-9.148508E+0
-8.847158E+0
-8.651648E+0
-8.538458E+0
-8.504648E+0
-8.526698E+0
-8.594318E+0
-8.686928E+0
-8.833928E+0
-9.033848E+0
-9.316088E+0
-9.695348E+0
-1.020397E+1
-1.096837E+1
-1.210027E+1
-1.443022E+1
-2.000005E+1
-2.000005E+1
-2.000005E+1
-2.000005E+1
-2.000005E+1
-2.000005E+1
-1.479331E+1
-1.309840E+1
-1.234135E+1
-1.204441E+1
-1.193563E+1
-1.204441E+1
-1.234135E+1
-1.284262E+1
-1.360555E+1
-1.479331E+1
-1.610896E+1
-1.849477E+1
-1.849477E+1
-1.577380E+1
-1.397893E+1
-1.254274E+1
-1.150492E+1
-1.068319E+1
-1.010989E+1
-9.714458E+0
-9.514538E+0
-9.480728E+0
-9.639488E+0
-1.004374E+1
-1.077433E+1
-1.215907E+1
-1.650439E+1
-2.000005E+1
-2.000005E+1
-2.000005E+1
-2.000005E+1
-2.000005E+1
-2.000005E+1
-2.000005E+1
-2.000005E+1
-2.000005E+1
-2.000005E+1
-2.000005E+1
-2.000005E+1
-2.000005E+1
-2.000005E+1
-2.000005E+1
-2.000005E+1
-2.000005E+1
-2.000005E+1
-2.000005E+1
-2.000005E+1
-2.000005E+1
-2.000005E+1
-2.000005E+1
-2.000005E+1
-2.000005E+1
-2.000005E+1
-2.000005E+1
-2.000005E+1
-2.000005E+1
-2.000005E+1
-2.000005E+1
-1.254274E+1
-1.062439E+1
-9.695348E+0
-9.119108E+0
-8.758958E+0
-8.538458E+0
-8.419388E+0
-8.398808E+0
-8.439968E+0
-8.548748E+0
-8.735438E+0
-9.005918E+0
-9.379298E+0
-9.893798E+0
-1.059499E+1
-1.163869E+1
-1.349383E+1
-2.000005E+1
-2.000005E+1
-2.000005E+1
-2.000005E+1
-2.000005E+1
-2.000005E+1
-1.384663E+1
-1.188271E+1
-1.080520E+1
-1.010989E+1
-9.621848E+0
-9.299918E+0
-9.089708E+0
-9.019148E+0
-9.061778E+0
-9.238178E+0
-9.567458E+0
-1.008784E+1
-1.086841E+1
-1.215907E+1
-1.548421E+1
-2.000005E+1
-2.000005E+1
-2.000005E+1
-2.000005E+1
-2.000005E+1
-2.000005E+1
-2.000005E+1
-2.000005E+1
-2.000005E+1
-1.698949E+1
-1.426852E+1
-1.384663E+1
-1.426852E+1
-1.849477E+1
-2.000005E+1
-2.000005E+1
-2.000005E+1
-2.000005E+1
-2.000005E+1
-2.000005E+1
-2.000005E+1
-2.000005E+1
-2.000005E+1
-2.000005E+1
-2.000005E+1
-2.000005E+1
-2.000005E+1
-2.000005E+1
-2.000005E+1
-2.000005E+1
-2.000005E+1
-1.384663E+1
-1.173277E+1
-1.093456E+1
-1.051120E+1
-1.032745E+1
-1.027747E+1
-1.035244E+1
-1.051120E+1
-1.077433E+1
-1.118152E+1
-1.183273E+1
-1.319101E+1
-2.000005E+1
-2.000005E+1
-2.000005E+1
-2.000005E+1
-2.000005E+1
-2.000005E+1
-2.000005E+1
-2.000005E+1
-2.000005E+1
-2.000005E+1
-2.000005E+1
-2.000005E+1
-2.000005E+1
-2.000005E+1
-2.000005E+1
-2.000005E+1
-2.000005E+1
-2.000005E+1
-1.443022E+1
-1.319101E+1
-1.261330E+1
-1.247365E+1
-1.261330E+1
-1.319101E+1
-1.460368E+1
-2.000005E+1
-2.000005E+1
-2.000005E+1
-2.000005E+1
-2.000005E+1
-2.000005E+1
-2.000005E+1
-2.000005E+1
-2.000005E+1
-2.000005E+1
-1.577380E+1
-1.268680E+1
-1.141966E+1
-1.068319E+1
-1.020397E+1
-9.914378E+0
-9.792368E+0
-9.832058E+0
-1.006579E+1
-1.051120E+1
-1.129765E+1
-1.284262E+1
-2.000005E+1
-2.000005E+1
-2.000005E+1
-2.000005E+1
-2.000005E+1
-2.000005E+1
-2.000005E+1
-2.000005E+1
-2.000005E+1
-1.460368E+1
-1.319101E+1
-1.268680E+1
-1.276324E+1
-1.338799E+1
-1.522843E+1
-2.000005E+1
-2.000005E+1
-2.000005E+1
-2.000005E+1
-2.000005E+1
-2.000005E+1
-2.000005E+1
-2.000005E+1
-2.000005E+1
-2.000005E+1
-2.000005E+1
-1.761424E+1
-1.650439E+1
-1.761424E+1
-2.000005E+1
-2.000005E+1
-2.000005E+1
-2.000005E+1
-2.000005E+1
-2.000005E+1
-2.000005E+1
-2.000005E+1
-2.000005E+1
-2.000005E+1
-2.000005E+1
-2.000005E+1
-2.000005E+1
-1.761424E+1
-1.338799E+1
-1.254274E+1
-1.247365E+1
-1.301020E+1
-1.499911E+1
-2.000005E+1
-2.000005E+1
-2.000005E+1
-2.000005E+1
-2.000005E+1
-2.000005E+1
-2.000005E+1
-2.000005E+1
-2.000005E+1
-2.000005E+1
-2.000005E+1
-2.000005E+1
-2.000005E+1
-2.000005E+1
-2.000005E+1
-2.000005E+1
-2.000005E+1
-2.000005E+1
-2.000005E+1
-2.000005E+1
-2.000005E+1
-2.000005E+1
-2.000005E+1
-2.000005E+1
-2.000005E+1
-2.000005E+1
-2.000005E+1
-2.000005E+1
-2.000005E+1
-2.000005E+1
-1.411858E+1
-1.254274E+1
-1.173277E+1
-1.125796E+1
-1.090222E+1
-1.068319E+1
-1.051120E+1
-1.032745E+1
-1.013341E+1
-9.914378E+0
-9.695348E+0
-9.514538E+0
-9.363128E+0
-9.252878E+0
-9.222008E+0
-9.269048E+0
-9.396938E+0
-9.585098E+0
-9.832058E+0
-1.010989E+1
-1.045681E+1
-1.083607E+1
-1.121974E+1
-1.163869E+1
-1.210027E+1
-1.261330E+1
-1.309840E+1
-1.349383E+1
-1.338799E+1
-1.276324E+1
-1.198855E+1
-1.121974E+1
-1.059499E+1
-1.010989E+1
-9.752678E+0
-9.532178E+0
-9.413108E+0
-9.396938E+0
-9.429278E+0
-9.446918E+0
-9.429278E+0
-9.379298E+0
-9.316088E+0
-9.269048E+0
-9.299918E+0
-9.463088E+0
-9.873218E+0
-1.077433E+1
-1.309840E+1
-2.000005E+1
-2.000005E+1
-2.000005E+1
-2.000005E+1
-2.000005E+1
-2.000005E+1
-2.000005E+1
-2.000005E+1
-2.000005E+1
-2.000005E+1
-2.000005E+1
-2.000005E+1
-2.000005E+1
-2.000005E+1
-1.360555E+1
-1.221787E+1
-1.159312E+1
-1.110802E+1
-1.068319E+1
-1.020397E+1
-9.733568E+0
-9.283748E+0
-8.911838E+0
-8.594318E+0
-8.367938E+0
-8.219468E+0
-8.153318E+0
-8.143028E+0
-8.170958E+0
-8.209178E+0
-8.228288E+0
-8.238578E+0
-8.219468E+0
-8.170958E+0
-8.116568E+0
-8.079818E+0
-8.079818E+0
-8.116568E+0
-8.209178E+0
-8.337068E+0
-8.494358E+0
-8.651648E+0
-8.808938E+0
-8.925068E+0
-8.992688E+0
-9.005918E+0
-8.992688E+0
-8.964758E+0
-8.938298E+0
-8.938298E+0
-8.964758E+0
-9.005918E+0
-9.075008E+0
-9.177908E+0
-9.299918E+0
-9.463088E+0
-9.658598E+0
-9.934958E+0
-1.030099E+1
-1.080520E+1
-1.154902E+1
-1.276324E+1
-1.548421E+1
-2.000005E+1
-2.000005E+1
-2.000005E+1
-2.000005E+1
-2.000005E+1
-2.000005E+1
-2.000005E+1
-2.000005E+1
-2.000005E+1
-2.000005E+1
-2.000005E+1
-2.000005E+1
-2.000005E+1
-2.000005E+1
-2.000005E+1
-2.000005E+1
-2.000005E+1
-2.000005E+1
-1.499911E+1
-1.443022E+1
-1.522843E+1
-2.000005E+1
-2.000005E+1
-2.000005E+1
-2.000005E+1
-2.000005E+1
-2.000005E+1
-2.000005E+1
-2.000005E+1
-2.000005E+1
-2.000005E+1
-2.000005E+1
-2.000005E+1
-2.000005E+1
-2.000005E+1
-1.849477E+1
-1.210027E+1
-1.065379E+1
-9.852638E+0
-9.363128E+0
-9.075008E+0
-8.951528E+0
-8.964758E+0
-9.148508E+0
-9.496898E+0
-1.010989E+1
-1.114477E+1
-1.338799E+1
-2.000005E+1
-2.000005E+1
-2.000005E+1
-2.000005E+1
-2.000005E+1
-2.000005E+1
-2.000005E+1
-1.849477E+1
-1.204441E+1
-1.059499E+1
-9.792368E+0
-9.330788E+0
-9.089708E+0
-8.977988E+0
-9.005918E+0
-9.133808E+0
-9.363128E+0
-9.676238E+0
-1.006579E+1
-1.048327E+1
-1.086841E+1
-1.121974E+1
-1.146082E+1
-1.146082E+1
-1.129765E+1
-1.103746E+1
-1.080520E+1
-1.062439E+1
-1.053913E+1
-1.051120E+1
-1.062439E+1
-1.093456E+1
-1.150492E+1
-1.268680E+1
-1.650439E+1
-2.000005E+1
-2.000005E+1
-2.000005E+1
-2.000005E+1
-2.000005E+1
-2.000005E+1
-2.000005E+1
-2.000005E+1
-2.000005E+1
-2.000005E+1
-2.000005E+1
-2.000005E+1
-2.000005E+1
-2.000005E+1
-2.000005E+1
-2.000005E+1
-2.000005E+1
-2.000005E+1
-1.411858E+1
-1.210027E+1
-1.133734E+1
-1.110802E+1
-1.129765E+1
-1.204441E+1
-1.426852E+1
-2.000005E+1
-2.000005E+1
-2.000005E+1
-2.000005E+1
-2.000005E+1
-2.000005E+1
-2.000005E+1
-2.000005E+1
-2.000005E+1
-2.000005E+1
-2.000005E+1
-2.000005E+1
-2.000005E+1
-2.000005E+1
-2.000005E+1
-2.000005E+1
-1.319101E+1
-1.168573E+1
-1.096837E+1
-1.059499E+1
-1.045681E+1
-1.056706E+1
-1.093456E+1
-1.159312E+1
-1.284262E+1
-1.761424E+1
-2.000005E+1
-2.000005E+1
-2.000005E+1
-2.000005E+1
-2.000005E+1
-2.000005E+1
-2.000005E+1
-2.000005E+1
-2.000005E+1
-2.000005E+1
-2.000005E+1
-2.000005E+1
-2.000005E+1
-2.000005E+1
-2.000005E+1
-2.000005E+1
-2.000005E+1
-2.000005E+1
-2.000005E+1
-2.000005E+1
-2.000005E+1
-2.000005E+1
-2.000005E+1
-2.000005E+1
-2.000005E+1
-1.849477E+1
-1.479331E+1
-1.309840E+1
-1.183273E+1
-1.077433E+1
-9.914378E+0
-9.252878E+0
-8.722208E+0
-8.347358E+0
-8.088638E+0
-7.966628E+0
-7.975448E+0
-8.134208E+0
-8.494358E+0
-9.133808E+0
-1.032745E+1
-1.397893E+1
-2.000005E+1
-2.000005E+1
-2.000005E+1
-2.000005E+1
-2.000005E+1
-2.000005E+1
-2.000005E+1
-2.000005E+1
-2.000005E+1
-2.000005E+1
-2.000005E+1
-2.000005E+1
-2.000005E+1
-2.000005E+1
-2.000005E+1
-2.000005E+1
-2.000005E+1
-2.000005E+1
-2.000005E+1
-2.000005E+1
-2.000005E+1
-2.000005E+1
-2.000005E+1
-2.000005E+1
-2.000005E+1
-2.000005E+1
-2.000005E+1
-2.000005E+1
-2.000005E+1
-2.000005E+1
-2.000005E+1
-2.000005E+1
-2.000005E+1
-2.000005E+1
-2.000005E+1
-2.000005E+1
-2.000005E+1
-2.000005E+1
-2.000005E+1
-2.000005E+1
-2.000005E+1
-2.000005E+1
-2.000005E+1
-2.000005E+1
-2.000005E+1
-2.000005E+1
-2.000005E+1
-2.000005E+1
-1.338799E+1
-1.093456E+1
-9.914378E+0
-9.330788E+0
-9.061778E+0
-9.033848E+0
-9.269048E+0
-9.873218E+0
-1.110802E+1
-1.698949E+1
-2.000005E+1
-2.000005E+1
-2.000005E+1
-2.000005E+1
-2.000005E+1
-2.000005E+1
-2.000005E+1
-2.000005E+1
-2.000005E+1
-2.000005E+1
-2.000005E+1
-2.000005E+1
-2.000005E+1
-2.000005E+1
-2.000005E+1
-2.000005E+1
-2.000005E+1
-2.000005E+1
-2.000005E+1
-2.000005E+1
-2.000005E+1
-2.000005E+1
-2.000005E+1
-2.000005E+1
-2.000005E+1
-2.000005E+1
-2.000005E+1
-2.000005E+1
-2.000005E+1
-2.000005E+1
-2.000005E+1
-2.000005E+1
-2.000005E+1
-2.000005E+1
-2.000005E+1
-2.000005E+1
-2.000005E+1
-1.443022E+1
-1.240750E+1
-1.146082E+1
-1.080520E+1
-1.040389E+1
-1.013341E+1
-1.004374E+1
-1.010989E+1
-1.037743E+1
-1.090222E+1
-1.183273E+1
-1.397893E+1
-2.000005E+1
-2.000005E+1
-2.000005E+1
-2.000005E+1
-2.000005E+1
-2.000005E+1
-2.000005E+1
-2.000005E+1
-2.000005E+1
-2.000005E+1
-2.000005E+1
-2.000005E+1
-2.000005E+1
-2.000005E+1
-2.000005E+1
-2.000005E+1
-2.000005E+1
-2.000005E+1
-2.000005E+1
-2.000005E+1
-2.000005E+1
-2.000005E+1
-1.349383E+1
-1.129765E+1
-1.020397E+1
-9.463088E+0
-8.938298E+0
-8.548748E+0
-8.257688E+0
-8.070998E+0
-7.966628E+0
-7.948988E+0
-8.018078E+0
-8.190068E+0
-8.450258E+0
-8.795708E+0
-9.207308E+0
-9.639488E+0
-9.977588E+0
-1.013341E+1
-1.006579E+1
-9.773258E+0
-9.413108E+0
-9.061778E+0
-8.772188E+0
-8.560508E+0
-8.450258E+0
-8.419388E+0
-8.482598E+0
-8.651648E+0
-8.925068E+0
-9.363128E+0
-1.002169E+1
-1.110802E+1
-1.360555E+1
-2.000005E+1
-2.000005E+1
-2.000005E+1
-2.000005E+1
-2.000005E+1
-2.000005E+1
-2.000005E+1
-2.000005E+1
-2.000005E+1
-2.000005E+1
-2.000005E+1
-2.000005E+1
-1.849477E+1
-1.247365E+1
-1.103746E+1
-1.020397E+1
-9.676238E+0
-9.330788E+0
-9.133808E+0
-9.075008E+0
-9.133808E+0
-9.283748E+0
-9.514538E+0
-9.792368E+0
-1.006579E+1
-1.027747E+1
-1.043035E+1
-1.043035E+1
-1.032745E+1
-1.010989E+1
-9.852638E+0
-9.585098E+0
-9.346958E+0
-9.148508E+0
-9.005918E+0
-8.951528E+0
-8.992688E+0
-9.133808E+0
-9.396938E+0
-9.832058E+0
-1.053913E+1
-1.173277E+1
-1.460368E+1
-2.000005E+1
-2.000005E+1
-2.000005E+1
-2.000005E+1
-2.000005E+1
-2.000005E+1
-2.000005E+1
-2.000005E+1
-2.000005E+1
-2.000005E+1
-1.292494E+1
-1.137850E+1
-1.051120E+1
-9.977588E+0
-9.695348E+0
-9.602738E+0
-9.714458E+0
-1.008784E+1
-1.083607E+1
-1.247365E+1
-2.000005E+1
-2.000005E+1
-2.000005E+1
-2.000005E+1
-2.000005E+1
-2.000005E+1
-2.000005E+1
-2.000005E+1
-2.000005E+1
-2.000005E+1
-2.000005E+1
-1.360555E+1
-1.168573E+1
-1.071259E+1
-1.013341E+1
-9.752678E+0
-9.549818E+0
-9.480728E+0
-9.567458E+0
-9.811478E+0
-1.025248E+1
-1.100218E+1
-1.221787E+1
-1.479331E+1
-2.000005E+1
-2.000005E+1
-2.000005E+1
-2.000005E+1
-2.000005E+1
-2.000005E+1
-2.000005E+1
-2.000005E+1
-2.000005E+1
-2.000005E+1
-2.000005E+1
-2.000005E+1
-2.000005E+1
-2.000005E+1
-2.000005E+1
-1.849477E+1
-1.309840E+1
-1.150492E+1
-1.062439E+1
-1.008784E+1
-9.773258E+0
-9.639488E+0
-9.658598E+0
-9.873218E+0
-1.025248E+1
-1.086841E+1
-1.183273E+1
-1.372315E+1
-2.000005E+1
-2.000005E+1
-2.000005E+1
-2.000005E+1
-2.000005E+1
-2.000005E+1
-2.000005E+1
-2.000005E+1
-2.000005E+1
-2.000005E+1
-2.000005E+1
-2.000005E+1
-2.000005E+1
-2.000005E+1
-2.000005E+1
-2.000005E+1
-2.000005E+1
-2.000005E+1
-2.000005E+1
-2.000005E+1
-2.000005E+1
