Date/Time	2022-06-12 04:25:29
Line location	3
Line name	C1
OTDR wavelength [nm]	1625
OTDR pulse duration [ns]	2
OTDR scan time [s]	10
OTDR scan length [m]	1.500000E+2
Length offset [m]	0.000000E+0
Length increment [m]	3.996806E-2
Switch ID	VIAVI Solutions,OTU 8000E,11654,FO,16.76
OTDR ID	JDSU,OTU 8000E,11654,OTU(SmartOTU),V7.22

Reflected amplitude [dB]
1.426672E+0
1.334062E+0
1.226752E+0
1.125322E+0
1.041532E+0
9.944920E-1
1.009192E+0
1.107682E+0
1.281142E+0
1.503112E+0
1.754482E+0
2.005852E+0
2.224882E+0
2.399812E+0
2.529172E+0
2.621782E+0
2.684992E+0
2.717332E+0
2.712922E+0
2.668822E+0
2.583562E+0
2.460082E+0
2.302792E+0
2.111692E+0
1.905892E+0
1.705972E+0
1.523692E+0
1.338472E+0
1.140022E+0
9.356920E-1
7.401820E-1
5.667220E-1
4.182520E-1
2.962420E-1
1.992220E-1
1.213120E-1
5.957200E-2
1.253200E-2
-2.421800E-2
-5.361800E-2
-7.566800E-2
-9.183800E-2
-1.050680E-1
-1.153580E-1
-1.227080E-1
-1.285880E-1
-1.300580E-1
-1.300580E-1
-1.285880E-1
-1.256480E-1
-1.227080E-1
-1.197680E-1
-1.212380E-1
-1.271180E-1
-1.359380E-1
-1.491680E-1
-1.668080E-1
-1.873880E-1
-2.109080E-1
-2.344280E-1
-2.594180E-1
-2.844080E-1
-3.079280E-1
-3.314480E-1
-3.520280E-1
-3.696680E-1
-3.843680E-1
-3.946580E-1
-3.975980E-1
-3.961280E-1
-3.887780E-1
-3.740780E-1
-3.549680E-1
-3.314480E-1
-3.064580E-1
-2.799980E-1
-2.535380E-1
-2.285480E-1
-2.064980E-1
-1.888580E-1
-1.741580E-1
-1.668080E-1
-1.623980E-1
-1.638680E-1
-1.712180E-1
-1.844480E-1
-2.020880E-1
-2.241380E-1
-2.505980E-1
-2.799980E-1
-3.108680E-1
-3.432080E-1
-3.755480E-1
-4.064180E-1
-4.358180E-1
-4.622780E-1
-4.872680E-1
-5.078480E-1
-5.269580E-1
-5.431280E-1
-5.563580E-1
-5.681180E-1
-5.769380E-1
-5.828180E-1
-5.886980E-1
-5.916380E-1
-5.931080E-1
-5.945780E-1
-5.975180E-1
-5.989880E-1
-6.019280E-1
-6.048680E-1
-6.092780E-1
-6.136880E-1
-6.166280E-1
-6.210380E-1
-6.254480E-1
-6.298580E-1
-6.327980E-1
-6.357380E-1
-6.386780E-1
-6.401480E-1
-6.416180E-1
-6.416180E-1
-6.401480E-1
-6.386780E-1
-6.372080E-1
-6.357380E-1
-6.342680E-1
-6.342680E-1
-6.342680E-1
-6.357380E-1
-6.386780E-1
-6.416180E-1
-6.460280E-1
-6.504380E-1
-6.533780E-1
-6.563180E-1
-6.592580E-1
-6.621980E-1
-6.636680E-1
-6.621980E-1
-6.577880E-1
-6.489680E-1
-6.342680E-1
-6.136880E-1
-5.901680E-1
-5.622380E-1
-5.254880E-1
-4.549280E-1
-3.358580E-1
-1.917980E-1
-5.508800E-2
5.957200E-2
1.477720E-1
2.168620E-1
2.668420E-1
3.021220E-1
3.241720E-1
3.359320E-1
3.344620E-1
3.212320E-1
2.933020E-1
2.521420E-1
2.006920E-1
1.448320E-1
8.897200E-2
3.311200E-2
-2.127800E-2
-7.713800E-2
-1.315280E-1
-1.815080E-1
-2.300180E-1
-2.726480E-1
-3.093980E-1
-3.402680E-1
-3.667280E-1
-3.902480E-1
-4.093580E-1
-4.269980E-1
-4.431680E-1
-4.593380E-1
-4.740380E-1
-4.872680E-1
-4.990280E-1
-5.093180E-1
-5.166680E-1
-5.196080E-1
-5.210780E-1
-5.210780E-1
-5.181380E-1
-5.137280E-1
-5.078480E-1
-5.034380E-1
-4.990280E-1
-4.946180E-1
-4.931480E-1
-4.931480E-1
-4.960880E-1
-5.034380E-1
-5.137280E-1
-5.269580E-1
-5.416580E-1
-5.563580E-1
-5.681180E-1
-5.784080E-1
-5.828180E-1
-5.842880E-1
-5.798780E-1
-5.739980E-1
-5.637080E-1
-5.504780E-1
-5.357780E-1
-5.196080E-1
-5.004980E-1
-4.799180E-1
-4.593380E-1
-4.372880E-1
-4.152380E-1
-3.961280E-1
-3.784880E-1
-3.652580E-1
-3.549680E-1
-3.490880E-1
-3.461480E-1
-3.490880E-1
-3.534980E-1
-3.623180E-1
-3.711380E-1
-3.828980E-1
-3.946580E-1
-4.078880E-1
-4.196480E-1
-4.314080E-1
-4.416980E-1
-4.534580E-1
-4.637480E-1
-4.755080E-1
-4.857980E-1
-4.975580E-1
-5.078480E-1
-5.181380E-1
-5.254880E-1
-5.313680E-1
-5.343080E-1
-5.343080E-1
-5.298980E-1
-5.240180E-1
-5.151980E-1
-5.063780E-1
-4.960880E-1
-4.872680E-1
-4.813880E-1
-4.769780E-1
-4.755080E-1
-4.769780E-1
-4.813880E-1
-4.887380E-1
-4.975580E-1
-5.093180E-1
-5.210780E-1
-5.357780E-1
-5.490080E-1
-5.637080E-1
-5.769380E-1
-5.901680E-1
-6.004580E-1
-6.107480E-1
-6.180980E-1
-6.225080E-1
-6.239780E-1
-6.225080E-1
-6.180980E-1
-6.122180E-1
-6.033980E-1
-5.931080E-1
-5.813480E-1
-5.710580E-1
-5.592980E-1
-5.460680E-1
-5.328380E-1
-5.196080E-1
-5.049080E-1
-4.916780E-1
-4.799180E-1
-4.681580E-1
-4.578680E-1
-4.490480E-1
-4.446380E-1
-4.402280E-1
-4.387580E-1
-4.387580E-1
-4.416980E-1
-4.446380E-1
-4.490480E-1
-4.534580E-1
-4.593380E-1
-4.666880E-1
-4.755080E-1
-4.843280E-1
-4.946180E-1
-5.049080E-1
-5.166680E-1
-5.269580E-1
-5.372480E-1
-5.460680E-1
-5.548880E-1
-5.607680E-1
-5.666480E-1
-5.695880E-1
-5.710580E-1
-5.710580E-1
-5.695880E-1
-5.681180E-1
-5.666480E-1
-5.666480E-1
-5.666480E-1
-5.666480E-1
-5.681180E-1
-5.695880E-1
-5.725280E-1
-5.739980E-1
-5.754680E-1
-5.754680E-1
-5.739980E-1
-5.710580E-1
-5.666480E-1
-5.637080E-1
-5.592980E-1
-5.563580E-1
-5.534180E-1
-5.504780E-1
-5.475380E-1
-5.445980E-1
-5.401880E-1
-5.357780E-1
-5.298980E-1
-5.210780E-1
-5.122580E-1
-5.019680E-1
-4.902080E-1
-4.769780E-1
-4.637480E-1
-4.505180E-1
-4.372880E-1
-4.240580E-1
-4.137680E-1
-4.049480E-1
-3.975980E-1
-3.931880E-1
-3.902480E-1
-3.902480E-1
-3.917180E-1
-3.946580E-1
-3.975980E-1
-4.034780E-1
-4.078880E-1
-4.137680E-1
-4.211180E-1
-4.299380E-1
-4.387580E-1
-4.505180E-1
-4.637480E-1
-4.784480E-1
-4.946180E-1
-5.122580E-1
-5.298980E-1
-5.460680E-1
-5.607680E-1
-5.725280E-1
-5.813480E-1
-5.872280E-1
-5.886980E-1
-5.886980E-1
-5.842880E-1
-5.784080E-1
-5.710580E-1
-5.607680E-1
-5.504780E-1
-5.401880E-1
-5.284280E-1
-5.181380E-1
-5.093180E-1
-5.019680E-1
-4.975580E-1
-4.946180E-1
-4.931480E-1
-4.931480E-1
-4.946180E-1
-4.946180E-1
-4.960880E-1
-4.946180E-1
-4.931480E-1
-4.902080E-1
-4.872680E-1
-4.828580E-1
-4.769780E-1
-4.710980E-1
-4.666880E-1
-4.608080E-1
-4.534580E-1
-4.475780E-1
-4.387580E-1
-4.314080E-1
-4.225880E-1
-4.122980E-1
-4.020080E-1
-3.917180E-1
-3.828980E-1
-3.740780E-1
-3.652580E-1
-3.579080E-1
-3.520280E-1
-3.490880E-1
-3.461480E-1
-3.461480E-1
-3.490880E-1
-3.534980E-1
-3.593780E-1
-3.681980E-1
-3.770180E-1
-3.858380E-1
-3.946580E-1
-4.034780E-1
-4.108280E-1
-4.181780E-1
-4.269980E-1
-4.343480E-1
-4.446380E-1
-4.563980E-1
-4.710980E-1
-4.857980E-1
-5.034380E-1
-5.196080E-1
-5.372480E-1
-5.519480E-1
-5.651780E-1
-5.754680E-1
-5.842880E-1
-5.886980E-1
-5.901680E-1
-5.901680E-1
-5.886980E-1
-5.857580E-1
-5.813480E-1
-5.769380E-1
-5.725280E-1
-5.681180E-1
-5.622380E-1
-5.578280E-1
-5.548880E-1
-5.504780E-1
-5.475380E-1
-5.445980E-1
-5.416580E-1
-5.387180E-1
-5.357780E-1
-5.313680E-1
-5.254880E-1
-5.196080E-1
-5.122580E-1
-5.078480E-1
-5.019680E-1
-4.990280E-1
-4.975580E-1
-4.960880E-1
-4.960880E-1
-4.960880E-1
-4.960880E-1
-4.960880E-1
-4.946180E-1
-4.916780E-1
-4.872680E-1
-4.843280E-1
-4.799180E-1
-4.755080E-1
-4.725680E-1
-4.710980E-1
-4.710980E-1
-4.710980E-1
-4.725680E-1
-4.755080E-1
-4.769780E-1
-4.799180E-1
-4.828580E-1
-4.857980E-1
-4.902080E-1
-4.946180E-1
-5.004980E-1
-5.063780E-1
-5.151980E-1
-5.240180E-1
-5.343080E-1
-5.460680E-1
-5.563580E-1
-5.651780E-1
-5.739980E-1
-5.798780E-1
-5.842880E-1
-5.857580E-1
-5.842880E-1
-5.813480E-1
-5.784080E-1
-5.725280E-1
-5.651780E-1
-5.563580E-1
-5.475380E-1
-5.387180E-1
-5.284280E-1
-5.166680E-1
-5.063780E-1
-4.946180E-1
-4.828580E-1
-4.740380E-1
-4.652180E-1
-4.593380E-1
-4.563980E-1
-4.549280E-1
-4.578680E-1
-4.622780E-1
-4.710980E-1
-4.813880E-1
-4.931480E-1
-5.078480E-1
-5.210780E-1
-5.372480E-1
-5.519480E-1
-5.651780E-1
-5.784080E-1
-5.916380E-1
-6.019280E-1
-6.107480E-1
-6.180980E-1
-6.225080E-1
-6.254480E-1
-6.254480E-1
-6.239780E-1
-6.195680E-1
-6.136880E-1
-6.063380E-1
-5.975180E-1
-5.872280E-1
-5.784080E-1
-5.695880E-1
-5.622380E-1
-5.563580E-1
-5.519480E-1
-5.490080E-1
-5.490080E-1
-5.490080E-1
-5.504780E-1
-5.519480E-1
-5.504780E-1
-5.475380E-1
-5.431280E-1
-5.372480E-1
-5.313680E-1
-5.240180E-1
-5.196080E-1
-5.151980E-1
-5.151980E-1
-5.151980E-1
-5.181380E-1
-5.210780E-1
-5.225480E-1
-5.254880E-1
-5.254880E-1
-5.254880E-1
-5.225480E-1
-5.210780E-1
-5.181380E-1
-5.151980E-1
-5.137280E-1
-5.137280E-1
-5.137280E-1
-5.137280E-1
-5.137280E-1
-5.137280E-1
-5.122580E-1
-5.107880E-1
-5.078480E-1
-5.049080E-1
-5.034380E-1
-5.019680E-1
-5.019680E-1
-5.034380E-1
-5.063780E-1
-5.093180E-1
-5.151980E-1
-5.225480E-1
-5.298980E-1
-5.387180E-1
-5.475380E-1
-5.548880E-1
-5.607680E-1
-5.637080E-1
-5.637080E-1
-5.607680E-1
-5.534180E-1
-5.445980E-1
-5.328380E-1
-5.225480E-1
-5.137280E-1
-5.063780E-1
-5.034380E-1
-5.019680E-1
-5.049080E-1
-5.093180E-1
-5.151980E-1
-5.225480E-1
-5.284280E-1
-5.357780E-1
-5.416580E-1
-5.475380E-1
-5.519480E-1
-5.563580E-1
-5.607680E-1
-5.637080E-1
-5.666480E-1
-5.681180E-1
-5.695880E-1
-5.695880E-1
-5.710580E-1
-5.725280E-1
-5.739980E-1
-5.769380E-1
-5.798780E-1
-5.813480E-1
-5.813480E-1
-5.813480E-1
-5.769380E-1
-5.725280E-1
-5.651780E-1
-5.563580E-1
-5.460680E-1
-5.357780E-1
-5.269580E-1
-5.181380E-1
-5.107880E-1
-5.049080E-1
-5.004980E-1
-4.990280E-1
-4.990280E-1
-5.004980E-1
-5.049080E-1
-5.093180E-1
-5.151980E-1
-5.210780E-1
-5.269580E-1
-5.343080E-1
-5.387180E-1
-5.431280E-1
-5.460680E-1
-5.475380E-1
-5.475380E-1
-5.475380E-1
-5.475380E-1
-5.460680E-1
-5.431280E-1
-5.401880E-1
-5.372480E-1
-5.328380E-1
-5.284280E-1
-5.225480E-1
-5.166680E-1
-5.093180E-1
-5.019680E-1
-4.946180E-1
-4.872680E-1
-4.813880E-1
-4.755080E-1
-4.725680E-1
-4.710980E-1
-4.740380E-1
-4.784480E-1
-4.857980E-1
-4.960880E-1
-5.063780E-1
-5.166680E-1
-5.269580E-1
-5.357780E-1
-5.416580E-1
-5.445980E-1
-5.445980E-1
-5.431280E-1
-5.387180E-1
-5.343080E-1
-5.269580E-1
-5.196080E-1
-5.122580E-1
-5.049080E-1
-4.975580E-1
-4.931480E-1
-4.887380E-1
-4.872680E-1
-4.857980E-1
-4.857980E-1
-4.872680E-1
-4.872680E-1
-4.872680E-1
-4.857980E-1
-4.843280E-1
-4.813880E-1
-4.799180E-1
-4.799180E-1
-4.799180E-1
-4.843280E-1
-4.902080E-1
-4.990280E-1
-5.093180E-1
-5.210780E-1
-5.313680E-1
-5.416580E-1
-5.504780E-1
-5.578280E-1
-5.637080E-1
-5.681180E-1
-5.725280E-1
-5.754680E-1
-5.769380E-1
-5.784080E-1
-5.769380E-1
-5.739980E-1
-5.695880E-1
-5.622380E-1
-5.534180E-1
-5.445980E-1
-5.357780E-1
-5.284280E-1
-5.210780E-1
-5.151980E-1
-5.107880E-1
-5.063780E-1
-5.019680E-1
-4.990280E-1
-4.946180E-1
-4.916780E-1
-4.887380E-1
-4.887380E-1
-4.887380E-1
-4.916780E-1
-4.975580E-1
-5.049080E-1
-5.137280E-1
-5.240180E-1
-5.357780E-1
-5.460680E-1
-5.548880E-1
-5.622380E-1
-5.681180E-1
-5.710580E-1
-5.710580E-1
-5.695880E-1
-5.666480E-1
-5.651780E-1
-5.607680E-1
-5.592980E-1
-5.563580E-1
-5.548880E-1
-5.548880E-1
-5.548880E-1
-5.563580E-1
-5.578280E-1
-5.592980E-1
-5.607680E-1
-5.622380E-1
-5.622380E-1
-5.607680E-1
-5.578280E-1
-5.534180E-1
-5.504780E-1
-5.460680E-1
-5.445980E-1
-5.445980E-1
-5.460680E-1
-5.504780E-1
-5.578280E-1
-5.666480E-1
-5.754680E-1
-5.842880E-1
-5.916380E-1
-5.960480E-1
-5.989880E-1
-6.004580E-1
-5.989880E-1
-5.945780E-1
-5.901680E-1
-5.828180E-1
-5.754680E-1
-5.666480E-1
-5.563580E-1
-5.460680E-1
-5.357780E-1
-5.254880E-1
-5.166680E-1
-5.093180E-1
-5.063780E-1
-5.049080E-1
-5.093180E-1
-5.166680E-1
-5.269580E-1
-5.416580E-1
-5.563580E-1
-5.725280E-1
-5.872280E-1
-6.004580E-1
-6.107480E-1
-6.166280E-1
-6.180980E-1
-6.151580E-1
-6.092780E-1
-6.019280E-1
-5.916380E-1
-5.798780E-1
-5.681180E-1
-5.578280E-1
-5.475380E-1
-5.372480E-1
-5.298980E-1
-5.254880E-1
-5.210780E-1
-5.210780E-1
-5.240180E-1
-5.298980E-1
-5.387180E-1
-5.490080E-1
-5.607680E-1
-5.739980E-1
-5.872280E-1
-5.989880E-1
-6.078080E-1
-6.151580E-1
-6.195680E-1
-6.195680E-1
-6.166280E-1
-6.107480E-1
-6.019280E-1
-5.931080E-1
-5.828180E-1
-5.739980E-1
-5.651780E-1
-5.578280E-1
-5.534180E-1
-5.490080E-1
-5.490080E-1
-5.504780E-1
-5.534180E-1
-5.592980E-1
-5.651780E-1
-5.695880E-1
-5.739980E-1
-5.754680E-1
-5.769380E-1
-5.754680E-1
-5.725280E-1
-5.681180E-1
-5.651780E-1
-5.622380E-1
-5.607680E-1
-5.622380E-1
-5.637080E-1
-5.681180E-1
-5.725280E-1
-5.784080E-1
-5.828180E-1
-5.857580E-1
-5.872280E-1
-5.842880E-1
-5.784080E-1
-5.695880E-1
-5.578280E-1
-5.445980E-1
-5.313680E-1
-5.181380E-1
-5.078480E-1
-5.004980E-1
-4.960880E-1
-4.960880E-1
-4.990280E-1
-5.049080E-1
-5.122580E-1
-5.196080E-1
-5.284280E-1
-5.372480E-1
-5.460680E-1
-5.534180E-1
-5.607680E-1
-5.666480E-1
-5.695880E-1
-5.710580E-1
-5.710580E-1
-5.681180E-1
-5.637080E-1
-5.578280E-1
-5.534180E-1
-5.504780E-1
-5.490080E-1
-5.504780E-1
-5.534180E-1
-5.578280E-1
-5.651780E-1
-5.710580E-1
-5.784080E-1
-5.828180E-1
-5.857580E-1
-5.857580E-1
-5.842880E-1
-5.798780E-1
-5.739980E-1
-5.666480E-1
-5.578280E-1
-5.490080E-1
-5.416580E-1
-5.343080E-1
-5.284280E-1
-5.240180E-1
-5.210780E-1
-5.225480E-1
-5.240180E-1
-5.284280E-1
-5.313680E-1
-5.357780E-1
-5.387180E-1
-5.401880E-1
-5.416580E-1
-5.401880E-1
-5.401880E-1
-5.401880E-1
-5.416580E-1
-5.445980E-1
-5.490080E-1
-5.548880E-1
-5.607680E-1
-5.681180E-1
-5.754680E-1
-5.828180E-1
-5.872280E-1
-5.901680E-1
-5.931080E-1
-5.931080E-1
-5.916380E-1
-5.886980E-1
-5.857580E-1
-5.828180E-1
-5.784080E-1
-5.739980E-1
-5.681180E-1
-5.622380E-1
-5.548880E-1
-5.475380E-1
-5.387180E-1
-5.298980E-1
-5.210780E-1
-5.137280E-1
-5.078480E-1
-5.019680E-1
-4.960880E-1
-4.946180E-1
-4.931480E-1
-4.931480E-1
-4.931480E-1
-4.960880E-1
-5.004980E-1
-5.049080E-1
-5.107880E-1
-5.166680E-1
-5.210780E-1
-5.254880E-1
-5.284280E-1
-5.284280E-1
-5.269580E-1
-5.225480E-1
-5.166680E-1
-5.107880E-1
-5.049080E-1
-4.990280E-1
-4.946180E-1
-4.916780E-1
-4.916780E-1
-4.916780E-1
-4.916780E-1
-4.931480E-1
-4.931480E-1
-4.931480E-1
-4.916780E-1
-4.902080E-1
-4.887380E-1
-4.857980E-1
-4.843280E-1
-4.828580E-1
-4.828580E-1
-4.828580E-1
-4.843280E-1
-4.857980E-1
-4.902080E-1
-4.931480E-1
-4.990280E-1
-5.049080E-1
-5.122580E-1
-5.210780E-1
-5.298980E-1
-5.401880E-1
-5.504780E-1
-5.607680E-1
-5.725280E-1
-5.828180E-1
-5.931080E-1
-6.033980E-1
-6.122180E-1
-6.210380E-1
-6.269180E-1
-6.327980E-1
-6.342680E-1
-6.342680E-1
-6.327980E-1
-6.269180E-1
-6.180980E-1
-6.078080E-1
-5.945780E-1
-5.798780E-1
-5.637080E-1
-5.460680E-1
-5.284280E-1
-5.122580E-1
-4.960880E-1
-4.813880E-1
-4.696280E-1
-4.608080E-1
-4.563980E-1
-4.578680E-1
-4.652180E-1
-4.784480E-1
-5.019680E-1
-5.328380E-1
-5.695880E-1
-6.136880E-1
-6.710180E-1
-7.459880E-1
-8.356580E-1
-9.312080E-1
-1.023818E+0
-1.110548E+0
-1.192868E+0
-1.269308E+0
-1.335458E+0
-1.392788E+0
-1.438358E+0
-1.473638E+0
-1.500098E+0
-1.519208E+0
-1.533908E+0
-1.544198E+0
-1.553018E+0
-1.561838E+0
-1.572128E+0
-1.582418E+0
-1.592708E+0
-1.605938E+0
-1.617698E+0
-1.632398E+0
-1.645628E+0
-1.658858E+0
-1.672088E+0
-1.685318E+0
-1.695608E+0
-1.705898E+0
-1.716188E+0
-1.725008E+0
-1.733828E+0
-1.741178E+0
-1.748528E+0
-1.754408E+0
-1.761758E+0
-1.769108E+0
-1.776458E+0
-1.783808E+0
-1.792628E+0
-1.801448E+0
-1.810268E+0
-1.817618E+0
-1.824968E+0
-1.832318E+0
-1.836728E+0
-1.841138E+0
-1.845548E+0
-1.848488E+0
-1.851428E+0
-1.852898E+0
-1.854368E+0
-1.852898E+0
-1.851428E+0
-1.847018E+0
-1.841138E+0
-1.835258E+0
-1.824968E+0
-1.816148E+0
-1.805858E+0
-1.797038E+0
-1.791158E+0
-1.788218E+0
-1.788218E+0
-1.794098E+0
-1.804388E+0
-1.819088E+0
-1.838198E+0
-1.857308E+0
-1.876418E+0
-1.892588E+0
-1.905818E+0
-1.914638E+0
-1.919048E+0
-1.917578E+0
-1.914638E+0
-1.908758E+0
-1.901408E+0
-1.894058E+0
-1.889648E+0
-1.886708E+0
-1.889648E+0
-1.895528E+0
-1.908758E+0
-1.926398E+0
-1.948448E+0
-1.971968E+0
-1.996958E+0
-2.020478E+0
-2.041058E+0
-2.057228E+0
-2.068988E+0
-2.074868E+0
-2.077808E+0
-2.076338E+0
-2.073398E+0
-2.067518E+0
-2.061638E+0
-2.054288E+0
-2.048408E+0
-2.042528E+0
-2.038118E+0
-2.035178E+0
-2.035178E+0
-2.036648E+0
-2.039588E+0
-2.043998E+0
-2.048408E+0
-2.052818E+0
-2.055758E+0
-2.058698E+0
-2.061638E+0
-2.066048E+0
-2.070458E+0
-2.076338E+0
-2.085158E+0
-2.095448E+0
-2.110148E+0
-2.124848E+0
-2.139548E+0
-2.154248E+0
-2.166008E+0
-2.174828E+0
-2.179238E+0
-2.179238E+0
-2.176298E+0
-2.170418E+0
-2.163068E+0
-2.155718E+0
-2.149838E+0
-2.145428E+0
-2.143958E+0
-2.142488E+0
-2.142488E+0
-2.142488E+0
-2.142488E+0
-2.142488E+0
-2.141018E+0
-2.141018E+0
-2.139548E+0
-2.139548E+0
-2.141018E+0
-2.141018E+0
-2.139548E+0
-2.138078E+0
-2.133668E+0
-2.129258E+0
-2.124848E+0
-2.118968E+0
-2.117498E+0
-2.117498E+0
-2.121908E+0
-2.130728E+0
-2.141018E+0
-2.154248E+0
-2.168948E+0
-2.182178E+0
-2.193938E+0
-2.204228E+0
-2.213048E+0
-2.220398E+0
-2.227748E+0
-2.235098E+0
-2.242448E+0
-2.249798E+0
-2.255678E+0
-2.261558E+0
-2.267438E+0
-2.270378E+0
-2.273318E+0
-2.273318E+0
-2.276258E+0
-2.279198E+0
-2.283608E+0
-2.289488E+0
-2.296838E+0
-2.304188E+0
-2.311538E+0
-2.315948E+0
-2.315948E+0
-2.311538E+0
-2.302718E+0
-2.292428E+0
-2.280668E+0
-2.268908E+0
-2.258618E+0
-2.252738E+0
-2.251268E+0
-2.254208E+0
-2.261558E+0
-2.271848E+0
-2.286548E+0
-2.304188E+0
-2.323298E+0
-2.342408E+0
-2.362988E+0
-2.380628E+0
-2.396798E+0
-2.410028E+0
-2.420318E+0
-2.424728E+0
-2.424728E+0
-2.420318E+0
-2.411498E+0
-2.399738E+0
-2.385038E+0
-2.371808E+0
-2.360048E+0
-2.354168E+0
-2.355638E+0
-2.364458E+0
-2.382098E+0
-2.408558E+0
-2.440898E+0
-2.476178E+0
-2.514398E+0
-2.549678E+0
-2.580548E+0
-2.605538E+0
-2.620238E+0
-2.627588E+0
-2.629058E+0
-2.624648E+0
-2.617298E+0
-2.609948E+0
-2.602598E+0
-2.596718E+0
-2.593778E+0
-2.593778E+0
-2.595248E+0
-2.599658E+0
-2.605538E+0
-2.609948E+0
-2.611418E+0
-2.609948E+0
-2.602598E+0
-2.589368E+0
-2.570258E+0
-2.545268E+0
-2.518808E+0
-2.490878E+0
-2.464418E+0
-2.440898E+0
-2.423258E+0
-2.410028E+0
-2.402678E+0
-2.401208E+0
-2.401208E+0
-2.405618E+0
-2.411498E+0
-2.418848E+0
-2.429138E+0
-2.442368E+0
-2.458538E+0
-2.482058E+0
-2.508518E+0
-2.542328E+0
-2.580548E+0
-2.620238E+0
-2.658458E+0
-2.695208E+0
-2.723138E+0
-2.745188E+0
-2.758418E+0
-2.762828E+0
-2.759888E+0
-2.754008E+0
-2.745188E+0
-2.734898E+0
-2.723138E+0
-2.712848E+0
-2.699618E+0
-2.686388E+0
-2.671688E+0
-2.656988E+0
-2.640818E+0
-2.624648E+0
-2.611418E+0
-2.599658E+0
-2.590838E+0
-2.584958E+0
-2.583488E+0
-2.583488E+0
-2.587898E+0
-2.592308E+0
-2.598188E+0
-2.605538E+0
-2.614358E+0
-2.621708E+0
-2.631998E+0
-2.642288E+0
-2.654048E+0
-2.664338E+0
-2.674628E+0
-2.684918E+0
-2.692268E+0
-2.695208E+0
-2.695208E+0
-2.692268E+0
-2.689328E+0
-2.687858E+0
-2.686388E+0
-2.689328E+0
-2.696678E+0
-2.708438E+0
-2.723138E+0
-2.739308E+0
-2.751068E+0
-2.759888E+0
-2.764298E+0
-2.761358E+0
-2.754008E+0
-2.742248E+0
-2.729018E+0
-2.717258E+0
-2.706968E+0
-2.699618E+0
-2.698148E+0
-2.701088E+0
-2.709908E+0
-2.723138E+0
-2.740778E+0
-2.762828E+0
-2.786348E+0
-2.811338E+0
-2.836328E+0
-2.858378E+0
-2.876018E+0
-2.889248E+0
-2.898068E+0
-2.902478E+0
-2.902478E+0
-2.896598E+0
-2.890718E+0
-2.881898E+0
-2.874548E+0
-2.868668E+0
-2.864258E+0
-2.861318E+0
-2.865728E+0
-2.873078E+0
-2.883368E+0
-2.898068E+0
-2.915708E+0
-2.934818E+0
-2.952458E+0
-2.967158E+0
-2.978918E+0
-2.986268E+0
-2.989208E+0
-2.987738E+0
-2.987738E+0
-2.986268E+0
-2.987738E+0
-2.993618E+0
-3.002438E+0
-3.015668E+0
-3.027428E+0
-3.036248E+0
-3.043598E+0
-3.045068E+0
-3.040658E+0
-3.031838E+0
-3.018608E+0
-3.003908E+0
-2.987738E+0
-2.974508E+0
-2.962748E+0
-2.955398E+0
-2.953928E+0
-2.956868E+0
-2.967158E+0
-2.983328E+0
-3.008318E+0
-3.039188E+0
-3.074468E+0
-3.115628E+0
-3.155318E+0
-3.192068E+0
-3.225878E+0
-3.250868E+0
-3.265568E+0
-3.271448E+0
-3.271448E+0
-3.265568E+0
-3.256748E+0
-3.244988E+0
-3.233228E+0
-3.219998E+0
-3.206768E+0
-3.193538E+0
-3.180308E+0
-3.167078E+0
-3.153848E+0
-3.145028E+0
-3.139148E+0
-3.140618E+0
-3.147968E+0
-3.164138E+0
-3.187658E+0
-3.218528E+0
-3.256748E+0
-3.299378E+0
-3.343478E+0
-3.387578E+0
-3.428738E+0
-3.462548E+0
-3.486068E+0
-3.496358E+0
-3.494888E+0
-3.478718E+0
-3.449318E+0
-3.414038E+0
-3.372878E+0
-3.331718E+0
-3.296438E+0
-3.269978E+0
-3.250868E+0
-3.240578E+0
-3.237638E+0
-3.239108E+0
-3.242048E+0
-3.247928E+0
-3.250868E+0
-3.255278E+0
-3.261158E+0
-3.268508E+0
-3.278798E+0
-3.292028E+0
-3.305258E+0
-3.319958E+0
-3.333188E+0
-3.344948E+0
-3.355238E+0
-3.364058E+0
-3.372878E+0
-3.381698E+0
-3.391988E+0
-3.403748E+0
-3.411098E+0
-3.416978E+0
-3.414038E+0
-3.405218E+0
-3.386108E+0
-3.361118E+0
-3.333188E+0
-3.303788E+0
-3.280268E+0
-3.259688E+0
-3.249398E+0
-3.244988E+0
-3.249398E+0
-3.258218E+0
-3.268508E+0
-3.280268E+0
-3.292028E+0
-3.303788E+0
-3.318488E+0
-3.336128E+0
-3.358178E+0
-3.387578E+0
-3.421388E+0
-3.461078E+0
-3.502238E+0
-3.543398E+0
-3.578678E+0
-3.609548E+0
-3.631598E+0
-3.644828E+0
-3.649238E+0
-3.647768E+0
-3.638948E+0
-3.622778E+0
-3.605138E+0
-3.583088E+0
-3.562508E+0
-3.544868E+0
-3.534578E+0
-3.530168E+0
-3.534578E+0
-3.546338E+0
-3.565448E+0
-3.587498E+0
-3.609548E+0
-3.630128E+0
-3.644828E+0
-3.655118E+0
-3.658058E+0
-3.655118E+0
-3.649238E+0
-3.638948E+0
-3.627188E+0
-3.613958E+0
-3.602198E+0
-3.591908E+0
-3.581618E+0
-3.571328E+0
-3.559568E+0
-3.544868E+0
-3.525758E+0
-3.503708E+0
-3.477248E+0
-3.449318E+0
-3.421388E+0
-3.394928E+0
-3.372878E+0
-3.355238E+0
-3.342008E+0
-3.331718E+0
-3.328778E+0
-3.327308E+0
-3.328778E+0
-3.333188E+0
-3.342008E+0
-3.352298E+0
-3.368468E+0
-3.386108E+0
-3.408158E+0
-3.433148E+0
-3.459608E+0
-3.487538E+0
-3.516938E+0
-3.546338E+0
-3.575738E+0
-3.603668E+0
-3.630128E+0
-3.655118E+0
-3.678638E+0
-3.700688E+0
-3.722738E+0
-3.744788E+0
-3.766838E+0
-3.788888E+0
-3.810938E+0
-3.831518E+0
-3.844748E+0
-3.852098E+0
-3.852098E+0
-3.843278E+0
-3.827108E+0
-3.802118E+0
-3.774188E+0
-3.741848E+0
-3.709508E+0
-3.678638E+0
-3.650708E+0
-3.630128E+0
-3.616898E+0
-3.611018E+0
-3.612488E+0
-3.622778E+0
-3.640418E+0
-3.662468E+0
-3.684518E+0
-3.702158E+0
-3.715388E+0
-3.719798E+0
-3.716858E+0
-3.709508E+0
-3.697748E+0
-3.688928E+0
-3.684518E+0
-3.684518E+0
-3.691868E+0
-3.706568E+0
-3.728618E+0
-3.755078E+0
-3.783008E+0
-3.813878E+0
-3.843278E+0
-3.869738E+0
-3.894728E+0
-3.915308E+0
-3.934418E+0
-3.953528E+0
-3.975578E+0
-3.997628E+0
-4.022618E+0
-4.047608E+0
-4.072598E+0
-4.094648E+0
-4.110818E+0
-4.119638E+0
-4.119638E+0
-4.112288E+0
-4.097588E+0
-4.081418E+0
-4.060838E+0
-4.041728E+0
-4.022618E+0
-4.003508E+0
-3.988808E+0
-3.975578E+0
-3.963818E+0
-3.957938E+0
-3.956468E+0
-3.960878E+0
-3.971168E+0
-3.988808E+0
-4.010858E+0
-4.040258E+0
-4.069658E+0
-4.103468E+0
-4.137278E+0
-4.172558E+0
-4.206368E+0
-4.238708E+0
-4.271048E+0
-4.300448E+0
-4.329848E+0
-4.351898E+0
-4.366598E+0
-4.376888E+0
-4.378358E+0
-4.369538E+0
-4.354838E+0
-4.331318E+0
-4.300448E+0
-4.266638E+0
-4.226948E+0
-4.184318E+0
-4.141688E+0
-4.099058E+0
-4.059368E+0
-4.022618E+0
-3.991748E+0
-3.965288E+0
-3.947648E+0
-3.934418E+0
-3.925598E+0
-3.924128E+0
-3.925598E+0
-3.931478E+0
-3.938828E+0
-3.949118E+0
-3.963818E+0
-3.982928E+0
-4.012328E+0
-4.050548E+0
-4.097588E+0
-4.156388E+0
-4.221068E+0
-4.288688E+0
-4.351898E+0
-4.407758E+0
-4.447448E+0
-4.469498E+0
-4.473908E+0
-4.462148E+0
-4.438628E+0
-4.410698E+0
-4.381298E+0
-4.351898E+0
-4.326908E+0
-4.306328E+0
-4.290158E+0
-4.278398E+0
-4.272518E+0
-4.268108E+0
-4.268108E+0
-4.271048E+0
-4.278398E+0
-4.290158E+0
-4.303388E+0
-4.321028E+0
-4.346018E+0
-4.372478E+0
-4.403348E+0
-4.437158E+0
-4.469498E+0
-4.494488E+0
-4.513598E+0
-4.520948E+0
-4.513598E+0
-4.497428E+0
-4.470968E+0
-4.443038E+0
-4.415108E+0
-4.395998E+0
-4.382768E+0
-4.379828E+0
-4.388648E+0
-4.409228E+0
-4.437158E+0
-4.468028E+0
-4.503308E+0
-4.540058E+0
-4.573868E+0
-4.600328E+0
-4.619438E+0
-4.626788E+0
-4.620908E+0
-4.598858E+0
-4.563578E+0
-4.513598E+0
-4.457738E+0
-4.395998E+0
-4.332788E+0
-4.273988E+0
-4.226948E+0
-4.190198E+0
-4.168148E+0
-4.157858E+0
-4.160798E+0
-4.172558E+0
-4.190198E+0
-4.209308E+0
-4.225478E+0
-4.234298E+0
-4.237238E+0
-4.237238E+0
-4.234298E+0
-4.235768E+0
-4.246058E+0
-4.266638E+0
-4.297508E+0
-4.338668E+0
-4.382768E+0
-4.426868E+0
-4.465088E+0
-4.494488E+0
-4.516538E+0
-4.531238E+0
-4.545938E+0
-4.559168E+0
-4.575338E+0
-4.595918E+0
-4.615028E+0
-4.628258E+0
-4.632668E+0
-4.622378E+0
-4.604738E+0
-4.575338E+0
-4.540058E+0
-4.504778E+0
-4.473908E+0
-4.450388E+0
-4.435688E+0
-4.425398E+0
-4.419518E+0
-4.410698E+0
-4.393058E+0
-4.357778E+0
-4.306328E+0
-4.232828E+0
-4.143158E+0
-4.047608E+0
-3.950588E+0
-3.730088E+0
-3.120038E+0
-2.174828E+0
-1.210508E+0
-3.770180E-1
3.285820E-1
9.136420E-1
1.378162E+0
1.741252E+0
2.011732E+0
2.205772E+0
2.339542E+0
2.421862E+0
2.449792E+0
2.429212E+0
2.349832E+0
2.211652E+0
2.014672E+0
1.764772E+0
1.482532E+0
1.167952E+0
8.122120E-1
4.241320E-1
-8.048000E-3
-5.049080E-1
-1.048808E+0
-1.607408E+0
-2.158658E+0
-2.693738E+0
-3.209708E+0
-3.708038E+0
-4.194608E+0
-4.675298E+0
-5.148638E+0
-5.626388E+0
-6.101198E+0
-6.574538E+0
-7.055228E+0
-7.541798E+0
-8.062178E+0
-8.639888E+0
-9.299918E+0
-1.008784E+1
-1.110802E+1
-1.254274E+1
-1.479331E+1
-2.000005E+1
-2.000005E+1
-1.610896E+1
-1.338799E+1
-1.198855E+1
-1.110802E+1
-1.053913E+1
-1.018045E+1
-9.999638E+0
-9.999638E+0
-1.013341E+1
-1.040389E+1
-1.080520E+1
-1.133734E+1
-1.188271E+1
-1.240750E+1
-1.268680E+1
-1.254274E+1
-1.204441E+1
-1.141966E+1
-1.083607E+1
-1.032745E+1
-9.873218E+0
-9.496898E+0
-9.177908E+0
-8.872148E+0
-8.604608E+0
-8.357648E+0
-8.134208E+0
-7.948988E+0
-7.818158E+0
-7.747598E+0
-7.747598E+0
-7.825508E+0
-7.982798E+0
-8.219468E+0
-8.538458E+0
-8.925068E+0
-9.363128E+0
-9.852638E+0
-1.035244E+1
-1.080520E+1
-1.114477E+1
-1.137850E+1
-1.146082E+1
-1.146082E+1
-1.141966E+1
-1.141966E+1
-1.154902E+1
-1.183273E+1
-1.240750E+1
-1.384663E+1
-2.000005E+1
-2.000005E+1
-2.000005E+1
-2.000005E+1
-2.000005E+1
-2.000005E+1
-2.000005E+1
-2.000005E+1
-2.000005E+1
-2.000005E+1
-2.000005E+1
-2.000005E+1
-2.000005E+1
-2.000005E+1
-2.000005E+1
-1.338799E+1
-1.107274E+1
-9.999638E+0
-9.330788E+0
-8.898608E+0
-8.639888E+0
-8.526698E+0
-8.526698E+0
-8.628128E+0
-8.833928E+0
-9.148508E+0
-9.602738E+0
-1.022749E+1
-1.118152E+1
-1.292494E+1
-2.000005E+1
-2.000005E+1
-2.000005E+1
-2.000005E+1
-2.000005E+1
-2.000005E+1
-2.000005E+1
-2.000005E+1
-2.000005E+1
-2.000005E+1
-2.000005E+1
-2.000005E+1
-2.000005E+1
-2.000005E+1
-2.000005E+1
-2.000005E+1
-2.000005E+1
-2.000005E+1
-2.000005E+1
-2.000005E+1
-2.000005E+1
-2.000005E+1
-2.000005E+1
-2.000005E+1
-2.000005E+1
-2.000005E+1
-2.000005E+1
-2.000005E+1
-2.000005E+1
-2.000005E+1
-2.000005E+1
-2.000005E+1
-2.000005E+1
-2.000005E+1
-2.000005E+1
-2.000005E+1
-1.698949E+1
-1.188271E+1
-1.074346E+1
-1.030099E+1
-1.020397E+1
-1.032745E+1
-1.068319E+1
-1.125796E+1
-1.198855E+1
-1.284262E+1
-1.349383E+1
-1.372315E+1
-1.319101E+1
-1.254274E+1
-1.198855E+1
-1.154902E+1
-1.125796E+1
-1.103746E+1
-1.090222E+1
-1.080520E+1
-1.062439E+1
-1.043035E+1
-1.015693E+1
-9.873218E+0
-9.602738E+0
-9.396938E+0
-9.252878E+0
-9.177908E+0
-9.207308E+0
-9.316088E+0
-9.496898E+0
-9.752678E+0
-1.008784E+1
-1.045681E+1
-1.090222E+1
-1.141966E+1
-1.210027E+1
-1.309840E+1
-1.548421E+1
-2.000005E+1
-2.000005E+1
-2.000005E+1
-2.000005E+1
-2.000005E+1
-2.000005E+1
-2.000005E+1
-2.000005E+1
-2.000005E+1
-2.000005E+1
-2.000005E+1
-2.000005E+1
-2.000005E+1
-2.000005E+1
-2.000005E+1
-2.000005E+1
-2.000005E+1
-2.000005E+1
-1.849477E+1
-1.284262E+1
-1.173277E+1
-1.129765E+1
-1.125796E+1
-1.154902E+1
-1.215907E+1
-1.349383E+1
-1.849477E+1
-2.000005E+1
-2.000005E+1
-2.000005E+1
-2.000005E+1
-2.000005E+1
-2.000005E+1
-1.849477E+1
-1.328803E+1
-1.188271E+1
-1.107274E+1
-1.062439E+1
-1.032745E+1
-1.018045E+1
-1.015693E+1
-1.020397E+1
-1.035244E+1
-1.056706E+1
-1.093456E+1
-1.150492E+1
-1.234135E+1
-1.372315E+1
-1.849477E+1
-2.000005E+1
-2.000005E+1
-2.000005E+1
-2.000005E+1
-2.000005E+1
-2.000005E+1
-2.000005E+1
-1.443022E+1
-1.292494E+1
-1.210027E+1
-1.159312E+1
-1.129765E+1
-1.114477E+1
-1.110802E+1
-1.114477E+1
-1.133734E+1
-1.163869E+1
-1.215907E+1
-1.309840E+1
-1.548421E+1
-2.000005E+1
-2.000005E+1
-2.000005E+1
-2.000005E+1
-2.000005E+1
-2.000005E+1
-2.000005E+1
-2.000005E+1
-2.000005E+1
-2.000005E+1
-2.000005E+1
-1.349383E+1
-1.133734E+1
-1.037743E+1
-9.852638E+0
-9.585098E+0
-9.549818E+0
-9.733568E+0
-1.013341E+1
-1.080520E+1
-1.198855E+1
-1.443022E+1
-2.000005E+1
-2.000005E+1
-2.000005E+1
-2.000005E+1
-2.000005E+1
-2.000005E+1
-2.000005E+1
-2.000005E+1
-2.000005E+1
-2.000005E+1
-2.000005E+1
-2.000005E+1
-2.000005E+1
-2.000005E+1
-2.000005E+1
-2.000005E+1
-2.000005E+1
-2.000005E+1
-2.000005E+1
-2.000005E+1
-2.000005E+1
-2.000005E+1
-2.000005E+1
-2.000005E+1
-2.000005E+1
-2.000005E+1
-2.000005E+1
-2.000005E+1
-2.000005E+1
-2.000005E+1
-2.000005E+1
-2.000005E+1
-2.000005E+1
-2.000005E+1
-2.000005E+1
-2.000005E+1
-2.000005E+1
-2.000005E+1
-1.698949E+1
-1.443022E+1
-1.384663E+1
-1.372315E+1
-1.384663E+1
-1.411858E+1
-1.411858E+1
-1.384663E+1
-1.360555E+1
-1.328803E+1
-1.309840E+1
-1.301020E+1
-1.301020E+1
-1.309840E+1
-1.328803E+1
-1.319101E+1
-1.276324E+1
-1.215907E+1
-1.154902E+1
-1.096837E+1
-1.045681E+1
-1.004374E+1
-9.733568E+0
-9.496898E+0
-9.316088E+0
-9.148508E+0
-8.977988E+0
-8.783948E+0
-8.570798E+0
-8.357648E+0
-8.143028E+0
-7.966628E+0
-7.834328E+0
-7.763768E+0
-7.763768E+0
-7.841678E+0
-7.991618E+0
-8.238578E+0
-8.570798E+0
-8.992688E+0
-9.463088E+0
-9.977588E+0
-1.043035E+1
-1.068319E+1
-1.065379E+1
-1.030099E+1
-9.832058E+0
-9.346958E+0
-8.911838E+0
-8.570798E+0
-8.337068E+0
-8.209178E+0
-8.170958E+0
-8.238578E+0
-8.409098E+0
-8.663408E+0
-9.005918E+0
-9.429278E+0
-9.977588E+0
-1.068319E+1
-1.168573E+1
-1.349383E+1
-2.000005E+1
-2.000005E+1
-2.000005E+1
-2.000005E+1
-2.000005E+1
-2.000005E+1
-2.000005E+1
-2.000005E+1
-2.000005E+1
-2.000005E+1
-2.000005E+1
-2.000005E+1
-1.548421E+1
-1.204441E+1
-1.100218E+1
-1.045681E+1
-1.015693E+1
-1.002169E+1
-9.914378E+0
-9.773258E+0
-9.549818E+0
-9.252878E+0
-8.898608E+0
-8.538458E+0
-8.209178E+0
-7.941638E+0
-7.740248E+0
-7.613828E+0
-7.563848E+0
-7.599128E+0
-7.709378E+0
-7.915178E+0
-8.209178E+0
-8.616368E+0
-9.133808E+0
-9.811478E+0
-1.071259E+1
-1.193563E+1
-1.397893E+1
-2.000005E+1
-2.000005E+1
-2.000005E+1
-2.000005E+1
-2.000005E+1
-2.000005E+1
-2.000005E+1
-2.000005E+1
-2.000005E+1
-2.000005E+1
-2.000005E+1
-2.000005E+1
-2.000005E+1
-2.000005E+1
-2.000005E+1
-2.000005E+1
-2.000005E+1
-2.000005E+1
-2.000005E+1
-2.000005E+1
-2.000005E+1
-2.000005E+1
-2.000005E+1
-2.000005E+1
-2.000005E+1
-1.698949E+1
-1.301020E+1
-1.188271E+1
-1.133734E+1
-1.110802E+1
-1.110802E+1
-1.121974E+1
-1.150492E+1
-1.193563E+1
-1.247365E+1
-1.328803E+1
-1.443022E+1
-1.698949E+1
-2.000005E+1
-2.000005E+1
-2.000005E+1
-2.000005E+1
-2.000005E+1
-2.000005E+1
-2.000005E+1
-2.000005E+1
-2.000005E+1
-2.000005E+1
-2.000005E+1
-2.000005E+1
-2.000005E+1
-2.000005E+1
-2.000005E+1
-2.000005E+1
-2.000005E+1
-2.000005E+1
-2.000005E+1
-2.000005E+1
-2.000005E+1
-2.000005E+1
-2.000005E+1
-2.000005E+1
-2.000005E+1
-2.000005E+1
-2.000005E+1
-2.000005E+1
-2.000005E+1
-2.000005E+1
-2.000005E+1
-2.000005E+1
-2.000005E+1
-2.000005E+1
-2.000005E+1
-2.000005E+1
-2.000005E+1
-2.000005E+1
-2.000005E+1
-2.000005E+1
-2.000005E+1
-2.000005E+1
-2.000005E+1
-2.000005E+1
-2.000005E+1
-2.000005E+1
-2.000005E+1
-2.000005E+1
-2.000005E+1
-1.460368E+1
-1.276324E+1
-1.215907E+1
-1.215907E+1
-1.276324E+1
-1.479331E+1
-2.000005E+1
-2.000005E+1
-2.000005E+1
-2.000005E+1
-2.000005E+1
-2.000005E+1
-2.000005E+1
-2.000005E+1
-2.000005E+1
-2.000005E+1
-2.000005E+1
-2.000005E+1
-2.000005E+1
-2.000005E+1
-1.397893E+1
-1.193563E+1
-1.096837E+1
-1.032745E+1
-9.893798E+0
-9.549818E+0
-9.269048E+0
-9.061778E+0
-8.885378E+0
-8.747198E+0
-8.663408E+0
-8.604608E+0
-8.604608E+0
-8.675168E+0
-8.808938E+0
-9.047078E+0
-9.413108E+0
-9.934958E+0
-1.068319E+1
-1.178275E+1
-1.372315E+1
-2.000005E+1
-2.000005E+1
-2.000005E+1
-2.000005E+1
-2.000005E+1
-1.650439E+1
-1.443022E+1
-1.397893E+1
-1.460368E+1
-2.000005E+1
-2.000005E+1
-2.000005E+1
-2.000005E+1
-2.000005E+1
-2.000005E+1
-2.000005E+1
-2.000005E+1
-2.000005E+1
-2.000005E+1
-2.000005E+1
-2.000005E+1
-2.000005E+1
-2.000005E+1
-2.000005E+1
-2.000005E+1
-2.000005E+1
-2.000005E+1
-2.000005E+1
-2.000005E+1
-2.000005E+1
-1.301020E+1
-1.096837E+1
-9.914378E+0
-9.269048E+0
-8.847158E+0
-8.604608E+0
-8.516408E+0
-8.570798E+0
-8.795708E+0
-9.177908E+0
-9.792368E+0
-1.068319E+1
-1.210027E+1
-1.460368E+1
-2.000005E+1
-2.000005E+1
-1.577380E+1
-1.268680E+1
-1.121974E+1
-1.032745E+1
-9.773258E+0
-9.480728E+0
-9.396938E+0
-9.532178E+0
-9.893798E+0
-1.056706E+1
-1.183273E+1
-1.522843E+1
-2.000005E+1
-2.000005E+1
-2.000005E+1
-2.000005E+1
-2.000005E+1
-2.000005E+1
-2.000005E+1
-2.000005E+1
-2.000005E+1
-2.000005E+1
-2.000005E+1
-2.000005E+1
-2.000005E+1
-2.000005E+1
-2.000005E+1
-2.000005E+1
-2.000005E+1
-2.000005E+1
-2.000005E+1
-2.000005E+1
-2.000005E+1
-2.000005E+1
-2.000005E+1
-2.000005E+1
-2.000005E+1
-2.000005E+1
-2.000005E+1
-2.000005E+1
-2.000005E+1
-2.000005E+1
-2.000005E+1
-2.000005E+1
-2.000005E+1
-2.000005E+1
-2.000005E+1
-1.328803E+1
-1.125796E+1
-1.020397E+1
-9.549818E+0
-9.104408E+0
-8.822168E+0
-8.675168E+0
-8.639888E+0
-8.722208E+0
-8.911838E+0
-9.207308E+0
-9.639488E+0
-1.020397E+1
-1.096837E+1
-1.198855E+1
-1.349383E+1
-1.650439E+1
-2.000005E+1
-2.000005E+1
-2.000005E+1
-2.000005E+1
-1.577380E+1
-1.360555E+1
-1.247365E+1
-1.178275E+1
-1.129765E+1
-1.100218E+1
-1.086841E+1
-1.086841E+1
-1.096837E+1
-1.121974E+1
-1.154902E+1
-1.204441E+1
-1.268680E+1
-1.360555E+1
-1.548421E+1
-2.000005E+1
-2.000005E+1
-2.000005E+1
-2.000005E+1
-2.000005E+1
-2.000005E+1
-2.000005E+1
-2.000005E+1
-2.000005E+1
-2.000005E+1
-2.000005E+1
-2.000005E+1
-2.000005E+1
-2.000005E+1
-2.000005E+1
-1.210027E+1
-1.059499E+1
-9.893798E+0
-9.496898E+0
-9.269048E+0
-9.148508E+0
-9.104408E+0
-9.119108E+0
-9.177908E+0
-9.283748E+0
-9.446918E+0
-9.658598E+0
-9.914378E+0
-1.025248E+1
-1.059499E+1
-1.090222E+1
-1.110802E+1
-1.121974E+1
-1.129765E+1
-1.133734E+1
-1.137850E+1
-1.150492E+1
-1.183273E+1
-1.240750E+1
-1.338799E+1
-1.577380E+1
-2.000005E+1
-2.000005E+1
-2.000005E+1
-2.000005E+1
-2.000005E+1
-2.000005E+1
-2.000005E+1
-2.000005E+1
-2.000005E+1
-2.000005E+1
-2.000005E+1
-2.000005E+1
-2.000005E+1
-2.000005E+1
-2.000005E+1
-2.000005E+1
-2.000005E+1
-2.000005E+1
-2.000005E+1
-2.000005E+1
-2.000005E+1
-2.000005E+1
-2.000005E+1
-2.000005E+1
-2.000005E+1
-2.000005E+1
-1.292494E+1
-1.118152E+1
-1.051120E+1
-1.022749E+1
-1.018045E+1
-1.025248E+1
-1.040389E+1
-1.059499E+1
-1.080520E+1
-1.103746E+1
-1.133734E+1
-1.188271E+1
-1.276324E+1
-1.499911E+1
-2.000005E+1
-2.000005E+1
-2.000005E+1
-2.000005E+1
-2.000005E+1
-2.000005E+1
-2.000005E+1
-1.443022E+1
-1.178275E+1
-1.065379E+1
-9.999638E+0
-9.567458E+0
-9.283748E+0
-9.119108E+0
-9.047078E+0
-9.019148E+0
-9.033848E+0
-9.047078E+0
-9.075008E+0
-9.119108E+0
-9.163208E+0
-9.207308E+0
-9.269048E+0
-9.379298E+0
-9.567458E+0
-9.852638E+0
-1.022749E+1
-1.074346E+1
-1.146082E+1
-1.227961E+1
-1.319101E+1
-1.360555E+1
-1.349383E+1
-1.292494E+1
-1.227961E+1
-1.173277E+1
-1.137850E+1
-1.118152E+1
-1.118152E+1
-1.133734E+1
-1.159312E+1
-1.188271E+1
-1.221787E+1
-1.240750E+1
-1.261330E+1
-1.276324E+1
-1.309840E+1
-1.384663E+1
-1.577380E+1
-2.000005E+1
-2.000005E+1
-2.000005E+1
-2.000005E+1
-2.000005E+1
-2.000005E+1
-2.000005E+1
-1.460368E+1
-1.173277E+1
-1.048327E+1
-9.676238E+0
-9.148508E+0
-8.795708E+0
-8.560508E+0
-8.429678E+0
-8.357648E+0
-8.326778E+0
-8.316488E+0
-8.297378E+0
-8.257688E+0
-8.209178E+0
-8.181248E+0
-8.181248E+0
-8.247398E+0
-8.419388E+0
-8.758958E+0
-9.330788E+0
-1.032745E+1
-1.240750E+1
-2.000005E+1
-2.000005E+1
-2.000005E+1
-2.000005E+1
-2.000005E+1
-2.000005E+1
-2.000005E+1
-2.000005E+1
-1.163869E+1
-1.015693E+1
-9.346958E+0
-8.822168E+0
-8.462018E+0
-8.200358E+0
-8.000438E+0
-7.841678E+0
-7.724078E+0
-7.628528E+0
-7.569728E+0
-7.549148E+0
-7.563848E+0
-7.621178E+0
-7.724078E+0
-7.874018E+0
-8.070998E+0
-8.297378E+0
-8.548748E+0
-8.808938E+0
-9.061778E+0
-9.316088E+0
-9.567458E+0
-9.852638E+0
-1.022749E+1
-1.077433E+1
-1.168573E+1
-1.360555E+1
-2.000005E+1
-2.000005E+1
-2.000005E+1
-2.000005E+1
-2.000005E+1
-2.000005E+1
-2.000005E+1
-2.000005E+1
-2.000005E+1
-1.610896E+1
-1.268680E+1
-1.150492E+1
-1.090222E+1
-1.051120E+1
-1.027747E+1
-1.013341E+1
-1.006579E+1
-9.999638E+0
-9.955538E+0
-9.893798E+0
-9.792368E+0
-9.639488E+0
-9.446918E+0
-9.252878E+0
-9.075008E+0
-8.938298E+0
-8.872148E+0
-8.898608E+0
-9.019148E+0
-9.283748E+0
-9.695348E+0
-1.030099E+1
-1.118152E+1
-1.240750E+1
-1.443022E+1
-2.000005E+1
-2.000005E+1
-1.849477E+1
-1.426852E+1
-1.240750E+1
-1.129765E+1
-1.048327E+1
-9.873218E+0
-9.363128E+0
-8.977988E+0
-8.651648E+0
-8.409098E+0
-8.219468E+0
-8.107748E+0
-8.053358E+0
-8.079818E+0
-8.181248E+0
-8.378228E+0
-8.675168E+0
-9.089708E+0
-9.639488E+0
-1.035244E+1
-1.133734E+1
-1.276324E+1
-1.577380E+1
-2.000005E+1
-2.000005E+1
-2.000005E+1
-2.000005E+1
-2.000005E+1
-2.000005E+1
-2.000005E+1
-2.000005E+1
-2.000005E+1
-2.000005E+1
-2.000005E+1
-2.000005E+1
-2.000005E+1
-2.000005E+1
-2.000005E+1
-2.000005E+1
-2.000005E+1
-2.000005E+1
-2.000005E+1
-2.000005E+1
-2.000005E+1
-2.000005E+1
-2.000005E+1
-2.000005E+1
-2.000005E+1
-2.000005E+1
-2.000005E+1
-1.548421E+1
-1.150492E+1
-1.020397E+1
-9.446918E+0
-8.977988E+0
-8.686928E+0
-8.526698E+0
-8.450258E+0
-8.462018E+0
-8.560508E+0
-8.735438E+0
-8.964758E+0
-9.252878E+0
-9.585098E+0
-9.977588E+0
-1.040389E+1
-1.074346E+1
-1.096837E+1
-1.103746E+1
-1.096837E+1
-1.080520E+1
-1.065379E+1
-1.053913E+1
-1.053913E+1
-1.065379E+1
-1.093456E+1
-1.137850E+1
-1.210027E+1
-1.309840E+1
-1.499911E+1
-2.000005E+1
-2.000005E+1
-2.000005E+1
-2.000005E+1
-2.000005E+1
-1.698949E+1
-1.499911E+1
-1.426852E+1
-1.411858E+1
-1.443022E+1
-1.577380E+1
-2.000005E+1
-2.000005E+1
-2.000005E+1
-2.000005E+1
-2.000005E+1
-2.000005E+1
-2.000005E+1
-2.000005E+1
-2.000005E+1
-2.000005E+1
-2.000005E+1
-2.000005E+1
-2.000005E+1
-2.000005E+1
-2.000005E+1
-2.000005E+1
-2.000005E+1
-2.000005E+1
-2.000005E+1
-2.000005E+1
-2.000005E+1
-2.000005E+1
-1.761424E+1
-1.849477E+1
-2.000005E+1
-2.000005E+1
-2.000005E+1
-2.000005E+1
-2.000005E+1
-2.000005E+1
-2.000005E+1
-2.000005E+1
-2.000005E+1
-2.000005E+1
-2.000005E+1
-1.577380E+1
-1.240750E+1
-1.107274E+1
-1.022749E+1
-9.639488E+0
-9.238178E+0
-8.925068E+0
-8.710448E+0
-8.548748E+0
-8.439968E+0
-8.367938E+0
-8.316488E+0
-8.287088E+0
-8.287088E+0
-8.326778E+0
-8.429678E+0
-8.582558E+0
-8.808938E+0
-9.133808E+0
-9.549818E+0
-1.006579E+1
-1.056706E+1
-1.096837E+1
-1.110802E+1
-1.086841E+1
-1.037743E+1
-9.811478E+0
-9.283748E+0
-8.858918E+0
-8.538458E+0
-8.316488E+0
-8.200358E+0
-8.170958E+0
-8.238578E+0
-8.388518E+0
-8.628128E+0
-8.938298E+0
-9.316088E+0
-9.773258E+0
-1.022749E+1
-1.065379E+1
-1.090222E+1
-1.103746E+1
-1.100218E+1
-1.096837E+1
-1.093456E+1
-1.103746E+1
-1.133734E+1
-1.193563E+1
-1.292494E+1
-1.479331E+1
-1.849477E+1
-2.000005E+1
-1.548421E+1
-1.284262E+1
-1.121974E+1
-1.010989E+1
-9.316088E+0
-8.747198E+0
-8.357648E+0
-8.079818E+0
-7.915178E+0
-7.857848E+0
-7.874018E+0
-7.975448E+0
-8.153318E+0
-8.398808E+0
-8.722208E+0
-9.177908E+0
-9.792368E+0
-1.068319E+1
-1.227961E+1
-2.000005E+1
-2.000005E+1
-2.000005E+1
-2.000005E+1
-2.000005E+1
-2.000005E+1
-2.000005E+1
-2.000005E+1
-2.000005E+1
-2.000005E+1
-2.000005E+1
-2.000005E+1
-2.000005E+1
-2.000005E+1
-2.000005E+1
-2.000005E+1
-2.000005E+1
-2.000005E+1
-2.000005E+1
-2.000005E+1
-2.000005E+1
-1.698949E+1
-1.254274E+1
-1.168573E+1
-1.163869E+1
-1.221787E+1
-1.384663E+1
-2.000005E+1
-2.000005E+1
-2.000005E+1
-2.000005E+1
-2.000005E+1
-2.000005E+1
-2.000005E+1
-2.000005E+1
-2.000005E+1
-2.000005E+1
-2.000005E+1
-2.000005E+1
-2.000005E+1
-2.000005E+1
-2.000005E+1
-2.000005E+1
-2.000005E+1
-2.000005E+1
-2.000005E+1
-2.000005E+1
-1.411858E+1
-1.292494E+1
-1.247365E+1
-1.254274E+1
-1.301020E+1
-1.443022E+1
-2.000005E+1
-2.000005E+1
-2.000005E+1
-2.000005E+1
-2.000005E+1
-2.000005E+1
-2.000005E+1
-2.000005E+1
-2.000005E+1
-2.000005E+1
-2.000005E+1
-2.000005E+1
-2.000005E+1
-2.000005E+1
-2.000005E+1
-2.000005E+1
-2.000005E+1
-2.000005E+1
-2.000005E+1
-2.000005E+1
-2.000005E+1
-2.000005E+1
-2.000005E+1
-2.000005E+1
-2.000005E+1
-2.000005E+1
-2.000005E+1
-2.000005E+1
-2.000005E+1
-2.000005E+1
-2.000005E+1
-2.000005E+1
-2.000005E+1
-2.000005E+1
-1.698949E+1
-1.301020E+1
-1.173277E+1
-1.103746E+1
-1.051120E+1
-1.010989E+1
-9.773258E+0
-9.480728E+0
-9.207308E+0
-8.977988E+0
-8.808938E+0
-8.686928E+0
-8.639888E+0
-8.639888E+0
-8.710448E+0
-8.822168E+0
-8.951528E+0
-9.104408E+0
-9.252878E+0
-9.379298E+0
-9.480728E+0
-9.514538E+0
-9.532178E+0
-9.480728E+0
-9.396938E+0
-9.252878E+0
-9.089708E+0
-8.898608E+0
-8.710448E+0
-8.538458E+0
-8.398808E+0
-8.297378E+0
-8.247398E+0
-8.247398E+0
-8.306198E+0
-8.419388E+0
-8.582558E+0
-8.795708E+0
-9.061778E+0
-9.346958E+0
-9.695348E+0
-1.004374E+1
-1.032745E+1
-1.051120E+1
-1.053913E+1
-1.043035E+1
-1.020397E+1
-9.934958E+0
-9.676238E+0
-9.514538E+0
-9.446918E+0
-9.514538E+0
-9.714458E+0
-1.010989E+1
-1.077433E+1
-1.193563E+1
-1.479331E+1
-2.000005E+1
-2.000005E+1
-2.000005E+1
-2.000005E+1
-2.000005E+1
-2.000005E+1
-2.000005E+1
-2.000005E+1
-2.000005E+1
-2.000005E+1
-2.000005E+1
-1.650439E+1
-1.268680E+1
-1.141966E+1
-1.068319E+1
-1.015693E+1
-9.752678E+0
-9.429278E+0
-9.163208E+0
-8.951528E+0
-8.772188E+0
-8.628128E+0
-8.516408E+0
-8.429678E+0
-8.367938E+0
-8.306198E+0
-8.267978E+0
-8.209178E+0
-8.143028E+0
-8.062178E+0
-7.966628E+0
-7.850498E+0
-7.732898E+0
-7.621178E+0
-7.513868E+0
-7.433018E+0
-7.380098E+0
-7.360988E+0
-7.387448E+0
-7.453598E+0
-7.556498E+0
-7.687328E+0
-7.841678E+0
-7.991618E+0
-8.125388E+0
-8.228288E+0
-8.306198E+0
-8.357648E+0
-8.409098E+0
-8.472308E+0
-8.582558E+0
-8.772188E+0
-9.047078E+0
-9.463088E+0
-1.002169E+1
-1.086841E+1
-1.227961E+1
-1.650439E+1
-2.000005E+1
-2.000005E+1
-2.000005E+1
-2.000005E+1
-2.000005E+1
-2.000005E+1
-2.000005E+1
-2.000005E+1
-2.000005E+1
-2.000005E+1
-2.000005E+1
-2.000005E+1
-2.000005E+1
-2.000005E+1
-1.849477E+1
-1.698949E+1
-1.610896E+1
-1.522843E+1
-1.460368E+1
-1.372315E+1
-1.284262E+1
-1.198855E+1
-1.118152E+1
-1.045681E+1
-9.873218E+0
-9.413108E+0
-9.061778E+0
-8.808938E+0
-8.663408E+0
-8.639888E+0
-8.758958E+0
-9.019148E+0
-9.480728E+0
-1.027747E+1
-1.173277E+1
-2.000005E+1
-2.000005E+1
-2.000005E+1
-2.000005E+1
-2.000005E+1
-2.000005E+1
-2.000005E+1
-2.000005E+1
-2.000005E+1
-2.000005E+1
-1.397893E+1
-1.114477E+1
-9.977588E+0
-9.252878E+0
-8.772188E+0
-8.450258E+0
-8.247398E+0
-8.143028E+0
-8.107748E+0
-8.107748E+0
-8.125388E+0
-8.162138E+0
-8.181248E+0
-8.181248E+0
-8.181248E+0
-8.190068E+0
-8.228288E+0
-8.316488E+0
-8.462018E+0
-8.675168E+0
-8.964758E+0
-9.316088E+0
-9.714458E+0
-1.018045E+1
-1.068319E+1
-1.125796E+1
-1.178275E+1
-1.227961E+1
-1.261330E+1
-1.284262E+1
-1.276324E+1
-1.240750E+1
-1.188271E+1
-1.137850E+1
-1.093456E+1
-1.051120E+1
-1.015693E+1
-9.873218E+0
-9.676238E+0
-9.567458E+0
-9.549818E+0
-9.621848E+0
-9.792368E+0
-1.006579E+1
-1.051120E+1
-1.107274E+1
-1.188271E+1
-1.284262E+1
-1.397893E+1
-1.499911E+1
-1.522843E+1
-1.426852E+1
-1.328803E+1
-1.254274E+1
-1.198855E+1
-1.159312E+1
-1.137850E+1
-1.129765E+1
-1.137850E+1
-1.159312E+1
-1.198855E+1
-1.261330E+1
-1.384663E+1
-1.698949E+1
-2.000005E+1
-2.000005E+1
-2.000005E+1
-2.000005E+1
-2.000005E+1
-2.000005E+1
-2.000005E+1
-1.384663E+1
-1.198855E+1
-1.093456E+1
-1.022749E+1
-9.752678E+0
-9.413108E+0
-9.177908E+0
-9.019148E+0
-8.938298E+0
-8.925068E+0
-8.964758E+0
-9.061778E+0
-9.207308E+0
-9.413108E+0
-9.658598E+0
-9.977588E+0
-1.032745E+1
-1.068319E+1
-1.110802E+1
-1.150492E+1
-1.193563E+1
-1.234135E+1
-1.276324E+1
-1.309840E+1
-1.338799E+1
-1.372315E+1
-1.411858E+1
-1.443022E+1
-1.479331E+1
-1.522843E+1
-1.548421E+1
-1.499911E+1
-1.411858E+1
-1.309840E+1
-1.215907E+1
-1.137850E+1
-1.074346E+1
-1.025248E+1
-9.893798E+0
-9.639488E+0
-9.496898E+0
-9.446918E+0
-9.532178E+0
-9.714458E+0
-9.999638E+0
-1.043035E+1
-1.103746E+1
-1.188271E+1
-1.319101E+1
-1.548421E+1
-2.000005E+1
-2.000005E+1
-2.000005E+1
-2.000005E+1
-2.000005E+1
-2.000005E+1
-2.000005E+1
-2.000005E+1
-2.000005E+1
-2.000005E+1
-2.000005E+1
-2.000005E+1
-2.000005E+1
-2.000005E+1
-2.000005E+1
-2.000005E+1
-2.000005E+1
-1.610896E+1
-1.499911E+1
-1.460368E+1
-1.443022E+1
-1.426852E+1
-1.384663E+1
-1.319101E+1
-1.261330E+1
-1.215907E+1
-1.188271E+1
-1.193563E+1
-1.247365E+1
-1.384663E+1
-2.000005E+1
-2.000005E+1
-2.000005E+1
-2.000005E+1
-2.000005E+1
-2.000005E+1
-2.000005E+1
-2.000005E+1
-2.000005E+1
-1.284262E+1
-1.103746E+1
-1.020397E+1
-9.733568E+0
-9.463088E+0
-9.330788E+0
-9.283748E+0
-9.283748E+0
-9.269048E+0
-9.238178E+0
-9.163208E+0
-9.104408E+0
-9.047078E+0
-9.033848E+0
-9.104408E+0
-9.283748E+0
-9.621848E+0
-1.020397E+1
-1.114477E+1
-1.292494E+1
-2.000005E+1
-2.000005E+1
-2.000005E+1
-2.000005E+1
-2.000005E+1
-2.000005E+1
-2.000005E+1
-2.000005E+1
-2.000005E+1
-2.000005E+1
-1.522843E+1
-1.261330E+1
-1.150492E+1
-1.080520E+1
-1.032745E+1
-9.977588E+0
-9.714458E+0
-9.496898E+0
-9.299918E+0
-9.119108E+0
-8.938298E+0
-8.772188E+0
-8.628128E+0
-8.526698E+0
-8.494358E+0
-8.560508E+0
-8.735438E+0
-9.089708E+0
-9.714458E+0
-1.086841E+1
-1.411858E+1
-2.000005E+1
-2.000005E+1
-2.000005E+1
-2.000005E+1
-2.000005E+1
-2.000005E+1
-2.000005E+1
-2.000005E+1
-2.000005E+1
-2.000005E+1
-2.000005E+1
-2.000005E+1
-2.000005E+1
-2.000005E+1
-2.000005E+1
-2.000005E+1
-2.000005E+1
-2.000005E+1
-2.000005E+1
-2.000005E+1
-2.000005E+1
-2.000005E+1
-2.000005E+1
-2.000005E+1
-1.268680E+1
-1.141966E+1
-1.074346E+1
-1.035244E+1
-1.013341E+1
-9.999638E+0
-9.914378E+0
-9.852638E+0
-9.733568E+0
-9.602738E+0
-9.429278E+0
-9.238178E+0
-9.061778E+0
-8.911838E+0
-8.822168E+0
-8.822168E+0
-8.938298E+0
-9.207308E+0
-9.676238E+0
-1.048327E+1
-1.210027E+1
-2.000005E+1
-2.000005E+1
-2.000005E+1
-2.000005E+1
-2.000005E+1
-2.000005E+1
-2.000005E+1
-2.000005E+1
-2.000005E+1
-2.000005E+1
-2.000005E+1
-2.000005E+1
-2.000005E+1
-2.000005E+1
-2.000005E+1
-2.000005E+1
-2.000005E+1
-2.000005E+1
-2.000005E+1
-2.000005E+1
-2.000005E+1
-2.000005E+1
-2.000005E+1
-2.000005E+1
-2.000005E+1
-2.000005E+1
-2.000005E+1
-2.000005E+1
-2.000005E+1
-1.460368E+1
-1.093456E+1
-9.773258E+0
-9.148508E+0
-8.808938E+0
-8.663408E+0
-8.675168E+0
-8.833928E+0
-9.148508E+0
-9.602738E+0
-1.022749E+1
-1.103746E+1
-1.210027E+1
-1.349383E+1
-1.522843E+1
-1.650439E+1
-1.577380E+1
-1.397893E+1
-1.268680E+1
-1.168573E+1
-1.090222E+1
-1.035244E+1
-9.934958E+0
-9.695348E+0
-9.585098E+0
-9.621848E+0
-9.811478E+0
-1.020397E+1
-1.086841E+1
-1.188271E+1
-1.360555E+1
-1.849477E+1
-2.000005E+1
-2.000005E+1
-2.000005E+1
-1.499911E+1
-1.301020E+1
-1.204441E+1
-1.154902E+1
-1.133734E+1
-1.129765E+1
-1.137850E+1
-1.159312E+1
-1.178275E+1
-1.188271E+1
-1.188271E+1
-1.183273E+1
-1.173277E+1
-1.173277E+1
-1.183273E+1
-1.221787E+1
-1.301020E+1
-1.499911E+1
-2.000005E+1
-2.000005E+1
-2.000005E+1
-2.000005E+1
-2.000005E+1
-2.000005E+1
-2.000005E+1
-1.548421E+1
-1.234135E+1
-1.107274E+1
-1.040389E+1
-1.002169E+1
-9.873218E+0
-9.955538E+0
-1.025248E+1
-1.080520E+1
-1.173277E+1
-1.349383E+1
-2.000005E+1
-2.000005E+1
-2.000005E+1
-2.000005E+1
-2.000005E+1
-2.000005E+1
-2.000005E+1
-2.000005E+1
-2.000005E+1
-2.000005E+1
-2.000005E+1
-2.000005E+1
-2.000005E+1
-2.000005E+1
-2.000005E+1
-2.000005E+1
-2.000005E+1
-2.000005E+1
-2.000005E+1
-2.000005E+1
-2.000005E+1
-2.000005E+1
-2.000005E+1
-2.000005E+1
-2.000005E+1
-2.000005E+1
-2.000005E+1
-2.000005E+1
-2.000005E+1
-1.338799E+1
-1.159312E+1
-1.065379E+1
-9.999638E+0
-9.514538E+0
-9.148508E+0
-8.858918E+0
-8.639888E+0
-8.494358E+0
-8.409098E+0
-8.398808E+0
-8.450258E+0
-8.582558E+0
-8.783948E+0
-9.061778E+0
-9.363128E+0
-9.695348E+0
-1.004374E+1
-1.032745E+1
-1.048327E+1
-1.053913E+1
-1.051120E+1
-1.045681E+1
-1.045681E+1
-1.056706E+1
-1.086841E+1
-1.146082E+1
-1.261330E+1
-1.650439E+1
-2.000005E+1
-2.000005E+1
-2.000005E+1
-2.000005E+1
-2.000005E+1
-2.000005E+1
-2.000005E+1
-2.000005E+1
-2.000005E+1
-2.000005E+1
-2.000005E+1
-2.000005E+1
-2.000005E+1
-2.000005E+1
-2.000005E+1
-2.000005E+1
-2.000005E+1
-2.000005E+1
-2.000005E+1
-2.000005E+1
-2.000005E+1
-2.000005E+1
-2.000005E+1
-2.000005E+1
-1.443022E+1
-1.276324E+1
-1.188271E+1
-1.137850E+1
-1.110802E+1
-1.100218E+1
-1.093456E+1
-1.090222E+1
-1.080520E+1
-1.059499E+1
-1.022749E+1
-9.792368E+0
-9.299918E+0
-8.847158E+0
-8.462018E+0
-8.162138E+0
-7.957808E+0
-7.866668E+0
-7.891658E+0
-8.035718E+0
-8.337068E+0
-8.795708E+0
-9.480728E+0
-1.051120E+1
-1.227961E+1
-2.000005E+1
-2.000005E+1
-2.000005E+1
-2.000005E+1
-2.000005E+1
-2.000005E+1
-2.000005E+1
-2.000005E+1
-2.000005E+1
-2.000005E+1
-2.000005E+1
-2.000005E+1
-2.000005E+1
-2.000005E+1
-2.000005E+1
-2.000005E+1
-2.000005E+1
-2.000005E+1
-2.000005E+1
-2.000005E+1
-2.000005E+1
-2.000005E+1
-2.000005E+1
-1.610896E+1
-1.411858E+1
-1.309840E+1
-1.247365E+1
-1.210027E+1
-1.183273E+1
-1.159312E+1
-1.133734E+1
-1.100218E+1
-1.056706E+1
-1.008784E+1
-9.621848E+0
-9.192608E+0
-8.847158E+0
-8.582558E+0
-8.398808E+0
-8.306198E+0
-8.306198E+0
-8.388518E+0
-8.560508E+0
-8.795708E+0
-9.075008E+0
-9.396938E+0
-9.695348E+0
-9.934958E+0
-1.004374E+1
-9.999638E+0
-9.832058E+0
-9.602738E+0
-9.330788E+0
-9.075008E+0
-8.847158E+0
-8.698688E+0
-8.594318E+0
-8.560508E+0
-8.582558E+0
-8.675168E+0
-8.833928E+0
-9.047078E+0
-9.299918E+0
-9.602738E+0
-9.934958E+0
-1.032745E+1
-1.074346E+1
-1.118152E+1
-1.159312E+1
-1.198855E+1
-1.215907E+1
-1.221787E+1
-1.215907E+1
-1.210027E+1
-1.215907E+1
-1.247365E+1
-1.349383E+1
-1.849477E+1
-2.000005E+1
-2.000005E+1
-2.000005E+1
-2.000005E+1
-2.000005E+1
-2.000005E+1
-2.000005E+1
-2.000005E+1
-2.000005E+1
-2.000005E+1
-2.000005E+1
-2.000005E+1
-2.000005E+1
-2.000005E+1
-2.000005E+1
-2.000005E+1
-2.000005E+1
-2.000005E+1
-2.000005E+1
-2.000005E+1
-2.000005E+1
-2.000005E+1
-1.650439E+1
-1.268680E+1
-1.146082E+1
-1.077433E+1
-1.045681E+1
-1.037743E+1
-1.053913E+1
-1.090222E+1
-1.154902E+1
-1.254274E+1
-1.443022E+1
-2.000005E+1
-2.000005E+1
-2.000005E+1
-2.000005E+1
-2.000005E+1
-2.000005E+1
-2.000005E+1
-1.479331E+1
-1.301020E+1
-1.188271E+1
-1.110802E+1
-1.051120E+1
-1.004374E+1
-9.714458E+0
-9.514538E+0
-9.446918E+0
-9.514538E+0
-9.733568E+0
-1.013341E+1
-1.083607E+1
-1.221787E+1
-2.000005E+1
-2.000005E+1
-2.000005E+1
-2.000005E+1
-2.000005E+1
-2.000005E+1
