Date/Time	2022-06-02 22:43:49
Line location	3
Line name	C1
OTDR wavelength [nm]	1625
OTDR pulse duration [ns]	2
OTDR scan time [s]	10
OTDR scan length [m]	1.500000E+2
Length offset [m]	0.000000E+0
Length increment [m]	3.996806E-2
Switch ID	VIAVI Solutions,OTU 8000E,11654,FO,16.76
OTDR ID	JDSU,OTU 8000E,11654,OTU(SmartOTU),V7.22

Reflected amplitude [dB]
8.621920E-1
8.621920E-1
8.607220E-1
8.577820E-1
8.563120E-1
8.724820E-1
9.371620E-1
1.059172E+0
1.253212E+0
1.503112E+0
1.763302E+0
2.001442E+0
2.196952E+0
2.345422E+0
2.452732E+0
2.527702E+0
2.574742E+0
2.586502E+0
2.560042E+0
2.495362E+0
2.402752E+0
2.292502E+0
2.158732E+0
1.986742E+0
1.794172E+0
1.614832E+0
1.447252E+0
1.272322E+0
1.085632E+0
8.960020E-1
7.122520E-1
5.461420E-1
4.050220E-1
2.874220E-1
1.948120E-1
1.213120E-1
6.545200E-2
2.723200E-2
2.242000E-3
-1.245800E-2
-1.980800E-2
-2.127800E-2
-2.274800E-2
-2.568800E-2
-3.009800E-2
-3.891800E-2
-5.214800E-2
-6.831800E-2
-8.448800E-2
-1.006580E-1
-1.153580E-1
-1.271180E-1
-1.344680E-1
-1.388780E-1
-1.432880E-1
-1.462280E-1
-1.506380E-1
-1.594580E-1
-1.726880E-1
-1.917980E-1
-2.167880E-1
-2.491280E-1
-2.844080E-1
-3.226280E-1
-3.593780E-1
-3.917180E-1
-4.167080E-1
-4.314080E-1
-4.358180E-1
-4.284680E-1
-4.122980E-1
-3.887780E-1
-3.608480E-1
-3.285080E-1
-2.976380E-1
-2.682380E-1
-2.403080E-1
-2.182580E-1
-1.991480E-1
-1.859180E-1
-1.770980E-1
-1.741580E-1
-1.756280E-1
-1.815080E-1
-1.903280E-1
-2.035580E-1
-2.182580E-1
-2.329580E-1
-2.505980E-1
-2.682380E-1
-2.858780E-1
-3.049880E-1
-3.270380E-1
-3.490880E-1
-3.740780E-1
-4.005380E-1
-4.284680E-1
-4.549280E-1
-4.813880E-1
-5.034380E-1
-5.210780E-1
-5.343080E-1
-5.431280E-1
-5.490080E-1
-5.534180E-1
-5.563580E-1
-5.622380E-1
-5.681180E-1
-5.784080E-1
-5.916380E-1
-6.063380E-1
-6.210380E-1
-6.342680E-1
-6.445580E-1
-6.489680E-1
-6.489680E-1
-6.445580E-1
-6.342680E-1
-6.195680E-1
-6.033980E-1
-5.857580E-1
-5.695880E-1
-5.548880E-1
-5.445980E-1
-5.387180E-1
-5.372480E-1
-5.431280E-1
-5.519480E-1
-5.666480E-1
-5.828180E-1
-6.004580E-1
-6.180980E-1
-6.313280E-1
-6.416180E-1
-6.474980E-1
-6.489680E-1
-6.474980E-1
-6.430880E-1
-6.372080E-1
-6.313280E-1
-6.269180E-1
-6.195680E-1
-6.136880E-1
-6.033980E-1
-5.916380E-1
-5.754680E-1
-5.460680E-1
-4.960880E-1
-4.299380E-1
-3.373280E-1
-2.226680E-1
-1.035980E-1
8.122000E-3
1.051420E-1
1.845220E-1
2.477320E-1
2.918320E-1
3.227020E-1
3.388720E-1
3.447520E-1
3.388720E-1
3.168220E-1
2.800720E-1
2.300920E-1
1.727620E-1
1.169020E-1
6.251200E-2
9.592000E-3
-4.038800E-2
-9.036800E-2
-1.359380E-1
-1.815080E-1
-2.241380E-1
-2.652980E-1
-3.035180E-1
-3.402680E-1
-3.726080E-1
-4.020080E-1
-4.269980E-1
-4.475780E-1
-4.637480E-1
-4.755080E-1
-4.828580E-1
-4.872680E-1
-4.887380E-1
-4.857980E-1
-4.813880E-1
-4.755080E-1
-4.681580E-1
-4.608080E-1
-4.519880E-1
-4.446380E-1
-4.387580E-1
-4.328780E-1
-4.299380E-1
-4.284680E-1
-4.299380E-1
-4.328780E-1
-4.372880E-1
-4.431680E-1
-4.490480E-1
-4.563980E-1
-4.637480E-1
-4.681580E-1
-4.740380E-1
-4.769780E-1
-4.799180E-1
-4.799180E-1
-4.799180E-1
-4.784480E-1
-4.755080E-1
-4.710980E-1
-4.637480E-1
-4.534580E-1
-4.402280E-1
-4.255280E-1
-4.078880E-1
-3.887780E-1
-3.696680E-1
-3.520280E-1
-3.358580E-1
-3.240980E-1
-3.167480E-1
-3.138080E-1
-3.152780E-1
-3.226280E-1
-3.314480E-1
-3.432080E-1
-3.564380E-1
-3.696680E-1
-3.814280E-1
-3.902480E-1
-3.990680E-1
-4.064180E-1
-4.122980E-1
-4.196480E-1
-4.284680E-1
-4.387580E-1
-4.505180E-1
-4.652180E-1
-4.799180E-1
-4.946180E-1
-5.093180E-1
-5.210780E-1
-5.298980E-1
-5.343080E-1
-5.357780E-1
-5.343080E-1
-5.298980E-1
-5.254880E-1
-5.196080E-1
-5.137280E-1
-5.093180E-1
-5.063780E-1
-5.063780E-1
-5.078480E-1
-5.093180E-1
-5.122580E-1
-5.166680E-1
-5.196080E-1
-5.210780E-1
-5.225480E-1
-5.225480E-1
-5.225480E-1
-5.210780E-1
-5.210780E-1
-5.196080E-1
-5.181380E-1
-5.166680E-1
-5.151980E-1
-5.122580E-1
-5.078480E-1
-5.019680E-1
-4.946180E-1
-4.872680E-1
-4.784480E-1
-4.710980E-1
-4.637480E-1
-4.578680E-1
-4.534580E-1
-4.505180E-1
-4.490480E-1
-4.490480E-1
-4.490480E-1
-4.519880E-1
-4.534580E-1
-4.578680E-1
-4.608080E-1
-4.652180E-1
-4.681580E-1
-4.696280E-1
-4.710980E-1
-4.710980E-1
-4.710980E-1
-4.696280E-1
-4.681580E-1
-4.666880E-1
-4.681580E-1
-4.710980E-1
-4.769780E-1
-4.857980E-1
-4.975580E-1
-5.122580E-1
-5.284280E-1
-5.445980E-1
-5.592980E-1
-5.695880E-1
-5.754680E-1
-5.769380E-1
-5.739980E-1
-5.666480E-1
-5.578280E-1
-5.475380E-1
-5.357780E-1
-5.269580E-1
-5.196080E-1
-5.151980E-1
-5.122580E-1
-5.122580E-1
-5.137280E-1
-5.151980E-1
-5.181380E-1
-5.196080E-1
-5.196080E-1
-5.196080E-1
-5.196080E-1
-5.166680E-1
-5.151980E-1
-5.107880E-1
-5.063780E-1
-5.019680E-1
-4.960880E-1
-4.916780E-1
-4.857980E-1
-4.813880E-1
-4.769780E-1
-4.755080E-1
-4.740380E-1
-4.755080E-1
-4.769780E-1
-4.799180E-1
-4.828580E-1
-4.857980E-1
-4.872680E-1
-4.887380E-1
-4.872680E-1
-4.843280E-1
-4.799180E-1
-4.710980E-1
-4.593380E-1
-4.461080E-1
-4.314080E-1
-4.152380E-1
-3.975980E-1
-3.843680E-1
-3.726080E-1
-3.652580E-1
-3.623180E-1
-3.637880E-1
-3.696680E-1
-3.799580E-1
-3.931880E-1
-4.078880E-1
-4.240580E-1
-4.416980E-1
-4.593380E-1
-4.755080E-1
-4.902080E-1
-5.034380E-1
-5.107880E-1
-5.151980E-1
-5.137280E-1
-5.078480E-1
-4.990280E-1
-4.872680E-1
-4.755080E-1
-4.652180E-1
-4.578680E-1
-4.549280E-1
-4.549280E-1
-4.578680E-1
-4.637480E-1
-4.710980E-1
-4.769780E-1
-4.828580E-1
-4.872680E-1
-4.902080E-1
-4.946180E-1
-4.975580E-1
-5.004980E-1
-5.034380E-1
-5.063780E-1
-5.078480E-1
-5.063780E-1
-5.019680E-1
-4.946180E-1
-4.828580E-1
-4.681580E-1
-4.534580E-1
-4.358180E-1
-4.211180E-1
-4.078880E-1
-3.961280E-1
-3.887780E-1
-3.843680E-1
-3.814280E-1
-3.814280E-1
-3.843680E-1
-3.858380E-1
-3.873080E-1
-3.873080E-1
-3.873080E-1
-3.843680E-1
-3.799580E-1
-3.740780E-1
-3.681980E-1
-3.623180E-1
-3.579080E-1
-3.549680E-1
-3.564380E-1
-3.593780E-1
-3.667280E-1
-3.784880E-1
-3.917180E-1
-4.078880E-1
-4.240580E-1
-4.402280E-1
-4.549280E-1
-4.696280E-1
-4.813880E-1
-4.931480E-1
-5.019680E-1
-5.093180E-1
-5.166680E-1
-5.225480E-1
-5.284280E-1
-5.328380E-1
-5.357780E-1
-5.401880E-1
-5.416580E-1
-5.416580E-1
-5.401880E-1
-5.372480E-1
-5.328380E-1
-5.269580E-1
-5.210780E-1
-5.137280E-1
-5.078480E-1
-5.034380E-1
-4.975580E-1
-4.946180E-1
-4.916780E-1
-4.902080E-1
-4.887380E-1
-4.887380E-1
-4.887380E-1
-4.916780E-1
-4.931480E-1
-4.960880E-1
-4.975580E-1
-4.990280E-1
-4.990280E-1
-4.975580E-1
-4.931480E-1
-4.887380E-1
-4.813880E-1
-4.755080E-1
-4.696280E-1
-4.652180E-1
-4.622780E-1
-4.593380E-1
-4.593380E-1
-4.593380E-1
-4.593380E-1
-4.593380E-1
-4.593380E-1
-4.593380E-1
-4.593380E-1
-4.593380E-1
-4.593380E-1
-4.608080E-1
-4.637480E-1
-4.666880E-1
-4.725680E-1
-4.799180E-1
-4.887380E-1
-4.975580E-1
-5.093180E-1
-5.210780E-1
-5.328380E-1
-5.445980E-1
-5.563580E-1
-5.666480E-1
-5.769380E-1
-5.842880E-1
-5.886980E-1
-5.901680E-1
-5.872280E-1
-5.828180E-1
-5.739980E-1
-5.637080E-1
-5.519480E-1
-5.401880E-1
-5.284280E-1
-5.166680E-1
-5.078480E-1
-4.990280E-1
-4.902080E-1
-4.828580E-1
-4.755080E-1
-4.696280E-1
-4.637480E-1
-4.593380E-1
-4.563980E-1
-4.563980E-1
-4.593380E-1
-4.666880E-1
-4.755080E-1
-4.872680E-1
-4.990280E-1
-5.122580E-1
-5.240180E-1
-5.343080E-1
-5.416580E-1
-5.475380E-1
-5.490080E-1
-5.504780E-1
-5.490080E-1
-5.460680E-1
-5.431280E-1
-5.416580E-1
-5.416580E-1
-5.431280E-1
-5.475380E-1
-5.548880E-1
-5.637080E-1
-5.725280E-1
-5.813480E-1
-5.872280E-1
-5.916380E-1
-5.916380E-1
-5.872280E-1
-5.813480E-1
-5.739980E-1
-5.681180E-1
-5.622380E-1
-5.578280E-1
-5.563580E-1
-5.578280E-1
-5.607680E-1
-5.651780E-1
-5.710580E-1
-5.769380E-1
-5.813480E-1
-5.842880E-1
-5.872280E-1
-5.872280E-1
-5.872280E-1
-5.857580E-1
-5.828180E-1
-5.798780E-1
-5.754680E-1
-5.681180E-1
-5.607680E-1
-5.504780E-1
-5.387180E-1
-5.269580E-1
-5.151980E-1
-5.034380E-1
-4.931480E-1
-4.843280E-1
-4.769780E-1
-4.725680E-1
-4.710980E-1
-4.710980E-1
-4.740380E-1
-4.784480E-1
-4.857980E-1
-4.931480E-1
-5.004980E-1
-5.093180E-1
-5.166680E-1
-5.210780E-1
-5.240180E-1
-5.225480E-1
-5.196080E-1
-5.122580E-1
-5.049080E-1
-4.975580E-1
-4.916780E-1
-4.872680E-1
-4.872680E-1
-4.902080E-1
-4.946180E-1
-5.004980E-1
-5.049080E-1
-5.078480E-1
-5.093180E-1
-5.078480E-1
-5.049080E-1
-5.004980E-1
-4.975580E-1
-4.975580E-1
-4.990280E-1
-5.049080E-1
-5.151980E-1
-5.298980E-1
-5.460680E-1
-5.637080E-1
-5.828180E-1
-6.004580E-1
-6.151580E-1
-6.269180E-1
-6.342680E-1
-6.372080E-1
-6.357380E-1
-6.298580E-1
-6.195680E-1
-6.078080E-1
-5.945780E-1
-5.798780E-1
-5.666480E-1
-5.519480E-1
-5.401880E-1
-5.284280E-1
-5.196080E-1
-5.151980E-1
-5.122580E-1
-5.107880E-1
-5.122580E-1
-5.151980E-1
-5.181380E-1
-5.210780E-1
-5.225480E-1
-5.210780E-1
-5.181380E-1
-5.137280E-1
-5.093180E-1
-5.049080E-1
-5.004980E-1
-4.960880E-1
-4.916780E-1
-4.887380E-1
-4.828580E-1
-4.784480E-1
-4.710980E-1
-4.637480E-1
-4.563980E-1
-4.490480E-1
-4.446380E-1
-4.431680E-1
-4.431680E-1
-4.446380E-1
-4.475780E-1
-4.519880E-1
-4.549280E-1
-4.563980E-1
-4.578680E-1
-4.563980E-1
-4.549280E-1
-4.534580E-1
-4.534580E-1
-4.534580E-1
-4.549280E-1
-4.563980E-1
-4.593380E-1
-4.622780E-1
-4.652180E-1
-4.666880E-1
-4.681580E-1
-4.696280E-1
-4.710980E-1
-4.710980E-1
-4.725680E-1
-4.725680E-1
-4.725680E-1
-4.725680E-1
-4.725680E-1
-4.725680E-1
-4.725680E-1
-4.725680E-1
-4.740380E-1
-4.740380E-1
-4.740380E-1
-4.755080E-1
-4.784480E-1
-4.813880E-1
-4.857980E-1
-4.916780E-1
-5.004980E-1
-5.093180E-1
-5.196080E-1
-5.313680E-1
-5.401880E-1
-5.475380E-1
-5.519480E-1
-5.504780E-1
-5.475380E-1
-5.401880E-1
-5.298980E-1
-5.181380E-1
-5.063780E-1
-4.946180E-1
-4.843280E-1
-4.755080E-1
-4.666880E-1
-4.593380E-1
-4.534580E-1
-4.490480E-1
-4.446380E-1
-4.402280E-1
-4.372880E-1
-4.343480E-1
-4.328780E-1
-4.314080E-1
-4.328780E-1
-4.328780E-1
-4.343480E-1
-4.358180E-1
-4.358180E-1
-4.372880E-1
-4.372880E-1
-4.372880E-1
-4.372880E-1
-4.387580E-1
-4.416980E-1
-4.461080E-1
-4.519880E-1
-4.593380E-1
-4.696280E-1
-4.799180E-1
-4.902080E-1
-5.004980E-1
-5.093180E-1
-5.166680E-1
-5.210780E-1
-5.225480E-1
-5.210780E-1
-5.181380E-1
-5.137280E-1
-5.093180E-1
-5.049080E-1
-4.990280E-1
-4.960880E-1
-4.931480E-1
-4.916780E-1
-4.916780E-1
-4.931480E-1
-4.960880E-1
-4.975580E-1
-5.004980E-1
-5.019680E-1
-5.034380E-1
-5.034380E-1
-5.019680E-1
-4.990280E-1
-4.946180E-1
-4.902080E-1
-4.843280E-1
-4.799180E-1
-4.755080E-1
-4.725680E-1
-4.710980E-1
-4.710980E-1
-4.710980E-1
-4.725680E-1
-4.740380E-1
-4.740380E-1
-4.740380E-1
-4.725680E-1
-4.696280E-1
-4.666880E-1
-4.622780E-1
-4.578680E-1
-4.534580E-1
-4.505180E-1
-4.475780E-1
-4.461080E-1
-4.461080E-1
-4.475780E-1
-4.519880E-1
-4.563980E-1
-4.637480E-1
-4.710980E-1
-4.799180E-1
-4.887380E-1
-4.960880E-1
-5.049080E-1
-5.107880E-1
-5.151980E-1
-5.181380E-1
-5.210780E-1
-5.210780E-1
-5.210780E-1
-5.210780E-1
-5.210780E-1
-5.210780E-1
-5.210780E-1
-5.196080E-1
-5.181380E-1
-5.166680E-1
-5.166680E-1
-5.166680E-1
-5.181380E-1
-5.210780E-1
-5.269580E-1
-5.343080E-1
-5.401880E-1
-5.460680E-1
-5.504780E-1
-5.519480E-1
-5.490080E-1
-5.445980E-1
-5.372480E-1
-5.298980E-1
-5.210780E-1
-5.151980E-1
-5.093180E-1
-5.063780E-1
-5.063780E-1
-5.078480E-1
-5.093180E-1
-5.107880E-1
-5.122580E-1
-5.137280E-1
-5.137280E-1
-5.122580E-1
-5.107880E-1
-5.078480E-1
-5.063780E-1
-5.049080E-1
-5.034380E-1
-5.034380E-1
-5.049080E-1
-5.049080E-1
-5.078480E-1
-5.093180E-1
-5.122580E-1
-5.137280E-1
-5.166680E-1
-5.181380E-1
-5.196080E-1
-5.210780E-1
-5.225480E-1
-5.240180E-1
-5.254880E-1
-5.269580E-1
-5.269580E-1
-5.284280E-1
-5.269580E-1
-5.269580E-1
-5.225480E-1
-5.181380E-1
-5.122580E-1
-5.049080E-1
-4.975580E-1
-4.916780E-1
-4.857980E-1
-4.828580E-1
-4.813880E-1
-4.828580E-1
-4.857980E-1
-4.916780E-1
-5.004980E-1
-5.078480E-1
-5.181380E-1
-5.284280E-1
-5.372480E-1
-5.475380E-1
-5.578280E-1
-5.681180E-1
-5.798780E-1
-5.901680E-1
-5.989880E-1
-6.078080E-1
-6.151580E-1
-6.210380E-1
-6.254480E-1
-6.283880E-1
-6.283880E-1
-6.283880E-1
-6.254480E-1
-6.225080E-1
-6.180980E-1
-6.107480E-1
-6.019280E-1
-5.916380E-1
-5.798780E-1
-5.666480E-1
-5.519480E-1
-5.357780E-1
-5.210780E-1
-5.093180E-1
-4.975580E-1
-4.902080E-1
-4.843280E-1
-4.828580E-1
-4.828580E-1
-4.843280E-1
-4.872680E-1
-4.902080E-1
-4.916780E-1
-4.902080E-1
-4.887380E-1
-4.857980E-1
-4.813880E-1
-4.769780E-1
-4.710980E-1
-4.681580E-1
-4.681580E-1
-4.681580E-1
-4.725680E-1
-4.784480E-1
-4.857980E-1
-4.960880E-1
-5.049080E-1
-5.137280E-1
-5.225480E-1
-5.284280E-1
-5.343080E-1
-5.372480E-1
-5.387180E-1
-5.401880E-1
-5.387180E-1
-5.372480E-1
-5.343080E-1
-5.313680E-1
-5.284280E-1
-5.254880E-1
-5.225480E-1
-5.196080E-1
-5.166680E-1
-5.137280E-1
-5.093180E-1
-5.049080E-1
-5.004980E-1
-4.946180E-1
-4.902080E-1
-4.857980E-1
-4.813880E-1
-4.799180E-1
-4.799180E-1
-4.799180E-1
-4.813880E-1
-4.828580E-1
-4.843280E-1
-4.843280E-1
-4.857980E-1
-4.857980E-1
-4.887380E-1
-4.916780E-1
-4.975580E-1
-5.049080E-1
-5.122580E-1
-5.210780E-1
-5.313680E-1
-5.387180E-1
-5.445980E-1
-5.490080E-1
-5.504780E-1
-5.504780E-1
-5.504780E-1
-5.475380E-1
-5.460680E-1
-5.431280E-1
-5.387180E-1
-5.343080E-1
-5.284280E-1
-5.225480E-1
-5.151980E-1
-5.078480E-1
-4.990280E-1
-4.916780E-1
-4.828580E-1
-4.755080E-1
-4.666880E-1
-4.593380E-1
-4.534580E-1
-4.490480E-1
-4.461080E-1
-4.475780E-1
-4.505180E-1
-4.578680E-1
-4.666880E-1
-4.769780E-1
-4.857980E-1
-4.946180E-1
-5.004980E-1
-5.034380E-1
-5.019680E-1
-4.990280E-1
-4.931480E-1
-4.872680E-1
-4.828580E-1
-4.784480E-1
-4.784480E-1
-4.799180E-1
-4.843280E-1
-4.902080E-1
-4.960880E-1
-5.019680E-1
-5.063780E-1
-5.093180E-1
-5.107880E-1
-5.107880E-1
-5.093180E-1
-5.093180E-1
-5.093180E-1
-5.093180E-1
-5.093180E-1
-5.107880E-1
-5.122580E-1
-5.137280E-1
-5.151980E-1
-5.166680E-1
-5.181380E-1
-5.210780E-1
-5.225480E-1
-5.240180E-1
-5.240180E-1
-5.240180E-1
-5.210780E-1
-5.151980E-1
-5.063780E-1
-4.946180E-1
-4.813880E-1
-4.681580E-1
-4.549280E-1
-4.431680E-1
-4.358180E-1
-4.343480E-1
-4.402280E-1
-4.534580E-1
-4.725680E-1
-4.990280E-1
-5.460680E-1
-6.210380E-1
-7.136480E-1
-8.106680E-1
-9.062180E-1
-9.973580E-1
-1.082618E+0
-1.163468E+0
-1.238438E+0
-1.304588E+0
-1.363388E+0
-1.414838E+0
-1.457468E+0
-1.492748E+0
-1.522148E+0
-1.547138E+0
-1.569188E+0
-1.588298E+0
-1.607408E+0
-1.625048E+0
-1.642688E+0
-1.661798E+0
-1.682378E+0
-1.704428E+0
-1.727948E+0
-1.755878E+0
-1.783808E+0
-1.814678E+0
-1.845548E+0
-1.873478E+0
-1.899938E+0
-1.920518E+0
-1.936688E+0
-1.948448E+0
-1.957268E+0
-1.961678E+0
-1.963148E+0
-1.964618E+0
-1.964618E+0
-1.963148E+0
-1.961678E+0
-1.958738E+0
-1.957268E+0
-1.957268E+0
-1.960208E+0
-1.966088E+0
-1.977848E+0
-1.992548E+0
-2.011658E+0
-2.035178E+0
-2.058698E+0
-2.080748E+0
-2.102798E+0
-2.121908E+0
-2.138078E+0
-2.151308E+0
-2.164538E+0
-2.176298E+0
-2.186588E+0
-2.198348E+0
-2.208638E+0
-2.218928E+0
-2.229218E+0
-2.239508E+0
-2.252738E+0
-2.267438E+0
-2.286548E+0
-2.310068E+0
-2.335058E+0
-2.364458E+0
-2.393858E+0
-2.421788E+0
-2.449718E+0
-2.471768E+0
-2.490878E+0
-2.505578E+0
-2.517338E+0
-2.524688E+0
-2.532038E+0
-2.540858E+0
-2.551148E+0
-2.564378E+0
-2.583488E+0
-2.609948E+0
-2.637878E+0
-2.670218E+0
-2.704028E+0
-2.734898E+0
-2.759888E+0
-2.774588E+0
-2.781938E+0
-2.776058E+0
-2.762828E+0
-2.740778E+0
-2.712848E+0
-2.683448E+0
-2.654048E+0
-2.627588E+0
-2.604068E+0
-2.584958E+0
-2.573198E+0
-2.567318E+0
-2.567318E+0
-2.574668E+0
-2.587898E+0
-2.608478E+0
-2.633468E+0
-2.664338E+0
-2.698148E+0
-2.733428E+0
-2.765768E+0
-2.796638E+0
-2.821628E+0
-2.842208E+0
-2.856908E+0
-2.867198E+0
-2.876018E+0
-2.884838E+0
-2.896598E+0
-2.914238E+0
-2.936288E+0
-2.961278E+0
-2.986268E+0
-3.011258E+0
-3.031838E+0
-3.043598E+0
-3.048008E+0
-3.042128E+0
-3.030368E+0
-3.014198E+0
-2.998028E+0
-2.983328E+0
-2.977448E+0
-2.978918E+0
-2.990678E+0
-3.011258E+0
-3.039188E+0
-3.070058E+0
-3.100928E+0
-3.128858E+0
-3.150908E+0
-3.167078E+0
-3.177368E+0
-3.183248E+0
-3.187658E+0
-3.192068E+0
-3.200888E+0
-3.214118E+0
-3.231758E+0
-3.256748E+0
-3.286148E+0
-3.322898E+0
-3.364058E+0
-3.406688E+0
-3.452258E+0
-3.493418E+0
-3.531638E+0
-3.562508E+0
-3.587498E+0
-3.603668E+0
-3.612488E+0
-3.616898E+0
-3.618368E+0
-3.618368E+0
-3.618368E+0
-3.619838E+0
-3.624248E+0
-3.633068E+0
-3.643358E+0
-3.658058E+0
-3.671288E+0
-3.684518E+0
-3.694808E+0
-3.700688E+0
-3.697748E+0
-3.690398E+0
-3.677168E+0
-3.660998E+0
-3.644828E+0
-3.631598E+0
-3.622778E+0
-3.616898E+0
-3.615428E+0
-3.616898E+0
-3.619838E+0
-3.624248E+0
-3.631598E+0
-3.638948E+0
-3.650708E+0
-3.668348E+0
-3.691868E+0
-3.718328E+0
-3.750668E+0
-3.784478E+0
-3.819758E+0
-3.855038E+0
-3.885908E+0
-3.915308E+0
-3.937358E+0
-3.954998E+0
-3.963818E+0
-3.963818E+0
-3.952058E+0
-3.934418E+0
-3.912368E+0
-3.890318E+0
-3.871208E+0
-3.860918E+0
-3.862388E+0
-3.880028E+0
-3.912368E+0
-3.957938E+0
-4.015268E+0
-4.082888E+0
-4.156388E+0
-4.232828E+0
-4.310738E+0
-4.387178E+0
-4.462148E+0
-4.529768E+0
-4.588568E+0
-4.635608E+0
-4.670888E+0
-4.692938E+0
-4.700288E+0
-4.692938E+0
-4.676768E+0
-4.648838E+0
-4.615028E+0
-4.578278E+0
-4.540058E+0
-4.507718E+0
-4.479788E+0
-4.462148E+0
-4.451858E+0
-4.450388E+0
-4.457738E+0
-4.469498E+0
-4.484198E+0
-4.501838E+0
-4.518008E+0
-4.535648E+0
-4.553288E+0
-4.572398E+0
-4.594448E+0
-4.617968E+0
-4.642958E+0
-4.670888E+0
-4.698818E+0
-4.723808E+0
-4.744388E+0
-4.762028E+0
-4.778198E+0
-4.791428E+0
-4.806128E+0
-4.819358E+0
-4.834058E+0
-4.851698E+0
-4.870808E+0
-4.888448E+0
-4.909028E+0
-4.928138E+0
-4.947248E+0
-4.967828E+0
-4.994288E+0
-5.022218E+0
-5.057498E+0
-5.103068E+0
-5.155988E+0
-5.217728E+0
-5.288288E+0
-5.358848E+0
-5.429408E+0
-5.494088E+0
-5.547008E+0
-5.586698E+0
-5.614628E+0
-5.635208E+0
-5.649908E+0
-5.667548E+0
-5.691068E+0
-5.717528E+0
-5.745458E+0
-5.770448E+0
-5.789558E+0
-5.792498E+0
-5.779268E+0
-5.745458E+0
-5.691068E+0
-5.629328E+0
-5.557298E+0
-5.486738E+0
-5.422058E+0
-5.369138E+0
-5.336798E+0
-5.319158E+0
-5.319158E+0
-5.336798E+0
-5.361788E+0
-5.392658E+0
-5.426468E+0
-5.454398E+0
-5.474978E+0
-5.488208E+0
-5.499968E+0
-5.510258E+0
-5.522018E+0
-5.535248E+0
-5.557298E+0
-5.583758E+0
-5.611688E+0
-5.641088E+0
-5.670488E+0
-5.694008E+0
-5.717528E+0
-5.739578E+0
-5.764568E+0
-5.792498E+0
-5.823368E+0
-5.855708E+0
-5.888048E+0
-5.917448E+0
-5.938028E+0
-5.940968E+0
-5.924798E+0
-5.888048E+0
-5.842478E+0
-5.792498E+0
-5.745458E+0
-5.708708E+0
-5.691068E+0
-5.688128E+0
-5.699888E+0
-5.724878E+0
-5.751338E+0
-5.776328E+0
-5.801318E+0
-5.820428E+0
-5.839538E+0
-5.864528E+0
-5.904218E+0
-5.957138E+0
-6.033578E+0
-6.130598E+0
-6.242318E+0
-6.365798E+0
-6.495158E+0
-6.615698E+0
-6.727418E+0
-6.817088E+0
-6.877358E+0
-6.908228E+0
-6.897938E+0
-6.856778E+0
-6.792098E+0
-6.714188E+0
-6.628928E+0
-6.548078E+0
-6.481928E+0
-6.427538E+0
-6.386378E+0
-6.356978E+0
-6.340808E+0
-6.333458E+0
-6.336398E+0
-6.345218E+0
-6.361388E+0
-6.377558E+0
-6.393728E+0
-6.402548E+0
-6.398138E+0
-6.381968E+0
-6.345218E+0
-6.293768E+0
-6.230558E+0
-6.167348E+0
-6.104138E+0
-6.054158E+0
-6.015938E+0
-5.988008E+0
-5.971838E+0
-5.961548E+0
-5.951258E+0
-5.940968E+0
-5.927738E+0
-5.917448E+0
-5.914508E+0
-5.920388E+0
-5.940968E+0
-5.982128E+0
-6.036518E+0
-6.108548E+0
-6.182048E+0
-6.258488E+0
-6.320228E+0
-6.365798E+0
-6.389318E+0
-6.393728E+0
-6.381968E+0
-6.361388E+0
-6.336398E+0
-6.317288E+0
-6.312878E+0
-6.320228E+0
-6.349628E+0
-6.389318E+0
-6.448118E+0
-6.517208E+0
-6.596588E+0
-6.665678E+0
-6.727418E+0
-6.771518E+0
-6.796508E+0
-6.800918E+0
-6.796508E+0
-6.786218E+0
-6.777398E+0
-6.777398E+0
-6.792098E+0
-6.821498E+0
-6.862658E+0
-6.903818E+0
-6.940568E+0
-6.977318E+0
-6.999368E+0
-7.015538E+0
-7.021418E+0
-7.021418E+0
-7.027298E+0
-7.049348E+0
-7.089038E+0
-7.152248E+0
-7.230158E+0
-7.328648E+0
-7.438898E+0
-7.563848E+0
-7.687328E+0
-7.794638E+0
-7.874018E+0
-7.932818E+0
-7.966628E+0
-7.966628E+0
-7.957808E+0
-7.941638E+0
-7.941638E+0
-7.966628E+0
-8.026898E+0
-8.125388E+0
-8.297378E+0
-8.516408E+0
-8.783948E+0
-9.089708E+0
-9.396938E+0
-9.621848E+0
-9.733568E+0
-9.658598E+0
-9.446918E+0
-9.133808E+0
-8.808938E+0
-8.494358E+0
-8.238578E+0
-8.026898E+0
-7.866668E+0
-7.747598E+0
-7.665278E+0
-7.613828E+0
-7.599128E+0
-7.606478E+0
-7.643228E+0
-7.694678E+0
-7.763768E+0
-7.834328E+0
-7.899008E+0
-7.957808E+0
-8.000438E+0
-8.026898E+0
-8.035718E+0
-8.053358E+0
-8.062178E+0
-8.079818E+0
-8.088638E+0
-8.070998E+0
-8.026898E+0
-7.941638E+0
-7.810808E+0
-7.635878E+0
-7.438898E+0
-7.241918E+0
-7.061108E+0
-6.914108E+0
-6.806798E+0
-6.742118E+0
-6.718598E+0
-6.733298E+0
-6.771518E+0
-6.821498E+0
-6.883238E+0
-6.934688E+0
-6.977318E+0
-7.021418E+0
-7.061108E+0
-7.105208E+0
-7.164008E+0
-7.230158E+0
-7.290428E+0
-7.334528E+0
-7.360988E+0
-7.347758E+0
-7.297778E+0
-7.230158E+0
-7.158128E+0
-7.099328E+0
-7.083158E+0
-7.111088E+0
-7.199288E+0
-7.360988E+0
-7.599128E+0
-7.932818E+0
-8.357648E+0
-8.898608E+0
-9.532178E+0
-1.030099E+1
-1.114477E+1
-1.193563E+1
-1.234135E+1
-1.221787E+1
-1.168573E+1
-1.103746E+1
-1.043035E+1
-9.934958E+0
-9.567458E+0
-9.316088E+0
-9.177908E+0
-9.148508E+0
-9.222008E+0
-9.396938E+0
-9.676238E+0
-1.006579E+1
-1.053913E+1
-1.103746E+1
-1.150492E+1
-1.173277E+1
-1.168573E+1
-1.129765E+1
-1.077433E+1
-1.020397E+1
-9.658598E+0
-9.163208E+0
-8.698688E+0
-8.287088E+0
-7.923998E+0
-7.613828E+0
-7.360988E+0
-7.158128E+0
-7.011128E+0
-6.914108E+0
-6.867068E+0
-6.867068E+0
-6.903818E+0
-6.972908E+0
-7.071398E+0
-7.211048E+0
-7.374218E+0
-7.577078E+0
-7.818158E+0
-8.097458E+0
-8.409098E+0
-8.722208E+0
-9.033848E+0
-9.299918E+0
-9.480728E+0
-9.585098E+0
-9.621848E+0
-9.602738E+0
-9.602738E+0
-9.621848E+0
-9.695348E+0
-9.832058E+0
-1.006579E+1
-1.040389E+1
-1.090222E+1
-1.168573E+1
-1.309840E+1
-2.000005E+1
-2.000005E+1
-2.000005E+1
-2.000005E+1
-2.000005E+1
-2.000005E+1
-2.000005E+1
-2.000005E+1
-2.000005E+1
-2.000005E+1
-2.000005E+1
-1.210027E+1
-1.065379E+1
-9.934958E+0
-9.567458E+0
-9.413108E+0
-9.446918E+0
-9.602738E+0
-9.852638E+0
-1.013341E+1
-1.032745E+1
-1.035244E+1
-1.018045E+1
-9.893798E+0
-9.567458E+0
-9.283748E+0
-9.089708E+0
-9.005918E+0
-9.061778E+0
-9.283748E+0
-9.695348E+0
-1.035244E+1
-1.146082E+1
-1.384663E+1
-2.000005E+1
-2.000005E+1
-2.000005E+1
-2.000005E+1
-2.000005E+1
-1.849477E+1
-1.168573E+1
-1.004374E+1
-9.033848E+0
-8.347358E+0
-7.874018E+0
-7.563848E+0
-7.380098E+0
-7.303658E+0
-7.334528E+0
-7.466828E+0
-7.694678E+0
-8.000438E+0
-8.378228E+0
-8.822168E+0
-9.283748E+0
-9.733568E+0
-1.006579E+1
-1.025248E+1
-1.027747E+1
-1.020397E+1
-1.006579E+1
-9.934958E+0
-9.873218E+0
-9.893798E+0
-1.006579E+1
-1.037743E+1
-1.093456E+1
-1.183273E+1
-1.360555E+1
-2.000005E+1
-2.000005E+1
-2.000005E+1
-2.000005E+1
-2.000005E+1
-1.319101E+1
-1.125796E+1
-1.018045E+1
-9.496898E+0
-9.075008E+0
-8.847158E+0
-8.795708E+0
-8.885378E+0
-9.133808E+0
-9.532178E+0
-1.015693E+1
-1.107274E+1
-1.254274E+1
-1.650439E+1
-2.000005E+1
-2.000005E+1
-2.000005E+1
-2.000005E+1
-2.000005E+1
-2.000005E+1
-2.000005E+1
-2.000005E+1
-2.000005E+1
-2.000005E+1
-2.000005E+1
-2.000005E+1
-2.000005E+1
-2.000005E+1
-2.000005E+1
-2.000005E+1
-2.000005E+1
-2.000005E+1
-2.000005E+1
-1.301020E+1
-1.107274E+1
-1.004374E+1
-9.379298E+0
-8.938298E+0
-8.639888E+0
-8.462018E+0
-8.378228E+0
-8.378228E+0
-8.439968E+0
-8.548748E+0
-8.710448E+0
-8.911838E+0
-9.163208E+0
-9.446918E+0
-9.733568E+0
-1.004374E+1
-1.035244E+1
-1.062439E+1
-1.086841E+1
-1.103746E+1
-1.125796E+1
-1.154902E+1
-1.188271E+1
-1.240750E+1
-1.319101E+1
-1.426852E+1
-1.577380E+1
-1.650439E+1
-1.522843E+1
-1.360555E+1
-1.227961E+1
-1.125796E+1
-1.053913E+1
-1.002169E+1
-9.714458E+0
-9.567458E+0
-9.602738E+0
-9.811478E+0
-1.025248E+1
-1.103746E+1
-1.254274E+1
-2.000005E+1
-2.000005E+1
-2.000005E+1
-2.000005E+1
-2.000005E+1
-2.000005E+1
-2.000005E+1
-2.000005E+1
-2.000005E+1
-2.000005E+1
-2.000005E+1
-2.000005E+1
-2.000005E+1
-2.000005E+1
-1.372315E+1
-1.146082E+1
-1.040389E+1
-9.714458E+0
-9.238178E+0
-8.872148E+0
-8.616368E+0
-8.450258E+0
-8.367938E+0
-8.367938E+0
-8.450258E+0
-8.582558E+0
-8.772188E+0
-8.992688E+0
-9.177908E+0
-9.299918E+0
-9.330788E+0
-9.269048E+0
-9.133808E+0
-8.964758E+0
-8.808938E+0
-8.710448E+0
-8.675168E+0
-8.722208E+0
-8.858918E+0
-9.104408E+0
-9.514538E+0
-1.013341E+1
-1.118152E+1
-1.338799E+1
-2.000005E+1
-2.000005E+1
-2.000005E+1
-2.000005E+1
-2.000005E+1
-2.000005E+1
-2.000005E+1
-2.000005E+1
-2.000005E+1
-1.426852E+1
-1.268680E+1
-1.227961E+1
-1.247365E+1
-1.338799E+1
-1.650439E+1
-2.000005E+1
-2.000005E+1
-2.000005E+1
-2.000005E+1
-2.000005E+1
-2.000005E+1
-2.000005E+1
-2.000005E+1
-2.000005E+1
-2.000005E+1
-2.000005E+1
-2.000005E+1
-2.000005E+1
-2.000005E+1
-2.000005E+1
-2.000005E+1
-2.000005E+1
-2.000005E+1
-2.000005E+1
-2.000005E+1
-2.000005E+1
-2.000005E+1
-2.000005E+1
-2.000005E+1
-2.000005E+1
-2.000005E+1
-2.000005E+1
-2.000005E+1
-2.000005E+1
-2.000005E+1
-2.000005E+1
-2.000005E+1
-2.000005E+1
-2.000005E+1
-2.000005E+1
-2.000005E+1
-2.000005E+1
-2.000005E+1
-1.548421E+1
-1.276324E+1
-1.159312E+1
-1.090222E+1
-1.051120E+1
-1.030099E+1
-1.022749E+1
-1.027747E+1
-1.040389E+1
-1.053913E+1
-1.062439E+1
-1.059499E+1
-1.043035E+1
-1.020397E+1
-9.914378E+0
-9.639488E+0
-9.396938E+0
-9.192608E+0
-9.033848E+0
-8.925068E+0
-8.872148E+0
-8.858918E+0
-8.938298E+0
-9.133808E+0
-9.463088E+0
-1.006579E+1
-1.118152E+1
-1.460368E+1
-2.000005E+1
-2.000005E+1
-2.000005E+1
-2.000005E+1
-2.000005E+1
-2.000005E+1
-2.000005E+1
-2.000005E+1
-2.000005E+1
-2.000005E+1
-2.000005E+1
-2.000005E+1
-2.000005E+1
-2.000005E+1
-2.000005E+1
-2.000005E+1
-2.000005E+1
-1.443022E+1
-1.319101E+1
-1.261330E+1
-1.234135E+1
-1.210027E+1
-1.188271E+1
-1.154902E+1
-1.118152E+1
-1.080520E+1
-1.037743E+1
-9.999638E+0
-9.676238E+0
-9.429278E+0
-9.269048E+0
-9.192608E+0
-9.238178E+0
-9.396938E+0
-9.733568E+0
-1.032745E+1
-1.129765E+1
-1.349383E+1
-2.000005E+1
-2.000005E+1
-2.000005E+1
-2.000005E+1
-2.000005E+1
-2.000005E+1
-2.000005E+1
-2.000005E+1
-2.000005E+1
-1.411858E+1
-1.204441E+1
-1.114477E+1
-1.071259E+1
-1.051120E+1
-1.053913E+1
-1.068319E+1
-1.100218E+1
-1.141966E+1
-1.198855E+1
-1.276324E+1
-1.384663E+1
-1.548421E+1
-2.000005E+1
-2.000005E+1
-2.000005E+1
-2.000005E+1
-2.000005E+1
-2.000005E+1
-1.761424E+1
-1.372315E+1
-1.215907E+1
-1.121974E+1
-1.056706E+1
-1.015693E+1
-9.934958E+0
-9.832058E+0
-9.811478E+0
-9.852638E+0
-9.934958E+0
-1.002169E+1
-1.008784E+1
-1.010989E+1
-1.008784E+1
-1.002169E+1
-9.914378E+0
-9.811478E+0
-9.695348E+0
-9.585098E+0
-9.496898E+0
-9.413108E+0
-9.316088E+0
-9.222008E+0
-9.104408E+0
-8.964758E+0
-8.822168E+0
-8.663408E+0
-8.504648E+0
-8.367938E+0
-8.257688E+0
-8.181248E+0
-8.162138E+0
-8.190068E+0
-8.276798E+0
-8.409098E+0
-8.570798E+0
-8.772188E+0
-8.964758E+0
-9.119108E+0
-9.222008E+0
-9.238178E+0
-9.192608E+0
-9.089708E+0
-8.977988E+0
-8.872148E+0
-8.808938E+0
-8.808938E+0
-8.872148E+0
-9.019148E+0
-9.252878E+0
-9.567458E+0
-9.977588E+0
-1.048327E+1
-1.100218E+1
-1.150492E+1
-1.183273E+1
-1.193563E+1
-1.178275E+1
-1.146082E+1
-1.103746E+1
-1.071259E+1
-1.043035E+1
-1.030099E+1
-1.027747E+1
-1.043035E+1
-1.083607E+1
-1.168573E+1
-1.372315E+1
-2.000005E+1
-2.000005E+1
-2.000005E+1
-2.000005E+1
-2.000005E+1
-2.000005E+1
-2.000005E+1
-2.000005E+1
-2.000005E+1
-2.000005E+1
-2.000005E+1
-2.000005E+1
-2.000005E+1
-2.000005E+1
-2.000005E+1
-2.000005E+1
-2.000005E+1
-2.000005E+1
-2.000005E+1
-2.000005E+1
-2.000005E+1
-2.000005E+1
-2.000005E+1
-2.000005E+1
-1.426852E+1
-1.247365E+1
-1.146082E+1
-1.086841E+1
-1.051120E+1
-1.032745E+1
-1.027747E+1
-1.027747E+1
-1.035244E+1
-1.037743E+1
-1.030099E+1
-1.008784E+1
-9.752678E+0
-9.379298E+0
-9.019148E+0
-8.698688E+0
-8.419388E+0
-8.209178E+0
-8.053358E+0
-7.932818E+0
-7.841678E+0
-7.771118E+0
-7.709378E+0
-7.665278E+0
-7.643228E+0
-7.650578E+0
-7.702028E+0
-7.810808E+0
-8.000438E+0
-8.297378E+0
-8.698688E+0
-9.283748E+0
-1.010989E+1
-1.141966E+1
-1.460368E+1
-2.000005E+1
-2.000005E+1
-2.000005E+1
-2.000005E+1
-2.000005E+1
-2.000005E+1
-2.000005E+1
-2.000005E+1
-2.000005E+1
-2.000005E+1
-2.000005E+1
-2.000005E+1
-2.000005E+1
-2.000005E+1
-2.000005E+1
-2.000005E+1
-2.000005E+1
-2.000005E+1
-1.338799E+1
-1.118152E+1
-1.013341E+1
-9.446918E+0
-8.964758E+0
-8.628128E+0
-8.367938E+0
-8.170958E+0
-7.991618E+0
-7.825508E+0
-7.679978E+0
-7.549148E+0
-7.446248E+0
-7.387448E+0
-7.374218E+0
-7.425668E+0
-7.569728E+0
-7.810808E+0
-8.181248E+0
-8.710448E+0
-9.480728E+0
-1.071259E+1
-1.338799E+1
-2.000005E+1
-2.000005E+1
-2.000005E+1
-2.000005E+1
-2.000005E+1
-2.000005E+1
-2.000005E+1
-2.000005E+1
-1.479331E+1
-1.227961E+1
-1.118152E+1
-1.053913E+1
-1.010989E+1
-9.873218E+0
-9.752678E+0
-9.773258E+0
-9.955538E+0
-1.027747E+1
-1.080520E+1
-1.168573E+1
-1.338799E+1
-2.000005E+1
-2.000005E+1
-2.000005E+1
-2.000005E+1
-2.000005E+1
-2.000005E+1
-2.000005E+1
-2.000005E+1
-2.000005E+1
-2.000005E+1
-2.000005E+1
-2.000005E+1
-2.000005E+1
-2.000005E+1
-2.000005E+1
-1.479331E+1
-1.221787E+1
-1.114477E+1
-1.056706E+1
-1.022749E+1
-1.013341E+1
-1.030099E+1
-1.080520E+1
-1.188271E+1
-1.610896E+1
-2.000005E+1
-2.000005E+1
-2.000005E+1
-2.000005E+1
-2.000005E+1
-2.000005E+1
-2.000005E+1
-2.000005E+1
-2.000005E+1
-2.000005E+1
-2.000005E+1
-2.000005E+1
-2.000005E+1
-2.000005E+1
-2.000005E+1
-2.000005E+1
-2.000005E+1
-2.000005E+1
-2.000005E+1
-2.000005E+1
-2.000005E+1
-2.000005E+1
-2.000005E+1
-2.000005E+1
-2.000005E+1
-1.499911E+1
-1.319101E+1
-1.234135E+1
-1.178275E+1
-1.141966E+1
-1.110802E+1
-1.090222E+1
-1.071259E+1
-1.059499E+1
-1.056706E+1
-1.065379E+1
-1.086841E+1
-1.129765E+1
-1.198855E+1
-1.319101E+1
-1.650439E+1
-2.000005E+1
-2.000005E+1
-2.000005E+1
-2.000005E+1
-2.000005E+1
-2.000005E+1
-1.761424E+1
-1.349383E+1
-1.215907E+1
-1.137850E+1
-1.083607E+1
-1.048327E+1
-1.025248E+1
-1.006579E+1
-9.955538E+0
-9.914378E+0
-9.934958E+0
-1.006579E+1
-1.032745E+1
-1.080520E+1
-1.159312E+1
-1.319101E+1
-2.000005E+1
-2.000005E+1
-2.000005E+1
-2.000005E+1
-2.000005E+1
-2.000005E+1
-2.000005E+1
-2.000005E+1
-2.000005E+1
-2.000005E+1
-2.000005E+1
-2.000005E+1
-2.000005E+1
-2.000005E+1
-1.522843E+1
-1.292494E+1
-1.247365E+1
-1.292494E+1
-1.499911E+1
-2.000005E+1
-2.000005E+1
-2.000005E+1
-2.000005E+1
-2.000005E+1
-2.000005E+1
-2.000005E+1
-2.000005E+1
-2.000005E+1
-2.000005E+1
-2.000005E+1
-2.000005E+1
-2.000005E+1
-2.000005E+1
-2.000005E+1
-2.000005E+1
-2.000005E+1
-2.000005E+1
-2.000005E+1
-2.000005E+1
-2.000005E+1
-2.000005E+1
-2.000005E+1
-1.426852E+1
-1.276324E+1
-1.188271E+1
-1.121974E+1
-1.080520E+1
-1.051120E+1
-1.037743E+1
-1.035244E+1
-1.051120E+1
-1.080520E+1
-1.133734E+1
-1.210027E+1
-1.328803E+1
-1.548421E+1
-2.000005E+1
-2.000005E+1
-2.000005E+1
-2.000005E+1
-2.000005E+1
-2.000005E+1
-2.000005E+1
-2.000005E+1
-2.000005E+1
-1.849477E+1
-1.443022E+1
-1.284262E+1
-1.188271E+1
-1.121974E+1
-1.074346E+1
-1.045681E+1
-1.025248E+1
-1.018045E+1
-1.020397E+1
-1.025248E+1
-1.032745E+1
-1.035244E+1
-1.032745E+1
-1.020397E+1
-1.002169E+1
-9.792368E+0
-9.532178E+0
-9.238178E+0
-8.977988E+0
-8.710448E+0
-8.472308E+0
-8.257688E+0
-8.088638E+0
-7.966628E+0
-7.899008E+0
-7.882838E+0
-7.932818E+0
-8.035718E+0
-8.200358E+0
-8.419388E+0
-8.686928E+0
-9.019148E+0
-9.396938E+0
-9.811478E+0
-1.027747E+1
-1.077433E+1
-1.133734E+1
-1.198855E+1
-1.261330E+1
-1.319101E+1
-1.338799E+1
-1.309840E+1
-1.247365E+1
-1.173277E+1
-1.107274E+1
-1.048327E+1
-1.008784E+1
-9.811478E+0
-9.695348E+0
-9.733568E+0
-9.914378E+0
-1.027747E+1
-1.080520E+1
-1.146082E+1
-1.210027E+1
-1.240750E+1
-1.204441E+1
-1.129765E+1
-1.048327E+1
-9.792368E+0
-9.222008E+0
-8.795708E+0
-8.482598E+0
-8.287088E+0
-8.162138E+0
-8.107748E+0
-8.079818E+0
-8.062178E+0
-8.053358E+0
-8.009258E+0
-7.941638E+0
-7.857848E+0
-7.763768E+0
-7.687328E+0
-7.635878E+0
-7.621178E+0
-7.657928E+0
-7.763768E+0
-7.941638E+0
-8.190068E+0
-8.538458E+0
-8.977988E+0
-9.532178E+0
-1.020397E+1
-1.100218E+1
-1.188271E+1
-1.276324E+1
-1.319101E+1
-1.309840E+1
-1.247365E+1
-1.183273E+1
-1.125796E+1
-1.080520E+1
-1.048327E+1
-1.030099E+1
-1.022749E+1
-1.027747E+1
-1.043035E+1
-1.074346E+1
-1.114477E+1
-1.168573E+1
-1.227961E+1
-1.284262E+1
-1.309840E+1
-1.292494E+1
-1.234135E+1
-1.168573E+1
-1.103746E+1
-1.048327E+1
-1.002169E+1
-9.639488E+0
-9.330788E+0
-9.075008E+0
-8.872148E+0
-8.698688E+0
-8.560508E+0
-8.462018E+0
-8.398808E+0
-8.398808E+0
-8.462018E+0
-8.594318E+0
-8.833928E+0
-9.163208E+0
-9.621848E+0
-1.025248E+1
-1.107274E+1
-1.215907E+1
-1.372315E+1
-1.650439E+1
-2.000005E+1
-2.000005E+1
-2.000005E+1
-2.000005E+1
-1.577380E+1
-1.397893E+1
-1.301020E+1
-1.227961E+1
-1.173277E+1
-1.121974E+1
-1.080520E+1
-1.048327E+1
-1.025248E+1
-1.008784E+1
-9.977588E+0
-9.914378E+0
-9.914378E+0
-9.914378E+0
-9.914378E+0
-9.893798E+0
-9.811478E+0
-9.676238E+0
-9.496898E+0
-9.316088E+0
-9.148508E+0
-8.992688E+0
-8.872148E+0
-8.795708E+0
-8.758958E+0
-8.772188E+0
-8.795708E+0
-8.858918E+0
-8.964758E+0
-9.104408E+0
-9.316088E+0
-9.602738E+0
-1.004374E+1
-1.071259E+1
-1.178275E+1
-1.426852E+1
-2.000005E+1
-2.000005E+1
-2.000005E+1
-2.000005E+1
-2.000005E+1
-2.000005E+1
-2.000005E+1
-2.000005E+1
-2.000005E+1
-2.000005E+1
-2.000005E+1
-1.411858E+1
-1.168573E+1
-1.059499E+1
-9.999638E+0
-9.639488E+0
-9.463088E+0
-9.396938E+0
-9.446918E+0
-9.585098E+0
-9.811478E+0
-1.008784E+1
-1.043035E+1
-1.083607E+1
-1.125796E+1
-1.178275E+1
-1.247365E+1
-1.360555E+1
-1.849477E+1
-2.000005E+1
-2.000005E+1
-2.000005E+1
-2.000005E+1
-2.000005E+1
-2.000005E+1
-2.000005E+1
-2.000005E+1
-2.000005E+1
-2.000005E+1
-2.000005E+1
-2.000005E+1
-1.849477E+1
-1.499911E+1
-1.499911E+1
-2.000005E+1
-2.000005E+1
-2.000005E+1
-2.000005E+1
-2.000005E+1
-2.000005E+1
-2.000005E+1
-2.000005E+1
-2.000005E+1
-2.000005E+1
-2.000005E+1
-1.268680E+1
-1.125796E+1
-1.062439E+1
-1.037743E+1
-1.045681E+1
-1.077433E+1
-1.137850E+1
-1.247365E+1
-1.522843E+1
-2.000005E+1
-2.000005E+1
-2.000005E+1
-2.000005E+1
-2.000005E+1
-2.000005E+1
-2.000005E+1
-2.000005E+1
-2.000005E+1
-2.000005E+1
-2.000005E+1
-2.000005E+1
-2.000005E+1
-2.000005E+1
-2.000005E+1
-2.000005E+1
-2.000005E+1
-2.000005E+1
-2.000005E+1
-2.000005E+1
-2.000005E+1
-2.000005E+1
-2.000005E+1
-2.000005E+1
-2.000005E+1
-2.000005E+1
-2.000005E+1
-2.000005E+1
-2.000005E+1
-2.000005E+1
-2.000005E+1
-2.000005E+1
-2.000005E+1
-2.000005E+1
-2.000005E+1
-1.650439E+1
-1.328803E+1
-1.178275E+1
-1.083607E+1
-1.010989E+1
-9.567458E+0
-9.133808E+0
-8.822168E+0
-8.604608E+0
-8.472308E+0
-8.429678E+0
-8.462018E+0
-8.570798E+0
-8.747198E+0
-9.019148E+0
-9.379298E+0
-9.873218E+0
-1.053913E+1
-1.154902E+1
-1.372315E+1
-2.000005E+1
-2.000005E+1
-2.000005E+1
-2.000005E+1
-2.000005E+1
-2.000005E+1
-2.000005E+1
-2.000005E+1
-2.000005E+1
-2.000005E+1
-2.000005E+1
-2.000005E+1
-2.000005E+1
-2.000005E+1
-2.000005E+1
-1.372315E+1
-1.133734E+1
-1.037743E+1
-9.852638E+0
-9.549818E+0
-9.396938E+0
-9.346958E+0
-9.396938E+0
-9.496898E+0
-9.639488E+0
-9.832058E+0
-1.004374E+1
-1.027747E+1
-1.051120E+1
-1.074346E+1
-1.100218E+1
-1.125796E+1
-1.141966E+1
-1.146082E+1
-1.133734E+1
-1.110802E+1
-1.077433E+1
-1.045681E+1
-1.015693E+1
-9.934958E+0
-9.773258E+0
-9.733568E+0
-9.752678E+0
-9.832058E+0
-9.955538E+0
-1.013341E+1
-1.032745E+1
-1.059499E+1
-1.093456E+1
-1.137850E+1
-1.215907E+1
-1.372315E+1
-2.000005E+1
-2.000005E+1
-2.000005E+1
-2.000005E+1
-2.000005E+1
-2.000005E+1
-2.000005E+1
-1.849477E+1
-1.188271E+1
-1.027747E+1
-9.299918E+0
-8.639888E+0
-8.181248E+0
-7.866668E+0
-7.679978E+0
-7.599128E+0
-7.613828E+0
-7.716728E+0
-7.915178E+0
-8.200358E+0
-8.570798E+0
-9.019148E+0
-9.567458E+0
-1.015693E+1
-1.077433E+1
-1.133734E+1
-1.178275E+1
-1.210027E+1
-1.221787E+1
-1.234135E+1
-1.261330E+1
-1.349383E+1
-1.650439E+1
-2.000005E+1
-2.000005E+1
-2.000005E+1
-2.000005E+1
-2.000005E+1
-2.000005E+1
-2.000005E+1
-2.000005E+1
-2.000005E+1
-2.000005E+1
-2.000005E+1
-2.000005E+1
-2.000005E+1
-2.000005E+1
-2.000005E+1
-2.000005E+1
-2.000005E+1
-2.000005E+1
-2.000005E+1
-2.000005E+1
-2.000005E+1
-2.000005E+1
-2.000005E+1
-2.000005E+1
-2.000005E+1
-2.000005E+1
-2.000005E+1
-2.000005E+1
-2.000005E+1
-2.000005E+1
-2.000005E+1
-2.000005E+1
-2.000005E+1
-1.460368E+1
-1.349383E+1
-1.338799E+1
-1.411858E+1
-1.849477E+1
-2.000005E+1
-2.000005E+1
-2.000005E+1
-2.000005E+1
-2.000005E+1
-2.000005E+1
-2.000005E+1
-2.000005E+1
-2.000005E+1
-2.000005E+1
-2.000005E+1
-2.000005E+1
-2.000005E+1
-1.522843E+1
-1.254274E+1
-1.129765E+1
-1.051120E+1
-9.977588E+0
-9.602738E+0
-9.363128E+0
-9.269048E+0
-9.283748E+0
-9.413108E+0
-9.621848E+0
-9.914378E+0
-1.022749E+1
-1.053913E+1
-1.080520E+1
-1.093456E+1
-1.100218E+1
-1.100218E+1
-1.096837E+1
-1.096837E+1
-1.096837E+1
-1.103746E+1
-1.110802E+1
-1.125796E+1
-1.146082E+1
-1.173277E+1
-1.215907E+1
-1.268680E+1
-1.349383E+1
-1.479331E+1
-1.849477E+1
-2.000005E+1
-2.000005E+1
-2.000005E+1
-2.000005E+1
-2.000005E+1
-2.000005E+1
-2.000005E+1
-2.000005E+1
-2.000005E+1
-2.000005E+1
-2.000005E+1
-2.000005E+1
-2.000005E+1
-2.000005E+1
-2.000005E+1
-2.000005E+1
-2.000005E+1
-2.000005E+1
-1.338799E+1
-1.193563E+1
-1.110802E+1
-1.051120E+1
-1.008784E+1
-9.811478E+0
-9.658598E+0
-9.639488E+0
-9.752678E+0
-1.004374E+1
-1.056706E+1
-1.146082E+1
-1.309840E+1
-2.000005E+1
-2.000005E+1
-2.000005E+1
-2.000005E+1
-2.000005E+1
-2.000005E+1
-2.000005E+1
-2.000005E+1
-1.610896E+1
-1.443022E+1
-1.411858E+1
-1.522843E+1
-2.000005E+1
-2.000005E+1
-2.000005E+1
-2.000005E+1
-2.000005E+1
-2.000005E+1
-2.000005E+1
-2.000005E+1
-2.000005E+1
-2.000005E+1
-2.000005E+1
-1.349383E+1
-1.154902E+1
-1.074346E+1
-1.040389E+1
-1.040389E+1
-1.077433E+1
-1.159312E+1
-1.360555E+1
-2.000005E+1
-2.000005E+1
-2.000005E+1
-2.000005E+1
-2.000005E+1
-2.000005E+1
-2.000005E+1
-2.000005E+1
-1.372315E+1
-1.178275E+1
-1.086841E+1
-1.040389E+1
-1.018045E+1
-1.013341E+1
-1.027747E+1
-1.059499E+1
-1.110802E+1
-1.188271E+1
-1.319101E+1
-1.698949E+1
-2.000005E+1
-2.000005E+1
-2.000005E+1
-2.000005E+1
-2.000005E+1
-2.000005E+1
-1.338799E+1
-1.137850E+1
-1.025248E+1
-9.480728E+0
-8.911838E+0
-8.516408E+0
-8.238578E+0
-8.053358E+0
-7.932818E+0
-7.857848E+0
-7.810808E+0
-7.771118E+0
-7.724078E+0
-7.672628E+0
-7.628528E+0
-7.591778E+0
-7.606478E+0
-7.679978E+0
-7.834328E+0
-8.097458E+0
-8.504648E+0
-9.104408E+0
-9.977588E+0
-1.133734E+1
-1.397893E+1
-2.000005E+1
-2.000005E+1
-2.000005E+1
-1.319101E+1
-1.103746E+1
-9.852638E+0
-9.061778E+0
-8.548748E+0
-8.219468E+0
-8.035718E+0
-7.982798E+0
-8.035718E+0
-8.181248E+0
-8.419388E+0
-8.722208E+0
-9.133808E+0
-9.639488E+0
-1.030099E+1
-1.118152E+1
-1.254274E+1
-1.610896E+1
-2.000005E+1
-2.000005E+1
-2.000005E+1
-2.000005E+1
-2.000005E+1
-2.000005E+1
-2.000005E+1
-2.000005E+1
-2.000005E+1
-2.000005E+1
-2.000005E+1
-2.000005E+1
-2.000005E+1
-2.000005E+1
-1.849477E+1
-1.397893E+1
-1.227961E+1
-1.125796E+1
-1.053913E+1
-1.010989E+1
-9.852638E+0
-9.811478E+0
-9.955538E+0
-1.037743E+1
-1.121974E+1
-1.301020E+1
-2.000005E+1
-2.000005E+1
-2.000005E+1
-2.000005E+1
-2.000005E+1
-2.000005E+1
-2.000005E+1
-2.000005E+1
-2.000005E+1
-2.000005E+1
-1.240750E+1
-1.103746E+1
-1.030099E+1
-9.873218E+0
-9.602738E+0
-9.429278E+0
-9.299918E+0
-9.163208E+0
-9.033848E+0
-8.885378E+0
-8.722208E+0
-8.582558E+0
-8.472308E+0
-8.419388E+0
-8.409098E+0
-8.472308E+0
-8.628128E+0
-8.872148E+0
-9.238178E+0
-9.733568E+0
-1.045681E+1
-1.154902E+1
-1.384663E+1
-2.000005E+1
-2.000005E+1
-2.000005E+1
-2.000005E+1
-2.000005E+1
-2.000005E+1
-2.000005E+1
-2.000005E+1
-2.000005E+1
-2.000005E+1
-2.000005E+1
-2.000005E+1
-2.000005E+1
-2.000005E+1
-2.000005E+1
-1.610896E+1
-1.210027E+1
-1.062439E+1
-9.695348E+0
-9.047078E+0
-8.594318E+0
-8.287088E+0
-8.125388E+0
-8.107748E+0
-8.238578E+0
-8.560508E+0
-9.119108E+0
-1.010989E+1
-1.227961E+1
-2.000005E+1
-2.000005E+1
-2.000005E+1
-2.000005E+1
-2.000005E+1
-2.000005E+1
-2.000005E+1
-2.000005E+1
-2.000005E+1
-2.000005E+1
-2.000005E+1
-2.000005E+1
-2.000005E+1
-2.000005E+1
-2.000005E+1
-2.000005E+1
-2.000005E+1
-2.000005E+1
-2.000005E+1
-2.000005E+1
-2.000005E+1
-2.000005E+1
-2.000005E+1
-2.000005E+1
-2.000005E+1
-2.000005E+1
-2.000005E+1
-2.000005E+1
-2.000005E+1
-2.000005E+1
-2.000005E+1
-2.000005E+1
-2.000005E+1
-2.000005E+1
-2.000005E+1
-2.000005E+1
-2.000005E+1
-2.000005E+1
-2.000005E+1
-2.000005E+1
-2.000005E+1
-1.254274E+1
-1.093456E+1
-1.015693E+1
-9.733568E+0
-9.480728E+0
-9.363128E+0
-9.346958E+0
-9.396938E+0
-9.514538E+0
-9.695348E+0
-9.955538E+0
-1.027747E+1
-1.068319E+1
-1.110802E+1
-1.150492E+1
-1.168573E+1
-1.159312E+1
-1.118152E+1
-1.065379E+1
-1.008784E+1
-9.602738E+0
-9.207308E+0
-8.898608E+0
-8.663408E+0
-8.482598E+0
-8.337068E+0
-8.209178E+0
-8.079818E+0
-7.941638E+0
-7.810808E+0
-7.687328E+0
-7.591778E+0
-7.534448E+0
-7.528568E+0
-7.577078E+0
-7.694678E+0
-7.891658E+0
-8.170958E+0
-8.526698E+0
-8.964758E+0
-9.463088E+0
-9.999638E+0
-1.048327E+1
-1.083607E+1
-1.093456E+1
-1.077433E+1
-1.045681E+1
-1.013341E+1
-9.832058E+0
-9.602738E+0
-9.446918E+0
-9.379298E+0
-9.379298E+0
-9.463088E+0
-9.585098E+0
-9.733568E+0
-9.852638E+0
-9.873218E+0
-9.811478E+0
-9.585098E+0
-9.269048E+0
-8.911838E+0
-8.548748E+0
-8.238578E+0
-7.975448E+0
-7.787288E+0
-7.665278E+0
-7.613828E+0
-7.635878E+0
-7.702028E+0
-7.810808E+0
-7.941638E+0
-8.079818E+0
-8.209178E+0
-8.297378E+0
-8.347358E+0
-8.357648E+0
-8.367938E+0
-8.367938E+0
-8.388518E+0
-8.419388E+0
-8.494358E+0
-8.594318E+0
-8.722208E+0
-8.858918E+0
-8.992688E+0
-9.089708E+0
-9.148508E+0
-9.163208E+0
-9.133808E+0
-9.061778E+0
-8.964758E+0
-8.872148E+0
-8.783948E+0
-8.698688E+0
-8.628128E+0
-8.560508E+0
-8.516408E+0
-8.494358E+0
-8.504648E+0
-8.570798E+0
-8.710448E+0
-8.925068E+0
-9.252878E+0
-9.695348E+0
-1.025248E+1
-1.096837E+1
-1.188271E+1
-1.301020E+1
-1.426852E+1
-1.548421E+1
-1.610896E+1
-1.650439E+1
-1.698949E+1
-1.849477E+1
-2.000005E+1
-2.000005E+1
-2.000005E+1
-2.000005E+1
-2.000005E+1
-2.000005E+1
-2.000005E+1
-2.000005E+1
-2.000005E+1
-2.000005E+1
-2.000005E+1
-2.000005E+1
-2.000005E+1
-2.000005E+1
-2.000005E+1
-2.000005E+1
-2.000005E+1
-2.000005E+1
-2.000005E+1
-1.650439E+1
-1.499911E+1
-1.577380E+1
-2.000005E+1
-2.000005E+1
-2.000005E+1
-2.000005E+1
-2.000005E+1
-1.577380E+1
-1.261330E+1
-1.118152E+1
-1.027747E+1
-9.621848E+0
-9.192608E+0
-8.911838E+0
-8.783948E+0
-8.808938E+0
-8.992688E+0
-9.379298E+0
-9.999638E+0
-1.103746E+1
-1.292494E+1
-2.000005E+1
-2.000005E+1
-2.000005E+1
-2.000005E+1
-2.000005E+1
-1.254274E+1
-1.077433E+1
-9.752678E+0
-9.089708E+0
-8.663408E+0
-8.378228E+0
-8.238578E+0
-8.228288E+0
-8.337068E+0
-8.582558E+0
-8.977988E+0
-9.602738E+0
-1.056706E+1
-1.227961E+1
-2.000005E+1
-2.000005E+1
-2.000005E+1
-2.000005E+1
-2.000005E+1
-2.000005E+1
-1.215907E+1
-1.045681E+1
-9.480728E+0
-8.833928E+0
-8.367938E+0
-8.035718E+0
-7.794638E+0
-7.613828E+0
-7.493288E+0
-7.419788E+0
-7.399208E+0
-7.425668E+0
-7.507988E+0
-7.628528E+0
-7.801988E+0
-8.035718E+0
-8.297378E+0
-8.594318E+0
-8.898608E+0
-9.192608E+0
-9.480728E+0
-9.752678E+0
-9.999638E+0
-1.027747E+1
-1.059499E+1
-1.103746E+1
-1.173277E+1
-1.309840E+1
-1.849477E+1
-2.000005E+1
-2.000005E+1
-2.000005E+1
-2.000005E+1
-2.000005E+1
-2.000005E+1
-2.000005E+1
-2.000005E+1
-2.000005E+1
-2.000005E+1
-2.000005E+1
-2.000005E+1
-1.849477E+1
-1.292494E+1
-1.168573E+1
-1.100218E+1
-1.059499E+1
-1.032745E+1
-1.020397E+1
-1.015693E+1
-1.018045E+1
-1.025248E+1
-1.040389E+1
-1.059499E+1
-1.086841E+1
-1.121974E+1
-1.168573E+1
-1.227961E+1
-1.292494E+1
-1.360555E+1
-1.384663E+1
-1.349383E+1
-1.268680E+1
-1.183273E+1
-1.103746E+1
-1.037743E+1
-9.873218E+0
-9.463088E+0
-9.163208E+0
-8.964758E+0
-8.822168E+0
-8.722208E+0
-8.651648E+0
-8.582558E+0
-8.526698E+0
-8.462018E+0
-8.398808E+0
-8.347358E+0
-8.326778E+0
-8.347358E+0
-8.409098E+0
-8.516408E+0
-8.675168E+0
-8.885378E+0
-9.119108E+0
-9.379298E+0
-9.676238E+0
-9.977588E+0
-1.030099E+1
-1.068319E+1
-1.114477E+1
-1.173277E+1
-1.261330E+1
-1.397893E+1
-2.000005E+1
-2.000005E+1
-2.000005E+1
-2.000005E+1
-2.000005E+1
-2.000005E+1
-2.000005E+1
-2.000005E+1
-2.000005E+1
-2.000005E+1
-2.000005E+1
-2.000005E+1
-2.000005E+1
-2.000005E+1
-2.000005E+1
-2.000005E+1
-2.000005E+1
-2.000005E+1
-2.000005E+1
-2.000005E+1
-2.000005E+1
-2.000005E+1
-2.000005E+1
-2.000005E+1
-2.000005E+1
-2.000005E+1
-2.000005E+1
-2.000005E+1
-2.000005E+1
-2.000005E+1
-2.000005E+1
-2.000005E+1
-2.000005E+1
-2.000005E+1
-2.000005E+1
-1.227961E+1
-1.051120E+1
-9.463088E+0
-8.735438E+0
-8.209178E+0
-7.857848E+0
-7.628528E+0
-7.500638E+0
-7.459478E+0
-7.487408E+0
-7.584428E+0
-7.740248E+0
-7.957808E+0
-8.228288E+0
-8.560508E+0
-8.964758E+0
-9.463088E+0
-1.008784E+1
-1.086841E+1
-1.188271E+1
-1.328803E+1
-1.610896E+1
-2.000005E+1
-2.000005E+1
-2.000005E+1
-2.000005E+1
-2.000005E+1
-2.000005E+1
-2.000005E+1
-1.849477E+1
-2.000005E+1
-2.000005E+1
-2.000005E+1
-2.000005E+1
-2.000005E+1
-2.000005E+1
-2.000005E+1
-2.000005E+1
-2.000005E+1
-2.000005E+1
-2.000005E+1
-2.000005E+1
-2.000005E+1
-2.000005E+1
-2.000005E+1
-2.000005E+1
-2.000005E+1
-2.000005E+1
-2.000005E+1
-2.000005E+1
-2.000005E+1
-2.000005E+1
-2.000005E+1
-2.000005E+1
-2.000005E+1
-2.000005E+1
-2.000005E+1
-2.000005E+1
-2.000005E+1
-2.000005E+1
-2.000005E+1
-2.000005E+1
-2.000005E+1
-2.000005E+1
-2.000005E+1
-2.000005E+1
-2.000005E+1
-2.000005E+1
-2.000005E+1
-2.000005E+1
-2.000005E+1
-1.261330E+1
-1.083607E+1
-9.914378E+0
-9.346958E+0
-9.019148E+0
-8.911838E+0
-8.992688E+0
-9.299918E+0
-9.914378E+0
-1.110802E+1
-1.460368E+1
-2.000005E+1
-2.000005E+1
-2.000005E+1
-2.000005E+1
-2.000005E+1
-2.000005E+1
-2.000005E+1
-2.000005E+1
-2.000005E+1
-2.000005E+1
-2.000005E+1
-2.000005E+1
-2.000005E+1
-2.000005E+1
-2.000005E+1
-2.000005E+1
-2.000005E+1
-2.000005E+1
-2.000005E+1
-2.000005E+1
-2.000005E+1
-1.460368E+1
-1.141966E+1
-1.037743E+1
-9.873218E+0
-9.658598E+0
-9.676238E+0
-9.914378E+0
-1.037743E+1
-1.121974E+1
-1.268680E+1
-1.849477E+1
-2.000005E+1
-2.000005E+1
-2.000005E+1
-2.000005E+1
-2.000005E+1
-2.000005E+1
-2.000005E+1
-2.000005E+1
-2.000005E+1
-2.000005E+1
-1.426852E+1
-1.240750E+1
-1.118152E+1
-1.035244E+1
-9.695348E+0
-9.222008E+0
-8.847158E+0
-8.570798E+0
-8.367938E+0
-8.228288E+0
-8.134208E+0
-8.062178E+0
-8.026898E+0
-8.018078E+0
-8.044538E+0
-8.125388E+0
-8.267978E+0
-8.482598E+0
-8.795708E+0
-9.222008E+0
-9.811478E+0
-1.059499E+1
-1.178275E+1
-1.397893E+1
-2.000005E+1
-2.000005E+1
-2.000005E+1
-2.000005E+1
-2.000005E+1
-2.000005E+1
-2.000005E+1
-2.000005E+1
-2.000005E+1
-2.000005E+1
-2.000005E+1
-2.000005E+1
-2.000005E+1
-2.000005E+1
-2.000005E+1
-2.000005E+1
-2.000005E+1
-2.000005E+1
-2.000005E+1
-2.000005E+1
-2.000005E+1
-2.000005E+1
-1.384663E+1
-1.261330E+1
-1.204441E+1
-1.183273E+1
-1.173277E+1
-1.163869E+1
-1.154902E+1
-1.141966E+1
-1.118152E+1
-1.093456E+1
-1.062439E+1
-1.037743E+1
-1.018045E+1
-1.004374E+1
-9.955538E+0
-9.914378E+0
-9.893798E+0
-9.914378E+0
-9.977588E+0
-1.002169E+1
-1.006579E+1
-1.004374E+1
-9.999638E+0
-9.893798E+0
-9.733568E+0
-9.532178E+0
-9.316088E+0
-9.089708E+0
-8.898608E+0
-8.758958E+0
-8.686928E+0
-8.698688E+0
-8.808938E+0
-9.033848E+0
-9.379298E+0
-9.873218E+0
-1.056706E+1
-1.150492E+1
-1.292494E+1
-1.761424E+1
-2.000005E+1
-2.000005E+1
-2.000005E+1
-2.000005E+1
-2.000005E+1
-2.000005E+1
-2.000005E+1
-2.000005E+1
-2.000005E+1
-2.000005E+1
-2.000005E+1
-2.000005E+1
-2.000005E+1
-2.000005E+1
-2.000005E+1
-2.000005E+1
-2.000005E+1
-2.000005E+1
-2.000005E+1
-2.000005E+1
-2.000005E+1
-2.000005E+1
-2.000005E+1
-2.000005E+1
-2.000005E+1
-2.000005E+1
-2.000005E+1
-2.000005E+1
-2.000005E+1
-2.000005E+1
-2.000005E+1
-2.000005E+1
-2.000005E+1
-2.000005E+1
-2.000005E+1
-2.000005E+1
-2.000005E+1
-2.000005E+1
-2.000005E+1
-2.000005E+1
-2.000005E+1
-2.000005E+1
-2.000005E+1
-2.000005E+1
-2.000005E+1
-2.000005E+1
-2.000005E+1
-1.577380E+1
-1.221787E+1
-1.103746E+1
-1.035244E+1
-9.893798E+0
-9.532178E+0
-9.238178E+0
-8.992688E+0
-8.783948E+0
-8.594318E+0
-8.419388E+0
-8.267978E+0
-8.125388E+0
-8.018078E+0
-7.923998E+0
-7.866668E+0
-7.841678E+0
-7.866668E+0
-7.948988E+0
-8.097458E+0
-8.326778E+0
-8.628128E+0
-9.047078E+0
-9.585098E+0
-1.027747E+1
-1.118152E+1
-1.240750E+1
-1.426852E+1
-2.000005E+1
-2.000005E+1
-2.000005E+1
-2.000005E+1
-2.000005E+1
-2.000005E+1
-2.000005E+1
-2.000005E+1
-2.000005E+1
-1.479331E+1
-1.309840E+1
-1.227961E+1
-1.173277E+1
-1.150492E+1
-1.163869E+1
-1.227961E+1
-1.384663E+1
-2.000005E+1
-2.000005E+1
-2.000005E+1
-2.000005E+1
-2.000005E+1
-2.000005E+1
-2.000005E+1
-2.000005E+1
-2.000005E+1
-1.522843E+1
-1.210027E+1
-1.096837E+1
-1.040389E+1
-1.010989E+1
-9.999638E+0
-1.002169E+1
-1.013341E+1
-1.032745E+1
-1.059499E+1
-1.083607E+1
-1.103746E+1
-1.107274E+1
-1.093456E+1
-1.059499E+1
-1.013341E+1
-9.621848E+0
-9.148508E+0
-8.735438E+0
-8.398808E+0
-8.134208E+0
-7.966628E+0
-7.866668E+0
-7.857848E+0
-7.932818E+0
-8.088638E+0
-8.326778E+0
-8.639888E+0
-9.047078E+0
-9.549818E+0
-1.018045E+1
-1.096837E+1
-1.198855E+1
-1.372315E+1
-2.000005E+1
-2.000005E+1
-2.000005E+1
-2.000005E+1
-2.000005E+1
-2.000005E+1
-2.000005E+1
-2.000005E+1
-2.000005E+1
-2.000005E+1
-2.000005E+1
-1.577380E+1
-1.372315E+1
-1.292494E+1
-1.276324E+1
-1.309840E+1
-1.397893E+1
-1.698949E+1
-2.000005E+1
-2.000005E+1
-2.000005E+1
-2.000005E+1
-2.000005E+1
-2.000005E+1
-2.000005E+1
-2.000005E+1
-2.000005E+1
-2.000005E+1
-2.000005E+1
-2.000005E+1
-2.000005E+1
-2.000005E+1
-2.000005E+1
-2.000005E+1
-2.000005E+1
-2.000005E+1
-2.000005E+1
-2.000005E+1
-2.000005E+1
-1.610896E+1
-1.276324E+1
-1.198855E+1
-1.178275E+1
-1.204441E+1
-1.268680E+1
-1.411858E+1
-1.849477E+1
-2.000005E+1
-2.000005E+1
-2.000005E+1
-1.761424E+1
-1.328803E+1
-1.173277E+1
-1.071259E+1
-1.002169E+1
-9.549818E+0
-9.252878E+0
-9.089708E+0
-9.089708E+0
-9.207308E+0
-9.480728E+0
-9.873218E+0
-1.043035E+1
-1.118152E+1
-1.215907E+1
-1.338799E+1
-1.460368E+1
-1.610896E+1
-1.761424E+1
-1.849477E+1
-2.000005E+1
-2.000005E+1
-2.000005E+1
-2.000005E+1
-2.000005E+1
-2.000005E+1
-2.000005E+1
-2.000005E+1
-2.000005E+1
