Date/Time	2022-06-13 08:38:50
Line location	1
Line name	A1
OTDR wavelength [nm]	1310
OTDR pulse duration [ns]	2
OTDR scan time [s]	10
OTDR scan length [m]	1.500000E+2
Length offset [m]	0.000000E+0
Length increment [m]	3.996806E-2
Switch ID	VIAVI Solutions,OTU 8000E,11654,FO,16.76
OTDR ID	JDSU,OTU 8000E,11654,OTU(SmartOTU),V7.22

Reflected amplitude [dB]
7.002920E-1
6.900020E-1
6.606020E-1
6.179720E-1
5.694620E-1
5.268320E-1
4.900820E-1
4.621520E-1
4.445120E-1
4.386320E-1
4.518620E-1
4.856720E-1
5.327120E-1
5.856320E-1
6.312020E-1
6.664820E-1
6.944120E-1
7.135220E-1
7.238120E-1
7.238120E-1
7.120520E-1
6.782420E-1
6.150320E-1
5.341820E-1
4.533320E-1
3.680720E-1
2.813420E-1
1.975520E-1
1.240520E-1
5.937200E-2
5.720000E-4
-5.381800E-2
-1.023280E-1
-1.464280E-1
-1.846480E-1
-2.169880E-1
-2.449180E-1
-2.654980E-1
-2.801980E-1
-2.890180E-1
-2.934280E-1
-2.948980E-1
-2.948980E-1
-2.948980E-1
-2.948980E-1
-2.978380E-1
-3.051880E-1
-3.169480E-1
-3.316480E-1
-3.507580E-1
-3.742780E-1
-4.007380E-1
-4.271980E-1
-4.551280E-1
-4.815880E-1
-5.080480E-1
-5.300980E-1
-5.506780E-1
-5.668480E-1
-5.786080E-1
-5.859580E-1
-5.888980E-1
-5.888980E-1
-5.874280E-1
-5.844880E-1
-5.815480E-1
-5.800780E-1
-5.786080E-1
-5.800780E-1
-5.830180E-1
-5.859580E-1
-5.874280E-1
-5.888980E-1
-5.903680E-1
-5.888980E-1
-5.874280E-1
-5.859580E-1
-5.844880E-1
-5.815480E-1
-5.800780E-1
-5.800780E-1
-5.800780E-1
-5.815480E-1
-5.830180E-1
-5.859580E-1
-5.918380E-1
-5.977180E-1
-6.050680E-1
-6.124180E-1
-6.212380E-1
-6.300580E-1
-6.374080E-1
-6.432880E-1
-6.491680E-1
-6.535780E-1
-6.565180E-1
-6.609280E-1
-6.638680E-1
-6.682780E-1
-6.712180E-1
-6.756280E-1
-6.800380E-1
-6.829780E-1
-6.859180E-1
-6.888580E-1
-6.903280E-1
-6.888580E-1
-6.888580E-1
-6.873880E-1
-6.859180E-1
-6.844480E-1
-6.829780E-1
-6.829780E-1
-6.844480E-1
-6.873880E-1
-6.903280E-1
-6.932680E-1
-6.962080E-1
-6.976780E-1
-6.991480E-1
-7.006180E-1
-7.020880E-1
-7.035580E-1
-7.050280E-1
-7.064980E-1
-7.094380E-1
-7.123780E-1
-7.138480E-1
-7.167880E-1
-7.167880E-1
-7.167880E-1
-7.153180E-1
-7.123780E-1
-7.094380E-1
-7.079680E-1
-7.050280E-1
-7.050280E-1
-7.050280E-1
-7.064980E-1
-7.079680E-1
-7.123780E-1
-7.167880E-1
-7.211980E-1
-7.256080E-1
-6.770980E-1
-3.992680E-1
3.078020E-1
1.373552E+0
2.551022E+0
3.669692E+0
4.661942E+0
5.508662E+0
6.212792E+0
6.796382E+0
7.278542E+0
7.671032E+0
7.978262E+0
8.207582E+0
8.363402E+0
8.454542E+0
8.482472E+0
8.454542E+0
8.375162E+0
8.245802E+0
8.067932E+0
7.841552E+0
7.569602E+0
7.255022E+0
6.897812E+0
6.503852E+0
6.076082E+0
5.618912E+0
5.139692E+0
4.642832E+0
4.137152E+0
3.635882E+0
3.153722E+0
2.706842E+0
2.311412E+0
1.968902E+0
1.679312E+0
1.432352E+0
1.220672E+0
1.033982E+0
8.619920E-1
7.002920E-1
5.444720E-1
3.886520E-1
2.210720E-1
5.202200E-2
-1.052680E-1
-2.419780E-1
-3.581080E-1
-4.507180E-1
-5.256880E-1
-5.844880E-1
-6.285880E-1
-6.609280E-1
-6.829780E-1
-6.976780E-1
-7.064980E-1
-7.123780E-1
-7.153180E-1
-7.167880E-1
-7.182580E-1
-7.197280E-1
-7.211980E-1
-7.241380E-1
-7.270780E-1
-7.314880E-1
-7.373680E-1
-7.447180E-1
-7.505980E-1
-7.579480E-1
-7.638280E-1
-7.682380E-1
-7.697080E-1
-7.697080E-1
-7.667680E-1
-7.623580E-1
-7.550080E-1
-7.461880E-1
-7.358980E-1
-7.285480E-1
-7.197280E-1
-7.123780E-1
-7.079680E-1
-7.050280E-1
-7.035580E-1
-7.035580E-1
-7.050280E-1
-7.079680E-1
-7.123780E-1
-7.167880E-1
-7.226680E-1
-7.270780E-1
-7.314880E-1
-7.358980E-1
-7.403080E-1
-7.447180E-1
-7.476580E-1
-7.520680E-1
-7.579480E-1
-7.623580E-1
-7.682380E-1
-7.741180E-1
-7.814680E-1
-7.888180E-1
-7.976380E-1
-8.064580E-1
-8.152780E-1
-8.226280E-1
-8.314480E-1
-8.373280E-1
-8.402680E-1
-8.417380E-1
-8.387980E-1
-8.329180E-1
-8.255680E-1
-8.152780E-1
-8.035180E-1
-7.917580E-1
-7.785280E-1
-7.682380E-1
-7.594180E-1
-7.520680E-1
-7.476580E-1
-7.447180E-1
-7.447180E-1
-7.476580E-1
-7.520680E-1
-7.594180E-1
-7.667680E-1
-7.755880E-1
-7.829380E-1
-7.917580E-1
-7.961680E-1
-7.991080E-1
-7.991080E-1
-7.946980E-1
-7.873480E-1
-7.770580E-1
-7.652980E-1
-7.505980E-1
-7.373680E-1
-7.241380E-1
-7.138480E-1
-7.064980E-1
-7.020880E-1
-7.020880E-1
-7.064980E-1
-7.153180E-1
-7.285480E-1
-7.432480E-1
-7.608880E-1
-7.799980E-1
-7.976380E-1
-8.123380E-1
-8.255680E-1
-8.329180E-1
-8.373280E-1
-8.373280E-1
-8.343880E-1
-8.299780E-1
-8.226280E-1
-8.167480E-1
-8.093980E-1
-8.035180E-1
-7.991080E-1
-7.946980E-1
-7.902880E-1
-7.858780E-1
-7.829380E-1
-7.799980E-1
-7.755880E-1
-7.726480E-1
-7.682380E-1
-7.638280E-1
-7.594180E-1
-7.550080E-1
-7.505980E-1
-7.461880E-1
-7.432480E-1
-7.417780E-1
-7.417780E-1
-7.447180E-1
-7.491280E-1
-7.550080E-1
-7.623580E-1
-7.697080E-1
-7.785280E-1
-7.873480E-1
-7.961680E-1
-8.035180E-1
-8.123380E-1
-8.182180E-1
-8.226280E-1
-8.255680E-1
-8.270380E-1
-8.226280E-1
-8.167480E-1
-8.079280E-1
-7.961680E-1
-7.829380E-1
-7.682380E-1
-7.535380E-1
-7.373680E-1
-7.241380E-1
-7.109080E-1
-6.976780E-1
-6.873880E-1
-6.770980E-1
-6.697480E-1
-6.638680E-1
-6.594580E-1
-6.594580E-1
-6.609280E-1
-6.653380E-1
-6.726880E-1
-6.800380E-1
-6.903280E-1
-7.020880E-1
-7.123780E-1
-7.241380E-1
-7.344280E-1
-7.461880E-1
-7.564780E-1
-7.667680E-1
-7.755880E-1
-7.844080E-1
-7.917580E-1
-7.976380E-1
-8.035180E-1
-8.093980E-1
-8.138080E-1
-8.182180E-1
-8.226280E-1
-8.285080E-1
-8.343880E-1
-8.417380E-1
-8.476180E-1
-8.520280E-1
-8.564380E-1
-8.579080E-1
-8.579080E-1
-8.564380E-1
-8.534980E-1
-8.490880E-1
-8.432080E-1
-8.373280E-1
-8.329180E-1
-8.285080E-1
-8.255680E-1
-8.211580E-1
-8.196880E-1
-8.182180E-1
-8.182180E-1
-8.167480E-1
-8.167480E-1
-8.152780E-1
-8.138080E-1
-8.108680E-1
-8.064580E-1
-8.005780E-1
-7.932280E-1
-7.829380E-1
-7.711780E-1
-7.579480E-1
-7.432480E-1
-7.285480E-1
-7.153180E-1
-7.035580E-1
-6.947380E-1
-6.873880E-1
-6.829780E-1
-6.815080E-1
-6.800380E-1
-6.815080E-1
-6.829780E-1
-6.859180E-1
-6.888580E-1
-6.947380E-1
-7.020880E-1
-7.123780E-1
-7.241380E-1
-7.388380E-1
-7.535380E-1
-7.682380E-1
-7.829380E-1
-7.946980E-1
-8.035180E-1
-8.079280E-1
-8.108680E-1
-8.108680E-1
-8.093980E-1
-8.093980E-1
-8.079280E-1
-8.064580E-1
-8.064580E-1
-8.079280E-1
-8.093980E-1
-8.093980E-1
-8.093980E-1
-8.079280E-1
-8.049880E-1
-8.020480E-1
-7.991080E-1
-7.976380E-1
-7.946980E-1
-7.946980E-1
-7.932280E-1
-7.932280E-1
-7.946980E-1
-7.946980E-1
-7.932280E-1
-7.932280E-1
-7.902880E-1
-7.873480E-1
-7.844080E-1
-7.799980E-1
-7.741180E-1
-7.667680E-1
-7.594180E-1
-7.505980E-1
-7.417780E-1
-7.344280E-1
-7.270780E-1
-7.241380E-1
-7.226680E-1
-7.256080E-1
-7.300180E-1
-7.358980E-1
-7.447180E-1
-7.520680E-1
-7.579480E-1
-7.638280E-1
-7.667680E-1
-7.667680E-1
-7.638280E-1
-7.608880E-1
-7.579480E-1
-7.535380E-1
-7.520680E-1
-7.505980E-1
-7.520680E-1
-7.550080E-1
-7.594180E-1
-7.652980E-1
-7.697080E-1
-7.741180E-1
-7.770580E-1
-7.799980E-1
-7.844080E-1
-7.873480E-1
-7.917580E-1
-7.976380E-1
-8.049880E-1
-8.123380E-1
-8.211580E-1
-8.285080E-1
-8.343880E-1
-8.402680E-1
-8.432080E-1
-8.446780E-1
-8.446780E-1
-8.417380E-1
-8.387980E-1
-8.329180E-1
-8.270380E-1
-8.196880E-1
-8.123380E-1
-8.035180E-1
-7.961680E-1
-7.888180E-1
-7.829380E-1
-7.785280E-1
-7.770580E-1
-7.770580E-1
-7.799980E-1
-7.844080E-1
-7.902880E-1
-7.961680E-1
-8.020480E-1
-8.079280E-1
-8.108680E-1
-8.138080E-1
-8.123380E-1
-8.108680E-1
-8.064580E-1
-7.991080E-1
-7.917580E-1
-7.829380E-1
-7.726480E-1
-7.608880E-1
-7.505980E-1
-7.388380E-1
-7.300180E-1
-7.211980E-1
-7.153180E-1
-7.094380E-1
-7.064980E-1
-7.050280E-1
-7.050280E-1
-7.079680E-1
-7.109080E-1
-7.167880E-1
-7.226680E-1
-7.314880E-1
-7.403080E-1
-7.505980E-1
-7.623580E-1
-7.741180E-1
-7.873480E-1
-7.991080E-1
-8.123380E-1
-8.240980E-1
-8.343880E-1
-8.432080E-1
-8.490880E-1
-8.534980E-1
-8.564380E-1
-8.564380E-1
-8.534980E-1
-8.490880E-1
-8.432080E-1
-8.358580E-1
-8.270380E-1
-8.182180E-1
-8.108680E-1
-8.035180E-1
-7.961680E-1
-7.917580E-1
-7.873480E-1
-7.844080E-1
-7.814680E-1
-7.799980E-1
-7.770580E-1
-7.741180E-1
-7.711780E-1
-7.667680E-1
-7.623580E-1
-7.579480E-1
-7.535380E-1
-7.505980E-1
-7.476580E-1
-7.461880E-1
-7.447180E-1
-7.447180E-1
-7.447180E-1
-7.447180E-1
-7.461880E-1
-7.476580E-1
-7.505980E-1
-7.535380E-1
-7.564780E-1
-7.608880E-1
-7.652980E-1
-7.697080E-1
-7.741180E-1
-7.770580E-1
-7.799980E-1
-7.799980E-1
-7.799980E-1
-7.770580E-1
-7.741180E-1
-7.667680E-1
-7.594180E-1
-7.491280E-1
-7.388380E-1
-7.270780E-1
-7.167880E-1
-7.064980E-1
-7.006180E-1
-6.962080E-1
-6.947380E-1
-6.962080E-1
-7.020880E-1
-7.094380E-1
-7.197280E-1
-7.300180E-1
-7.417780E-1
-7.535380E-1
-7.652980E-1
-7.755880E-1
-7.844080E-1
-7.917580E-1
-7.976380E-1
-8.005780E-1
-8.020480E-1
-8.035180E-1
-8.035180E-1
-8.020480E-1
-8.020480E-1
-8.020480E-1
-8.020480E-1
-8.020480E-1
-8.020480E-1
-8.020480E-1
-8.020480E-1
-8.020480E-1
-8.020480E-1
-8.005780E-1
-8.005780E-1
-7.991080E-1
-7.991080E-1
-7.976380E-1
-7.961680E-1
-7.946980E-1
-7.917580E-1
-7.888180E-1
-7.858780E-1
-7.829380E-1
-7.785280E-1
-7.755880E-1
-7.741180E-1
-7.726480E-1
-7.711780E-1
-7.726480E-1
-7.741180E-1
-7.770580E-1
-7.799980E-1
-7.829380E-1
-7.844080E-1
-7.844080E-1
-7.829380E-1
-7.814680E-1
-7.785280E-1
-7.741180E-1
-7.697080E-1
-7.638280E-1
-7.579480E-1
-7.535380E-1
-7.491280E-1
-7.461880E-1
-7.432480E-1
-7.447180E-1
-7.476580E-1
-7.520680E-1
-7.594180E-1
-7.682380E-1
-7.770580E-1
-7.873480E-1
-7.946980E-1
-8.020480E-1
-8.064580E-1
-8.079280E-1
-8.079280E-1
-8.049880E-1
-8.020480E-1
-7.976380E-1
-7.946980E-1
-7.932280E-1
-7.932280E-1
-7.946980E-1
-7.976380E-1
-7.991080E-1
-8.020480E-1
-8.020480E-1
-8.020480E-1
-7.991080E-1
-7.976380E-1
-7.946980E-1
-7.917580E-1
-7.888180E-1
-7.888180E-1
-7.888180E-1
-7.902880E-1
-7.932280E-1
-7.961680E-1
-7.976380E-1
-7.991080E-1
-7.991080E-1
-7.991080E-1
-7.961680E-1
-7.917580E-1
-7.858780E-1
-7.785280E-1
-7.711780E-1
-7.638280E-1
-7.579480E-1
-7.520680E-1
-7.491280E-1
-7.476580E-1
-7.491280E-1
-7.535380E-1
-7.608880E-1
-7.697080E-1
-7.829380E-1
-7.961680E-1
-8.123380E-1
-8.285080E-1
-8.446780E-1
-8.623180E-1
-8.770180E-1
-8.917180E-1
-9.034780E-1
-9.122980E-1
-9.181780E-1
-9.225880E-1
-9.225880E-1
-9.211180E-1
-9.167080E-1
-9.093580E-1
-9.005380E-1
-8.887780E-1
-8.755480E-1
-8.623180E-1
-8.476180E-1
-8.329180E-1
-8.182180E-1
-8.049880E-1
-7.932280E-1
-7.814680E-1
-7.726480E-1
-7.638280E-1
-7.579480E-1
-7.535380E-1
-7.491280E-1
-7.476580E-1
-7.476580E-1
-7.476580E-1
-7.491280E-1
-7.505980E-1
-7.520680E-1
-7.535380E-1
-7.535380E-1
-7.535380E-1
-7.520680E-1
-7.505980E-1
-7.476580E-1
-7.447180E-1
-7.417780E-1
-7.403080E-1
-7.403080E-1
-7.432480E-1
-7.505980E-1
-7.594180E-1
-7.726480E-1
-7.873480E-1
-8.049880E-1
-8.211580E-1
-8.358580E-1
-8.461480E-1
-8.534980E-1
-8.549680E-1
-8.520280E-1
-8.446780E-1
-8.358580E-1
-8.255680E-1
-8.167480E-1
-8.108680E-1
-8.079280E-1
-8.079280E-1
-8.108680E-1
-8.167480E-1
-8.226280E-1
-8.299780E-1
-8.373280E-1
-8.417380E-1
-8.432080E-1
-8.432080E-1
-8.402680E-1
-8.373280E-1
-8.314480E-1
-8.255680E-1
-8.211580E-1
-8.167480E-1
-8.123380E-1
-8.079280E-1
-8.049880E-1
-8.005780E-1
-7.976380E-1
-7.946980E-1
-7.932280E-1
-7.917580E-1
-7.902880E-1
-7.917580E-1
-7.946980E-1
-7.991080E-1
-8.035180E-1
-8.079280E-1
-8.123380E-1
-8.152780E-1
-8.167480E-1
-8.152780E-1
-8.108680E-1
-8.064580E-1
-8.020480E-1
-7.976380E-1
-7.946980E-1
-7.917580E-1
-7.917580E-1
-7.917580E-1
-7.917580E-1
-7.917580E-1
-7.917580E-1
-7.902880E-1
-7.873480E-1
-7.858780E-1
-7.829380E-1
-7.799980E-1
-7.799980E-1
-7.799980E-1
-7.799980E-1
-7.814680E-1
-7.844080E-1
-7.858780E-1
-7.873480E-1
-7.902880E-1
-7.946980E-1
-7.976380E-1
-8.035180E-1
-8.123380E-1
-8.211580E-1
-8.314480E-1
-8.432080E-1
-8.534980E-1
-8.623180E-1
-8.667280E-1
-8.696680E-1
-8.667280E-1
-8.608480E-1
-8.520280E-1
-8.402680E-1
-8.285080E-1
-8.182180E-1
-8.079280E-1
-7.976380E-1
-7.917580E-1
-7.858780E-1
-7.814680E-1
-7.799980E-1
-7.770580E-1
-7.755880E-1
-7.755880E-1
-7.741180E-1
-7.741180E-1
-7.741180E-1
-7.755880E-1
-7.770580E-1
-7.799980E-1
-7.858780E-1
-7.917580E-1
-7.991080E-1
-8.064580E-1
-8.138080E-1
-8.211580E-1
-8.270380E-1
-8.329180E-1
-8.373280E-1
-8.402680E-1
-8.402680E-1
-8.402680E-1
-8.387980E-1
-8.358580E-1
-8.314480E-1
-8.270380E-1
-8.226280E-1
-8.182180E-1
-8.138080E-1
-8.108680E-1
-8.093980E-1
-8.093980E-1
-8.093980E-1
-8.093980E-1
-8.093980E-1
-8.093980E-1
-8.079280E-1
-8.049880E-1
-8.020480E-1
-7.976380E-1
-7.932280E-1
-7.902880E-1
-7.873480E-1
-7.858780E-1
-7.858780E-1
-7.873480E-1
-7.888180E-1
-7.917580E-1
-7.932280E-1
-7.946980E-1
-7.946980E-1
-7.946980E-1
-7.932280E-1
-7.888180E-1
-7.858780E-1
-7.814680E-1
-7.785280E-1
-7.755880E-1
-7.741180E-1
-7.741180E-1
-7.755880E-1
-7.770580E-1
-7.814680E-1
-7.844080E-1
-7.888180E-1
-7.946980E-1
-8.005780E-1
-8.049880E-1
-8.108680E-1
-8.152780E-1
-8.182180E-1
-8.196880E-1
-8.211580E-1
-8.196880E-1
-8.182180E-1
-8.138080E-1
-8.108680E-1
-8.064580E-1
-8.020480E-1
-7.976380E-1
-7.917580E-1
-7.858780E-1
-7.799980E-1
-7.741180E-1
-7.667680E-1
-7.608880E-1
-7.535380E-1
-7.476580E-1
-7.432480E-1
-7.403080E-1
-7.388380E-1
-7.388380E-1
-7.417780E-1
-7.461880E-1
-7.505980E-1
-7.579480E-1
-7.638280E-1
-7.682380E-1
-7.711780E-1
-7.711780E-1
-7.697080E-1
-7.667680E-1
-7.623580E-1
-7.579480E-1
-7.550080E-1
-7.535380E-1
-7.550080E-1
-7.579480E-1
-7.623580E-1
-7.682380E-1
-7.755880E-1
-7.829380E-1
-7.902880E-1
-7.961680E-1
-8.020480E-1
-8.064580E-1
-8.093980E-1
-8.108680E-1
-8.123380E-1
-8.123380E-1
-8.108680E-1
-8.093980E-1
-8.079280E-1
-8.064580E-1
-8.035180E-1
-8.020480E-1
-8.005780E-1
-8.005780E-1
-8.005780E-1
-8.005780E-1
-8.020480E-1
-8.049880E-1
-8.079280E-1
-8.108680E-1
-8.138080E-1
-8.167480E-1
-8.196880E-1
-8.211580E-1
-8.196880E-1
-8.182180E-1
-8.152780E-1
-8.108680E-1
-8.049880E-1
-8.005780E-1
-7.961680E-1
-7.917580E-1
-7.902880E-1
-7.888180E-1
-7.888180E-1
-7.917580E-1
-7.932280E-1
-7.976380E-1
-8.035180E-1
-8.108680E-1
-8.196880E-1
-8.299780E-1
-8.417380E-1
-8.579080E-1
-8.755480E-1
-8.946580E-1
-9.181780E-1
-9.446380E-1
-9.755080E-1
-1.007848E+0
-1.044598E+0
-1.081348E+0
-1.121038E+0
-1.160728E+0
-1.198948E+0
-1.235698E+0
-1.272448E+0
-1.306258E+0
-1.337128E+0
-1.365058E+0
-1.391518E+0
-1.413568E+0
-1.431208E+0
-1.445908E+0
-1.457668E+0
-1.465018E+0
-1.470898E+0
-1.473838E+0
-1.476778E+0
-1.478248E+0
-1.481188E+0
-1.484128E+0
-1.487068E+0
-1.490008E+0
-1.490008E+0
-1.490008E+0
-1.485598E+0
-1.479718E+0
-1.470898E+0
-1.460608E+0
-1.445908E+0
-1.431208E+0
-1.415038E+0
-1.398868E+0
-1.382698E+0
-1.367998E+0
-1.356238E+0
-1.350358E+0
-1.347418E+0
-1.351828E+0
-1.360648E+0
-1.373878E+0
-1.392988E+0
-1.412098E+0
-1.432678E+0
-1.453258E+0
-1.469428E+0
-1.484128E+0
-1.495888E+0
-1.504708E+0
-1.510588E+0
-1.516468E+0
-1.520878E+0
-1.526758E+0
-1.534108E+0
-1.541458E+0
-1.548808E+0
-1.557628E+0
-1.566448E+0
-1.573798E+0
-1.579678E+0
-1.585558E+0
-1.588498E+0
-1.589968E+0
-1.591438E+0
-1.592908E+0
-1.594378E+0
-1.598788E+0
-1.606138E+0
-1.613488E+0
-1.623778E+0
-1.634068E+0
-1.645828E+0
-1.656118E+0
-1.666408E+0
-1.675228E+0
-1.682578E+0
-1.688458E+0
-1.692868E+0
-1.695808E+0
-1.697278E+0
-1.698748E+0
-1.700218E+0
-1.700218E+0
-1.700218E+0
-1.700218E+0
-1.701688E+0
-1.701688E+0
-1.701688E+0
-1.701688E+0
-1.701688E+0
-1.701688E+0
-1.701688E+0
-1.703158E+0
-1.704628E+0
-1.706098E+0
-1.709038E+0
-1.709038E+0
-1.710508E+0
-1.710508E+0
-1.709038E+0
-1.707568E+0
-1.706098E+0
-1.704628E+0
-1.703158E+0
-1.703158E+0
-1.700218E+0
-1.697278E+0
-1.692868E+0
-1.685518E+0
-1.676698E+0
-1.667878E+0
-1.660528E+0
-1.653178E+0
-1.650238E+0
-1.650238E+0
-1.654648E+0
-1.663468E+0
-1.673758E+0
-1.685518E+0
-1.697278E+0
-1.707568E+0
-1.714918E+0
-1.717858E+0
-1.719328E+0
-1.716388E+0
-1.711978E+0
-1.709038E+0
-1.706098E+0
-1.706098E+0
-1.707568E+0
-1.713448E+0
-1.720798E+0
-1.731088E+0
-1.741378E+0
-1.754608E+0
-1.767838E+0
-1.782538E+0
-1.798708E+0
-1.814878E+0
-1.832518E+0
-1.848688E+0
-1.863388E+0
-1.875148E+0
-1.885438E+0
-1.892788E+0
-1.895728E+0
-1.897198E+0
-1.897198E+0
-1.895728E+0
-1.895728E+0
-1.892788E+0
-1.891318E+0
-1.888378E+0
-1.883968E+0
-1.878088E+0
-1.869268E+0
-1.858978E+0
-1.848688E+0
-1.838398E+0
-1.828108E+0
-1.822228E+0
-1.819288E+0
-1.820758E+0
-1.826638E+0
-1.835458E+0
-1.848688E+0
-1.863388E+0
-1.878088E+0
-1.889848E+0
-1.900138E+0
-1.906018E+0
-1.907488E+0
-1.907488E+0
-1.903078E+0
-1.897198E+0
-1.891318E+0
-1.883968E+0
-1.878088E+0
-1.872208E+0
-1.867798E+0
-1.861918E+0
-1.854568E+0
-1.847218E+0
-1.836928E+0
-1.826638E+0
-1.814878E+0
-1.804588E+0
-1.795768E+0
-1.788418E+0
-1.784008E+0
-1.781068E+0
-1.782538E+0
-1.784008E+0
-1.786948E+0
-1.789888E+0
-1.792828E+0
-1.794298E+0
-1.795768E+0
-1.795768E+0
-1.797238E+0
-1.800178E+0
-1.806058E+0
-1.813408E+0
-1.823698E+0
-1.835458E+0
-1.848688E+0
-1.861918E+0
-1.876618E+0
-1.889848E+0
-1.901608E+0
-1.913368E+0
-1.925128E+0
-1.935418E+0
-1.945708E+0
-1.955998E+0
-1.964818E+0
-1.970698E+0
-1.973638E+0
-1.972168E+0
-1.967758E+0
-1.960408E+0
-1.951588E+0
-1.941298E+0
-1.931008E+0
-1.923658E+0
-1.917778E+0
-1.914838E+0
-1.914838E+0
-1.916308E+0
-1.919248E+0
-1.922188E+0
-1.926598E+0
-1.929538E+0
-1.933948E+0
-1.938358E+0
-1.942768E+0
-1.948648E+0
-1.955998E+0
-1.963348E+0
-1.970698E+0
-1.979518E+0
-1.985398E+0
-1.989808E+0
-1.991278E+0
-1.991278E+0
-1.986868E+0
-1.979518E+0
-1.970698E+0
-1.958938E+0
-1.947178E+0
-1.933948E+0
-1.922188E+0
-1.911898E+0
-1.903078E+0
-1.897198E+0
-1.894258E+0
-1.895728E+0
-1.900138E+0
-1.908958E+0
-1.919248E+0
-1.932478E+0
-1.947178E+0
-1.963348E+0
-1.978048E+0
-1.992748E+0
-2.005978E+0
-2.017738E+0
-2.028028E+0
-2.038318E+0
-2.047138E+0
-2.055958E+0
-2.063308E+0
-2.073598E+0
-2.082418E+0
-2.092708E+0
-2.102998E+0
-2.111818E+0
-2.119168E+0
-2.125048E+0
-2.127988E+0
-2.127988E+0
-2.123578E+0
-2.117698E+0
-2.110348E+0
-2.104468E+0
-2.100058E+0
-2.097118E+0
-2.095648E+0
-2.095648E+0
-2.095648E+0
-2.094178E+0
-2.089768E+0
-2.079478E+0
-2.067718E+0
-2.053018E+0
-2.036848E+0
-2.022148E+0
-2.008918E+0
-1.998628E+0
-1.994218E+0
-1.991278E+0
-1.994218E+0
-1.998628E+0
-2.004508E+0
-2.011858E+0
-2.022148E+0
-2.032438E+0
-2.044198E+0
-2.057428E+0
-2.072128E+0
-2.086828E+0
-2.101528E+0
-2.114758E+0
-2.126518E+0
-2.136808E+0
-2.144158E+0
-2.148568E+0
-2.150038E+0
-2.148568E+0
-2.144158E+0
-2.139748E+0
-2.132398E+0
-2.126518E+0
-2.119168E+0
-2.114758E+0
-2.113288E+0
-2.114758E+0
-2.119168E+0
-2.126518E+0
-2.136808E+0
-2.151508E+0
-2.166208E+0
-2.179438E+0
-2.191198E+0
-2.200018E+0
-2.204428E+0
-2.205898E+0
-2.205898E+0
-2.205898E+0
-2.205898E+0
-2.208838E+0
-2.213248E+0
-2.220598E+0
-2.226478E+0
-2.233828E+0
-2.236768E+0
-2.235298E+0
-2.229418E+0
-2.219128E+0
-2.204428E+0
-2.186788E+0
-2.169148E+0
-2.154448E+0
-2.142688E+0
-2.136808E+0
-2.135338E+0
-2.138278E+0
-2.147098E+0
-2.158858E+0
-2.173558E+0
-2.186788E+0
-2.201488E+0
-2.213248E+0
-2.225008E+0
-2.235298E+0
-2.247058E+0
-2.258818E+0
-2.270578E+0
-2.282338E+0
-2.294098E+0
-2.304388E+0
-2.313208E+0
-2.317618E+0
-2.316148E+0
-2.311738E+0
-2.302918E+0
-2.292628E+0
-2.279398E+0
-2.267638E+0
-2.255878E+0
-2.248528E+0
-2.242648E+0
-2.238238E+0
-2.238238E+0
-2.239708E+0
-2.241178E+0
-2.244118E+0
-2.247058E+0
-2.249998E+0
-2.252938E+0
-2.257348E+0
-2.261758E+0
-2.267638E+0
-2.274988E+0
-2.283808E+0
-2.292628E+0
-2.299978E+0
-2.305858E+0
-2.308798E+0
-2.308798E+0
-2.304388E+0
-2.299978E+0
-2.292628E+0
-2.285278E+0
-2.277928E+0
-2.270578E+0
-2.264698E+0
-2.257348E+0
-2.249998E+0
-2.244118E+0
-2.238238E+0
-2.233828E+0
-2.233828E+0
-2.239708E+0
-2.249998E+0
-2.266168E+0
-2.286748E+0
-2.310268E+0
-2.333788E+0
-2.355838E+0
-2.374948E+0
-2.391118E+0
-2.401408E+0
-2.410228E+0
-2.416108E+0
-2.421988E+0
-2.426398E+0
-2.432278E+0
-2.436688E+0
-2.441098E+0
-2.441098E+0
-2.438158E+0
-2.432278E+0
-2.423458E+0
-2.410228E+0
-2.398468E+0
-2.385238E+0
-2.374948E+0
-2.369068E+0
-2.366128E+0
-2.367598E+0
-2.374948E+0
-2.385238E+0
-2.398468E+0
-2.414638E+0
-2.432278E+0
-2.452858E+0
-2.471968E+0
-2.492548E+0
-2.508718E+0
-2.521948E+0
-2.530768E+0
-2.532238E+0
-2.524888E+0
-2.513128E+0
-2.496958E+0
-2.476378E+0
-2.457268E+0
-2.439628E+0
-2.427868E+0
-2.420518E+0
-2.417578E+0
-2.423458E+0
-2.432278E+0
-2.445508E+0
-2.461678E+0
-2.480788E+0
-2.501368E+0
-2.521948E+0
-2.541058E+0
-2.558698E+0
-2.574868E+0
-2.586628E+0
-2.593978E+0
-2.595448E+0
-2.593978E+0
-2.589568E+0
-2.580748E+0
-2.568988E+0
-2.557228E+0
-2.542528E+0
-2.529298E+0
-2.516068E+0
-2.501368E+0
-2.488138E+0
-2.476378E+0
-2.467558E+0
-2.461678E+0
-2.460208E+0
-2.466088E+0
-2.476378E+0
-2.491078E+0
-2.510188E+0
-2.529298E+0
-2.548408E+0
-2.566048E+0
-2.577808E+0
-2.585158E+0
-2.586628E+0
-2.582218E+0
-2.573398E+0
-2.561638E+0
-2.546938E+0
-2.532238E+0
-2.516068E+0
-2.502838E+0
-2.491078E+0
-2.480788E+0
-2.470498E+0
-2.460208E+0
-2.449918E+0
-2.441098E+0
-2.433748E+0
-2.427868E+0
-2.423458E+0
-2.423458E+0
-2.426398E+0
-2.433748E+0
-2.444038E+0
-2.458738E+0
-2.474908E+0
-2.494018E+0
-2.513128E+0
-2.533708E+0
-2.551348E+0
-2.564578E+0
-2.574868E+0
-2.577808E+0
-2.574868E+0
-2.566048E+0
-2.549878E+0
-2.532238E+0
-2.514598E+0
-2.496958E+0
-2.485198E+0
-2.477848E+0
-2.477848E+0
-2.483728E+0
-2.496958E+0
-2.513128E+0
-2.532238E+0
-2.551348E+0
-2.568988E+0
-2.585158E+0
-2.598388E+0
-2.605738E+0
-2.611618E+0
-2.613088E+0
-2.611618E+0
-2.608678E+0
-2.605738E+0
-2.604268E+0
-2.604268E+0
-2.608678E+0
-2.614558E+0
-2.624848E+0
-2.638078E+0
-2.651308E+0
-2.664538E+0
-2.676298E+0
-2.686588E+0
-2.693938E+0
-2.696878E+0
-2.698348E+0
-2.698348E+0
-2.695408E+0
-2.693938E+0
-2.690998E+0
-2.688058E+0
-2.683648E+0
-2.682178E+0
-2.680708E+0
-2.679238E+0
-2.679238E+0
-2.680708E+0
-2.685118E+0
-2.689528E+0
-2.698348E+0
-2.708638E+0
-2.721868E+0
-2.735098E+0
-2.751268E+0
-2.765968E+0
-2.780668E+0
-2.790958E+0
-2.798308E+0
-2.801248E+0
-2.799778E+0
-2.792428E+0
-2.782138E+0
-2.767438E+0
-2.749798E+0
-2.730688E+0
-2.711578E+0
-2.695408E+0
-2.680708E+0
-2.670418E+0
-2.664538E+0
-2.666008E+0
-2.670418E+0
-2.679238E+0
-2.690998E+0
-2.702758E+0
-2.714518E+0
-2.724808E+0
-2.732158E+0
-2.739508E+0
-2.745388E+0
-2.754208E+0
-2.764498E+0
-2.779198E+0
-2.795368E+0
-2.815948E+0
-2.836528E+0
-2.855638E+0
-2.870338E+0
-2.880628E+0
-2.885038E+0
-2.882098E+0
-2.874748E+0
-2.862988E+0
-2.851228E+0
-2.837998E+0
-2.826238E+0
-2.814478E+0
-2.804188E+0
-2.795368E+0
-2.786548E+0
-2.779198E+0
-2.773318E+0
-2.767438E+0
-2.763028E+0
-2.761558E+0
-2.758618E+0
-2.758618E+0
-2.760088E+0
-2.760088E+0
-2.761558E+0
-2.760088E+0
-2.760088E+0
-2.758618E+0
-2.757148E+0
-2.755678E+0
-2.754208E+0
-2.755678E+0
-2.760088E+0
-2.765968E+0
-2.776258E+0
-2.789488E+0
-2.808598E+0
-2.830648E+0
-2.855638E+0
-2.880628E+0
-2.907088E+0
-2.930608E+0
-2.949718E+0
-2.964418E+0
-2.973238E+0
-2.977648E+0
-2.979118E+0
-2.979118E+0
-2.977648E+0
-2.977648E+0
-2.979118E+0
-2.980588E+0
-2.984998E+0
-2.987938E+0
-2.995288E+0
-3.001168E+0
-3.009988E+0
-3.020278E+0
-3.033508E+0
-3.048208E+0
-3.064378E+0
-3.080548E+0
-3.093778E+0
-3.105538E+0
-3.112888E+0
-3.115828E+0
-3.112888E+0
-3.104068E+0
-3.090838E+0
-3.076138E+0
-3.057028E+0
-3.036448E+0
-3.015868E+0
-2.996758E+0
-2.979118E+0
-2.962948E+0
-2.948248E+0
-2.935018E+0
-2.924728E+0
-2.915908E+0
-2.908558E+0
-2.901208E+0
-2.895328E+0
-2.887978E+0
-2.882098E+0
-2.874748E+0
-2.867398E+0
-2.860048E+0
-2.854168E+0
-2.849758E+0
-2.846818E+0
-2.846818E+0
-2.846818E+0
-2.846818E+0
-2.849758E+0
-2.852698E+0
-2.855638E+0
-2.860048E+0
-2.868868E+0
-2.882098E+0
-2.899738E+0
-2.921788E+0
-2.949718E+0
-2.979118E+0
-3.009988E+0
-3.039388E+0
-3.064378E+0
-3.084958E+0
-3.099658E+0
-3.108478E+0
-3.111418E+0
-3.109948E+0
-3.104068E+0
-3.096718E+0
-3.089368E+0
-3.082018E+0
-3.077608E+0
-3.074668E+0
-3.071728E+0
-3.070258E+0
-3.068788E+0
-3.062908E+0
-3.052618E+0
-3.036448E+0
-3.012928E+0
-2.984998E+0
-2.951188E+0
-2.912968E+0
-2.873278E+0
-2.836528E+0
-2.804188E+0
-2.776258E+0
-2.757148E+0
-2.751268E+0
-2.760088E+0
-2.786548E+0
-2.833588E+0
-2.904148E+0
-3.001168E+0
-3.123178E+0
-3.276058E+0
-3.458338E+0
-3.671488E+0
-3.921388E+0
-4.206568E+0
-4.537318E+0
-4.919518E+0
-5.363458E+0
-5.888248E+0
-6.508588E+0
-7.262698E+0
-8.209378E+0
-9.519148E+0
-1.171974E+1
-2.050005E+1
-2.050005E+1
-2.050005E+1
-2.050005E+1
-2.050005E+1
-2.050005E+1
-2.050005E+1
-2.050005E+1
-2.050005E+1
-2.050005E+1
-2.050005E+1
-2.050005E+1
-2.050005E+1
-2.050005E+1
-2.050005E+1
-2.050005E+1
-2.050005E+1
-2.050005E+1
-2.050005E+1
-2.050005E+1
-2.050005E+1
-2.050005E+1
-2.050005E+1
-2.050005E+1
-2.050005E+1
-2.050005E+1
-2.050005E+1
-2.050005E+1
-2.050005E+1
-2.050005E+1
-2.050005E+1
-2.050005E+1
-2.050005E+1
-2.050005E+1
-2.050005E+1
-2.050005E+1
-2.050005E+1
-2.050005E+1
-2.050005E+1
-2.050005E+1
-2.050005E+1
-2.050005E+1
-1.700439E+1
-1.660896E+1
-1.811424E+1
-2.050005E+1
-2.050005E+1
-2.050005E+1
-2.050005E+1
-1.811424E+1
-1.510368E+1
-1.369101E+1
-1.290750E+1
-1.248855E+1
-1.228275E+1
-1.228275E+1
-1.248855E+1
-1.297365E+1
-1.410555E+1
-1.899477E+1
-2.050005E+1
-2.050005E+1
-2.050005E+1
-2.050005E+1
-2.050005E+1
-2.050005E+1
-2.050005E+1
-2.050005E+1
-2.050005E+1
-2.050005E+1
-2.050005E+1
-2.050005E+1
-2.050005E+1
-1.572843E+1
-1.218573E+1
-1.112439E+1
-1.056579E+1
-1.027326E+1
-1.012185E+1
-1.004982E+1
-1.001454E+1
-1.001454E+1
-1.003218E+1
-1.008510E+1
-1.023357E+1
-1.049964E+1
-1.101120E+1
-1.196082E+1
-1.434663E+1
-2.050005E+1
-2.050005E+1
-2.050005E+1
-2.050005E+1
-2.050005E+1
-2.050005E+1
-2.050005E+1
-2.050005E+1
-2.050005E+1
-2.050005E+1
-2.050005E+1
-2.050005E+1
-2.050005E+1
-2.050005E+1
-2.050005E+1
-2.050005E+1
-2.050005E+1
-2.050005E+1
-2.050005E+1
-1.399383E+1
-1.260027E+1
-1.196082E+1
-1.164477E+1
-1.146837E+1
-1.136841E+1
-1.130520E+1
-1.115379E+1
-1.095681E+1
-1.072749E+1
-1.052169E+1
-1.035264E+1
-1.025268E+1
-1.023357E+1
-1.033206E+1
-1.052169E+1
-1.080099E+1
-1.118319E+1
-1.164477E+1
-1.223277E+1
-1.284135E+1
-1.359840E+1
-1.434663E+1
-1.510368E+1
-1.572843E+1
-1.627380E+1
-1.660896E+1
-1.660896E+1
-1.660896E+1
-1.811424E+1
-2.050005E+1
-2.050005E+1
-2.050005E+1
-2.050005E+1
-2.050005E+1
-2.050005E+1
-2.050005E+1
-2.050005E+1
-2.050005E+1
-2.050005E+1
-2.050005E+1
-2.050005E+1
-2.050005E+1
-2.050005E+1
-2.050005E+1
-2.050005E+1
-2.050005E+1
-2.050005E+1
-2.050005E+1
-2.050005E+1
-2.050005E+1
-2.050005E+1
-1.311330E+1
-1.077747E+1
-9.769048E+0
-9.198688E+0
-8.878228E+0
-8.738578E+0
-8.757688E+0
-8.909098E+0
-9.210448E+0
-9.677908E+0
-1.031148E+1
-1.115379E+1
-1.228275E+1
-1.388799E+1
-1.627380E+1
-2.050005E+1
-1.748949E+1
-1.476852E+1
-1.311330E+1
-1.196082E+1
-1.106706E+1
-1.033206E+1
-9.738178E+0
-9.247198E+0
-8.837068E+0
-8.509258E+0
-8.247598E+0
-8.041798E+0
-7.906558E+0
-7.809538E+0
-7.759558E+0
-7.741918E+0
-7.753678E+0
-7.784548E+0
-7.847758E+0
-7.938898E+0
-8.056498E+0
-8.209378E+0
-8.399008E+0
-8.643028E+0
-8.950258E+0
-9.308938E+0
-9.752878E+0
-1.027326E+1
-1.087743E+1
-1.157274E+1
-1.233273E+1
-1.297365E+1
-1.351020E+1
-1.369101E+1
-1.378803E+1
-1.388799E+1
-1.410555E+1
-1.476852E+1
-1.660896E+1
-2.050005E+1
-2.050005E+1
-2.050005E+1
-2.050005E+1
-2.050005E+1
-2.050005E+1
-2.050005E+1
-2.050005E+1
-2.050005E+1
-2.050005E+1
-2.050005E+1
-2.050005E+1
-2.050005E+1
-2.050005E+1
-2.050005E+1
-2.050005E+1
-2.050005E+1
-1.243563E+1
-1.068045E+1
-9.769048E+0
-9.210448E+0
-8.867938E+0
-8.690068E+0
-8.653318E+0
-8.719468E+0
-8.888518E+0
-9.139888E+0
-9.438298E+0
-9.783748E+0
-1.008510E+1
-1.033206E+1
-1.049964E+1
-1.063341E+1
-1.080099E+1
-1.101120E+1
-1.133607E+1
-1.179765E+1
-1.238271E+1
-1.297365E+1
-1.334262E+1
-1.304274E+1
-1.233273E+1
-1.153746E+1
-1.085244E+1
-1.031148E+1
-9.913108E+0
-9.648508E+0
-9.477988E+0
-9.398608E+0
-9.385378E+0
-9.398608E+0
-9.451528E+0
-9.519148E+0
-9.604408E+0
-9.707308E+0
-9.846958E+0
-1.004982E+1
-1.035264E+1
-1.080099E+1
-1.150218E+1
-1.271787E+1
-1.627380E+1
-2.050005E+1
-2.050005E+1
-2.050005E+1
-2.050005E+1
-2.050005E+1
-2.050005E+1
-2.050005E+1
-2.050005E+1
-2.050005E+1
-2.050005E+1
-2.050005E+1
-2.050005E+1
-2.050005E+1
-2.050005E+1
-2.050005E+1
-2.050005E+1
-2.050005E+1
-2.050005E+1
-2.050005E+1
-2.050005E+1
-2.050005E+1
-2.050005E+1
-2.050005E+1
-2.050005E+1
-2.050005E+1
-1.461858E+1
-1.284135E+1
-1.204902E+1
-1.160802E+1
-1.136841E+1
-1.127433E+1
-1.124346E+1
-1.130520E+1
-1.143456E+1
-1.153746E+1
-1.160802E+1
-1.157274E+1
-1.146837E+1
-1.130520E+1
-1.112439E+1
-1.095681E+1
-1.087743E+1
-1.093035E+1
-1.106706E+1
-1.136841E+1
-1.175796E+1
-1.228275E+1
-1.277961E+1
-1.311330E+1
-1.311330E+1
-1.271787E+1
-1.218573E+1
-1.160802E+1
-1.115379E+1
-1.077747E+1
-1.049964E+1
-1.029237E+1
-1.015860E+1
-1.004982E+1
-9.963088E+0
-9.896938E+0
-9.830788E+0
-9.799918E+0
-9.783748E+0
-9.846958E+0
-9.963088E+0
-1.021446E+1
-1.063341E+1
-1.130520E+1
-1.260027E+1
-1.811424E+1
-2.050005E+1
-2.050005E+1
-2.050005E+1
-2.050005E+1
-2.050005E+1
-2.050005E+1
-2.050005E+1
-2.050005E+1
-2.050005E+1
-2.050005E+1
-1.549911E+1
-1.191966E+1
-1.072749E+1
-1.008510E+1
-9.722008E+0
-9.505918E+0
-9.385378E+0
-9.295708E+0
-9.210448E+0
-9.094318E+0
-8.939968E+0
-8.747398E+0
-8.535718E+0
-8.350498E+0
-8.194678E+0
-8.106478E+0
-8.091778E+0
-8.157928E+0
-8.310808E+0
-8.562178E+0
-8.898808E+0
-9.322168E+0
-9.799918E+0
-1.029237E+1
-1.072749E+1
-1.106706E+1
-1.118319E+1
-1.115379E+1
-1.101120E+1
-1.082745E+1
-1.060989E+1
-1.043496E+1
-1.027326E+1
-1.017624E+1
-1.012185E+1
-1.013949E+1
-1.027326E+1
-1.052169E+1
-1.098327E+1
-1.175796E+1
-1.311330E+1
-1.700439E+1
-2.050005E+1
-2.050005E+1
-2.050005E+1
-2.050005E+1
-2.050005E+1
-2.050005E+1
-2.050005E+1
-2.050005E+1
-2.050005E+1
-2.050005E+1
-2.050005E+1
-2.050005E+1
-2.050005E+1
-2.050005E+1
-2.050005E+1
-2.050005E+1
-2.050005E+1
-2.050005E+1
-2.050005E+1
-2.050005E+1
-2.050005E+1
-2.050005E+1
-2.050005E+1
-2.050005E+1
-1.399383E+1
-1.254441E+1
-1.157274E+1
-1.080099E+1
-1.013949E+1
-9.561778E+0
-9.070798E+0
-8.670958E+0
-8.374018E+0
-8.172628E+0
-8.063848E+0
-8.049148E+0
-8.121178E+0
-8.294638E+0
-8.544538E+0
-8.878228E+0
-9.258958E+0
-9.722008E+0
-1.027326E+1
-1.095681E+1
-1.183734E+1
-1.326324E+1
-2.050005E+1
-2.050005E+1
-2.050005E+1
-2.050005E+1
-2.050005E+1
-2.050005E+1
-2.050005E+1
-2.050005E+1
-2.050005E+1
-2.050005E+1
-1.422315E+1
-1.233273E+1
-1.146837E+1
-1.103913E+1
-1.082745E+1
-1.077747E+1
-1.090389E+1
-1.118319E+1
-1.171974E+1
-1.271787E+1
-1.510368E+1
-2.050005E+1
-2.050005E+1
-2.050005E+1
-2.050005E+1
-2.050005E+1
-2.050005E+1
-2.050005E+1
-2.050005E+1
-2.050005E+1
-2.050005E+1
-2.050005E+1
-2.050005E+1
-2.050005E+1
-2.050005E+1
-1.369101E+1
-1.175796E+1
-1.087743E+1
-1.035264E+1
-1.004982E+1
-9.896938E+0
-9.863128E+0
-9.980728E+0
-1.023357E+1
-1.065693E+1
-1.130520E+1
-1.233273E+1
-1.434663E+1
-2.050005E+1
-2.050005E+1
-2.050005E+1
-2.050005E+1
-2.050005E+1
-2.050005E+1
-2.050005E+1
-2.050005E+1
-2.050005E+1
-2.050005E+1
-2.050005E+1
-1.388799E+1
-1.204902E+1
-1.103913E+1
-1.039380E+1
-9.980728E+0
-9.738178E+0
-9.648508E+0
-9.677908E+0
-9.830788E+0
-1.006746E+1
-1.039380E+1
-1.077747E+1
-1.115379E+1
-1.150218E+1
-1.175796E+1
-1.196082E+1
-1.213869E+1
-1.233273E+1
-1.260027E+1
-1.290750E+1
-1.326324E+1
-1.388799E+1
-1.461858E+1
-1.549911E+1
-1.598421E+1
-1.572843E+1
-1.510368E+1
-1.410555E+1
-1.334262E+1
-1.265907E+1
-1.228275E+1
-1.213869E+1
-1.233273E+1
-1.304274E+1
-1.510368E+1
-2.050005E+1
-2.050005E+1
-2.050005E+1
-2.050005E+1
-2.050005E+1
-2.050005E+1
-2.050005E+1
-2.050005E+1
-2.050005E+1
-2.050005E+1
-2.050005E+1
-2.050005E+1
-2.050005E+1
-2.050005E+1
-2.050005E+1
-2.050005E+1
-2.050005E+1
-2.050005E+1
-2.050005E+1
-2.050005E+1
-2.050005E+1
-2.050005E+1
-2.050005E+1
-2.050005E+1
-2.050005E+1
-2.050005E+1
-2.050005E+1
-2.050005E+1
-2.050005E+1
-2.050005E+1
-1.899477E+1
-1.447893E+1
-1.284135E+1
-1.179765E+1
-1.101120E+1
-1.037322E+1
-9.879298E+0
-9.505918E+0
-9.222208E+0
-9.038458E+0
-8.950258E+0
-8.962018E+0
-9.070798E+0
-9.258958E+0
-9.561778E+0
-9.980728E+0
-1.054374E+1
-1.130520E+1
-1.248855E+1
-1.529331E+1
-2.050005E+1
-2.050005E+1
-2.050005E+1
-2.050005E+1
-2.050005E+1
-2.050005E+1
-2.050005E+1
-2.050005E+1
-2.050005E+1
-2.050005E+1
-2.050005E+1
-2.050005E+1
-2.050005E+1
-2.050005E+1
-1.461858E+1
-1.248855E+1
-1.150218E+1
-1.090389E+1
-1.052169E+1
-1.027326E+1
-1.012185E+1
-1.003218E+1
-9.963088E+0
-9.929278E+0
-9.879298E+0
-9.816088E+0
-9.752878E+0
-9.707308E+0
-9.707308E+0
-9.738178E+0
-9.816088E+0
-9.980728E+0
-1.023357E+1
-1.060989E+1
-1.115379E+1
-1.196082E+1
-1.318680E+1
-1.598421E+1
-2.050005E+1
-2.050005E+1
-2.050005E+1
-2.050005E+1
-2.050005E+1
-2.050005E+1
-2.050005E+1
-2.050005E+1
-2.050005E+1
-2.050005E+1
-2.050005E+1
-2.050005E+1
-2.050005E+1
-2.050005E+1
-2.050005E+1
-1.476852E+1
-1.265907E+1
-1.146837E+1
-1.070397E+1
-1.013949E+1
-9.769048E+0
-9.533848E+0
-9.451528E+0
-9.477988E+0
-9.633808E+0
-9.896938E+0
-1.029237E+1
-1.082745E+1
-1.160802E+1
-1.271787E+1
-1.493022E+1
-2.050005E+1
-2.050005E+1
-2.050005E+1
-2.050005E+1
-2.050005E+1
-2.050005E+1
-2.050005E+1
-2.050005E+1
-1.476852E+1
-1.260027E+1
-1.153746E+1
-1.090389E+1
-1.047759E+1
-1.019535E+1
-1.003218E+1
-9.896938E+0
-9.816088E+0
-9.738178E+0
-9.707308E+0
-9.738178E+0
-9.830788E+0
-1.001454E+1
-1.029237E+1
-1.068045E+1
-1.115379E+1
-1.164477E+1
-1.196082E+1
-1.191966E+1
-1.150218E+1
-1.090389E+1
-1.027326E+1
-9.722008E+0
-9.272188E+0
-8.929678E+0
-8.670958E+0
-8.500438E+0
-8.407828E+0
-8.366668E+0
-8.374018E+0
-8.432818E+0
-8.518078E+0
-8.653318E+0
-8.797378E+0
-8.972308E+0
-9.151648E+0
-9.333928E+0
-9.505918E+0
-9.663208E+0
-9.830788E+0
-1.003218E+1
-1.031148E+1
-1.080099E+1
-1.168152E+1
-1.388799E+1
-2.050005E+1
-2.050005E+1
-2.050005E+1
-2.050005E+1
-2.050005E+1
-2.050005E+1
-2.050005E+1
-2.050005E+1
-2.050005E+1
-2.050005E+1
-2.050005E+1
-2.050005E+1
-2.050005E+1
-1.476852E+1
-1.130520E+1
-1.017624E+1
-9.575008E+0
-9.235438E+0
-9.038458E+0
-8.919388E+0
-8.847358E+0
-8.806198E+0
-8.767978E+0
-8.747398E+0
-8.738578E+0
-8.767978E+0
-8.867938E+0
-9.048748E+0
-9.333928E+0
-9.752878E+0
-1.031148E+1
-1.103913E+1
-1.187850E+1
-1.260027E+1
-1.271787E+1
-1.218573E+1
-1.133607E+1
-1.058784E+1
-9.980728E+0
-9.561778E+0
-9.308938E+0
-9.210448E+0
-9.283948E+0
-9.533848E+0
-9.996898E+0
-1.072749E+1
-1.191966E+1
-1.410555E+1
-2.050005E+1
-2.050005E+1
-2.050005E+1
-2.050005E+1
-2.050005E+1
-1.378803E+1
-1.209312E+1
-1.118319E+1
-1.065693E+1
-1.035264E+1
-1.017624E+1
-1.015860E+1
-1.027326E+1
-1.047759E+1
-1.077747E+1
-1.121259E+1
-1.179765E+1
-1.271787E+1
-1.434663E+1
-2.050005E+1
-2.050005E+1
-2.050005E+1
-2.050005E+1
-2.050005E+1
-2.050005E+1
-2.050005E+1
-1.410555E+1
-1.183734E+1
-1.068045E+1
-9.929278E+0
-9.438298E+0
-9.128128E+0
-8.962018E+0
-8.919388E+0
-9.004648E+0
-9.186928E+0
-9.438298E+0
-9.738178E+0
-1.004982E+1
-1.029237E+1
-1.043496E+1
-1.043496E+1
-1.029237E+1
-1.008510E+1
-9.896938E+0
-9.752878E+0
-9.707308E+0
-9.752878E+0
-9.946918E+0
-1.031148E+1
-1.093035E+1
-1.196082E+1
-1.422315E+1
-2.050005E+1
-2.050005E+1
-2.050005E+1
-2.050005E+1
-2.050005E+1
-2.050005E+1
-2.050005E+1
-2.050005E+1
-2.050005E+1
-2.050005E+1
-2.050005E+1
-2.050005E+1
-2.050005E+1
-2.050005E+1
-2.050005E+1
-2.050005E+1
-2.050005E+1
-2.050005E+1
-2.050005E+1
-2.050005E+1
-2.050005E+1
-2.050005E+1
-2.050005E+1
-2.050005E+1
-2.050005E+1
-2.050005E+1
-2.050005E+1
-2.050005E+1
-2.050005E+1
-2.050005E+1
-2.050005E+1
-2.050005E+1
-1.899477E+1
-1.549911E+1
-1.434663E+1
-1.359840E+1
-1.297365E+1
-1.233273E+1
-1.175796E+1
-1.130520E+1
-1.098327E+1
-1.080099E+1
-1.080099E+1
-1.106706E+1
-1.164477E+1
-1.284135E+1
-1.748949E+1
-2.050005E+1
-2.050005E+1
-2.050005E+1
-2.050005E+1
-2.050005E+1
-2.050005E+1
-2.050005E+1
-2.050005E+1
-2.050005E+1
-1.572843E+1
-1.304274E+1
-1.209312E+1
-1.164477E+1
-1.143456E+1
-1.136841E+1
-1.143456E+1
-1.153746E+1
-1.171974E+1
-1.196082E+1
-1.233273E+1
-1.277961E+1
-1.359840E+1
-1.510368E+1
-2.050005E+1
-2.050005E+1
-2.050005E+1
-2.050005E+1
-2.050005E+1
-2.050005E+1
-2.050005E+1
-2.050005E+1
-2.050005E+1
-2.050005E+1
-2.050005E+1
-2.050005E+1
-2.050005E+1
-2.050005E+1
-2.050005E+1
-2.050005E+1
-2.050005E+1
-2.050005E+1
-2.050005E+1
-2.050005E+1
-2.050005E+1
-2.050005E+1
-2.050005E+1
-2.050005E+1
-2.050005E+1
-2.050005E+1
-2.050005E+1
-2.050005E+1
-2.050005E+1
-2.050005E+1
-2.050005E+1
-2.050005E+1
-2.050005E+1
-2.050005E+1
-2.050005E+1
-1.660896E+1
-1.254441E+1
-1.121259E+1
-1.047759E+1
-9.996898E+0
-9.707308E+0
-9.561778E+0
-9.533848E+0
-9.619108E+0
-9.816088E+0
-1.012185E+1
-1.058784E+1
-1.118319E+1
-1.200492E+1
-1.311330E+1
-1.476852E+1
-1.811424E+1
-2.050005E+1
-1.899477E+1
-1.529331E+1
-1.351020E+1
-1.223277E+1
-1.130520E+1
-1.068045E+1
-1.023357E+1
-9.946918E+0
-9.799918E+0
-9.769048E+0
-9.846958E+0
-1.003218E+1
-1.029237E+1
-1.058784E+1
-1.085244E+1
-1.103913E+1
-1.106706E+1
-1.095681E+1
-1.070397E+1
-1.039380E+1
-1.003218E+1
-9.677908E+0
-9.333928E+0
-9.026698E+0
-8.767978E+0
-8.544538E+0
-8.382838E+0
-8.263768E+0
-8.194678E+0
-8.172628E+0
-8.179978E+0
-8.224078E+0
-8.287288E+0
-8.366668E+0
-8.457808E+0
-8.562178E+0
-8.681248E+0
-8.826778E+0
-9.026698E+0
-9.272188E+0
-9.561778E+0
-9.946918E+0
-1.045554E+1
-1.115379E+1
-1.213869E+1
-1.410555E+1
-2.050005E+1
-2.050005E+1
-2.050005E+1
-2.050005E+1
-2.050005E+1
-2.050005E+1
-2.050005E+1
-2.050005E+1
-2.050005E+1
-2.050005E+1
-2.050005E+1
-2.050005E+1
-2.050005E+1
-2.050005E+1
-2.050005E+1
-2.050005E+1
-2.050005E+1
-2.050005E+1
-2.050005E+1
-2.050005E+1
-2.050005E+1
-2.050005E+1
-2.050005E+1
-2.050005E+1
-2.050005E+1
-2.050005E+1
-2.050005E+1
-2.050005E+1
-2.050005E+1
-1.359840E+1
-1.179765E+1
-1.070397E+1
-9.913108E+0
-9.308938E+0
-8.837068E+0
-8.466628E+0
-8.194678E+0
-7.993288E+0
-7.860988E+0
-7.803658E+0
-7.809538E+0
-7.874218E+0
-7.993288E+0
-8.172628E+0
-8.391658E+0
-8.653318E+0
-8.929678E+0
-9.198688E+0
-9.451528E+0
-9.663208E+0
-9.830788E+0
-9.929278E+0
-9.980728E+0
-9.980728E+0
-9.929278E+0
-9.816088E+0
-9.677908E+0
-9.505918E+0
-9.322168E+0
-9.139888E+0
-8.982598E+0
-8.867938E+0
-8.797378E+0
-8.776798E+0
-8.806198E+0
-8.888518E+0
-9.048748E+0
-9.272188E+0
-9.589708E+0
-9.980728E+0
-1.047759E+1
-1.106706E+1
-1.183734E+1
-1.277961E+1
-1.422315E+1
-1.748949E+1
-2.050005E+1
-2.050005E+1
-2.050005E+1
-2.050005E+1
-2.050005E+1
-2.050005E+1
-2.050005E+1
-2.050005E+1
-2.050005E+1
-2.050005E+1
-2.050005E+1
-2.050005E+1
-2.050005E+1
-2.050005E+1
-2.050005E+1
-2.050005E+1
-2.050005E+1
-2.050005E+1
-2.050005E+1
-2.050005E+1
-2.050005E+1
-2.050005E+1
-2.050005E+1
-2.050005E+1
-2.050005E+1
-2.050005E+1
-1.660896E+1
-1.378803E+1
-1.284135E+1
-1.223277E+1
-1.187850E+1
-1.160802E+1
-1.136841E+1
-1.118319E+1
-1.098327E+1
-1.080099E+1
-1.060989E+1
-1.045554E+1
-1.031148E+1
-1.021446E+1
-1.017624E+1
-1.015860E+1
-1.017624E+1
-1.023357E+1
-1.031148E+1
-1.039380E+1
-1.045554E+1
-1.049964E+1
-1.049964E+1
-1.043496E+1
-1.031148E+1
-1.010274E+1
-9.816088E+0
-9.477988E+0
-9.104608E+0
-8.747398E+0
-8.415178E+0
-8.135878E+0
-7.906558E+0
-7.747798E+0
-7.669888E+0
-7.669888E+0
-7.778668E+0
-8.000638E+0
-8.366668E+0
-8.929678E+0
-9.816088E+0
-1.143456E+1
-2.050005E+1
-2.050005E+1
-2.050005E+1
-2.050005E+1
-2.050005E+1
-2.050005E+1
-2.050005E+1
-2.050005E+1
-2.050005E+1
-2.050005E+1
-2.050005E+1
-2.050005E+1
-2.050005E+1
-2.050005E+1
-1.660896E+1
-1.660896E+1
-2.050005E+1
-2.050005E+1
-2.050005E+1
-2.050005E+1
-2.050005E+1
-2.050005E+1
-2.050005E+1
-2.050005E+1
-2.050005E+1
-2.050005E+1
-2.050005E+1
-2.050005E+1
-2.050005E+1
-1.369101E+1
-1.133607E+1
-1.017624E+1
-9.451528E+0
-8.939968E+0
-8.579818E+0
-8.357848E+0
-8.240248E+0
-8.224078E+0
-8.310808E+0
-8.482798E+0
-8.747398E+0
-9.116368E+0
-9.561778E+0
-1.004982E+1
-1.056579E+1
-1.095681E+1
-1.112439E+1
-1.098327E+1
-1.058784E+1
-1.010274E+1
-9.633808E+0
-9.247198E+0
-8.972308E+0
-8.797378E+0
-8.728288E+0
-8.776798E+0
-8.929678E+0
-9.186928E+0
-9.547078E+0
-1.001454E+1
-1.056579E+1
-1.118319E+1
-1.187850E+1
-1.254441E+1
-1.318680E+1
-1.351020E+1
-1.369101E+1
-1.351020E+1
-1.311330E+1
-1.271787E+1
-1.233273E+1
-1.204902E+1
-1.183734E+1
-1.179765E+1
-1.191966E+1
-1.233273E+1
-1.311330E+1
-1.493022E+1
-2.050005E+1
-2.050005E+1
-2.050005E+1
-2.050005E+1
-2.050005E+1
-2.050005E+1
-2.050005E+1
-1.378803E+1
-1.136841E+1
-1.021446E+1
-9.477988E+0
-8.994358E+0
-8.681248E+0
-8.509258E+0
-8.466628E+0
-8.535718E+0
-8.700358E+0
-8.950258E+0
-9.322168E+0
-9.799918E+0
-1.043496E+1
-1.127433E+1
-1.243563E+1
-1.461858E+1
-2.050005E+1
-2.050005E+1
-2.050005E+1
-2.050005E+1
-2.050005E+1
-2.050005E+1
-2.050005E+1
-2.050005E+1
-2.050005E+1
-2.050005E+1
-2.050005E+1
-2.050005E+1
-2.050005E+1
-2.050005E+1
-2.050005E+1
-2.050005E+1
-2.050005E+1
-2.050005E+1
-2.050005E+1
-2.050005E+1
-2.050005E+1
-1.422315E+1
-1.277961E+1
-1.204902E+1
-1.171974E+1
-1.175796E+1
-1.223277E+1
-1.351020E+1
-2.050005E+1
-2.050005E+1
-2.050005E+1
-2.050005E+1
-2.050005E+1
-2.050005E+1
-2.050005E+1
-2.050005E+1
-2.050005E+1
-2.050005E+1
-2.050005E+1
-2.050005E+1
-2.050005E+1
-2.050005E+1
-2.050005E+1
-2.050005E+1
-2.050005E+1
-2.050005E+1
-2.050005E+1
-2.050005E+1
-2.050005E+1
-2.050005E+1
-2.050005E+1
-2.050005E+1
-2.050005E+1
-2.050005E+1
-2.050005E+1
-2.050005E+1
-2.050005E+1
-2.050005E+1
-2.050005E+1
-2.050005E+1
-2.050005E+1
-2.050005E+1
-2.050005E+1
-2.050005E+1
-2.050005E+1
-2.050005E+1
-2.050005E+1
-2.050005E+1
-2.050005E+1
-2.050005E+1
-2.050005E+1
-2.050005E+1
-2.050005E+1
-2.050005E+1
-2.050005E+1
-2.050005E+1
-2.050005E+1
-2.050005E+1
-2.050005E+1
-2.050005E+1
-2.050005E+1
-2.050005E+1
-2.050005E+1
-2.050005E+1
-2.050005E+1
-2.050005E+1
-2.050005E+1
-2.050005E+1
-1.342494E+1
-1.164477E+1
-1.060989E+1
-9.913108E+0
-9.411838E+0
-9.082558E+0
-8.878228E+0
-8.776798E+0
-8.757688E+0
-8.816488E+0
-8.929678E+0
-9.060508E+0
-9.186928E+0
-9.272188E+0
-9.295708E+0
-9.247198E+0
-9.151648E+0
-9.038458E+0
-8.939968E+0
-8.888518E+0
-8.909098E+0
-9.038458E+0
-9.283948E+0
-9.677908E+0
-1.023357E+1
-1.103913E+1
-1.223277E+1
-1.447893E+1
-2.050005E+1
-2.050005E+1
-2.050005E+1
-2.050005E+1
-2.050005E+1
-2.050005E+1
-2.050005E+1
-2.050005E+1
-2.050005E+1
-2.050005E+1
-1.369101E+1
-1.196082E+1
-1.101120E+1
-1.039380E+1
-9.980728E+0
-9.707308E+0
-9.533848E+0
-9.425068E+0
-9.358918E+0
-9.333928E+0
-9.322168E+0
-9.308938E+0
-9.322168E+0
-9.333928E+0
-9.347158E+0
-9.347158E+0
-9.347158E+0
-9.333928E+0
-9.308938E+0
-9.272188E+0
-9.258958E+0
-9.272188E+0
-9.333928E+0
-9.451528E+0
-9.648508E+0
-9.929278E+0
-1.031148E+1
-1.080099E+1
-1.143456E+1
-1.223277E+1
-1.326324E+1
-1.510368E+1
-2.050005E+1
-2.050005E+1
-2.050005E+1
-2.050005E+1
-2.050005E+1
-2.050005E+1
-2.050005E+1
-2.050005E+1
-2.050005E+1
-2.050005E+1
-2.050005E+1
-2.050005E+1
-1.410555E+1
-1.243563E+1
-1.168152E+1
-1.140222E+1
-1.146837E+1
-1.183734E+1
-1.260027E+1
-1.422315E+1
-2.050005E+1
-2.050005E+1
-2.050005E+1
-2.050005E+1
-2.050005E+1
-2.050005E+1
-2.050005E+1
-2.050005E+1
-2.050005E+1
-1.461858E+1
-1.297365E+1
-1.200492E+1
-1.133607E+1
-1.077747E+1
-1.037322E+1
-1.004982E+1
-9.816088E+0
-9.633808E+0
-9.533848E+0
-9.505918E+0
-9.575008E+0
-9.722008E+0
-9.980728E+0
-1.037322E+1
-1.095681E+1
-1.187850E+1
-1.369101E+1
-2.050005E+1
-2.050005E+1
-2.050005E+1
-2.050005E+1
-2.050005E+1
-2.050005E+1
-2.050005E+1
-2.050005E+1
-2.050005E+1
-2.050005E+1
-2.050005E+1
-2.050005E+1
-2.050005E+1
-2.050005E+1
-2.050005E+1
-2.050005E+1
-2.050005E+1
-2.050005E+1
-2.050005E+1
-2.050005E+1
-2.050005E+1
-2.050005E+1
-2.050005E+1
-2.050005E+1
-2.050005E+1
-2.050005E+1
-2.050005E+1
-2.050005E+1
-2.050005E+1
-2.050005E+1
-2.050005E+1
-2.050005E+1
-2.050005E+1
-1.660896E+1
-1.447893E+1
-1.334262E+1
-1.248855E+1
-1.191966E+1
-1.157274E+1
-1.140222E+1
-1.140222E+1
-1.153746E+1
-1.187850E+1
-1.238271E+1
-1.311330E+1
-1.399383E+1
-1.476852E+1
-1.493022E+1
-1.461858E+1
-1.388799E+1
-1.318680E+1
-1.254441E+1
-1.200492E+1
-1.164477E+1
-1.133607E+1
-1.112439E+1
-1.090389E+1
-1.075248E+1
-1.065693E+1
-1.056579E+1
-1.049964E+1
-1.045554E+1
-1.043496E+1
-1.047759E+1
-1.054374E+1
-1.065693E+1
-1.082745E+1
-1.109499E+1
-1.146837E+1
-1.196082E+1
-1.254441E+1
-1.318680E+1
-1.378803E+1
-1.434663E+1
-1.461858E+1
-1.461858E+1
-1.447893E+1
-1.434663E+1
-1.461858E+1
-1.572843E+1
-2.050005E+1
-2.050005E+1
-2.050005E+1
-2.050005E+1
-2.050005E+1
-2.050005E+1
-2.050005E+1
-2.050005E+1
-2.050005E+1
-2.050005E+1
-2.050005E+1
-2.050005E+1
-2.050005E+1
-2.050005E+1
-2.050005E+1
-2.050005E+1
-2.050005E+1
-2.050005E+1
-2.050005E+1
-2.050005E+1
-2.050005E+1
-2.050005E+1
-2.050005E+1
-2.050005E+1
-2.050005E+1
-2.050005E+1
-2.050005E+1
-2.050005E+1
-2.050005E+1
-2.050005E+1
-2.050005E+1
-2.050005E+1
-2.050005E+1
-2.050005E+1
-2.050005E+1
-1.493022E+1
-1.254441E+1
-1.143456E+1
-1.077747E+1
-1.041438E+1
-1.027326E+1
-1.031148E+1
-1.052169E+1
-1.090389E+1
-1.150218E+1
-1.228275E+1
-1.326324E+1
-1.434663E+1
-1.493022E+1
-1.447893E+1
-1.351020E+1
-1.248855E+1
-1.171974E+1
-1.115379E+1
-1.070397E+1
-1.037322E+1
-1.013949E+1
-9.996898E+0
-9.913108E+0
-9.863128E+0
-9.863128E+0
-9.913108E+0
-1.001454E+1
-1.012185E+1
-1.027326E+1
-1.041438E+1
-1.052169E+1
-1.058784E+1
-1.054374E+1
-1.041438E+1
-1.023357E+1
-1.001454E+1
-9.816088E+0
-9.619108E+0
-9.451528E+0
-9.322168E+0
-9.222208E+0
-9.163408E+0
-9.151648E+0
-9.198688E+0
-9.295708E+0
-9.451528E+0
-9.663208E+0
-9.913108E+0
-1.015860E+1
-1.033206E+1
-1.037322E+1
-1.027326E+1
-1.001454E+1
-9.692608E+0
-9.333928E+0
-9.026698E+0
-8.776798E+0
-8.607748E+0
-8.518078E+0
-8.509258E+0
-8.579818E+0
-8.728288E+0
-8.939968E+0
-9.198688E+0
-9.477988E+0
-9.752878E+0
-9.996898E+0
-1.017624E+1
-1.033206E+1
-1.052169E+1
-1.082745E+1
-1.140222E+1
-1.277961E+1
-2.050005E+1
-2.050005E+1
-2.050005E+1
-2.050005E+1
-2.050005E+1
-2.050005E+1
-2.050005E+1
-2.050005E+1
-2.050005E+1
-2.050005E+1
-2.050005E+1
-2.050005E+1
-2.050005E+1
-2.050005E+1
-2.050005E+1
-2.050005E+1
-2.050005E+1
-2.050005E+1
-2.050005E+1
-2.050005E+1
-1.378803E+1
-1.223277E+1
-1.140222E+1
-1.095681E+1
-1.070397E+1
-1.063341E+1
-1.070397E+1
-1.085244E+1
-1.106706E+1
-1.124346E+1
-1.133607E+1
-1.136841E+1
-1.127433E+1
-1.112439E+1
-1.090389E+1
-1.065693E+1
-1.041438E+1
-1.017624E+1
-9.946918E+0
-9.722008E+0
-9.519148E+0
-9.372148E+0
-9.272188E+0
-9.258958E+0
-9.333928E+0
-9.505918E+0
-9.816088E+0
-1.029237E+1
-1.101120E+1
-1.213869E+1
-1.434663E+1
-2.050005E+1
-2.050005E+1
-2.050005E+1
-2.050005E+1
-2.050005E+1
-2.050005E+1
-2.050005E+1
-2.050005E+1
-2.050005E+1
-2.050005E+1
-1.410555E+1
-1.233273E+1
-1.133607E+1
-1.060989E+1
-1.004982E+1
-9.604408E+0
-9.222208E+0
-8.929678E+0
-8.719468E+0
-8.588638E+0
-8.535718E+0
-8.579818E+0
-8.700358E+0
-8.909098E+0
-9.186928E+0
-9.519148E+0
-9.846958E+0
-1.015860E+1
-1.037322E+1
-1.045554E+1
-1.039380E+1
-1.025268E+1
-1.006746E+1
-9.896938E+0
-9.707308E+0
-9.547078E+0
-9.398608E+0
-9.258958E+0
-9.094318E+0
-8.919388E+0
-8.738578E+0
-8.579818E+0
-8.457808E+0
-8.391658E+0
-8.399008E+0
-8.509258E+0
-8.728288E+0
-9.094318E+0
-9.633808E+0
-1.039380E+1
-1.150218E+1
-1.342494E+1
-2.050005E+1
-2.050005E+1
-2.050005E+1
-2.050005E+1
-2.050005E+1
-2.050005E+1
-1.434663E+1
-1.271787E+1
-1.179765E+1
-1.121259E+1
-1.077747E+1
-1.047759E+1
-1.029237E+1
-1.019535E+1
-1.023357E+1
-1.037322E+1
-1.060989E+1
-1.101120E+1
-1.157274E+1
-1.233273E+1
-1.351020E+1
-1.572843E+1
-2.050005E+1
-2.050005E+1
-2.050005E+1
-2.050005E+1
-2.050005E+1
-2.050005E+1
-2.050005E+1
-2.050005E+1
-2.050005E+1
-2.050005E+1
-2.050005E+1
-2.050005E+1
-2.050005E+1
-2.050005E+1
-2.050005E+1
-2.050005E+1
-2.050005E+1
-2.050005E+1
-2.050005E+1
-2.050005E+1
-2.050005E+1
-2.050005E+1
-2.050005E+1
-2.050005E+1
-2.050005E+1
-2.050005E+1
-2.050005E+1
-2.050005E+1
-2.050005E+1
-2.050005E+1
-2.050005E+1
-2.050005E+1
-2.050005E+1
-2.050005E+1
-2.050005E+1
-2.050005E+1
-2.050005E+1
-2.050005E+1
-1.493022E+1
-1.284135E+1
-1.187850E+1
-1.121259E+1
-1.075248E+1
-1.039380E+1
-1.017624E+1
-1.006746E+1
-1.006746E+1
-1.019535E+1
-1.045554E+1
-1.085244E+1
-1.146837E+1
-1.243563E+1
-1.410555E+1
-1.899477E+1
-2.050005E+1
-2.050005E+1
-2.050005E+1
-1.811424E+1
-1.388799E+1
-1.223277E+1
-1.130520E+1
-1.070397E+1
-1.033206E+1
-1.013949E+1
-1.008510E+1
-1.019535E+1
-1.045554E+1
-1.087743E+1
-1.140222E+1
-1.200492E+1
-1.265907E+1
-1.311330E+1
-1.334262E+1
-1.326324E+1
-1.297365E+1
-1.271787E+1
-1.248855E+1
-1.238271E+1
-1.228275E+1
-1.228275E+1
-1.223277E+1
-1.223277E+1
-1.218573E+1
-1.223277E+1
-1.233273E+1
-1.248855E+1
-1.277961E+1
-1.334262E+1
-1.422315E+1
-1.572843E+1
-2.050005E+1
-2.050005E+1
-2.050005E+1
-2.050005E+1
-2.050005E+1
-2.050005E+1
-1.461858E+1
-1.260027E+1
-1.133607E+1
-1.043496E+1
-9.738178E+0
-9.198688E+0
-8.797378E+0
-8.509258E+0
-8.334328E+0
-8.247598E+0
-8.254948E+0
-8.350498E+0
-8.544538E+0
-8.837068E+0
-9.235438E+0
-9.783748E+0
-1.054374E+1
-1.168152E+1
-1.378803E+1
-2.050005E+1
-2.050005E+1
-2.050005E+1
-2.050005E+1
-2.050005E+1
-2.050005E+1
-2.050005E+1
-2.050005E+1
-1.748949E+1
-1.359840E+1
-1.233273E+1
-1.171974E+1
-1.143456E+1
-1.143456E+1
-1.164477E+1
-1.218573E+1
-1.311330E+1
-1.529331E+1
-2.050005E+1
-2.050005E+1
-2.050005E+1
-2.050005E+1
-2.050005E+1
-2.050005E+1
-2.050005E+1
-2.050005E+1
-2.050005E+1
-2.050005E+1
-2.050005E+1
-2.050005E+1
-2.050005E+1
-2.050005E+1
-2.050005E+1
-2.050005E+1
-2.050005E+1
-2.050005E+1
-2.050005E+1
-2.050005E+1
-2.050005E+1
-1.811424E+1
-1.627380E+1
-1.627380E+1
-1.811424E+1
-2.050005E+1
-2.050005E+1
-2.050005E+1
-2.050005E+1
-2.050005E+1
-2.050005E+1
-2.050005E+1
-2.050005E+1
-2.050005E+1
-2.050005E+1
-2.050005E+1
-2.050005E+1
-2.050005E+1
-1.388799E+1
-1.238271E+1
-1.157274E+1
-1.101120E+1
-1.060989E+1
-1.029237E+1
-1.001454E+1
-9.752878E+0
-9.505918E+0
-9.295708E+0
-9.128128E+0
-9.004648E+0
-8.962018E+0
-8.994358E+0
-9.094318E+0
-9.283948E+0
-9.561778E+0
-9.913108E+0
-1.029237E+1
-1.070397E+1
-1.103913E+1
-1.127433E+1
-1.136841E+1
-1.127433E+1
-1.103913E+1
-1.075248E+1
-1.045554E+1
-1.019535E+1
-9.996898E+0
-9.846958E+0
-9.752878E+0
