Date/Time	2022-06-06 21:43:36
Line location	1
Line name	A1
OTDR wavelength [nm]	1625
OTDR pulse duration [ns]	2
OTDR scan time [s]	10
OTDR scan length [m]	1.500000E+2
Length offset [m]	0.000000E+0
Length increment [m]	3.996806E-2
Switch ID	VIAVI Solutions,OTU 8000E,11654,FO,16.76
OTDR ID	JDSU,OTU 8000E,11654,OTU(SmartOTU),V7.22

Reflected amplitude [dB]
1.413442E+0
1.314952E+0
1.212052E+0
1.120912E+0
1.044472E+0
9.944920E-1
1.018012E+0
1.148842E+0
1.328182E+0
1.525162E+0
1.755952E+0
1.995562E+0
2.208712E+0
2.377762E+0
2.504182E+0
2.593852E+0
2.649712E+0
2.664412E+0
2.639422E+0
2.577682E+0
2.485072E+0
2.363062E+0
2.213122E+0
2.032312E+0
1.830922E+0
1.625122E+0
1.423732E+0
1.228222E+0
1.034182E+0
8.489620E-1
6.857920E-1
5.490820E-1
4.344220E-1
3.374020E-1
2.565520E-1
1.874620E-1
1.271920E-1
7.721200E-2
3.458200E-2
-6.980000E-4
-3.009800E-2
-5.508800E-2
-7.566800E-2
-9.330800E-2
-1.094780E-1
-1.227080E-1
-1.359380E-1
-1.462280E-1
-1.579880E-1
-1.682780E-1
-1.785680E-1
-1.888580E-1
-2.006180E-1
-2.138480E-1
-2.300180E-1
-2.461880E-1
-2.652980E-1
-2.858780E-1
-3.064580E-1
-3.270380E-1
-3.461480E-1
-3.652580E-1
-3.814280E-1
-3.931880E-1
-4.034780E-1
-4.108280E-1
-4.122980E-1
-4.108280E-1
-4.049480E-1
-3.917180E-1
-3.740780E-1
-3.505580E-1
-3.240980E-1
-2.932280E-1
-2.608880E-1
-2.285480E-1
-1.991480E-1
-1.726880E-1
-1.521080E-1
-1.359380E-1
-1.271180E-1
-1.256480E-1
-1.285880E-1
-1.388780E-1
-1.521080E-1
-1.697480E-1
-1.888580E-1
-2.094380E-1
-2.300180E-1
-2.505980E-1
-2.711780E-1
-2.888180E-1
-3.064580E-1
-3.211580E-1
-3.358580E-1
-3.490880E-1
-3.623180E-1
-3.740780E-1
-3.843680E-1
-3.946580E-1
-4.049480E-1
-4.122980E-1
-4.196480E-1
-4.269980E-1
-4.328780E-1
-4.402280E-1
-4.475780E-1
-4.549280E-1
-4.637480E-1
-4.725680E-1
-4.828580E-1
-4.916780E-1
-5.004980E-1
-5.078480E-1
-5.151980E-1
-5.210780E-1
-5.254880E-1
-5.284280E-1
-5.298980E-1
-5.313680E-1
-5.313680E-1
-5.328380E-1
-5.328380E-1
-5.357780E-1
-5.387180E-1
-5.431280E-1
-5.504780E-1
-5.578280E-1
-5.651780E-1
-5.725280E-1
-5.813480E-1
-5.886980E-1
-5.945780E-1
-6.019280E-1
-6.107480E-1
-6.210380E-1
-6.342680E-1
-6.489680E-1
-6.651380E-1
-6.827780E-1
-6.989480E-1
-7.151180E-1
-6.798380E-1
-4.034780E-1
3.388720E-1
1.481062E+0
2.746732E+0
3.943312E+0
5.006122E+0
5.920462E+0
6.687802E+0
7.319902E+0
7.831462E+0
8.240122E+0
8.560582E+0
8.801662E+0
8.970712E+0
9.072142E+0
9.113302E+0
9.097132E+0
9.028042E+0
8.907502E+0
8.739922E+0
8.526772E+0
8.273932E+0
7.982872E+0
7.658002E+0
7.296382E+0
6.902422E+0
6.474652E+0
6.017482E+0
5.538262E+0
5.042872E+0
4.540132E+0
4.044742E+0
3.572872E+0
3.139222E+0
2.759962E+0
2.433622E+0
2.144032E+0
1.891192E+0
1.670692E+0
1.453132E+0
1.222342E+0
9.944920E-1
7.901620E-1
6.181720E-1
4.652920E-1
3.227020E-1
1.889320E-1
6.839200E-2
-3.597800E-2
-1.256480E-1
-2.020880E-1
-2.682380E-1
-3.240980E-1
-3.696680E-1
-4.064180E-1
-4.358180E-1
-4.593380E-1
-4.784480E-1
-4.946180E-1
-5.093180E-1
-5.210780E-1
-5.328380E-1
-5.445980E-1
-5.548880E-1
-5.666480E-1
-5.754680E-1
-5.813480E-1
-5.842880E-1
-5.828180E-1
-5.754680E-1
-5.637080E-1
-5.445980E-1
-5.210780E-1
-4.931480E-1
-4.637480E-1
-4.328780E-1
-4.020080E-1
-3.726080E-1
-3.476180E-1
-3.255680E-1
-3.064580E-1
-2.932280E-1
-2.858780E-1
-2.829380E-1
-2.858780E-1
-2.932280E-1
-3.064580E-1
-3.226280E-1
-3.417380E-1
-3.608480E-1
-3.799580E-1
-3.975980E-1
-4.137680E-1
-4.284680E-1
-4.402280E-1
-4.490480E-1
-4.563980E-1
-4.637480E-1
-4.696280E-1
-4.740380E-1
-4.769780E-1
-4.799180E-1
-4.828580E-1
-4.857980E-1
-4.887380E-1
-4.931480E-1
-4.975580E-1
-5.019680E-1
-5.078480E-1
-5.137280E-1
-5.196080E-1
-5.240180E-1
-5.254880E-1
-5.269580E-1
-5.269580E-1
-5.254880E-1
-5.254880E-1
-5.254880E-1
-5.269580E-1
-5.284280E-1
-5.328380E-1
-5.387180E-1
-5.445980E-1
-5.519480E-1
-5.592980E-1
-5.651780E-1
-5.695880E-1
-5.725280E-1
-5.725280E-1
-5.681180E-1
-5.622380E-1
-5.534180E-1
-5.401880E-1
-5.254880E-1
-5.078480E-1
-4.887380E-1
-4.696280E-1
-4.519880E-1
-4.372880E-1
-4.255280E-1
-4.181780E-1
-4.137680E-1
-4.137680E-1
-4.167080E-1
-4.225880E-1
-4.299380E-1
-4.358180E-1
-4.416980E-1
-4.461080E-1
-4.490480E-1
-4.490480E-1
-4.490480E-1
-4.461080E-1
-4.446380E-1
-4.416980E-1
-4.387580E-1
-4.372880E-1
-4.372880E-1
-4.372880E-1
-4.402280E-1
-4.461080E-1
-4.534580E-1
-4.637480E-1
-4.769780E-1
-4.916780E-1
-5.063780E-1
-5.210780E-1
-5.357780E-1
-5.490080E-1
-5.592980E-1
-5.666480E-1
-5.725280E-1
-5.754680E-1
-5.784080E-1
-5.813480E-1
-5.828180E-1
-5.842880E-1
-5.872280E-1
-5.886980E-1
-5.886980E-1
-5.886980E-1
-5.857580E-1
-5.813480E-1
-5.754680E-1
-5.695880E-1
-5.637080E-1
-5.578280E-1
-5.519480E-1
-5.475380E-1
-5.445980E-1
-5.416580E-1
-5.387180E-1
-5.357780E-1
-5.313680E-1
-5.254880E-1
-5.181380E-1
-5.093180E-1
-4.975580E-1
-4.828580E-1
-4.652180E-1
-4.446380E-1
-4.196480E-1
-3.931880E-1
-3.652580E-1
-3.373280E-1
-3.108680E-1
-2.902880E-1
-2.741180E-1
-2.652980E-1
-2.638280E-1
-2.711780E-1
-2.829380E-1
-3.020480E-1
-3.255680E-1
-3.505580E-1
-3.755480E-1
-4.020080E-1
-4.255280E-1
-4.475780E-1
-4.681580E-1
-4.887380E-1
-5.063780E-1
-5.225480E-1
-5.372480E-1
-5.490080E-1
-5.592980E-1
-5.637080E-1
-5.666480E-1
-5.637080E-1
-5.592980E-1
-5.519480E-1
-5.431280E-1
-5.357780E-1
-5.313680E-1
-5.298980E-1
-5.313680E-1
-5.343080E-1
-5.416580E-1
-5.490080E-1
-5.578280E-1
-5.666480E-1
-5.739980E-1
-5.798780E-1
-5.842880E-1
-5.872280E-1
-5.872280E-1
-5.872280E-1
-5.857580E-1
-5.828180E-1
-5.813480E-1
-5.798780E-1
-5.784080E-1
-5.784080E-1
-5.769380E-1
-5.769380E-1
-5.754680E-1
-5.725280E-1
-5.666480E-1
-5.578280E-1
-5.460680E-1
-5.313680E-1
-5.122580E-1
-4.916780E-1
-4.681580E-1
-4.446380E-1
-4.181780E-1
-3.946580E-1
-3.711380E-1
-3.505580E-1
-3.314480E-1
-3.152780E-1
-3.020480E-1
-2.932280E-1
-2.873480E-1
-2.829380E-1
-2.829380E-1
-2.858780E-1
-2.917580E-1
-2.991080E-1
-3.093980E-1
-3.226280E-1
-3.358580E-1
-3.520280E-1
-3.681980E-1
-3.843680E-1
-4.020080E-1
-4.181780E-1
-4.343480E-1
-4.490480E-1
-4.637480E-1
-4.784480E-1
-4.931480E-1
-5.078480E-1
-5.225480E-1
-5.372480E-1
-5.534180E-1
-5.681180E-1
-5.828180E-1
-5.960480E-1
-6.078080E-1
-6.166280E-1
-6.239780E-1
-6.269180E-1
-6.254480E-1
-6.225080E-1
-6.151580E-1
-6.078080E-1
-5.975180E-1
-5.886980E-1
-5.798780E-1
-5.725280E-1
-5.681180E-1
-5.651780E-1
-5.651780E-1
-5.651780E-1
-5.681180E-1
-5.710580E-1
-5.754680E-1
-5.784080E-1
-5.813480E-1
-5.828180E-1
-5.828180E-1
-5.813480E-1
-5.754680E-1
-5.681180E-1
-5.563580E-1
-5.431280E-1
-5.284280E-1
-5.107880E-1
-4.931480E-1
-4.755080E-1
-4.593380E-1
-4.461080E-1
-4.343480E-1
-4.255280E-1
-4.211180E-1
-4.181780E-1
-4.181780E-1
-4.196480E-1
-4.225880E-1
-4.255280E-1
-4.284680E-1
-4.328780E-1
-4.372880E-1
-4.416980E-1
-4.461080E-1
-4.505180E-1
-4.563980E-1
-4.622780E-1
-4.696280E-1
-4.784480E-1
-4.887380E-1
-4.990280E-1
-5.122580E-1
-5.254880E-1
-5.387180E-1
-5.534180E-1
-5.666480E-1
-5.769380E-1
-5.857580E-1
-5.931080E-1
-5.960480E-1
-5.975180E-1
-5.975180E-1
-5.945780E-1
-5.916380E-1
-5.886980E-1
-5.857580E-1
-5.828180E-1
-5.813480E-1
-5.798780E-1
-5.784080E-1
-5.754680E-1
-5.739980E-1
-5.695880E-1
-5.666480E-1
-5.622380E-1
-5.578280E-1
-5.548880E-1
-5.519480E-1
-5.519480E-1
-5.534180E-1
-5.548880E-1
-5.563580E-1
-5.578280E-1
-5.563580E-1
-5.504780E-1
-5.416580E-1
-5.313680E-1
-5.166680E-1
-5.034380E-1
-4.887380E-1
-4.769780E-1
-4.681580E-1
-4.637480E-1
-4.622780E-1
-4.622780E-1
-4.666880E-1
-4.740380E-1
-4.843280E-1
-4.960880E-1
-5.093180E-1
-5.240180E-1
-5.387180E-1
-5.534180E-1
-5.666480E-1
-5.754680E-1
-5.828180E-1
-5.857580E-1
-5.842880E-1
-5.798780E-1
-5.725280E-1
-5.637080E-1
-5.548880E-1
-5.475380E-1
-5.416580E-1
-5.372480E-1
-5.343080E-1
-5.313680E-1
-5.298980E-1
-5.284280E-1
-5.269580E-1
-5.254880E-1
-5.254880E-1
-5.254880E-1
-5.254880E-1
-5.269580E-1
-5.298980E-1
-5.328380E-1
-5.343080E-1
-5.343080E-1
-5.328380E-1
-5.298980E-1
-5.254880E-1
-5.210780E-1
-5.151980E-1
-5.107880E-1
-5.078480E-1
-5.034380E-1
-5.019680E-1
-4.990280E-1
-4.960880E-1
-4.931480E-1
-4.916780E-1
-4.887380E-1
-4.872680E-1
-4.887380E-1
-4.902080E-1
-4.946180E-1
-5.019680E-1
-5.093180E-1
-5.166680E-1
-5.254880E-1
-5.313680E-1
-5.372480E-1
-5.401880E-1
-5.431280E-1
-5.445980E-1
-5.445980E-1
-5.445980E-1
-5.431280E-1
-5.416580E-1
-5.387180E-1
-5.343080E-1
-5.269580E-1
-5.166680E-1
-5.063780E-1
-4.946180E-1
-4.843280E-1
-4.755080E-1
-4.710980E-1
-4.696280E-1
-4.725680E-1
-4.799180E-1
-4.887380E-1
-5.004980E-1
-5.122580E-1
-5.225480E-1
-5.328380E-1
-5.431280E-1
-5.504780E-1
-5.578280E-1
-5.637080E-1
-5.710580E-1
-5.769380E-1
-5.828180E-1
-5.901680E-1
-5.975180E-1
-6.048680E-1
-6.122180E-1
-6.180980E-1
-6.239780E-1
-6.269180E-1
-6.283880E-1
-6.283880E-1
-6.239780E-1
-6.195680E-1
-6.122180E-1
-6.063380E-1
-6.004580E-1
-5.945780E-1
-5.931080E-1
-5.945780E-1
-5.989880E-1
-6.033980E-1
-6.107480E-1
-6.151580E-1
-6.195680E-1
-6.210380E-1
-6.180980E-1
-6.136880E-1
-6.078080E-1
-6.004580E-1
-5.931080E-1
-5.857580E-1
-5.798780E-1
-5.739980E-1
-5.681180E-1
-5.607680E-1
-5.534180E-1
-5.460680E-1
-5.357780E-1
-5.254880E-1
-5.151980E-1
-5.049080E-1
-4.960880E-1
-4.872680E-1
-4.799180E-1
-4.755080E-1
-4.710980E-1
-4.681580E-1
-4.652180E-1
-4.637480E-1
-4.622780E-1
-4.608080E-1
-4.608080E-1
-4.593380E-1
-4.593380E-1
-4.608080E-1
-4.622780E-1
-4.666880E-1
-4.710980E-1
-4.784480E-1
-4.857980E-1
-4.946180E-1
-5.034380E-1
-5.122580E-1
-5.196080E-1
-5.254880E-1
-5.313680E-1
-5.343080E-1
-5.372480E-1
-5.416580E-1
-5.460680E-1
-5.534180E-1
-5.637080E-1
-5.739980E-1
-5.872280E-1
-6.019280E-1
-6.136880E-1
-6.254480E-1
-6.342680E-1
-6.386780E-1
-6.386780E-1
-6.372080E-1
-6.313280E-1
-6.254480E-1
-6.195680E-1
-6.122180E-1
-6.078080E-1
-6.048680E-1
-6.033980E-1
-6.033980E-1
-6.033980E-1
-6.019280E-1
-6.004580E-1
-5.960480E-1
-5.901680E-1
-5.828180E-1
-5.754680E-1
-5.666480E-1
-5.563580E-1
-5.475380E-1
-5.372480E-1
-5.298980E-1
-5.240180E-1
-5.196080E-1
-5.181380E-1
-5.196080E-1
-5.240180E-1
-5.298980E-1
-5.387180E-1
-5.475380E-1
-5.563580E-1
-5.651780E-1
-5.710580E-1
-5.769380E-1
-5.813480E-1
-5.842880E-1
-5.872280E-1
-5.901680E-1
-5.931080E-1
-5.975180E-1
-6.004580E-1
-6.033980E-1
-6.048680E-1
-6.048680E-1
-6.019280E-1
-5.960480E-1
-5.872280E-1
-5.769380E-1
-5.651780E-1
-5.534180E-1
-5.431280E-1
-5.343080E-1
-5.284280E-1
-5.240180E-1
-5.240180E-1
-5.254880E-1
-5.313680E-1
-5.372480E-1
-5.475380E-1
-5.592980E-1
-5.739980E-1
-5.901680E-1
-6.063380E-1
-6.239780E-1
-6.401480E-1
-6.548480E-1
-6.651380E-1
-6.710180E-1
-6.724880E-1
-6.680780E-1
-6.621980E-1
-6.519080E-1
-6.401480E-1
-6.283880E-1
-6.180980E-1
-6.092780E-1
-6.033980E-1
-6.004580E-1
-6.004580E-1
-6.019280E-1
-6.063380E-1
-6.122180E-1
-6.180980E-1
-6.239780E-1
-6.313280E-1
-6.357380E-1
-6.386780E-1
-6.416180E-1
-6.416180E-1
-6.401480E-1
-6.372080E-1
-6.327980E-1
-6.283880E-1
-6.225080E-1
-6.151580E-1
-6.078080E-1
-6.004580E-1
-5.945780E-1
-5.886980E-1
-5.828180E-1
-5.784080E-1
-5.754680E-1
-5.739980E-1
-5.739980E-1
-5.754680E-1
-5.784080E-1
-5.813480E-1
-5.842880E-1
-5.872280E-1
-5.901680E-1
-5.931080E-1
-5.945780E-1
-5.960480E-1
-5.975180E-1
-5.989880E-1
-6.004580E-1
-6.033980E-1
-6.063380E-1
-6.078080E-1
-6.107480E-1
-6.136880E-1
-6.151580E-1
-6.166280E-1
-6.180980E-1
-6.166280E-1
-6.136880E-1
-6.107480E-1
-6.063380E-1
-5.989880E-1
-5.916380E-1
-5.842880E-1
-5.754680E-1
-5.681180E-1
-5.607680E-1
-5.534180E-1
-5.490080E-1
-5.475380E-1
-5.460680E-1
-5.475380E-1
-5.519480E-1
-5.563580E-1
-5.622380E-1
-5.695880E-1
-5.754680E-1
-5.813480E-1
-5.872280E-1
-5.901680E-1
-5.931080E-1
-5.916380E-1
-5.901680E-1
-5.857580E-1
-5.798780E-1
-5.739980E-1
-5.666480E-1
-5.622380E-1
-5.578280E-1
-5.563580E-1
-5.563580E-1
-5.592980E-1
-5.622380E-1
-5.666480E-1
-5.695880E-1
-5.710580E-1
-5.710580E-1
-5.681180E-1
-5.622380E-1
-5.563580E-1
-5.490080E-1
-5.416580E-1
-5.357780E-1
-5.298980E-1
-5.254880E-1
-5.225480E-1
-5.210780E-1
-5.196080E-1
-5.181380E-1
-5.181380E-1
-5.181380E-1
-5.166680E-1
-5.166680E-1
-5.151980E-1
-5.137280E-1
-5.107880E-1
-5.093180E-1
-5.078480E-1
-5.063780E-1
-5.063780E-1
-5.063780E-1
-5.078480E-1
-5.093180E-1
-5.122580E-1
-5.137280E-1
-5.151980E-1
-5.166680E-1
-5.181380E-1
-5.196080E-1
-5.196080E-1
-5.210780E-1
-5.225480E-1
-5.254880E-1
-5.269580E-1
-5.284280E-1
-5.298980E-1
-5.313680E-1
-5.298980E-1
-5.284280E-1
-5.269580E-1
-5.254880E-1
-5.240180E-1
-5.254880E-1
-5.284280E-1
-5.328380E-1
-5.387180E-1
-5.445980E-1
-5.504780E-1
-5.563580E-1
-5.592980E-1
-5.622380E-1
-5.622380E-1
-5.607680E-1
-5.607680E-1
-5.622380E-1
-5.651780E-1
-5.695880E-1
-5.754680E-1
-5.828180E-1
-5.901680E-1
-5.960480E-1
-5.989880E-1
-5.975180E-1
-5.931080E-1
-5.842880E-1
-5.739980E-1
-5.637080E-1
-5.534180E-1
-5.445980E-1
-5.401880E-1
-5.372480E-1
-5.372480E-1
-5.387180E-1
-5.431280E-1
-5.475380E-1
-5.519480E-1
-5.548880E-1
-5.592980E-1
-5.637080E-1
-5.666480E-1
-5.710580E-1
-5.754680E-1
-5.798780E-1
-5.857580E-1
-5.901680E-1
-5.931080E-1
-5.945780E-1
-5.945780E-1
-5.931080E-1
-5.901680E-1
-5.857580E-1
-5.828180E-1
-5.784080E-1
-5.769380E-1
-5.754680E-1
-5.769380E-1
-5.784080E-1
-5.813480E-1
-5.857580E-1
-5.886980E-1
-5.916380E-1
-5.931080E-1
-5.931080E-1
-5.916380E-1
-5.901680E-1
-5.857580E-1
-5.813480E-1
-5.769380E-1
-5.725280E-1
-5.695880E-1
-5.681180E-1
-5.681180E-1
-5.710580E-1
-5.769380E-1
-5.842880E-1
-5.931080E-1
-6.033980E-1
-6.122180E-1
-6.195680E-1
-6.254480E-1
-6.269180E-1
-6.254480E-1
-6.210380E-1
-6.136880E-1
-6.048680E-1
-5.945780E-1
-5.842880E-1
-5.769380E-1
-5.695880E-1
-5.666480E-1
-5.651780E-1
-5.666480E-1
-5.710580E-1
-5.784080E-1
-5.857580E-1
-5.945780E-1
-6.019280E-1
-6.092780E-1
-6.136880E-1
-6.166280E-1
-6.151580E-1
-6.092780E-1
-6.019280E-1
-5.901680E-1
-5.784080E-1
-5.666480E-1
-5.563580E-1
-5.475380E-1
-5.431280E-1
-5.416580E-1
-5.416580E-1
-5.445980E-1
-5.475380E-1
-5.534180E-1
-5.578280E-1
-5.607680E-1
-5.651780E-1
-5.710580E-1
-5.798780E-1
-5.901680E-1
-6.063380E-1
-6.269180E-1
-6.519080E-1
-6.813080E-1
-7.151180E-1
-7.533380E-1
-7.930280E-1
-8.356580E-1
-8.782880E-1
-9.194480E-1
-9.606080E-1
-1.000298E+0
-1.035578E+0
-1.069388E+0
-1.097318E+0
-1.122308E+0
-1.141418E+0
-1.156118E+0
-1.166408E+0
-1.173758E+0
-1.176698E+0
-1.178168E+0
-1.178168E+0
-1.176698E+0
-1.176698E+0
-1.178168E+0
-1.181108E+0
-1.186988E+0
-1.194338E+0
-1.201688E+0
-1.211978E+0
-1.222268E+0
-1.234028E+0
-1.244318E+0
-1.254608E+0
-1.263428E+0
-1.272248E+0
-1.281068E+0
-1.288418E+0
-1.294298E+0
-1.300178E+0
-1.303118E+0
-1.303118E+0
-1.298708E+0
-1.291358E+0
-1.278128E+0
-1.261958E+0
-1.242848E+0
-1.223738E+0
-1.204628E+0
-1.189928E+0
-1.179638E+0
-1.175228E+0
-1.175228E+0
-1.182578E+0
-1.195808E+0
-1.210508E+0
-1.229618E+0
-1.248728E+0
-1.267838E+0
-1.285478E+0
-1.300178E+0
-1.313408E+0
-1.323698E+0
-1.332518E+0
-1.338398E+0
-1.344278E+0
-1.348688E+0
-1.353098E+0
-1.356038E+0
-1.354568E+0
-1.351628E+0
-1.344278E+0
-1.333988E+0
-1.320758E+0
-1.307528E+0
-1.292828E+0
-1.282538E+0
-1.275188E+0
-1.275188E+0
-1.281068E+0
-1.294298E+0
-1.313408E+0
-1.336928E+0
-1.360448E+0
-1.385438E+0
-1.408958E+0
-1.428068E+0
-1.444238E+0
-1.455998E+0
-1.463348E+0
-1.466288E+0
-1.466288E+0
-1.464818E+0
-1.460408E+0
-1.453058E+0
-1.442768E+0
-1.429538E+0
-1.414838E+0
-1.397198E+0
-1.378088E+0
-1.360448E+0
-1.342808E+0
-1.329578E+0
-1.320758E+0
-1.317818E+0
-1.320758E+0
-1.328108E+0
-1.339868E+0
-1.353098E+0
-1.366328E+0
-1.379558E+0
-1.388378E+0
-1.395728E+0
-1.400138E+0
-1.403078E+0
-1.404548E+0
-1.404548E+0
-1.404548E+0
-1.404548E+0
-1.403078E+0
-1.401608E+0
-1.398668E+0
-1.397198E+0
-1.395728E+0
-1.395728E+0
-1.400138E+0
-1.404548E+0
-1.410428E+0
-1.417778E+0
-1.423658E+0
-1.426598E+0
-1.429538E+0
-1.428068E+0
-1.425128E+0
-1.420718E+0
-1.417778E+0
-1.417778E+0
-1.420718E+0
-1.426598E+0
-1.438358E+0
-1.454528E+0
-1.473638E+0
-1.492748E+0
-1.513328E+0
-1.530968E+0
-1.544198E+0
-1.553018E+0
-1.557428E+0
-1.557428E+0
-1.555958E+0
-1.554488E+0
-1.554488E+0
-1.558898E+0
-1.567718E+0
-1.578008E+0
-1.589768E+0
-1.598588E+0
-1.604468E+0
-1.604468E+0
-1.598588E+0
-1.588298E+0
-1.573598E+0
-1.558898E+0
-1.545668E+0
-1.538318E+0
-1.536848E+0
-1.539788E+0
-1.548608E+0
-1.560368E+0
-1.573598E+0
-1.583888E+0
-1.594178E+0
-1.598588E+0
-1.600058E+0
-1.600058E+0
-1.598588E+0
-1.597118E+0
-1.595648E+0
-1.594178E+0
-1.591238E+0
-1.588298E+0
-1.583888E+0
-1.576538E+0
-1.567718E+0
-1.560368E+0
-1.554488E+0
-1.551548E+0
-1.554488E+0
-1.561838E+0
-1.573598E+0
-1.589768E+0
-1.607408E+0
-1.623578E+0
-1.638278E+0
-1.648568E+0
-1.654448E+0
-1.657388E+0
-1.658858E+0
-1.657388E+0
-1.657388E+0
-1.660328E+0
-1.663268E+0
-1.667678E+0
-1.673558E+0
-1.680908E+0
-1.685318E+0
-1.689728E+0
-1.691198E+0
-1.691198E+0
-1.691198E+0
-1.689728E+0
-1.688258E+0
-1.688258E+0
-1.691198E+0
-1.695608E+0
-1.702958E+0
-1.713248E+0
-1.723538E+0
-1.733828E+0
-1.744118E+0
-1.751468E+0
-1.758818E+0
-1.763228E+0
-1.766168E+0
-1.766168E+0
-1.766168E+0
-1.764698E+0
-1.761758E+0
-1.757348E+0
-1.749998E+0
-1.741178E+0
-1.730888E+0
-1.719128E+0
-1.704428E+0
-1.691198E+0
-1.679438E+0
-1.669148E+0
-1.663268E+0
-1.663268E+0
-1.666208E+0
-1.676498E+0
-1.691198E+0
-1.710308E+0
-1.729418E+0
-1.749998E+0
-1.767638E+0
-1.782338E+0
-1.791158E+0
-1.794098E+0
-1.794098E+0
-1.789688E+0
-1.782338E+0
-1.774988E+0
-1.766168E+0
-1.758818E+0
-1.752938E+0
-1.748528E+0
-1.747058E+0
-1.747058E+0
-1.749998E+0
-1.754408E+0
-1.761758E+0
-1.772048E+0
-1.785278E+0
-1.799978E+0
-1.816148E+0
-1.832318E+0
-1.848488E+0
-1.863188E+0
-1.874948E+0
-1.880828E+0
-1.883768E+0
-1.882298E+0
-1.876418E+0
-1.869068E+0
-1.861718E+0
-1.857308E+0
-1.855838E+0
-1.860248E+0
-1.870538E+0
-1.885238E+0
-1.904348E+0
-1.926398E+0
-1.949918E+0
-1.970498E+0
-1.988138E+0
-1.999898E+0
-2.005778E+0
-2.004308E+0
-1.998428E+0
-1.989608E+0
-1.980788E+0
-1.973438E+0
-1.969028E+0
-1.967558E+0
-1.969028E+0
-1.971968E+0
-1.974908E+0
-1.974908E+0
-1.971968E+0
-1.964618E+0
-1.951388E+0
-1.935218E+0
-1.916108E+0
-1.895528E+0
-1.874948E+0
-1.855838E+0
-1.841138E+0
-1.830848E+0
-1.823498E+0
-1.822028E+0
-1.823498E+0
-1.827908E+0
-1.835258E+0
-1.841138E+0
-1.847018E+0
-1.851428E+0
-1.857308E+0
-1.864658E+0
-1.873478E+0
-1.885238E+0
-1.898468E+0
-1.916108E+0
-1.932278E+0
-1.949918E+0
-1.966088E+0
-1.979318E+0
-1.988138E+0
-1.994018E+0
-1.995488E+0
-1.994018E+0
-1.991078E+0
-1.988138E+0
-1.986668E+0
-1.986668E+0
-1.988138E+0
-1.992548E+0
-1.999898E+0
-2.008718E+0
-2.016068E+0
-2.021948E+0
-2.026358E+0
-2.026358E+0
-2.023418E+0
-2.017538E+0
-2.007248E+0
-1.996958E+0
-1.986668E+0
-1.977848E+0
-1.970498E+0
-1.966088E+0
-1.966088E+0
-1.970498E+0
-1.977848E+0
-1.988138E+0
-1.998428E+0
-2.008718E+0
-2.017538E+0
-2.023418E+0
-2.026358E+0
-2.026358E+0
-2.024888E+0
-2.024888E+0
-2.026358E+0
-2.033708E+0
-2.043998E+0
-2.061638E+0
-2.080748E+0
-2.102798E+0
-2.123378E+0
-2.139548E+0
-2.149838E+0
-2.151308E+0
-2.146898E+0
-2.135138E+0
-2.120438E+0
-2.107208E+0
-2.095448E+0
-2.091038E+0
-2.091038E+0
-2.098388E+0
-2.113088E+0
-2.132198E+0
-2.154248E+0
-2.179238E+0
-2.202758E+0
-2.224808E+0
-2.243918E+0
-2.260088E+0
-2.273318E+0
-2.280668E+0
-2.286548E+0
-2.288018E+0
-2.286548E+0
-2.283608E+0
-2.279198E+0
-2.274788E+0
-2.270378E+0
-2.268908E+0
-2.267438E+0
-2.267438E+0
-2.267438E+0
-2.265968E+0
-2.264498E+0
-2.260088E+0
-2.254208E+0
-2.245388E+0
-2.236568E+0
-2.230688E+0
-2.227748E+0
-2.229218E+0
-2.235098E+0
-2.246858E+0
-2.261558E+0
-2.279198E+0
-2.295368E+0
-2.310068E+0
-2.318888E+0
-2.323298E+0
-2.321828E+0
-2.314478E+0
-2.304188E+0
-2.292428E+0
-2.280668E+0
-2.270378E+0
-2.264498E+0
-2.261558E+0
-2.264498E+0
-2.268908E+0
-2.277728E+0
-2.288018E+0
-2.298308E+0
-2.310068E+0
-2.320358E+0
-2.332118E+0
-2.340938E+0
-2.349758E+0
-2.357108E+0
-2.361518E+0
-2.362988E+0
-2.362988E+0
-2.358578E+0
-2.351228E+0
-2.337998E+0
-2.320358E+0
-2.301248E+0
-2.277728E+0
-2.252738E+0
-2.229218E+0
-2.210108E+0
-2.195408E+0
-2.188058E+0
-2.186588E+0
-2.192468E+0
-2.204228E+0
-2.218928E+0
-2.235098E+0
-2.249798E+0
-2.263028E+0
-2.273318E+0
-2.280668E+0
-2.288018E+0
-2.295368E+0
-2.304188E+0
-2.315948E+0
-2.332118E+0
-2.352698E+0
-2.376218E+0
-2.401208E+0
-2.426198E+0
-2.451188E+0
-2.473238E+0
-2.489408E+0
-2.499698E+0
-2.505578E+0
-2.504108E+0
-2.498228E+0
-2.489408E+0
-2.479118E+0
-2.467358E+0
-2.458538E+0
-2.449718E+0
-2.443838E+0
-2.442368E+0
-2.442368E+0
-2.445308E+0
-2.448248E+0
-2.452658E+0
-2.457068E+0
-2.458538E+0
-2.458538E+0
-2.458538E+0
-2.454128E+0
-2.446778E+0
-2.437958E+0
-2.429138E+0
-2.417378E+0
-2.408558E+0
-2.399738E+0
-2.392388E+0
-2.389448E+0
-2.390918E+0
-2.395328E+0
-2.402678E+0
-2.411498E+0
-2.421788E+0
-2.432078E+0
-2.440898E+0
-2.446778E+0
-2.451188E+0
-2.452658E+0
-2.452658E+0
-2.449718E+0
-2.445308E+0
-2.439428E+0
-2.432078E+0
-2.426198E+0
-2.420318E+0
-2.415908E+0
-2.415908E+0
-2.417378E+0
-2.423258E+0
-2.432078E+0
-2.443838E+0
-2.458538E+0
-2.476178E+0
-2.495288E+0
-2.517338E+0
-2.540858E+0
-2.567318E+0
-2.593778E+0
-2.621708E+0
-2.646698E+0
-2.670218E+0
-2.687858E+0
-2.698148E+0
-2.701088E+0
-2.696678E+0
-2.686388E+0
-2.665808E+0
-2.642288E+0
-2.612888E+0
-2.582018E+0
-2.552618E+0
-2.526158E+0
-2.504108E+0
-2.486468E+0
-2.476178E+0
-2.470298E+0
-2.470298E+0
-2.473238E+0
-2.477648E+0
-2.482058E+0
-2.487938E+0
-2.492348E+0
-2.496758E+0
-2.504108E+0
-2.509988E+0
-2.517338E+0
-2.527628E+0
-2.537918E+0
-2.549678E+0
-2.562908E+0
-2.574668E+0
-2.586428E+0
-2.598188E+0
-2.607008E+0
-2.614358E+0
-2.615828E+0
-2.615828E+0
-2.611418E+0
-2.602598E+0
-2.592308E+0
-2.579078E+0
-2.565848E+0
-2.552618E+0
-2.542328E+0
-2.533508E+0
-2.530568E+0
-2.529098E+0
-2.533508E+0
-2.540858E+0
-2.552618E+0
-2.564378E+0
-2.580548E+0
-2.595248E+0
-2.611418E+0
-2.623178E+0
-2.633468E+0
-2.640818E+0
-2.646698E+0
-2.649638E+0
-2.652578E+0
-2.656988E+0
-2.665808E+0
-2.679038E+0
-2.696678E+0
-2.717258E+0
-2.740778E+0
-2.765768E+0
-2.789288E+0
-2.808398E+0
-2.818688E+0
-2.821628E+0
-2.814278E+0
-2.802518E+0
-2.784878E+0
-2.767238E+0
-2.749598E+0
-2.734898E+0
-2.723138E+0
-2.715788E+0
-2.708438E+0
-2.702558E+0
-2.696678E+0
-2.689328E+0
-2.680508E+0
-2.671688E+0
-2.664338E+0
-2.656988E+0
-2.651108E+0
-2.646698E+0
-2.640818E+0
-2.634938E+0
-2.627588E+0
-2.615828E+0
-2.604068E+0
-2.587898E+0
-2.573198E+0
-2.558498E+0
-2.546738E+0
-2.540858E+0
-2.539388E+0
-2.543798E+0
-2.554088E+0
-2.571728E+0
-2.593778E+0
-2.620238E+0
-2.651108E+0
-2.686388E+0
-2.720198E+0
-2.755478E+0
-2.790758E+0
-2.823098E+0
-2.852498E+0
-2.878958E+0
-2.898068E+0
-2.914238E+0
-2.925998E+0
-2.930408E+0
-2.928938E+0
-2.921588E+0
-2.911298E+0
-2.895128E+0
-2.874548E+0
-2.853968E+0
-2.833388E+0
-2.815748E+0
-2.802518E+0
-2.796638E+0
-2.798108E+0
-2.809868E+0
-2.830448E+0
-2.858378E+0
-2.892188E+0
-2.928938E+0
-2.967158E+0
-3.003908E+0
-3.034778E+0
-3.056828E+0
-3.072998E+0
-3.077408E+0
-3.074468E+0
-3.062708E+0
-3.043598E+0
-3.015668E+0
-2.983328E+0
-2.945108E+0
-2.903948E+0
-2.862788E+0
-2.823098E+0
-2.787818E+0
-2.759888E+0
-2.739308E+0
-2.729018E+0
-2.729018E+0
-2.737838E+0
-2.752538E+0
-2.773118E+0
-2.795168E+0
-2.817218E+0
-2.834858E+0
-2.848088E+0
-2.856908E+0
-2.859848E+0
-2.859848E+0
-2.858378E+0
-2.856908E+0
-2.858378E+0
-2.864258E+0
-2.874548E+0
-2.890718E+0
-2.912768E+0
-2.937758E+0
-2.965688E+0
-2.993618E+0
-3.024488E+0
-3.053888E+0
-3.083288E+0
-3.109748E+0
-3.134738E+0
-3.159728E+0
-3.180308E+0
-3.197948E+0
-3.208238E+0
-3.215588E+0
-3.217058E+0
-3.214118E+0
-3.208238E+0
-3.200888E+0
-3.192068E+0
-3.184718E+0
-3.175898E+0
-3.164138E+0
-3.150908E+0
-3.134738E+0
-3.117098E+0
-3.097988E+0
-3.083288E+0
-3.071528E+0
-3.068588E+0
-3.070058E+0
-3.077408E+0
-3.084758E+0
-3.087698E+0
-3.078878E+0
-3.052418E+0
-3.002438E+0
-2.927468E+0
-2.828978E+0
-2.711378E+0
-2.579078E+0
-2.440898E+0
-2.302718E+0
-2.173358E+0
-2.057228E+0
-1.960208E+0
-1.885238E+0
-1.835258E+0
-1.808798E+0
-1.805858E+0
-1.826438E+0
-1.880828E+0
-2.001368E+0
-2.201288E+0
-2.458538E+0
-2.748128E+0
-3.056828E+0
-3.375818E+0
-3.710978E+0
-4.065248E+0
-4.438628E+0
-4.831118E+0
-5.244188E+0
-5.676368E+0
-6.130598E+0
-6.606878E+0
-7.111088E+0
-7.650578E+0
-8.238578E+0
-8.898608E+0
-9.639488E+0
-1.053913E+1
-1.173277E+1
-1.360555E+1
-2.000005E+1
-2.000005E+1
-2.000005E+1
-2.000005E+1
-2.000005E+1
-2.000005E+1
-2.000005E+1
-2.000005E+1
-2.000005E+1
-2.000005E+1
-2.000005E+1
-2.000005E+1
-2.000005E+1
-2.000005E+1
-2.000005E+1
-2.000005E+1
-2.000005E+1
-2.000005E+1
-2.000005E+1
-2.000005E+1
-2.000005E+1
-2.000005E+1
-2.000005E+1
-2.000005E+1
-2.000005E+1
-2.000005E+1
-2.000005E+1
-2.000005E+1
-2.000005E+1
-2.000005E+1
-2.000005E+1
-2.000005E+1
-2.000005E+1
-2.000005E+1
-2.000005E+1
-2.000005E+1
-2.000005E+1
-2.000005E+1
-2.000005E+1
-2.000005E+1
-2.000005E+1
-1.301020E+1
-1.093456E+1
-9.811478E+0
-9.089708E+0
-8.604608E+0
-8.297378E+0
-8.125388E+0
-8.088638E+0
-8.181248E+0
-8.388518E+0
-8.722208E+0
-9.238178E+0
-9.955538E+0
-1.107274E+1
-1.319101E+1
-2.000005E+1
-2.000005E+1
-2.000005E+1
-2.000005E+1
-2.000005E+1
-2.000005E+1
-2.000005E+1
-2.000005E+1
-1.384663E+1
-1.204441E+1
-1.114477E+1
-1.062439E+1
-1.030099E+1
-1.010989E+1
-1.002169E+1
-1.002169E+1
-1.013341E+1
-1.035244E+1
-1.071259E+1
-1.129765E+1
-1.227961E+1
-1.443022E+1
-2.000005E+1
-2.000005E+1
-2.000005E+1
-2.000005E+1
-2.000005E+1
-2.000005E+1
-2.000005E+1
-2.000005E+1
-2.000005E+1
-1.499911E+1
-1.319101E+1
-1.240750E+1
-1.188271E+1
-1.150492E+1
-1.125796E+1
-1.118152E+1
-1.121974E+1
-1.141966E+1
-1.183273E+1
-1.254274E+1
-1.397893E+1
-2.000005E+1
-2.000005E+1
-2.000005E+1
-2.000005E+1
-2.000005E+1
-2.000005E+1
-2.000005E+1
-2.000005E+1
-2.000005E+1
-1.698949E+1
-1.577380E+1
-1.610896E+1
-1.761424E+1
-2.000005E+1
-2.000005E+1
-2.000005E+1
-2.000005E+1
-2.000005E+1
-2.000005E+1
-1.522843E+1
-1.328803E+1
-1.215907E+1
-1.137850E+1
-1.074346E+1
-1.022749E+1
-9.811478E+0
-9.429278E+0
-9.104408E+0
-8.808938E+0
-8.560508E+0
-8.378228E+0
-8.267978E+0
-8.209178E+0
-8.209178E+0
-8.287088E+0
-8.450258E+0
-8.686928E+0
-9.005918E+0
-9.396938E+0
-9.893798E+0
-1.051120E+1
-1.133734E+1
-1.247365E+1
-1.443022E+1
-2.000005E+1
-2.000005E+1
-2.000005E+1
-2.000005E+1
-2.000005E+1
-2.000005E+1
-2.000005E+1
-2.000005E+1
-2.000005E+1
-2.000005E+1
-2.000005E+1
-2.000005E+1
-2.000005E+1
-2.000005E+1
-2.000005E+1
-2.000005E+1
-2.000005E+1
-2.000005E+1
-2.000005E+1
-2.000005E+1
-2.000005E+1
-2.000005E+1
-2.000005E+1
-2.000005E+1
-2.000005E+1
-2.000005E+1
-2.000005E+1
-2.000005E+1
-1.479331E+1
-1.204441E+1
-1.086841E+1
-1.015693E+1
-9.639488E+0
-9.252878E+0
-8.911838E+0
-8.628128E+0
-8.388518E+0
-8.209178E+0
-8.088638E+0
-8.035718E+0
-8.062178E+0
-8.181248E+0
-8.398808E+0
-8.747198E+0
-9.238178E+0
-9.914378E+0
-1.083607E+1
-1.221787E+1
-1.460368E+1
-2.000005E+1
-2.000005E+1
-2.000005E+1
-2.000005E+1
-2.000005E+1
-2.000005E+1
-2.000005E+1
-2.000005E+1
-2.000005E+1
-2.000005E+1
-2.000005E+1
-2.000005E+1
-2.000005E+1
-2.000005E+1
-2.000005E+1
-2.000005E+1
-2.000005E+1
-2.000005E+1
-2.000005E+1
-2.000005E+1
-2.000005E+1
-2.000005E+1
-2.000005E+1
-2.000005E+1
-2.000005E+1
-2.000005E+1
-2.000005E+1
-2.000005E+1
-2.000005E+1
-2.000005E+1
-2.000005E+1
-2.000005E+1
-2.000005E+1
-2.000005E+1
-2.000005E+1
-2.000005E+1
-2.000005E+1
-2.000005E+1
-2.000005E+1
-2.000005E+1
-2.000005E+1
-2.000005E+1
-2.000005E+1
-2.000005E+1
-2.000005E+1
-2.000005E+1
-2.000005E+1
-1.577380E+1
-1.268680E+1
-1.159312E+1
-1.096837E+1
-1.059499E+1
-1.035244E+1
-1.018045E+1
-1.004374E+1
-9.977588E+0
-9.955538E+0
-9.999638E+0
-1.010989E+1
-1.027747E+1
-1.056706E+1
-1.093456E+1
-1.141966E+1
-1.188271E+1
-1.221787E+1
-1.227961E+1
-1.204441E+1
-1.163869E+1
-1.114477E+1
-1.071259E+1
-1.037743E+1
-1.018045E+1
-1.010989E+1
-1.010989E+1
-1.015693E+1
-1.022749E+1
-1.022749E+1
-1.010989E+1
-9.832058E+0
-9.463088E+0
-9.047078E+0
-8.651648E+0
-8.316488E+0
-8.070998E+0
-7.923998E+0
-7.866668E+0
-7.915178E+0
-8.062178E+0
-8.287088E+0
-8.570798E+0
-8.898608E+0
-9.207308E+0
-9.480728E+0
-9.676238E+0
-9.811478E+0
-9.914378E+0
-1.004374E+1
-1.020397E+1
-1.045681E+1
-1.071259E+1
-1.093456E+1
-1.103746E+1
-1.096837E+1
-1.077433E+1
-1.048327E+1
-1.018045E+1
-9.955538E+0
-9.792368E+0
-9.752678E+0
-9.792368E+0
-9.914378E+0
-1.008784E+1
-1.030099E+1
-1.053913E+1
-1.074346E+1
-1.090222E+1
-1.103746E+1
-1.114477E+1
-1.133734E+1
-1.168573E+1
-1.221787E+1
-1.309840E+1
-1.460368E+1
-1.849477E+1
-2.000005E+1
-2.000005E+1
-1.650439E+1
-1.328803E+1
-1.173277E+1
-1.068319E+1
-9.934958E+0
-9.396938E+0
-8.977988E+0
-8.675168E+0
-8.450258E+0
-8.276798E+0
-8.153318E+0
-8.088638E+0
-8.070998E+0
-8.116568E+0
-8.228288E+0
-8.439968E+0
-8.758958E+0
-9.238178E+0
-9.914378E+0
-1.096837E+1
-1.301020E+1
-2.000005E+1
-2.000005E+1
-2.000005E+1
-2.000005E+1
-2.000005E+1
-2.000005E+1
-2.000005E+1
-2.000005E+1
-2.000005E+1
-2.000005E+1
-2.000005E+1
-1.761424E+1
-1.548421E+1
-1.522843E+1
-1.522843E+1
-1.577380E+1
-1.548421E+1
-1.479331E+1
-1.397893E+1
-1.309840E+1
-1.240750E+1
-1.178275E+1
-1.125796E+1
-1.083607E+1
-1.053913E+1
-1.030099E+1
-1.015693E+1
-1.008784E+1
-1.008784E+1
-1.022749E+1
-1.045681E+1
-1.083607E+1
-1.133734E+1
-1.204441E+1
-1.301020E+1
-1.443022E+1
-1.650439E+1
-2.000005E+1
-2.000005E+1
-2.000005E+1
-2.000005E+1
-2.000005E+1
-2.000005E+1
-2.000005E+1
-2.000005E+1
-2.000005E+1
-2.000005E+1
-2.000005E+1
-2.000005E+1
-2.000005E+1
-2.000005E+1
-2.000005E+1
-2.000005E+1
-2.000005E+1
-1.411858E+1
-1.301020E+1
-1.284262E+1
-1.349383E+1
-1.610896E+1
-2.000005E+1
-2.000005E+1
-2.000005E+1
-2.000005E+1
-2.000005E+1
-2.000005E+1
-2.000005E+1
-2.000005E+1
-2.000005E+1
-2.000005E+1
-2.000005E+1
-2.000005E+1
-1.261330E+1
-1.107274E+1
-1.020397E+1
-9.639488E+0
-9.222008E+0
-8.925068E+0
-8.710448E+0
-8.582558E+0
-8.538458E+0
-8.582558E+0
-8.735438E+0
-8.992688E+0
-9.429278E+0
-1.006579E+1
-1.100218E+1
-1.254274E+1
-1.650439E+1
-2.000005E+1
-2.000005E+1
-2.000005E+1
-2.000005E+1
-2.000005E+1
-2.000005E+1
-2.000005E+1
-2.000005E+1
-2.000005E+1
-2.000005E+1
-2.000005E+1
-2.000005E+1
-2.000005E+1
-2.000005E+1
-2.000005E+1
-2.000005E+1
-2.000005E+1
-2.000005E+1
-2.000005E+1
-2.000005E+1
-2.000005E+1
-2.000005E+1
-2.000005E+1
-2.000005E+1
-2.000005E+1
-2.000005E+1
-2.000005E+1
-2.000005E+1
-2.000005E+1
-2.000005E+1
-2.000005E+1
-1.268680E+1
-1.110802E+1
-1.022749E+1
-9.676238E+0
-9.330788E+0
-9.148508E+0
-9.089708E+0
-9.148508E+0
-9.316088E+0
-9.567458E+0
-9.893798E+0
-1.022749E+1
-1.053913E+1
-1.068319E+1
-1.065379E+1
-1.040389E+1
-1.008784E+1
-9.792368E+0
-9.602738E+0
-9.549818E+0
-9.714458E+0
-1.013341E+1
-1.100218E+1
-1.319101E+1
-2.000005E+1
-2.000005E+1
-2.000005E+1
-2.000005E+1
-2.000005E+1
-2.000005E+1
-2.000005E+1
-2.000005E+1
-2.000005E+1
-2.000005E+1
-2.000005E+1
-2.000005E+1
-2.000005E+1
-2.000005E+1
-1.761424E+1
-1.328803E+1
-1.168573E+1
-1.065379E+1
-9.873218E+0
-9.299918E+0
-8.872148E+0
-8.582558E+0
-8.398808E+0
-8.316488E+0
-8.347358E+0
-8.482598E+0
-8.772188E+0
-9.252878E+0
-1.004374E+1
-1.154902E+1
-2.000005E+1
-2.000005E+1
-2.000005E+1
-2.000005E+1
-2.000005E+1
-2.000005E+1
-2.000005E+1
-2.000005E+1
-2.000005E+1
-2.000005E+1
-2.000005E+1
-2.000005E+1
-2.000005E+1
-2.000005E+1
-2.000005E+1
-2.000005E+1
-2.000005E+1
-2.000005E+1
-2.000005E+1
-2.000005E+1
-2.000005E+1
-2.000005E+1
-2.000005E+1
-2.000005E+1
-2.000005E+1
-2.000005E+1
-2.000005E+1
-2.000005E+1
-1.338799E+1
-1.183273E+1
-1.096837E+1
-1.040389E+1
-1.008784E+1
-9.977588E+0
-1.004374E+1
-1.035244E+1
-1.096837E+1
-1.227961E+1
-1.761424E+1
-2.000005E+1
-2.000005E+1
-2.000005E+1
-2.000005E+1
-2.000005E+1
-2.000005E+1
-2.000005E+1
-2.000005E+1
-2.000005E+1
-2.000005E+1
-2.000005E+1
-2.000005E+1
-2.000005E+1
-2.000005E+1
-2.000005E+1
-2.000005E+1
-2.000005E+1
-1.548421E+1
-1.268680E+1
-1.159312E+1
-1.090222E+1
-1.045681E+1
-1.018045E+1
-9.999638E+0
-9.893798E+0
-9.873218E+0
-9.893798E+0
-9.977588E+0
-1.015693E+1
-1.043035E+1
-1.083607E+1
-1.141966E+1
-1.234135E+1
-1.397893E+1
-2.000005E+1
-2.000005E+1
-2.000005E+1
-2.000005E+1
-2.000005E+1
-2.000005E+1
-2.000005E+1
-2.000005E+1
-2.000005E+1
-2.000005E+1
-2.000005E+1
-2.000005E+1
-2.000005E+1
-2.000005E+1
-2.000005E+1
-2.000005E+1
-2.000005E+1
-2.000005E+1
-2.000005E+1
-2.000005E+1
-2.000005E+1
-2.000005E+1
-2.000005E+1
-2.000005E+1
-2.000005E+1
-2.000005E+1
-2.000005E+1
-2.000005E+1
-2.000005E+1
-2.000005E+1
-2.000005E+1
-2.000005E+1
-2.000005E+1
-2.000005E+1
-2.000005E+1
-2.000005E+1
-2.000005E+1
-1.610896E+1
-1.360555E+1
-1.234135E+1
-1.150492E+1
-1.090222E+1
-1.043035E+1
-1.006579E+1
-9.752678E+0
-9.514538E+0
-9.363128E+0
-9.283748E+0
-9.283748E+0
-9.363128E+0
-9.514538E+0
-9.714458E+0
-9.934958E+0
-1.010989E+1
-1.020397E+1
-1.015693E+1
-9.977588E+0
-9.733568E+0
-9.463088E+0
-9.222008E+0
-9.033848E+0
-8.911838E+0
-8.833928E+0
-8.808938E+0
-8.808938E+0
-8.822168E+0
-8.822168E+0
-8.822168E+0
-8.795708E+0
-8.795708E+0
-8.808938E+0
-8.872148E+0
-8.977988E+0
-9.148508E+0
-9.379298E+0
-9.676238E+0
-1.004374E+1
-1.045681E+1
-1.090222E+1
-1.146082E+1
-1.221787E+1
-1.338799E+1
-1.698949E+1
-2.000005E+1
-2.000005E+1
-2.000005E+1
-2.000005E+1
-2.000005E+1
-2.000005E+1
-2.000005E+1
-2.000005E+1
-2.000005E+1
-1.411858E+1
-1.221787E+1
-1.121974E+1
-1.062439E+1
-1.020397E+1
-9.893798E+0
-9.658598E+0
-9.480728E+0
-9.316088E+0
-9.192608E+0
-9.075008E+0
-8.992688E+0
-8.951528E+0
-8.951528E+0
-9.033848E+0
-9.192608E+0
-9.463088E+0
-9.893798E+0
-1.053913E+1
-1.159312E+1
-1.349383E+1
-2.000005E+1
-2.000005E+1
-2.000005E+1
-2.000005E+1
-1.577380E+1
-1.188271E+1
-1.030099E+1
-9.283748E+0
-8.570798E+0
-8.062178E+0
-7.694678E+0
-7.446248E+0
-7.284548E+0
-7.205168E+0
-7.193408E+0
-7.236038E+0
-7.334528E+0
-7.472708E+0
-7.650578E+0
-7.874018E+0
-8.134208E+0
-8.439968E+0
-8.795708E+0
-9.207308E+0
-9.714458E+0
-1.035244E+1
-1.129765E+1
-1.309840E+1
-2.000005E+1
-2.000005E+1
-2.000005E+1
-2.000005E+1
-2.000005E+1
-2.000005E+1
-2.000005E+1
-2.000005E+1
-2.000005E+1
-2.000005E+1
-2.000005E+1
-1.372315E+1
-1.247365E+1
-1.210027E+1
-1.221787E+1
-1.261330E+1
-1.338799E+1
-1.443022E+1
-1.548421E+1
-1.499911E+1
-1.349383E+1
-1.227961E+1
-1.129765E+1
-1.062439E+1
-1.013341E+1
-9.832058E+0
-9.695348E+0
-9.695348E+0
-9.832058E+0
-1.008784E+1
-1.045681E+1
-1.096837E+1
-1.168573E+1
-1.284262E+1
-1.548421E+1
-2.000005E+1
-2.000005E+1
-2.000005E+1
-2.000005E+1
-2.000005E+1
-2.000005E+1
-2.000005E+1
-2.000005E+1
-2.000005E+1
-2.000005E+1
-2.000005E+1
-2.000005E+1
-2.000005E+1
-2.000005E+1
-2.000005E+1
-2.000005E+1
-2.000005E+1
-2.000005E+1
-2.000005E+1
-2.000005E+1
-2.000005E+1
-2.000005E+1
-2.000005E+1
-1.460368E+1
-1.198855E+1
-1.090222E+1
-1.025248E+1
-9.811478E+0
-9.514538E+0
-9.316088E+0
-9.192608E+0
-9.104408E+0
-9.047078E+0
-9.019148E+0
-9.019148E+0
-9.033848E+0
-9.075008E+0
-9.119108E+0
-9.192608E+0
-9.269048E+0
-9.379298E+0
-9.480728E+0
-9.602738E+0
-9.714458E+0
-9.873218E+0
-1.004374E+1
-1.025248E+1
-1.053913E+1
-1.093456E+1
-1.154902E+1
-1.254274E+1
-1.522843E+1
-2.000005E+1
-2.000005E+1
-2.000005E+1
-2.000005E+1
-2.000005E+1
-2.000005E+1
-2.000005E+1
-2.000005E+1
-2.000005E+1
-2.000005E+1
-2.000005E+1
-2.000005E+1
-2.000005E+1
-2.000005E+1
-2.000005E+1
-2.000005E+1
-2.000005E+1
-2.000005E+1
-1.499911E+1
-1.301020E+1
-1.188271E+1
-1.110802E+1
-1.048327E+1
-9.977588E+0
-9.621848E+0
-9.346958E+0
-9.192608E+0
-9.119108E+0
-9.104408E+0
-9.163208E+0
-9.283748E+0
-9.429278E+0
-9.602738E+0
-9.773258E+0
-9.914378E+0
-1.002169E+1
-1.002169E+1
-9.934958E+0
-9.733568E+0
-9.496898E+0
-9.238178E+0
-8.977988E+0
-8.747198E+0
-8.582558E+0
-8.482598E+0
-8.450258E+0
-8.516408E+0
-8.663408E+0
-8.911838E+0
-9.252878E+0
-9.714458E+0
-1.032745E+1
-1.110802E+1
-1.215907E+1
-1.384663E+1
-2.000005E+1
-2.000005E+1
-2.000005E+1
-2.000005E+1
-2.000005E+1
-2.000005E+1
-2.000005E+1
-2.000005E+1
-2.000005E+1
-2.000005E+1
-1.548421E+1
-1.397893E+1
-1.397893E+1
-1.577380E+1
-2.000005E+1
-2.000005E+1
-2.000005E+1
-2.000005E+1
-2.000005E+1
-2.000005E+1
-2.000005E+1
-2.000005E+1
-2.000005E+1
-2.000005E+1
-2.000005E+1
-2.000005E+1
-2.000005E+1
-2.000005E+1
-2.000005E+1
-2.000005E+1
-1.548421E+1
-1.426852E+1
-1.397893E+1
-1.397893E+1
-1.411858E+1
-1.443022E+1
-1.499911E+1
-1.610896E+1
-2.000005E+1
-2.000005E+1
-2.000005E+1
-2.000005E+1
-2.000005E+1
-2.000005E+1
-2.000005E+1
-2.000005E+1
-2.000005E+1
-2.000005E+1
-2.000005E+1
-2.000005E+1
-2.000005E+1
-2.000005E+1
-2.000005E+1
-2.000005E+1
-2.000005E+1
-2.000005E+1
-2.000005E+1
-2.000005E+1
-2.000005E+1
-2.000005E+1
-2.000005E+1
-2.000005E+1
-2.000005E+1
-2.000005E+1
-2.000005E+1
-2.000005E+1
-2.000005E+1
-2.000005E+1
-2.000005E+1
-2.000005E+1
-2.000005E+1
-1.548421E+1
-1.276324E+1
-1.183273E+1
-1.133734E+1
-1.103746E+1
-1.080520E+1
-1.056706E+1
-1.030099E+1
-1.002169E+1
-9.733568E+0
-9.463088E+0
-9.222008E+0
-9.019148E+0
-8.885378E+0
-8.822168E+0
-8.822168E+0
-8.898608E+0
-9.019148E+0
-9.192608E+0
-9.396938E+0
-9.602738E+0
-9.811478E+0
-9.955538E+0
-1.008784E+1
-1.018045E+1
-1.032745E+1
-1.051120E+1
-1.083607E+1
-1.129765E+1
-1.193563E+1
-1.292494E+1
-1.443022E+1
-1.610896E+1
-1.698949E+1
-1.548421E+1
-1.397893E+1
-1.284262E+1
-1.210027E+1
-1.163869E+1
-1.141966E+1
-1.141966E+1
-1.159312E+1
-1.188271E+1
-1.234135E+1
-1.292494E+1
-1.338799E+1
-1.349383E+1
-1.319101E+1
-1.268680E+1
-1.204441E+1
-1.146082E+1
-1.100218E+1
-1.071259E+1
-1.053913E+1
-1.051120E+1
-1.062439E+1
-1.093456E+1
-1.150492E+1
-1.254274E+1
-1.479331E+1
-2.000005E+1
-2.000005E+1
-2.000005E+1
-2.000005E+1
-2.000005E+1
-2.000005E+1
-2.000005E+1
-2.000005E+1
-2.000005E+1
-1.397893E+1
-1.183273E+1
-1.086841E+1
-1.032745E+1
-9.999638E+0
-9.852638E+0
-9.832058E+0
-9.914378E+0
-1.006579E+1
-1.025248E+1
-1.045681E+1
-1.065379E+1
-1.080520E+1
-1.093456E+1
-1.100218E+1
-1.103746E+1
-1.107274E+1
-1.110802E+1
-1.110802E+1
-1.114477E+1
-1.129765E+1
-1.154902E+1
-1.204441E+1
-1.284262E+1
-1.443022E+1
-2.000005E+1
-2.000005E+1
-2.000005E+1
-2.000005E+1
-2.000005E+1
-2.000005E+1
-2.000005E+1
-2.000005E+1
-2.000005E+1
-2.000005E+1
-1.761424E+1
-1.761424E+1
-1.849477E+1
-2.000005E+1
-2.000005E+1
-2.000005E+1
-2.000005E+1
-2.000005E+1
-2.000005E+1
-2.000005E+1
-2.000005E+1
-2.000005E+1
-2.000005E+1
-2.000005E+1
-2.000005E+1
-2.000005E+1
-2.000005E+1
-2.000005E+1
-2.000005E+1
-2.000005E+1
-2.000005E+1
-2.000005E+1
-2.000005E+1
-2.000005E+1
-2.000005E+1
-1.349383E+1
-1.193563E+1
-1.114477E+1
-1.062439E+1
-1.027747E+1
-1.008784E+1
-9.977588E+0
-9.934958E+0
-9.934958E+0
-9.955538E+0
-9.977588E+0
-1.002169E+1
-1.010989E+1
-1.022749E+1
-1.040389E+1
-1.071259E+1
-1.114477E+1
-1.193563E+1
-1.349383E+1
-2.000005E+1
-2.000005E+1
-2.000005E+1
-2.000005E+1
-2.000005E+1
-2.000005E+1
-2.000005E+1
-2.000005E+1
-2.000005E+1
-2.000005E+1
-2.000005E+1
-2.000005E+1
-2.000005E+1
-2.000005E+1
-1.479331E+1
-1.276324E+1
-1.173277E+1
-1.103746E+1
-1.048327E+1
-1.004374E+1
-9.676238E+0
-9.429278E+0
-9.283748E+0
-9.222008E+0
-9.283748E+0
-9.429278E+0
-9.714458E+0
-1.013341E+1
-1.077433E+1
-1.163869E+1
-1.301020E+1
-1.610896E+1
-2.000005E+1
-2.000005E+1
-2.000005E+1
-2.000005E+1
-2.000005E+1
-1.849477E+1
-1.360555E+1
-1.210027E+1
-1.133734E+1
-1.083607E+1
-1.062439E+1
-1.056706E+1
-1.074346E+1
-1.110802E+1
-1.173277E+1
-1.284262E+1
-1.499911E+1
-2.000005E+1
-2.000005E+1
-2.000005E+1
-2.000005E+1
-2.000005E+1
-2.000005E+1
-1.548421E+1
-1.276324E+1
-1.146082E+1
-1.065379E+1
-1.013341E+1
-9.811478E+0
-9.658598E+0
-9.658598E+0
-9.811478E+0
-1.010989E+1
-1.051120E+1
-1.100218E+1
-1.146082E+1
-1.168573E+1
-1.163869E+1
-1.129765E+1
-1.090222E+1
-1.051120E+1
-1.022749E+1
-1.004374E+1
-9.934958E+0
-9.934958E+0
-1.002169E+1
-1.015693E+1
-1.035244E+1
-1.059499E+1
-1.086841E+1
-1.125796E+1
-1.178275E+1
-1.247365E+1
-1.372315E+1
-1.698949E+1
-2.000005E+1
-2.000005E+1
-2.000005E+1
-2.000005E+1
-2.000005E+1
-2.000005E+1
-2.000005E+1
-2.000005E+1
-2.000005E+1
-2.000005E+1
-2.000005E+1
-2.000005E+1
-2.000005E+1
-2.000005E+1
-2.000005E+1
-2.000005E+1
-2.000005E+1
-2.000005E+1
-2.000005E+1
-2.000005E+1
-2.000005E+1
-2.000005E+1
-1.234135E+1
-1.096837E+1
-1.032745E+1
-1.006579E+1
-1.006579E+1
-1.032745E+1
-1.080520E+1
-1.159312E+1
-1.276324E+1
-1.522843E+1
-2.000005E+1
-2.000005E+1
-2.000005E+1
-2.000005E+1
-2.000005E+1
-1.411858E+1
-1.210027E+1
-1.090222E+1
-9.999638E+0
-9.269048E+0
-8.675168E+0
-8.190068E+0
-7.801988E+0
-7.493288E+0
-7.266908E+0
-7.116968E+0
-7.049348E+0
-7.055228E+0
-7.134608E+0
-7.284548E+0
-7.500638E+0
-7.771118E+0
-8.070998E+0
-8.388518E+0
-8.675168E+0
-8.872148E+0
-8.951528E+0
-8.938298E+0
-8.847158E+0
-8.710448E+0
-8.570798E+0
-8.429678E+0
-8.326778E+0
-8.238578E+0
-8.170958E+0
-8.107748E+0
-8.035718E+0
-7.966628E+0
-7.915178E+0
-7.866668E+0
-7.834328E+0
-7.810808E+0
-7.818158E+0
-7.850498E+0
-7.907828E+0
-7.966628E+0
-8.035718E+0
-8.116568E+0
-8.209178E+0
-8.316488E+0
-8.439968E+0
-8.582558E+0
-8.783948E+0
-9.047078E+0
-9.379298E+0
-9.792368E+0
-1.032745E+1
-1.103746E+1
-1.198855E+1
-1.328803E+1
-1.548421E+1
-2.000005E+1
-2.000005E+1
-2.000005E+1
-2.000005E+1
-1.761424E+1
-1.460368E+1
-1.328803E+1
-1.254274E+1
-1.215907E+1
-1.210027E+1
-1.254274E+1
-1.360555E+1
-1.849477E+1
-2.000005E+1
-2.000005E+1
-2.000005E+1
-2.000005E+1
-2.000005E+1
-2.000005E+1
-2.000005E+1
-2.000005E+1
-2.000005E+1
-2.000005E+1
-2.000005E+1
-2.000005E+1
-2.000005E+1
-2.000005E+1
-2.000005E+1
-2.000005E+1
-2.000005E+1
-2.000005E+1
-2.000005E+1
-2.000005E+1
-2.000005E+1
-2.000005E+1
-2.000005E+1
-2.000005E+1
-2.000005E+1
-1.426852E+1
-1.210027E+1
-1.114477E+1
-1.059499E+1
-1.025248E+1
-1.006579E+1
-1.002169E+1
-1.010989E+1
-1.032745E+1
-1.077433E+1
-1.154902E+1
-1.319101E+1
-2.000005E+1
-2.000005E+1
-2.000005E+1
-2.000005E+1
-2.000005E+1
-2.000005E+1
-2.000005E+1
-2.000005E+1
-2.000005E+1
-2.000005E+1
-2.000005E+1
-2.000005E+1
-2.000005E+1
-2.000005E+1
-2.000005E+1
-2.000005E+1
-2.000005E+1
-2.000005E+1
-2.000005E+1
-2.000005E+1
-2.000005E+1
-1.548421E+1
-1.301020E+1
-1.198855E+1
-1.137850E+1
-1.096837E+1
-1.068319E+1
-1.051120E+1
-1.040389E+1
-1.037743E+1
-1.040389E+1
-1.048327E+1
-1.062439E+1
-1.080520E+1
-1.107274E+1
-1.146082E+1
-1.198855E+1
-1.284262E+1
-1.443022E+1
-2.000005E+1
-2.000005E+1
-2.000005E+1
-2.000005E+1
-2.000005E+1
-2.000005E+1
-2.000005E+1
-2.000005E+1
-2.000005E+1
-2.000005E+1
-2.000005E+1
-2.000005E+1
-2.000005E+1
-2.000005E+1
-2.000005E+1
-2.000005E+1
-2.000005E+1
-2.000005E+1
-1.349383E+1
-1.210027E+1
-1.150492E+1
-1.121974E+1
-1.121974E+1
-1.150492E+1
-1.210027E+1
-1.328803E+1
-1.761424E+1
-2.000005E+1
-2.000005E+1
-2.000005E+1
-2.000005E+1
-2.000005E+1
-2.000005E+1
-2.000005E+1
-2.000005E+1
-2.000005E+1
-2.000005E+1
-2.000005E+1
-2.000005E+1
-2.000005E+1
-2.000005E+1
-2.000005E+1
-2.000005E+1
-2.000005E+1
-2.000005E+1
-2.000005E+1
-2.000005E+1
-2.000005E+1
-2.000005E+1
-2.000005E+1
-2.000005E+1
-2.000005E+1
-2.000005E+1
-2.000005E+1
-2.000005E+1
-2.000005E+1
-2.000005E+1
-2.000005E+1
-2.000005E+1
-2.000005E+1
-2.000005E+1
-2.000005E+1
-2.000005E+1
-2.000005E+1
-2.000005E+1
-2.000005E+1
-2.000005E+1
-2.000005E+1
-2.000005E+1
-2.000005E+1
-2.000005E+1
-2.000005E+1
-2.000005E+1
-2.000005E+1
-2.000005E+1
-2.000005E+1
-2.000005E+1
-2.000005E+1
-2.000005E+1
-2.000005E+1
-2.000005E+1
-2.000005E+1
-2.000005E+1
-1.479331E+1
-1.221787E+1
-1.100218E+1
-1.022749E+1
-9.676238E+0
-9.316088E+0
-9.104408E+0
-9.033848E+0
-9.104408E+0
-9.330788E+0
-9.676238E+0
-1.020397E+1
-1.083607E+1
-1.154902E+1
-1.215907E+1
-1.240750E+1
-1.227961E+1
-1.198855E+1
-1.173277E+1
-1.168573E+1
-1.188271E+1
-1.254274E+1
-1.443022E+1
-2.000005E+1
-2.000005E+1
-2.000005E+1
-2.000005E+1
-2.000005E+1
-2.000005E+1
-2.000005E+1
-2.000005E+1
-2.000005E+1
-2.000005E+1
-2.000005E+1
-2.000005E+1
-2.000005E+1
-2.000005E+1
-2.000005E+1
-2.000005E+1
-2.000005E+1
-2.000005E+1
-2.000005E+1
-2.000005E+1
-2.000005E+1
-2.000005E+1
-2.000005E+1
-2.000005E+1
-1.426852E+1
-1.284262E+1
-1.254274E+1
-1.292494E+1
-1.443022E+1
-2.000005E+1
-2.000005E+1
-2.000005E+1
-2.000005E+1
-2.000005E+1
-2.000005E+1
-2.000005E+1
-2.000005E+1
-2.000005E+1
-2.000005E+1
-2.000005E+1
-2.000005E+1
-2.000005E+1
-2.000005E+1
-2.000005E+1
-2.000005E+1
-1.397893E+1
-1.188271E+1
-1.096837E+1
-1.045681E+1
-1.013341E+1
-9.914378E+0
-9.733568E+0
-9.567458E+0
-9.396938E+0
-9.238178E+0
-9.104408E+0
-8.977988E+0
-8.911838E+0
-8.885378E+0
-8.925068E+0
-9.061778E+0
-9.299918E+0
-9.658598E+0
-1.018045E+1
-1.093456E+1
-1.204441E+1
-1.426852E+1
-2.000005E+1
-2.000005E+1
-2.000005E+1
-2.000005E+1
-2.000005E+1
-1.460368E+1
-1.193563E+1
-1.062439E+1
-9.773258E+0
-9.222008E+0
-8.872148E+0
-8.698688E+0
-8.639888E+0
-8.722208E+0
-8.938298E+0
-9.299918E+0
-9.792368E+0
-1.040389E+1
-1.114477E+1
-1.204441E+1
-1.309840E+1
-1.426852E+1
-1.548421E+1
-1.650439E+1
-1.698949E+1
-1.698949E+1
-1.577380E+1
-1.479331E+1
-1.360555E+1
-1.276324E+1
-1.188271E+1
-1.114477E+1
-1.051120E+1
-9.955538E+0
-9.463088E+0
-9.061778E+0
-8.722208E+0
-8.472308E+0
-8.306198E+0
-8.219468E+0
-8.190068E+0
-8.228288E+0
-8.306198E+0
-8.409098E+0
-8.504648E+0
-8.570798E+0
-8.604608E+0
-8.604608E+0
-8.582558E+0
-8.560508E+0
-8.570798E+0
-8.616368E+0
-8.710448E+0
-8.858918E+0
-9.047078E+0
-9.283748E+0
-9.549818E+0
-9.852638E+0
-1.015693E+1
-1.048327E+1
-1.077433E+1
-1.107274E+1
-1.129765E+1
-1.141966E+1
-1.146082E+1
-1.141966E+1
-1.146082E+1
-1.159312E+1
-1.193563E+1
-1.261330E+1
-1.411858E+1
-2.000005E+1
-2.000005E+1
-2.000005E+1
-2.000005E+1
-2.000005E+1
-2.000005E+1
-2.000005E+1
-2.000005E+1
-2.000005E+1
-2.000005E+1
-1.761424E+1
-1.292494E+1
-1.146082E+1
-1.053913E+1
-9.893798E+0
-9.413108E+0
-9.047078E+0
-8.795708E+0
-8.639888E+0
-8.548748E+0
-8.538458E+0
-8.582558E+0
-8.686928E+0
-8.822168E+0
-9.005918E+0
-9.222008E+0
-9.446918E+0
-9.695348E+0
-9.955538E+0
-1.018045E+1
-1.040389E+1
-1.051120E+1
-1.053913E+1
-1.045681E+1
-1.032745E+1
-1.018045E+1
-1.004374E+1
-9.977588E+0
-9.977588E+0
-1.008784E+1
-1.032745E+1
-1.071259E+1
-1.121974E+1
-1.188271E+1
-1.261330E+1
-1.338799E+1
-1.397893E+1
-1.397893E+1
-1.360555E+1
-1.301020E+1
-1.234135E+1
-1.178275E+1
-1.133734E+1
-1.093456E+1
-1.056706E+1
-1.030099E+1
-1.008784E+1
-9.955538E+0
-9.873218E+0
-9.893798E+0
-1.002169E+1
-1.025248E+1
-1.062439E+1
-1.114477E+1
-1.193563E+1
-1.319101E+1
-1.610896E+1
-2.000005E+1
-2.000005E+1
-2.000005E+1
-2.000005E+1
-2.000005E+1
-2.000005E+1
-2.000005E+1
-2.000005E+1
-2.000005E+1
-2.000005E+1
-2.000005E+1
-2.000005E+1
-2.000005E+1
-2.000005E+1
-2.000005E+1
-2.000005E+1
-2.000005E+1
-2.000005E+1
-2.000005E+1
-2.000005E+1
-2.000005E+1
-2.000005E+1
-2.000005E+1
-2.000005E+1
-2.000005E+1
-2.000005E+1
-2.000005E+1
-2.000005E+1
-2.000005E+1
-2.000005E+1
-2.000005E+1
-2.000005E+1
-2.000005E+1
-2.000005E+1
-2.000005E+1
-2.000005E+1
-2.000005E+1
-2.000005E+1
-2.000005E+1
-2.000005E+1
-2.000005E+1
-2.000005E+1
-2.000005E+1
-2.000005E+1
-2.000005E+1
-2.000005E+1
-2.000005E+1
-2.000005E+1
-2.000005E+1
-2.000005E+1
-2.000005E+1
-2.000005E+1
-2.000005E+1
-2.000005E+1
-2.000005E+1
-2.000005E+1
-2.000005E+1
-2.000005E+1
-2.000005E+1
-2.000005E+1
-2.000005E+1
-1.426852E+1
-1.276324E+1
-1.188271E+1
-1.129765E+1
-1.093456E+1
-1.071259E+1
-1.059499E+1
-1.056706E+1
-1.062439E+1
-1.071259E+1
-1.083607E+1
-1.100218E+1
-1.118152E+1
-1.146082E+1
-1.188271E+1
-1.261330E+1
-1.384663E+1
-1.849477E+1
-2.000005E+1
-2.000005E+1
-2.000005E+1
-2.000005E+1
-2.000005E+1
-2.000005E+1
-2.000005E+1
-2.000005E+1
-2.000005E+1
-2.000005E+1
-2.000005E+1
-1.397893E+1
-1.247365E+1
-1.178275E+1
-1.137850E+1
-1.121974E+1
-1.125796E+1
-1.154902E+1
-1.221787E+1
-1.360555E+1
-2.000005E+1
-2.000005E+1
-2.000005E+1
-2.000005E+1
-2.000005E+1
-2.000005E+1
-2.000005E+1
-2.000005E+1
-2.000005E+1
-2.000005E+1
-1.650439E+1
-1.309840E+1
-1.193563E+1
-1.137850E+1
-1.103746E+1
-1.083607E+1
-1.077433E+1
-1.077433E+1
-1.086841E+1
-1.096837E+1
-1.110802E+1
-1.125796E+1
-1.141966E+1
-1.159312E+1
-1.168573E+1
-1.173277E+1
-1.159312E+1
-1.137850E+1
-1.103746E+1
-1.065379E+1
-1.022749E+1
-9.852638E+0
-9.532178E+0
-9.269048E+0
-9.061778E+0
-8.938298E+0
-8.872148E+0
-8.898608E+0
-9.005918E+0
-9.207308E+0
-9.549818E+0
-1.006579E+1
-1.086841E+1
-1.234135E+1
-1.849477E+1
-2.000005E+1
-2.000005E+1
-2.000005E+1
-2.000005E+1
-2.000005E+1
-2.000005E+1
-2.000005E+1
-2.000005E+1
-2.000005E+1
-2.000005E+1
-2.000005E+1
-2.000005E+1
-2.000005E+1
-2.000005E+1
-1.319101E+1
-1.141966E+1
-1.043035E+1
-9.733568E+0
-9.222008E+0
-8.872148E+0
-8.639888E+0
-8.516408E+0
-8.482598E+0
-8.548748E+0
-8.722208E+0
-9.033848E+0
-9.514538E+0
-1.027747E+1
-1.150492E+1
-1.479331E+1
-2.000005E+1
-2.000005E+1
-2.000005E+1
-2.000005E+1
-2.000005E+1
-2.000005E+1
-2.000005E+1
-2.000005E+1
-1.276324E+1
-1.096837E+1
-1.004374E+1
-9.463088E+0
-9.075008E+0
-8.808938E+0
-8.639888E+0
-8.526698E+0
-8.482598E+0
-8.482598E+0
-8.538458E+0
-8.639888E+0
-8.795708E+0
-9.005918E+0
-9.269048E+0
-9.585098E+0
-9.955538E+0
-1.040389E+1
-1.093456E+1
-1.154902E+1
-1.221787E+1
-1.309840E+1
-1.411858E+1
-1.548421E+1
-1.650439E+1
-1.610896E+1
-1.499911E+1
-1.384663E+1
-1.292494E+1
-1.221787E+1
-1.178275E+1
-1.154902E+1
-1.159312E+1
-1.188271E+1
-1.254274E+1
-1.397893E+1
-2.000005E+1
-2.000005E+1
-2.000005E+1
-2.000005E+1
-2.000005E+1
-2.000005E+1
-1.284262E+1
-1.086841E+1
-9.714458E+0
-8.951528E+0
-8.419388E+0
-8.070998E+0
-7.866668E+0
-7.794638E+0
-7.857848E+0
-8.044538E+0
-8.367938E+0
-8.822168E+0
-9.446918E+0
-1.020397E+1
-1.110802E+1
-1.210027E+1
-1.292494E+1
-1.328803E+1
-1.319101E+1
-1.284262E+1
-1.261330E+1
-1.240750E+1
-1.240750E+1
-1.254274E+1
-1.268680E+1
-1.276324E+1
-1.276324E+1
-1.268680E+1
-1.261330E+1
-1.254274E+1
-1.247365E+1
-1.240750E+1
-1.234135E+1
-1.234135E+1
-1.227961E+1
-1.210027E+1
-1.188271E+1
-1.163869E+1
-1.141966E+1
-1.125796E+1
-1.114477E+1
-1.110802E+1
-1.121974E+1
-1.141966E+1
-1.183273E+1
-1.247365E+1
-1.338799E+1
-1.479331E+1
-1.650439E+1
-1.761424E+1
-1.577380E+1
-1.372315E+1
-1.221787E+1
