Date/Time	2022-06-24 04:46:54
Line location	1
Line name	A1
OTDR wavelength [nm]	1550
OTDR pulse duration [ns]	2
OTDR scan time [s]	10
OTDR scan length [m]	1.500000E+2
Length offset [m]	0.000000E+0
Length increment [m]	3.996806E-2
Switch ID	VIAVI Solutions,OTU 8000E,11654,FO,16.76
OTDR ID	JDSU,OTU 8000E,11654,OTU(SmartOTU),V7.22

Reflected amplitude [dB]
8.494920E-1
8.362620E-1
7.951020E-1
7.348320E-1
6.760320E-1
6.260520E-1
5.848920E-1
5.554920E-1
5.334420E-1
5.407920E-1
6.010620E-1
7.142520E-1
8.774220E-1
1.065582E+0
1.244922E+0
1.393392E+0
1.506582E+0
1.588902E+0
1.647702E+0
1.682982E+0
1.684452E+0
1.646232E+0
1.574202E+0
1.481592E+0
1.371342E+0
1.243452E+0
1.103802E+0
9.509220E-1
7.892220E-1
6.348720E-1
4.952220E-1
3.732120E-1
2.673720E-1
1.777020E-1
1.012620E-1
3.805200E-2
-1.486800E-2
-5.749800E-2
-9.130800E-2
-1.192380E-1
-1.398180E-1
-1.559880E-1
-1.692180E-1
-1.795080E-1
-1.897980E-1
-1.986180E-1
-2.089080E-1
-2.191980E-1
-2.294880E-1
-2.383080E-1
-2.485980E-1
-2.559480E-1
-2.647680E-1
-2.706480E-1
-2.765280E-1
-2.824080E-1
-2.868180E-1
-2.897580E-1
-2.926980E-1
-2.956380E-1
-2.985780E-1
-3.015180E-1
-3.059280E-1
-3.118080E-1
-3.176880E-1
-3.235680E-1
-3.309180E-1
-3.367980E-1
-3.412080E-1
-3.441480E-1
-3.441480E-1
-3.397380E-1
-3.323880E-1
-3.206280E-1
-3.059280E-1
-2.897580E-1
-2.706480E-1
-2.530080E-1
-2.353680E-1
-2.191980E-1
-2.074380E-1
-1.986180E-1
-1.956780E-1
-1.956780E-1
-2.000880E-1
-2.089080E-1
-2.221380E-1
-2.353680E-1
-2.515380E-1
-2.691780E-1
-2.868180E-1
-3.044580E-1
-3.220980E-1
-3.397380E-1
-3.559080E-1
-3.720780E-1
-3.882480E-1
-4.029480E-1
-4.176480E-1
-4.308780E-1
-4.426380E-1
-4.543980E-1
-4.646880E-1
-4.735080E-1
-4.808580E-1
-4.867380E-1
-4.940880E-1
-4.999680E-1
-5.058480E-1
-5.131980E-1
-5.190780E-1
-5.264280E-1
-5.323080E-1
-5.367180E-1
-5.396580E-1
-5.411280E-1
-5.396580E-1
-5.367180E-1
-5.308380E-1
-5.220180E-1
-5.131980E-1
-5.043780E-1
-4.955580E-1
-4.867380E-1
-4.779180E-1
-4.720380E-1
-4.661580E-1
-4.632180E-1
-4.602780E-1
-4.588080E-1
-4.602780E-1
-4.632180E-1
-4.676280E-1
-4.749780E-1
-4.823280E-1
-4.911480E-1
-4.999680E-1
-5.087880E-1
-5.176080E-1
-5.249580E-1
-5.308380E-1
-5.352480E-1
-5.381880E-1
-5.396580E-1
-5.396580E-1
-4.867380E-1
-2.294880E-1
3.673320E-1
1.262562E+0
2.291562E+0
3.297042E+0
4.196682E+0
4.966962E+0
5.618172E+0
6.165012E+0
6.619242E+0
6.985272E+0
7.268982E+0
7.474782E+0
7.608552E+0
7.679112E+0
7.692342E+0
7.649712E+0
7.554162E+0
7.410102E+0
7.216062E+0
6.976452E+0
6.694212E+0
6.369342E+0
6.004782E+0
5.604942E+0
5.175702E+0
4.722942E+0
4.254012E+0
3.774792E+0
3.292632E+0
2.825172E+0
2.397402E+0
2.025492E+0
1.709442E+0
1.440432E+0
1.216992E+0
1.031772E+0
8.700720E-1
7.142520E-1
5.687220E-1
4.452420E-1
3.320520E-1
2.100420E-1
8.656200E-2
-2.368800E-2
-1.177680E-1
-1.956780E-1
-2.588880E-1
-3.103380E-1
-3.529680E-1
-3.867780E-1
-4.132380E-1
-4.338180E-1
-4.499880E-1
-4.617480E-1
-4.705680E-1
-4.793880E-1
-4.852680E-1
-4.926180E-1
-4.970280E-1
-5.014380E-1
-5.058480E-1
-5.073180E-1
-5.102580E-1
-5.102580E-1
-5.102580E-1
-5.102580E-1
-5.102580E-1
-5.102580E-1
-5.102580E-1
-5.117280E-1
-5.117280E-1
-5.131980E-1
-5.161380E-1
-5.176080E-1
-5.205480E-1
-5.234880E-1
-5.249580E-1
-5.278980E-1
-5.293680E-1
-5.293680E-1
-5.293680E-1
-5.293680E-1
-5.293680E-1
-5.278980E-1
-5.278980E-1
-5.264280E-1
-5.264280E-1
-5.264280E-1
-5.264280E-1
-5.264280E-1
-5.249580E-1
-5.234880E-1
-5.220180E-1
-5.205480E-1
-5.176080E-1
-5.146680E-1
-5.117280E-1
-5.087880E-1
-5.073180E-1
-5.043780E-1
-5.029080E-1
-5.014380E-1
-5.014380E-1
-5.014380E-1
-5.014380E-1
-5.043780E-1
-5.073180E-1
-5.102580E-1
-5.131980E-1
-5.176080E-1
-5.205480E-1
-5.220180E-1
-5.234880E-1
-5.234880E-1
-5.220180E-1
-5.190780E-1
-5.161380E-1
-5.117280E-1
-5.073180E-1
-5.029080E-1
-4.999680E-1
-4.970280E-1
-4.940880E-1
-4.940880E-1
-4.940880E-1
-4.970280E-1
-4.984980E-1
-5.014380E-1
-5.029080E-1
-5.029080E-1
-5.014380E-1
-4.999680E-1
-4.955580E-1
-4.911480E-1
-4.867380E-1
-4.823280E-1
-4.779180E-1
-4.749780E-1
-4.720380E-1
-4.705680E-1
-4.705680E-1
-4.705680E-1
-4.735080E-1
-4.764480E-1
-4.823280E-1
-4.882080E-1
-4.955580E-1
-5.029080E-1
-5.102580E-1
-5.161380E-1
-5.205480E-1
-5.234880E-1
-5.264280E-1
-5.264280E-1
-5.264280E-1
-5.264280E-1
-5.249580E-1
-5.234880E-1
-5.220180E-1
-5.220180E-1
-5.220180E-1
-5.234880E-1
-5.249580E-1
-5.264280E-1
-5.293680E-1
-5.308380E-1
-5.308380E-1
-5.293680E-1
-5.264280E-1
-5.220180E-1
-5.146680E-1
-5.087880E-1
-5.029080E-1
-4.970280E-1
-4.926180E-1
-4.911480E-1
-4.911480E-1
-4.940880E-1
-4.999680E-1
-5.058480E-1
-5.131980E-1
-5.205480E-1
-5.278980E-1
-5.337780E-1
-5.381880E-1
-5.411280E-1
-5.411280E-1
-5.396580E-1
-5.367180E-1
-5.308380E-1
-5.249580E-1
-5.176080E-1
-5.087880E-1
-5.014380E-1
-4.926180E-1
-4.852680E-1
-4.764480E-1
-4.676280E-1
-4.588080E-1
-4.485180E-1
-4.396980E-1
-4.294080E-1
-4.205880E-1
-4.117680E-1
-4.058880E-1
-4.014780E-1
-4.014780E-1
-4.058880E-1
-4.117680E-1
-4.220580E-1
-4.352880E-1
-4.485180E-1
-4.646880E-1
-4.808580E-1
-4.970280E-1
-5.117280E-1
-5.264280E-1
-5.381880E-1
-5.484780E-1
-5.558280E-1
-5.602380E-1
-5.617080E-1
-5.602380E-1
-5.572980E-1
-5.528880E-1
-5.470080E-1
-5.411280E-1
-5.337780E-1
-5.278980E-1
-5.234880E-1
-5.190780E-1
-5.146680E-1
-5.131980E-1
-5.102580E-1
-5.087880E-1
-5.087880E-1
-5.073180E-1
-5.073180E-1
-5.073180E-1
-5.073180E-1
-5.073180E-1
-5.073180E-1
-5.073180E-1
-5.073180E-1
-5.087880E-1
-5.087880E-1
-5.102580E-1
-5.117280E-1
-5.146680E-1
-5.190780E-1
-5.220180E-1
-5.264280E-1
-5.308380E-1
-5.352480E-1
-5.367180E-1
-5.367180E-1
-5.352480E-1
-5.323080E-1
-5.264280E-1
-5.176080E-1
-5.087880E-1
-4.999680E-1
-4.882080E-1
-4.779180E-1
-4.690980E-1
-4.588080E-1
-4.499880E-1
-4.426380E-1
-4.352880E-1
-4.294080E-1
-4.264680E-1
-4.235280E-1
-4.249980E-1
-4.279380E-1
-4.338180E-1
-4.411680E-1
-4.514580E-1
-4.646880E-1
-4.764480E-1
-4.896780E-1
-5.029080E-1
-5.146680E-1
-5.249580E-1
-5.337780E-1
-5.411280E-1
-5.470080E-1
-5.514180E-1
-5.543580E-1
-5.543580E-1
-5.543580E-1
-5.514180E-1
-5.484780E-1
-5.440680E-1
-5.396580E-1
-5.367180E-1
-5.323080E-1
-5.308380E-1
-5.278980E-1
-5.278980E-1
-5.278980E-1
-5.278980E-1
-5.293680E-1
-5.308380E-1
-5.308380E-1
-5.308380E-1
-5.323080E-1
-5.323080E-1
-5.308380E-1
-5.308380E-1
-5.293680E-1
-5.278980E-1
-5.249580E-1
-5.234880E-1
-5.205480E-1
-5.190780E-1
-5.190780E-1
-5.190780E-1
-5.205480E-1
-5.234880E-1
-5.278980E-1
-5.323080E-1
-5.367180E-1
-5.411280E-1
-5.440680E-1
-5.470080E-1
-5.484780E-1
-5.484780E-1
-5.470080E-1
-5.425980E-1
-5.396580E-1
-5.352480E-1
-5.323080E-1
-5.278980E-1
-5.264280E-1
-5.249580E-1
-5.249580E-1
-5.249580E-1
-5.249580E-1
-5.264280E-1
-5.278980E-1
-5.278980E-1
-5.278980E-1
-5.278980E-1
-5.278980E-1
-5.264280E-1
-5.264280E-1
-5.264280E-1
-5.264280E-1
-5.264280E-1
-5.278980E-1
-5.308380E-1
-5.323080E-1
-5.352480E-1
-5.381880E-1
-5.396580E-1
-5.396580E-1
-5.381880E-1
-5.352480E-1
-5.308380E-1
-5.234880E-1
-5.161380E-1
-5.087880E-1
-5.014380E-1
-4.955580E-1
-4.896780E-1
-4.867380E-1
-4.867380E-1
-4.882080E-1
-4.911480E-1
-4.970280E-1
-5.058480E-1
-5.161380E-1
-5.264280E-1
-5.381880E-1
-5.484780E-1
-5.587680E-1
-5.661180E-1
-5.719980E-1
-5.734680E-1
-5.734680E-1
-5.705280E-1
-5.661180E-1
-5.602380E-1
-5.543580E-1
-5.484780E-1
-5.425980E-1
-5.381880E-1
-5.337780E-1
-5.308380E-1
-5.293680E-1
-5.278980E-1
-5.278980E-1
-5.278980E-1
-5.278980E-1
-5.278980E-1
-5.293680E-1
-5.293680E-1
-5.293680E-1
-5.293680E-1
-5.308380E-1
-5.308380E-1
-5.337780E-1
-5.352480E-1
-5.396580E-1
-5.425980E-1
-5.470080E-1
-5.499480E-1
-5.528880E-1
-5.558280E-1
-5.572980E-1
-5.572980E-1
-5.558280E-1
-5.543580E-1
-5.514180E-1
-5.499480E-1
-5.470080E-1
-5.455380E-1
-5.455380E-1
-5.440680E-1
-5.440680E-1
-5.440680E-1
-5.440680E-1
-5.440680E-1
-5.425980E-1
-5.411280E-1
-5.367180E-1
-5.323080E-1
-5.264280E-1
-5.205480E-1
-5.146680E-1
-5.102580E-1
-5.058480E-1
-5.043780E-1
-5.043780E-1
-5.073180E-1
-5.131980E-1
-5.190780E-1
-5.278980E-1
-5.352480E-1
-5.411280E-1
-5.484780E-1
-5.514180E-1
-5.543580E-1
-5.543580E-1
-5.543580E-1
-5.514180E-1
-5.484780E-1
-5.455380E-1
-5.425980E-1
-5.381880E-1
-5.337780E-1
-5.293680E-1
-5.234880E-1
-5.161380E-1
-5.087880E-1
-4.999680E-1
-4.896780E-1
-4.808580E-1
-4.705680E-1
-4.602780E-1
-4.514580E-1
-4.441080E-1
-4.382280E-1
-4.338180E-1
-4.308780E-1
-4.294080E-1
-4.294080E-1
-4.294080E-1
-4.323480E-1
-4.352880E-1
-4.396980E-1
-4.455780E-1
-4.514580E-1
-4.573380E-1
-4.646880E-1
-4.720380E-1
-4.779180E-1
-4.837980E-1
-4.882080E-1
-4.926180E-1
-4.955580E-1
-4.955580E-1
-4.940880E-1
-4.926180E-1
-4.882080E-1
-4.837980E-1
-4.793880E-1
-4.749780E-1
-4.705680E-1
-4.690980E-1
-4.690980E-1
-4.705680E-1
-4.735080E-1
-4.779180E-1
-4.823280E-1
-4.867380E-1
-4.911480E-1
-4.955580E-1
-4.984980E-1
-5.029080E-1
-5.058480E-1
-5.102580E-1
-5.146680E-1
-5.190780E-1
-5.249580E-1
-5.308380E-1
-5.352480E-1
-5.396580E-1
-5.425980E-1
-5.440680E-1
-5.440680E-1
-5.425980E-1
-5.396580E-1
-5.367180E-1
-5.323080E-1
-5.264280E-1
-5.205480E-1
-5.146680E-1
-5.087880E-1
-5.043780E-1
-4.999680E-1
-4.955580E-1
-4.911480E-1
-4.882080E-1
-4.852680E-1
-4.837980E-1
-4.823280E-1
-4.823280E-1
-4.837980E-1
-4.852680E-1
-4.896780E-1
-4.955580E-1
-5.014380E-1
-5.102580E-1
-5.205480E-1
-5.308380E-1
-5.425980E-1
-5.528880E-1
-5.631780E-1
-5.705280E-1
-5.764080E-1
-5.793480E-1
-5.808180E-1
-5.778780E-1
-5.749380E-1
-5.719980E-1
-5.675880E-1
-5.646480E-1
-5.617080E-1
-5.617080E-1
-5.631780E-1
-5.646480E-1
-5.675880E-1
-5.719980E-1
-5.734680E-1
-5.749380E-1
-5.749380E-1
-5.719980E-1
-5.675880E-1
-5.602380E-1
-5.514180E-1
-5.411280E-1
-5.308380E-1
-5.190780E-1
-5.087880E-1
-5.014380E-1
-4.940880E-1
-4.896780E-1
-4.882080E-1
-4.882080E-1
-4.896780E-1
-4.955580E-1
-5.014380E-1
-5.087880E-1
-5.176080E-1
-5.278980E-1
-5.367180E-1
-5.470080E-1
-5.558280E-1
-5.631780E-1
-5.705280E-1
-5.764080E-1
-5.808180E-1
-5.837580E-1
-5.852280E-1
-5.837580E-1
-5.822880E-1
-5.778780E-1
-5.734680E-1
-5.690580E-1
-5.646480E-1
-5.617080E-1
-5.587680E-1
-5.572980E-1
-5.572980E-1
-5.572980E-1
-5.587680E-1
-5.617080E-1
-5.661180E-1
-5.705280E-1
-5.734680E-1
-5.778780E-1
-5.793480E-1
-5.808180E-1
-5.793480E-1
-5.749380E-1
-5.705280E-1
-5.631780E-1
-5.558280E-1
-5.484780E-1
-5.411280E-1
-5.352480E-1
-5.323080E-1
-5.293680E-1
-5.293680E-1
-5.308380E-1
-5.337780E-1
-5.381880E-1
-5.425980E-1
-5.484780E-1
-5.558280E-1
-5.617080E-1
-5.690580E-1
-5.749380E-1
-5.793480E-1
-5.822880E-1
-5.837580E-1
-5.837580E-1
-5.808180E-1
-5.764080E-1
-5.719980E-1
-5.661180E-1
-5.587680E-1
-5.499480E-1
-5.425980E-1
-5.323080E-1
-5.234880E-1
-5.146680E-1
-5.058480E-1
-4.999680E-1
-4.940880E-1
-4.926180E-1
-4.911480E-1
-4.940880E-1
-4.970280E-1
-4.999680E-1
-5.043780E-1
-5.073180E-1
-5.087880E-1
-5.073180E-1
-5.058480E-1
-5.014380E-1
-4.970280E-1
-4.926180E-1
-4.882080E-1
-4.837980E-1
-4.808580E-1
-4.779180E-1
-4.764480E-1
-4.764480E-1
-4.764480E-1
-4.779180E-1
-4.793880E-1
-4.823280E-1
-4.852680E-1
-4.882080E-1
-4.911480E-1
-4.940880E-1
-4.955580E-1
-4.970280E-1
-4.984980E-1
-4.999680E-1
-4.984980E-1
-4.970280E-1
-4.955580E-1
-4.926180E-1
-4.911480E-1
-4.882080E-1
-4.867380E-1
-4.867380E-1
-4.867380E-1
-4.896780E-1
-4.926180E-1
-4.970280E-1
-5.029080E-1
-5.087880E-1
-5.146680E-1
-5.205480E-1
-5.264280E-1
-5.293680E-1
-5.323080E-1
-5.323080E-1
-5.308380E-1
-5.278980E-1
-5.249580E-1
-5.205480E-1
-5.161380E-1
-5.131980E-1
-5.102580E-1
-5.087880E-1
-5.087880E-1
-5.102580E-1
-5.117280E-1
-5.131980E-1
-5.146680E-1
-5.146680E-1
-5.161380E-1
-5.161380E-1
-5.161380E-1
-5.161380E-1
-5.146680E-1
-5.131980E-1
-5.117280E-1
-5.102580E-1
-5.087880E-1
-5.073180E-1
-5.058480E-1
-5.058480E-1
-5.058480E-1
-5.058480E-1
-5.058480E-1
-5.073180E-1
-5.073180E-1
-5.073180E-1
-5.058480E-1
-5.058480E-1
-5.043780E-1
-5.029080E-1
-5.014380E-1
-4.999680E-1
-4.970280E-1
-4.955580E-1
-4.926180E-1
-4.896780E-1
-4.882080E-1
-4.867380E-1
-4.867380E-1
-4.882080E-1
-4.896780E-1
-4.926180E-1
-4.955580E-1
-4.999680E-1
-5.029080E-1
-5.073180E-1
-5.102580E-1
-5.131980E-1
-5.176080E-1
-5.205480E-1
-5.249580E-1
-5.278980E-1
-5.308380E-1
-5.337780E-1
-5.352480E-1
-5.352480E-1
-5.352480E-1
-5.337780E-1
-5.323080E-1
-5.308380E-1
-5.293680E-1
-5.293680E-1
-5.278980E-1
-5.278980E-1
-5.278980E-1
-5.264280E-1
-5.249580E-1
-5.220180E-1
-5.190780E-1
-5.161380E-1
-5.117280E-1
-5.087880E-1
-5.073180E-1
-5.073180E-1
-5.102580E-1
-5.146680E-1
-5.220180E-1
-5.278980E-1
-5.337780E-1
-5.381880E-1
-5.396580E-1
-5.381880E-1
-5.337780E-1
-5.278980E-1
-5.190780E-1
-5.087880E-1
-4.999680E-1
-4.926180E-1
-4.867380E-1
-4.837980E-1
-4.823280E-1
-4.823280E-1
-4.837980E-1
-4.852680E-1
-4.867380E-1
-4.882080E-1
-4.882080E-1
-4.882080E-1
-4.882080E-1
-4.882080E-1
-4.882080E-1
-4.882080E-1
-4.896780E-1
-4.896780E-1
-4.911480E-1
-4.926180E-1
-4.955580E-1
-4.970280E-1
-4.984980E-1
-4.999680E-1
-5.014380E-1
-5.029080E-1
-5.029080E-1
-5.043780E-1
-5.043780E-1
-5.058480E-1
-5.073180E-1
-5.102580E-1
-5.161380E-1
-5.205480E-1
-5.278980E-1
-5.352480E-1
-5.425980E-1
-5.499480E-1
-5.558280E-1
-5.617080E-1
-5.661180E-1
-5.690580E-1
-5.705280E-1
-5.719980E-1
-5.719980E-1
-5.705280E-1
-5.690580E-1
-5.675880E-1
-5.661180E-1
-5.646480E-1
-5.661180E-1
-5.675880E-1
-5.719980E-1
-5.778780E-1
-5.852280E-1
-5.911080E-1
-5.984580E-1
-6.028680E-1
-6.043380E-1
-6.043380E-1
-6.013980E-1
-5.969880E-1
-5.911080E-1
-5.866980E-1
-5.808180E-1
-5.778780E-1
-5.749380E-1
-5.734680E-1
-5.719980E-1
-5.705280E-1
-5.690580E-1
-5.675880E-1
-5.646480E-1
-5.617080E-1
-5.572980E-1
-5.543580E-1
-5.514180E-1
-5.484780E-1
-5.455380E-1
-5.440680E-1
-5.425980E-1
-5.411280E-1
-5.396580E-1
-5.367180E-1
-5.323080E-1
-5.278980E-1
-5.234880E-1
-5.176080E-1
-5.131980E-1
-5.087880E-1
-5.073180E-1
-5.073180E-1
-5.087880E-1
-5.117280E-1
-5.176080E-1
-5.264280E-1
-5.352480E-1
-5.484780E-1
-5.617080E-1
-5.778780E-1
-5.955180E-1
-6.175680E-1
-6.396180E-1
-6.660780E-1
-6.925380E-1
-7.219380E-1
-7.513380E-1
-7.822080E-1
-8.130780E-1
-8.454180E-1
-8.748180E-1
-9.056880E-1
-9.365580E-1
-9.644880E-1
-9.924180E-1
-1.018878E+0
-1.042398E+0
-1.064448E+0
-1.083558E+0
-1.099728E+0
-1.112958E+0
-1.124718E+0
-1.135008E+0
-1.143828E+0
-1.152648E+0
-1.159998E+0
-1.168818E+0
-1.177638E+0
-1.187928E+0
-1.198218E+0
-1.208508E+0
-1.218798E+0
-1.230558E+0
-1.240848E+0
-1.251138E+0
-1.258488E+0
-1.265838E+0
-1.271718E+0
-1.276128E+0
-1.280538E+0
-1.283478E+0
-1.289358E+0
-1.295238E+0
-1.302588E+0
-1.311408E+0
-1.323168E+0
-1.334928E+0
-1.348158E+0
-1.361388E+0
-1.373148E+0
-1.384908E+0
-1.396668E+0
-1.405488E+0
-1.411368E+0
-1.415778E+0
-1.414308E+0
-1.411368E+0
-1.404018E+0
-1.393728E+0
-1.381968E+0
-1.371678E+0
-1.364328E+0
-1.358448E+0
-1.358448E+0
-1.362858E+0
-1.371678E+0
-1.383438E+0
-1.395198E+0
-1.406958E+0
-1.417248E+0
-1.423128E+0
-1.426068E+0
-1.424598E+0
-1.420188E+0
-1.414308E+0
-1.406958E+0
-1.401078E+0
-1.395198E+0
-1.392258E+0
-1.392258E+0
-1.395198E+0
-1.401078E+0
-1.409898E+0
-1.420188E+0
-1.431948E+0
-1.442238E+0
-1.452528E+0
-1.462818E+0
-1.470168E+0
-1.476048E+0
-1.480458E+0
-1.481928E+0
-1.483398E+0
-1.481928E+0
-1.478988E+0
-1.476048E+0
-1.471638E+0
-1.468698E+0
-1.465758E+0
-1.465758E+0
-1.467228E+0
-1.471638E+0
-1.480458E+0
-1.490748E+0
-1.502508E+0
-1.515738E+0
-1.530438E+0
-1.543668E+0
-1.556898E+0
-1.568658E+0
-1.578948E+0
-1.587768E+0
-1.595118E+0
-1.600998E+0
-1.605408E+0
-1.609818E+0
-1.614228E+0
-1.617168E+0
-1.623048E+0
-1.627458E+0
-1.634808E+0
-1.642158E+0
-1.650978E+0
-1.659798E+0
-1.667148E+0
-1.671558E+0
-1.675968E+0
-1.675968E+0
-1.673028E+0
-1.667148E+0
-1.661268E+0
-1.653918E+0
-1.646568E+0
-1.639218E+0
-1.634808E+0
-1.630398E+0
-1.627458E+0
-1.624518E+0
-1.623048E+0
-1.623048E+0
-1.623048E+0
-1.624518E+0
-1.628928E+0
-1.634808E+0
-1.643628E+0
-1.653918E+0
-1.664208E+0
-1.674498E+0
-1.684788E+0
-1.692138E+0
-1.698018E+0
-1.700958E+0
-1.702428E+0
-1.702428E+0
-1.702428E+0
-1.702428E+0
-1.702428E+0
-1.703898E+0
-1.706838E+0
-1.709778E+0
-1.712718E+0
-1.717128E+0
-1.723008E+0
-1.728888E+0
-1.736238E+0
-1.743588E+0
-1.752408E+0
-1.761228E+0
-1.768578E+0
-1.774458E+0
-1.780338E+0
-1.783278E+0
-1.784748E+0
-1.786218E+0
-1.789158E+0
-1.790628E+0
-1.795038E+0
-1.799448E+0
-1.803858E+0
-1.809738E+0
-1.814148E+0
-1.818558E+0
-1.821498E+0
-1.821498E+0
-1.820028E+0
-1.817088E+0
-1.814148E+0
-1.811208E+0
-1.809738E+0
-1.811208E+0
-1.814148E+0
-1.821498E+0
-1.830318E+0
-1.842078E+0
-1.855308E+0
-1.868538E+0
-1.881768E+0
-1.894998E+0
-1.905288E+0
-1.917048E+0
-1.927338E+0
-1.936158E+0
-1.943508E+0
-1.950858E+0
-1.955268E+0
-1.958208E+0
-1.961148E+0
-1.961148E+0
-1.961148E+0
-1.961148E+0
-1.959678E+0
-1.959678E+0
-1.959678E+0
-1.959678E+0
-1.959678E+0
-1.959678E+0
-1.958208E+0
-1.956738E+0
-1.955268E+0
-1.952328E+0
-1.949388E+0
-1.947918E+0
-1.946448E+0
-1.946448E+0
-1.947918E+0
-1.953798E+0
-1.961148E+0
-1.972908E+0
-1.986138E+0
-2.002308E+0
-2.019948E+0
-2.037588E+0
-2.053758E+0
-2.065518E+0
-2.075808E+0
-2.081688E+0
-2.084628E+0
-2.086098E+0
-2.086098E+0
-2.086098E+0
-2.087568E+0
-2.091978E+0
-2.097858E+0
-2.106678E+0
-2.115498E+0
-2.125788E+0
-2.133138E+0
-2.141958E+0
-2.146368E+0
-2.150778E+0
-2.153718E+0
-2.153718E+0
-2.153718E+0
-2.153718E+0
-2.153718E+0
-2.153718E+0
-2.153718E+0
-2.155188E+0
-2.158128E+0
-2.161068E+0
-2.165478E+0
-2.168418E+0
-2.169888E+0
-2.172828E+0
-2.172828E+0
-2.171358E+0
-2.169888E+0
-2.166948E+0
-2.165478E+0
-2.164008E+0
-2.165478E+0
-2.168418E+0
-2.174298E+0
-2.183118E+0
-2.193408E+0
-2.205168E+0
-2.216928E+0
-2.227218E+0
-2.236038E+0
-2.241918E+0
-2.243388E+0
-2.240448E+0
-2.234568E+0
-2.224278E+0
-2.212518E+0
-2.199288E+0
-2.187528E+0
-2.177238E+0
-2.172828E+0
-2.171358E+0
-2.175768E+0
-2.186058E+0
-2.200758E+0
-2.219868E+0
-2.240448E+0
-2.262498E+0
-2.283078E+0
-2.300718E+0
-2.315418E+0
-2.325708E+0
-2.331588E+0
-2.331588E+0
-2.327178E+0
-2.319828E+0
-2.308068E+0
-2.294838E+0
-2.278668E+0
-2.262498E+0
-2.247798E+0
-2.233098E+0
-2.221338E+0
-2.212518E+0
-2.208108E+0
-2.208108E+0
-2.213988E+0
-2.225748E+0
-2.240448E+0
-2.261028E+0
-2.281608E+0
-2.302188E+0
-2.321298E+0
-2.337468E+0
-2.350698E+0
-2.360988E+0
-2.371278E+0
-2.378628E+0
-2.387448E+0
-2.399208E+0
-2.410968E+0
-2.425668E+0
-2.443308E+0
-2.459478E+0
-2.475648E+0
-2.488878E+0
-2.499168E+0
-2.503578E+0
-2.503578E+0
-2.497698E+0
-2.484468E+0
-2.468298E+0
-2.449188E+0
-2.428608E+0
-2.410968E+0
-2.396268E+0
-2.385978E+0
-2.383038E+0
-2.385978E+0
-2.393328E+0
-2.403618E+0
-2.415378E+0
-2.428608E+0
-2.437428E+0
-2.443308E+0
-2.446248E+0
-2.444778E+0
-2.440368E+0
-2.434488E+0
-2.427138E+0
-2.421258E+0
-2.416848E+0
-2.416848E+0
-2.419788E+0
-2.425668E+0
-2.435958E+0
-2.449188E+0
-2.462418E+0
-2.475648E+0
-2.488878E+0
-2.502108E+0
-2.512398E+0
-2.524158E+0
-2.534448E+0
-2.544738E+0
-2.555028E+0
-2.566788E+0
-2.578548E+0
-2.588838E+0
-2.599128E+0
-2.606478E+0
-2.612358E+0
-2.615298E+0
-2.615298E+0
-2.613828E+0
-2.609418E+0
-2.603538E+0
-2.596188E+0
-2.587368E+0
-2.577078E+0
-2.568258E+0
-2.559438E+0
-2.553558E+0
-2.549148E+0
-2.549148E+0
-2.553558E+0
-2.562378E+0
-2.575608E+0
-2.593248E+0
-2.613828E+0
-2.638818E+0
-2.663808E+0
-2.690268E+0
-2.715258E+0
-2.735838E+0
-2.754948E+0
-2.769648E+0
-2.778468E+0
-2.784348E+0
-2.785818E+0
-2.781408E+0
-2.775528E+0
-2.765238E+0
-2.753478E+0
-2.740248E+0
-2.727018E+0
-2.713788E+0
-2.702028E+0
-2.694678E+0
-2.690268E+0
-2.690268E+0
-2.694678E+0
-2.702028E+0
-2.712318E+0
-2.721138E+0
-2.731428E+0
-2.740248E+0
-2.746128E+0
-2.749068E+0
-2.750538E+0
-2.749068E+0
-2.746128E+0
-2.744658E+0
-2.744658E+0
-2.744658E+0
-2.746128E+0
-2.750538E+0
-2.756418E+0
-2.765238E+0
-2.776998E+0
-2.788758E+0
-2.801988E+0
-2.815218E+0
-2.828448E+0
-2.838738E+0
-2.847558E+0
-2.854908E+0
-2.859318E+0
-2.862258E+0
-2.863728E+0
-2.863728E+0
-2.863728E+0
-2.866668E+0
-2.869608E+0
-2.875488E+0
-2.882838E+0
-2.891658E+0
-2.901948E+0
-2.912238E+0
-2.921058E+0
-2.929878E+0
-2.934288E+0
-2.938698E+0
-2.943108E+0
-2.946048E+0
-2.950458E+0
-2.956338E+0
-2.965158E+0
-2.973978E+0
-2.985738E+0
-2.997498E+0
-3.010728E+0
-3.021018E+0
-3.029838E+0
-3.035718E+0
-3.038658E+0
-3.041598E+0
-3.041598E+0
-3.041598E+0
-3.044538E+0
-3.047478E+0
-3.053358E+0
-3.060708E+0
-3.069528E+0
-3.078348E+0
-3.085698E+0
-3.090108E+0
-3.090108E+0
-3.085698E+0
-3.078348E+0
-3.069528E+0
-3.057768E+0
-3.047478E+0
-3.038658E+0
-3.032778E+0
-3.028368E+0
-3.026898E+0
-3.025428E+0
-3.023958E+0
-3.021018E+0
-3.016608E+0
-3.013668E+0
-3.009258E+0
-3.006318E+0
-3.004848E+0
-3.006318E+0
-3.010728E+0
-3.016608E+0
-3.023958E+0
-3.031308E+0
-3.040128E+0
-3.050418E+0
-3.059238E+0
-3.068058E+0
-3.078348E+0
-3.088638E+0
-3.097458E+0
-3.104808E+0
-3.112158E+0
-3.118038E+0
-3.119508E+0
-3.119508E+0
-3.116568E+0
-3.110688E+0
-3.103338E+0
-3.097458E+0
-3.091578E+0
-3.088638E+0
-3.088638E+0
-3.091578E+0
-3.097458E+0
-3.103338E+0
-3.109218E+0
-3.115098E+0
-3.118038E+0
-3.118038E+0
-3.118038E+0
-3.118038E+0
-3.119508E+0
-3.125388E+0
-3.134208E+0
-3.148908E+0
-3.168018E+0
-3.193008E+0
-3.220938E+0
-3.251808E+0
-3.284148E+0
-3.317958E+0
-3.351768E+0
-3.385578E+0
-3.416448E+0
-3.444378E+0
-3.469368E+0
-3.488478E+0
-3.498768E+0
-3.501708E+0
-3.495828E+0
-3.482598E+0
-3.462018E+0
-3.439968E+0
-3.413508E+0
-3.388518E+0
-3.364998E+0
-3.341478E+0
-3.317958E+0
-3.295908E+0
-3.273858E+0
-3.253278E+0
-3.234168E+0
-3.217998E+0
-3.206238E+0
-3.200358E+0
-3.200358E+0
-3.207708E+0
-3.222408E+0
-3.241518E+0
-3.263568E+0
-3.287088E+0
-3.310608E+0
-3.332658E+0
-3.354708E+0
-3.372348E+0
-3.388518E+0
-3.404688E+0
-3.417918E+0
-3.429678E+0
-3.441438E+0
-3.451728E+0
-3.462018E+0
-3.470838E+0
-3.482598E+0
-3.495828E+0
-3.509058E+0
-3.523758E+0
-3.538458E+0
-3.547278E+0
-3.550218E+0
-3.544338E+0
-3.531108E+0
-3.507588E+0
-3.476718E+0
-3.444378E+0
-3.410568E+0
-3.381168E+0
-3.356178E+0
-3.338538E+0
-3.328248E+0
-3.325308E+0
-3.329718E+0
-3.340008E+0
-3.356178E+0
-3.378228E+0
-3.404688E+0
-3.434088E+0
-3.463488E+0
-3.495828E+0
-3.522288E+0
-3.545808E+0
-3.563448E+0
-3.575208E+0
-3.581088E+0
-3.581088E+0
-3.578148E+0
-3.575208E+0
-3.573738E+0
-3.575208E+0
-3.576678E+0
-3.579618E+0
-3.584028E+0
-3.588438E+0
-3.591378E+0
-3.588438E+0
-3.584028E+0
-3.578148E+0
-3.572268E+0
-3.567858E+0
-3.563448E+0
-3.561978E+0
-3.561978E+0
-3.566388E+0
-3.570798E+0
-3.576678E+0
-3.584028E+0
-3.594318E+0
-3.603138E+0
-3.613428E+0
-3.622248E+0
-3.631068E+0
-3.639888E+0
-3.647238E+0
-3.654588E+0
-3.663408E+0
-3.673698E+0
-3.685458E+0
-3.701628E+0
-3.719268E+0
-3.738378E+0
-3.756018E+0
-3.770718E+0
-3.781008E+0
-3.783948E+0
-3.781008E+0
-3.773658E+0
-3.761898E+0
-3.747198E+0
-3.732498E+0
-3.717798E+0
-3.704568E+0
-3.692808E+0
-3.681048E+0
-3.672228E+0
-3.661938E+0
-3.654588E+0
-3.650178E+0
-3.645768E+0
-3.645768E+0
-3.647238E+0
-3.653118E+0
-3.661938E+0
-3.672228E+0
-3.686928E+0
-3.706038E+0
-3.728088E+0
-3.754548E+0
-3.782478E+0
-3.811878E+0
-3.841278E+0
-3.866268E+0
-3.886848E+0
-3.898608E+0
-3.901548E+0
-3.895668E+0
-3.882438E+0
-3.861858E+0
-3.841278E+0
-3.819228E+0
-3.804528E+0
-3.797178E+0
-3.795708E+0
-3.803058E+0
-3.817758E+0
-3.835398E+0
-3.855978E+0
-3.875088E+0
-3.891258E+0
-3.903018E+0
-3.911838E+0
-3.916248E+0
-3.914778E+0
-3.910368E+0
-3.904488E+0
-3.897138E+0
-3.888318E+0
-3.880968E+0
-3.875088E+0
-3.869208E+0
-3.867738E+0
-3.869208E+0
-3.873618E+0
-3.879498E+0
-3.888318E+0
-3.898608E+0
-3.907428E+0
-3.911838E+0
-3.911838E+0
-3.905958E+0
-3.892728E+0
-3.875088E+0
-3.854508E+0
-3.835398E+0
-3.819228E+0
-3.811878E+0
-3.813348E+0
-3.823638E+0
-3.841278E+0
-3.867738E+0
-3.898608E+0
-3.929478E+0
-3.957408E+0
-3.980928E+0
-3.994158E+0
-3.997098E+0
-3.986808E+0
-3.964758E+0
-3.929478E+0
-3.882438E+0
-3.823638E+0
-3.756018E+0
-3.679578E+0
-3.598728E+0
-3.517878E+0
-3.438498E+0
-3.367938E+0
-3.307668E+0
-3.263568E+0
-3.237108E+0
-3.235638E+0
-3.260628E+0
-3.315018E+0
-3.401748E+0
-3.525228E+0
-3.685458E+0
-3.882438E+0
-4.119108E+0
-4.393998E+0
-4.704168E+0
-5.048148E+0
-5.421528E+0
-5.822838E+0
-6.241788E+0
-6.675438E+0
-7.107618E+0
-7.528038E+0
-7.923468E+0
-8.279208E+0
-8.582028E+0
-8.821638E+0
-9.014208E+0
-9.177378E+0
-9.352308E+0
-9.566928E+0
-9.844758E+0
-1.021079E+1
-1.073264E+1
-1.144706E+1
-1.256573E+1
-1.448555E+1
-2.088005E+1
-2.088005E+1
-2.088005E+1
-2.088005E+1
-2.088005E+1
-1.567331E+1
-1.309787E+1
-1.178222E+1
-1.092374E+1
-1.034309E+1
-9.927078E+0
-9.652188E+0
-9.484608E+0
-9.428748E+0
-9.496368E+0
-9.713928E+0
-1.013288E+1
-1.090169E+1
-1.242902E+1
-2.088005E+1
-2.088005E+1
-2.088005E+1
-2.088005E+1
-2.088005E+1
-2.088005E+1
-2.088005E+1
-2.088005E+1
-2.088005E+1
-2.088005E+1
-2.088005E+1
-2.088005E+1
-2.088005E+1
-2.088005E+1
-2.088005E+1
-2.088005E+1
-2.088005E+1
-2.088005E+1
-2.088005E+1
-1.485893E+1
-1.309787E+1
-1.213796E+1
-1.141913E+1
-1.085759E+1
-1.041218E+1
-1.002851E+1
-9.727158E+0
-9.484608E+0
-9.309678E+0
-9.196488E+0
-9.137688E+0
-9.127398E+0
-9.137688E+0
-9.167088E+0
-9.217068E+0
-9.258228E+0
-9.319968E+0
-9.396408E+0
-9.508128E+0
-9.702168E+0
-9.999108E+0
-1.044746E+1
-1.113248E+1
-1.225850E+1
-1.472663E+1
-2.088005E+1
-2.088005E+1
-2.088005E+1
-2.088005E+1
-2.088005E+1
-2.088005E+1
-2.088005E+1
-1.514852E+1
-1.251869E+1
-1.139120E+1
-1.075322E+1
-1.037690E+1
-1.017992E+1
-1.010201E+1
-1.013288E+1
-1.024313E+1
-1.039454E+1
-1.053860E+1
-1.065326E+1
-1.073264E+1
-1.073264E+1
-1.067237E+1
-1.055624E+1
-1.042982E+1
-1.034309E+1
-1.027694E+1
-1.025930E+1
-1.029311E+1
-1.037690E+1
-1.055624E+1
-1.085759E+1
-1.133681E+1
-1.209974E+1
-1.356680E+1
-2.088005E+1
-2.088005E+1
-2.088005E+1
-2.088005E+1
-2.088005E+1
-2.088005E+1
-2.088005E+1
-2.088005E+1
-2.088005E+1
-2.088005E+1
-2.088005E+1
-2.088005E+1
-2.088005E+1
-1.380494E+1
-1.178222E+1
-1.085759E+1
-1.032692E+1
-1.004321E+1
-9.955008E+0
-1.004321E+1
-1.032692E+1
-1.081496E+1
-1.162346E+1
-1.298027E+1
-1.636421E+1
-2.088005E+1
-2.088005E+1
-2.088005E+1
-2.088005E+1
-2.088005E+1
-2.088005E+1
-2.088005E+1
-2.088005E+1
-2.088005E+1
-1.636421E+1
-1.567331E+1
-1.610843E+1
-2.088005E+1
-2.088005E+1
-2.088005E+1
-2.088005E+1
-2.088005E+1
-2.088005E+1
-2.088005E+1
-2.088005E+1
-2.088005E+1
-1.472663E+1
-1.286855E+1
-1.198802E+1
-1.153379E+1
-1.136327E+1
-1.144706E+1
-1.178222E+1
-1.242902E+1
-1.364324E+1
-1.738439E+1
-2.088005E+1
-2.088005E+1
-2.088005E+1
-2.088005E+1
-2.088005E+1
-2.088005E+1
-2.088005E+1
-2.088005E+1
-2.088005E+1
-2.088005E+1
-2.088005E+1
-2.088005E+1
-2.088005E+1
-2.088005E+1
-2.088005E+1
-2.088005E+1
-2.088005E+1
-2.088005E+1
-2.088005E+1
-2.088005E+1
-2.088005E+1
-2.088005E+1
-2.088005E+1
-2.088005E+1
-2.088005E+1
-2.088005E+1
-2.088005E+1
-2.088005E+1
-2.088005E+1
-2.088005E+1
-2.088005E+1
-2.088005E+1
-2.088005E+1
-2.088005E+1
-2.088005E+1
-2.088005E+1
-2.088005E+1
-2.088005E+1
-2.088005E+1
-2.088005E+1
-2.088005E+1
-2.088005E+1
-2.088005E+1
-2.088005E+1
-2.088005E+1
-2.088005E+1
-2.088005E+1
-2.088005E+1
-2.088005E+1
-2.088005E+1
-2.088005E+1
-2.088005E+1
-2.088005E+1
-2.088005E+1
-2.088005E+1
-2.088005E+1
-2.088005E+1
-2.088005E+1
-2.088005E+1
-2.088005E+1
-2.088005E+1
-2.088005E+1
-2.088005E+1
-2.088005E+1
-2.088005E+1
-2.088005E+1
-2.088005E+1
-2.088005E+1
-2.088005E+1
-2.088005E+1
-2.088005E+1
-2.088005E+1
-2.088005E+1
-2.088005E+1
-2.088005E+1
-2.088005E+1
-2.088005E+1
-1.437383E+1
-1.229966E+1
-1.125743E+1
-1.061357E+1
-1.022696E+1
-9.999108E+0
-9.913848E+0
-9.913848E+0
-9.969708E+0
-1.005791E+1
-1.013288E+1
-1.013288E+1
-1.007261E+1
-9.955008E+0
-9.805068E+0
-9.663948E+0
-9.543408E+0
-9.496368E+0
-9.519888E+0
-9.652188E+0
-9.899148E+0
-1.034309E+1
-1.108397E+1
-1.242902E+1
-1.636421E+1
-2.088005E+1
-2.088005E+1
-2.088005E+1
-2.088005E+1
-2.088005E+1
-2.088005E+1
-2.088005E+1
-1.610843E+1
-1.266275E+1
-1.150439E+1
-1.094579E+1
-1.073264E+1
-1.081496E+1
-1.118099E+1
-1.202477E+1
-1.380494E+1
-2.088005E+1
-2.088005E+1
-2.088005E+1
-2.088005E+1
-2.088005E+1
-2.088005E+1
-2.088005E+1
-2.088005E+1
-2.088005E+1
-2.088005E+1
-2.088005E+1
-2.088005E+1
-2.088005E+1
-2.088005E+1
-2.088005E+1
-2.088005E+1
-2.088005E+1
-2.088005E+1
-2.088005E+1
-1.610843E+1
-1.356680E+1
-1.261277E+1
-1.217765E+1
-1.198802E+1
-1.195274E+1
-1.206152E+1
-1.229966E+1
-1.251869E+1
-1.266275E+1
-1.266275E+1
-1.247312E+1
-1.209974E+1
-1.162346E+1
-1.118099E+1
-1.075322E+1
-1.039454E+1
-1.008731E+1
-9.844758E+0
-9.663948E+0
-9.543408E+0
-9.484608E+0
-9.496368E+0
-9.627198E+0
-9.872688E+0
-1.027694E+1
-1.092374E+1
-1.206152E+1
-1.514852E+1
-2.088005E+1
-2.088005E+1
-2.088005E+1
-2.088005E+1
-2.088005E+1
-2.088005E+1
-2.088005E+1
-2.088005E+1
-2.088005E+1
-2.088005E+1
-2.088005E+1
-2.088005E+1
-2.088005E+1
-2.088005E+1
-2.088005E+1
-2.088005E+1
-2.088005E+1
-2.088005E+1
-2.088005E+1
-2.088005E+1
-2.088005E+1
-2.088005E+1
-2.088005E+1
-2.088005E+1
-2.088005E+1
-2.088005E+1
-2.088005E+1
-2.088005E+1
-2.088005E+1
-2.088005E+1
-2.088005E+1
-1.485893E+1
-1.261277E+1
-1.150439E+1
-1.083554E+1
-1.042982E+1
-1.021079E+1
-1.014905E+1
-1.024313E+1
-1.051949E+1
-1.096784E+1
-1.168520E+1
-1.298027E+1
-1.738439E+1
-2.088005E+1
-2.088005E+1
-2.088005E+1
-2.088005E+1
-2.088005E+1
-2.088005E+1
-2.088005E+1
-2.088005E+1
-2.088005E+1
-2.088005E+1
-2.088005E+1
-2.088005E+1
-2.088005E+1
-2.088005E+1
-2.088005E+1
-2.088005E+1
-2.088005E+1
-2.088005E+1
-2.088005E+1
-2.088005E+1
-2.088005E+1
-2.088005E+1
-2.088005E+1
-2.088005E+1
-2.088005E+1
-2.088005E+1
-2.088005E+1
-2.088005E+1
-2.088005E+1
-2.088005E+1
-2.088005E+1
-2.088005E+1
-1.485893E+1
-1.322135E+1
-1.247312E+1
-1.209974E+1
-1.184837E+1
-1.174841E+1
-1.168520E+1
-1.165433E+1
-1.162346E+1
-1.156319E+1
-1.147499E+1
-1.139120E+1
-1.131035E+1
-1.125743E+1
-1.131035E+1
-1.144706E+1
-1.168520E+1
-1.206152E+1
-1.261277E+1
-1.335365E+1
-1.437383E+1
-1.636421E+1
-2.088005E+1
-2.088005E+1
-2.088005E+1
-2.088005E+1
-2.088005E+1
-2.088005E+1
-2.088005E+1
-2.088005E+1
-2.088005E+1
-2.088005E+1
-2.088005E+1
-2.088005E+1
-2.088005E+1
-2.088005E+1
-2.088005E+1
-2.088005E+1
-2.088005E+1
-1.472663E+1
-1.281563E+1
-1.188218E+1
-1.128389E+1
-1.087964E+1
-1.057535E+1
-1.032692E+1
-1.014905E+1
-9.999108E+0
-9.899148E+0
-9.831528E+0
-9.791838E+0
-9.765378E+0
-9.765378E+0
-9.765378E+0
-9.752148E+0
-9.727158E+0
-9.702168E+0
-9.675708E+0
-9.675708E+0
-9.727158E+0
-9.857988E+0
-1.008731E+1
-1.046510E+1
-1.103693E+1
-1.195274E+1
-1.356680E+1
-2.088005E+1
-2.088005E+1
-2.088005E+1
-2.088005E+1
-2.088005E+1
-2.088005E+1
-2.088005E+1
-2.088005E+1
-2.088005E+1
-2.088005E+1
-2.088005E+1
-2.088005E+1
-2.088005E+1
-2.088005E+1
-1.698896E+1
-1.397840E+1
-1.256573E+1
-1.156319E+1
-1.077380E+1
-1.017992E+1
-9.713928E+0
-9.396408E+0
-9.196488E+0
-9.108288E+0
-9.127398E+0
-9.268518E+0
-9.531648E+0
-9.913848E+0
-1.042982E+1
-1.115747E+1
-1.213796E+1
-1.389020E+1
-2.088005E+1
-2.088005E+1
-2.088005E+1
-2.088005E+1
-2.088005E+1
-2.088005E+1
-2.088005E+1
-2.088005E+1
-2.088005E+1
-2.088005E+1
-2.088005E+1
-2.088005E+1
-2.088005E+1
-2.088005E+1
-2.088005E+1
-2.088005E+1
-2.088005E+1
-2.088005E+1
-2.088005E+1
-2.088005E+1
-2.088005E+1
-2.088005E+1
-2.088005E+1
-2.088005E+1
-1.499858E+1
-1.364324E+1
-1.309787E+1
-1.286855E+1
-1.286855E+1
-1.309787E+1
-1.349330E+1
-1.416803E+1
-1.514852E+1
-1.636421E+1
-1.937477E+1
-2.088005E+1
-2.088005E+1
-2.088005E+1
-2.088005E+1
-2.088005E+1
-2.088005E+1
-2.088005E+1
-2.088005E+1
-2.088005E+1
-2.088005E+1
-2.088005E+1
-2.088005E+1
-2.088005E+1
-2.088005E+1
-2.088005E+1
-2.088005E+1
-2.088005E+1
-2.088005E+1
-2.088005E+1
-1.738439E+1
-1.587911E+1
-1.499858E+1
-1.426799E+1
-1.356680E+1
-1.303907E+1
-1.266275E+1
-1.242902E+1
-1.238492E+1
-1.256573E+1
-1.298027E+1
-1.372262E+1
-1.499858E+1
-1.786949E+1
-2.088005E+1
-2.088005E+1
-2.088005E+1
-1.499858E+1
-1.322135E+1
-1.209974E+1
-1.133681E+1
-1.079438E+1
-1.044746E+1
-1.025930E+1
-1.019609E+1
-1.027694E+1
-1.046510E+1
-1.073264E+1
-1.106045E+1
-1.139120E+1
-1.165433E+1
-1.174841E+1
-1.159259E+1
-1.133681E+1
-1.106045E+1
-1.083554E+1
-1.069148E+1
-1.069148E+1
-1.081496E+1
-1.115747E+1
-1.178222E+1
-1.286855E+1
-1.531022E+1
-2.088005E+1
-2.088005E+1
-2.088005E+1
-2.088005E+1
-2.088005E+1
-2.088005E+1
-2.088005E+1
-2.088005E+1
-2.088005E+1
-1.610843E+1
-1.315961E+1
-1.195274E+1
-1.125743E+1
-1.083554E+1
-1.061357E+1
-1.055624E+1
-1.065326E+1
-1.090169E+1
-1.133681E+1
-1.202477E+1
-1.322135E+1
-1.665380E+1
-2.088005E+1
-2.088005E+1
-2.088005E+1
-2.088005E+1
-2.088005E+1
-2.088005E+1
-2.088005E+1
-2.088005E+1
-2.088005E+1
-2.088005E+1
-2.088005E+1
-2.088005E+1
-2.088005E+1
-1.397840E+1
-1.174841E+1
-1.073264E+1
-1.011818E+1
-9.752148E+0
-9.531648E+0
-9.450798E+0
-9.484608E+0
-9.638958E+0
-9.899148E+0
-1.029311E+1
-1.085759E+1
-1.171607E+1
-1.315961E+1
-1.937477E+1
-2.088005E+1
-2.088005E+1
-2.088005E+1
-2.088005E+1
-2.088005E+1
-2.088005E+1
-2.088005E+1
-2.088005E+1
-2.088005E+1
-2.088005E+1
-2.088005E+1
-1.738439E+1
-1.531022E+1
-1.437383E+1
-1.372262E+1
-1.309787E+1
-1.261277E+1
-1.213796E+1
-1.174841E+1
-1.141913E+1
-1.113248E+1
-1.092374E+1
-1.073264E+1
-1.059446E+1
-1.050185E+1
-1.044746E+1
-1.042982E+1
-1.042982E+1
-1.044746E+1
-1.050185E+1
-1.057535E+1
-1.061357E+1
-1.065326E+1
-1.065326E+1
-1.069148E+1
-1.073264E+1
-1.079438E+1
-1.085759E+1
-1.094579E+1
-1.101341E+1
-1.106045E+1
-1.101341E+1
-1.090169E+1
-1.075322E+1
-1.061357E+1
-1.051949E+1
-1.048274E+1
-1.053860E+1
-1.067237E+1
-1.092374E+1
-1.125743E+1
-1.165433E+1
-1.209974E+1
-1.251869E+1
-1.286855E+1
-1.303907E+1
-1.298027E+1
-1.281563E+1
-1.261277E+1
-1.229966E+1
-1.198802E+1
-1.165433E+1
-1.136327E+1
-1.108397E+1
-1.083554E+1
-1.065326E+1
-1.051949E+1
-1.050185E+1
-1.055624E+1
-1.069148E+1
-1.092374E+1
-1.120745E+1
-1.156319E+1
-1.191746E+1
-1.217765E+1
-1.238492E+1
-1.247312E+1
-1.251869E+1
-1.261277E+1
-1.266275E+1
-1.281563E+1
-1.298027E+1
-1.315961E+1
-1.322135E+1
-1.315961E+1
-1.298027E+1
-1.261277E+1
-1.225850E+1
-1.195274E+1
-1.165433E+1
-1.144706E+1
-1.131035E+1
-1.128389E+1
-1.141913E+1
-1.174841E+1
-1.238492E+1
-1.380494E+1
-2.088005E+1
-2.088005E+1
-2.088005E+1
-2.088005E+1
-2.088005E+1
-2.088005E+1
-2.088005E+1
-2.088005E+1
-2.088005E+1
-2.088005E+1
-2.088005E+1
-2.088005E+1
-2.088005E+1
-1.698896E+1
-1.531022E+1
-1.460315E+1
-1.380494E+1
-1.298027E+1
-1.221734E+1
-1.156319E+1
-1.098989E+1
-1.053860E+1
-1.021079E+1
-9.955008E+0
-9.778608E+0
-9.652188E+0
-9.555168E+0
-9.450798E+0
-9.352308E+0
-9.258228E+0
-9.156798E+0
-9.080358E+0
-9.023028E+0
-9.005388E+0
-9.042138E+0
-9.137688E+0
-9.309678E+0
-9.555168E+0
-9.913848E+0
-1.042982E+1
-1.115747E+1
-1.225850E+1
-1.460315E+1
-2.088005E+1
-2.088005E+1
-2.088005E+1
-2.088005E+1
-2.088005E+1
-2.088005E+1
-2.088005E+1
-2.088005E+1
-2.088005E+1
-2.088005E+1
-2.088005E+1
-2.088005E+1
-2.088005E+1
-2.088005E+1
-2.088005E+1
-2.088005E+1
-2.088005E+1
-2.088005E+1
-2.088005E+1
-2.088005E+1
-2.088005E+1
-2.088005E+1
-2.088005E+1
-2.088005E+1
-2.088005E+1
-2.088005E+1
-2.088005E+1
-2.088005E+1
-2.088005E+1
-2.088005E+1
-1.567331E+1
-1.322135E+1
-1.198802E+1
-1.120745E+1
-1.067237E+1
-1.032692E+1
-1.013288E+1
-1.007261E+1
-1.014905E+1
-1.032692E+1
-1.057535E+1
-1.087964E+1
-1.115747E+1
-1.139120E+1
-1.153379E+1
-1.159259E+1
-1.159259E+1
-1.159259E+1
-1.168520E+1
-1.184837E+1
-1.209974E+1
-1.247312E+1
-1.292441E+1
-1.349330E+1
-1.416803E+1
-1.499858E+1
-1.587911E+1
-1.738439E+1
-2.088005E+1
-2.088005E+1
-2.088005E+1
-2.088005E+1
-2.088005E+1
-2.088005E+1
-2.088005E+1
-2.088005E+1
-1.937477E+1
-1.738439E+1
-1.665380E+1
-1.738439E+1
-2.088005E+1
-2.088005E+1
-2.088005E+1
-2.088005E+1
-2.088005E+1
-2.088005E+1
-2.088005E+1
-1.531022E+1
-1.292441E+1
-1.162346E+1
-1.077380E+1
-1.017992E+1
-9.765378E+0
-9.519888E+0
-9.406698E+0
-9.406698E+0
-9.496368E+0
-9.627198E+0
-9.778608E+0
-9.885918E+0
-9.885918E+0
-9.791838E+0
-9.615438E+0
-9.406698E+0
-9.227358E+0
-9.089178E+0
-9.042138E+0
-9.080358E+0
-9.196488E+0
-9.396408E+0
-9.652188E+0
-9.941778E+0
-1.024313E+1
-1.046510E+1
-1.057535E+1
-1.057535E+1
-1.046510E+1
-1.029311E+1
-1.010201E+1
-9.927078E+0
-9.805068E+0
-9.738918E+0
-9.752148E+0
-9.844758E+0
-1.005791E+1
-1.039454E+1
-1.087964E+1
-1.156319E+1
-1.251869E+1
-1.389020E+1
-1.610843E+1
-1.849424E+1
-1.665380E+1
-1.437383E+1
-1.286855E+1
-1.181456E+1
-1.113248E+1
-1.069148E+1
-1.042982E+1
-1.037690E+1
-1.046510E+1
-1.075322E+1
-1.123244E+1
-1.195274E+1
-1.303907E+1
-1.531022E+1
-2.088005E+1
-2.088005E+1
-2.088005E+1
-2.088005E+1
-2.088005E+1
-2.088005E+1
-2.088005E+1
-2.088005E+1
-2.088005E+1
-2.088005E+1
-2.088005E+1
-2.088005E+1
-2.088005E+1
-2.088005E+1
-2.088005E+1
-2.088005E+1
-2.088005E+1
-2.088005E+1
-2.088005E+1
-2.088005E+1
-2.088005E+1
-2.088005E+1
-2.088005E+1
-2.088005E+1
-2.088005E+1
-2.088005E+1
-2.088005E+1
-2.088005E+1
-2.088005E+1
-2.088005E+1
-2.088005E+1
-2.088005E+1
-2.088005E+1
-2.088005E+1
-2.088005E+1
-2.088005E+1
-2.088005E+1
-2.088005E+1
-2.088005E+1
-2.088005E+1
-2.088005E+1
-1.460315E+1
-1.322135E+1
-1.247312E+1
-1.202477E+1
-1.178222E+1
-1.174841E+1
-1.195274E+1
-1.242902E+1
-1.342274E+1
-1.567331E+1
-2.088005E+1
-2.088005E+1
-2.088005E+1
-2.088005E+1
-2.088005E+1
-2.088005E+1
-2.088005E+1
-2.088005E+1
-2.088005E+1
-2.088005E+1
-2.088005E+1
-2.088005E+1
-2.088005E+1
-2.088005E+1
-2.088005E+1
-1.698896E+1
-1.514852E+1
-1.397840E+1
-1.303907E+1
-1.225850E+1
-1.165433E+1
-1.120745E+1
-1.094579E+1
-1.077380E+1
-1.073264E+1
-1.081496E+1
-1.094579E+1
-1.113248E+1
-1.133681E+1
-1.156319E+1
-1.181456E+1
-1.221734E+1
-1.281563E+1
-1.397840E+1
-1.937477E+1
-2.088005E+1
-2.088005E+1
-2.088005E+1
-2.088005E+1
-2.088005E+1
-2.088005E+1
-2.088005E+1
-2.088005E+1
-2.088005E+1
-2.088005E+1
-2.088005E+1
-2.088005E+1
-2.088005E+1
-2.088005E+1
-2.088005E+1
-2.088005E+1
-2.088005E+1
-2.088005E+1
-2.088005E+1
-2.088005E+1
-2.088005E+1
-2.088005E+1
-2.088005E+1
-2.088005E+1
-2.088005E+1
-2.088005E+1
-2.088005E+1
-2.088005E+1
-1.356680E+1
-1.209974E+1
-1.128389E+1
-1.081496E+1
-1.053860E+1
-1.041218E+1
-1.042982E+1
-1.055624E+1
-1.079438E+1
-1.120745E+1
-1.188218E+1
-1.303907E+1
-1.665380E+1
-2.088005E+1
-2.088005E+1
-2.088005E+1
-2.088005E+1
-2.088005E+1
-2.088005E+1
-2.088005E+1
-2.088005E+1
-2.088005E+1
-2.088005E+1
-2.088005E+1
-1.531022E+1
-1.356680E+1
-1.322135E+1
-1.364324E+1
-1.548368E+1
-2.088005E+1
-2.088005E+1
-2.088005E+1
-2.088005E+1
-2.088005E+1
-2.088005E+1
-2.088005E+1
-2.088005E+1
-2.088005E+1
-2.088005E+1
-2.088005E+1
-2.088005E+1
-2.088005E+1
-1.548368E+1
-1.286855E+1
-1.202477E+1
-1.171607E+1
-1.178222E+1
-1.213796E+1
-1.292441E+1
-1.460315E+1
-2.088005E+1
-2.088005E+1
-2.088005E+1
-2.088005E+1
-2.088005E+1
-2.088005E+1
-2.088005E+1
-2.088005E+1
-2.088005E+1
-2.088005E+1
-2.088005E+1
-1.485893E+1
-1.397840E+1
-1.397840E+1
-1.514852E+1
-2.088005E+1
-2.088005E+1
-2.088005E+1
-2.088005E+1
-2.088005E+1
-2.088005E+1
-2.088005E+1
-2.088005E+1
-2.088005E+1
-2.088005E+1
-2.088005E+1
-2.088005E+1
-2.088005E+1
-2.088005E+1
-1.665380E+1
-1.315961E+1
-1.209974E+1
-1.165433E+1
-1.141913E+1
-1.133681E+1
-1.125743E+1
-1.113248E+1
-1.090169E+1
-1.057535E+1
-1.019609E+1
-9.818298E+0
-9.519888E+0
-9.330258E+0
-9.258228E+0
-9.342018E+0
-9.590448E+0
-1.007261E+1
-1.090169E+1
-1.247312E+1
-2.088005E+1
-2.088005E+1
-2.088005E+1
-2.088005E+1
-2.088005E+1
-2.088005E+1
-2.088005E+1
-2.088005E+1
-2.088005E+1
-2.088005E+1
-2.088005E+1
-2.088005E+1
-2.088005E+1
-2.088005E+1
-2.088005E+1
-2.088005E+1
-2.088005E+1
-2.088005E+1
-2.088005E+1
-2.088005E+1
-2.088005E+1
-2.088005E+1
-2.088005E+1
-2.088005E+1
-2.088005E+1
-2.088005E+1
-2.088005E+1
-2.088005E+1
-2.088005E+1
-2.088005E+1
-2.088005E+1
-2.088005E+1
-2.088005E+1
-2.088005E+1
-2.088005E+1
-2.088005E+1
-2.088005E+1
-2.088005E+1
-2.088005E+1
-2.088005E+1
-2.088005E+1
-2.088005E+1
-2.088005E+1
-2.088005E+1
-2.088005E+1
-2.088005E+1
-2.088005E+1
-2.088005E+1
-2.088005E+1
-2.088005E+1
-2.088005E+1
-2.088005E+1
-2.088005E+1
-2.088005E+1
-2.088005E+1
-2.088005E+1
-2.088005E+1
-2.088005E+1
-2.088005E+1
-2.088005E+1
-2.088005E+1
-2.088005E+1
-2.088005E+1
-2.088005E+1
-2.088005E+1
-2.088005E+1
-2.088005E+1
-2.088005E+1
-2.088005E+1
-2.088005E+1
-2.088005E+1
-1.636421E+1
-1.364324E+1
-1.251869E+1
-1.188218E+1
-1.147499E+1
-1.125743E+1
-1.118099E+1
-1.113248E+1
-1.108397E+1
-1.098989E+1
-1.081496E+1
-1.055624E+1
-1.027694E+1
-1.001381E+1
-9.805068E+0
-9.688938E+0
-9.688938E+0
-9.791838E+0
-1.004321E+1
-1.042982E+1
-1.098989E+1
-1.171607E+1
-1.261277E+1
-1.364324E+1
-1.437383E+1
-1.437383E+1
-1.380494E+1
-1.303907E+1
-1.234082E+1
-1.178222E+1
-1.139120E+1
-1.110749E+1
-1.094579E+1
-1.087964E+1
-1.090169E+1
-1.101341E+1
-1.118099E+1
-1.141913E+1
-1.171607E+1
-1.217765E+1
-1.281563E+1
-1.397840E+1
-1.786949E+1
-2.088005E+1
-2.088005E+1
-2.088005E+1
-2.088005E+1
-2.088005E+1
-2.088005E+1
-2.088005E+1
-2.088005E+1
-2.088005E+1
-2.088005E+1
-2.088005E+1
-2.088005E+1
-2.088005E+1
-2.088005E+1
-2.088005E+1
-2.088005E+1
-2.088005E+1
-2.088005E+1
-2.088005E+1
-2.088005E+1
-2.088005E+1
-2.088005E+1
-2.088005E+1
-2.088005E+1
-2.088005E+1
-1.548368E+1
-1.195274E+1
-1.083554E+1
-1.029311E+1
-1.005791E+1
-1.001381E+1
-1.013288E+1
-1.039454E+1
-1.077380E+1
-1.120745E+1
-1.165433E+1
-1.198802E+1
-1.217765E+1
-1.221734E+1
-1.221734E+1
-1.213796E+1
-1.209974E+1
-1.206152E+1
-1.206152E+1
-1.209974E+1
-1.209974E+1
-1.209974E+1
-1.213796E+1
-1.234082E+1
-1.281563E+1
-1.407101E+1
-2.088005E+1
-2.088005E+1
-2.088005E+1
-2.088005E+1
-2.088005E+1
-2.088005E+1
-2.088005E+1
-2.088005E+1
-2.088005E+1
-2.088005E+1
-2.088005E+1
-2.088005E+1
-1.587911E+1
-1.202477E+1
-1.090169E+1
-1.032692E+1
-1.002851E+1
-9.899148E+0
-9.885918E+0
-9.984408E+0
-1.014905E+1
-1.039454E+1
-1.069148E+1
-1.106045E+1
-1.147499E+1
-1.198802E+1
-1.247312E+1
-1.292441E+1
-1.315961E+1
-1.322135E+1
-1.309787E+1
-1.281563E+1
-1.251869E+1
-1.225850E+1
-1.202477E+1
-1.184837E+1
-1.165433E+1
-1.141913E+1
-1.115747E+1
-1.081496E+1
-1.042982E+1
-1.004321E+1
-9.688938E+0
-9.362598E+0
-9.080358E+0
-8.862798E+0
-8.681988E+0
-8.552628E+0
-8.464428E+0
-8.401218E+0
-8.373288E+0
-8.373288E+0
-8.408568E+0
-8.479128E+0
-8.604078E+0
-8.787828E+0
-9.070068E+0
-9.474318E+0
-1.004321E+1
-1.090169E+1
-1.242902E+1
-2.088005E+1
-2.088005E+1
-2.088005E+1
-2.088005E+1
-2.088005E+1
-2.088005E+1
-2.088005E+1
-2.088005E+1
-2.088005E+1
-2.088005E+1
-2.088005E+1
-2.088005E+1
-2.088005E+1
-2.088005E+1
-2.088005E+1
-2.088005E+1
-2.088005E+1
-2.088005E+1
-2.088005E+1
-2.088005E+1
-2.088005E+1
-2.088005E+1
-2.088005E+1
-2.088005E+1
-2.088005E+1
-2.088005E+1
-2.088005E+1
-2.088005E+1
-2.088005E+1
-2.088005E+1
-2.088005E+1
-2.088005E+1
-2.088005E+1
-2.088005E+1
-2.088005E+1
-2.088005E+1
-2.088005E+1
-2.088005E+1
-2.088005E+1
-2.088005E+1
-2.088005E+1
-2.088005E+1
-2.088005E+1
-1.372262E+1
-1.195274E+1
-1.098989E+1
-1.037690E+1
-9.941778E+0
-9.627198E+0
-9.396408E+0
-9.237648E+0
-9.127398E+0
-9.061248E+0
-9.023028E+0
-9.005388E+0
-8.996568E+0
-8.977458E+0
-8.942178E+0
-8.906898E+0
-8.862798E+0
-8.837808E+0
-8.846628E+0
-8.906898E+0
-9.033318E+0
-9.258228E+0
-9.602208E+0
-1.010201E+1
-1.083554E+1
-1.202477E+1
-1.460315E+1
-2.088005E+1
-2.088005E+1
-2.088005E+1
-2.088005E+1
-2.088005E+1
-2.088005E+1
-2.088005E+1
-2.088005E+1
-2.088005E+1
-2.088005E+1
-2.088005E+1
-2.088005E+1
-1.416803E+1
-1.165433E+1
-1.057535E+1
-9.941778E+0
-9.555168E+0
-9.342018E+0
-9.258228E+0
-9.268518E+0
-9.362598E+0
-9.519888E+0
-9.752148E+0
-1.005791E+1
-1.046510E+1
-1.101341E+1
-1.184837E+1
-1.335365E+1
-2.088005E+1
-2.088005E+1
-2.088005E+1
-2.088005E+1
-2.088005E+1
-2.088005E+1
-2.088005E+1
-2.088005E+1
-2.088005E+1
-2.088005E+1
-2.088005E+1
-2.088005E+1
-2.088005E+1
-2.088005E+1
-2.088005E+1
-2.088005E+1
-2.088005E+1
-2.088005E+1
-2.088005E+1
-2.088005E+1
-2.088005E+1
-2.088005E+1
-2.088005E+1
-2.088005E+1
-2.088005E+1
-2.088005E+1
-2.088005E+1
-2.088005E+1
-2.088005E+1
-2.088005E+1
-2.088005E+1
-2.088005E+1
-2.088005E+1
-2.088005E+1
-2.088005E+1
-2.088005E+1
-2.088005E+1
-2.088005E+1
-2.088005E+1
-2.088005E+1
-2.088005E+1
-2.088005E+1
-2.088005E+1
-2.088005E+1
-2.088005E+1
-2.088005E+1
-2.088005E+1
-2.088005E+1
-2.088005E+1
-2.088005E+1
-2.088005E+1
-2.088005E+1
-2.088005E+1
-2.088005E+1
-2.088005E+1
-2.088005E+1
-2.088005E+1
-1.567331E+1
-1.356680E+1
-1.261277E+1
-1.198802E+1
-1.153379E+1
-1.118099E+1
-1.092374E+1
-1.073264E+1
-1.059446E+1
-1.048274E+1
-1.041218E+1
-1.037690E+1
-1.039454E+1
-1.046510E+1
-1.057535E+1
-1.073264E+1
-1.092374E+1
-1.118099E+1
-1.141913E+1
-1.165433E+1
-1.184837E+1
-1.198802E+1
-1.217765E+1
-1.247312E+1
-1.292441E+1
-1.380494E+1
-1.587911E+1
-2.088005E+1
-2.088005E+1
-2.088005E+1
-2.088005E+1
-2.088005E+1
-2.088005E+1
-2.088005E+1
-2.088005E+1
-1.531022E+1
-1.372262E+1
-1.292441E+1
-1.247312E+1
-1.217765E+1
-1.198802E+1
-1.195274E+1
-1.206152E+1
-1.234082E+1
-1.298027E+1
-1.426799E+1
-2.088005E+1
-2.088005E+1
-2.088005E+1
-2.088005E+1
-2.088005E+1
-2.088005E+1
-2.088005E+1
-2.088005E+1
-2.088005E+1
-2.088005E+1
-2.088005E+1
-2.088005E+1
-2.088005E+1
-2.088005E+1
-1.636421E+1
-1.261277E+1
-1.123244E+1
-1.037690E+1
-9.831528E+0
-9.496368E+0
-9.319968E+0
-9.278808E+0
-9.384648E+0
-9.652188E+0
-1.010201E+1
-1.083554E+1
-1.213796E+1
-1.636421E+1
-2.088005E+1
-2.088005E+1
-2.088005E+1
-2.088005E+1
-2.088005E+1
-2.088005E+1
-2.088005E+1
-2.088005E+1
-2.088005E+1
-2.088005E+1
-2.088005E+1
-2.088005E+1
-2.088005E+1
-2.088005E+1
-2.088005E+1
-2.088005E+1
-2.088005E+1
-2.088005E+1
-2.088005E+1
-2.088005E+1
-2.088005E+1
-2.088005E+1
-2.088005E+1
-2.088005E+1
-2.088005E+1
-2.088005E+1
-2.088005E+1
-1.426799E+1
-1.195274E+1
-1.090169E+1
-1.027694E+1
-9.872688E+0
-9.615438E+0
-9.484608E+0
-9.462558E+0
-9.531648E+0
-9.675708E+0
-9.872688E+0
-1.013288E+1
-1.042982E+1
-1.077380E+1
-1.115747E+1
-1.159259E+1
-1.209974E+1
-1.271273E+1
-1.356680E+1
-1.460315E+1
-1.610843E+1
-1.738439E+1
-1.698896E+1
-1.531022E+1
-1.397840E+1
-1.298027E+1
-1.225850E+1
-1.178222E+1
-1.147499E+1
-1.136327E+1
-1.141913E+1
-1.156319E+1
-1.178222E+1
-1.202477E+1
-1.217765E+1
-1.217765E+1
-1.195274E+1
-1.162346E+1
-1.120745E+1
-1.085759E+1
-1.057535E+1
-1.039454E+1
-1.027694E+1
-1.025930E+1
-1.030928E+1
-1.042982E+1
-1.059446E+1
-1.077380E+1
-1.087964E+1
-1.090169E+1
-1.081496E+1
-1.059446E+1
-1.029311E+1
-9.941778E+0
-9.590448E+0
-9.289098E+0
-9.023028E+0
-8.821638E+0
-8.667288E+0
-8.574678E+0
-8.530578E+0
-8.530578E+0
-8.574678E+0
-8.651118E+0
-8.762838E+0
-8.889258E+0
-9.033318E+0
-9.186198E+0
-9.342018E+0
-9.519888E+0
-9.713928E+0
-9.941778E+0
-1.021079E+1
-1.057535E+1
-1.110749E+1
-1.191746E+1
-1.335365E+1
-2.088005E+1
-2.088005E+1
-2.088005E+1
-2.088005E+1
-2.088005E+1
-2.088005E+1
-2.088005E+1
-2.088005E+1
-2.088005E+1
-2.088005E+1
-2.088005E+1
-1.636421E+1
-1.499858E+1
-1.499858E+1
-1.610843E+1
-2.088005E+1
-2.088005E+1
-2.088005E+1
-2.088005E+1
-2.088005E+1
-2.088005E+1
-1.548368E+1
-1.380494E+1
-1.303907E+1
-1.261277E+1
-1.251869E+1
-1.261277E+1
-1.286855E+1
-1.328750E+1
-1.372262E+1
-1.397840E+1
-1.380494E+1
-1.328750E+1
-1.271273E+1
-1.213796E+1
-1.168520E+1
-1.131035E+1
-1.106045E+1
-1.090169E+1
-1.079438E+1
-1.069148E+1
-1.057535E+1
-1.042982E+1
-1.022696E+1
-1.001381E+1
-9.791838E+0
-9.615438E+0
-9.496368E+0
-9.462558E+0
-9.531648E+0
-9.713928E+0
-1.002851E+1
-1.050185E+1
-1.123244E+1
-1.242902E+1
-1.499858E+1
-2.088005E+1
-2.088005E+1
-2.088005E+1
-2.088005E+1
-2.088005E+1
-2.088005E+1
-2.088005E+1
-2.088005E+1
-2.088005E+1
-2.088005E+1
-2.088005E+1
-2.088005E+1
-2.088005E+1
-2.088005E+1
-2.088005E+1
-2.088005E+1
-2.088005E+1
-2.088005E+1
-2.088005E+1
-2.088005E+1
-2.088005E+1
-1.567331E+1
-1.303907E+1
-1.195274E+1
-1.131035E+1
-1.087964E+1
-1.059446E+1
-1.041218E+1
-1.029311E+1
-1.022696E+1
-1.021079E+1
-1.022696E+1
-1.027694E+1
-1.036073E+1
-1.048274E+1
-1.063268E+1
-1.079438E+1
-1.092374E+1
-1.101341E+1
-1.103693E+1
-1.096784E+1
-1.083554E+1
-1.063268E+1
-1.044746E+1
-1.030928E+1
-1.022696E+1
-1.021079E+1
-1.029311E+1
-1.050185E+1
-1.085759E+1
-1.139120E+1
-1.229966E+1
-1.389020E+1
-2.088005E+1
-2.088005E+1
-2.088005E+1
-2.088005E+1
-2.088005E+1
-2.088005E+1
-2.088005E+1
-1.698896E+1
-1.286855E+1
-1.144706E+1
-1.057535E+1
-9.999108E+0
-9.615438E+0
-9.374358E+0
-9.247938E+0
-9.217068E+0
-9.268518E+0
-9.406698E+0
-9.602208E+0
-9.872688E+0
-1.017992E+1
-1.051949E+1
-1.087964E+1
-1.123244E+1
-1.162346E+1
-1.202477E+1
-1.247312E+1
-1.286855E+1
-1.335365E+1
-1.389020E+1
-1.448555E+1
-1.499858E+1
-1.567331E+1
-1.698896E+1
-2.088005E+1
-2.088005E+1
-2.088005E+1
-2.088005E+1
-2.088005E+1
-2.088005E+1
-2.088005E+1
-2.088005E+1
-2.088005E+1
-2.088005E+1
-2.088005E+1
-2.088005E+1
-2.088005E+1
-2.088005E+1
-2.088005E+1
-2.088005E+1
-2.088005E+1
-2.088005E+1
-2.088005E+1
-2.088005E+1
-2.088005E+1
-2.088005E+1
-2.088005E+1
-2.088005E+1
-2.088005E+1
-2.088005E+1
-2.088005E+1
-2.088005E+1
-2.088005E+1
-2.088005E+1
-2.088005E+1
-2.088005E+1
-2.088005E+1
-2.088005E+1
-2.088005E+1
-2.088005E+1
-2.088005E+1
-2.088005E+1
-2.088005E+1
-2.088005E+1
-2.088005E+1
-2.088005E+1
-2.088005E+1
-2.088005E+1
-2.088005E+1
-2.088005E+1
-2.088005E+1
-2.088005E+1
-2.088005E+1
-2.088005E+1
-2.088005E+1
-2.088005E+1
-2.088005E+1
-2.088005E+1
-2.088005E+1
-2.088005E+1
-2.088005E+1
-2.088005E+1
-2.088005E+1
-2.088005E+1
-2.088005E+1
-2.088005E+1
-2.088005E+1
-2.088005E+1
-2.088005E+1
-2.088005E+1
-2.088005E+1
-2.088005E+1
-2.088005E+1
-2.088005E+1
-2.088005E+1
-2.088005E+1
-2.088005E+1
-2.088005E+1
-2.088005E+1
-1.567331E+1
-1.335365E+1
-1.209974E+1
-1.128389E+1
-1.067237E+1
-1.021079E+1
-9.913848E+0
-9.738918E+0
-9.688938E+0
-9.752148E+0
-9.941778E+0
-1.025930E+1
-1.075322E+1
-1.141913E+1
-1.247312E+1
-1.460315E+1
-2.088005E+1
-2.088005E+1
-2.088005E+1
-2.088005E+1
-2.088005E+1
-2.088005E+1
-2.088005E+1
-2.088005E+1
-2.088005E+1
-2.088005E+1
-2.088005E+1
-2.088005E+1
-2.088005E+1
-2.088005E+1
