Date/Time	2022-06-23 20:26:54
Line location	1
Line name	A1
OTDR wavelength [nm]	1550
OTDR pulse duration [ns]	2
OTDR scan time [s]	10
OTDR scan length [m]	1.500000E+2
Length offset [m]	0.000000E+0
Length increment [m]	3.996806E-2
Switch ID	VIAVI Solutions,OTU 8000E,11654,FO,16.76
OTDR ID	JDSU,OTU 8000E,11654,OTU(SmartOTU),V7.22

Reflected amplitude [dB]
8.303820E-1
8.245020E-1
8.024520E-1
7.568820E-1
6.966120E-1
6.392820E-1
5.893020E-1
5.496120E-1
5.290320E-1
5.496120E-1
6.231120E-1
7.436520E-1
8.965320E-1
1.068522E+0
1.241982E+0
1.394862E+0
1.512462E+0
1.599192E+0
1.656522E+0
1.685922E+0
1.691802E+0
1.669752E+0
1.618302E+0
1.537452E+0
1.431612E+0
1.300782E+0
1.155252E+0
1.003842E+0
8.465520E-1
6.863220E-1
5.349120E-1
3.996720E-1
2.850120E-1
1.909320E-1
1.174320E-1
5.716200E-2
8.652000E-3
-3.103800E-2
-6.337800E-2
-9.130800E-2
-1.148280E-1
-1.339380E-1
-1.530480E-1
-1.692180E-1
-1.839180E-1
-1.986180E-1
-2.133180E-1
-2.265480E-1
-2.397780E-1
-2.530080E-1
-2.647680E-1
-2.750580E-1
-2.838780E-1
-2.926980E-1
-2.985780E-1
-3.044580E-1
-3.088680E-1
-3.132780E-1
-3.162180E-1
-3.206280E-1
-3.250380E-1
-3.309180E-1
-3.367980E-1
-3.441480E-1
-3.529680E-1
-3.603180E-1
-3.676680E-1
-3.720780E-1
-3.750180E-1
-3.750180E-1
-3.706080E-1
-3.632580E-1
-3.514980E-1
-3.353280E-1
-3.162180E-1
-2.941680E-1
-2.735880E-1
-2.515380E-1
-2.309580E-1
-2.133180E-1
-1.971480E-1
-1.868580E-1
-1.795080E-1
-1.765680E-1
-1.795080E-1
-1.883280E-1
-2.000880E-1
-2.177280E-1
-2.383080E-1
-2.618280E-1
-2.868180E-1
-3.132780E-1
-3.382680E-1
-3.617880E-1
-3.838380E-1
-4.044180E-1
-4.235280E-1
-4.396980E-1
-4.558680E-1
-4.690980E-1
-4.823280E-1
-4.940880E-1
-5.058480E-1
-5.161380E-1
-5.249580E-1
-5.323080E-1
-5.381880E-1
-5.425980E-1
-5.455380E-1
-5.470080E-1
-5.470080E-1
-5.470080E-1
-5.455380E-1
-5.440680E-1
-5.411280E-1
-5.396580E-1
-5.352480E-1
-5.323080E-1
-5.278980E-1
-5.220180E-1
-5.176080E-1
-5.131980E-1
-5.073180E-1
-5.029080E-1
-4.999680E-1
-4.970280E-1
-4.940880E-1
-4.926180E-1
-4.911480E-1
-4.896780E-1
-4.896780E-1
-4.896780E-1
-4.896780E-1
-4.911480E-1
-4.926180E-1
-4.940880E-1
-4.970280E-1
-5.014380E-1
-5.073180E-1
-5.117280E-1
-5.190780E-1
-5.249580E-1
-5.323080E-1
-5.381880E-1
-5.425980E-1
-5.117280E-1
-3.073980E-1
2.320920E-1
1.105272E+0
2.144562E+0
3.179442E+0
4.108482E+0
4.903752E+0
5.577012E+0
6.147372E+0
6.619242E+0
7.002912E+0
7.299852E+0
7.518882E+0
7.665882E+0
7.748202E+0
7.770252E+0
7.737912E+0
7.652652E+0
7.515942E+0
7.330722E+0
7.099932E+0
6.823572E+0
6.506052E+0
6.148842E+0
5.753412E+0
5.327112E+0
4.875822E+0
4.406892E+0
3.929142E+0
3.449922E+0
2.980992E+0
2.538522E+0
2.137212E+0
1.787352E+0
1.493352E+0
1.255212E+0
1.056762E+0
8.906520E-1
7.524720E-1
6.275220E-1
5.113920E-1
3.982020E-1
2.835420E-1
1.630020E-1
4.246200E-2
-6.925800E-2
-1.648080E-1
-2.427180E-1
-3.059280E-1
-3.573780E-1
-3.970680E-1
-4.294080E-1
-4.529280E-1
-4.705680E-1
-4.808580E-1
-4.882080E-1
-4.926180E-1
-4.955580E-1
-4.955580E-1
-4.970280E-1
-4.984980E-1
-4.999680E-1
-5.029080E-1
-5.073180E-1
-5.117280E-1
-5.176080E-1
-5.234880E-1
-5.293680E-1
-5.352480E-1
-5.396580E-1
-5.411280E-1
-5.425980E-1
-5.411280E-1
-5.367180E-1
-5.323080E-1
-5.264280E-1
-5.205480E-1
-5.146680E-1
-5.117280E-1
-5.087880E-1
-5.058480E-1
-5.058480E-1
-5.043780E-1
-5.043780E-1
-5.043780E-1
-5.043780E-1
-5.058480E-1
-5.058480E-1
-5.073180E-1
-5.102580E-1
-5.131980E-1
-5.161380E-1
-5.205480E-1
-5.264280E-1
-5.308380E-1
-5.367180E-1
-5.425980E-1
-5.484780E-1
-5.528880E-1
-5.558280E-1
-5.572980E-1
-5.572980E-1
-5.528880E-1
-5.470080E-1
-5.396580E-1
-5.293680E-1
-5.190780E-1
-5.102580E-1
-5.029080E-1
-4.970280E-1
-4.926180E-1
-4.926180E-1
-4.926180E-1
-4.970280E-1
-4.999680E-1
-5.058480E-1
-5.102580E-1
-5.146680E-1
-5.190780E-1
-5.220180E-1
-5.249580E-1
-5.264280E-1
-5.278980E-1
-5.293680E-1
-5.323080E-1
-5.337780E-1
-5.367180E-1
-5.396580E-1
-5.425980E-1
-5.440680E-1
-5.470080E-1
-5.484780E-1
-5.470080E-1
-5.455380E-1
-5.411280E-1
-5.352480E-1
-5.293680E-1
-5.220180E-1
-5.146680E-1
-5.073180E-1
-5.014380E-1
-4.955580E-1
-4.911480E-1
-4.882080E-1
-4.852680E-1
-4.837980E-1
-4.837980E-1
-4.837980E-1
-4.837980E-1
-4.852680E-1
-4.867380E-1
-4.867380E-1
-4.882080E-1
-4.896780E-1
-4.911480E-1
-4.926180E-1
-4.940880E-1
-4.955580E-1
-4.970280E-1
-4.984980E-1
-4.999680E-1
-5.014380E-1
-5.029080E-1
-5.043780E-1
-5.058480E-1
-5.087880E-1
-5.117280E-1
-5.146680E-1
-5.176080E-1
-5.205480E-1
-5.249580E-1
-5.278980E-1
-5.293680E-1
-5.323080E-1
-5.352480E-1
-5.396580E-1
-5.425980E-1
-5.484780E-1
-5.528880E-1
-5.572980E-1
-5.602380E-1
-5.631780E-1
-5.631780E-1
-5.617080E-1
-5.587680E-1
-5.543580E-1
-5.484780E-1
-5.425980E-1
-5.352480E-1
-5.293680E-1
-5.220180E-1
-5.176080E-1
-5.117280E-1
-5.087880E-1
-5.043780E-1
-5.014380E-1
-4.984980E-1
-4.940880E-1
-4.896780E-1
-4.837980E-1
-4.779180E-1
-4.705680E-1
-4.617480E-1
-4.529280E-1
-4.441080E-1
-4.367580E-1
-4.294080E-1
-4.235280E-1
-4.191180E-1
-4.176480E-1
-4.176480E-1
-4.205880E-1
-4.264680E-1
-4.323480E-1
-4.396980E-1
-4.485180E-1
-4.573380E-1
-4.661580E-1
-4.749780E-1
-4.808580E-1
-4.852680E-1
-4.882080E-1
-4.882080E-1
-4.867380E-1
-4.823280E-1
-4.764480E-1
-4.720380E-1
-4.661580E-1
-4.602780E-1
-4.573380E-1
-4.558680E-1
-4.558680E-1
-4.588080E-1
-4.632180E-1
-4.690980E-1
-4.749780E-1
-4.837980E-1
-4.911480E-1
-4.984980E-1
-5.058480E-1
-5.117280E-1
-5.176080E-1
-5.220180E-1
-5.264280E-1
-5.293680E-1
-5.308380E-1
-5.323080E-1
-5.337780E-1
-5.337780E-1
-5.337780E-1
-5.337780E-1
-5.337780E-1
-5.352480E-1
-5.367180E-1
-5.381880E-1
-5.396580E-1
-5.411280E-1
-5.425980E-1
-5.425980E-1
-5.425980E-1
-5.396580E-1
-5.352480E-1
-5.293680E-1
-5.205480E-1
-5.102580E-1
-4.984980E-1
-4.852680E-1
-4.735080E-1
-4.602780E-1
-4.499880E-1
-4.426380E-1
-4.367580E-1
-4.323480E-1
-4.308780E-1
-4.323480E-1
-4.352880E-1
-4.396980E-1
-4.455780E-1
-4.514580E-1
-4.588080E-1
-4.661580E-1
-4.735080E-1
-4.808580E-1
-4.882080E-1
-4.955580E-1
-5.014380E-1
-5.073180E-1
-5.102580E-1
-5.131980E-1
-5.146680E-1
-5.161380E-1
-5.161380E-1
-5.176080E-1
-5.190780E-1
-5.205480E-1
-5.234880E-1
-5.264280E-1
-5.308380E-1
-5.337780E-1
-5.367180E-1
-5.396580E-1
-5.411280E-1
-5.425980E-1
-5.411280E-1
-5.381880E-1
-5.337780E-1
-5.293680E-1
-5.234880E-1
-5.190780E-1
-5.161380E-1
-5.146680E-1
-5.146680E-1
-5.146680E-1
-5.161380E-1
-5.161380E-1
-5.161380E-1
-5.161380E-1
-5.146680E-1
-5.146680E-1
-5.161380E-1
-5.176080E-1
-5.205480E-1
-5.234880E-1
-5.293680E-1
-5.352480E-1
-5.396580E-1
-5.425980E-1
-5.455380E-1
-5.455380E-1
-5.425980E-1
-5.396580E-1
-5.337780E-1
-5.264280E-1
-5.176080E-1
-5.087880E-1
-5.014380E-1
-4.955580E-1
-4.896780E-1
-4.867380E-1
-4.852680E-1
-4.867380E-1
-4.896780E-1
-4.940880E-1
-4.999680E-1
-5.058480E-1
-5.117280E-1
-5.161380E-1
-5.190780E-1
-5.205480E-1
-5.190780E-1
-5.161380E-1
-5.117280E-1
-5.073180E-1
-5.014380E-1
-4.970280E-1
-4.926180E-1
-4.911480E-1
-4.896780E-1
-4.896780E-1
-4.926180E-1
-4.955580E-1
-4.999680E-1
-5.043780E-1
-5.102580E-1
-5.161380E-1
-5.205480E-1
-5.264280E-1
-5.323080E-1
-5.367180E-1
-5.411280E-1
-5.440680E-1
-5.455380E-1
-5.470080E-1
-5.470080E-1
-5.470080E-1
-5.470080E-1
-5.455380E-1
-5.440680E-1
-5.425980E-1
-5.425980E-1
-5.440680E-1
-5.470080E-1
-5.499480E-1
-5.528880E-1
-5.572980E-1
-5.617080E-1
-5.661180E-1
-5.675880E-1
-5.690580E-1
-5.675880E-1
-5.661180E-1
-5.617080E-1
-5.587680E-1
-5.528880E-1
-5.484780E-1
-5.440680E-1
-5.396580E-1
-5.352480E-1
-5.323080E-1
-5.293680E-1
-5.278980E-1
-5.264280E-1
-5.249580E-1
-5.234880E-1
-5.234880E-1
-5.234880E-1
-5.234880E-1
-5.249580E-1
-5.278980E-1
-5.308380E-1
-5.337780E-1
-5.381880E-1
-5.425980E-1
-5.484780E-1
-5.528880E-1
-5.558280E-1
-5.602380E-1
-5.617080E-1
-5.631780E-1
-5.631780E-1
-5.631780E-1
-5.617080E-1
-5.602380E-1
-5.587680E-1
-5.572980E-1
-5.572980E-1
-5.587680E-1
-5.602380E-1
-5.617080E-1
-5.646480E-1
-5.675880E-1
-5.719980E-1
-5.764080E-1
-5.822880E-1
-5.866980E-1
-5.925780E-1
-5.999280E-1
-6.058080E-1
-6.102180E-1
-6.131580E-1
-6.131580E-1
-6.116880E-1
-6.058080E-1
-5.984580E-1
-5.881680E-1
-5.749380E-1
-5.631780E-1
-5.499480E-1
-5.381880E-1
-5.278980E-1
-5.161380E-1
-5.073180E-1
-4.984980E-1
-4.911480E-1
-4.837980E-1
-4.764480E-1
-4.705680E-1
-4.661580E-1
-4.617480E-1
-4.573380E-1
-4.543980E-1
-4.529280E-1
-4.514580E-1
-4.514580E-1
-4.514580E-1
-4.529280E-1
-4.543980E-1
-4.573380E-1
-4.602780E-1
-4.632180E-1
-4.646880E-1
-4.661580E-1
-4.676280E-1
-4.676280E-1
-4.676280E-1
-4.676280E-1
-4.661580E-1
-4.661580E-1
-4.646880E-1
-4.646880E-1
-4.646880E-1
-4.661580E-1
-4.676280E-1
-4.705680E-1
-4.749780E-1
-4.793880E-1
-4.867380E-1
-4.940880E-1
-5.014380E-1
-5.087880E-1
-5.161380E-1
-5.220180E-1
-5.278980E-1
-5.337780E-1
-5.367180E-1
-5.396580E-1
-5.411280E-1
-5.425980E-1
-5.425980E-1
-5.411280E-1
-5.396580E-1
-5.381880E-1
-5.352480E-1
-5.337780E-1
-5.308380E-1
-5.278980E-1
-5.264280E-1
-5.234880E-1
-5.220180E-1
-5.220180E-1
-5.205480E-1
-5.220180E-1
-5.220180E-1
-5.234880E-1
-5.234880E-1
-5.249580E-1
-5.264280E-1
-5.278980E-1
-5.293680E-1
-5.308380E-1
-5.337780E-1
-5.352480E-1
-5.367180E-1
-5.381880E-1
-5.411280E-1
-5.425980E-1
-5.425980E-1
-5.440680E-1
-5.440680E-1
-5.440680E-1
-5.455380E-1
-5.470080E-1
-5.484780E-1
-5.514180E-1
-5.558280E-1
-5.602380E-1
-5.646480E-1
-5.675880E-1
-5.705280E-1
-5.719980E-1
-5.719980E-1
-5.690580E-1
-5.661180E-1
-5.602380E-1
-5.543580E-1
-5.470080E-1
-5.411280E-1
-5.337780E-1
-5.293680E-1
-5.234880E-1
-5.205480E-1
-5.176080E-1
-5.161380E-1
-5.161380E-1
-5.146680E-1
-5.146680E-1
-5.146680E-1
-5.131980E-1
-5.102580E-1
-5.087880E-1
-5.058480E-1
-5.029080E-1
-4.999680E-1
-4.984980E-1
-4.984980E-1
-4.984980E-1
-5.014380E-1
-5.043780E-1
-5.073180E-1
-5.117280E-1
-5.161380E-1
-5.205480E-1
-5.234880E-1
-5.264280E-1
-5.278980E-1
-5.278980E-1
-5.278980E-1
-5.278980E-1
-5.293680E-1
-5.308380E-1
-5.337780E-1
-5.381880E-1
-5.440680E-1
-5.499480E-1
-5.558280E-1
-5.617080E-1
-5.661180E-1
-5.675880E-1
-5.690580E-1
-5.690580E-1
-5.675880E-1
-5.646480E-1
-5.602380E-1
-5.543580E-1
-5.499480E-1
-5.425980E-1
-5.367180E-1
-5.308380E-1
-5.249580E-1
-5.205480E-1
-5.161380E-1
-5.117280E-1
-5.087880E-1
-5.073180E-1
-5.043780E-1
-5.029080E-1
-5.014380E-1
-4.999680E-1
-4.984980E-1
-4.999680E-1
-4.999680E-1
-5.014380E-1
-5.043780E-1
-5.058480E-1
-5.087880E-1
-5.102580E-1
-5.117280E-1
-5.117280E-1
-5.117280E-1
-5.117280E-1
-5.117280E-1
-5.117280E-1
-5.117280E-1
-5.131980E-1
-5.146680E-1
-5.161380E-1
-5.190780E-1
-5.205480E-1
-5.220180E-1
-5.220180E-1
-5.205480E-1
-5.190780E-1
-5.176080E-1
-5.146680E-1
-5.102580E-1
-5.073180E-1
-5.058480E-1
-5.043780E-1
-5.029080E-1
-5.029080E-1
-5.029080E-1
-5.043780E-1
-5.058480E-1
-5.087880E-1
-5.102580E-1
-5.131980E-1
-5.146680E-1
-5.176080E-1
-5.205480E-1
-5.220180E-1
-5.249580E-1
-5.264280E-1
-5.278980E-1
-5.278980E-1
-5.278980E-1
-5.264280E-1
-5.234880E-1
-5.220180E-1
-5.176080E-1
-5.146680E-1
-5.117280E-1
-5.073180E-1
-5.043780E-1
-5.029080E-1
-4.999680E-1
-4.984980E-1
-4.984980E-1
-4.984980E-1
-4.999680E-1
-5.014380E-1
-5.029080E-1
-5.043780E-1
-5.058480E-1
-5.073180E-1
-5.087880E-1
-5.117280E-1
-5.161380E-1
-5.220180E-1
-5.278980E-1
-5.352480E-1
-5.411280E-1
-5.455380E-1
-5.499480E-1
-5.514180E-1
-5.514180E-1
-5.499480E-1
-5.470080E-1
-5.455380E-1
-5.440680E-1
-5.440680E-1
-5.440680E-1
-5.470080E-1
-5.499480E-1
-5.528880E-1
-5.543580E-1
-5.543580E-1
-5.543580E-1
-5.514180E-1
-5.499480E-1
-5.470080E-1
-5.440680E-1
-5.440680E-1
-5.440680E-1
-5.455380E-1
-5.470080E-1
-5.484780E-1
-5.470080E-1
-5.455380E-1
-5.396580E-1
-5.337780E-1
-5.249580E-1
-5.146680E-1
-5.058480E-1
-4.970280E-1
-4.896780E-1
-4.852680E-1
-4.837980E-1
-4.823280E-1
-4.823280E-1
-4.823280E-1
-4.823280E-1
-4.808580E-1
-4.779180E-1
-4.749780E-1
-4.690980E-1
-4.646880E-1
-4.602780E-1
-4.573380E-1
-4.558680E-1
-4.558680E-1
-4.588080E-1
-4.632180E-1
-4.705680E-1
-4.764480E-1
-4.837980E-1
-4.911480E-1
-4.984980E-1
-5.043780E-1
-5.102580E-1
-5.161380E-1
-5.205480E-1
-5.249580E-1
-5.308380E-1
-5.367180E-1
-5.425980E-1
-5.470080E-1
-5.528880E-1
-5.587680E-1
-5.631780E-1
-5.661180E-1
-5.690580E-1
-5.705280E-1
-5.719980E-1
-5.719980E-1
-5.705280E-1
-5.690580E-1
-5.675880E-1
-5.646480E-1
-5.617080E-1
-5.587680E-1
-5.572980E-1
-5.558280E-1
-5.543580E-1
-5.514180E-1
-5.499480E-1
-5.484780E-1
-5.455380E-1
-5.425980E-1
-5.381880E-1
-5.352480E-1
-5.308380E-1
-5.278980E-1
-5.249580E-1
-5.205480E-1
-5.176080E-1
-5.131980E-1
-5.102580E-1
-5.087880E-1
-5.087880E-1
-5.087880E-1
-5.131980E-1
-5.176080E-1
-5.234880E-1
-5.293680E-1
-5.337780E-1
-5.381880E-1
-5.411280E-1
-5.425980E-1
-5.425980E-1
-5.425980E-1
-5.425980E-1
-5.425980E-1
-5.425980E-1
-5.440680E-1
-5.470080E-1
-5.484780E-1
-5.514180E-1
-5.543580E-1
-5.558280E-1
-5.572980E-1
-5.587680E-1
-5.572980E-1
-5.558280E-1
-5.543580E-1
-5.514180E-1
-5.499480E-1
-5.484780E-1
-5.455380E-1
-5.440680E-1
-5.425980E-1
-5.396580E-1
-5.367180E-1
-5.337780E-1
-5.293680E-1
-5.249580E-1
-5.190780E-1
-5.146680E-1
-5.087880E-1
-5.043780E-1
-4.999680E-1
-4.970280E-1
-4.940880E-1
-4.926180E-1
-4.911480E-1
-4.911480E-1
-4.911480E-1
-4.926180E-1
-4.955580E-1
-4.984980E-1
-5.043780E-1
-5.102580E-1
-5.190780E-1
-5.293680E-1
-5.396580E-1
-5.499480E-1
-5.587680E-1
-5.675880E-1
-5.764080E-1
-5.822880E-1
-5.866980E-1
-5.881680E-1
-5.896380E-1
-5.881680E-1
-5.852280E-1
-5.808180E-1
-5.749380E-1
-5.690580E-1
-5.602380E-1
-5.528880E-1
-5.440680E-1
-5.367180E-1
-5.293680E-1
-5.234880E-1
-5.205480E-1
-5.176080E-1
-5.176080E-1
-5.176080E-1
-5.190780E-1
-5.190780E-1
-5.190780E-1
-5.190780E-1
-5.146680E-1
-5.102580E-1
-5.029080E-1
-4.955580E-1
-4.867380E-1
-4.793880E-1
-4.735080E-1
-4.676280E-1
-4.646880E-1
-4.646880E-1
-4.661580E-1
-4.690980E-1
-4.735080E-1
-4.779180E-1
-4.837980E-1
-4.882080E-1
-4.926180E-1
-4.984980E-1
-5.043780E-1
-5.117280E-1
-5.205480E-1
-5.308380E-1
-5.440680E-1
-5.602380E-1
-5.778780E-1
-5.984580E-1
-6.205080E-1
-6.454980E-1
-6.734280E-1
-7.028280E-1
-7.336980E-1
-7.675080E-1
-8.013180E-1
-8.351280E-1
-8.704080E-1
-9.042180E-1
-9.365580E-1
-9.688980E-1
-9.997680E-1
-1.030638E+0
-1.060038E+0
-1.089438E+0
-1.115898E+0
-1.139418E+0
-1.161468E+0
-1.179108E+0
-1.192338E+0
-1.202628E+0
-1.209978E+0
-1.215858E+0
-1.218798E+0
-1.221738E+0
-1.224678E+0
-1.227618E+0
-1.229088E+0
-1.232028E+0
-1.233498E+0
-1.234968E+0
-1.236438E+0
-1.239378E+0
-1.242318E+0
-1.246728E+0
-1.254078E+0
-1.261428E+0
-1.270248E+0
-1.280538E+0
-1.289358E+0
-1.298178E+0
-1.304058E+0
-1.309938E+0
-1.314348E+0
-1.317288E+0
-1.318758E+0
-1.321698E+0
-1.326108E+0
-1.330518E+0
-1.334928E+0
-1.342278E+0
-1.348158E+0
-1.356978E+0
-1.364328E+0
-1.371678E+0
-1.376088E+0
-1.380498E+0
-1.380498E+0
-1.380498E+0
-1.379028E+0
-1.376088E+0
-1.374618E+0
-1.373148E+0
-1.371678E+0
-1.371678E+0
-1.371678E+0
-1.370208E+0
-1.368738E+0
-1.365798E+0
-1.362858E+0
-1.356978E+0
-1.352568E+0
-1.351098E+0
-1.351098E+0
-1.355508E+0
-1.362858E+0
-1.374618E+0
-1.390788E+0
-1.408428E+0
-1.427538E+0
-1.446648E+0
-1.462818E+0
-1.476048E+0
-1.484868E+0
-1.490748E+0
-1.492218E+0
-1.490748E+0
-1.486338E+0
-1.478988E+0
-1.470168E+0
-1.461348E+0
-1.452528E+0
-1.446648E+0
-1.440768E+0
-1.437828E+0
-1.437828E+0
-1.440768E+0
-1.448118E+0
-1.456938E+0
-1.470168E+0
-1.484868E+0
-1.501038E+0
-1.517208E+0
-1.531908E+0
-1.545138E+0
-1.553958E+0
-1.559838E+0
-1.561308E+0
-1.561308E+0
-1.559838E+0
-1.558368E+0
-1.558368E+0
-1.561308E+0
-1.567188E+0
-1.576008E+0
-1.587768E+0
-1.600998E+0
-1.615698E+0
-1.628928E+0
-1.639218E+0
-1.648038E+0
-1.655388E+0
-1.659798E+0
-1.662738E+0
-1.664208E+0
-1.667148E+0
-1.670088E+0
-1.671558E+0
-1.674498E+0
-1.675968E+0
-1.675968E+0
-1.673028E+0
-1.667148E+0
-1.658328E+0
-1.648038E+0
-1.634808E+0
-1.621578E+0
-1.609818E+0
-1.600998E+0
-1.596588E+0
-1.598058E+0
-1.603938E+0
-1.614228E+0
-1.627458E+0
-1.643628E+0
-1.659798E+0
-1.674498E+0
-1.686258E+0
-1.695078E+0
-1.702428E+0
-1.705368E+0
-1.708308E+0
-1.711248E+0
-1.714188E+0
-1.718598E+0
-1.724478E+0
-1.730358E+0
-1.736238E+0
-1.742118E+0
-1.747998E+0
-1.752408E+0
-1.756818E+0
-1.761228E+0
-1.765638E+0
-1.770048E+0
-1.775928E+0
-1.781808E+0
-1.787688E+0
-1.795038E+0
-1.802388E+0
-1.806798E+0
-1.811208E+0
-1.812678E+0
-1.812678E+0
-1.808268E+0
-1.800918E+0
-1.793568E+0
-1.783278E+0
-1.774458E+0
-1.768578E+0
-1.764168E+0
-1.765638E+0
-1.770048E+0
-1.778868E+0
-1.790628E+0
-1.805328E+0
-1.820028E+0
-1.833258E+0
-1.845018E+0
-1.853838E+0
-1.861188E+0
-1.865598E+0
-1.870008E+0
-1.871478E+0
-1.872948E+0
-1.874418E+0
-1.875888E+0
-1.878828E+0
-1.880298E+0
-1.884708E+0
-1.890588E+0
-1.897938E+0
-1.906758E+0
-1.918518E+0
-1.930278E+0
-1.942038E+0
-1.955268E+0
-1.967028E+0
-1.977318E+0
-1.987608E+0
-1.994958E+0
-2.000838E+0
-2.003778E+0
-2.005248E+0
-2.003778E+0
-2.000838E+0
-1.994958E+0
-1.987608E+0
-1.978788E+0
-1.971438E+0
-1.965558E+0
-1.961148E+0
-1.959678E+0
-1.961148E+0
-1.967028E+0
-1.975848E+0
-1.989078E+0
-2.003778E+0
-2.019948E+0
-2.037588E+0
-2.053758E+0
-2.068458E+0
-2.078748E+0
-2.084628E+0
-2.086098E+0
-2.080218E+0
-2.071398E+0
-2.058168E+0
-2.041998E+0
-2.025828E+0
-2.011128E+0
-1.997898E+0
-1.987608E+0
-1.981728E+0
-1.978788E+0
-1.981728E+0
-1.986138E+0
-1.994958E+0
-2.003778E+0
-2.014068E+0
-2.024358E+0
-2.031708E+0
-2.039058E+0
-2.044938E+0
-2.049348E+0
-2.053758E+0
-2.056698E+0
-2.061108E+0
-2.066988E+0
-2.075808E+0
-2.086098E+0
-2.097858E+0
-2.111088E+0
-2.125788E+0
-2.139018E+0
-2.152248E+0
-2.164008E+0
-2.172828E+0
-2.180178E+0
-2.187528E+0
-2.193408E+0
-2.199288E+0
-2.206638E+0
-2.216928E+0
-2.228688E+0
-2.241918E+0
-2.253678E+0
-2.265438E+0
-2.274258E+0
-2.280138E+0
-2.281608E+0
-2.278668E+0
-2.274258E+0
-2.268378E+0
-2.262498E+0
-2.259558E+0
-2.259558E+0
-2.262498E+0
-2.268378E+0
-2.275728E+0
-2.286018E+0
-2.294838E+0
-2.303658E+0
-2.312478E+0
-2.321298E+0
-2.328648E+0
-2.337468E+0
-2.346288E+0
-2.353638E+0
-2.360988E+0
-2.366868E+0
-2.371278E+0
-2.371278E+0
-2.368338E+0
-2.363928E+0
-2.356578E+0
-2.349228E+0
-2.341878E+0
-2.335998E+0
-2.333058E+0
-2.333058E+0
-2.334528E+0
-2.340408E+0
-2.349228E+0
-2.360988E+0
-2.374218E+0
-2.388918E+0
-2.403618E+0
-2.418318E+0
-2.433018E+0
-2.447718E+0
-2.460948E+0
-2.474178E+0
-2.484468E+0
-2.494758E+0
-2.502108E+0
-2.507988E+0
-2.509458E+0
-2.509458E+0
-2.505048E+0
-2.497698E+0
-2.488878E+0
-2.477118E+0
-2.466828E+0
-2.458008E+0
-2.452128E+0
-2.447718E+0
-2.447718E+0
-2.452128E+0
-2.458008E+0
-2.466828E+0
-2.477118E+0
-2.485938E+0
-2.493288E+0
-2.499168E+0
-2.503578E+0
-2.505048E+0
-2.505048E+0
-2.503578E+0
-2.502108E+0
-2.502108E+0
-2.502108E+0
-2.502108E+0
-2.505048E+0
-2.509458E+0
-2.513868E+0
-2.521218E+0
-2.531508E+0
-2.541798E+0
-2.555028E+0
-2.568258E+0
-2.584428E+0
-2.599128E+0
-2.612358E+0
-2.622648E+0
-2.628528E+0
-2.631468E+0
-2.627058E+0
-2.621178E+0
-2.610888E+0
-2.600598E+0
-2.591778E+0
-2.587368E+0
-2.588838E+0
-2.596188E+0
-2.610888E+0
-2.629998E+0
-2.652048E+0
-2.675568E+0
-2.696148E+0
-2.713788E+0
-2.727018E+0
-2.735838E+0
-2.741718E+0
-2.746128E+0
-2.752008E+0
-2.759358E+0
-2.769648E+0
-2.782878E+0
-2.796108E+0
-2.809338E+0
-2.821098E+0
-2.829918E+0
-2.834328E+0
-2.832858E+0
-2.826978E+0
-2.816688E+0
-2.801988E+0
-2.785818E+0
-2.765238E+0
-2.744658E+0
-2.725548E+0
-2.707908E+0
-2.693208E+0
-2.684388E+0
-2.681448E+0
-2.682918E+0
-2.690268E+0
-2.700558E+0
-2.712318E+0
-2.721138E+0
-2.727018E+0
-2.727018E+0
-2.722608E+0
-2.716728E+0
-2.706438E+0
-2.699088E+0
-2.693208E+0
-2.693208E+0
-2.697618E+0
-2.706438E+0
-2.721138E+0
-2.740248E+0
-2.759358E+0
-2.779938E+0
-2.797578E+0
-2.813748E+0
-2.826978E+0
-2.837268E+0
-2.846088E+0
-2.851968E+0
-2.857848E+0
-2.863728E+0
-2.869608E+0
-2.874018E+0
-2.876958E+0
-2.881368E+0
-2.882838E+0
-2.885778E+0
-2.887248E+0
-2.890188E+0
-2.891658E+0
-2.896068E+0
-2.900478E+0
-2.903418E+0
-2.906358E+0
-2.904888E+0
-2.901948E+0
-2.894598E+0
-2.885778E+0
-2.875488E+0
-2.863728E+0
-2.853438E+0
-2.844618E+0
-2.837268E+0
-2.834328E+0
-2.832858E+0
-2.835798E+0
-2.841678E+0
-2.850498E+0
-2.860788E+0
-2.874018E+0
-2.885778E+0
-2.896068E+0
-2.904888E+0
-2.907828E+0
-2.906358E+0
-2.903418E+0
-2.897538E+0
-2.890188E+0
-2.884308E+0
-2.881368E+0
-2.881368E+0
-2.885778E+0
-2.893128E+0
-2.903418E+0
-2.915178E+0
-2.928408E+0
-2.941638E+0
-2.953398E+0
-2.965158E+0
-2.975448E+0
-2.982798E+0
-2.988678E+0
-2.993088E+0
-2.996028E+0
-2.998968E+0
-3.003378E+0
-3.009258E+0
-3.018078E+0
-3.029838E+0
-3.044538E+0
-3.060708E+0
-3.078348E+0
-3.094518E+0
-3.112158E+0
-3.128328E+0
-3.144498E+0
-3.162138E+0
-3.178308E+0
-3.195948E+0
-3.212118E+0
-3.229758E+0
-3.245928E+0
-3.259158E+0
-3.269448E+0
-3.275328E+0
-3.276798E+0
-3.275328E+0
-3.269448E+0
-3.259158E+0
-3.248868E+0
-3.237108E+0
-3.225348E+0
-3.213588E+0
-3.203298E+0
-3.195948E+0
-3.190068E+0
-3.188598E+0
-3.188598E+0
-3.193008E+0
-3.198888E+0
-3.209178E+0
-3.220938E+0
-3.234168E+0
-3.250338E+0
-3.265038E+0
-3.281208E+0
-3.295908E+0
-3.310608E+0
-3.325308E+0
-3.338538E+0
-3.350298E+0
-3.362058E+0
-3.370878E+0
-3.376758E+0
-3.378228E+0
-3.375288E+0
-3.366468E+0
-3.354708E+0
-3.338538E+0
-3.322368E+0
-3.307668E+0
-3.292968E+0
-3.281208E+0
-3.273858E+0
-3.267978E+0
-3.265038E+0
-3.263568E+0
-3.262098E+0
-3.262098E+0
-3.263568E+0
-3.263568E+0
-3.265038E+0
-3.266508E+0
-3.270918E+0
-3.273858E+0
-3.278268E+0
-3.282678E+0
-3.290028E+0
-3.297378E+0
-3.306198E+0
-3.316488E+0
-3.329718E+0
-3.341478E+0
-3.354708E+0
-3.364998E+0
-3.373818E+0
-3.379698E+0
-3.379698E+0
-3.376758E+0
-3.370878E+0
-3.363528E+0
-3.354708E+0
-3.345888E+0
-3.340008E+0
-3.337068E+0
-3.337068E+0
-3.340008E+0
-3.345888E+0
-3.353238E+0
-3.362058E+0
-3.372348E+0
-3.382638E+0
-3.394398E+0
-3.407628E+0
-3.423798E+0
-3.441438E+0
-3.462018E+0
-3.482598E+0
-3.503178E+0
-3.525228E+0
-3.547278E+0
-3.567858E+0
-3.586968E+0
-3.603138E+0
-3.616368E+0
-3.623718E+0
-3.626658E+0
-3.622248E+0
-3.611958E+0
-3.594318E+0
-3.567858E+0
-3.536988E+0
-3.498768E+0
-3.459078E+0
-3.417918E+0
-3.376758E+0
-3.340008E+0
-3.309138E+0
-3.287088E+0
-3.273858E+0
-3.272388E+0
-3.282678E+0
-3.303258E+0
-3.334128E+0
-3.373818E+0
-3.417918E+0
-3.463488E+0
-3.509058E+0
-3.550218E+0
-3.586968E+0
-3.617838E+0
-3.638418E+0
-3.651648E+0
-3.658998E+0
-3.658998E+0
-3.654588E+0
-3.647238E+0
-3.636948E+0
-3.628128E+0
-3.619308E+0
-3.613428E+0
-3.610488E+0
-3.613428E+0
-3.620778E+0
-3.634008E+0
-3.651648E+0
-3.672228E+0
-3.694278E+0
-3.713388E+0
-3.728088E+0
-3.736908E+0
-3.738378E+0
-3.732498E+0
-3.722208E+0
-3.706038E+0
-3.688398E+0
-3.672228E+0
-3.656058E+0
-3.644298E+0
-3.638418E+0
-3.638418E+0
-3.645768E+0
-3.660468E+0
-3.683988E+0
-3.714858E+0
-3.750138E+0
-3.788358E+0
-3.825108E+0
-3.855978E+0
-3.876558E+0
-3.883908E+0
-3.878028E+0
-3.858918E+0
-3.829518E+0
-3.792768E+0
-3.754548E+0
-3.720738E+0
-3.695748E+0
-3.682518E+0
-3.682518E+0
-3.695748E+0
-3.722208E+0
-3.758958E+0
-3.801588E+0
-3.848628E+0
-3.895668E+0
-3.939768E+0
-3.977988E+0
-4.007388E+0
-4.029438E+0
-4.041198E+0
-4.041198E+0
-4.032378E+0
-4.013268E+0
-3.986808E+0
-3.954468E+0
-3.922128E+0
-3.888318E+0
-3.858918E+0
-3.835398E+0
-3.817758E+0
-3.805998E+0
-3.798648E+0
-3.795708E+0
-3.795708E+0
-3.800118E+0
-3.807468E+0
-3.817758E+0
-3.832458E+0
-3.851568E+0
-3.872148E+0
-3.894198E+0
-3.914778E+0
-3.930948E+0
-3.941238E+0
-3.945648E+0
-3.945648E+0
-3.941238E+0
-3.936828E+0
-3.933888E+0
-3.933888E+0
-3.941238E+0
-3.954468E+0
-3.973578E+0
-3.995628E+0
-4.019148E+0
-4.041198E+0
-4.058838E+0
-4.070598E+0
-4.073538E+0
-4.070598E+0
-4.060308E+0
-4.050018E+0
-4.041198E+0
-4.038258E+0
-4.042668E+0
-4.057368E+0
-4.082358E+0
-4.114698E+0
-4.152918E+0
-4.191138E+0
-4.226418E+0
-4.254348E+0
-4.273458E+0
-4.279338E+0
-4.276398E+0
-4.258758E+0
-4.229358E+0
-4.183788E+0
-4.120578E+0
-4.041198E+0
-3.947118E+0
-3.841278E+0
-3.731028E+0
-3.622248E+0
-3.522288E+0
-3.439968E+0
-3.376758E+0
-3.338538E+0
-3.325308E+0
-3.335598E+0
-3.367938E+0
-3.434088E+0
-3.536988E+0
-3.678108E+0
-3.858918E+0
-4.083828E+0
-4.346958E+0
-4.639488E+0
-4.949658E+0
-5.274528E+0
-5.617038E+0
-5.977188E+0
-6.347628E+0
-6.716598E+0
-7.069398E+0
-7.388388E+0
-7.642698E+0
-7.824978E+0
-7.945518E+0
-8.020488E+0
-8.085168E+0
-8.170428E+0
-8.313018E+0
-8.552628E+0
-8.898078E+0
-9.396408E+0
-1.007261E+1
-1.101341E+1
-1.234082E+1
-1.448555E+1
-2.088005E+1
-2.088005E+1
-2.088005E+1
-2.088005E+1
-2.088005E+1
-2.088005E+1
-2.088005E+1
-2.088005E+1
-2.088005E+1
-2.088005E+1
-2.088005E+1
-2.088005E+1
-2.088005E+1
-2.088005E+1
-2.088005E+1
-2.088005E+1
-2.088005E+1
-2.088005E+1
-2.088005E+1
-2.088005E+1
-2.088005E+1
-2.088005E+1
-2.088005E+1
-2.088005E+1
-2.088005E+1
-2.088005E+1
-2.088005E+1
-2.088005E+1
-2.088005E+1
-2.088005E+1
-2.088005E+1
-2.088005E+1
-2.088005E+1
-2.088005E+1
-1.738439E+1
-1.448555E+1
-1.349330E+1
-1.315961E+1
-1.315961E+1
-1.342274E+1
-1.380494E+1
-1.448555E+1
-1.514852E+1
-1.514852E+1
-1.437383E+1
-1.342274E+1
-1.261277E+1
-1.198802E+1
-1.156319E+1
-1.131035E+1
-1.131035E+1
-1.159259E+1
-1.229966E+1
-1.389020E+1
-2.088005E+1
-2.088005E+1
-2.088005E+1
-2.088005E+1
-2.088005E+1
-2.088005E+1
-2.088005E+1
-2.088005E+1
-2.088005E+1
-2.088005E+1
-2.088005E+1
-2.088005E+1
-2.088005E+1
-2.088005E+1
-2.088005E+1
-2.088005E+1
-2.088005E+1
-2.088005E+1
-2.088005E+1
-1.514852E+1
-1.298027E+1
-1.198802E+1
-1.139120E+1
-1.098989E+1
-1.071206E+1
-1.053860E+1
-1.044746E+1
-1.042982E+1
-1.050185E+1
-1.061357E+1
-1.077380E+1
-1.092374E+1
-1.103693E+1
-1.108397E+1
-1.103693E+1
-1.087964E+1
-1.065326E+1
-1.039454E+1
-1.011818E+1
-9.844758E+0
-9.615438E+0
-9.440508E+0
-9.330258E+0
-9.289098E+0
-9.342018E+0
-9.496368E+0
-9.791838E+0
-1.022696E+1
-1.087964E+1
-1.181456E+1
-1.335365E+1
-1.786949E+1
-2.088005E+1
-2.088005E+1
-2.088005E+1
-2.088005E+1
-2.088005E+1
-2.088005E+1
-2.088005E+1
-2.088005E+1
-2.088005E+1
-2.088005E+1
-2.088005E+1
-2.088005E+1
-2.088005E+1
-2.088005E+1
-2.088005E+1
-2.088005E+1
-2.088005E+1
-2.088005E+1
-2.088005E+1
-2.088005E+1
-2.088005E+1
-2.088005E+1
-2.088005E+1
-1.460315E+1
-1.128389E+1
-1.008731E+1
-9.428748E+0
-9.033318E+0
-8.821638E+0
-8.746668E+0
-8.779008E+0
-8.915718E+0
-9.127398E+0
-9.418458E+0
-9.765378E+0
-1.019609E+1
-1.069148E+1
-1.131035E+1
-1.213796E+1
-1.342274E+1
-1.665380E+1
-2.088005E+1
-2.088005E+1
-2.088005E+1
-2.088005E+1
-2.088005E+1
-2.088005E+1
-2.088005E+1
-2.088005E+1
-2.088005E+1
-2.088005E+1
-2.088005E+1
-2.088005E+1
-2.088005E+1
-2.088005E+1
-2.088005E+1
-2.088005E+1
-2.088005E+1
-2.088005E+1
-2.088005E+1
-2.088005E+1
-2.088005E+1
-2.088005E+1
-1.448555E+1
-1.276271E+1
-1.202477E+1
-1.168520E+1
-1.162346E+1
-1.178222E+1
-1.209974E+1
-1.261277E+1
-1.328750E+1
-1.416803E+1
-1.499858E+1
-1.531022E+1
-1.485893E+1
-1.407101E+1
-1.322135E+1
-1.261277E+1
-1.209974E+1
-1.174841E+1
-1.153379E+1
-1.141913E+1
-1.136327E+1
-1.136327E+1
-1.136327E+1
-1.131035E+1
-1.123244E+1
-1.108397E+1
-1.094579E+1
-1.081496E+1
-1.073264E+1
-1.073264E+1
-1.083554E+1
-1.106045E+1
-1.141913E+1
-1.198802E+1
-1.286855E+1
-1.448555E+1
-2.088005E+1
-2.088005E+1
-2.088005E+1
-2.088005E+1
-2.088005E+1
-2.088005E+1
-2.088005E+1
-2.088005E+1
-2.088005E+1
-2.088005E+1
-2.088005E+1
-2.088005E+1
-1.698896E+1
-1.407101E+1
-1.298027E+1
-1.225850E+1
-1.174841E+1
-1.133681E+1
-1.096784E+1
-1.061357E+1
-1.029311E+1
-1.004321E+1
-9.872688E+0
-9.805068E+0
-9.857988E+0
-1.004321E+1
-1.042982E+1
-1.108397E+1
-1.217765E+1
-1.448555E+1
-2.088005E+1
-2.088005E+1
-2.088005E+1
-2.088005E+1
-2.088005E+1
-2.088005E+1
-2.088005E+1
-2.088005E+1
-1.786949E+1
-1.397840E+1
-1.276271E+1
-1.217765E+1
-1.184837E+1
-1.174841E+1
-1.188218E+1
-1.234082E+1
-1.335365E+1
-1.698896E+1
-2.088005E+1
-2.088005E+1
-2.088005E+1
-2.088005E+1
-2.088005E+1
-2.088005E+1
-2.088005E+1
-2.088005E+1
-2.088005E+1
-2.088005E+1
-2.088005E+1
-2.088005E+1
-2.088005E+1
-2.088005E+1
-2.088005E+1
-2.088005E+1
-2.088005E+1
-2.088005E+1
-2.088005E+1
-1.389020E+1
-1.256573E+1
-1.229966E+1
-1.276271E+1
-1.472663E+1
-2.088005E+1
-2.088005E+1
-2.088005E+1
-2.088005E+1
-2.088005E+1
-2.088005E+1
-2.088005E+1
-2.088005E+1
-2.088005E+1
-2.088005E+1
-2.088005E+1
-2.088005E+1
-1.460315E+1
-1.315961E+1
-1.247312E+1
-1.213796E+1
-1.191746E+1
-1.178222E+1
-1.168520E+1
-1.165433E+1
-1.171607E+1
-1.188218E+1
-1.213796E+1
-1.261277E+1
-1.342274E+1
-1.485893E+1
-1.937477E+1
-2.088005E+1
-2.088005E+1
-2.088005E+1
-2.088005E+1
-2.088005E+1
-1.786949E+1
-1.437383E+1
-1.309787E+1
-1.234082E+1
-1.188218E+1
-1.159259E+1
-1.141913E+1
-1.123244E+1
-1.106045E+1
-1.079438E+1
-1.046510E+1
-1.008731E+1
-9.702168E+0
-9.330258E+0
-9.005388E+0
-8.746668E+0
-8.567328E+0
-8.471778E+0
-8.471778E+0
-8.567328E+0
-8.771658E+0
-9.118578E+0
-9.627198E+0
-1.041218E+1
-1.178222E+1
-1.636421E+1
-2.088005E+1
-2.088005E+1
-2.088005E+1
-2.088005E+1
-2.088005E+1
-2.088005E+1
-2.088005E+1
-2.088005E+1
-2.088005E+1
-2.088005E+1
-2.088005E+1
-2.088005E+1
-2.088005E+1
-2.088005E+1
-2.088005E+1
-2.088005E+1
-2.088005E+1
-2.088005E+1
-2.088005E+1
-2.088005E+1
-2.088005E+1
-2.088005E+1
-2.088005E+1
-2.088005E+1
-2.088005E+1
-2.088005E+1
-2.088005E+1
-2.088005E+1
-2.088005E+1
-2.088005E+1
-2.088005E+1
-2.088005E+1
-2.088005E+1
-1.460315E+1
-1.247312E+1
-1.156319E+1
-1.110749E+1
-1.092374E+1
-1.096784E+1
-1.123244E+1
-1.178222E+1
-1.276271E+1
-1.514852E+1
-2.088005E+1
-2.088005E+1
-2.088005E+1
-2.088005E+1
-2.088005E+1
-2.088005E+1
-2.088005E+1
-2.088005E+1
-2.088005E+1
-2.088005E+1
-2.088005E+1
-2.088005E+1
-2.088005E+1
-2.088005E+1
-2.088005E+1
-2.088005E+1
-2.088005E+1
-2.088005E+1
-2.088005E+1
-2.088005E+1
-2.088005E+1
-2.088005E+1
-2.088005E+1
-2.088005E+1
-2.088005E+1
-2.088005E+1
-2.088005E+1
-2.088005E+1
-2.088005E+1
-2.088005E+1
-2.088005E+1
-2.088005E+1
-2.088005E+1
-1.610843E+1
-1.356680E+1
-1.238492E+1
-1.165433E+1
-1.113248E+1
-1.079438E+1
-1.057535E+1
-1.048274E+1
-1.046510E+1
-1.051949E+1
-1.065326E+1
-1.081496E+1
-1.103693E+1
-1.128389E+1
-1.156319E+1
-1.188218E+1
-1.221734E+1
-1.271273E+1
-1.335365E+1
-1.437383E+1
-1.665380E+1
-2.088005E+1
-2.088005E+1
-2.088005E+1
-2.088005E+1
-2.088005E+1
-2.088005E+1
-2.088005E+1
-2.088005E+1
-2.088005E+1
-2.088005E+1
-2.088005E+1
-2.088005E+1
-2.088005E+1
-2.088005E+1
-2.088005E+1
-2.088005E+1
-2.088005E+1
-2.088005E+1
-2.088005E+1
-2.088005E+1
-2.088005E+1
-2.088005E+1
-2.088005E+1
-2.088005E+1
-2.088005E+1
-2.088005E+1
-2.088005E+1
-2.088005E+1
-2.088005E+1
-2.088005E+1
-2.088005E+1
-2.088005E+1
-2.088005E+1
-2.088005E+1
-2.088005E+1
-2.088005E+1
-2.088005E+1
-2.088005E+1
-2.088005E+1
-2.088005E+1
-2.088005E+1
-2.088005E+1
-2.088005E+1
-2.088005E+1
-2.088005E+1
-2.088005E+1
-1.426799E+1
-1.251869E+1
-1.181456E+1
-1.150439E+1
-1.139120E+1
-1.139120E+1
-1.144706E+1
-1.153379E+1
-1.162346E+1
-1.178222E+1
-1.206152E+1
-1.256573E+1
-1.364324E+1
-1.849424E+1
-2.088005E+1
-2.088005E+1
-2.088005E+1
-2.088005E+1
-2.088005E+1
-2.088005E+1
-2.088005E+1
-2.088005E+1
-2.088005E+1
-2.088005E+1
-2.088005E+1
-2.088005E+1
-2.088005E+1
-2.088005E+1
-2.088005E+1
-2.088005E+1
-2.088005E+1
-2.088005E+1
-2.088005E+1
-2.088005E+1
-2.088005E+1
-2.088005E+1
-2.088005E+1
-2.088005E+1
-1.698896E+1
-1.426799E+1
-1.309787E+1
-1.242902E+1
-1.206152E+1
-1.195274E+1
-1.217765E+1
-1.286855E+1
-1.460315E+1
-2.088005E+1
-2.088005E+1
-2.088005E+1
-2.088005E+1
-2.088005E+1
-2.088005E+1
-2.088005E+1
-2.088005E+1
-2.088005E+1
-2.088005E+1
-2.088005E+1
-2.088005E+1
-1.636421E+1
-1.472663E+1
-1.426799E+1
-1.437383E+1
-1.514852E+1
-1.698896E+1
-2.088005E+1
-2.088005E+1
-2.088005E+1
-2.088005E+1
-2.088005E+1
-2.088005E+1
-2.088005E+1
-2.088005E+1
-2.088005E+1
-2.088005E+1
-2.088005E+1
-1.698896E+1
-1.342274E+1
-1.221734E+1
-1.147499E+1
-1.103693E+1
-1.077380E+1
-1.063268E+1
-1.057535E+1
-1.055624E+1
-1.055624E+1
-1.051949E+1
-1.044746E+1
-1.030928E+1
-1.013288E+1
-9.941778E+0
-9.791838E+0
-9.702168E+0
-9.675708E+0
-9.738918E+0
-9.941778E+0
-1.027694E+1
-1.077380E+1
-1.150439E+1
-1.251869E+1
-1.407101E+1
-1.738439E+1
-2.088005E+1
-2.088005E+1
-1.786949E+1
-1.485893E+1
-1.342274E+1
-1.251869E+1
-1.198802E+1
-1.162346E+1
-1.141913E+1
-1.133681E+1
-1.131035E+1
-1.133681E+1
-1.131035E+1
-1.128389E+1
-1.118099E+1
-1.103693E+1
-1.087964E+1
-1.073264E+1
-1.065326E+1
-1.067237E+1
-1.075322E+1
-1.094579E+1
-1.120745E+1
-1.144706E+1
-1.162346E+1
-1.159259E+1
-1.131035E+1
-1.085759E+1
-1.037690E+1
-9.913848E+0
-9.508128E+0
-9.186198E+0
-8.942178E+0
-8.771658E+0
-8.658468E+0
-8.589378E+0
-8.567328E+0
-8.589378E+0
-8.658468E+0
-8.779008E+0
-8.959818E+0
-9.206778E+0
-9.543408E+0
-9.999108E+0
-1.059446E+1
-1.139120E+1
-1.261277E+1
-1.514852E+1
-2.088005E+1
-2.088005E+1
-2.088005E+1
-2.088005E+1
-2.088005E+1
-2.088005E+1
-2.088005E+1
-2.088005E+1
-2.088005E+1
-2.088005E+1
-2.088005E+1
-2.088005E+1
-2.088005E+1
-2.088005E+1
-2.088005E+1
-2.088005E+1
-2.088005E+1
-2.088005E+1
-2.088005E+1
-2.088005E+1
-1.587911E+1
-1.460315E+1
-1.397840E+1
-1.372262E+1
-1.380494E+1
-1.437383E+1
-1.548368E+1
-1.849424E+1
-2.088005E+1
-2.088005E+1
-2.088005E+1
-2.088005E+1
-2.088005E+1
-2.088005E+1
-2.088005E+1
-2.088005E+1
-1.636421E+1
-1.448555E+1
-1.328750E+1
-1.229966E+1
-1.150439E+1
-1.085759E+1
-1.034309E+1
-9.927078E+0
-9.615438E+0
-9.406698E+0
-9.289098E+0
-9.247938E+0
-9.278808E+0
-9.384648E+0
-9.578688E+0
-9.831528E+0
-1.017992E+1
-1.059446E+1
-1.110749E+1
-1.174841E+1
-1.247312E+1
-1.328750E+1
-1.397840E+1
-1.437383E+1
-1.416803E+1
-1.364324E+1
-1.303907E+1
-1.256573E+1
-1.229966E+1
-1.225850E+1
-1.247312E+1
-1.322135E+1
-1.531022E+1
-2.088005E+1
-2.088005E+1
-2.088005E+1
-2.088005E+1
-2.088005E+1
-2.088005E+1
-2.088005E+1
-2.088005E+1
-2.088005E+1
-2.088005E+1
-2.088005E+1
-2.088005E+1
-2.088005E+1
-2.088005E+1
-2.088005E+1
-1.587911E+1
-1.397840E+1
-1.335365E+1
-1.322135E+1
-1.335365E+1
-1.372262E+1
-1.437383E+1
-1.531022E+1
-1.698896E+1
-2.088005E+1
-2.088005E+1
-2.088005E+1
-2.088005E+1
-2.088005E+1
-2.088005E+1
-2.088005E+1
-2.088005E+1
-2.088005E+1
-2.088005E+1
-2.088005E+1
-2.088005E+1
-2.088005E+1
-2.088005E+1
-2.088005E+1
-1.937477E+1
-1.786949E+1
-1.636421E+1
-1.485893E+1
-1.356680E+1
-1.256573E+1
-1.168520E+1
-1.098989E+1
-1.044746E+1
-1.005791E+1
-9.778608E+0
-9.615438E+0
-9.566928E+0
-9.602208E+0
-9.752148E+0
-9.969708E+0
-1.027694E+1
-1.067237E+1
-1.110749E+1
-1.159259E+1
-1.202477E+1
-1.238492E+1
-1.251869E+1
-1.247312E+1
-1.229966E+1
-1.206152E+1
-1.188218E+1
-1.171607E+1
-1.168520E+1
-1.171607E+1
-1.184837E+1
-1.206152E+1
-1.229966E+1
-1.266275E+1
-1.303907E+1
-1.349330E+1
-1.389020E+1
-1.426799E+1
-1.426799E+1
-1.407101E+1
-1.356680E+1
-1.298027E+1
-1.247312E+1
-1.202477E+1
-1.168520E+1
-1.150439E+1
-1.153379E+1
-1.181456E+1
-1.238492E+1
-1.364324E+1
-2.088005E+1
-2.088005E+1
-2.088005E+1
-2.088005E+1
-2.088005E+1
-2.088005E+1
-2.088005E+1
-2.088005E+1
-2.088005E+1
-2.088005E+1
-2.088005E+1
-2.088005E+1
-2.088005E+1
-2.088005E+1
-2.088005E+1
-1.460315E+1
-1.322135E+1
-1.247312E+1
-1.191746E+1
-1.147499E+1
-1.113248E+1
-1.083554E+1
-1.059446E+1
-1.037690E+1
-1.019609E+1
-1.005791E+1
-9.969708E+0
-9.955008E+0
-9.999108E+0
-1.011818E+1
-1.032692E+1
-1.065326E+1
-1.108397E+1
-1.165433E+1
-1.234082E+1
-1.303907E+1
-1.356680E+1
-1.356680E+1
-1.315961E+1
-1.251869E+1
-1.184837E+1
-1.131035E+1
-1.090169E+1
-1.059446E+1
-1.041218E+1
-1.032692E+1
-1.034309E+1
-1.042982E+1
-1.061357E+1
-1.087964E+1
-1.125743E+1
-1.181456E+1
-1.261277E+1
-1.397840E+1
-1.937477E+1
-2.088005E+1
-2.088005E+1
-2.088005E+1
-2.088005E+1
-2.088005E+1
-2.088005E+1
-2.088005E+1
-2.088005E+1
-2.088005E+1
-2.088005E+1
-2.088005E+1
-2.088005E+1
-2.088005E+1
-2.088005E+1
-2.088005E+1
-2.088005E+1
-2.088005E+1
-2.088005E+1
-2.088005E+1
-2.088005E+1
-2.088005E+1
-2.088005E+1
-2.088005E+1
-2.088005E+1
-2.088005E+1
-2.088005E+1
-2.088005E+1
-2.088005E+1
-2.088005E+1
-2.088005E+1
-2.088005E+1
-2.088005E+1
-2.088005E+1
-2.088005E+1
-2.088005E+1
-2.088005E+1
-2.088005E+1
-2.088005E+1
-2.088005E+1
-2.088005E+1
-2.088005E+1
-2.088005E+1
-2.088005E+1
-2.088005E+1
-2.088005E+1
-2.088005E+1
-2.088005E+1
-2.088005E+1
-2.088005E+1
-2.088005E+1
-2.088005E+1
-2.088005E+1
-2.088005E+1
-2.088005E+1
-2.088005E+1
-2.088005E+1
-2.088005E+1
-2.088005E+1
-2.088005E+1
-2.088005E+1
-2.088005E+1
-2.088005E+1
-2.088005E+1
-2.088005E+1
-2.088005E+1
-2.088005E+1
-2.088005E+1
-2.088005E+1
-2.088005E+1
-2.088005E+1
-2.088005E+1
-2.088005E+1
-1.499858E+1
-1.364324E+1
-1.335365E+1
-1.380494E+1
-1.514852E+1
-2.088005E+1
-2.088005E+1
-2.088005E+1
-2.088005E+1
-2.088005E+1
-2.088005E+1
-2.088005E+1
-2.088005E+1
-2.088005E+1
-2.088005E+1
-2.088005E+1
-2.088005E+1
-2.088005E+1
-2.088005E+1
-2.088005E+1
-1.738439E+1
-1.448555E+1
-1.349330E+1
-1.303907E+1
-1.281563E+1
-1.276271E+1
-1.276271E+1
-1.286855E+1
-1.315961E+1
-1.372262E+1
-1.499858E+1
-2.088005E+1
-2.088005E+1
-2.088005E+1
-2.088005E+1
-2.088005E+1
-2.088005E+1
-2.088005E+1
-2.088005E+1
-2.088005E+1
-2.088005E+1
-2.088005E+1
-2.088005E+1
-2.088005E+1
-2.088005E+1
-2.088005E+1
-2.088005E+1
-2.088005E+1
-2.088005E+1
-2.088005E+1
-2.088005E+1
-2.088005E+1
-2.088005E+1
-2.088005E+1
-2.088005E+1
-2.088005E+1
-2.088005E+1
-2.088005E+1
-2.088005E+1
-2.088005E+1
-2.088005E+1
-2.088005E+1
-2.088005E+1
-2.088005E+1
-2.088005E+1
-2.088005E+1
-2.088005E+1
-2.088005E+1
-2.088005E+1
-2.088005E+1
-2.088005E+1
-2.088005E+1
-2.088005E+1
-1.531022E+1
-1.335365E+1
-1.251869E+1
-1.209974E+1
-1.191746E+1
-1.195274E+1
-1.221734E+1
-1.276271E+1
-1.380494E+1
-1.610843E+1
-2.088005E+1
-2.088005E+1
-2.088005E+1
-2.088005E+1
-2.088005E+1
-2.088005E+1
-2.088005E+1
-2.088005E+1
-2.088005E+1
-2.088005E+1
-2.088005E+1
-2.088005E+1
-2.088005E+1
-2.088005E+1
-2.088005E+1
-2.088005E+1
-2.088005E+1
-2.088005E+1
-2.088005E+1
-2.088005E+1
-2.088005E+1
-2.088005E+1
-2.088005E+1
-2.088005E+1
-2.088005E+1
-2.088005E+1
-2.088005E+1
-2.088005E+1
-2.088005E+1
-2.088005E+1
-2.088005E+1
-2.088005E+1
-2.088005E+1
-2.088005E+1
-2.088005E+1
-2.088005E+1
-2.088005E+1
-2.088005E+1
-2.088005E+1
-2.088005E+1
-2.088005E+1
-2.088005E+1
-2.088005E+1
-2.088005E+1
-1.531022E+1
-1.416803E+1
-1.380494E+1
-1.407101E+1
-1.499858E+1
-1.786949E+1
-2.088005E+1
-2.088005E+1
-2.088005E+1
-2.088005E+1
-2.088005E+1
-2.088005E+1
-2.088005E+1
-2.088005E+1
-2.088005E+1
-2.088005E+1
-2.088005E+1
-2.088005E+1
-2.088005E+1
-2.088005E+1
-2.088005E+1
-2.088005E+1
-2.088005E+1
-2.088005E+1
-2.088005E+1
-2.088005E+1
-2.088005E+1
-2.088005E+1
-2.088005E+1
-2.088005E+1
-2.088005E+1
-2.088005E+1
-2.088005E+1
-2.088005E+1
-2.088005E+1
-2.088005E+1
-2.088005E+1
-2.088005E+1
-2.088005E+1
-2.088005E+1
-2.088005E+1
-2.088005E+1
-2.088005E+1
-2.088005E+1
-2.088005E+1
-2.088005E+1
-2.088005E+1
-2.088005E+1
-2.088005E+1
-2.088005E+1
-2.088005E+1
-2.088005E+1
-1.335365E+1
-1.118099E+1
-1.010201E+1
-9.406698E+0
-8.942178E+0
-8.612898E+0
-8.401218E+0
-8.286558E+0
-8.260098E+0
-8.318898E+0
-8.449728E+0
-8.658468E+0
-8.950998E+0
-9.319968E+0
-9.778608E+0
-1.030928E+1
-1.094579E+1
-1.171607E+1
-1.266275E+1
-1.397840E+1
-1.636421E+1
-2.088005E+1
-2.088005E+1
-2.088005E+1
-2.088005E+1
-2.088005E+1
-1.587911E+1
-1.372262E+1
-1.266275E+1
-1.206152E+1
-1.181456E+1
-1.188218E+1
-1.234082E+1
-1.364324E+1
-2.088005E+1
-2.088005E+1
-2.088005E+1
-2.088005E+1
-2.088005E+1
-2.088005E+1
-2.088005E+1
-2.088005E+1
-2.088005E+1
-2.088005E+1
-2.088005E+1
-2.088005E+1
-2.088005E+1
-1.448555E+1
-1.238492E+1
-1.144706E+1
-1.087964E+1
-1.050185E+1
-1.022696E+1
-1.002851E+1
-9.857988E+0
-9.702168E+0
-9.566928E+0
-9.462558E+0
-9.384648E+0
-9.352308E+0
-9.384648E+0
-9.496368E+0
-9.702168E+0
-9.984408E+0
-1.034309E+1
-1.071206E+1
-1.103693E+1
-1.120745E+1
-1.118099E+1
-1.090169E+1
-1.050185E+1
-1.008731E+1
-9.752148E+0
-9.496368E+0
-9.342018E+0
-9.289098E+0
-9.362598E+0
-9.566928E+0
-9.927078E+0
-1.044746E+1
-1.118099E+1
-1.221734E+1
-1.372262E+1
-1.636421E+1
-2.088005E+1
-1.849424E+1
-1.499858E+1
-1.322135E+1
-1.209974E+1
-1.133681E+1
-1.083554E+1
-1.055624E+1
-1.046510E+1
-1.053860E+1
-1.083554E+1
-1.141913E+1
-1.247312E+1
-1.514852E+1
-2.088005E+1
-2.088005E+1
-2.088005E+1
-2.088005E+1
-2.088005E+1
-2.088005E+1
-2.088005E+1
-2.088005E+1
-2.088005E+1
-2.088005E+1
-2.088005E+1
-2.088005E+1
-2.088005E+1
-2.088005E+1
-1.849424E+1
-1.472663E+1
-1.356680E+1
-1.298027E+1
-1.276271E+1
-1.286855E+1
-1.328750E+1
-1.426799E+1
-1.738439E+1
-2.088005E+1
-2.088005E+1
-2.088005E+1
-2.088005E+1
-2.088005E+1
-2.088005E+1
-2.088005E+1
-2.088005E+1
-1.460315E+1
-1.266275E+1
-1.171607E+1
-1.115747E+1
-1.079438E+1
-1.055624E+1
-1.041218E+1
-1.032692E+1
-1.029311E+1
-1.025930E+1
-1.021079E+1
-1.013288E+1
-1.004321E+1
-9.941778E+0
-9.844758E+0
-9.738918E+0
-9.675708E+0
-9.638958E+0
-9.652188E+0
-9.713928E+0
-9.778608E+0
-9.857988E+0
-9.955008E+0
-1.004321E+1
-1.016375E+1
-1.029311E+1
-1.044746E+1
-1.069148E+1
-1.106045E+1
-1.162346E+1
-1.247312E+1
-1.397840E+1
-2.088005E+1
-2.088005E+1
-2.088005E+1
-2.088005E+1
-2.088005E+1
-2.088005E+1
-2.088005E+1
-2.088005E+1
-2.088005E+1
-2.088005E+1
-2.088005E+1
-2.088005E+1
-2.088005E+1
-2.088005E+1
-2.088005E+1
-2.088005E+1
-2.088005E+1
-2.088005E+1
-2.088005E+1
-1.665380E+1
-1.407101E+1
-1.356680E+1
-1.389020E+1
-1.531022E+1
-2.088005E+1
-2.088005E+1
-2.088005E+1
-2.088005E+1
-2.088005E+1
-2.088005E+1
-2.088005E+1
-2.088005E+1
-2.088005E+1
-2.088005E+1
-2.088005E+1
-2.088005E+1
-2.088005E+1
-2.088005E+1
-2.088005E+1
-2.088005E+1
-2.088005E+1
-2.088005E+1
-2.088005E+1
-2.088005E+1
-2.088005E+1
-1.786949E+1
-1.548368E+1
-1.460315E+1
-1.416803E+1
-1.364324E+1
-1.303907E+1
-1.242902E+1
-1.184837E+1
-1.133681E+1
-1.098989E+1
-1.077380E+1
-1.075322E+1
-1.092374E+1
-1.136327E+1
-1.221734E+1
-1.416803E+1
-2.088005E+1
-2.088005E+1
-2.088005E+1
-2.088005E+1
-2.088005E+1
-2.088005E+1
-2.088005E+1
-2.088005E+1
-2.088005E+1
-2.088005E+1
-1.849424E+1
-1.738439E+1
-2.088005E+1
-2.088005E+1
-2.088005E+1
-2.088005E+1
-2.088005E+1
-2.088005E+1
-2.088005E+1
-2.088005E+1
-2.088005E+1
-2.088005E+1
-1.531022E+1
-1.342274E+1
-1.242902E+1
-1.174841E+1
-1.128389E+1
-1.096784E+1
-1.079438E+1
-1.077380E+1
-1.090169E+1
-1.123244E+1
-1.184837E+1
-1.298027E+1
-1.610843E+1
-2.088005E+1
-2.088005E+1
-2.088005E+1
-2.088005E+1
-2.088005E+1
-2.088005E+1
-2.088005E+1
-2.088005E+1
-2.088005E+1
-2.088005E+1
-2.088005E+1
-2.088005E+1
-2.088005E+1
-2.088005E+1
-2.088005E+1
-2.088005E+1
-2.088005E+1
-2.088005E+1
-2.088005E+1
-2.088005E+1
-1.636421E+1
-1.407101E+1
-1.303907E+1
-1.242902E+1
-1.202477E+1
-1.178222E+1
-1.156319E+1
-1.141913E+1
-1.131035E+1
-1.123244E+1
-1.120745E+1
-1.123244E+1
-1.133681E+1
-1.150439E+1
-1.171607E+1
-1.188218E+1
-1.195274E+1
-1.188218E+1
-1.165433E+1
-1.131035E+1
-1.094579E+1
-1.065326E+1
-1.044746E+1
-1.037690E+1
-1.042982E+1
-1.063268E+1
-1.094579E+1
-1.136327E+1
-1.181456E+1
-1.221734E+1
-1.242902E+1
-1.229966E+1
-1.198802E+1
-1.159259E+1
-1.118099E+1
-1.085759E+1
-1.061357E+1
-1.042982E+1
-1.030928E+1
-1.025930E+1
-1.024313E+1
-1.027694E+1
-1.034309E+1
-1.046510E+1
-1.059446E+1
-1.077380E+1
-1.098989E+1
-1.123244E+1
-1.153379E+1
-1.181456E+1
-1.217765E+1
-1.251869E+1
-1.281563E+1
-1.309787E+1
-1.322135E+1
-1.322135E+1
-1.303907E+1
-1.281563E+1
-1.256573E+1
-1.238492E+1
-1.229966E+1
-1.238492E+1
-1.266275E+1
-1.328750E+1
-1.460315E+1
-2.088005E+1
-2.088005E+1
-2.088005E+1
-2.088005E+1
-2.088005E+1
-2.088005E+1
-2.088005E+1
-2.088005E+1
-2.088005E+1
-2.088005E+1
-2.088005E+1
-2.088005E+1
-2.088005E+1
-2.088005E+1
-2.088005E+1
-2.088005E+1
-2.088005E+1
-2.088005E+1
-2.088005E+1
-2.088005E+1
-2.088005E+1
-2.088005E+1
-2.088005E+1
-2.088005E+1
-2.088005E+1
-2.088005E+1
-1.636421E+1
-1.181456E+1
-1.057535E+1
-9.927078E+0
-9.555168E+0
-9.384648E+0
-9.352308E+0
-9.450798E+0
-9.652188E+0
-9.955008E+0
-1.037690E+1
-1.092374E+1
-1.168520E+1
-1.271273E+1
-1.448555E+1
-2.088005E+1
-2.088005E+1
-2.088005E+1
-2.088005E+1
-2.088005E+1
-2.088005E+1
-2.088005E+1
-2.088005E+1
-2.088005E+1
-2.088005E+1
-2.088005E+1
-2.088005E+1
-2.088005E+1
-2.088005E+1
-2.088005E+1
-2.088005E+1
-2.088005E+1
-2.088005E+1
-2.088005E+1
-2.088005E+1
-2.088005E+1
-2.088005E+1
-2.088005E+1
-1.499858E+1
-1.256573E+1
-1.165433E+1
-1.123244E+1
-1.103693E+1
-1.098989E+1
-1.096784E+1
-1.092374E+1
-1.079438E+1
-1.057535E+1
-1.032692E+1
-1.008731E+1
-9.927078E+0
-9.913848E+0
-1.008731E+1
-1.055624E+1
-1.156319E+1
-1.460315E+1
-2.088005E+1
-2.088005E+1
-2.088005E+1
-2.088005E+1
-2.088005E+1
-2.088005E+1
-2.088005E+1
-2.088005E+1
-2.088005E+1
-2.088005E+1
-2.088005E+1
-2.088005E+1
-2.088005E+1
-1.472663E+1
-1.328750E+1
-1.271273E+1
-1.261277E+1
-1.276271E+1
-1.328750E+1
-1.416803E+1
-1.587911E+1
-2.088005E+1
-2.088005E+1
-2.088005E+1
-2.088005E+1
-2.088005E+1
-2.088005E+1
-2.088005E+1
-2.088005E+1
-2.088005E+1
-2.088005E+1
-2.088005E+1
-2.088005E+1
-2.088005E+1
-2.088005E+1
-2.088005E+1
-1.786949E+1
-1.472663E+1
-1.315961E+1
-1.213796E+1
-1.133681E+1
-1.071206E+1
-1.022696E+1
-9.831528E+0
-9.519888E+0
-9.278808E+0
-9.099468E+0
-8.987748E+0
-8.933358E+0
-8.942178E+0
-9.014208E+0
-9.156798E+0
-9.384648E+0
-9.702168E+0
-1.011818E+1
-1.067237E+1
-1.136327E+1
-1.225850E+1
-1.342274E+1
-1.514852E+1
-1.786949E+1
-2.088005E+1
-2.088005E+1
-1.937477E+1
-1.610843E+1
-1.472663E+1
-1.364324E+1
-1.286855E+1
-1.234082E+1
-1.191746E+1
-1.168520E+1
-1.153379E+1
-1.150439E+1
-1.156319E+1
-1.165433E+1
-1.181456E+1
-1.195274E+1
-1.202477E+1
-1.202477E+1
-1.198802E+1
-1.198802E+1
-1.209974E+1
-1.238492E+1
-1.292441E+1
-1.389020E+1
-1.567331E+1
-2.088005E+1
-2.088005E+1
-2.088005E+1
-1.610843E+1
-1.322135E+1
-1.174841E+1
-1.073264E+1
-1.002851E+1
-9.519888E+0
-9.177378E+0
-8.968638E+0
-8.871618E+0
-8.889258E+0
-9.014208E+0
-9.247938E+0
-9.602208E+0
-1.011818E+1
-1.085759E+1
-1.198802E+1
-1.426799E+1
-2.088005E+1
-2.088005E+1
-2.088005E+1
-2.088005E+1
-2.088005E+1
-2.088005E+1
-2.088005E+1
-2.088005E+1
-1.636421E+1
-1.356680E+1
-1.261277E+1
-1.217765E+1
-1.198802E+1
-1.195274E+1
-1.195274E+1
-1.191746E+1
-1.174841E+1
-1.144706E+1
-1.103693E+1
-1.059446E+1
-1.017992E+1
-9.844758E+0
-9.615438E+0
-9.474318E+0
-9.428748E+0
-9.496368E+0
-9.688938E+0
-1.001381E+1
-1.051949E+1
-1.125743E+1
-1.242902E+1
-1.499858E+1
-2.088005E+1
-2.088005E+1
-2.088005E+1
-2.088005E+1
-2.088005E+1
-2.088005E+1
-2.088005E+1
-2.088005E+1
-2.088005E+1
-2.088005E+1
-2.088005E+1
-1.786949E+1
-1.364324E+1
-1.229966E+1
-1.150439E+1
-1.106045E+1
-1.083554E+1
-1.081496E+1
-1.101341E+1
-1.147499E+1
-1.234082E+1
-1.397840E+1
-2.088005E+1
-2.088005E+1
-2.088005E+1
-2.088005E+1
-2.088005E+1
-2.088005E+1
-2.088005E+1
-2.088005E+1
-1.786949E+1
-1.499858E+1
-1.416803E+1
-1.407101E+1
-1.472663E+1
-1.665380E+1
-2.088005E+1
-2.088005E+1
-2.088005E+1
-2.088005E+1
-2.088005E+1
-2.088005E+1
-2.088005E+1
-2.088005E+1
-2.088005E+1
-2.088005E+1
-2.088005E+1
-2.088005E+1
-2.088005E+1
-2.088005E+1
-2.088005E+1
-2.088005E+1
-2.088005E+1
-2.088005E+1
-2.088005E+1
-2.088005E+1
-2.088005E+1
-2.088005E+1
-2.088005E+1
-2.088005E+1
-2.088005E+1
-2.088005E+1
-2.088005E+1
-2.088005E+1
-2.088005E+1
-2.088005E+1
-2.088005E+1
-2.088005E+1
-1.397840E+1
-1.195274E+1
-1.101341E+1
-1.046510E+1
-1.014905E+1
-9.969708E+0
-9.899148E+0
-9.927078E+0
-1.001381E+1
-1.013288E+1
-1.025930E+1
-1.037690E+1
-1.044746E+1
-1.046510E+1
-1.046510E+1
-1.042982E+1
-1.041218E+1
-1.041218E+1
-1.044746E+1
-1.055624E+1
-1.069148E+1
-1.087964E+1
-1.108397E+1
-1.123244E+1
-1.133681E+1
-1.131035E+1
-1.123244E+1
-1.108397E+1
-1.094579E+1
-1.081496E+1
-1.075322E+1
-1.075322E+1
-1.081496E+1
-1.090169E+1
-1.098989E+1
-1.106045E+1
-1.108397E+1
-1.110749E+1
-1.113248E+1
-1.123244E+1
-1.141913E+1
-1.184837E+1
-1.271273E+1
-1.499858E+1
-2.088005E+1
-2.088005E+1
-2.088005E+1
-2.088005E+1
-2.088005E+1
-2.088005E+1
-2.088005E+1
-2.088005E+1
-2.088005E+1
-2.088005E+1
-2.088005E+1
-2.088005E+1
-2.088005E+1
-2.088005E+1
-2.088005E+1
-2.088005E+1
-2.088005E+1
-2.088005E+1
-2.088005E+1
-2.088005E+1
-2.088005E+1
-2.088005E+1
-2.088005E+1
-2.088005E+1
-2.088005E+1
-2.088005E+1
-2.088005E+1
-2.088005E+1
-2.088005E+1
-2.088005E+1
-2.088005E+1
-2.088005E+1
-2.088005E+1
-2.088005E+1
-2.088005E+1
-2.088005E+1
-2.088005E+1
-1.460315E+1
-1.342274E+1
-1.298027E+1
-1.286855E+1
-1.298027E+1
-1.322135E+1
-1.356680E+1
-1.416803E+1
-1.514852E+1
-1.786949E+1
-2.088005E+1
-2.088005E+1
-2.088005E+1
-2.088005E+1
-2.088005E+1
-2.088005E+1
-2.088005E+1
-2.088005E+1
-2.088005E+1
-2.088005E+1
-2.088005E+1
-1.548368E+1
-1.238492E+1
-1.125743E+1
-1.063268E+1
-1.025930E+1
-1.002851E+1
-9.885918E+0
-9.818298E+0
-9.765378E+0
-9.752148E+0
-9.791838E+0
-9.872688E+0
-1.007261E+1
-1.041218E+1
-1.098989E+1
-1.198802E+1
-1.460315E+1
-2.088005E+1
-2.088005E+1
-2.088005E+1
-2.088005E+1
-2.088005E+1
-2.088005E+1
-2.088005E+1
-2.088005E+1
-2.088005E+1
-2.088005E+1
-2.088005E+1
-2.088005E+1
-1.276271E+1
-1.128389E+1
-1.055624E+1
-1.014905E+1
-9.927078E+0
-9.818298E+0
-9.805068E+0
-9.831528E+0
-9.885918E+0
-9.984408E+0
-1.011818E+1
-1.027694E+1
-1.044746E+1
-1.061357E+1
-1.073264E+1
-1.075322E+1
-1.065326E+1
-1.044746E+1
-1.014905E+1
-9.857988E+0
-9.627198E+0
-9.484608E+0
-9.450798E+0
-9.543408E+0
-9.778608E+0
-1.019609E+1
-1.081496E+1
-1.178222E+1
-1.335365E+1
-1.786949E+1
-2.088005E+1
-2.088005E+1
-2.088005E+1
-2.088005E+1
-2.088005E+1
-2.088005E+1
-2.088005E+1
-2.088005E+1
-2.088005E+1
-2.088005E+1
-2.088005E+1
-2.088005E+1
-2.088005E+1
-2.088005E+1
-2.088005E+1
-2.088005E+1
-2.088005E+1
-2.088005E+1
-2.088005E+1
-2.088005E+1
-2.088005E+1
-2.088005E+1
-2.088005E+1
-1.448555E+1
-1.315961E+1
-1.261277E+1
-1.238492E+1
-1.242902E+1
-1.271273E+1
-1.328750E+1
-1.426799E+1
-1.665380E+1
-2.088005E+1
-2.088005E+1
-2.088005E+1
-2.088005E+1
-2.088005E+1
-2.088005E+1
-2.088005E+1
-1.485893E+1
-1.315961E+1
-1.209974E+1
-1.139120E+1
-1.083554E+1
-1.042982E+1
-1.011818E+1
-9.872688E+0
-9.702168E+0
-9.615438E+0
-9.602208E+0
-9.675708E+0
-9.818298E+0
-1.002851E+1
