Date/Time	2022-06-27 06:10:15
Line location	1
Line name	A1
OTDR wavelength [nm]	1625
OTDR pulse duration [ns]	2
OTDR scan time [s]	10
OTDR scan length [m]	1.500000E+2
Length offset [m]	0.000000E+0
Length increment [m]	3.996806E-2
Switch ID	VIAVI Solutions,OTU 8000E,11654,FO,16.76
OTDR ID	JDSU,OTU 8000E,11654,OTU(SmartOTU),V7.22

Reflected amplitude [dB]
1.257622E+0
1.178242E+0
1.098862E+0
1.028302E+0
9.724420E-1
9.415720E-1
9.606820E-1
1.054762E+0
1.254682E+0
1.526632E+0
1.810342E+0
2.074942E+0
2.296912E+0
2.465962E+0
2.586502E+0
2.673232E+0
2.724682E+0
2.736442E+0
2.705572E+0
2.640892E+0
2.543872E+0
2.405692E+0
2.233702E+0
2.033782E+0
1.808872E+0
1.576612E+0
1.359052E+0
1.166482E+0
9.944920E-1
8.254420E-1
6.593320E-1
5.123320E-1
3.873820E-1
2.815420E-1
1.904020E-1
1.110220E-1
4.340200E-2
-1.833800E-2
-7.125800E-2
-1.168280E-1
-1.565180E-1
-1.888580E-1
-2.153180E-1
-2.373680E-1
-2.535380E-1
-2.652980E-1
-2.726480E-1
-2.785280E-1
-2.799980E-1
-2.799980E-1
-2.785280E-1
-2.770580E-1
-2.770580E-1
-2.785280E-1
-2.844080E-1
-2.932280E-1
-3.064580E-1
-3.240980E-1
-3.446780E-1
-3.681980E-1
-3.917180E-1
-4.152380E-1
-4.372880E-1
-4.563980E-1
-4.740380E-1
-4.857980E-1
-4.946180E-1
-4.975580E-1
-4.960880E-1
-4.887380E-1
-4.755080E-1
-4.563980E-1
-4.314080E-1
-4.020080E-1
-3.696680E-1
-3.358580E-1
-3.020480E-1
-2.711780E-1
-2.447180E-1
-2.256080E-1
-2.153180E-1
-2.109080E-1
-2.167880E-1
-2.300180E-1
-2.505980E-1
-2.755880E-1
-3.035180E-1
-3.329180E-1
-3.623180E-1
-3.902480E-1
-4.152380E-1
-4.372880E-1
-4.549280E-1
-4.696280E-1
-4.828580E-1
-4.931480E-1
-5.049080E-1
-5.151980E-1
-5.269580E-1
-5.387180E-1
-5.504780E-1
-5.622380E-1
-5.725280E-1
-5.813480E-1
-5.886980E-1
-5.945780E-1
-5.989880E-1
-6.033980E-1
-6.063380E-1
-6.107480E-1
-6.136880E-1
-6.195680E-1
-6.269180E-1
-6.342680E-1
-6.430880E-1
-6.519080E-1
-6.621980E-1
-6.724880E-1
-6.827780E-1
-6.915980E-1
-6.989480E-1
-7.048280E-1
-7.092380E-1
-7.107080E-1
-7.121780E-1
-7.121780E-1
-7.121780E-1
-7.136480E-1
-7.136480E-1
-7.151180E-1
-7.165880E-1
-7.180580E-1
-7.180580E-1
-7.209980E-1
-7.224680E-1
-7.239380E-1
-7.239380E-1
-7.224680E-1
-7.209980E-1
-7.165880E-1
-7.107080E-1
-7.033580E-1
-6.960080E-1
-5.475380E-1
3.712000E-3
9.548020E-1
2.072002E+0
3.168622E+0
4.163812E+0
5.031112E+0
5.766112E+0
6.373222E+0
6.865672E+0
7.258162E+0
7.563922E+0
7.793242E+0
7.952002E+0
8.044612E+0
8.076952E+0
8.051962E+0
7.975522E+0
7.850572E+0
7.678582E+0
7.462492E+0
7.206712E+0
6.912712E+0
6.586372E+0
6.226222E+0
5.832262E+0
5.408902E+0
4.960552E+0
4.491622E+0
4.010932E+0
3.531712E+0
3.068662E+0
2.635012E+0
2.241052E+0
1.892662E+0
1.597192E+0
1.347292E+0
1.129732E+0
9.401020E-1
7.739920E-1
6.181720E-1
4.638220E-1
3.138820E-1
1.786420E-1
6.104200E-2
-4.185800E-2
-1.329980E-1
-2.153180E-1
-2.888180E-1
-3.549680E-1
-4.122980E-1
-4.622780E-1
-5.049080E-1
-5.387180E-1
-5.666480E-1
-5.872280E-1
-6.019280E-1
-6.122180E-1
-6.180980E-1
-6.210380E-1
-6.225080E-1
-6.210380E-1
-6.195680E-1
-6.166280E-1
-6.136880E-1
-6.107480E-1
-6.078080E-1
-6.019280E-1
-5.960480E-1
-5.886980E-1
-5.769380E-1
-5.637080E-1
-5.460680E-1
-5.269580E-1
-5.049080E-1
-4.828580E-1
-4.622780E-1
-4.416980E-1
-4.225880E-1
-4.078880E-1
-3.946580E-1
-3.858380E-1
-3.799580E-1
-3.770180E-1
-3.799580E-1
-3.858380E-1
-3.961280E-1
-4.093580E-1
-4.255280E-1
-4.446380E-1
-4.652180E-1
-4.872680E-1
-5.107880E-1
-5.357780E-1
-5.622380E-1
-5.886980E-1
-6.151580E-1
-6.430880E-1
-6.680780E-1
-6.915980E-1
-7.107080E-1
-7.254080E-1
-7.342280E-1
-7.371680E-1
-7.342280E-1
-7.283480E-1
-7.195280E-1
-7.092380E-1
-6.989480E-1
-6.915980E-1
-6.857180E-1
-6.827780E-1
-6.827780E-1
-6.857180E-1
-6.886580E-1
-6.930680E-1
-6.945380E-1
-6.960080E-1
-6.945380E-1
-6.901280E-1
-6.842480E-1
-6.754280E-1
-6.666080E-1
-6.577880E-1
-6.474980E-1
-6.401480E-1
-6.313280E-1
-6.269180E-1
-6.225080E-1
-6.195680E-1
-6.180980E-1
-6.166280E-1
-6.151580E-1
-6.136880E-1
-6.107480E-1
-6.063380E-1
-6.004580E-1
-5.945780E-1
-5.857580E-1
-5.784080E-1
-5.695880E-1
-5.622380E-1
-5.578280E-1
-5.534180E-1
-5.534180E-1
-5.534180E-1
-5.578280E-1
-5.622380E-1
-5.695880E-1
-5.769380E-1
-5.857580E-1
-5.945780E-1
-6.033980E-1
-6.122180E-1
-6.210380E-1
-6.283880E-1
-6.342680E-1
-6.401480E-1
-6.445580E-1
-6.474980E-1
-6.489680E-1
-6.504380E-1
-6.504380E-1
-6.489680E-1
-6.489680E-1
-6.474980E-1
-6.460280E-1
-6.445580E-1
-6.430880E-1
-6.416180E-1
-6.401480E-1
-6.372080E-1
-6.357380E-1
-6.313280E-1
-6.283880E-1
-6.239780E-1
-6.195680E-1
-6.136880E-1
-6.107480E-1
-6.063380E-1
-6.033980E-1
-6.019280E-1
-6.033980E-1
-6.063380E-1
-6.107480E-1
-6.166280E-1
-6.254480E-1
-6.357380E-1
-6.460280E-1
-6.577880E-1
-6.680780E-1
-6.783680E-1
-6.857180E-1
-6.886580E-1
-6.886580E-1
-6.827780E-1
-6.724880E-1
-6.563180E-1
-6.342680E-1
-6.092780E-1
-5.813480E-1
-5.519480E-1
-5.225480E-1
-4.946180E-1
-4.710980E-1
-4.505180E-1
-4.358180E-1
-4.269980E-1
-4.240580E-1
-4.269980E-1
-4.343480E-1
-4.461080E-1
-4.622780E-1
-4.784480E-1
-4.975580E-1
-5.181380E-1
-5.372480E-1
-5.548880E-1
-5.725280E-1
-5.872280E-1
-6.004580E-1
-6.107480E-1
-6.180980E-1
-6.239780E-1
-6.269180E-1
-6.283880E-1
-6.298580E-1
-6.327980E-1
-6.357380E-1
-6.416180E-1
-6.504380E-1
-6.607280E-1
-6.724880E-1
-6.842480E-1
-6.945380E-1
-7.033580E-1
-7.092380E-1
-7.136480E-1
-7.151180E-1
-7.136480E-1
-7.107080E-1
-7.092380E-1
-7.062980E-1
-7.033580E-1
-7.004180E-1
-6.989480E-1
-6.945380E-1
-6.901280E-1
-6.842480E-1
-6.768980E-1
-6.680780E-1
-6.577880E-1
-6.474980E-1
-6.372080E-1
-6.298580E-1
-6.210380E-1
-6.136880E-1
-6.078080E-1
-6.019280E-1
-5.945780E-1
-5.872280E-1
-5.784080E-1
-5.695880E-1
-5.592980E-1
-5.475380E-1
-5.357780E-1
-5.240180E-1
-5.122580E-1
-5.004980E-1
-4.902080E-1
-4.799180E-1
-4.710980E-1
-4.666880E-1
-4.637480E-1
-4.652180E-1
-4.696280E-1
-4.784480E-1
-4.916780E-1
-5.063780E-1
-5.225480E-1
-5.401880E-1
-5.563580E-1
-5.725280E-1
-5.886980E-1
-6.033980E-1
-6.180980E-1
-6.327980E-1
-6.460280E-1
-6.592580E-1
-6.724880E-1
-6.827780E-1
-6.915980E-1
-7.004180E-1
-7.048280E-1
-7.077680E-1
-7.077680E-1
-7.062980E-1
-7.033580E-1
-6.974780E-1
-6.901280E-1
-6.827780E-1
-6.768980E-1
-6.724880E-1
-6.695480E-1
-6.695480E-1
-6.724880E-1
-6.768980E-1
-6.813080E-1
-6.871880E-1
-6.901280E-1
-6.901280E-1
-6.886580E-1
-6.827780E-1
-6.739580E-1
-6.651380E-1
-6.548480E-1
-6.460280E-1
-6.386780E-1
-6.342680E-1
-6.313280E-1
-6.313280E-1
-6.313280E-1
-6.327980E-1
-6.357380E-1
-6.386780E-1
-6.401480E-1
-6.430880E-1
-6.430880E-1
-6.430880E-1
-6.416180E-1
-6.372080E-1
-6.298580E-1
-6.210380E-1
-6.092780E-1
-5.975180E-1
-5.857580E-1
-5.739980E-1
-5.651780E-1
-5.578280E-1
-5.534180E-1
-5.534180E-1
-5.563580E-1
-5.607680E-1
-5.695880E-1
-5.798780E-1
-5.916380E-1
-6.048680E-1
-6.195680E-1
-6.357380E-1
-6.504380E-1
-6.651380E-1
-6.783680E-1
-6.871880E-1
-6.930680E-1
-6.960080E-1
-6.945380E-1
-6.901280E-1
-6.842480E-1
-6.768980E-1
-6.695480E-1
-6.651380E-1
-6.621980E-1
-6.607280E-1
-6.592580E-1
-6.607280E-1
-6.592580E-1
-6.577880E-1
-6.548480E-1
-6.489680E-1
-6.430880E-1
-6.357380E-1
-6.298580E-1
-6.254480E-1
-6.225080E-1
-6.239780E-1
-6.283880E-1
-6.372080E-1
-6.474980E-1
-6.621980E-1
-6.768980E-1
-6.915980E-1
-7.062980E-1
-7.165880E-1
-7.239380E-1
-7.254080E-1
-7.209980E-1
-7.136480E-1
-7.033580E-1
-6.915980E-1
-6.813080E-1
-6.724880E-1
-6.666080E-1
-6.636680E-1
-6.651380E-1
-6.680780E-1
-6.724880E-1
-6.783680E-1
-6.857180E-1
-6.930680E-1
-7.018880E-1
-7.107080E-1
-7.209980E-1
-7.327580E-1
-7.445180E-1
-7.562780E-1
-7.650980E-1
-7.724480E-1
-7.753880E-1
-7.739180E-1
-7.665680E-1
-7.562780E-1
-7.401080E-1
-7.239380E-1
-7.048280E-1
-6.886580E-1
-6.739580E-1
-6.621980E-1
-6.533780E-1
-6.489680E-1
-6.489680E-1
-6.504380E-1
-6.533780E-1
-6.577880E-1
-6.636680E-1
-6.680780E-1
-6.739580E-1
-6.783680E-1
-6.827780E-1
-6.886580E-1
-6.930680E-1
-6.989480E-1
-7.048280E-1
-7.092380E-1
-7.136480E-1
-7.165880E-1
-7.180580E-1
-7.195280E-1
-7.180580E-1
-7.180580E-1
-7.151180E-1
-7.121780E-1
-7.092380E-1
-7.062980E-1
-7.033580E-1
-7.004180E-1
-6.960080E-1
-6.930680E-1
-6.886580E-1
-6.842480E-1
-6.798380E-1
-6.754280E-1
-6.695480E-1
-6.651380E-1
-6.621980E-1
-6.592580E-1
-6.563180E-1
-6.548480E-1
-6.533780E-1
-6.504380E-1
-6.489680E-1
-6.445580E-1
-6.386780E-1
-6.313280E-1
-6.254480E-1
-6.180980E-1
-6.107480E-1
-6.063380E-1
-6.048680E-1
-6.048680E-1
-6.063380E-1
-6.092780E-1
-6.122180E-1
-6.166280E-1
-6.180980E-1
-6.195680E-1
-6.195680E-1
-6.195680E-1
-6.180980E-1
-6.180980E-1
-6.195680E-1
-6.225080E-1
-6.254480E-1
-6.313280E-1
-6.372080E-1
-6.416180E-1
-6.460280E-1
-6.489680E-1
-6.519080E-1
-6.519080E-1
-6.504380E-1
-6.504380E-1
-6.489680E-1
-6.504380E-1
-6.519080E-1
-6.563180E-1
-6.607280E-1
-6.680780E-1
-6.754280E-1
-6.842480E-1
-6.930680E-1
-7.018880E-1
-7.092380E-1
-7.180580E-1
-7.239380E-1
-7.268780E-1
-7.283480E-1
-7.268780E-1
-7.224680E-1
-7.151180E-1
-7.062980E-1
-6.974780E-1
-6.886580E-1
-6.813080E-1
-6.768980E-1
-6.754280E-1
-6.798380E-1
-6.857180E-1
-6.960080E-1
-7.062980E-1
-7.151180E-1
-7.209980E-1
-7.239380E-1
-7.195280E-1
-7.107080E-1
-6.960080E-1
-6.783680E-1
-6.592580E-1
-6.416180E-1
-6.254480E-1
-6.136880E-1
-6.063380E-1
-6.033980E-1
-6.048680E-1
-6.078080E-1
-6.122180E-1
-6.180980E-1
-6.225080E-1
-6.269180E-1
-6.313280E-1
-6.372080E-1
-6.430880E-1
-6.504380E-1
-6.592580E-1
-6.680780E-1
-6.783680E-1
-6.886580E-1
-6.974780E-1
-7.048280E-1
-7.077680E-1
-7.062980E-1
-7.033580E-1
-6.960080E-1
-6.871880E-1
-6.768980E-1
-6.680780E-1
-6.592580E-1
-6.533780E-1
-6.504380E-1
-6.504380E-1
-6.563180E-1
-6.636680E-1
-6.754280E-1
-6.886580E-1
-7.033580E-1
-7.180580E-1
-7.298180E-1
-7.401080E-1
-7.474580E-1
-7.518680E-1
-7.518680E-1
-7.489280E-1
-7.445180E-1
-7.386380E-1
-7.327580E-1
-7.268780E-1
-7.209980E-1
-7.165880E-1
-7.107080E-1
-7.062980E-1
-7.018880E-1
-6.974780E-1
-6.930680E-1
-6.886580E-1
-6.857180E-1
-6.857180E-1
-6.857180E-1
-6.871880E-1
-6.901280E-1
-6.930680E-1
-6.974780E-1
-7.004180E-1
-7.018880E-1
-7.004180E-1
-6.974780E-1
-6.930680E-1
-6.871880E-1
-6.798380E-1
-6.724880E-1
-6.651380E-1
-6.592580E-1
-6.548480E-1
-6.533780E-1
-6.519080E-1
-6.533780E-1
-6.563180E-1
-6.607280E-1
-6.651380E-1
-6.695480E-1
-6.724880E-1
-6.739580E-1
-6.754280E-1
-6.754280E-1
-6.754280E-1
-6.739580E-1
-6.739580E-1
-6.754280E-1
-6.783680E-1
-6.842480E-1
-6.915980E-1
-7.004180E-1
-7.107080E-1
-7.209980E-1
-7.312880E-1
-7.386380E-1
-7.445180E-1
-7.459880E-1
-7.459880E-1
-7.445180E-1
-7.415780E-1
-7.386380E-1
-7.371680E-1
-7.371680E-1
-7.386380E-1
-7.415780E-1
-7.430480E-1
-7.459880E-1
-7.459880E-1
-7.459880E-1
-7.445180E-1
-7.415780E-1
-7.386380E-1
-7.342280E-1
-7.283480E-1
-7.224680E-1
-7.165880E-1
-7.092380E-1
-7.004180E-1
-6.915980E-1
-6.827780E-1
-6.739580E-1
-6.651380E-1
-6.563180E-1
-6.474980E-1
-6.401480E-1
-6.327980E-1
-6.254480E-1
-6.195680E-1
-6.136880E-1
-6.092780E-1
-6.048680E-1
-6.019280E-1
-6.019280E-1
-6.033980E-1
-6.078080E-1
-6.122180E-1
-6.180980E-1
-6.239780E-1
-6.298580E-1
-6.342680E-1
-6.372080E-1
-6.372080E-1
-6.372080E-1
-6.342680E-1
-6.313280E-1
-6.269180E-1
-6.239780E-1
-6.210380E-1
-6.210380E-1
-6.225080E-1
-6.269180E-1
-6.342680E-1
-6.430880E-1
-6.533780E-1
-6.636680E-1
-6.754280E-1
-6.871880E-1
-6.989480E-1
-7.092380E-1
-7.195280E-1
-7.283480E-1
-7.356980E-1
-7.415780E-1
-7.459880E-1
-7.503980E-1
-7.518680E-1
-7.533380E-1
-7.548080E-1
-7.548080E-1
-7.533380E-1
-7.518680E-1
-7.474580E-1
-7.430480E-1
-7.386380E-1
-7.327580E-1
-7.254080E-1
-7.195280E-1
-7.136480E-1
-7.077680E-1
-7.033580E-1
-7.004180E-1
-6.974780E-1
-6.960080E-1
-6.945380E-1
-6.930680E-1
-6.915980E-1
-6.886580E-1
-6.857180E-1
-6.827780E-1
-6.783680E-1
-6.754280E-1
-6.724880E-1
-6.710180E-1
-6.695480E-1
-6.710180E-1
-6.739580E-1
-6.783680E-1
-6.842480E-1
-6.901280E-1
-6.930680E-1
-6.960080E-1
-6.960080E-1
-6.945380E-1
-6.901280E-1
-6.857180E-1
-6.798380E-1
-6.754280E-1
-6.710180E-1
-6.666080E-1
-6.636680E-1
-6.592580E-1
-6.548480E-1
-6.489680E-1
-6.430880E-1
-6.372080E-1
-6.313280E-1
-6.269180E-1
-6.254480E-1
-6.254480E-1
-6.283880E-1
-6.327980E-1
-6.401480E-1
-6.489680E-1
-6.563180E-1
-6.636680E-1
-6.695480E-1
-6.724880E-1
-6.739580E-1
-6.710180E-1
-6.680780E-1
-6.621980E-1
-6.548480E-1
-6.474980E-1
-6.401480E-1
-6.342680E-1
-6.283880E-1
-6.239780E-1
-6.195680E-1
-6.166280E-1
-6.136880E-1
-6.107480E-1
-6.078080E-1
-6.048680E-1
-6.033980E-1
-6.033980E-1
-6.033980E-1
-6.063380E-1
-6.092780E-1
-6.136880E-1
-6.195680E-1
-6.254480E-1
-6.298580E-1
-6.342680E-1
-6.386780E-1
-6.416180E-1
-6.430880E-1
-6.430880E-1
-6.445580E-1
-6.430880E-1
-6.430880E-1
-6.430880E-1
-6.430880E-1
-6.445580E-1
-6.474980E-1
-6.489680E-1
-6.504380E-1
-6.519080E-1
-6.504380E-1
-6.489680E-1
-6.430880E-1
-6.372080E-1
-6.313280E-1
-6.239780E-1
-6.195680E-1
-6.180980E-1
-6.210380E-1
-6.269180E-1
-6.357380E-1
-6.474980E-1
-6.621980E-1
-6.754280E-1
-6.886580E-1
-6.989480E-1
-7.062980E-1
-7.121780E-1
-7.136480E-1
-7.151180E-1
-7.151180E-1
-7.136480E-1
-7.121780E-1
-7.107080E-1
-7.077680E-1
-7.048280E-1
-7.018880E-1
-6.989480E-1
-6.945380E-1
-6.901280E-1
-6.886580E-1
-6.886580E-1
-6.915980E-1
-6.960080E-1
-7.033580E-1
-7.107080E-1
-7.180580E-1
-7.224680E-1
-7.254080E-1
-7.268780E-1
-7.254080E-1
-7.224680E-1
-7.195280E-1
-7.165880E-1
-7.151180E-1
-7.136480E-1
-7.136480E-1
-7.136480E-1
-7.136480E-1
-7.136480E-1
-7.136480E-1
-7.136480E-1
-7.136480E-1
-7.151180E-1
-7.165880E-1
-7.180580E-1
-7.209980E-1
-7.224680E-1
-7.239380E-1
-7.239380E-1
-7.224680E-1
-7.195280E-1
-7.151180E-1
-7.107080E-1
-7.062980E-1
-7.004180E-1
-6.960080E-1
-6.915980E-1
-6.871880E-1
-6.842480E-1
-6.813080E-1
-6.783680E-1
-6.754280E-1
-6.739580E-1
-6.724880E-1
-6.710180E-1
-6.695480E-1
-6.695480E-1
-6.680780E-1
-6.680780E-1
-6.695480E-1
-6.695480E-1
-6.710180E-1
-6.710180E-1
-6.724880E-1
-6.724880E-1
-6.739580E-1
-6.768980E-1
-6.813080E-1
-6.886580E-1
-6.974780E-1
-7.121780E-1
-7.312880E-1
-7.548080E-1
-7.856780E-1
-8.194880E-1
-8.591780E-1
-9.018080E-1
-9.459080E-1
-9.900080E-1
-1.032638E+0
-1.073798E+0
-1.112018E+0
-1.147298E+0
-1.179638E+0
-1.210508E+0
-1.236968E+0
-1.261958E+0
-1.282538E+0
-1.298708E+0
-1.310468E+0
-1.319288E+0
-1.323698E+0
-1.325168E+0
-1.326638E+0
-1.328108E+0
-1.332518E+0
-1.338398E+0
-1.347218E+0
-1.358978E+0
-1.370738E+0
-1.383968E+0
-1.395728E+0
-1.404548E+0
-1.411898E+0
-1.416308E+0
-1.417778E+0
-1.419248E+0
-1.417778E+0
-1.417778E+0
-1.416308E+0
-1.416308E+0
-1.419248E+0
-1.423658E+0
-1.432478E+0
-1.444238E+0
-1.457468E+0
-1.473638E+0
-1.491278E+0
-1.510388E+0
-1.528028E+0
-1.544198E+0
-1.557428E+0
-1.570658E+0
-1.582418E+0
-1.592708E+0
-1.601528E+0
-1.610348E+0
-1.616228E+0
-1.620638E+0
-1.623578E+0
-1.623578E+0
-1.622108E+0
-1.619168E+0
-1.614758E+0
-1.610348E+0
-1.602998E+0
-1.592708E+0
-1.580948E+0
-1.567718E+0
-1.551548E+0
-1.533908E+0
-1.514798E+0
-1.498628E+0
-1.483928E+0
-1.473638E+0
-1.466288E+0
-1.464818E+0
-1.466288E+0
-1.473638E+0
-1.483928E+0
-1.497158E+0
-1.513328E+0
-1.532438E+0
-1.555958E+0
-1.579478E+0
-1.605938E+0
-1.633868E+0
-1.660328E+0
-1.685318E+0
-1.708838E+0
-1.729418E+0
-1.745588E+0
-1.757348E+0
-1.764698E+0
-1.766168E+0
-1.763228E+0
-1.757348E+0
-1.748528E+0
-1.738238E+0
-1.732358E+0
-1.729418E+0
-1.732358E+0
-1.741178E+0
-1.757348E+0
-1.777928E+0
-1.802918E+0
-1.827908E+0
-1.849958E+0
-1.867598E+0
-1.879358E+0
-1.882298E+0
-1.877888E+0
-1.867598E+0
-1.852898E+0
-1.835258E+0
-1.816148E+0
-1.797038E+0
-1.780868E+0
-1.767638E+0
-1.755878E+0
-1.749998E+0
-1.747058E+0
-1.749998E+0
-1.758818E+0
-1.773518E+0
-1.794098E+0
-1.819088E+0
-1.847018E+0
-1.874948E+0
-1.901408E+0
-1.923458E+0
-1.939628E+0
-1.948448E+0
-1.951388E+0
-1.948448E+0
-1.941098E+0
-1.930808E+0
-1.921988E+0
-1.916108E+0
-1.913168E+0
-1.913168E+0
-1.917578E+0
-1.924928E+0
-1.935218E+0
-1.946978E+0
-1.958738E+0
-1.971968E+0
-1.983728E+0
-1.995488E+0
-2.005778E+0
-2.016068E+0
-2.021948E+0
-2.027828E+0
-2.032238E+0
-2.036648E+0
-2.038118E+0
-2.041058E+0
-2.042528E+0
-2.045468E+0
-2.046938E+0
-2.046938E+0
-2.045468E+0
-2.041058E+0
-2.033708E+0
-2.027828E+0
-2.021948E+0
-2.017538E+0
-2.016068E+0
-2.017538E+0
-2.023418E+0
-2.030768E+0
-2.039588E+0
-2.049878E+0
-2.063108E+0
-2.076338E+0
-2.091038E+0
-2.105738E+0
-2.118968E+0
-2.129258E+0
-2.135138E+0
-2.136608E+0
-2.130728E+0
-2.121908E+0
-2.108678E+0
-2.093978E+0
-2.082218E+0
-2.073398E+0
-2.070458E+0
-2.074868E+0
-2.086628E+0
-2.102798E+0
-2.124848E+0
-2.148368E+0
-2.173358E+0
-2.198348E+0
-2.218928E+0
-2.235098E+0
-2.248328E+0
-2.255678E+0
-2.260088E+0
-2.261558E+0
-2.261558E+0
-2.260088E+0
-2.258618E+0
-2.260088E+0
-2.264498E+0
-2.273318E+0
-2.285078E+0
-2.302718E+0
-2.323298E+0
-2.348288E+0
-2.374748E+0
-2.401208E+0
-2.424728E+0
-2.445308E+0
-2.461478E+0
-2.471768E+0
-2.476178E+0
-2.476178E+0
-2.471768E+0
-2.462948E+0
-2.451188E+0
-2.436488E+0
-2.421788E+0
-2.405618E+0
-2.389448E+0
-2.374748E+0
-2.362988E+0
-2.352698E+0
-2.346818E+0
-2.345348E+0
-2.346818E+0
-2.354168E+0
-2.364458E+0
-2.379158E+0
-2.396798E+0
-2.414438E+0
-2.433548E+0
-2.451188E+0
-2.468828E+0
-2.483528E+0
-2.495288E+0
-2.505578E+0
-2.509988E+0
-2.508518E+0
-2.504108E+0
-2.493818E+0
-2.479118E+0
-2.461478E+0
-2.440898E+0
-2.420318E+0
-2.402678E+0
-2.389448E+0
-2.383568E+0
-2.385038E+0
-2.395328E+0
-2.411498E+0
-2.433548E+0
-2.458538E+0
-2.482058E+0
-2.505578E+0
-2.523218E+0
-2.539388E+0
-2.549678E+0
-2.559968E+0
-2.568788E+0
-2.577608E+0
-2.587898E+0
-2.599658E+0
-2.614358E+0
-2.627588E+0
-2.640818E+0
-2.651108E+0
-2.658458E+0
-2.659928E+0
-2.655518E+0
-2.645228E+0
-2.630528E+0
-2.611418E+0
-2.590838E+0
-2.573198E+0
-2.561438E+0
-2.555558E+0
-2.557028E+0
-2.565848E+0
-2.583488E+0
-2.608478E+0
-2.634938E+0
-2.659928E+0
-2.683448E+0
-2.699618E+0
-2.706968E+0
-2.708438E+0
-2.702558E+0
-2.693738E+0
-2.681978E+0
-2.673158E+0
-2.667278E+0
-2.667278E+0
-2.670218E+0
-2.680508E+0
-2.693738E+0
-2.708438E+0
-2.727548E+0
-2.746658E+0
-2.767238E+0
-2.786348E+0
-2.803988E+0
-2.818688E+0
-2.828978E+0
-2.833388E+0
-2.831918E+0
-2.824568E+0
-2.812808E+0
-2.798108E+0
-2.783408E+0
-2.773118E+0
-2.765768E+0
-2.762828E+0
-2.768708E+0
-2.776058E+0
-2.787818E+0
-2.802518E+0
-2.814278E+0
-2.824568E+0
-2.831918E+0
-2.833388E+0
-2.833388E+0
-2.833388E+0
-2.831918E+0
-2.833388E+0
-2.837798E+0
-2.846618E+0
-2.859848E+0
-2.876018E+0
-2.895128E+0
-2.915708E+0
-2.934818E+0
-2.950988E+0
-2.962748E+0
-2.971568E+0
-2.973038E+0
-2.968628E+0
-2.959808E+0
-2.946578E+0
-2.933348E+0
-2.921588E+0
-2.909828E+0
-2.901008E+0
-2.895128E+0
-2.893658E+0
-2.890718E+0
-2.890718E+0
-2.890718E+0
-2.889248E+0
-2.889248E+0
-2.892188E+0
-2.896598E+0
-2.905418E+0
-2.917178E+0
-2.934818E+0
-2.955398E+0
-2.977448E+0
-2.999498E+0
-3.020078E+0
-3.036248E+0
-3.049478E+0
-3.056828E+0
-3.061238E+0
-3.062708E+0
-3.064178E+0
-3.065648E+0
-3.070058E+0
-3.075938E+0
-3.084758E+0
-3.095048E+0
-3.111218E+0
-3.128858E+0
-3.149438E+0
-3.172958E+0
-3.197948E+0
-3.224408E+0
-3.250868E+0
-3.277328E+0
-3.302318E+0
-3.325838E+0
-3.347888E+0
-3.368468E+0
-3.389048E+0
-3.408158E+0
-3.428738E+0
-3.447848E+0
-3.464018E+0
-3.478718E+0
-3.484598E+0
-3.483128E+0
-3.475778E+0
-3.458138E+0
-3.434618E+0
-3.406688E+0
-3.378758E+0
-3.352298E+0
-3.330248E+0
-3.312608E+0
-3.300848E+0
-3.290558E+0
-3.283208E+0
-3.277328E+0
-3.272918E+0
-3.268508E+0
-3.265568E+0
-3.264098E+0
-3.264098E+0
-3.265568E+0
-3.268508E+0
-3.271448E+0
-3.268508E+0
-3.262628E+0
-3.253808E+0
-3.239108E+0
-3.224408E+0
-3.206768E+0
-3.190598E+0
-3.177368E+0
-3.165608E+0
-3.156788E+0
-3.150908E+0
-3.147968E+0
-3.149438E+0
-3.153848E+0
-3.162668E+0
-3.177368E+0
-3.195008E+0
-3.214118E+0
-3.234698E+0
-3.253808E+0
-3.268508E+0
-3.277328E+0
-3.278798E+0
-3.272918E+0
-3.262628E+0
-3.250868E+0
-3.239108E+0
-3.231758E+0
-3.231758E+0
-3.240578E+0
-3.259688E+0
-3.283208E+0
-3.312608E+0
-3.344948E+0
-3.377288E+0
-3.405218E+0
-3.428738E+0
-3.447848E+0
-3.462548E+0
-3.474308E+0
-3.483128E+0
-3.490478E+0
-3.494888E+0
-3.497828E+0
-3.497828E+0
-3.496358E+0
-3.494888E+0
-3.491948E+0
-3.490478E+0
-3.490478E+0
-3.493418E+0
-3.496358E+0
-3.502238E+0
-3.506648E+0
-3.509588E+0
-3.512528E+0
-3.513998E+0
-3.516938E+0
-3.521348E+0
-3.528698E+0
-3.538988E+0
-3.555158E+0
-3.571328E+0
-3.586028E+0
-3.596318E+0
-3.605138E+0
-3.606608E+0
-3.600728E+0
-3.594848E+0
-3.586028E+0
-3.581618E+0
-3.581618E+0
-3.586028E+0
-3.597788E+0
-3.613958E+0
-3.633068E+0
-3.652178E+0
-3.668348E+0
-3.680108E+0
-3.687458E+0
-3.690398E+0
-3.687458E+0
-3.683048E+0
-3.677168E+0
-3.672758E+0
-3.669818E+0
-3.668348E+0
-3.668348E+0
-3.669818E+0
-3.672758E+0
-3.675698E+0
-3.681578E+0
-3.690398E+0
-3.700688E+0
-3.716858E+0
-3.738908E+0
-3.766838E+0
-3.797708E+0
-3.830048E+0
-3.859448E+0
-3.884438E+0
-3.903548E+0
-3.915308E+0
-3.921188E+0
-3.927068E+0
-3.932948E+0
-3.940298E+0
-3.953528E+0
-3.969698E+0
-3.987338E+0
-4.002038E+0
-4.015268E+0
-4.019678E+0
-4.013798E+0
-3.999098E+0
-3.974108E+0
-3.944708E+0
-3.909428E+0
-3.877088E+0
-3.846218E+0
-3.824168E+0
-3.810938E+0
-3.807998E+0
-3.816818E+0
-3.837398E+0
-3.863858E+0
-3.896198E+0
-3.927068E+0
-3.953528E+0
-3.969698E+0
-3.972638E+0
-3.963818E+0
-3.941768E+0
-3.915308E+0
-3.887378E+0
-3.862388E+0
-3.844748E+0
-3.837398E+0
-3.840338E+0
-3.850628E+0
-3.863858E+0
-3.880028E+0
-3.896198E+0
-3.910898E+0
-3.925598E+0
-3.943238E+0
-3.963818E+0
-3.990278E+0
-4.022618E+0
-4.056428E+0
-4.090238E+0
-4.118168E+0
-4.135808E+0
-4.140218E+0
-4.131398E+0
-4.112288E+0
-4.087298E+0
-4.057898E+0
-4.031438E+0
-4.009388E+0
-3.993218E+0
-3.981458E+0
-3.969698E+0
-3.962348E+0
-3.953528E+0
-3.947648E+0
-3.940298E+0
-3.934418E+0
-3.930008E+0
-3.930008E+0
-3.934418E+0
-3.943238E+0
-3.957938E+0
-3.977048E+0
-3.999098E+0
-4.022618E+0
-4.049078E+0
-4.072598E+0
-4.093178E+0
-4.112288E+0
-4.129928E+0
-4.144628E+0
-4.157858E+0
-4.172558E+0
-4.187258E+0
-4.203428E+0
-4.221068E+0
-4.235768E+0
-4.247528E+0
-4.253408E+0
-4.256348E+0
-4.250468E+0
-4.244588E+0
-4.238708E+0
-4.238708E+0
-4.244588E+0
-4.263698E+0
-4.291628E+0
-4.329848E+0
-4.373948E+0
-4.420988E+0
-4.465088E+0
-4.500368E+0
-4.529768E+0
-4.547408E+0
-4.554758E+0
-4.550348E+0
-4.537118E+0
-4.513598E+0
-4.482728E+0
-4.443038E+0
-4.394528E+0
-4.338668E+0
-4.279868E+0
-4.222538E+0
-4.163738E+0
-4.107878E+0
-4.056428E+0
-4.012328E+0
-3.977048E+0
-3.950588E+0
-3.934418E+0
-3.930008E+0
-3.934418E+0
-3.953528E+0
-3.982928E+0
-4.022618E+0
-4.068188E+0
-4.115228E+0
-4.163738E+0
-4.209308E+0
-4.250468E+0
-4.284278E+0
-4.306328E+0
-4.322498E+0
-4.334258E+0
-4.340138E+0
-4.346018E+0
-4.346018E+0
-4.347488E+0
-4.350428E+0
-4.353368E+0
-4.359248E+0
-4.366598E+0
-4.373948E+0
-4.385708E+0
-4.398938E+0
-4.412168E+0
-4.423928E+0
-4.438628E+0
-4.456268E+0
-4.473908E+0
-4.494488E+0
-4.518008E+0
-4.541528E+0
-4.565048E+0
-4.584158E+0
-4.594448E+0
-4.594448E+0
-4.582688E+0
-4.562108E+0
-4.531238E+0
-4.494488E+0
-4.459208E+0
-4.426868E+0
-4.400408E+0
-4.384238E+0
-4.376888E+0
-4.379828E+0
-4.391588E+0
-4.412168E+0
-4.440098E+0
-4.476848E+0
-4.516538E+0
-4.562108E+0
-4.607678E+0
-4.656188E+0
-4.700288E+0
-4.741448E+0
-4.772318E+0
-4.791428E+0
-4.800248E+0
-4.789958E+0
-4.767908E+0
-4.732628E+0
-4.691468E+0
-4.647368E+0
-4.603268E+0
-4.566518E+0
-4.541528E+0
-4.532708E+0
-4.540058E+0
-4.562108E+0
-4.597388E+0
-4.642958E+0
-4.692938E+0
-4.741448E+0
-4.782608E+0
-4.809068E+0
-4.825238E+0
-4.828178E+0
-4.817888E+0
-4.800248E+0
-4.782608E+0
-4.766438E+0
-4.762028E+0
-4.770848E+0
-4.795838E+0
-4.835528E+0
-4.891388E+0
-4.957538E+0
-5.035448E+0
-5.116298E+0
-5.198618E+0
-5.272118E+0
-5.330918E+0
-5.377958E+0
-5.402948E+0
-5.405888E+0
-5.385308E+0
-5.347088E+0
-5.291228E+0
-5.225078E+0
-5.148638E+0
-5.067788E+0
-4.979588E+0
-4.891388E+0
-4.797308E+0
-4.700288E+0
-4.604738E+0
-4.510658E+0
-4.422458E+0
-4.343078E+0
-4.276928E+0
-4.226948E+0
-4.193138E+0
-4.179908E+0
-4.187258E+0
-4.218128E+0
-4.269578E+0
-4.347488E+0
-4.445978E+0
-4.567988E+0
-4.712048E+0
-4.878158E+0
-5.063378E+0
-5.261828E+0
-5.480858E+0
-5.714588E+0
-5.961548E+0
-6.223208E+0
-6.499568E+0
-6.806798E+0
-7.140488E+0
-7.521218E+0
-7.966628E+0
-8.504648E+0
-9.192608E+0
-1.015693E+1
-1.173277E+1
-1.849477E+1
-2.000005E+1
-2.000005E+1
-2.000005E+1
-2.000005E+1
-2.000005E+1
-2.000005E+1
-2.000005E+1
-2.000005E+1
-2.000005E+1
-2.000005E+1
-2.000005E+1
-2.000005E+1
-2.000005E+1
-2.000005E+1
-2.000005E+1
-2.000005E+1
-2.000005E+1
-2.000005E+1
-2.000005E+1
-2.000005E+1
-2.000005E+1
-2.000005E+1
-2.000005E+1
-2.000005E+1
-2.000005E+1
-2.000005E+1
-2.000005E+1
-2.000005E+1
-2.000005E+1
-2.000005E+1
-2.000005E+1
-2.000005E+1
-2.000005E+1
-2.000005E+1
-2.000005E+1
-2.000005E+1
-2.000005E+1
-2.000005E+1
-2.000005E+1
-2.000005E+1
-2.000005E+1
-2.000005E+1
-1.397893E+1
-1.215907E+1
-1.133734E+1
-1.090222E+1
-1.068319E+1
-1.059499E+1
-1.056706E+1
-1.056706E+1
-1.053913E+1
-1.043035E+1
-1.030099E+1
-1.015693E+1
-1.006579E+1
-1.004374E+1
-1.018045E+1
-1.051120E+1
-1.118152E+1
-1.261330E+1
-2.000005E+1
-2.000005E+1
-2.000005E+1
-2.000005E+1
-2.000005E+1
-2.000005E+1
-2.000005E+1
-2.000005E+1
-2.000005E+1
-2.000005E+1
-2.000005E+1
-2.000005E+1
-2.000005E+1
-2.000005E+1
-2.000005E+1
-1.292494E+1
-1.133734E+1
-1.056706E+1
-1.015693E+1
-9.934958E+0
-9.873218E+0
-9.914378E+0
-1.008784E+1
-1.032745E+1
-1.059499E+1
-1.083607E+1
-1.093456E+1
-1.086841E+1
-1.065379E+1
-1.035244E+1
-9.999638E+0
-9.676238E+0
-9.396938E+0
-9.148508E+0
-8.964758E+0
-8.795708E+0
-8.651648E+0
-8.526698E+0
-8.429678E+0
-8.347358E+0
-8.287088E+0
-8.247398E+0
-8.247398E+0
-8.287088E+0
-8.378228E+0
-8.494358E+0
-8.651648E+0
-8.833928E+0
-9.047078E+0
-9.252878E+0
-9.446918E+0
-9.602738E+0
-9.733568E+0
-9.852638E+0
-9.955538E+0
-1.002169E+1
-1.002169E+1
-9.955538E+0
-9.792368E+0
-9.567458E+0
-9.299918E+0
-9.019148E+0
-8.772188E+0
-8.582558E+0
-8.482598E+0
-8.472308E+0
-8.548748E+0
-8.686928E+0
-8.885378E+0
-9.119108E+0
-9.363128E+0
-9.602738E+0
-9.792368E+0
-9.955538E+0
-1.015693E+1
-1.045681E+1
-1.093456E+1
-1.178275E+1
-1.372315E+1
-2.000005E+1
-2.000005E+1
-2.000005E+1
-2.000005E+1
-2.000005E+1
-2.000005E+1
-2.000005E+1
-2.000005E+1
-2.000005E+1
-2.000005E+1
-1.522843E+1
-1.301020E+1
-1.234135E+1
-1.210027E+1
-1.204441E+1
-1.210027E+1
-1.204441E+1
-1.178275E+1
-1.133734E+1
-1.077433E+1
-1.022749E+1
-9.773258E+0
-9.413108E+0
-9.177908E+0
-9.061778E+0
-9.089708E+0
-9.283748E+0
-9.658598E+0
-1.030099E+1
-1.137850E+1
-1.384663E+1
-2.000005E+1
-2.000005E+1
-2.000005E+1
-2.000005E+1
-2.000005E+1
-2.000005E+1
-2.000005E+1
-2.000005E+1
-2.000005E+1
-2.000005E+1
-2.000005E+1
-2.000005E+1
-2.000005E+1
-2.000005E+1
-2.000005E+1
-2.000005E+1
-2.000005E+1
-2.000005E+1
-2.000005E+1
-2.000005E+1
-2.000005E+1
-2.000005E+1
-2.000005E+1
-2.000005E+1
-2.000005E+1
-2.000005E+1
-2.000005E+1
-2.000005E+1
-2.000005E+1
-2.000005E+1
-2.000005E+1
-2.000005E+1
-2.000005E+1
-2.000005E+1
-2.000005E+1
-2.000005E+1
-2.000005E+1
-2.000005E+1
-2.000005E+1
-2.000005E+1
-2.000005E+1
-2.000005E+1
-2.000005E+1
-2.000005E+1
-2.000005E+1
-2.000005E+1
-2.000005E+1
-2.000005E+1
-2.000005E+1
-2.000005E+1
-2.000005E+1
-2.000005E+1
-2.000005E+1
-2.000005E+1
-2.000005E+1
-2.000005E+1
-2.000005E+1
-2.000005E+1
-1.284262E+1
-1.121974E+1
-1.059499E+1
-1.037743E+1
-1.045681E+1
-1.086841E+1
-1.173277E+1
-1.372315E+1
-2.000005E+1
-2.000005E+1
-2.000005E+1
-2.000005E+1
-2.000005E+1
-2.000005E+1
-2.000005E+1
-2.000005E+1
-2.000005E+1
-2.000005E+1
-2.000005E+1
-2.000005E+1
-2.000005E+1
-2.000005E+1
-2.000005E+1
-2.000005E+1
-2.000005E+1
-2.000005E+1
-2.000005E+1
-2.000005E+1
-2.000005E+1
-2.000005E+1
-1.761424E+1
-1.761424E+1
-2.000005E+1
-2.000005E+1
-2.000005E+1
-2.000005E+1
-2.000005E+1
-2.000005E+1
-2.000005E+1
-2.000005E+1
-2.000005E+1
-2.000005E+1
-2.000005E+1
-2.000005E+1
-2.000005E+1
-2.000005E+1
-2.000005E+1
-2.000005E+1
-2.000005E+1
-2.000005E+1
-2.000005E+1
-2.000005E+1
-2.000005E+1
-2.000005E+1
-2.000005E+1
-2.000005E+1
-2.000005E+1
-2.000005E+1
-2.000005E+1
-2.000005E+1
-2.000005E+1
-2.000005E+1
-2.000005E+1
-2.000005E+1
-2.000005E+1
-2.000005E+1
-2.000005E+1
-2.000005E+1
-2.000005E+1
-2.000005E+1
-2.000005E+1
-2.000005E+1
-1.698949E+1
-1.761424E+1
-2.000005E+1
-2.000005E+1
-2.000005E+1
-2.000005E+1
-2.000005E+1
-2.000005E+1
-2.000005E+1
-2.000005E+1
-2.000005E+1
-2.000005E+1
-2.000005E+1
-2.000005E+1
-2.000005E+1
-2.000005E+1
-2.000005E+1
-2.000005E+1
-2.000005E+1
-2.000005E+1
-1.522843E+1
-1.204441E+1
-1.077433E+1
-9.955538E+0
-9.396938E+0
-9.005918E+0
-8.735438E+0
-8.548748E+0
-8.439968E+0
-8.388518E+0
-8.367938E+0
-8.347358E+0
-8.326778E+0
-8.287088E+0
-8.219468E+0
-8.143028E+0
-8.062178E+0
-7.991618E+0
-7.948988E+0
-7.948988E+0
-8.000438E+0
-8.097458E+0
-8.257688E+0
-8.472308E+0
-8.783948E+0
-9.192608E+0
-9.773258E+0
-1.059499E+1
-1.204441E+1
-2.000005E+1
-2.000005E+1
-2.000005E+1
-2.000005E+1
-2.000005E+1
-2.000005E+1
-2.000005E+1
-2.000005E+1
-2.000005E+1
-2.000005E+1
-2.000005E+1
-2.000005E+1
-2.000005E+1
-2.000005E+1
-2.000005E+1
-1.548421E+1
-1.154902E+1
-1.030099E+1
-9.602738E+0
-9.163208E+0
-8.911838E+0
-8.758958E+0
-8.698688E+0
-8.686928E+0
-8.698688E+0
-8.758958E+0
-8.833928E+0
-8.951528E+0
-9.104408E+0
-9.316088E+0
-9.602738E+0
-9.977588E+0
-1.048327E+1
-1.110802E+1
-1.198855E+1
-1.319101E+1
-1.577380E+1
-2.000005E+1
-2.000005E+1
-2.000005E+1
-2.000005E+1
-2.000005E+1
-2.000005E+1
-2.000005E+1
-2.000005E+1
-2.000005E+1
-2.000005E+1
-2.000005E+1
-2.000005E+1
-2.000005E+1
-2.000005E+1
-2.000005E+1
-2.000005E+1
-2.000005E+1
-2.000005E+1
-2.000005E+1
-2.000005E+1
-2.000005E+1
-2.000005E+1
-2.000005E+1
-2.000005E+1
-2.000005E+1
-2.000005E+1
-2.000005E+1
-2.000005E+1
-2.000005E+1
-2.000005E+1
-2.000005E+1
-2.000005E+1
-2.000005E+1
-2.000005E+1
-2.000005E+1
-2.000005E+1
-2.000005E+1
-2.000005E+1
-2.000005E+1
-2.000005E+1
-2.000005E+1
-2.000005E+1
-2.000005E+1
-2.000005E+1
-2.000005E+1
-2.000005E+1
-2.000005E+1
-1.319101E+1
-1.154902E+1
-1.062439E+1
-1.002169E+1
-9.549818E+0
-9.207308E+0
-8.925068E+0
-8.710448E+0
-8.560508E+0
-8.472308E+0
-8.462018E+0
-8.538458E+0
-8.722208E+0
-9.047078E+0
-9.585098E+0
-1.051120E+1
-1.247365E+1
-2.000005E+1
-2.000005E+1
-2.000005E+1
-2.000005E+1
-2.000005E+1
-2.000005E+1
-2.000005E+1
-2.000005E+1
-2.000005E+1
-2.000005E+1
-2.000005E+1
-2.000005E+1
-2.000005E+1
-2.000005E+1
-2.000005E+1
-2.000005E+1
-2.000005E+1
-2.000005E+1
-2.000005E+1
-1.522843E+1
-1.292494E+1
-1.198855E+1
-1.141966E+1
-1.103746E+1
-1.077433E+1
-1.059499E+1
-1.053913E+1
-1.053913E+1
-1.065379E+1
-1.080520E+1
-1.096837E+1
-1.107274E+1
-1.103746E+1
-1.086841E+1
-1.059499E+1
-1.027747E+1
-9.977588E+0
-9.792368E+0
-9.695348E+0
-9.714458E+0
-9.893798E+0
-1.022749E+1
-1.077433E+1
-1.159312E+1
-1.301020E+1
-1.650439E+1
-2.000005E+1
-2.000005E+1
-2.000005E+1
-2.000005E+1
-2.000005E+1
-2.000005E+1
-2.000005E+1
-2.000005E+1
-2.000005E+1
-2.000005E+1
-1.610896E+1
-1.443022E+1
-1.411858E+1
-1.426852E+1
-1.499911E+1
-1.650439E+1
-2.000005E+1
-2.000005E+1
-2.000005E+1
-1.698949E+1
-1.479331E+1
-1.372315E+1
-1.301020E+1
-1.268680E+1
-1.268680E+1
-1.319101E+1
-1.460368E+1
-2.000005E+1
-2.000005E+1
-2.000005E+1
-2.000005E+1
-2.000005E+1
-2.000005E+1
-2.000005E+1
-2.000005E+1
-2.000005E+1
-2.000005E+1
-2.000005E+1
-2.000005E+1
-2.000005E+1
-2.000005E+1
-2.000005E+1
-2.000005E+1
-2.000005E+1
-2.000005E+1
-2.000005E+1
-2.000005E+1
-1.360555E+1
-1.198855E+1
-1.114477E+1
-1.053913E+1
-1.008784E+1
-9.695348E+0
-9.363128E+0
-9.075008E+0
-8.833928E+0
-8.628128E+0
-8.450258E+0
-8.337068E+0
-8.287088E+0
-8.297378E+0
-8.357648E+0
-8.494358E+0
-8.698688E+0
-8.992688E+0
-9.379298E+0
-9.893798E+0
-1.051120E+1
-1.125796E+1
-1.210027E+1
-1.276324E+1
-1.292494E+1
-1.227961E+1
-1.146082E+1
-1.065379E+1
-9.977588E+0
-9.429278E+0
-9.019148E+0
-8.722208E+0
-8.548748E+0
-8.472308E+0
-8.494358E+0
-8.616368E+0
-8.847158E+0
-9.177908E+0
-9.639488E+0
-1.022749E+1
-1.096837E+1
-1.188271E+1
-1.292494E+1
-1.411858E+1
-1.522843E+1
-1.548421E+1
-1.479331E+1
-1.411858E+1
-1.372315E+1
-1.338799E+1
-1.319101E+1
-1.328803E+1
-1.372315E+1
-1.499911E+1
-2.000005E+1
-2.000005E+1
-2.000005E+1
-2.000005E+1
-2.000005E+1
-2.000005E+1
-2.000005E+1
-2.000005E+1
-2.000005E+1
-2.000005E+1
-2.000005E+1
-2.000005E+1
-2.000005E+1
-2.000005E+1
-2.000005E+1
-2.000005E+1
-2.000005E+1
-2.000005E+1
-2.000005E+1
-1.522843E+1
-1.284262E+1
-1.159312E+1
-1.077433E+1
-1.018045E+1
-9.733568E+0
-9.396938E+0
-9.192608E+0
-9.075008E+0
-9.089708E+0
-9.238178E+0
-9.532178E+0
-1.004374E+1
-1.093456E+1
-1.276324E+1
-2.000005E+1
-2.000005E+1
-2.000005E+1
-2.000005E+1
-2.000005E+1
-2.000005E+1
-2.000005E+1
-2.000005E+1
-2.000005E+1
-2.000005E+1
-2.000005E+1
-2.000005E+1
-2.000005E+1
-2.000005E+1
-2.000005E+1
-2.000005E+1
-2.000005E+1
-2.000005E+1
-2.000005E+1
-2.000005E+1
-2.000005E+1
-2.000005E+1
-2.000005E+1
-2.000005E+1
-2.000005E+1
-2.000005E+1
-2.000005E+1
-2.000005E+1
-2.000005E+1
-2.000005E+1
-2.000005E+1
-2.000005E+1
-2.000005E+1
-2.000005E+1
-2.000005E+1
-2.000005E+1
-2.000005E+1
-1.499911E+1
-1.292494E+1
-1.234135E+1
-1.234135E+1
-1.301020E+1
-1.548421E+1
-2.000005E+1
-2.000005E+1
-2.000005E+1
-2.000005E+1
-2.000005E+1
-2.000005E+1
-2.000005E+1
-2.000005E+1
-2.000005E+1
-2.000005E+1
-2.000005E+1
-2.000005E+1
-2.000005E+1
-2.000005E+1
-2.000005E+1
-2.000005E+1
-2.000005E+1
-2.000005E+1
-2.000005E+1
-2.000005E+1
-2.000005E+1
-2.000005E+1
-2.000005E+1
-2.000005E+1
-1.460368E+1
-1.309840E+1
-1.240750E+1
-1.204441E+1
-1.178275E+1
-1.163869E+1
-1.154902E+1
-1.146082E+1
-1.141966E+1
-1.141966E+1
-1.141966E+1
-1.150492E+1
-1.168573E+1
-1.204441E+1
-1.268680E+1
-1.411858E+1
-2.000005E+1
-2.000005E+1
-2.000005E+1
-2.000005E+1
-2.000005E+1
-2.000005E+1
-2.000005E+1
-2.000005E+1
-2.000005E+1
-2.000005E+1
-2.000005E+1
-2.000005E+1
-2.000005E+1
-2.000005E+1
-2.000005E+1
-2.000005E+1
-2.000005E+1
-2.000005E+1
-2.000005E+1
-2.000005E+1
-2.000005E+1
-2.000005E+1
-2.000005E+1
-2.000005E+1
-2.000005E+1
-2.000005E+1
-2.000005E+1
-2.000005E+1
-2.000005E+1
-2.000005E+1
-2.000005E+1
-1.499911E+1
-1.319101E+1
-1.254274E+1
-1.227961E+1
-1.221787E+1
-1.215907E+1
-1.193563E+1
-1.154902E+1
-1.107274E+1
-1.056706E+1
-1.018045E+1
-9.914378E+0
-9.852638E+0
-9.999638E+0
-1.045681E+1
-1.146082E+1
-1.460368E+1
-2.000005E+1
-2.000005E+1
-2.000005E+1
-2.000005E+1
-2.000005E+1
-2.000005E+1
-2.000005E+1
-2.000005E+1
-2.000005E+1
-2.000005E+1
-2.000005E+1
-2.000005E+1
-2.000005E+1
-2.000005E+1
-2.000005E+1
-2.000005E+1
-2.000005E+1
-2.000005E+1
-2.000005E+1
-2.000005E+1
-2.000005E+1
-2.000005E+1
-2.000005E+1
-2.000005E+1
-2.000005E+1
-2.000005E+1
-2.000005E+1
-2.000005E+1
-2.000005E+1
-2.000005E+1
-2.000005E+1
-2.000005E+1
-2.000005E+1
-2.000005E+1
-2.000005E+1
-1.301020E+1
-1.154902E+1
-1.074346E+1
-1.022749E+1
-9.914378E+0
-9.752678E+0
-9.733568E+0
-9.832058E+0
-1.004374E+1
-1.037743E+1
-1.080520E+1
-1.137850E+1
-1.215907E+1
-1.328803E+1
-1.499911E+1
-2.000005E+1
-2.000005E+1
-2.000005E+1
-2.000005E+1
-2.000005E+1
-1.698949E+1
-1.460368E+1
-1.349383E+1
-1.284262E+1
-1.261330E+1
-1.268680E+1
-1.301020E+1
-1.384663E+1
-1.548421E+1
-2.000005E+1
-2.000005E+1
-2.000005E+1
-2.000005E+1
-2.000005E+1
-2.000005E+1
-2.000005E+1
-2.000005E+1
-2.000005E+1
-2.000005E+1
-1.650439E+1
-1.443022E+1
-1.301020E+1
-1.188271E+1
-1.093456E+1
-1.015693E+1
-9.496898E+0
-8.964758E+0
-8.538458E+0
-8.190068E+0
-7.932818E+0
-7.754948E+0
-7.635878E+0
-7.563848E+0
-7.528568E+0
-7.513868E+0
-7.521218E+0
-7.541798E+0
-7.563848E+0
-7.599128E+0
-7.650578E+0
-7.732898E+0
-7.850498E+0
-8.009258E+0
-8.219468E+0
-8.462018E+0
-8.722208E+0
-8.992688E+0
-9.252878E+0
-9.446918E+0
-9.585098E+0
-9.621848E+0
-9.602738E+0
-9.549818E+0
-9.480728E+0
-9.429278E+0
-9.379298E+0
-9.379298E+0
-9.396938E+0
-9.446918E+0
-9.514538E+0
-9.585098E+0
-9.676238E+0
-9.752678E+0
-9.852638E+0
-1.002169E+1
-1.027747E+1
-1.068319E+1
-1.141966E+1
-1.292494E+1
-2.000005E+1
-2.000005E+1
-2.000005E+1
-2.000005E+1
-2.000005E+1
-2.000005E+1
-2.000005E+1
-2.000005E+1
-1.309840E+1
-1.080520E+1
-9.811478E+0
-9.283748E+0
-9.047078E+0
-9.033848E+0
-9.207308E+0
-9.621848E+0
-1.030099E+1
-1.146082E+1
-1.426852E+1
-2.000005E+1
-2.000005E+1
-2.000005E+1
-2.000005E+1
-2.000005E+1
-2.000005E+1
-2.000005E+1
-2.000005E+1
-2.000005E+1
-2.000005E+1
-2.000005E+1
-2.000005E+1
-2.000005E+1
-2.000005E+1
-2.000005E+1
-2.000005E+1
-2.000005E+1
-2.000005E+1
-2.000005E+1
-1.372315E+1
-1.188271E+1
-1.100218E+1
-1.043035E+1
-1.013341E+1
-1.002169E+1
-1.008784E+1
-1.035244E+1
-1.093456E+1
-1.210027E+1
-1.761424E+1
-2.000005E+1
-2.000005E+1
-2.000005E+1
-2.000005E+1
-2.000005E+1
-2.000005E+1
-2.000005E+1
-2.000005E+1
-2.000005E+1
-2.000005E+1
-2.000005E+1
-2.000005E+1
-2.000005E+1
-2.000005E+1
-2.000005E+1
-2.000005E+1
-2.000005E+1
-2.000005E+1
-2.000005E+1
-2.000005E+1
-2.000005E+1
-2.000005E+1
-2.000005E+1
-2.000005E+1
-2.000005E+1
-2.000005E+1
-2.000005E+1
-2.000005E+1
-2.000005E+1
-2.000005E+1
-2.000005E+1
-2.000005E+1
-2.000005E+1
-2.000005E+1
-2.000005E+1
-2.000005E+1
-2.000005E+1
-2.000005E+1
-2.000005E+1
-2.000005E+1
-2.000005E+1
-2.000005E+1
-2.000005E+1
-2.000005E+1
-2.000005E+1
-2.000005E+1
-2.000005E+1
-2.000005E+1
-2.000005E+1
-2.000005E+1
-2.000005E+1
-2.000005E+1
-2.000005E+1
-2.000005E+1
-2.000005E+1
-2.000005E+1
-2.000005E+1
-2.000005E+1
-2.000005E+1
-2.000005E+1
-2.000005E+1
-2.000005E+1
-2.000005E+1
-2.000005E+1
-2.000005E+1
-2.000005E+1
-2.000005E+1
-2.000005E+1
-2.000005E+1
-2.000005E+1
-1.650439E+1
-1.210027E+1
-1.068319E+1
-9.914378E+0
-9.413108E+0
-9.119108E+0
-8.992688E+0
-9.005918E+0
-9.177908E+0
-9.514538E+0
-1.010989E+1
-1.103746E+1
-1.284262E+1
-2.000005E+1
-2.000005E+1
-2.000005E+1
-2.000005E+1
-2.000005E+1
-2.000005E+1
-2.000005E+1
-2.000005E+1
-2.000005E+1
-2.000005E+1
-2.000005E+1
-2.000005E+1
-2.000005E+1
-2.000005E+1
-2.000005E+1
-2.000005E+1
-2.000005E+1
-2.000005E+1
-2.000005E+1
-2.000005E+1
-2.000005E+1
-2.000005E+1
-2.000005E+1
-2.000005E+1
-2.000005E+1
-2.000005E+1
-2.000005E+1
-2.000005E+1
-2.000005E+1
-2.000005E+1
-2.000005E+1
-2.000005E+1
-2.000005E+1
-2.000005E+1
-2.000005E+1
-2.000005E+1
-2.000005E+1
-2.000005E+1
-2.000005E+1
-2.000005E+1
-2.000005E+1
-2.000005E+1
-2.000005E+1
-2.000005E+1
-2.000005E+1
-2.000005E+1
-2.000005E+1
-2.000005E+1
-2.000005E+1
-2.000005E+1
-2.000005E+1
-2.000005E+1
-2.000005E+1
-2.000005E+1
-2.000005E+1
-2.000005E+1
-2.000005E+1
-2.000005E+1
-2.000005E+1
-2.000005E+1
-2.000005E+1
-2.000005E+1
-2.000005E+1
-2.000005E+1
-2.000005E+1
-2.000005E+1
-2.000005E+1
-2.000005E+1
-2.000005E+1
-2.000005E+1
-2.000005E+1
-2.000005E+1
-2.000005E+1
-2.000005E+1
-2.000005E+1
-2.000005E+1
-2.000005E+1
-2.000005E+1
-2.000005E+1
-2.000005E+1
-2.000005E+1
-2.000005E+1
-2.000005E+1
-2.000005E+1
-2.000005E+1
-2.000005E+1
-1.650439E+1
-1.292494E+1
-1.150492E+1
-1.062439E+1
-1.002169E+1
-9.621848E+0
-9.363128E+0
-9.222008E+0
-9.192608E+0
-9.269048E+0
-9.446918E+0
-9.714458E+0
-1.010989E+1
-1.062439E+1
-1.125796E+1
-1.198855E+1
-1.268680E+1
-1.292494E+1
-1.261330E+1
-1.188271E+1
-1.100218E+1
-1.020397E+1
-9.567458E+0
-9.089708E+0
-8.758958E+0
-8.594318E+0
-8.582558E+0
-8.758958E+0
-9.177908E+0
-9.999638E+0
-1.178275E+1
-2.000005E+1
-2.000005E+1
-2.000005E+1
-2.000005E+1
-2.000005E+1
-2.000005E+1
-2.000005E+1
-2.000005E+1
-2.000005E+1
-2.000005E+1
-2.000005E+1
-2.000005E+1
-2.000005E+1
-2.000005E+1
-2.000005E+1
-2.000005E+1
-2.000005E+1
-2.000005E+1
-2.000005E+1
-2.000005E+1
-2.000005E+1
-2.000005E+1
-2.000005E+1
-2.000005E+1
-2.000005E+1
-2.000005E+1
-2.000005E+1
-2.000005E+1
-2.000005E+1
-2.000005E+1
-2.000005E+1
-2.000005E+1
-2.000005E+1
-2.000005E+1
-2.000005E+1
-2.000005E+1
-2.000005E+1
-2.000005E+1
-2.000005E+1
-2.000005E+1
-2.000005E+1
-2.000005E+1
-2.000005E+1
-2.000005E+1
-2.000005E+1
-2.000005E+1
-2.000005E+1
-2.000005E+1
-2.000005E+1
-2.000005E+1
-2.000005E+1
-2.000005E+1
-2.000005E+1
-2.000005E+1
-2.000005E+1
-2.000005E+1
-2.000005E+1
-2.000005E+1
-2.000005E+1
-1.849477E+1
-1.301020E+1
-1.168573E+1
-1.090222E+1
-1.037743E+1
-9.977588E+0
-9.714458E+0
-9.549818E+0
-9.480728E+0
-9.532178E+0
-9.752678E+0
-1.015693E+1
-1.086841E+1
-1.204441E+1
-1.499911E+1
-2.000005E+1
-2.000005E+1
-2.000005E+1
-2.000005E+1
-2.000005E+1
-2.000005E+1
-1.548421E+1
-1.247365E+1
-1.133734E+1
-1.071259E+1
-1.037743E+1
-1.022749E+1
-1.020397E+1
-1.022749E+1
-1.020397E+1
-1.008784E+1
-9.852638E+0
-9.496898E+0
-9.089708E+0
-8.663408E+0
-8.267978E+0
-7.915178E+0
-7.643228E+0
-7.433018E+0
-7.290428E+0
-7.211048E+0
-7.193408E+0
-7.236038E+0
-7.322768E+0
-7.453598E+0
-7.599128E+0
-7.771118E+0
-7.957808E+0
-8.153318E+0
-8.357648E+0
-8.570798E+0
-8.833928E+0
-9.119108E+0
-9.446918E+0
-9.811478E+0
-1.020397E+1
-1.059499E+1
-1.093456E+1
-1.110802E+1
-1.107274E+1
-1.093456E+1
-1.065379E+1
-1.035244E+1
-1.004374E+1
-9.773258E+0
-9.549818E+0
-9.396938E+0
-9.299918E+0
-9.269048E+0
-9.283748E+0
-9.346958E+0
-9.480728E+0
-9.695348E+0
-1.002169E+1
-1.048327E+1
-1.118152E+1
-1.254274E+1
-2.000005E+1
-2.000005E+1
-2.000005E+1
-2.000005E+1
-2.000005E+1
-2.000005E+1
-2.000005E+1
-2.000005E+1
-2.000005E+1
-2.000005E+1
-2.000005E+1
-2.000005E+1
-2.000005E+1
-2.000005E+1
-2.000005E+1
-2.000005E+1
-2.000005E+1
-2.000005E+1
-2.000005E+1
-2.000005E+1
-2.000005E+1
-2.000005E+1
-2.000005E+1
-2.000005E+1
-2.000005E+1
-2.000005E+1
-2.000005E+1
-2.000005E+1
-2.000005E+1
-2.000005E+1
-2.000005E+1
-2.000005E+1
-2.000005E+1
-2.000005E+1
-2.000005E+1
-2.000005E+1
-2.000005E+1
-2.000005E+1
-2.000005E+1
-2.000005E+1
-1.548421E+1
-1.210027E+1
-1.086841E+1
-1.010989E+1
-9.602738E+0
-9.222008E+0
-8.925068E+0
-8.698688E+0
-8.538458E+0
-8.419388E+0
-8.347358E+0
-8.337068E+0
-8.378228E+0
-8.482598E+0
-8.639888E+0
-8.847158E+0
-9.119108E+0
-9.480728E+0
-9.955538E+0
-1.059499E+1
-1.154902E+1
-1.338799E+1
-2.000005E+1
-2.000005E+1
-2.000005E+1
-2.000005E+1
-2.000005E+1
-2.000005E+1
-2.000005E+1
-2.000005E+1
-2.000005E+1
-2.000005E+1
-2.000005E+1
-2.000005E+1
-2.000005E+1
-2.000005E+1
-2.000005E+1
-2.000005E+1
-2.000005E+1
-1.650439E+1
-1.411858E+1
-1.319101E+1
-1.247365E+1
-1.188271E+1
-1.137850E+1
-1.096837E+1
-1.062439E+1
-1.045681E+1
-1.040389E+1
-1.056706E+1
-1.100218E+1
-1.183273E+1
-1.384663E+1
-2.000005E+1
-2.000005E+1
-2.000005E+1
-2.000005E+1
-2.000005E+1
-2.000005E+1
-2.000005E+1
-2.000005E+1
-2.000005E+1
-2.000005E+1
-2.000005E+1
-2.000005E+1
-2.000005E+1
-2.000005E+1
-2.000005E+1
-2.000005E+1
-2.000005E+1
-2.000005E+1
-2.000005E+1
-2.000005E+1
-2.000005E+1
-2.000005E+1
-2.000005E+1
-2.000005E+1
-2.000005E+1
-2.000005E+1
-2.000005E+1
-2.000005E+1
-2.000005E+1
-2.000005E+1
-2.000005E+1
-1.499911E+1
-1.426852E+1
-1.443022E+1
-1.548421E+1
-2.000005E+1
-2.000005E+1
-2.000005E+1
-2.000005E+1
-2.000005E+1
-2.000005E+1
-2.000005E+1
-2.000005E+1
-2.000005E+1
-2.000005E+1
-2.000005E+1
-2.000005E+1
-2.000005E+1
-2.000005E+1
-2.000005E+1
-2.000005E+1
-2.000005E+1
-2.000005E+1
-2.000005E+1
-2.000005E+1
-2.000005E+1
-2.000005E+1
-2.000005E+1
-1.548421E+1
-1.276324E+1
-1.210027E+1
-1.215907E+1
-1.292494E+1
-1.610896E+1
-2.000005E+1
-2.000005E+1
-2.000005E+1
-2.000005E+1
-2.000005E+1
-2.000005E+1
-2.000005E+1
-2.000005E+1
-2.000005E+1
-2.000005E+1
-2.000005E+1
-2.000005E+1
-2.000005E+1
-2.000005E+1
-1.577380E+1
-1.349383E+1
-1.254274E+1
-1.198855E+1
-1.159312E+1
-1.146082E+1
-1.159312E+1
-1.204441E+1
-1.338799E+1
-2.000005E+1
-2.000005E+1
-2.000005E+1
-2.000005E+1
-2.000005E+1
-2.000005E+1
-2.000005E+1
-2.000005E+1
-2.000005E+1
-2.000005E+1
-2.000005E+1
-2.000005E+1
-2.000005E+1
-2.000005E+1
-2.000005E+1
-2.000005E+1
-2.000005E+1
-1.849477E+1
-1.309840E+1
-1.173277E+1
-1.103746E+1
-1.059499E+1
-1.030099E+1
-1.008784E+1
-9.873218E+0
-9.658598E+0
-9.413108E+0
-9.163208E+0
-8.925068E+0
-8.722208E+0
-8.570798E+0
-8.516408E+0
-8.582558E+0
-8.772188E+0
-9.148508E+0
-9.792368E+0
-1.096837E+1
-1.443022E+1
-2.000005E+1
-2.000005E+1
-2.000005E+1
-2.000005E+1
-2.000005E+1
-2.000005E+1
-2.000005E+1
-2.000005E+1
-2.000005E+1
-2.000005E+1
-2.000005E+1
-2.000005E+1
-2.000005E+1
-1.522843E+1
-1.198855E+1
-1.110802E+1
-1.080520E+1
-1.086841E+1
-1.125796E+1
-1.204441E+1
-1.349383E+1
-2.000005E+1
-2.000005E+1
-2.000005E+1
-2.000005E+1
-2.000005E+1
-2.000005E+1
-2.000005E+1
-2.000005E+1
-2.000005E+1
-2.000005E+1
-2.000005E+1
-2.000005E+1
-2.000005E+1
-2.000005E+1
-2.000005E+1
-2.000005E+1
-2.000005E+1
-2.000005E+1
-2.000005E+1
-2.000005E+1
-2.000005E+1
-2.000005E+1
-2.000005E+1
-2.000005E+1
-2.000005E+1
-2.000005E+1
-2.000005E+1
-2.000005E+1
-2.000005E+1
-2.000005E+1
-1.460368E+1
-1.183273E+1
-1.068319E+1
-1.006579E+1
-9.695348E+0
-9.514538E+0
-9.480728E+0
-9.567458E+0
-9.733568E+0
-9.977588E+0
-1.030099E+1
-1.071259E+1
-1.125796E+1
-1.198855E+1
-1.292494E+1
-1.460368E+1
-2.000005E+1
-2.000005E+1
-2.000005E+1
-2.000005E+1
-2.000005E+1
-1.499911E+1
-1.292494E+1
-1.173277E+1
-1.090222E+1
-1.032745E+1
-9.914378E+0
-9.585098E+0
-9.346958E+0
-9.192608E+0
-9.089708E+0
-9.047078E+0
-9.061778E+0
-9.119108E+0
-9.238178E+0
-9.429278E+0
-9.714458E+0
-1.013341E+1
-1.071259E+1
-1.154902E+1
-1.276324E+1
-1.499911E+1
-2.000005E+1
-2.000005E+1
-2.000005E+1
-2.000005E+1
-2.000005E+1
-2.000005E+1
-2.000005E+1
-2.000005E+1
-2.000005E+1
-2.000005E+1
-2.000005E+1
-2.000005E+1
-2.000005E+1
-2.000005E+1
-2.000005E+1
-2.000005E+1
-2.000005E+1
-2.000005E+1
-2.000005E+1
-2.000005E+1
-2.000005E+1
-2.000005E+1
-2.000005E+1
-2.000005E+1
-2.000005E+1
-2.000005E+1
-2.000005E+1
-2.000005E+1
-2.000005E+1
-2.000005E+1
-2.000005E+1
-2.000005E+1
-2.000005E+1
-2.000005E+1
-2.000005E+1
-2.000005E+1
-2.000005E+1
-2.000005E+1
-2.000005E+1
-2.000005E+1
-2.000005E+1
-2.000005E+1
-2.000005E+1
-1.247365E+1
-1.090222E+1
-1.010989E+1
-9.639488E+0
-9.379298E+0
-9.252878E+0
-9.222008E+0
-9.238178E+0
-9.283748E+0
-9.283748E+0
-9.222008E+0
-9.075008E+0
-8.898608E+0
-8.698688E+0
-8.516408E+0
-8.357648E+0
-8.238578E+0
-8.162138E+0
-8.125388E+0
-8.116568E+0
-8.107748E+0
-8.088638E+0
-8.062178E+0
-8.018078E+0
-7.966628E+0
-7.923998E+0
-7.899008E+0
-7.923998E+0
-8.018078E+0
-8.181248E+0
-8.429678E+0
-8.795708E+0
-9.316088E+0
-1.002169E+1
-1.107274E+1
-1.292494E+1
-2.000005E+1
-2.000005E+1
-2.000005E+1
-2.000005E+1
-2.000005E+1
-2.000005E+1
-2.000005E+1
-2.000005E+1
-2.000005E+1
-2.000005E+1
-2.000005E+1
-2.000005E+1
-2.000005E+1
-2.000005E+1
-2.000005E+1
-2.000005E+1
-2.000005E+1
-2.000005E+1
-2.000005E+1
-2.000005E+1
-2.000005E+1
-2.000005E+1
-2.000005E+1
-2.000005E+1
-2.000005E+1
-2.000005E+1
-2.000005E+1
-2.000005E+1
-2.000005E+1
-2.000005E+1
-2.000005E+1
-2.000005E+1
-2.000005E+1
-2.000005E+1
-2.000005E+1
-2.000005E+1
-2.000005E+1
-2.000005E+1
-2.000005E+1
-2.000005E+1
-2.000005E+1
-1.460368E+1
-1.234135E+1
-1.114477E+1
-1.037743E+1
-9.832058E+0
-9.446918E+0
-9.163208E+0
-8.992688E+0
-8.911838E+0
-8.938298E+0
-9.033848E+0
-9.192608E+0
-9.413108E+0
-9.695348E+0
-9.999638E+0
-1.032745E+1
-1.056706E+1
-1.068319E+1
-1.071259E+1
-1.059499E+1
-1.040389E+1
-1.018045E+1
-9.934958E+0
-9.752678E+0
-9.639488E+0
-9.567458E+0
-9.585098E+0
-9.676238E+0
-9.852638E+0
-1.018045E+1
-1.071259E+1
-1.159312E+1
-1.360555E+1
-2.000005E+1
-2.000005E+1
-2.000005E+1
-2.000005E+1
-2.000005E+1
-2.000005E+1
-2.000005E+1
-2.000005E+1
-2.000005E+1
-2.000005E+1
-2.000005E+1
-2.000005E+1
-2.000005E+1
-2.000005E+1
-2.000005E+1
-2.000005E+1
-2.000005E+1
-2.000005E+1
-2.000005E+1
-2.000005E+1
-2.000005E+1
-2.000005E+1
-2.000005E+1
-1.426852E+1
-1.193563E+1
-1.096837E+1
-1.048327E+1
-1.022749E+1
-1.006579E+1
-9.977588E+0
-9.873218E+0
-9.773258E+0
-9.639488E+0
-9.532178E+0
-9.446918E+0
-9.429278E+0
-9.549818E+0
-9.792368E+0
-1.025248E+1
-1.100218E+1
-1.227961E+1
-1.522843E+1
-2.000005E+1
-2.000005E+1
-2.000005E+1
-2.000005E+1
-2.000005E+1
-2.000005E+1
-2.000005E+1
-2.000005E+1
-2.000005E+1
-2.000005E+1
-2.000005E+1
-2.000005E+1
-2.000005E+1
-2.000005E+1
-2.000005E+1
-1.577380E+1
-1.319101E+1
-1.193563E+1
-1.114477E+1
-1.051120E+1
-9.977588E+0
-9.532178E+0
-9.163208E+0
-8.872148E+0
-8.675168E+0
-8.582558E+0
-8.604608E+0
-8.772188E+0
-9.119108E+0
-9.733568E+0
-1.080520E+1
-1.338799E+1
-2.000005E+1
-2.000005E+1
-2.000005E+1
-2.000005E+1
-2.000005E+1
-2.000005E+1
-2.000005E+1
-2.000005E+1
-2.000005E+1
-2.000005E+1
-1.349383E+1
-1.133734E+1
-1.048327E+1
-1.002169E+1
-9.752678E+0
-9.639488E+0
-9.585098E+0
-9.602738E+0
-9.621848E+0
-9.676238E+0
-9.714458E+0
-9.811478E+0
-9.977588E+0
-1.022749E+1
-1.062439E+1
-1.121974E+1
-1.221787E+1
-1.443022E+1
-2.000005E+1
-2.000005E+1
-2.000005E+1
-2.000005E+1
-2.000005E+1
-2.000005E+1
-2.000005E+1
-2.000005E+1
-2.000005E+1
-2.000005E+1
-2.000005E+1
-2.000005E+1
-2.000005E+1
-2.000005E+1
-2.000005E+1
-2.000005E+1
-2.000005E+1
-2.000005E+1
-2.000005E+1
-2.000005E+1
-2.000005E+1
-2.000005E+1
-2.000005E+1
-2.000005E+1
-2.000005E+1
-2.000005E+1
-2.000005E+1
-2.000005E+1
-2.000005E+1
-2.000005E+1
-2.000005E+1
-2.000005E+1
-2.000005E+1
-2.000005E+1
-2.000005E+1
-2.000005E+1
-2.000005E+1
-2.000005E+1
-2.000005E+1
-2.000005E+1
-2.000005E+1
-2.000005E+1
-2.000005E+1
-2.000005E+1
-2.000005E+1
-2.000005E+1
-2.000005E+1
-2.000005E+1
-2.000005E+1
-2.000005E+1
-2.000005E+1
-2.000005E+1
-1.397893E+1
-1.261330E+1
-1.210027E+1
-1.204441E+1
-1.240750E+1
-1.349383E+1
-2.000005E+1
-2.000005E+1
-2.000005E+1
-2.000005E+1
-2.000005E+1
-2.000005E+1
-2.000005E+1
-2.000005E+1
-2.000005E+1
-2.000005E+1
-1.479331E+1
-1.193563E+1
-1.080520E+1
-1.020397E+1
-9.832058E+0
-9.621848E+0
-9.463088E+0
-9.363128E+0
-9.299918E+0
-9.269048E+0
-9.252878E+0
-9.252878E+0
-9.283748E+0
-9.396938E+0
-9.567458E+0
-9.832058E+0
-1.015693E+1
-1.053913E+1
-1.100218E+1
-1.146082E+1
-1.188271E+1
-1.221787E+1
-1.261330E+1
-1.309840E+1
-1.397893E+1
-1.698949E+1
-2.000005E+1
-2.000005E+1
-2.000005E+1
-2.000005E+1
-2.000005E+1
-2.000005E+1
-2.000005E+1
-2.000005E+1
-2.000005E+1
-2.000005E+1
-2.000005E+1
-2.000005E+1
-2.000005E+1
-2.000005E+1
-2.000005E+1
