Date/Time	2022-06-26 08:24:23
Line location	3
Line name	C1
OTDR wavelength [nm]	1310
OTDR pulse duration [ns]	2
OTDR scan time [s]	10
OTDR scan length [m]	1.500000E+2
Length offset [m]	0.000000E+0
Length increment [m]	3.996806E-2
Switch ID	VIAVI Solutions,OTU 8000E,11654,FO,16.76
OTDR ID	JDSU,OTU 8000E,11654,OTU(SmartOTU),V7.22

Reflected amplitude [dB]
6.767720E-1
6.679520E-1
6.400220E-1
5.988620E-1
5.577020E-1
5.224220E-1
4.959620E-1
4.768520E-1
4.636220E-1
4.621520E-1
4.842020E-1
5.327120E-1
5.885720E-1
6.385520E-1
6.782420E-1
7.091120E-1
7.311620E-1
7.458620E-1
7.532120E-1
7.458620E-1
7.164620E-1
6.679520E-1
6.062120E-1
5.341820E-1
4.548020E-1
3.607220E-1
2.637020E-1
1.725620E-1
9.318200E-2
2.556200E-2
-3.323800E-2
-8.321800E-2
-1.287880E-1
-1.699480E-1
-2.066980E-1
-2.419780E-1
-2.713780E-1
-2.978380E-1
-3.198880E-1
-3.360580E-1
-3.478180E-1
-3.551680E-1
-3.595780E-1
-3.610480E-1
-3.610480E-1
-3.595780E-1
-3.610480E-1
-3.639880E-1
-3.683980E-1
-3.772180E-1
-3.875080E-1
-4.007380E-1
-4.169080E-1
-4.345480E-1
-4.521880E-1
-4.698280E-1
-4.859980E-1
-5.006980E-1
-5.124580E-1
-5.227480E-1
-5.300980E-1
-5.374480E-1
-5.433280E-1
-5.492080E-1
-5.550880E-1
-5.609680E-1
-5.653780E-1
-5.668480E-1
-5.653780E-1
-5.594980E-1
-5.492080E-1
-5.315680E-1
-4.992280E-1
-4.463080E-1
-3.772180E-1
-2.963680E-1
-2.037580E-1
-1.126180E-1
-3.764800E-2
1.968200E-2
6.084200E-2
9.024200E-2
1.108220E-1
1.211120E-1
1.211120E-1
1.034720E-1
6.966200E-2
2.262200E-2
-3.323800E-2
-9.938800E-2
-1.772980E-1
-2.610880E-1
-3.389980E-1
-4.080880E-1
-4.698280E-1
-5.242180E-1
-5.727280E-1
-6.153580E-1
-6.535780E-1
-6.859180E-1
-7.138480E-1
-7.373680E-1
-7.564780E-1
-7.726480E-1
-7.829380E-1
-7.917580E-1
-7.961680E-1
-7.976380E-1
-7.961680E-1
-7.917580E-1
-7.858780E-1
-7.785280E-1
-7.697080E-1
-7.623580E-1
-7.550080E-1
-7.505980E-1
-7.491280E-1
-7.491280E-1
-7.535380E-1
-7.594180E-1
-7.682380E-1
-7.770580E-1
-7.873480E-1
-7.961680E-1
-8.035180E-1
-8.093980E-1
-8.123380E-1
-8.152780E-1
-8.167480E-1
-8.167480E-1
-8.182180E-1
-8.182180E-1
-8.182180E-1
-8.167480E-1
-8.152780E-1
-8.123380E-1
-8.108680E-1
-8.079280E-1
-8.049880E-1
-8.020480E-1
-8.005780E-1
-7.991080E-1
-7.976380E-1
-7.961680E-1
-7.932280E-1
-7.902880E-1
-7.844080E-1
-7.755880E-1
-7.652980E-1
-7.505980E-1
-7.344280E-1
-7.167880E-1
-6.962080E-1
-6.726880E-1
-6.506380E-1
-6.271180E-1
-6.050680E-1
-5.859580E-1
-5.697880E-1
-5.580280E-1
-5.492080E-1
-5.462680E-1
-5.477380E-1
-5.536180E-1
-5.624380E-1
-5.756680E-1
-5.918380E-1
-6.094780E-1
-6.271180E-1
-6.447580E-1
-6.594580E-1
-6.712180E-1
-6.800380E-1
-6.859180E-1
-6.888580E-1
-6.873880E-1
-6.844480E-1
-6.815080E-1
-6.785680E-1
-6.770980E-1
-6.785680E-1
-6.815080E-1
-6.873880E-1
-6.962080E-1
-7.064980E-1
-7.182580E-1
-7.314880E-1
-7.447180E-1
-7.564780E-1
-7.682380E-1
-7.770580E-1
-7.829380E-1
-7.873480E-1
-7.888180E-1
-7.888180E-1
-7.858780E-1
-7.799980E-1
-7.711780E-1
-7.608880E-1
-7.505980E-1
-7.403080E-1
-7.300180E-1
-7.226680E-1
-7.167880E-1
-7.123780E-1
-7.123780E-1
-7.123780E-1
-7.153180E-1
-7.182580E-1
-7.211980E-1
-7.241380E-1
-7.270780E-1
-7.285480E-1
-7.300180E-1
-7.314880E-1
-7.314880E-1
-7.314880E-1
-7.314880E-1
-7.300180E-1
-7.270780E-1
-7.256080E-1
-7.241380E-1
-7.241380E-1
-7.270780E-1
-7.329580E-1
-7.417780E-1
-7.535380E-1
-7.652980E-1
-7.785280E-1
-7.902880E-1
-8.005780E-1
-8.064580E-1
-8.108680E-1
-8.123380E-1
-8.138080E-1
-8.138080E-1
-8.152780E-1
-8.182180E-1
-8.226280E-1
-8.270380E-1
-8.329180E-1
-8.387980E-1
-8.432080E-1
-8.446780E-1
-8.461480E-1
-8.461480E-1
-8.432080E-1
-8.402680E-1
-8.343880E-1
-8.255680E-1
-8.152780E-1
-8.035180E-1
-7.917580E-1
-7.770580E-1
-7.638280E-1
-7.505980E-1
-7.403080E-1
-7.314880E-1
-7.256080E-1
-7.211980E-1
-7.197280E-1
-7.197280E-1
-7.211980E-1
-7.226680E-1
-7.256080E-1
-7.285480E-1
-7.329580E-1
-7.373680E-1
-7.432480E-1
-7.520680E-1
-7.608880E-1
-7.711780E-1
-7.829380E-1
-7.946980E-1
-8.049880E-1
-8.138080E-1
-8.211580E-1
-8.255680E-1
-8.285080E-1
-8.285080E-1
-8.270380E-1
-8.240980E-1
-8.182180E-1
-8.108680E-1
-8.020480E-1
-7.917580E-1
-7.814680E-1
-7.697080E-1
-7.579480E-1
-7.476580E-1
-7.373680E-1
-7.270780E-1
-7.197280E-1
-7.123780E-1
-7.064980E-1
-7.006180E-1
-6.962080E-1
-6.917980E-1
-6.888580E-1
-6.844480E-1
-6.800380E-1
-6.756280E-1
-6.712180E-1
-6.668080E-1
-6.638680E-1
-6.609280E-1
-6.594580E-1
-6.609280E-1
-6.638680E-1
-6.697480E-1
-6.756280E-1
-6.844480E-1
-6.947380E-1
-7.050280E-1
-7.153180E-1
-7.256080E-1
-7.344280E-1
-7.447180E-1
-7.520680E-1
-7.579480E-1
-7.608880E-1
-7.623580E-1
-7.608880E-1
-7.579480E-1
-7.520680E-1
-7.461880E-1
-7.388380E-1
-7.329580E-1
-7.285480E-1
-7.270780E-1
-7.270780E-1
-7.300180E-1
-7.329580E-1
-7.388380E-1
-7.432480E-1
-7.491280E-1
-7.535380E-1
-7.564780E-1
-7.608880E-1
-7.638280E-1
-7.682380E-1
-7.711780E-1
-7.755880E-1
-7.785280E-1
-7.814680E-1
-7.829380E-1
-7.829380E-1
-7.829380E-1
-7.814680E-1
-7.785280E-1
-7.755880E-1
-7.741180E-1
-7.726480E-1
-7.741180E-1
-7.755880E-1
-7.770580E-1
-7.814680E-1
-7.844080E-1
-7.888180E-1
-7.917580E-1
-7.946980E-1
-7.976380E-1
-7.991080E-1
-7.991080E-1
-7.991080E-1
-7.976380E-1
-7.961680E-1
-7.946980E-1
-7.902880E-1
-7.873480E-1
-7.829380E-1
-7.799980E-1
-7.755880E-1
-7.726480E-1
-7.711780E-1
-7.682380E-1
-7.667680E-1
-7.638280E-1
-7.608880E-1
-7.579480E-1
-7.535380E-1
-7.491280E-1
-7.432480E-1
-7.373680E-1
-7.314880E-1
-7.241380E-1
-7.182580E-1
-7.138480E-1
-7.109080E-1
-7.094380E-1
-7.109080E-1
-7.138480E-1
-7.197280E-1
-7.285480E-1
-7.388380E-1
-7.491280E-1
-7.594180E-1
-7.682380E-1
-7.755880E-1
-7.785280E-1
-7.799980E-1
-7.770580E-1
-7.741180E-1
-7.697080E-1
-7.667680E-1
-7.638280E-1
-7.652980E-1
-7.667680E-1
-7.711780E-1
-7.770580E-1
-7.829380E-1
-7.873480E-1
-7.917580E-1
-7.917580E-1
-7.917580E-1
-7.873480E-1
-7.829380E-1
-7.770580E-1
-7.697080E-1
-7.638280E-1
-7.579480E-1
-7.535380E-1
-7.491280E-1
-7.461880E-1
-7.432480E-1
-7.417780E-1
-7.417780E-1
-7.432480E-1
-7.447180E-1
-7.476580E-1
-7.520680E-1
-7.564780E-1
-7.623580E-1
-7.667680E-1
-7.711780E-1
-7.755880E-1
-7.785280E-1
-7.799980E-1
-7.799980E-1
-7.785280E-1
-7.770580E-1
-7.770580E-1
-7.770580E-1
-7.799980E-1
-7.829380E-1
-7.888180E-1
-7.946980E-1
-8.020480E-1
-8.108680E-1
-8.182180E-1
-8.240980E-1
-8.299780E-1
-8.329180E-1
-8.343880E-1
-8.329180E-1
-8.285080E-1
-8.226280E-1
-8.152780E-1
-8.079280E-1
-7.976380E-1
-7.888180E-1
-7.814680E-1
-7.755880E-1
-7.711780E-1
-7.667680E-1
-7.652980E-1
-7.652980E-1
-7.652980E-1
-7.652980E-1
-7.652980E-1
-7.667680E-1
-7.667680E-1
-7.667680E-1
-7.667680E-1
-7.652980E-1
-7.652980E-1
-7.667680E-1
-7.667680E-1
-7.697080E-1
-7.726480E-1
-7.770580E-1
-7.814680E-1
-7.873480E-1
-7.917580E-1
-7.961680E-1
-7.991080E-1
-8.005780E-1
-7.991080E-1
-7.961680E-1
-7.888180E-1
-7.814680E-1
-7.711780E-1
-7.608880E-1
-7.505980E-1
-7.388380E-1
-7.285480E-1
-7.182580E-1
-7.079680E-1
-6.991480E-1
-6.917980E-1
-6.859180E-1
-6.815080E-1
-6.785680E-1
-6.785680E-1
-6.785680E-1
-6.815080E-1
-6.829780E-1
-6.859180E-1
-6.873880E-1
-6.873880E-1
-6.859180E-1
-6.844480E-1
-6.829780E-1
-6.815080E-1
-6.815080E-1
-6.815080E-1
-6.829780E-1
-6.873880E-1
-6.917980E-1
-6.976780E-1
-7.035580E-1
-7.079680E-1
-7.153180E-1
-7.211980E-1
-7.270780E-1
-7.344280E-1
-7.403080E-1
-7.476580E-1
-7.535380E-1
-7.594180E-1
-7.608880E-1
-7.608880E-1
-7.594180E-1
-7.535380E-1
-7.476580E-1
-7.403080E-1
-7.344280E-1
-7.285480E-1
-7.256080E-1
-7.256080E-1
-7.270780E-1
-7.300180E-1
-7.344280E-1
-7.403080E-1
-7.461880E-1
-7.505980E-1
-7.550080E-1
-7.564780E-1
-7.579480E-1
-7.579480E-1
-7.564780E-1
-7.535380E-1
-7.505980E-1
-7.461880E-1
-7.417780E-1
-7.373680E-1
-7.329580E-1
-7.270780E-1
-7.226680E-1
-7.182580E-1
-7.138480E-1
-7.109080E-1
-7.079680E-1
-7.064980E-1
-7.064980E-1
-7.079680E-1
-7.109080E-1
-7.153180E-1
-7.197280E-1
-7.241380E-1
-7.285480E-1
-7.329580E-1
-7.373680E-1
-7.403080E-1
-7.447180E-1
-7.491280E-1
-7.535380E-1
-7.594180E-1
-7.638280E-1
-7.682380E-1
-7.726480E-1
-7.755880E-1
-7.770580E-1
-7.770580E-1
-7.741180E-1
-7.711780E-1
-7.682380E-1
-7.652980E-1
-7.623580E-1
-7.608880E-1
-7.608880E-1
-7.623580E-1
-7.667680E-1
-7.711780E-1
-7.755880E-1
-7.814680E-1
-7.858780E-1
-7.888180E-1
-7.888180E-1
-7.858780E-1
-7.814680E-1
-7.741180E-1
-7.638280E-1
-7.550080E-1
-7.432480E-1
-7.344280E-1
-7.256080E-1
-7.182580E-1
-7.123780E-1
-7.079680E-1
-7.064980E-1
-7.064980E-1
-7.079680E-1
-7.109080E-1
-7.153180E-1
-7.211980E-1
-7.285480E-1
-7.344280E-1
-7.417780E-1
-7.461880E-1
-7.505980E-1
-7.535380E-1
-7.550080E-1
-7.564780E-1
-7.579480E-1
-7.594180E-1
-7.623580E-1
-7.667680E-1
-7.697080E-1
-7.755880E-1
-7.799980E-1
-7.844080E-1
-7.873480E-1
-7.917580E-1
-7.946980E-1
-7.961680E-1
-7.976380E-1
-7.976380E-1
-7.976380E-1
-7.961680E-1
-7.946980E-1
-7.932280E-1
-7.902880E-1
-7.873480E-1
-7.844080E-1
-7.814680E-1
-7.785280E-1
-7.755880E-1
-7.726480E-1
-7.711780E-1
-7.682380E-1
-7.652980E-1
-7.638280E-1
-7.638280E-1
-7.638280E-1
-7.638280E-1
-7.638280E-1
-7.652980E-1
-7.638280E-1
-7.623580E-1
-7.608880E-1
-7.579480E-1
-7.535380E-1
-7.505980E-1
-7.461880E-1
-7.432480E-1
-7.403080E-1
-7.388380E-1
-7.358980E-1
-7.329580E-1
-7.314880E-1
-7.285480E-1
-7.270780E-1
-7.256080E-1
-7.256080E-1
-7.241380E-1
-7.241380E-1
-7.226680E-1
-7.211980E-1
-7.182580E-1
-7.138480E-1
-7.079680E-1
-7.020880E-1
-6.976780E-1
-6.947380E-1
-6.947380E-1
-6.976780E-1
-7.035580E-1
-7.109080E-1
-7.211980E-1
-7.314880E-1
-7.403080E-1
-7.476580E-1
-7.535380E-1
-7.550080E-1
-7.550080E-1
-7.535380E-1
-7.505980E-1
-7.461880E-1
-7.403080E-1
-7.344280E-1
-7.285480E-1
-7.241380E-1
-7.182580E-1
-7.153180E-1
-7.109080E-1
-7.094380E-1
-7.064980E-1
-7.050280E-1
-7.050280E-1
-7.050280E-1
-7.079680E-1
-7.123780E-1
-7.167880E-1
-7.241380E-1
-7.329580E-1
-7.432480E-1
-7.520680E-1
-7.594180E-1
-7.652980E-1
-7.682380E-1
-7.682380E-1
-7.667680E-1
-7.638280E-1
-7.608880E-1
-7.579480E-1
-7.550080E-1
-7.535380E-1
-7.535380E-1
-7.535380E-1
-7.550080E-1
-7.564780E-1
-7.579480E-1
-7.579480E-1
-7.564780E-1
-7.535380E-1
-7.505980E-1
-7.461880E-1
-7.403080E-1
-7.358980E-1
-7.314880E-1
-7.270780E-1
-7.256080E-1
-7.241380E-1
-7.226680E-1
-7.241380E-1
-7.241380E-1
-7.270780E-1
-7.285480E-1
-7.300180E-1
-7.329580E-1
-7.358980E-1
-7.388380E-1
-7.417780E-1
-7.461880E-1
-7.491280E-1
-7.520680E-1
-7.564780E-1
-7.623580E-1
-7.682380E-1
-7.755880E-1
-7.844080E-1
-7.917580E-1
-7.976380E-1
-8.020480E-1
-8.035180E-1
-8.005780E-1
-7.946980E-1
-7.858780E-1
-7.741180E-1
-7.623580E-1
-7.491280E-1
-7.373680E-1
-7.285480E-1
-7.211980E-1
-7.182580E-1
-7.182580E-1
-7.211980E-1
-7.270780E-1
-7.358980E-1
-7.447180E-1
-7.550080E-1
-7.638280E-1
-7.711780E-1
-7.770580E-1
-7.814680E-1
-7.858780E-1
-7.902880E-1
-7.961680E-1
-8.020480E-1
-8.079280E-1
-8.138080E-1
-8.196880E-1
-8.255680E-1
-8.285080E-1
-8.285080E-1
-8.270380E-1
-8.240980E-1
-8.182180E-1
-8.123380E-1
-8.049880E-1
-7.976380E-1
-7.888180E-1
-7.814680E-1
-7.726480E-1
-7.652980E-1
-7.579480E-1
-7.505980E-1
-7.432480E-1
-7.373680E-1
-7.314880E-1
-7.285480E-1
-7.256080E-1
-7.241380E-1
-7.256080E-1
-7.285480E-1
-7.329580E-1
-7.403080E-1
-7.505980E-1
-7.608880E-1
-7.741180E-1
-7.873480E-1
-7.991080E-1
-8.079280E-1
-8.152780E-1
-8.182180E-1
-8.196880E-1
-8.167480E-1
-8.123380E-1
-8.064580E-1
-8.005780E-1
-7.946980E-1
-7.873480E-1
-7.829380E-1
-7.770580E-1
-7.726480E-1
-7.697080E-1
-7.682380E-1
-7.682380E-1
-7.711780E-1
-7.755880E-1
-7.814680E-1
-7.873480E-1
-7.946980E-1
-8.005780E-1
-8.035180E-1
-8.035180E-1
-8.020480E-1
-7.961680E-1
-7.888180E-1
-7.814680E-1
-7.741180E-1
-7.667680E-1
-7.623580E-1
-7.594180E-1
-7.579480E-1
-7.579480E-1
-7.594180E-1
-7.608880E-1
-7.623580E-1
-7.638280E-1
-7.667680E-1
-7.697080E-1
-7.741180E-1
-7.785280E-1
-7.829380E-1
-7.873480E-1
-7.917580E-1
-7.946980E-1
-7.961680E-1
-7.976380E-1
-7.976380E-1
-7.976380E-1
-7.976380E-1
-7.946980E-1
-7.917580E-1
-7.873480E-1
-7.829380E-1
-7.785280E-1
-7.741180E-1
-7.697080E-1
-7.667680E-1
-7.667680E-1
-7.667680E-1
-7.682380E-1
-7.697080E-1
-7.726480E-1
-7.755880E-1
-7.785280E-1
-7.799980E-1
-7.814680E-1
-7.814680E-1
-7.814680E-1
-7.814680E-1
-7.785280E-1
-7.770580E-1
-7.726480E-1
-7.682380E-1
-7.623580E-1
-7.550080E-1
-7.476580E-1
-7.388380E-1
-7.300180E-1
-7.211980E-1
-7.123780E-1
-7.050280E-1
-6.976780E-1
-6.903280E-1
-6.859180E-1
-6.815080E-1
-6.800380E-1
-6.800380E-1
-6.815080E-1
-6.859180E-1
-6.932680E-1
-7.006180E-1
-7.109080E-1
-7.211980E-1
-7.314880E-1
-7.432480E-1
-7.535380E-1
-7.608880E-1
-7.682380E-1
-7.726480E-1
-7.755880E-1
-7.770580E-1
-7.785280E-1
-7.785280E-1
-7.799980E-1
-7.814680E-1
-7.844080E-1
-7.873480E-1
-7.888180E-1
-7.902880E-1
-7.888180E-1
-7.858780E-1
-7.799980E-1
-7.711780E-1
-7.594180E-1
-7.476580E-1
-7.358980E-1
-7.256080E-1
-7.167880E-1
-7.094380E-1
-7.050280E-1
-7.035580E-1
-7.035580E-1
-7.050280E-1
-7.094380E-1
-7.138480E-1
-7.197280E-1
-7.270780E-1
-7.329580E-1
-7.388380E-1
-7.447180E-1
-7.491280E-1
-7.535380E-1
-7.564780E-1
-7.579480E-1
-7.594180E-1
-7.594180E-1
-7.608880E-1
-7.608880E-1
-7.623580E-1
-7.623580E-1
-7.623580E-1
-7.638280E-1
-7.638280E-1
-7.638280E-1
-7.652980E-1
-7.667680E-1
-7.697080E-1
-7.711780E-1
-7.741180E-1
-7.755880E-1
-7.755880E-1
-7.755880E-1
-7.741180E-1
-7.726480E-1
-7.711780E-1
-7.697080E-1
-7.697080E-1
-7.726480E-1
-7.755880E-1
-7.785280E-1
-7.829380E-1
-7.858780E-1
-7.888180E-1
-7.888180E-1
-7.858780E-1
-7.829380E-1
-7.799980E-1
-7.755880E-1
-7.726480E-1
-7.711780E-1
-7.711780E-1
-7.726480E-1
-7.741180E-1
-7.755880E-1
-7.785280E-1
-7.799980E-1
-7.814680E-1
-7.829380E-1
-7.829380E-1
-7.829380E-1
-7.814680E-1
-7.814680E-1
-7.799980E-1
-7.799980E-1
-7.785280E-1
-7.785280E-1
-7.785280E-1
-7.785280E-1
-7.799980E-1
-7.814680E-1
-7.844080E-1
-7.858780E-1
-7.873480E-1
-7.888180E-1
-7.902880E-1
-7.917580E-1
-7.932280E-1
-7.946980E-1
-7.961680E-1
-8.005780E-1
-8.064580E-1
-8.138080E-1
-8.240980E-1
-8.373280E-1
-8.549680E-1
-8.755480E-1
-9.005380E-1
-9.269980E-1
-9.593380E-1
-9.931480E-1
-1.029898E+0
-1.069588E+0
-1.112218E+0
-1.157788E+0
-1.207768E+0
-1.260688E+0
-1.316548E+0
-1.376818E+0
-1.440028E+0
-1.504708E+0
-1.570858E+0
-1.635538E+0
-1.695808E+0
-1.748728E+0
-1.795768E+0
-1.832518E+0
-1.858978E+0
-1.875148E+0
-1.885438E+0
-1.888378E+0
-1.888378E+0
-1.888378E+0
-1.886908E+0
-1.886908E+0
-1.888378E+0
-1.889848E+0
-1.892788E+0
-1.895728E+0
-1.897198E+0
-1.900138E+0
-1.901608E+0
-1.904548E+0
-1.907488E+0
-1.908958E+0
-1.911898E+0
-1.914838E+0
-1.917778E+0
-1.919248E+0
-1.922188E+0
-1.925128E+0
-1.928068E+0
-1.933948E+0
-1.938358E+0
-1.945708E+0
-1.953058E+0
-1.960408E+0
-1.970698E+0
-1.979518E+0
-1.991278E+0
-2.003038E+0
-2.017738E+0
-2.033908E+0
-2.050078E+0
-2.066248E+0
-2.080948E+0
-2.092708E+0
-2.100058E+0
-2.104468E+0
-2.104468E+0
-2.100058E+0
-2.094178E+0
-2.088298E+0
-2.082418E+0
-2.076538E+0
-2.072128E+0
-2.069188E+0
-2.066248E+0
-2.061838E+0
-2.057428E+0
-2.048608E+0
-2.039788E+0
-2.028028E+0
-2.016268E+0
-2.005978E+0
-1.998628E+0
-1.992748E+0
-1.991278E+0
-1.992748E+0
-1.997158E+0
-2.005978E+0
-2.016268E+0
-2.028028E+0
-2.041258E+0
-2.054488E+0
-2.067718E+0
-2.079478E+0
-2.088298E+0
-2.094178E+0
-2.097118E+0
-2.095648E+0
-2.088298E+0
-2.078008E+0
-2.066248E+0
-2.053018E+0
-2.041258E+0
-2.030968E+0
-2.023618E+0
-2.020678E+0
-2.020678E+0
-2.025088E+0
-2.030968E+0
-2.039788E+0
-2.050078E+0
-2.060368E+0
-2.070658E+0
-2.079478E+0
-2.088298E+0
-2.095648E+0
-2.101528E+0
-2.107408E+0
-2.113288E+0
-2.117698E+0
-2.122108E+0
-2.125048E+0
-2.129458E+0
-2.132398E+0
-2.135338E+0
-2.136808E+0
-2.141218E+0
-2.145628E+0
-2.151508E+0
-2.157388E+0
-2.166208E+0
-2.173558E+0
-2.180908E+0
-2.186788E+0
-2.188258E+0
-2.186788E+0
-2.182378E+0
-2.173558E+0
-2.163268E+0
-2.152978E+0
-2.144158E+0
-2.139748E+0
-2.139748E+0
-2.147098E+0
-2.158858E+0
-2.175028E+0
-2.191198E+0
-2.207368E+0
-2.217658E+0
-2.222068E+0
-2.220598E+0
-2.210308E+0
-2.194138E+0
-2.175028E+0
-2.154448E+0
-2.136808E+0
-2.120638E+0
-2.108878E+0
-2.101528E+0
-2.098588E+0
-2.100058E+0
-2.105938E+0
-2.114758E+0
-2.126518E+0
-2.141218E+0
-2.155918E+0
-2.170618E+0
-2.185318E+0
-2.197078E+0
-2.204428E+0
-2.210308E+0
-2.211778E+0
-2.213248E+0
-2.213248E+0
-2.211778E+0
-2.211778E+0
-2.211778E+0
-2.213248E+0
-2.214718E+0
-2.216188E+0
-2.216188E+0
-2.219128E+0
-2.222068E+0
-2.229418E+0
-2.241178E+0
-2.257348E+0
-2.279398E+0
-2.305858E+0
-2.335258E+0
-2.363188E+0
-2.388178E+0
-2.407288E+0
-2.416108E+0
-2.416108E+0
-2.407288E+0
-2.391118E+0
-2.367598E+0
-2.344078E+0
-2.320558E+0
-2.298508E+0
-2.280868E+0
-2.269108E+0
-2.260288E+0
-2.254408E+0
-2.251468E+0
-2.249998E+0
-2.248528E+0
-2.245588E+0
-2.244118E+0
-2.241178E+0
-2.239708E+0
-2.238238E+0
-2.238238E+0
-2.239708E+0
-2.244118E+0
-2.248528E+0
-2.254408E+0
-2.258818E+0
-2.263228E+0
-2.267638E+0
-2.272048E+0
-2.273518E+0
-2.274988E+0
-2.274988E+0
-2.274988E+0
-2.273518E+0
-2.273518E+0
-2.272048E+0
-2.273518E+0
-2.276458E+0
-2.282338E+0
-2.288218E+0
-2.295568E+0
-2.299978E+0
-2.304388E+0
-2.302918E+0
-2.298508E+0
-2.289688E+0
-2.277928E+0
-2.266168E+0
-2.252938E+0
-2.244118E+0
-2.238238E+0
-2.238238E+0
-2.242648E+0
-2.251468E+0
-2.264698E+0
-2.280868E+0
-2.295568E+0
-2.313208E+0
-2.327908E+0
-2.341138E+0
-2.352898E+0
-2.363188E+0
-2.372008E+0
-2.379358E+0
-2.385238E+0
-2.391118E+0
-2.395528E+0
-2.398468E+0
-2.401408E+0
-2.404348E+0
-2.405818E+0
-2.405818E+0
-2.405818E+0
-2.404348E+0
-2.402878E+0
-2.401408E+0
-2.399938E+0
-2.401408E+0
-2.405818E+0
-2.411698E+0
-2.420518E+0
-2.429338E+0
-2.438158E+0
-2.444038E+0
-2.448448E+0
-2.448448E+0
-2.441098E+0
-2.430808E+0
-2.416108E+0
-2.396998E+0
-2.377888E+0
-2.360248E+0
-2.342608E+0
-2.330848E+0
-2.322028E+0
-2.317618E+0
-2.317618E+0
-2.322028E+0
-2.330848E+0
-2.342608E+0
-2.355838E+0
-2.372008E+0
-2.386708E+0
-2.401408E+0
-2.416108E+0
-2.427868E+0
-2.438158E+0
-2.448448E+0
-2.455798E+0
-2.463148E+0
-2.470498E+0
-2.477848E+0
-2.485198E+0
-2.491078E+0
-2.498428E+0
-2.505778E+0
-2.511658E+0
-2.517538E+0
-2.523418E+0
-2.527828E+0
-2.529298E+0
-2.527828E+0
-2.523418E+0
-2.516068E+0
-2.504308E+0
-2.491078E+0
-2.476378E+0
-2.461678E+0
-2.449918E+0
-2.438158E+0
-2.430808E+0
-2.424928E+0
-2.421988E+0
-2.420518E+0
-2.420518E+0
-2.421988E+0
-2.427868E+0
-2.435218E+0
-2.448448E+0
-2.464618E+0
-2.485198E+0
-2.510188E+0
-2.538118E+0
-2.568988E+0
-2.598388E+0
-2.624848E+0
-2.649838E+0
-2.670418E+0
-2.686588E+0
-2.695408E+0
-2.698348E+0
-2.698348E+0
-2.690998E+0
-2.679238E+0
-2.664538E+0
-2.646898E+0
-2.629258E+0
-2.610148E+0
-2.592508E+0
-2.574868E+0
-2.560168E+0
-2.546938E+0
-2.535178E+0
-2.526358E+0
-2.521948E+0
-2.517538E+0
-2.516068E+0
-2.516068E+0
-2.514598E+0
-2.511658E+0
-2.505778E+0
-2.496958E+0
-2.486668E+0
-2.476378E+0
-2.467558E+0
-2.464618E+0
-2.467558E+0
-2.476378E+0
-2.494018E+0
-2.517538E+0
-2.545468E+0
-2.571928E+0
-2.598388E+0
-2.618968E+0
-2.635138E+0
-2.643958E+0
-2.648368E+0
-2.649838E+0
-2.646898E+0
-2.643958E+0
-2.642488E+0
-2.639548E+0
-2.636608E+0
-2.633668E+0
-2.629258E+0
-2.624848E+0
-2.621908E+0
-2.618968E+0
-2.618968E+0
-2.623378E+0
-2.633668E+0
-2.646898E+0
-2.664538E+0
-2.685118E+0
-2.705698E+0
-2.723338E+0
-2.736568E+0
-2.745388E+0
-2.746858E+0
-2.740978E+0
-2.732158E+0
-2.720398E+0
-2.707168E+0
-2.695408E+0
-2.688058E+0
-2.683648E+0
-2.682178E+0
-2.686588E+0
-2.692468E+0
-2.698348E+0
-2.705698E+0
-2.711578E+0
-2.714518E+0
-2.714518E+0
-2.711578E+0
-2.704228E+0
-2.693938E+0
-2.682178E+0
-2.668948E+0
-2.655718E+0
-2.645428E+0
-2.635138E+0
-2.627788E+0
-2.621908E+0
-2.617498E+0
-2.616028E+0
-2.614558E+0
-2.617498E+0
-2.618968E+0
-2.624848E+0
-2.630728E+0
-2.638078E+0
-2.645428E+0
-2.651308E+0
-2.655718E+0
-2.657188E+0
-2.657188E+0
-2.654248E+0
-2.649838E+0
-2.643958E+0
-2.639548E+0
-2.635138E+0
-2.633668E+0
-2.635138E+0
-2.638078E+0
-2.642488E+0
-2.649838E+0
-2.657188E+0
-2.664538E+0
-2.671888E+0
-2.677768E+0
-2.682178E+0
-2.688058E+0
-2.692468E+0
-2.693938E+0
-2.695408E+0
-2.695408E+0
-2.693938E+0
-2.692468E+0
-2.688058E+0
-2.685118E+0
-2.682178E+0
-2.682178E+0
-2.685118E+0
-2.688058E+0
-2.693938E+0
-2.701288E+0
-2.708638E+0
-2.715988E+0
-2.723338E+0
-2.730688E+0
-2.739508E+0
-2.751268E+0
-2.765968E+0
-2.782138E+0
-2.801248E+0
-2.823298E+0
-2.846818E+0
-2.867398E+0
-2.889448E+0
-2.908558E+0
-2.923258E+0
-2.936488E+0
-2.942368E+0
-2.943838E+0
-2.939428E+0
-2.927668E+0
-2.911498E+0
-2.890918E+0
-2.870338E+0
-2.848288E+0
-2.827708E+0
-2.813008E+0
-2.801248E+0
-2.793898E+0
-2.790958E+0
-2.790958E+0
-2.792428E+0
-2.796838E+0
-2.801248E+0
-2.808598E+0
-2.817418E+0
-2.830648E+0
-2.846818E+0
-2.865928E+0
-2.885038E+0
-2.905618E+0
-2.921788E+0
-2.933548E+0
-2.936488E+0
-2.933548E+0
-2.921788E+0
-2.905618E+0
-2.885038E+0
-2.861518E+0
-2.837998E+0
-2.814478E+0
-2.792428E+0
-2.774788E+0
-2.760088E+0
-2.748328E+0
-2.740978E+0
-2.738038E+0
-2.738038E+0
-2.743918E+0
-2.752738E+0
-2.765968E+0
-2.783608E+0
-2.804188E+0
-2.827708E+0
-2.854168E+0
-2.880628E+0
-2.908558E+0
-2.933548E+0
-2.957068E+0
-2.976178E+0
-2.992348E+0
-3.004108E+0
-3.011458E+0
-3.015868E+0
-3.014398E+0
-3.008518E+0
-3.001168E+0
-2.989408E+0
-2.974708E+0
-2.957068E+0
-2.937958E+0
-2.920318E+0
-2.902678E+0
-2.889448E+0
-2.877688E+0
-2.871808E+0
-2.867398E+0
-2.868868E+0
-2.871808E+0
-2.874748E+0
-2.879158E+0
-2.880628E+0
-2.882098E+0
-2.882098E+0
-2.880628E+0
-2.879158E+0
-2.877688E+0
-2.876218E+0
-2.876218E+0
-2.874748E+0
-2.874748E+0
-2.876218E+0
-2.877688E+0
-2.879158E+0
-2.880628E+0
-2.885038E+0
-2.892388E+0
-2.902678E+0
-2.915908E+0
-2.933548E+0
-2.951188E+0
-2.971768E+0
-2.992348E+0
-3.008518E+0
-3.020278E+0
-3.026158E+0
-3.026158E+0
-3.017338E+0
-3.005578E+0
-2.989408E+0
-2.971768E+0
-2.955598E+0
-2.940898E+0
-2.930608E+0
-2.924728E+0
-2.921788E+0
-2.921788E+0
-2.923258E+0
-2.924728E+0
-2.923258E+0
-2.918848E+0
-2.908558E+0
-2.895328E+0
-2.877688E+0
-2.860048E+0
-2.845348E+0
-2.835058E+0
-2.832118E+0
-2.836528E+0
-2.851228E+0
-2.871808E+0
-2.899738E+0
-2.929138E+0
-2.958538E+0
-2.986468E+0
-3.011458E+0
-3.033508E+0
-3.055558E+0
-3.074668E+0
-3.096718E+0
-3.118768E+0
-3.145228E+0
-3.170218E+0
-3.192268E+0
-3.208438E+0
-3.220198E+0
-3.221668E+0
-3.214318E+0
-3.199618E+0
-3.180508E+0
-3.156988E+0
-3.134938E+0
-3.114358E+0
-3.093778E+0
-3.077608E+0
-3.062908E+0
-3.052618E+0
-3.045268E+0
-3.040858E+0
-3.040858E+0
-3.045268E+0
-3.054088E+0
-3.065848E+0
-3.082018E+0
-3.101128E+0
-3.120238E+0
-3.139348E+0
-3.158458E+0
-3.177568E+0
-3.193738E+0
-3.206968E+0
-3.220198E+0
-3.230488E+0
-3.237838E+0
-3.242248E+0
-3.243718E+0
-3.242248E+0
-3.236368E+0
-3.229018E+0
-3.218728E+0
-3.205498E+0
-3.192268E+0
-3.177568E+0
-3.161398E+0
-3.146698E+0
-3.131998E+0
-3.117298E+0
-3.105538E+0
-3.095248E+0
-3.086428E+0
-3.080548E+0
-3.074668E+0
-3.068788E+0
-3.062908E+0
-3.058498E+0
-3.052618E+0
-3.046738E+0
-3.045268E+0
-3.045268E+0
-3.051148E+0
-3.061438E+0
-3.073198E+0
-3.087898E+0
-3.105538E+0
-3.123178E+0
-3.139348E+0
-3.154048E+0
-3.165808E+0
-3.179038E+0
-3.189328E+0
-3.198148E+0
-3.204028E+0
-3.206968E+0
-3.206968E+0
-3.202558E+0
-3.193738E+0
-3.179038E+0
-3.159928E+0
-3.139348E+0
-3.118768E+0
-3.098188E+0
-3.082018E+0
-3.068788E+0
-3.059968E+0
-3.054088E+0
-3.049678E+0
-3.048208E+0
-3.045268E+0
-3.042328E+0
-3.036448E+0
-3.027628E+0
-3.017338E+0
-3.007048E+0
-2.998228E+0
-2.992348E+0
-2.989408E+0
-2.993818E+0
-3.004108E+0
-3.021748E+0
-3.048208E+0
-3.079078E+0
-3.111418E+0
-3.143758E+0
-3.173158E+0
-3.198148E+0
-3.215788E+0
-3.226078E+0
-3.230488E+0
-3.231958E+0
-3.233428E+0
-3.234898E+0
-3.237838E+0
-3.243718E+0
-3.255478E+0
-3.268708E+0
-3.284878E+0
-3.302518E+0
-3.318688E+0
-3.333388E+0
-3.343678E+0
-3.349558E+0
-3.348088E+0
-3.337798E+0
-3.321628E+0
-3.298108E+0
-3.271648E+0
-3.242248E+0
-3.215788E+0
-3.192268E+0
-3.173158E+0
-3.159928E+0
-3.151108E+0
-3.143758E+0
-3.133468E+0
-3.115828E+0
-3.089368E+0
-3.052618E+0
-3.007048E+0
-2.957068E+0
-2.907088E+0
-2.698348E+0
-2.122108E+0
-1.278328E+0
-3.625180E-1
4.959620E-1
1.247132E+0
1.885112E+0
2.417252E+0
2.850902E+0
3.186062E+0
3.428612E+0
3.599132E+0
3.709382E+0
3.760832E+0
3.753482E+0
3.687332E+0
3.566792E+0
3.396272E+0
3.180182E+0
2.922932E+0
2.623052E+0
2.274662E+0
1.879232E+0
1.449992E+0
9.869420E-1
4.768520E-1
-8.321800E-2
-6.697480E-1
-1.259218E+0
-1.826638E+0
-2.363188E+0
-2.858578E+0
-3.311338E+0
-3.721468E+0
-4.093378E+0
-4.430008E+0
-4.738708E+0
-5.026828E+0
-5.301718E+0
-5.578078E+0
-5.867668E+0
-6.182248E+0
-6.536518E+0
-6.939298E+0
-7.408228E+0
-7.946248E+0
-8.579818E+0
-9.322168E+0
-1.017624E+1
-1.112439E+1
-1.213869E+1
-1.297365E+1
-1.334262E+1
-1.326324E+1
-1.304274E+1
-1.297365E+1
-1.318680E+1
-1.399383E+1
-1.660896E+1
-2.050005E+1
-2.050005E+1
-2.050005E+1
-2.050005E+1
-2.050005E+1
-2.050005E+1
-2.050005E+1
-2.050005E+1
-2.050005E+1
-2.050005E+1
-2.050005E+1
-2.050005E+1
-2.050005E+1
-1.660896E+1
-1.311330E+1
-1.179765E+1
-1.101120E+1
-1.041438E+1
-9.963088E+0
-9.619108E+0
-9.333928E+0
-9.104608E+0
-8.919388E+0
-8.776798E+0
-8.670958E+0
-8.625388E+0
-8.653318E+0
-8.738578E+0
-8.898808E+0
-9.151648E+0
-9.533848E+0
-1.010274E+1
-1.093035E+1
-1.238271E+1
-1.811424E+1
-2.050005E+1
-2.050005E+1
-2.050005E+1
-2.050005E+1
-2.050005E+1
-2.050005E+1
-2.050005E+1
-2.050005E+1
-2.050005E+1
-2.050005E+1
-2.050005E+1
-2.050005E+1
-2.050005E+1
-2.050005E+1
-1.510368E+1
-1.200492E+1
-1.087743E+1
-1.025268E+1
-9.879298E+0
-9.648508E+0
-9.533848E+0
-9.477988E+0
-9.492688E+0
-9.533848E+0
-9.619108E+0
-9.738178E+0
-9.896938E+0
-1.012185E+1
-1.043496E+1
-1.087743E+1
-1.153746E+1
-1.254441E+1
-1.461858E+1
-2.050005E+1
-2.050005E+1
-2.050005E+1
-2.050005E+1
-2.050005E+1
-2.050005E+1
-2.050005E+1
-2.050005E+1
-2.050005E+1
-2.050005E+1
-2.050005E+1
-2.050005E+1
-2.050005E+1
-2.050005E+1
-1.434663E+1
-1.260027E+1
-1.175796E+1
-1.124346E+1
-1.098327E+1
-1.087743E+1
-1.095681E+1
-1.124346E+1
-1.171974E+1
-1.243563E+1
-1.351020E+1
-1.549911E+1
-2.050005E+1
-2.050005E+1
-2.050005E+1
-2.050005E+1
-1.529331E+1
-1.369101E+1
-1.277961E+1
-1.223277E+1
-1.191966E+1
-1.175796E+1
-1.179765E+1
-1.191966E+1
-1.218573E+1
-1.248855E+1
-1.277961E+1
-1.297365E+1
-1.304274E+1
-1.304274E+1
-1.304274E+1
-1.311330E+1
-1.342494E+1
-1.399383E+1
-1.549911E+1
-2.050005E+1
-2.050005E+1
-2.050005E+1
-2.050005E+1
-2.050005E+1
-2.050005E+1
-2.050005E+1
-2.050005E+1
-2.050005E+1
-2.050005E+1
-1.447893E+1
-1.233273E+1
-1.127433E+1
-1.056579E+1
-1.006746E+1
-9.692608E+0
-9.425068E+0
-9.235438E+0
-9.116368E+0
-9.038458E+0
-9.004648E+0
-9.016408E+0
-9.048748E+0
-9.082558E+0
-9.116368E+0
-9.128128E+0
-9.116368E+0
-9.104608E+0
-9.070798E+0
-9.060508E+0
-9.048748E+0
-9.070798E+0
-9.104608E+0
-9.151648E+0
-9.198688E+0
-9.258958E+0
-9.333928E+0
-9.411838E+0
-9.533848E+0
-9.707308E+0
-9.980728E+0
-1.039380E+1
-1.098327E+1
-1.179765E+1
-1.311330E+1
-1.598421E+1
-2.050005E+1
-2.050005E+1
-2.050005E+1
-2.050005E+1
-2.050005E+1
-2.050005E+1
-2.050005E+1
-2.050005E+1
-2.050005E+1
-2.050005E+1
-2.050005E+1
-2.050005E+1
-2.050005E+1
-2.050005E+1
-2.050005E+1
-2.050005E+1
-2.050005E+1
-1.311330E+1
-1.164477E+1
-1.090389E+1
-1.045554E+1
-1.017624E+1
-9.996898E+0
-9.879298E+0
-9.769048E+0
-9.663208E+0
-9.547078E+0
-9.451528E+0
-9.372148E+0
-9.322168E+0
-9.347158E+0
-9.451528E+0
-9.648508E+0
-9.963088E+0
-1.041438E+1
-1.101120E+1
-1.175796E+1
-1.271787E+1
-1.369101E+1
-1.434663E+1
-1.410555E+1
-1.326324E+1
-1.243563E+1
-1.171974E+1
-1.121259E+1
-1.087743E+1
-1.072749E+1
-1.075248E+1
-1.095681E+1
-1.133607E+1
-1.191966E+1
-1.265907E+1
-1.359840E+1
-1.434663E+1
-1.447893E+1
-1.369101E+1
-1.277961E+1
-1.196082E+1
-1.133607E+1
-1.090389E+1
-1.060989E+1
-1.047759E+1
-1.049964E+1
-1.068045E+1
-1.103913E+1
-1.160802E+1
-1.260027E+1
-1.434663E+1
-2.050005E+1
-2.050005E+1
-2.050005E+1
-2.050005E+1
-2.050005E+1
-2.050005E+1
-2.050005E+1
-2.050005E+1
-2.050005E+1
-2.050005E+1
-2.050005E+1
-2.050005E+1
-2.050005E+1
-2.050005E+1
-2.050005E+1
-2.050005E+1
-2.050005E+1
-2.050005E+1
-2.050005E+1
-2.050005E+1
-2.050005E+1
-2.050005E+1
-2.050005E+1
-2.050005E+1
-2.050005E+1
-2.050005E+1
-2.050005E+1
-2.050005E+1
-2.050005E+1
-2.050005E+1
-2.050005E+1
-2.050005E+1
-2.050005E+1
-2.050005E+1
-2.050005E+1
-2.050005E+1
-2.050005E+1
-2.050005E+1
-2.050005E+1
-2.050005E+1
-2.050005E+1
-2.050005E+1
-2.050005E+1
-2.050005E+1
-2.050005E+1
-2.050005E+1
-2.050005E+1
-2.050005E+1
-2.050005E+1
-2.050005E+1
-2.050005E+1
-2.050005E+1
-2.050005E+1
-2.050005E+1
-2.050005E+1
-2.050005E+1
-2.050005E+1
-2.050005E+1
-2.050005E+1
-2.050005E+1
-2.050005E+1
-2.050005E+1
-2.050005E+1
-2.050005E+1
-2.050005E+1
-2.050005E+1
-1.572843E+1
-1.284135E+1
-1.168152E+1
-1.095681E+1
-1.047759E+1
-1.012185E+1
-9.879298E+0
-9.677908E+0
-9.505918E+0
-9.358918E+0
-9.210448E+0
-9.082558E+0
-8.994358E+0
-8.929678E+0
-8.888518E+0
-8.888518E+0
-8.909098E+0
-8.972308E+0
-9.070798E+0
-9.186928E+0
-9.333928E+0
-9.533848E+0
-9.816088E+0
-1.017624E+1
-1.065693E+1
-1.133607E+1
-1.223277E+1
-1.359840E+1
-1.572843E+1
-2.050005E+1
-2.050005E+1
-2.050005E+1
-1.700439E+1
-1.461858E+1
-1.326324E+1
-1.248855E+1
-1.200492E+1
-1.164477E+1
-1.140222E+1
-1.124346E+1
-1.121259E+1
-1.127433E+1
-1.146837E+1
-1.179765E+1
-1.233273E+1
-1.318680E+1
-1.510368E+1
-2.050005E+1
-2.050005E+1
-2.050005E+1
-2.050005E+1
-2.050005E+1
-2.050005E+1
-2.050005E+1
-2.050005E+1
-2.050005E+1
-2.050005E+1
-2.050005E+1
-2.050005E+1
-2.050005E+1
-2.050005E+1
-2.050005E+1
-2.050005E+1
-2.050005E+1
-2.050005E+1
-2.050005E+1
-2.050005E+1
-2.050005E+1
-2.050005E+1
-2.050005E+1
-2.050005E+1
-2.050005E+1
-2.050005E+1
-2.050005E+1
-2.050005E+1
-2.050005E+1
-2.050005E+1
-2.050005E+1
-2.050005E+1
-2.050005E+1
-2.050005E+1
-2.050005E+1
-2.050005E+1
-1.598421E+1
-1.410555E+1
-1.388799E+1
-1.493022E+1
-2.050005E+1
-2.050005E+1
-2.050005E+1
-2.050005E+1
-2.050005E+1
-2.050005E+1
-2.050005E+1
-2.050005E+1
-2.050005E+1
-2.050005E+1
-2.050005E+1
-2.050005E+1
-2.050005E+1
-2.050005E+1
-2.050005E+1
-2.050005E+1
-2.050005E+1
-2.050005E+1
-1.342494E+1
-1.200492E+1
-1.140222E+1
-1.109499E+1
-1.095681E+1
-1.098327E+1
-1.115379E+1
-1.140222E+1
-1.179765E+1
-1.233273E+1
-1.318680E+1
-1.493022E+1
-2.050005E+1
-2.050005E+1
-2.050005E+1
-2.050005E+1
-2.050005E+1
-2.050005E+1
-2.050005E+1
-2.050005E+1
-2.050005E+1
-2.050005E+1
-2.050005E+1
-2.050005E+1
-2.050005E+1
-2.050005E+1
-2.050005E+1
-2.050005E+1
-2.050005E+1
-2.050005E+1
-2.050005E+1
-2.050005E+1
-2.050005E+1
-2.050005E+1
-2.050005E+1
-2.050005E+1
-2.050005E+1
-2.050005E+1
-2.050005E+1
-2.050005E+1
-2.050005E+1
-2.050005E+1
-2.050005E+1
-2.050005E+1
-2.050005E+1
-2.050005E+1
-2.050005E+1
-2.050005E+1
-1.811424E+1
-1.627380E+1
-1.493022E+1
-1.410555E+1
-1.326324E+1
-1.260027E+1
-1.200492E+1
-1.146837E+1
-1.101120E+1
-1.065693E+1
-1.035264E+1
-1.013949E+1
-9.980728E+0
-9.846958E+0
-9.769048E+0
-9.738178E+0
-9.783748E+0
-9.879298E+0
-1.003218E+1
-1.029237E+1
-1.072749E+1
-1.140222E+1
-1.248855E+1
-1.510368E+1
-2.050005E+1
-2.050005E+1
-2.050005E+1
-2.050005E+1
-2.050005E+1
-2.050005E+1
-2.050005E+1
-2.050005E+1
-2.050005E+1
-2.050005E+1
-2.050005E+1
-2.050005E+1
-2.050005E+1
-2.050005E+1
-2.050005E+1
-2.050005E+1
-2.050005E+1
-2.050005E+1
-2.050005E+1
-2.050005E+1
-2.050005E+1
-2.050005E+1
-2.050005E+1
-2.050005E+1
-2.050005E+1
-2.050005E+1
-2.050005E+1
-2.050005E+1
-2.050005E+1
-2.050005E+1
-2.050005E+1
-2.050005E+1
-2.050005E+1
-2.050005E+1
-2.050005E+1
-2.050005E+1
-2.050005E+1
-2.050005E+1
-2.050005E+1
-2.050005E+1
-2.050005E+1
-2.050005E+1
-2.050005E+1
-2.050005E+1
-2.050005E+1
-2.050005E+1
-2.050005E+1
-2.050005E+1
-2.050005E+1
-2.050005E+1
-2.050005E+1
-1.399383E+1
-1.218573E+1
-1.150218E+1
-1.133607E+1
-1.160802E+1
-1.243563E+1
-1.510368E+1
-2.050005E+1
-2.050005E+1
-2.050005E+1
-2.050005E+1
-2.050005E+1
-2.050005E+1
-2.050005E+1
-2.050005E+1
-2.050005E+1
-2.050005E+1
-2.050005E+1
-2.050005E+1
-2.050005E+1
-2.050005E+1
-1.598421E+1
-1.476852E+1
-1.461858E+1
-1.510368E+1
-1.598421E+1
-1.899477E+1
-2.050005E+1
-2.050005E+1
-2.050005E+1
-2.050005E+1
-2.050005E+1
-2.050005E+1
-2.050005E+1
-2.050005E+1
-2.050005E+1
-2.050005E+1
-2.050005E+1
-2.050005E+1
-2.050005E+1
-2.050005E+1
-2.050005E+1
-1.899477E+1
-1.378803E+1
-1.243563E+1
-1.168152E+1
-1.121259E+1
-1.090389E+1
-1.070397E+1
-1.058784E+1
-1.049964E+1
-1.041438E+1
-1.035264E+1
-1.027326E+1
-1.023357E+1
-1.023357E+1
-1.035264E+1
-1.065693E+1
-1.124346E+1
-1.254441E+1
-2.050005E+1
-2.050005E+1
-2.050005E+1
-2.050005E+1
-2.050005E+1
-2.050005E+1
-2.050005E+1
-2.050005E+1
-2.050005E+1
-2.050005E+1
-2.050005E+1
-2.050005E+1
-2.050005E+1
-2.050005E+1
-2.050005E+1
-2.050005E+1
-2.050005E+1
-2.050005E+1
-2.050005E+1
-2.050005E+1
-2.050005E+1
-2.050005E+1
-2.050005E+1
-2.050005E+1
-1.598421E+1
-1.461858E+1
-1.422315E+1
-1.410555E+1
-1.399383E+1
-1.388799E+1
-1.378803E+1
-1.351020E+1
-1.318680E+1
-1.290750E+1
-1.265907E+1
-1.243563E+1
-1.218573E+1
-1.191966E+1
-1.153746E+1
-1.112439E+1
-1.070397E+1
-1.031148E+1
-9.996898E+0
-9.752878E+0
-9.589708E+0
-9.533848E+0
-9.575008E+0
-9.738178E+0
-1.003218E+1
-1.043496E+1
-1.103913E+1
-1.187850E+1
-1.318680E+1
-1.627380E+1
-2.050005E+1
-2.050005E+1
-2.050005E+1
-2.050005E+1
-2.050005E+1
-2.050005E+1
-2.050005E+1
-2.050005E+1
-2.050005E+1
-2.050005E+1
-2.050005E+1
-2.050005E+1
-2.050005E+1
-2.050005E+1
-2.050005E+1
-2.050005E+1
-2.050005E+1
-2.050005E+1
-2.050005E+1
-2.050005E+1
-2.050005E+1
-2.050005E+1
-2.050005E+1
-2.050005E+1
-2.050005E+1
-2.050005E+1
-2.050005E+1
-2.050005E+1
-2.050005E+1
-2.050005E+1
-2.050005E+1
-2.050005E+1
-2.050005E+1
-2.050005E+1
-2.050005E+1
-2.050005E+1
-2.050005E+1
-2.050005E+1
-2.050005E+1
-2.050005E+1
-2.050005E+1
-2.050005E+1
-2.050005E+1
-2.050005E+1
-2.050005E+1
-2.050005E+1
-2.050005E+1
-2.050005E+1
-2.050005E+1
-2.050005E+1
-1.369101E+1
-1.146837E+1
-1.060989E+1
-1.013949E+1
-9.896938E+0
-9.783748E+0
-9.738178E+0
-9.738178E+0
-9.752878E+0
-9.769048E+0
-9.783748E+0
-9.799918E+0
-9.816088E+0
-9.846958E+0
-9.879298E+0
-9.929278E+0
-9.996898E+0
-1.006746E+1
-1.017624E+1
-1.029237E+1
-1.043496E+1
-1.063341E+1
-1.085244E+1
-1.115379E+1
-1.150218E+1
-1.196082E+1
-1.254441E+1
-1.342494E+1
-1.476852E+1
-1.899477E+1
-2.050005E+1
-2.050005E+1
-2.050005E+1
-2.050005E+1
-2.050005E+1
-2.050005E+1
-2.050005E+1
-2.050005E+1
-2.050005E+1
-2.050005E+1
-2.050005E+1
-2.050005E+1
-2.050005E+1
-2.050005E+1
-2.050005E+1
-2.050005E+1
-2.050005E+1
-2.050005E+1
-2.050005E+1
-2.050005E+1
-2.050005E+1
-2.050005E+1
-2.050005E+1
-2.050005E+1
-2.050005E+1
-2.050005E+1
-2.050005E+1
-2.050005E+1
-2.050005E+1
-2.050005E+1
-2.050005E+1
-2.050005E+1
-2.050005E+1
-2.050005E+1
-2.050005E+1
-2.050005E+1
-1.748949E+1
-1.529331E+1
-1.410555E+1
-1.311330E+1
-1.223277E+1
-1.153746E+1
-1.093035E+1
-1.049964E+1
-1.017624E+1
-9.996898E+0
-9.929278E+0
-9.980728E+0
-1.010274E+1
-1.027326E+1
-1.047759E+1
-1.065693E+1
-1.075248E+1
-1.072749E+1
-1.063341E+1
-1.047759E+1
-1.031148E+1
-1.019535E+1
-1.012185E+1
-1.013949E+1
-1.025268E+1
-1.049964E+1
-1.090389E+1
-1.150218E+1
-1.238271E+1
-1.378803E+1
-1.700439E+1
-2.050005E+1
-2.050005E+1
-2.050005E+1
-2.050005E+1
-2.050005E+1
-2.050005E+1
-2.050005E+1
-2.050005E+1
-2.050005E+1
-2.050005E+1
-2.050005E+1
-2.050005E+1
-2.050005E+1
-2.050005E+1
-2.050005E+1
-2.050005E+1
-2.050005E+1
-2.050005E+1
-2.050005E+1
-2.050005E+1
-2.050005E+1
-2.050005E+1
-2.050005E+1
-2.050005E+1
-2.050005E+1
-2.050005E+1
-2.050005E+1
-2.050005E+1
-2.050005E+1
-2.050005E+1
-2.050005E+1
-2.050005E+1
-2.050005E+1
-2.050005E+1
-2.050005E+1
-2.050005E+1
-1.434663E+1
-1.290750E+1
-1.223277E+1
-1.179765E+1
-1.146837E+1
-1.118319E+1
-1.095681E+1
-1.075248E+1
-1.056579E+1
-1.043496E+1
-1.029237E+1
-1.013949E+1
-9.996898E+0
-9.816088E+0
-9.633808E+0
-9.425068E+0
-9.235438E+0
-9.060508E+0
-8.939968E+0
-8.867938E+0
-8.878228E+0
-8.972308E+0
-9.163408E+0
-9.477988E+0
-9.946918E+0
-1.060989E+1
-1.153746E+1
-1.290750E+1
-1.549911E+1
-2.050005E+1
-2.050005E+1
-2.050005E+1
-2.050005E+1
-2.050005E+1
-2.050005E+1
-2.050005E+1
-2.050005E+1
-2.050005E+1
-2.050005E+1
-2.050005E+1
-2.050005E+1
-2.050005E+1
-2.050005E+1
-2.050005E+1
-2.050005E+1
-2.050005E+1
-2.050005E+1
-2.050005E+1
-2.050005E+1
-2.050005E+1
-2.050005E+1
-2.050005E+1
-2.050005E+1
-2.050005E+1
-2.050005E+1
-2.050005E+1
-2.050005E+1
-2.050005E+1
-2.050005E+1
-2.050005E+1
-2.050005E+1
-2.050005E+1
-2.050005E+1
-2.050005E+1
-2.050005E+1
-2.050005E+1
-2.050005E+1
-2.050005E+1
-2.050005E+1
-2.050005E+1
-2.050005E+1
-2.050005E+1
-2.050005E+1
-2.050005E+1
-2.050005E+1
-2.050005E+1
-2.050005E+1
-2.050005E+1
-2.050005E+1
-2.050005E+1
-2.050005E+1
-2.050005E+1
-1.899477E+1
-1.359840E+1
-1.183734E+1
-1.070397E+1
-9.896938E+0
-9.295708E+0
-8.847358E+0
-8.518078E+0
-8.294638E+0
-8.187328E+0
-8.172628E+0
-8.263768E+0
-8.457808E+0
-8.787088E+0
-9.258958E+0
-9.946918E+0
-1.090389E+1
-1.238271E+1
-1.572843E+1
-2.050005E+1
-2.050005E+1
-2.050005E+1
-2.050005E+1
-1.476852E+1
-1.238271E+1
-1.112439E+1
-1.031148E+1
-9.707308E+0
-9.272188E+0
-8.950258E+0
-8.738578E+0
-8.607748E+0
-8.579818E+0
-8.662138E+0
-8.857648E+0
-9.210448E+0
-9.799918E+0
-1.082745E+1
-1.304274E+1
-2.050005E+1
-2.050005E+1
-2.050005E+1
-2.050005E+1
-2.050005E+1
-2.050005E+1
-2.050005E+1
-2.050005E+1
-2.050005E+1
-2.050005E+1
-2.050005E+1
-2.050005E+1
-2.050005E+1
-2.050005E+1
-2.050005E+1
-2.050005E+1
-2.050005E+1
-2.050005E+1
-2.050005E+1
-2.050005E+1
-2.050005E+1
-2.050005E+1
-2.050005E+1
-2.050005E+1
-2.050005E+1
-2.050005E+1
-2.050005E+1
-2.050005E+1
-2.050005E+1
-1.529331E+1
-1.342494E+1
-1.271787E+1
-1.238271E+1
-1.223277E+1
-1.218573E+1
-1.204902E+1
-1.183734E+1
-1.146837E+1
-1.098327E+1
-1.047759E+1
-9.980728E+0
-9.547078E+0
-9.186928E+0
-8.909098E+0
-8.719468E+0
-8.616568E+0
-8.607748E+0
-8.700358E+0
-8.898808E+0
-9.222208E+0
-9.722008E+0
-1.049964E+1
-1.183734E+1
-1.598421E+1
-2.050005E+1
-2.050005E+1
-2.050005E+1
-2.050005E+1
-2.050005E+1
-2.050005E+1
-2.050005E+1
-2.050005E+1
-2.050005E+1
-2.050005E+1
-2.050005E+1
-2.050005E+1
-2.050005E+1
-2.050005E+1
-2.050005E+1
-2.050005E+1
-2.050005E+1
-2.050005E+1
-2.050005E+1
-2.050005E+1
-2.050005E+1
-1.627380E+1
-1.510368E+1
-1.598421E+1
-2.050005E+1
-2.050005E+1
-2.050005E+1
-2.050005E+1
-2.050005E+1
-2.050005E+1
-2.050005E+1
-2.050005E+1
-2.050005E+1
-2.050005E+1
-2.050005E+1
-2.050005E+1
-2.050005E+1
-2.050005E+1
-2.050005E+1
-2.050005E+1
-1.700439E+1
-1.660896E+1
-1.811424E+1
-2.050005E+1
-2.050005E+1
-2.050005E+1
-2.050005E+1
-2.050005E+1
-2.050005E+1
-2.050005E+1
-2.050005E+1
-2.050005E+1
-2.050005E+1
-2.050005E+1
-2.050005E+1
-2.050005E+1
-2.050005E+1
-2.050005E+1
-2.050005E+1
-2.050005E+1
-2.050005E+1
-2.050005E+1
-2.050005E+1
-2.050005E+1
-2.050005E+1
-2.050005E+1
-2.050005E+1
-2.050005E+1
-2.050005E+1
-2.050005E+1
-2.050005E+1
-2.050005E+1
-2.050005E+1
-2.050005E+1
-2.050005E+1
-2.050005E+1
-2.050005E+1
-2.050005E+1
-2.050005E+1
-2.050005E+1
-2.050005E+1
-2.050005E+1
-2.050005E+1
-1.627380E+1
-1.260027E+1
-1.146837E+1
-1.090389E+1
-1.065693E+1
-1.065693E+1
-1.087743E+1
-1.136841E+1
-1.228275E+1
-1.422315E+1
-2.050005E+1
-2.050005E+1
-2.050005E+1
-2.050005E+1
-2.050005E+1
-2.050005E+1
-2.050005E+1
-2.050005E+1
-2.050005E+1
-2.050005E+1
-2.050005E+1
-2.050005E+1
-2.050005E+1
-2.050005E+1
-2.050005E+1
-2.050005E+1
-2.050005E+1
-2.050005E+1
-2.050005E+1
-2.050005E+1
-2.050005E+1
-2.050005E+1
-2.050005E+1
-2.050005E+1
-2.050005E+1
-2.050005E+1
-2.050005E+1
-2.050005E+1
-2.050005E+1
-1.434663E+1
-1.243563E+1
-1.146837E+1
-1.085244E+1
-1.045554E+1
-1.015860E+1
-9.929278E+0
-9.738178E+0
-9.561778E+0
-9.425068E+0
-9.347158E+0
-9.333928E+0
-9.411838E+0
-9.619108E+0
-9.946918E+0
-1.045554E+1
-1.118319E+1
-1.223277E+1
-1.388799E+1
-1.748949E+1
-2.050005E+1
-2.050005E+1
-1.700439E+1
-1.369101E+1
-1.209312E+1
-1.106706E+1
-1.029237E+1
-9.722008E+0
-9.308938E+0
-9.016408E+0
-8.826778E+0
-8.728288E+0
-8.719468E+0
-8.787088E+0
-8.919388E+0
-9.128128E+0
-9.398608E+0
-9.752878E+0
-1.021446E+1
-1.087743E+1
-1.179765E+1
-1.342494E+1
-2.050005E+1
-2.050005E+1
-2.050005E+1
-2.050005E+1
-2.050005E+1
-2.050005E+1
-1.422315E+1
-1.228275E+1
-1.127433E+1
-1.065693E+1
-1.025268E+1
-9.996898E+0
-9.830788E+0
-9.738178E+0
-9.677908E+0
-9.663208E+0
-9.677908E+0
-9.722008E+0
-9.799918E+0
-9.913108E+0
-1.001454E+1
-1.010274E+1
-1.012185E+1
-1.006746E+1
-9.946918E+0
-9.752878E+0
-9.547078E+0
-9.347158E+0
-9.198688E+0
-9.104608E+0
-9.104608E+0
-9.186928E+0
-9.385378E+0
-9.722008E+0
-1.021446E+1
-1.095681E+1
-1.213869E+1
-1.447893E+1
-2.050005E+1
-2.050005E+1
-2.050005E+1
-2.050005E+1
-2.050005E+1
-2.050005E+1
-1.549911E+1
-1.271787E+1
-1.157274E+1
-1.090389E+1
-1.049964E+1
-1.029237E+1
-1.025268E+1
-1.037322E+1
-1.060989E+1
-1.095681E+1
-1.143456E+1
-1.200492E+1
-1.265907E+1
-1.318680E+1
-1.359840E+1
-1.369101E+1
-1.369101E+1
-1.359840E+1
-1.369101E+1
-1.388799E+1
-1.461858E+1
-1.660896E+1
-2.050005E+1
-2.050005E+1
-2.050005E+1
-2.050005E+1
-2.050005E+1
-2.050005E+1
-2.050005E+1
-2.050005E+1
-2.050005E+1
-2.050005E+1
-2.050005E+1
-2.050005E+1
-2.050005E+1
-2.050005E+1
-2.050005E+1
-2.050005E+1
-2.050005E+1
-2.050005E+1
-2.050005E+1
-1.549911E+1
-1.422315E+1
-1.399383E+1
-1.422315E+1
-1.510368E+1
-1.811424E+1
-2.050005E+1
-2.050005E+1
-2.050005E+1
-2.050005E+1
-2.050005E+1
-2.050005E+1
-2.050005E+1
-2.050005E+1
-2.050005E+1
-2.050005E+1
-2.050005E+1
-2.050005E+1
-2.050005E+1
-2.050005E+1
-2.050005E+1
-2.050005E+1
-2.050005E+1
-2.050005E+1
-2.050005E+1
-2.050005E+1
-2.050005E+1
-2.050005E+1
-2.050005E+1
-2.050005E+1
-2.050005E+1
-2.050005E+1
-2.050005E+1
-2.050005E+1
-2.050005E+1
-2.050005E+1
-2.050005E+1
-2.050005E+1
-2.050005E+1
-2.050005E+1
-2.050005E+1
-2.050005E+1
-2.050005E+1
-2.050005E+1
-2.050005E+1
-2.050005E+1
-2.050005E+1
-2.050005E+1
-2.050005E+1
-2.050005E+1
-2.050005E+1
-2.050005E+1
-2.050005E+1
-2.050005E+1
-2.050005E+1
-2.050005E+1
-2.050005E+1
-2.050005E+1
-2.050005E+1
-2.050005E+1
-2.050005E+1
-1.399383E+1
-1.150218E+1
-1.025268E+1
-9.451528E+0
-8.898808E+0
-8.518078E+0
-8.294638E+0
-8.209378E+0
-8.271118E+0
-8.482798E+0
-8.867938E+0
-9.505918E+0
-1.060989E+1
-1.326324E+1
-2.050005E+1
-2.050005E+1
-2.050005E+1
-2.050005E+1
-2.050005E+1
-2.050005E+1
-2.050005E+1
-2.050005E+1
-2.050005E+1
-2.050005E+1
-2.050005E+1
-2.050005E+1
-2.050005E+1
-2.050005E+1
-2.050005E+1
-2.050005E+1
-2.050005E+1
-2.050005E+1
-2.050005E+1
-2.050005E+1
-2.050005E+1
-2.050005E+1
-2.050005E+1
-2.050005E+1
-2.050005E+1
-2.050005E+1
-2.050005E+1
-2.050005E+1
-2.050005E+1
-2.050005E+1
-1.342494E+1
-1.140222E+1
-1.043496E+1
-9.913108E+0
-9.633808E+0
-9.561778E+0
-9.677908E+0
-9.996898E+0
-1.058784E+1
-1.164477E+1
-1.399383E+1
-2.050005E+1
-2.050005E+1
-2.050005E+1
-2.050005E+1
-2.050005E+1
-2.050005E+1
-2.050005E+1
-2.050005E+1
-2.050005E+1
-2.050005E+1
-2.050005E+1
-2.050005E+1
-1.598421E+1
-1.342494E+1
-1.218573E+1
-1.140222E+1
-1.082745E+1
-1.041438E+1
-1.015860E+1
-1.003218E+1
-1.003218E+1
-1.015860E+1
-1.039380E+1
-1.077747E+1
-1.130520E+1
-1.204902E+1
-1.304274E+1
-1.447893E+1
-1.660896E+1
-2.050005E+1
-1.899477E+1
-1.572843E+1
-1.388799E+1
-1.277961E+1
-1.196082E+1
-1.136841E+1
-1.098327E+1
-1.072749E+1
-1.056579E+1
-1.047759E+1
-1.047759E+1
-1.052169E+1
-1.063341E+1
-1.087743E+1
-1.124346E+1
-1.187850E+1
-1.297365E+1
-1.598421E+1
-2.050005E+1
-2.050005E+1
-2.050005E+1
-2.050005E+1
-2.050005E+1
-2.050005E+1
-2.050005E+1
-2.050005E+1
-2.050005E+1
-2.050005E+1
-2.050005E+1
-2.050005E+1
-2.050005E+1
-2.050005E+1
-2.050005E+1
-2.050005E+1
-2.050005E+1
-2.050005E+1
-2.050005E+1
-2.050005E+1
-2.050005E+1
-2.050005E+1
-2.050005E+1
-2.050005E+1
-2.050005E+1
-2.050005E+1
-2.050005E+1
-2.050005E+1
-2.050005E+1
-2.050005E+1
-2.050005E+1
-2.050005E+1
-2.050005E+1
-2.050005E+1
-2.050005E+1
-2.050005E+1
-2.050005E+1
-2.050005E+1
-2.050005E+1
-2.050005E+1
-2.050005E+1
-2.050005E+1
-2.050005E+1
-2.050005E+1
-2.050005E+1
-2.050005E+1
-1.899477E+1
-1.447893E+1
-1.334262E+1
-1.290750E+1
-1.271787E+1
-1.271787E+1
-1.277961E+1
-1.284135E+1
-1.277961E+1
-1.260027E+1
-1.228275E+1
-1.196082E+1
-1.164477E+1
-1.140222E+1
-1.124346E+1
-1.115379E+1
-1.118319E+1
-1.127433E+1
-1.146837E+1
-1.171974E+1
-1.204902E+1
-1.243563E+1
-1.290750E+1
-1.351020E+1
-1.447893E+1
-1.598421E+1
-2.050005E+1
-2.050005E+1
-2.050005E+1
-2.050005E+1
-2.050005E+1
-2.050005E+1
-2.050005E+1
-2.050005E+1
-2.050005E+1
-2.050005E+1
-1.572843E+1
-1.378803E+1
-1.265907E+1
-1.187850E+1
-1.124346E+1
-1.072749E+1
-1.029237E+1
-9.929278E+0
-9.633808E+0
-9.425068E+0
-9.272188E+0
-9.186928E+0
-9.163408E+0
-9.222208E+0
-9.372148E+0
-9.604408E+0
-9.946918E+0
-1.041438E+1
-1.106706E+1
-1.200492E+1
-1.342494E+1
-1.627380E+1
-2.050005E+1
-2.050005E+1
-2.050005E+1
-1.660896E+1
-1.359840E+1
-1.213869E+1
-1.121259E+1
-1.058784E+1
-1.013949E+1
-9.830788E+0
-9.619108E+0
-9.464758E+0
-9.347158E+0
-9.247198E+0
-9.163408E+0
-9.070798E+0
-8.972308E+0
-8.888518E+0
-8.816488E+0
-8.797378E+0
-8.837068E+0
-8.962018E+0
-9.186928E+0
-9.561778E+0
-1.012185E+1
-1.101120E+1
-1.260027E+1
-2.050005E+1
-2.050005E+1
-2.050005E+1
-2.050005E+1
-2.050005E+1
-2.050005E+1
-2.050005E+1
-2.050005E+1
-2.050005E+1
-2.050005E+1
-2.050005E+1
-2.050005E+1
-2.050005E+1
-2.050005E+1
-2.050005E+1
-2.050005E+1
-2.050005E+1
-2.050005E+1
-2.050005E+1
-2.050005E+1
-2.050005E+1
-2.050005E+1
-2.050005E+1
-2.050005E+1
-2.050005E+1
-2.050005E+1
-2.050005E+1
-2.050005E+1
-2.050005E+1
-2.050005E+1
-2.050005E+1
-2.050005E+1
-2.050005E+1
-2.050005E+1
-2.050005E+1
-2.050005E+1
-2.050005E+1
-2.050005E+1
-2.050005E+1
-2.050005E+1
-2.050005E+1
-2.050005E+1
-2.050005E+1
-2.050005E+1
-2.050005E+1
-2.050005E+1
-2.050005E+1
-2.050005E+1
-2.050005E+1
-2.050005E+1
-1.271787E+1
-1.124346E+1
-1.052169E+1
-1.012185E+1
-9.929278E+0
-9.879298E+0
-9.929278E+0
-1.004982E+1
-1.021446E+1
-1.039380E+1
-1.056579E+1
-1.070397E+1
-1.075248E+1
-1.075248E+1
-1.070397E+1
-1.058784E+1
-1.043496E+1
-1.027326E+1
-1.012185E+1
-1.003218E+1
-9.980728E+0
-9.996898E+0
-1.012185E+1
-1.035264E+1
-1.070397E+1
-1.118319E+1
-1.179765E+1
-1.238271E+1
-1.290750E+1
-1.297365E+1
-1.265907E+1
-1.209312E+1
-1.150218E+1
-1.101120E+1
-1.068045E+1
-1.049964E+1
-1.043496E+1
-1.049964E+1
-1.075248E+1
-1.115379E+1
-1.179765E+1
-1.277961E+1
-1.434663E+1
-2.050005E+1
-2.050005E+1
-2.050005E+1
-2.050005E+1
-2.050005E+1
-1.549911E+1
-1.359840E+1
-1.265907E+1
-1.218573E+1
-1.213869E+1
-1.243563E+1
-1.342494E+1
-1.748949E+1
-2.050005E+1
-2.050005E+1
-2.050005E+1
-2.050005E+1
-2.050005E+1
-2.050005E+1
-2.050005E+1
-2.050005E+1
-2.050005E+1
-2.050005E+1
-2.050005E+1
-2.050005E+1
-2.050005E+1
-2.050005E+1
-2.050005E+1
-2.050005E+1
-2.050005E+1
-2.050005E+1
-2.050005E+1
-2.050005E+1
-2.050005E+1
-2.050005E+1
-2.050005E+1
-2.050005E+1
-2.050005E+1
-2.050005E+1
-2.050005E+1
-2.050005E+1
-2.050005E+1
-2.050005E+1
-2.050005E+1
-2.050005E+1
-2.050005E+1
-2.050005E+1
-2.050005E+1
-2.050005E+1
-2.050005E+1
-2.050005E+1
-2.050005E+1
-2.050005E+1
-2.050005E+1
-2.050005E+1
-2.050005E+1
-1.422315E+1
-1.277961E+1
-1.200492E+1
-1.160802E+1
-1.150218E+1
-1.175796E+1
-1.265907E+1
-1.598421E+1
-2.050005E+1
-2.050005E+1
-2.050005E+1
-2.050005E+1
-2.050005E+1
-2.050005E+1
-2.050005E+1
-2.050005E+1
-2.050005E+1
-2.050005E+1
-2.050005E+1
-2.050005E+1
-2.050005E+1
-2.050005E+1
-2.050005E+1
-1.549911E+1
-1.447893E+1
-1.422315E+1
-1.422315E+1
-1.434663E+1
-1.476852E+1
-1.510368E+1
-1.549911E+1
-1.572843E+1
-1.572843E+1
-1.529331E+1
-1.461858E+1
-1.399383E+1
-1.351020E+1
-1.318680E+1
-1.318680E+1
-1.351020E+1
-1.447893E+1
-1.899477E+1
-2.050005E+1
-2.050005E+1
-2.050005E+1
-2.050005E+1
-2.050005E+1
-2.050005E+1
-2.050005E+1
-2.050005E+1
-1.351020E+1
-1.187850E+1
-1.103913E+1
-1.056579E+1
-1.031148E+1
-1.025268E+1
-1.033206E+1
-1.058784E+1
-1.101120E+1
-1.164477E+1
-1.265907E+1
-1.461858E+1
-2.050005E+1
-2.050005E+1
-2.050005E+1
-2.050005E+1
-2.050005E+1
-2.050005E+1
-2.050005E+1
-1.529331E+1
-1.342494E+1
-1.243563E+1
-1.187850E+1
-1.146837E+1
-1.124346E+1
-1.106706E+1
-1.095681E+1
-1.087743E+1
-1.085244E+1
-1.085244E+1
-1.090389E+1
-1.098327E+1
-1.106706E+1
-1.121259E+1
-1.133607E+1
-1.143456E+1
-1.153746E+1
-1.160802E+1
-1.171974E+1
-1.183734E+1
-1.204902E+1
-1.243563E+1
-1.304274E+1
-1.410555E+1
-1.598421E+1
-2.050005E+1
-2.050005E+1
-2.050005E+1
-1.811424E+1
-1.493022E+1
-1.359840E+1
-1.297365E+1
-1.277961E+1
-1.290750E+1
-1.342494E+1
-1.447893E+1
-1.700439E+1
-2.050005E+1
-2.050005E+1
-2.050005E+1
-2.050005E+1
-1.598421E+1
-1.351020E+1
-1.209312E+1
-1.112439E+1
-1.043496E+1
-9.913108E+0
-9.505918E+0
-9.235438E+0
-9.060508E+0
-9.016408E+0
-9.082558E+0
-9.272188E+0
-9.619108E+0
-1.015860E+1
-1.101120E+1
-1.238271E+1
-1.627380E+1
-2.050005E+1
-2.050005E+1
-2.050005E+1
-2.050005E+1
-2.050005E+1
-2.050005E+1
-2.050005E+1
-2.050005E+1
-2.050005E+1
-2.050005E+1
-2.050005E+1
-2.050005E+1
-2.050005E+1
-1.572843E+1
-1.510368E+1
-1.529331E+1
-1.700439E+1
-2.050005E+1
-2.050005E+1
-2.050005E+1
-2.050005E+1
-2.050005E+1
-2.050005E+1
-2.050005E+1
-2.050005E+1
-2.050005E+1
-2.050005E+1
-2.050005E+1
-2.050005E+1
-2.050005E+1
-2.050005E+1
-2.050005E+1
-2.050005E+1
-2.050005E+1
-2.050005E+1
-2.050005E+1
-2.050005E+1
-2.050005E+1
-2.050005E+1
-2.050005E+1
-2.050005E+1
-2.050005E+1
-2.050005E+1
-2.050005E+1
-2.050005E+1
-2.050005E+1
-2.050005E+1
-2.050005E+1
-2.050005E+1
-2.050005E+1
-2.050005E+1
-2.050005E+1
-2.050005E+1
-2.050005E+1
-2.050005E+1
-2.050005E+1
-2.050005E+1
-2.050005E+1
-2.050005E+1
-2.050005E+1
-1.359840E+1
-1.196082E+1
-1.118319E+1
-1.070397E+1
-1.037322E+1
-1.012185E+1
-9.929278E+0
-9.783748E+0
-9.677908E+0
-9.604408E+0
-9.589708E+0
-9.619108E+0
-9.677908E+0
-9.738178E+0
-9.752878E+0
-9.722008E+0
-9.633808E+0
-9.477988E+0
-9.308938E+0
-9.151648E+0
-9.038458E+0
-9.016408E+0
-9.094318E+0
-9.272188E+0
-9.589708E+0
-1.004982E+1
-1.072749E+1
-1.171974E+1
-1.334262E+1
-2.050005E+1
-2.050005E+1
