Date/Time	2022-06-24 23:07:27
Line location	3
Line name	C1
OTDR wavelength [nm]	1550
OTDR pulse duration [ns]	2
OTDR scan time [s]	10
OTDR scan length [m]	1.500000E+2
Length offset [m]	0.000000E+0
Length increment [m]	3.996806E-2
Switch ID	VIAVI Solutions,OTU 8000E,11654,FO,16.76
OTDR ID	JDSU,OTU 8000E,11654,OTU(SmartOTU),V7.22

Reflected amplitude [dB]
8.906520E-1
8.641920E-1
8.303820E-1
7.848120E-1
7.318920E-1
6.819120E-1
6.407520E-1
6.069420E-1
5.863620E-1
6.010620E-1
6.730920E-1
7.980420E-1
9.553320E-1
1.128792E+0
1.293432E+0
1.431612E+0
1.537452E+0
1.613892E+0
1.668282E+0
1.699152E+0
1.699152E+0
1.665342E+0
1.594782E+0
1.493352E+0
1.377222E+0
1.244922E+0
1.094982E+0
9.391620E-1
7.877520E-1
6.481020E-1
5.187420E-1
3.952620E-1
2.791320E-1
1.777020E-1
9.391200E-2
2.482200E-2
-2.956800E-2
-7.219800E-2
-1.045380E-1
-1.295280E-1
-1.486380E-1
-1.618680E-1
-1.721580E-1
-1.809780E-1
-1.868580E-1
-1.927380E-1
-1.971480E-1
-2.030280E-1
-2.089080E-1
-2.147880E-1
-2.206680E-1
-2.280180E-1
-2.353680E-1
-2.441880E-1
-2.544780E-1
-2.647680E-1
-2.735880E-1
-2.838780E-1
-2.941680E-1
-3.029880E-1
-3.118080E-1
-3.191580E-1
-3.250380E-1
-3.294480E-1
-3.323880E-1
-3.338580E-1
-3.338580E-1
-3.323880E-1
-3.294480E-1
-3.235680E-1
-3.162180E-1
-3.044580E-1
-2.897580E-1
-2.735880E-1
-2.559480E-1
-2.280180E-1
-1.809780E-1
-1.251180E-1
-7.366800E-2
-2.956800E-2
7.182000E-3
3.364200E-2
5.128200E-2
6.304200E-2
6.892200E-2
6.010200E-2
3.070200E-2
-1.339800E-2
-6.190800E-2
-1.089480E-1
-1.530480E-1
-1.942080E-1
-2.324280E-1
-2.662380E-1
-2.985780E-1
-3.265080E-1
-3.514980E-1
-3.720780E-1
-3.911880E-1
-4.073580E-1
-4.220580E-1
-4.352880E-1
-4.485180E-1
-4.617480E-1
-4.749780E-1
-4.882080E-1
-5.029080E-1
-5.161380E-1
-5.293680E-1
-5.411280E-1
-5.514180E-1
-5.602380E-1
-5.690580E-1
-5.764080E-1
-5.837580E-1
-5.911080E-1
-5.969880E-1
-6.028680E-1
-6.087480E-1
-6.116880E-1
-6.160980E-1
-6.160980E-1
-6.160980E-1
-6.146280E-1
-6.116880E-1
-6.087480E-1
-6.043380E-1
-5.999280E-1
-5.955180E-1
-5.925780E-1
-5.911080E-1
-5.896380E-1
-5.911080E-1
-5.940480E-1
-5.969880E-1
-6.013980E-1
-6.058080E-1
-6.102180E-1
-6.131580E-1
-6.131580E-1
-6.116880E-1
-6.072780E-1
-5.984580E-1
-5.881680E-1
-5.719980E-1
-5.528880E-1
-5.308380E-1
-5.043780E-1
-4.764480E-1
-4.470480E-1
-4.191180E-1
-3.838380E-1
-3.367980E-1
-2.750580E-1
-2.030280E-1
-1.324680E-1
-7.219800E-2
-2.368800E-2
1.306200E-2
3.952200E-2
5.569200E-2
6.451200E-2
6.598200E-2
6.010200E-2
3.952200E-2
1.302000E-3
-4.867800E-2
-1.001280E-1
-1.486380E-1
-1.942080E-1
-2.368380E-1
-2.765280E-1
-3.132780E-1
-3.470880E-1
-3.764880E-1
-4.029480E-1
-4.249980E-1
-4.426380E-1
-4.573380E-1
-4.690980E-1
-4.793880E-1
-4.852680E-1
-4.911480E-1
-4.940880E-1
-4.955580E-1
-4.955580E-1
-4.926180E-1
-4.882080E-1
-4.823280E-1
-4.764480E-1
-4.690980E-1
-4.632180E-1
-4.588080E-1
-4.558680E-1
-4.543980E-1
-4.558680E-1
-4.602780E-1
-4.661580E-1
-4.720380E-1
-4.779180E-1
-4.837980E-1
-4.867380E-1
-4.882080E-1
-4.882080E-1
-4.837980E-1
-4.779180E-1
-4.690980E-1
-4.602780E-1
-4.499880E-1
-4.396980E-1
-4.323480E-1
-4.264680E-1
-4.249980E-1
-4.249980E-1
-4.279380E-1
-4.308780E-1
-4.352880E-1
-4.396980E-1
-4.411680E-1
-4.426380E-1
-4.441080E-1
-4.426380E-1
-4.411680E-1
-4.411680E-1
-4.411680E-1
-4.411680E-1
-4.441080E-1
-4.455780E-1
-4.470480E-1
-4.499880E-1
-4.499880E-1
-4.499880E-1
-4.499880E-1
-4.485180E-1
-4.455780E-1
-4.441080E-1
-4.426380E-1
-4.426380E-1
-4.441080E-1
-4.455780E-1
-4.499880E-1
-4.558680E-1
-4.617480E-1
-4.676280E-1
-4.749780E-1
-4.823280E-1
-4.882080E-1
-4.926180E-1
-4.970280E-1
-4.999680E-1
-4.999680E-1
-4.999680E-1
-4.970280E-1
-4.940880E-1
-4.896780E-1
-4.852680E-1
-4.793880E-1
-4.735080E-1
-4.661580E-1
-4.602780E-1
-4.543980E-1
-4.485180E-1
-4.426380E-1
-4.382280E-1
-4.352880E-1
-4.323480E-1
-4.308780E-1
-4.308780E-1
-4.308780E-1
-4.338180E-1
-4.382280E-1
-4.441080E-1
-4.514580E-1
-4.588080E-1
-4.676280E-1
-4.764480E-1
-4.837980E-1
-4.896780E-1
-4.940880E-1
-4.955580E-1
-4.955580E-1
-4.926180E-1
-4.882080E-1
-4.837980E-1
-4.779180E-1
-4.720380E-1
-4.661580E-1
-4.602780E-1
-4.573380E-1
-4.543980E-1
-4.529280E-1
-4.514580E-1
-4.529280E-1
-4.543980E-1
-4.558680E-1
-4.588080E-1
-4.617480E-1
-4.646880E-1
-4.690980E-1
-4.720380E-1
-4.735080E-1
-4.749780E-1
-4.749780E-1
-4.735080E-1
-4.705680E-1
-4.661580E-1
-4.632180E-1
-4.602780E-1
-4.573380E-1
-4.558680E-1
-4.558680E-1
-4.573380E-1
-4.588080E-1
-4.617480E-1
-4.646880E-1
-4.676280E-1
-4.690980E-1
-4.720380E-1
-4.749780E-1
-4.779180E-1
-4.808580E-1
-4.852680E-1
-4.911480E-1
-4.940880E-1
-4.984980E-1
-4.999680E-1
-4.999680E-1
-4.970280E-1
-4.926180E-1
-4.867380E-1
-4.808580E-1
-4.735080E-1
-4.661580E-1
-4.588080E-1
-4.543980E-1
-4.499880E-1
-4.470480E-1
-4.441080E-1
-4.441080E-1
-4.441080E-1
-4.455780E-1
-4.485180E-1
-4.529280E-1
-4.573380E-1
-4.617480E-1
-4.661580E-1
-4.705680E-1
-4.749780E-1
-4.779180E-1
-4.793880E-1
-4.793880E-1
-4.764480E-1
-4.735080E-1
-4.676280E-1
-4.602780E-1
-4.529280E-1
-4.441080E-1
-4.367580E-1
-4.294080E-1
-4.235280E-1
-4.176480E-1
-4.147080E-1
-4.132380E-1
-4.147080E-1
-4.161780E-1
-4.191180E-1
-4.249980E-1
-4.308780E-1
-4.367580E-1
-4.441080E-1
-4.514580E-1
-4.588080E-1
-4.646880E-1
-4.690980E-1
-4.720380E-1
-4.735080E-1
-4.735080E-1
-4.705680E-1
-4.661580E-1
-4.632180E-1
-4.588080E-1
-4.529280E-1
-4.499880E-1
-4.455780E-1
-4.426380E-1
-4.396980E-1
-4.367580E-1
-4.352880E-1
-4.323480E-1
-4.308780E-1
-4.308780E-1
-4.308780E-1
-4.308780E-1
-4.323480E-1
-4.338180E-1
-4.338180E-1
-4.338180E-1
-4.338180E-1
-4.323480E-1
-4.323480E-1
-4.308780E-1
-4.323480E-1
-4.338180E-1
-4.382280E-1
-4.426380E-1
-4.499880E-1
-4.588080E-1
-4.676280E-1
-4.749780E-1
-4.808580E-1
-4.852680E-1
-4.867380E-1
-4.852680E-1
-4.837980E-1
-4.793880E-1
-4.764480E-1
-4.720380E-1
-4.690980E-1
-4.676280E-1
-4.676280E-1
-4.676280E-1
-4.676280E-1
-4.676280E-1
-4.690980E-1
-4.676280E-1
-4.676280E-1
-4.661580E-1
-4.646880E-1
-4.632180E-1
-4.617480E-1
-4.617480E-1
-4.617480E-1
-4.617480E-1
-4.617480E-1
-4.632180E-1
-4.632180E-1
-4.646880E-1
-4.646880E-1
-4.646880E-1
-4.646880E-1
-4.646880E-1
-4.646880E-1
-4.632180E-1
-4.617480E-1
-4.588080E-1
-4.573380E-1
-4.543980E-1
-4.514580E-1
-4.485180E-1
-4.470480E-1
-4.485180E-1
-4.499880E-1
-4.543980E-1
-4.588080E-1
-4.661580E-1
-4.749780E-1
-4.837980E-1
-4.911480E-1
-4.970280E-1
-5.014380E-1
-5.014380E-1
-4.999680E-1
-4.955580E-1
-4.896780E-1
-4.808580E-1
-4.720380E-1
-4.632180E-1
-4.543980E-1
-4.470480E-1
-4.426380E-1
-4.396980E-1
-4.382280E-1
-4.396980E-1
-4.411680E-1
-4.441080E-1
-4.485180E-1
-4.514580E-1
-4.529280E-1
-4.543980E-1
-4.529280E-1
-4.514580E-1
-4.470480E-1
-4.426380E-1
-4.367580E-1
-4.308780E-1
-4.264680E-1
-4.205880E-1
-4.161780E-1
-4.132380E-1
-4.102980E-1
-4.088280E-1
-4.088280E-1
-4.102980E-1
-4.117680E-1
-4.147080E-1
-4.191180E-1
-4.235280E-1
-4.264680E-1
-4.308780E-1
-4.338180E-1
-4.367580E-1
-4.367580E-1
-4.382280E-1
-4.396980E-1
-4.411680E-1
-4.441080E-1
-4.485180E-1
-4.543980E-1
-4.588080E-1
-4.646880E-1
-4.690980E-1
-4.720380E-1
-4.720380E-1
-4.705680E-1
-4.676280E-1
-4.646880E-1
-4.602780E-1
-4.573380E-1
-4.543980E-1
-4.543980E-1
-4.543980E-1
-4.558680E-1
-4.588080E-1
-4.617480E-1
-4.661580E-1
-4.690980E-1
-4.720380E-1
-4.749780E-1
-4.749780E-1
-4.764480E-1
-4.749780E-1
-4.720380E-1
-4.690980E-1
-4.646880E-1
-4.588080E-1
-4.529280E-1
-4.485180E-1
-4.426380E-1
-4.396980E-1
-4.367580E-1
-4.352880E-1
-4.352880E-1
-4.352880E-1
-4.352880E-1
-4.352880E-1
-4.352880E-1
-4.338180E-1
-4.323480E-1
-4.294080E-1
-4.264680E-1
-4.235280E-1
-4.205880E-1
-4.191180E-1
-4.176480E-1
-4.176480E-1
-4.176480E-1
-4.205880E-1
-4.249980E-1
-4.308780E-1
-4.367580E-1
-4.441080E-1
-4.514580E-1
-4.588080E-1
-4.632180E-1
-4.661580E-1
-4.676280E-1
-4.661580E-1
-4.646880E-1
-4.617480E-1
-4.588080E-1
-4.573380E-1
-4.558680E-1
-4.573380E-1
-4.588080E-1
-4.617480E-1
-4.632180E-1
-4.661580E-1
-4.676280E-1
-4.676280E-1
-4.676280E-1
-4.661580E-1
-4.632180E-1
-4.602780E-1
-4.573380E-1
-4.543980E-1
-4.499880E-1
-4.455780E-1
-4.396980E-1
-4.352880E-1
-4.308780E-1
-4.264680E-1
-4.220580E-1
-4.176480E-1
-4.161780E-1
-4.147080E-1
-4.161780E-1
-4.176480E-1
-4.205880E-1
-4.264680E-1
-4.308780E-1
-4.367580E-1
-4.426380E-1
-4.485180E-1
-4.529280E-1
-4.573380E-1
-4.617480E-1
-4.632180E-1
-4.632180E-1
-4.632180E-1
-4.617480E-1
-4.602780E-1
-4.588080E-1
-4.573380E-1
-4.558680E-1
-4.543980E-1
-4.529280E-1
-4.514580E-1
-4.499880E-1
-4.485180E-1
-4.470480E-1
-4.455780E-1
-4.441080E-1
-4.426380E-1
-4.426380E-1
-4.426380E-1
-4.426380E-1
-4.411680E-1
-4.411680E-1
-4.382280E-1
-4.367580E-1
-4.352880E-1
-4.338180E-1
-4.352880E-1
-4.382280E-1
-4.426380E-1
-4.499880E-1
-4.588080E-1
-4.676280E-1
-4.764480E-1
-4.837980E-1
-4.882080E-1
-4.911480E-1
-4.911480E-1
-4.896780E-1
-4.867380E-1
-4.837980E-1
-4.793880E-1
-4.764480E-1
-4.735080E-1
-4.720380E-1
-4.720380E-1
-4.749780E-1
-4.779180E-1
-4.808580E-1
-4.852680E-1
-4.896780E-1
-4.940880E-1
-4.970280E-1
-5.014380E-1
-5.043780E-1
-5.087880E-1
-5.131980E-1
-5.176080E-1
-5.234880E-1
-5.293680E-1
-5.352480E-1
-5.411280E-1
-5.455380E-1
-5.484780E-1
-5.499480E-1
-5.484780E-1
-5.470080E-1
-5.425980E-1
-5.381880E-1
-5.323080E-1
-5.234880E-1
-5.146680E-1
-5.043780E-1
-4.940880E-1
-4.837980E-1
-4.735080E-1
-4.661580E-1
-4.617480E-1
-4.588080E-1
-4.588080E-1
-4.617480E-1
-4.646880E-1
-4.690980E-1
-4.749780E-1
-4.779180E-1
-4.808580E-1
-4.823280E-1
-4.823280E-1
-4.808580E-1
-4.808580E-1
-4.793880E-1
-4.793880E-1
-4.793880E-1
-4.793880E-1
-4.808580E-1
-4.808580E-1
-4.808580E-1
-4.793880E-1
-4.779180E-1
-4.749780E-1
-4.705680E-1
-4.661580E-1
-4.617480E-1
-4.588080E-1
-4.558680E-1
-4.529280E-1
-4.529280E-1
-4.529280E-1
-4.543980E-1
-4.573380E-1
-4.602780E-1
-4.632180E-1
-4.646880E-1
-4.676280E-1
-4.676280E-1
-4.676280E-1
-4.676280E-1
-4.661580E-1
-4.646880E-1
-4.632180E-1
-4.632180E-1
-4.632180E-1
-4.646880E-1
-4.646880E-1
-4.661580E-1
-4.661580E-1
-4.646880E-1
-4.632180E-1
-4.588080E-1
-4.543980E-1
-4.485180E-1
-4.426380E-1
-4.352880E-1
-4.294080E-1
-4.249980E-1
-4.205880E-1
-4.191180E-1
-4.191180E-1
-4.220580E-1
-4.279380E-1
-4.338180E-1
-4.411680E-1
-4.499880E-1
-4.573380E-1
-4.646880E-1
-4.705680E-1
-4.735080E-1
-4.764480E-1
-4.764480E-1
-4.749780E-1
-4.720380E-1
-4.676280E-1
-4.617480E-1
-4.558680E-1
-4.485180E-1
-4.411680E-1
-4.352880E-1
-4.294080E-1
-4.249980E-1
-4.220580E-1
-4.205880E-1
-4.191180E-1
-4.176480E-1
-4.176480E-1
-4.176480E-1
-4.176480E-1
-4.176480E-1
-4.176480E-1
-4.176480E-1
-4.176480E-1
-4.161780E-1
-4.161780E-1
-4.147080E-1
-4.117680E-1
-4.088280E-1
-4.058880E-1
-4.029480E-1
-4.014780E-1
-4.000080E-1
-4.000080E-1
-4.014780E-1
-4.044180E-1
-4.102980E-1
-4.161780E-1
-4.235280E-1
-4.323480E-1
-4.411680E-1
-4.499880E-1
-4.573380E-1
-4.661580E-1
-4.735080E-1
-4.823280E-1
-4.896780E-1
-4.984980E-1
-5.073180E-1
-5.161380E-1
-5.234880E-1
-5.308380E-1
-5.352480E-1
-5.396580E-1
-5.396580E-1
-5.396580E-1
-5.367180E-1
-5.323080E-1
-5.278980E-1
-5.220180E-1
-5.161380E-1
-5.087880E-1
-5.029080E-1
-4.984980E-1
-4.940880E-1
-4.896780E-1
-4.882080E-1
-4.882080E-1
-4.896780E-1
-4.911480E-1
-4.940880E-1
-4.955580E-1
-4.984980E-1
-4.984980E-1
-4.970280E-1
-4.940880E-1
-4.911480E-1
-4.867380E-1
-4.823280E-1
-4.779180E-1
-4.749780E-1
-4.720380E-1
-4.705680E-1
-4.705680E-1
-4.705680E-1
-4.720380E-1
-4.720380E-1
-4.720380E-1
-4.720380E-1
-4.690980E-1
-4.661580E-1
-4.602780E-1
-4.543980E-1
-4.485180E-1
-4.426380E-1
-4.382280E-1
-4.338180E-1
-4.323480E-1
-4.323480E-1
-4.338180E-1
-4.352880E-1
-4.382280E-1
-4.396980E-1
-4.426380E-1
-4.455780E-1
-4.470480E-1
-4.485180E-1
-4.499880E-1
-4.514580E-1
-4.529280E-1
-4.543980E-1
-4.543980E-1
-4.529280E-1
-4.514580E-1
-4.485180E-1
-4.426380E-1
-4.382280E-1
-4.323480E-1
-4.264680E-1
-4.220580E-1
-4.176480E-1
-4.161780E-1
-4.147080E-1
-4.147080E-1
-4.176480E-1
-4.205880E-1
-4.235280E-1
-4.294080E-1
-4.338180E-1
-4.396980E-1
-4.441080E-1
-4.499880E-1
-4.529280E-1
-4.558680E-1
-4.573380E-1
-4.588080E-1
-4.573380E-1
-4.558680E-1
-4.543980E-1
-4.514580E-1
-4.470480E-1
-4.426380E-1
-4.396980E-1
-4.352880E-1
-4.308780E-1
-4.279380E-1
-4.249980E-1
-4.235280E-1
-4.235280E-1
-4.249980E-1
-4.264680E-1
-4.308780E-1
-4.352880E-1
-4.396980E-1
-4.441080E-1
-4.485180E-1
-4.514580E-1
-4.529280E-1
-4.529280E-1
-4.514580E-1
-4.485180E-1
-4.455780E-1
-4.411680E-1
-4.382280E-1
-4.352880E-1
-4.338180E-1
-4.352880E-1
-4.367580E-1
-4.411680E-1
-4.470480E-1
-4.529280E-1
-4.602780E-1
-4.661580E-1
-4.735080E-1
-4.793880E-1
-4.837980E-1
-4.867380E-1
-4.882080E-1
-4.896780E-1
-4.911480E-1
-4.926180E-1
-4.940880E-1
-4.955580E-1
-4.984980E-1
-4.999680E-1
-4.999680E-1
-4.999680E-1
-4.984980E-1
-4.970280E-1
-4.926180E-1
-4.867380E-1
-4.808580E-1
-4.749780E-1
-4.690980E-1
-4.632180E-1
-4.588080E-1
-4.558680E-1
-4.529280E-1
-4.499880E-1
-4.485180E-1
-4.470480E-1
-4.455780E-1
-4.426380E-1
-4.411680E-1
-4.382280E-1
-4.352880E-1
-4.338180E-1
-4.323480E-1
-4.323480E-1
-4.308780E-1
-4.308780E-1
-4.279380E-1
-4.264680E-1
-4.220580E-1
-4.176480E-1
-4.132380E-1
-4.073580E-1
-4.014780E-1
-3.970680E-1
-3.941280E-1
-3.926580E-1
-3.926580E-1
-3.941280E-1
-3.985380E-1
-4.044180E-1
-4.102980E-1
-4.161780E-1
-4.235280E-1
-4.294080E-1
-4.338180E-1
-4.382280E-1
-4.411680E-1
-4.426380E-1
-4.426380E-1
-4.426380E-1
-4.411680E-1
-4.396980E-1
-4.367580E-1
-4.323480E-1
-4.294080E-1
-4.264680E-1
-4.235280E-1
-4.220580E-1
-4.220580E-1
-4.249980E-1
-4.279380E-1
-4.323480E-1
-4.382280E-1
-4.455780E-1
-4.529280E-1
-4.602780E-1
-4.690980E-1
-4.764480E-1
-4.852680E-1
-4.926180E-1
-5.014380E-1
-5.087880E-1
-5.161380E-1
-5.220180E-1
-5.278980E-1
-5.323080E-1
-5.337780E-1
-5.352480E-1
-5.367180E-1
-5.367180E-1
-5.367180E-1
-5.352480E-1
-5.352480E-1
-5.337780E-1
-5.308380E-1
-5.264280E-1
-5.205480E-1
-5.117280E-1
-5.014380E-1
-4.896780E-1
-4.764480E-1
-4.646880E-1
-4.543980E-1
-4.485180E-1
-4.455780E-1
-4.485180E-1
-4.543980E-1
-4.735080E-1
-5.176080E-1
-5.793480E-1
-6.469680E-1
-7.116480E-1
-7.748580E-1
-8.351280E-1
-8.939280E-1
-9.527280E-1
-1.008588E+0
-1.064448E+0
-1.118838E+0
-1.171758E+0
-1.226148E+0
-1.279068E+0
-1.333458E+0
-1.386378E+0
-1.436358E+0
-1.483398E+0
-1.526028E+0
-1.561308E+0
-1.589238E+0
-1.608348E+0
-1.620108E+0
-1.624518E+0
-1.623048E+0
-1.618638E+0
-1.612758E+0
-1.606878E+0
-1.600998E+0
-1.598058E+0
-1.598058E+0
-1.600998E+0
-1.605408E+0
-1.612758E+0
-1.621578E+0
-1.631868E+0
-1.642158E+0
-1.652448E+0
-1.662738E+0
-1.671558E+0
-1.680378E+0
-1.687728E+0
-1.695078E+0
-1.700958E+0
-1.705368E+0
-1.706838E+0
-1.708308E+0
-1.708308E+0
-1.708308E+0
-1.706838E+0
-1.705368E+0
-1.705368E+0
-1.705368E+0
-1.705368E+0
-1.706838E+0
-1.706838E+0
-1.706838E+0
-1.706838E+0
-1.703898E+0
-1.698018E+0
-1.692138E+0
-1.683318E+0
-1.674498E+0
-1.665678E+0
-1.658328E+0
-1.650978E+0
-1.648038E+0
-1.648038E+0
-1.650978E+0
-1.658328E+0
-1.668618E+0
-1.683318E+0
-1.699488E+0
-1.720068E+0
-1.740648E+0
-1.761228E+0
-1.781808E+0
-1.800918E+0
-1.817088E+0
-1.830318E+0
-1.839138E+0
-1.846488E+0
-1.847958E+0
-1.846488E+0
-1.843548E+0
-1.839138E+0
-1.833258E+0
-1.825908E+0
-1.820028E+0
-1.812678E+0
-1.805328E+0
-1.797978E+0
-1.790628E+0
-1.780338E+0
-1.771518E+0
-1.764168E+0
-1.756818E+0
-1.752408E+0
-1.750938E+0
-1.752408E+0
-1.758288E+0
-1.765638E+0
-1.774458E+0
-1.783278E+0
-1.793568E+0
-1.800918E+0
-1.806798E+0
-1.811208E+0
-1.814148E+0
-1.815618E+0
-1.815618E+0
-1.815618E+0
-1.815618E+0
-1.815618E+0
-1.815618E+0
-1.815618E+0
-1.817088E+0
-1.820028E+0
-1.821498E+0
-1.825908E+0
-1.828848E+0
-1.833258E+0
-1.836198E+0
-1.840608E+0
-1.843548E+0
-1.846488E+0
-1.849428E+0
-1.850898E+0
-1.852368E+0
-1.855308E+0
-1.856778E+0
-1.858248E+0
-1.859718E+0
-1.861188E+0
-1.862658E+0
-1.861188E+0
-1.861188E+0
-1.859718E+0
-1.859718E+0
-1.862658E+0
-1.867068E+0
-1.874418E+0
-1.881768E+0
-1.892058E+0
-1.899408E+0
-1.905288E+0
-1.906758E+0
-1.905288E+0
-1.899408E+0
-1.892058E+0
-1.881768E+0
-1.871478E+0
-1.862658E+0
-1.855308E+0
-1.852368E+0
-1.850898E+0
-1.853838E+0
-1.859718E+0
-1.870008E+0
-1.881768E+0
-1.897938E+0
-1.915578E+0
-1.933218E+0
-1.952328E+0
-1.971438E+0
-1.989078E+0
-2.005248E+0
-2.018478E+0
-2.030238E+0
-2.037588E+0
-2.041998E+0
-2.043468E+0
-2.040528E+0
-2.037588E+0
-2.030238E+0
-2.024358E+0
-2.015538E+0
-2.006718E+0
-1.997898E+0
-1.989078E+0
-1.978788E+0
-1.968498E+0
-1.959678E+0
-1.949388E+0
-1.940568E+0
-1.931748E+0
-1.924398E+0
-1.919988E+0
-1.917048E+0
-1.915578E+0
-1.918518E+0
-1.922928E+0
-1.930278E+0
-1.940568E+0
-1.953798E+0
-1.968498E+0
-1.984668E+0
-2.002308E+0
-2.019948E+0
-2.039058E+0
-2.056698E+0
-2.072868E+0
-2.087568E+0
-2.099328E+0
-2.109618E+0
-2.116968E+0
-2.121378E+0
-2.125788E+0
-2.128728E+0
-2.130198E+0
-2.131668E+0
-2.133138E+0
-2.133138E+0
-2.131668E+0
-2.127258E+0
-2.122848E+0
-2.115498E+0
-2.108148E+0
-2.100798E+0
-2.093448E+0
-2.090508E+0
-2.090508E+0
-2.091978E+0
-2.097858E+0
-2.103738E+0
-2.112558E+0
-2.121378E+0
-2.131668E+0
-2.141958E+0
-2.153718E+0
-2.166948E+0
-2.180178E+0
-2.196348E+0
-2.211048E+0
-2.225748E+0
-2.237508E+0
-2.246328E+0
-2.249268E+0
-2.247798E+0
-2.243388E+0
-2.233098E+0
-2.222808E+0
-2.211048E+0
-2.197818E+0
-2.186058E+0
-2.174298E+0
-2.164008E+0
-2.153718E+0
-2.144898E+0
-2.136078E+0
-2.127258E+0
-2.121378E+0
-2.116968E+0
-2.114028E+0
-2.112558E+0
-2.115498E+0
-2.119908E+0
-2.125788E+0
-2.134608E+0
-2.144898E+0
-2.156658E+0
-2.168418E+0
-2.181648E+0
-2.193408E+0
-2.205168E+0
-2.216928E+0
-2.225748E+0
-2.231628E+0
-2.236038E+0
-2.238978E+0
-2.240448E+0
-2.238978E+0
-2.236038E+0
-2.233098E+0
-2.228688E+0
-2.227218E+0
-2.224278E+0
-2.224278E+0
-2.224278E+0
-2.225748E+0
-2.227218E+0
-2.230158E+0
-2.233098E+0
-2.236038E+0
-2.240448E+0
-2.246328E+0
-2.253678E+0
-2.262498E+0
-2.272788E+0
-2.286018E+0
-2.300718E+0
-2.313948E+0
-2.327178E+0
-2.340408E+0
-2.352168E+0
-2.362458E+0
-2.371278E+0
-2.381568E+0
-2.391858E+0
-2.400678E+0
-2.410968E+0
-2.416848E+0
-2.421258E+0
-2.421258E+0
-2.418318E+0
-2.409498E+0
-2.397738E+0
-2.385978E+0
-2.374218E+0
-2.363928E+0
-2.356578E+0
-2.352168E+0
-2.352168E+0
-2.353638E+0
-2.356578E+0
-2.359518E+0
-2.360988E+0
-2.359518E+0
-2.356578E+0
-2.350698E+0
-2.346288E+0
-2.341878E+0
-2.340408E+0
-2.340408E+0
-2.346288E+0
-2.353638E+0
-2.366868E+0
-2.381568E+0
-2.399208E+0
-2.419788E+0
-2.438898E+0
-2.458008E+0
-2.474178E+0
-2.487408E+0
-2.494758E+0
-2.494758E+0
-2.490348E+0
-2.480058E+0
-2.466828E+0
-2.452128E+0
-2.435958E+0
-2.421258E+0
-2.409498E+0
-2.402148E+0
-2.396268E+0
-2.394798E+0
-2.394798E+0
-2.396268E+0
-2.397738E+0
-2.399208E+0
-2.399208E+0
-2.397738E+0
-2.396268E+0
-2.393328E+0
-2.390388E+0
-2.387448E+0
-2.385978E+0
-2.384508E+0
-2.383038E+0
-2.383038E+0
-2.381568E+0
-2.381568E+0
-2.383038E+0
-2.383038E+0
-2.384508E+0
-2.385978E+0
-2.388918E+0
-2.391858E+0
-2.394798E+0
-2.397738E+0
-2.399208E+0
-2.400678E+0
-2.397738E+0
-2.394798E+0
-2.390388E+0
-2.383038E+0
-2.378628E+0
-2.374218E+0
-2.374218E+0
-2.377158E+0
-2.384508E+0
-2.394798E+0
-2.409498E+0
-2.427138E+0
-2.444778E+0
-2.463888E+0
-2.480058E+0
-2.494758E+0
-2.506518E+0
-2.515338E+0
-2.522688E+0
-2.530038E+0
-2.535918E+0
-2.543268E+0
-2.549148E+0
-2.555028E+0
-2.559438E+0
-2.562378E+0
-2.563848E+0
-2.565318E+0
-2.566788E+0
-2.571198E+0
-2.577078E+0
-2.584428E+0
-2.593248E+0
-2.605008E+0
-2.616768E+0
-2.627058E+0
-2.635878E+0
-2.643228E+0
-2.647638E+0
-2.649108E+0
-2.649108E+0
-2.646168E+0
-2.643228E+0
-2.638818E+0
-2.635878E+0
-2.634408E+0
-2.632938E+0
-2.632938E+0
-2.635878E+0
-2.638818E+0
-2.640288E+0
-2.643228E+0
-2.643228E+0
-2.643228E+0
-2.641758E+0
-2.643228E+0
-2.644698E+0
-2.650578E+0
-2.657928E+0
-2.668218E+0
-2.678508E+0
-2.687328E+0
-2.691738E+0
-2.691738E+0
-2.684388E+0
-2.671158E+0
-2.654988E+0
-2.638818E+0
-2.622648E+0
-2.609418E+0
-2.602068E+0
-2.600598E+0
-2.605008E+0
-2.613828E+0
-2.625588E+0
-2.638818E+0
-2.652048E+0
-2.663808E+0
-2.671158E+0
-2.674098E+0
-2.672628E+0
-2.668218E+0
-2.659398E+0
-2.647638E+0
-2.634408E+0
-2.622648E+0
-2.612358E+0
-2.605008E+0
-2.603538E+0
-2.606478E+0
-2.616768E+0
-2.631468E+0
-2.650578E+0
-2.672628E+0
-2.696148E+0
-2.718198E+0
-2.738778E+0
-2.753478E+0
-2.763768E+0
-2.766708E+0
-2.765238E+0
-2.760828E+0
-2.752008E+0
-2.741718E+0
-2.731428E+0
-2.722608E+0
-2.716728E+0
-2.713788E+0
-2.712318E+0
-2.712318E+0
-2.715258E+0
-2.718198E+0
-2.722608E+0
-2.728488E+0
-2.734368E+0
-2.741718E+0
-2.749068E+0
-2.756418E+0
-2.763768E+0
-2.769648E+0
-2.774058E+0
-2.778468E+0
-2.779938E+0
-2.776998E+0
-2.771118E+0
-2.760828E+0
-2.746128E+0
-2.729958E+0
-2.712318E+0
-2.694678E+0
-2.678508E+0
-2.668218E+0
-2.659398E+0
-2.656458E+0
-2.656458E+0
-2.657928E+0
-2.659398E+0
-2.659398E+0
-2.660868E+0
-2.660868E+0
-2.660868E+0
-2.663808E+0
-2.668218E+0
-2.678508E+0
-2.693208E+0
-2.710848E+0
-2.731428E+0
-2.753478E+0
-2.775528E+0
-2.797578E+0
-2.818158E+0
-2.835798E+0
-2.851968E+0
-2.866668E+0
-2.878428E+0
-2.888718E+0
-2.896068E+0
-2.900478E+0
-2.903418E+0
-2.904888E+0
-2.903418E+0
-2.900478E+0
-2.896068E+0
-2.891658E+0
-2.885778E+0
-2.881368E+0
-2.876958E+0
-2.874018E+0
-2.869608E+0
-2.866668E+0
-2.863728E+0
-2.860788E+0
-2.857848E+0
-2.856378E+0
-2.856378E+0
-2.857848E+0
-2.863728E+0
-2.869608E+0
-2.876958E+0
-2.882838E+0
-2.888718E+0
-2.891658E+0
-2.891658E+0
-2.887248E+0
-2.881368E+0
-2.874018E+0
-2.868138E+0
-2.866668E+0
-2.868138E+0
-2.875488E+0
-2.890188E+0
-2.907828E+0
-2.932818E+0
-2.963688E+0
-2.996028E+0
-3.032778E+0
-3.068058E+0
-3.103338E+0
-3.135678E+0
-3.162138E+0
-3.181248E+0
-3.194478E+0
-3.198888E+0
-3.200358E+0
-3.197418E+0
-3.191538E+0
-3.184188E+0
-3.176838E+0
-3.166548E+0
-3.156258E+0
-3.143028E+0
-3.128328E+0
-3.112158E+0
-3.097458E+0
-3.082758E+0
-3.070998E+0
-3.060708E+0
-3.054828E+0
-3.050418E+0
-3.048948E+0
-3.048948E+0
-3.050418E+0
-3.053358E+0
-3.056298E+0
-3.059238E+0
-3.062178E+0
-3.066588E+0
-3.069528E+0
-3.072468E+0
-3.075408E+0
-3.078348E+0
-3.079818E+0
-3.081288E+0
-3.084228E+0
-3.085698E+0
-3.085698E+0
-3.085698E+0
-3.084228E+0
-3.081288E+0
-3.078348E+0
-3.075408E+0
-3.075408E+0
-3.076878E+0
-3.084228E+0
-3.095988E+0
-3.115098E+0
-3.138618E+0
-3.168018E+0
-3.198888E+0
-3.232698E+0
-3.265038E+0
-3.292968E+0
-3.316488E+0
-3.334128E+0
-3.344418E+0
-3.347358E+0
-3.341478E+0
-3.331188E+0
-3.313548E+0
-3.294438E+0
-3.273858E+0
-3.254748E+0
-3.237108E+0
-3.223878E+0
-3.215058E+0
-3.207708E+0
-3.203298E+0
-3.198888E+0
-3.194478E+0
-3.190068E+0
-3.181248E+0
-3.170958E+0
-3.159198E+0
-3.147438E+0
-3.135678E+0
-3.125388E+0
-3.119508E+0
-3.115098E+0
-3.115098E+0
-3.119508E+0
-3.126858E+0
-3.135678E+0
-3.145968E+0
-3.154788E+0
-3.160668E+0
-3.162138E+0
-3.157728E+0
-3.148908E+0
-3.135678E+0
-3.118038E+0
-3.100398E+0
-3.082758E+0
-3.069528E+0
-3.059238E+0
-3.056298E+0
-3.057768E+0
-3.066588E+0
-3.081288E+0
-3.098928E+0
-3.120978E+0
-3.145968E+0
-3.172428E+0
-3.198888E+0
-3.223878E+0
-3.245928E+0
-3.262098E+0
-3.275328E+0
-3.281208E+0
-3.281208E+0
-3.275328E+0
-3.266508E+0
-3.256218E+0
-3.245928E+0
-3.237108E+0
-3.234168E+0
-3.237108E+0
-3.247398E+0
-3.263568E+0
-3.284148E+0
-3.309138E+0
-3.334128E+0
-3.357648E+0
-3.376758E+0
-3.391458E+0
-3.400278E+0
-3.403218E+0
-3.401748E+0
-3.398808E+0
-3.392928E+0
-3.385578E+0
-3.378228E+0
-3.370878E+0
-3.363528E+0
-3.354708E+0
-3.344418E+0
-3.332658E+0
-3.320898E+0
-3.310608E+0
-3.300318E+0
-3.291498E+0
-3.285618E+0
-3.284148E+0
-3.288558E+0
-3.295908E+0
-3.306198E+0
-3.320898E+0
-3.337068E+0
-3.353238E+0
-3.369408E+0
-3.384108E+0
-3.395868E+0
-3.406158E+0
-3.414978E+0
-3.423798E+0
-3.431148E+0
-3.439968E+0
-3.448788E+0
-3.457608E+0
-3.466428E+0
-3.475248E+0
-3.482598E+0
-3.489948E+0
-3.492888E+0
-3.494358E+0
-3.494358E+0
-3.492888E+0
-3.488478E+0
-3.484068E+0
-3.478188E+0
-3.472308E+0
-3.466428E+0
-3.460548E+0
-3.451728E+0
-3.441438E+0
-3.429678E+0
-3.414978E+0
-3.398808E+0
-3.381168E+0
-3.363528E+0
-3.347358E+0
-3.201828E+0
-2.734368E+0
-1.990548E+0
-1.140888E+0
-3.088680E-1
4.496520E-1
1.111152E+0
1.666812E+0
2.126922E+0
2.498832E+0
2.784012E+0
2.986872E+0
3.125052E+0
3.202962E+0
3.219132E+0
3.176502E+0
3.078012E+0
2.929542E+0
2.734032E+0
2.492952E+0
2.207772E+0
1.871142E+0
1.483062E+0
1.062642E+0
6.201720E-1
1.350720E-1
-3.970680E-1
-9.615480E-1
-1.526028E+0
-2.072868E+0
-2.587368E+0
-3.063648E+0
-3.503178E+0
-3.911838E+0
-4.301388E+0
-4.677708E+0
-5.055498E+0
-5.442108E+0
-5.844888E+0
-6.268248E+0
-6.706308E+0
-7.150248E+0
-7.579488E+0
-7.969038E+0
-8.286558E+0
-8.523228E+0
-8.674638E+0
-8.771658E+0
-8.855448E+0
-8.950998E+0
-9.089178E+0
-9.319968E+0
-9.663948E+0
-1.021079E+1
-1.103693E+1
-1.256573E+1
-2.088005E+1
-2.088005E+1
-2.088005E+1
-2.088005E+1
-2.088005E+1
-2.088005E+1
-2.088005E+1
-2.088005E+1
-2.088005E+1
-2.088005E+1
-2.088005E+1
-2.088005E+1
-2.088005E+1
-2.088005E+1
-2.088005E+1
-2.088005E+1
-2.088005E+1
-2.088005E+1
-2.088005E+1
-2.088005E+1
-2.088005E+1
-2.088005E+1
-2.088005E+1
-2.088005E+1
-2.088005E+1
-2.088005E+1
-2.088005E+1
-2.088005E+1
-2.088005E+1
-2.088005E+1
-2.088005E+1
-2.088005E+1
-2.088005E+1
-2.088005E+1
-2.088005E+1
-2.088005E+1
-2.088005E+1
-2.088005E+1
-2.088005E+1
-2.088005E+1
-2.088005E+1
-2.088005E+1
-2.088005E+1
-2.088005E+1
-2.088005E+1
-2.088005E+1
-2.088005E+1
-2.088005E+1
-2.088005E+1
-2.088005E+1
-2.088005E+1
-2.088005E+1
-2.088005E+1
-2.088005E+1
-2.088005E+1
-2.088005E+1
-2.088005E+1
-2.088005E+1
-2.088005E+1
-2.088005E+1
-1.416803E+1
-1.281563E+1
-1.225850E+1
-1.202477E+1
-1.206152E+1
-1.225850E+1
-1.266275E+1
-1.315961E+1
-1.380494E+1
-1.448555E+1
-1.485893E+1
-1.514852E+1
-1.499858E+1
-1.472663E+1
-1.426799E+1
-1.372262E+1
-1.315961E+1
-1.261277E+1
-1.198802E+1
-1.136327E+1
-1.077380E+1
-1.027694E+1
-9.872688E+0
-9.555168E+0
-9.309678E+0
-9.156798E+0
-9.099468E+0
-9.118578E+0
-9.206778E+0
-9.374358E+0
-9.615438E+0
-9.927078E+0
-1.032692E+1
-1.081496E+1
-1.141913E+1
-1.217765E+1
-1.322135E+1
-1.514852E+1
-2.088005E+1
-2.088005E+1
-2.088005E+1
-2.088005E+1
-2.088005E+1
-2.088005E+1
-2.088005E+1
-2.088005E+1
-2.088005E+1
-2.088005E+1
-2.088005E+1
-2.088005E+1
-2.088005E+1
-2.088005E+1
-2.088005E+1
-2.088005E+1
-2.088005E+1
-2.088005E+1
-2.088005E+1
-2.088005E+1
-2.088005E+1
-1.738439E+1
-1.698896E+1
-1.849424E+1
-2.088005E+1
-2.088005E+1
-2.088005E+1
-2.088005E+1
-1.849424E+1
-1.514852E+1
-1.397840E+1
-1.335365E+1
-1.315961E+1
-1.335365E+1
-1.426799E+1
-1.786949E+1
-2.088005E+1
-2.088005E+1
-2.088005E+1
-2.088005E+1
-2.088005E+1
-2.088005E+1
-2.088005E+1
-2.088005E+1
-2.088005E+1
-2.088005E+1
-1.567331E+1
-1.303907E+1
-1.198802E+1
-1.147499E+1
-1.123244E+1
-1.120745E+1
-1.136327E+1
-1.168520E+1
-1.209974E+1
-1.251869E+1
-1.281563E+1
-1.281563E+1
-1.247312E+1
-1.198802E+1
-1.147499E+1
-1.106045E+1
-1.079438E+1
-1.063268E+1
-1.059446E+1
-1.067237E+1
-1.085759E+1
-1.110749E+1
-1.141913E+1
-1.171607E+1
-1.198802E+1
-1.229966E+1
-1.261277E+1
-1.322135E+1
-1.448555E+1
-2.088005E+1
-2.088005E+1
-2.088005E+1
-2.088005E+1
-2.088005E+1
-2.088005E+1
-2.088005E+1
-2.088005E+1
-2.088005E+1
-2.088005E+1
-2.088005E+1
-2.088005E+1
-2.088005E+1
-2.088005E+1
-2.088005E+1
-2.088005E+1
-2.088005E+1
-2.088005E+1
-2.088005E+1
-2.088005E+1
-2.088005E+1
-2.088005E+1
-2.088005E+1
-2.088005E+1
-2.088005E+1
-2.088005E+1
-2.088005E+1
-1.698896E+1
-1.380494E+1
-1.286855E+1
-1.256573E+1
-1.261277E+1
-1.309787E+1
-1.416803E+1
-1.849424E+1
-2.088005E+1
-2.088005E+1
-2.088005E+1
-2.088005E+1
-2.088005E+1
-2.088005E+1
-2.088005E+1
-2.088005E+1
-2.088005E+1
-2.088005E+1
-2.088005E+1
-2.088005E+1
-2.088005E+1
-2.088005E+1
-2.088005E+1
-2.088005E+1
-2.088005E+1
-2.088005E+1
-2.088005E+1
-2.088005E+1
-2.088005E+1
-2.088005E+1
-2.088005E+1
-2.088005E+1
-1.738439E+1
-1.407101E+1
-1.315961E+1
-1.276271E+1
-1.261277E+1
-1.256573E+1
-1.256573E+1
-1.251869E+1
-1.242902E+1
-1.225850E+1
-1.213796E+1
-1.209974E+1
-1.221734E+1
-1.251869E+1
-1.315961E+1
-1.448555E+1
-2.088005E+1
-2.088005E+1
-2.088005E+1
-2.088005E+1
-2.088005E+1
-2.088005E+1
-2.088005E+1
-2.088005E+1
-2.088005E+1
-2.088005E+1
-2.088005E+1
-1.786949E+1
-1.485893E+1
-1.356680E+1
-1.271273E+1
-1.206152E+1
-1.147499E+1
-1.096784E+1
-1.053860E+1
-1.017992E+1
-9.927078E+0
-9.752148E+0
-9.663948E+0
-9.652188E+0
-9.738918E+0
-9.955008E+0
-1.030928E+1
-1.085759E+1
-1.178222E+1
-1.372262E+1
-2.088005E+1
-2.088005E+1
-2.088005E+1
-2.088005E+1
-2.088005E+1
-2.088005E+1
-2.088005E+1
-2.088005E+1
-2.088005E+1
-2.088005E+1
-2.088005E+1
-2.088005E+1
-2.088005E+1
-2.088005E+1
-2.088005E+1
-2.088005E+1
-2.088005E+1
-2.088005E+1
-2.088005E+1
-2.088005E+1
-2.088005E+1
-2.088005E+1
-2.088005E+1
-2.088005E+1
-2.088005E+1
-2.088005E+1
-2.088005E+1
-2.088005E+1
-2.088005E+1
-2.088005E+1
-2.088005E+1
-2.088005E+1
-1.937477E+1
-1.499858E+1
-1.407101E+1
-1.372262E+1
-1.356680E+1
-1.342274E+1
-1.315961E+1
-1.276271E+1
-1.234082E+1
-1.191746E+1
-1.156319E+1
-1.123244E+1
-1.094579E+1
-1.069148E+1
-1.048274E+1
-1.027694E+1
-1.010201E+1
-9.955008E+0
-9.857988E+0
-9.831528E+0
-9.872688E+0
-9.984408E+0
-1.021079E+1
-1.053860E+1
-1.096784E+1
-1.144706E+1
-1.191746E+1
-1.229966E+1
-1.247312E+1
-1.242902E+1
-1.225850E+1
-1.202477E+1
-1.191746E+1
-1.195274E+1
-1.221734E+1
-1.276271E+1
-1.380494E+1
-1.665380E+1
-2.088005E+1
-2.088005E+1
-2.088005E+1
-2.088005E+1
-2.088005E+1
-2.088005E+1
-2.088005E+1
-2.088005E+1
-2.088005E+1
-2.088005E+1
-2.088005E+1
-2.088005E+1
-2.088005E+1
-2.088005E+1
-2.088005E+1
-2.088005E+1
-2.088005E+1
-2.088005E+1
-2.088005E+1
-2.088005E+1
-2.088005E+1
-2.088005E+1
-2.088005E+1
-2.088005E+1
-2.088005E+1
-2.088005E+1
-2.088005E+1
-2.088005E+1
-2.088005E+1
-2.088005E+1
-2.088005E+1
-2.088005E+1
-2.088005E+1
-2.088005E+1
-2.088005E+1
-2.088005E+1
-2.088005E+1
-2.088005E+1
-2.088005E+1
-2.088005E+1
-2.088005E+1
-2.088005E+1
-2.088005E+1
-2.088005E+1
-2.088005E+1
-2.088005E+1
-2.088005E+1
-2.088005E+1
-2.088005E+1
-2.088005E+1
-2.088005E+1
-2.088005E+1
-2.088005E+1
-2.088005E+1
-2.088005E+1
-2.088005E+1
-2.088005E+1
-2.088005E+1
-2.088005E+1
-2.088005E+1
-2.088005E+1
-2.088005E+1
-2.088005E+1
-2.088005E+1
-2.088005E+1
-2.088005E+1
-2.088005E+1
-2.088005E+1
-2.088005E+1
-2.088005E+1
-2.088005E+1
-2.088005E+1
-2.088005E+1
-2.088005E+1
-2.088005E+1
-2.088005E+1
-2.088005E+1
-2.088005E+1
-2.088005E+1
-2.088005E+1
-2.088005E+1
-2.088005E+1
-1.426799E+1
-1.292441E+1
-1.251869E+1
-1.261277E+1
-1.322135E+1
-1.485893E+1
-2.088005E+1
-2.088005E+1
-2.088005E+1
-2.088005E+1
-2.088005E+1
-2.088005E+1
-2.088005E+1
-2.088005E+1
-2.088005E+1
-2.088005E+1
-2.088005E+1
-2.088005E+1
-2.088005E+1
-2.088005E+1
-2.088005E+1
-2.088005E+1
-2.088005E+1
-2.088005E+1
-2.088005E+1
-2.088005E+1
-1.567331E+1
-1.372262E+1
-1.298027E+1
-1.261277E+1
-1.242902E+1
-1.234082E+1
-1.221734E+1
-1.217765E+1
-1.217765E+1
-1.234082E+1
-1.261277E+1
-1.315961E+1
-1.397840E+1
-1.587911E+1
-2.088005E+1
-2.088005E+1
-2.088005E+1
-2.088005E+1
-2.088005E+1
-2.088005E+1
-2.088005E+1
-2.088005E+1
-2.088005E+1
-2.088005E+1
-2.088005E+1
-2.088005E+1
-2.088005E+1
-2.088005E+1
-2.088005E+1
-2.088005E+1
-1.937477E+1
-1.786949E+1
-2.088005E+1
-2.088005E+1
-2.088005E+1
-2.088005E+1
-2.088005E+1
-2.088005E+1
-2.088005E+1
-2.088005E+1
-2.088005E+1
-2.088005E+1
-2.088005E+1
-2.088005E+1
-2.088005E+1
-2.088005E+1
-2.088005E+1
-2.088005E+1
-2.088005E+1
-2.088005E+1
-2.088005E+1
-2.088005E+1
-2.088005E+1
-2.088005E+1
-2.088005E+1
-2.088005E+1
-2.088005E+1
-2.088005E+1
-1.636421E+1
-1.389020E+1
-1.286855E+1
-1.234082E+1
-1.217765E+1
-1.234082E+1
-1.286855E+1
-1.437383E+1
-2.088005E+1
-2.088005E+1
-2.088005E+1
-2.088005E+1
-2.088005E+1
-2.088005E+1
-2.088005E+1
-2.088005E+1
-2.088005E+1
-2.088005E+1
-2.088005E+1
-2.088005E+1
-2.088005E+1
-2.088005E+1
-2.088005E+1
-2.088005E+1
-2.088005E+1
-2.088005E+1
-1.937477E+1
-1.786949E+1
-2.088005E+1
-2.088005E+1
-2.088005E+1
-2.088005E+1
-2.088005E+1
-2.088005E+1
-2.088005E+1
-2.088005E+1
-2.088005E+1
-2.088005E+1
-2.088005E+1
-2.088005E+1
-2.088005E+1
-2.088005E+1
-2.088005E+1
-2.088005E+1
-2.088005E+1
-2.088005E+1
-1.567331E+1
-1.256573E+1
-1.153379E+1
-1.098989E+1
-1.075322E+1
-1.071206E+1
-1.087964E+1
-1.123244E+1
-1.188218E+1
-1.315961E+1
-1.937477E+1
-2.088005E+1
-2.088005E+1
-2.088005E+1
-2.088005E+1
-2.088005E+1
-2.088005E+1
-2.088005E+1
-2.088005E+1
-2.088005E+1
-2.088005E+1
-2.088005E+1
-2.088005E+1
-2.088005E+1
-2.088005E+1
-2.088005E+1
-2.088005E+1
-2.088005E+1
-2.088005E+1
-2.088005E+1
-2.088005E+1
-2.088005E+1
-1.548368E+1
-1.309787E+1
-1.229966E+1
-1.202477E+1
-1.202477E+1
-1.229966E+1
-1.286855E+1
-1.397840E+1
-1.665380E+1
-2.088005E+1
-2.088005E+1
-2.088005E+1
-2.088005E+1
-2.088005E+1
-2.088005E+1
-2.088005E+1
-2.088005E+1
-2.088005E+1
-2.088005E+1
-2.088005E+1
-2.088005E+1
-2.088005E+1
-2.088005E+1
-2.088005E+1
-2.088005E+1
-2.088005E+1
-2.088005E+1
-2.088005E+1
-2.088005E+1
-2.088005E+1
-2.088005E+1
-2.088005E+1
-2.088005E+1
-2.088005E+1
-2.088005E+1
-2.088005E+1
-2.088005E+1
-2.088005E+1
-2.088005E+1
-2.088005E+1
-2.088005E+1
-2.088005E+1
-2.088005E+1
-2.088005E+1
-2.088005E+1
-2.088005E+1
-2.088005E+1
-2.088005E+1
-2.088005E+1
-2.088005E+1
-1.448555E+1
-1.315961E+1
-1.251869E+1
-1.213796E+1
-1.188218E+1
-1.174841E+1
-1.171607E+1
-1.181456E+1
-1.206152E+1
-1.256573E+1
-1.349330E+1
-1.636421E+1
-2.088005E+1
-2.088005E+1
-2.088005E+1
-2.088005E+1
-2.088005E+1
-2.088005E+1
-2.088005E+1
-2.088005E+1
-2.088005E+1
-2.088005E+1
-2.088005E+1
-2.088005E+1
-2.088005E+1
-2.088005E+1
-2.088005E+1
-2.088005E+1
-2.088005E+1
-2.088005E+1
-2.088005E+1
-2.088005E+1
-2.088005E+1
-2.088005E+1
-2.088005E+1
-2.088005E+1
-2.088005E+1
-2.088005E+1
-1.397840E+1
-1.206152E+1
-1.115747E+1
-1.061357E+1
-1.030928E+1
-1.017992E+1
-1.021079E+1
-1.041218E+1
-1.083554E+1
-1.159259E+1
-1.292441E+1
-1.698896E+1
-2.088005E+1
-2.088005E+1
-2.088005E+1
-2.088005E+1
-2.088005E+1
-2.088005E+1
-2.088005E+1
-2.088005E+1
-2.088005E+1
-2.088005E+1
-2.088005E+1
-2.088005E+1
-2.088005E+1
-2.088005E+1
-2.088005E+1
-1.281563E+1
-1.128389E+1
-1.046510E+1
-9.941778E+0
-9.627198E+0
-9.450798E+0
-9.406698E+0
-9.440508E+0
-9.531648E+0
-9.652188E+0
-9.791838E+0
-9.899148E+0
-9.955008E+0
-9.955008E+0
-9.927078E+0
-9.872688E+0
-9.818298E+0
-9.752148E+0
-9.713928E+0
-9.675708E+0
-9.675708E+0
-9.675708E+0
-9.688938E+0
-9.727158E+0
-9.778608E+0
-9.872688E+0
-1.004321E+1
-1.029311E+1
-1.069148E+1
-1.136327E+1
-1.256573E+1
-1.610843E+1
-2.088005E+1
-2.088005E+1
-2.088005E+1
-2.088005E+1
-2.088005E+1
-2.088005E+1
-2.088005E+1
-2.088005E+1
-2.088005E+1
-2.088005E+1
-2.088005E+1
-2.088005E+1
-2.088005E+1
-2.088005E+1
-2.088005E+1
-2.088005E+1
-2.088005E+1
-2.088005E+1
-2.088005E+1
-1.610843E+1
-1.349330E+1
-1.229966E+1
-1.153379E+1
-1.094579E+1
-1.048274E+1
-1.011818E+1
-9.844758E+0
-9.652188E+0
-9.531648E+0
-9.484608E+0
-9.531648E+0
-9.675708E+0
-9.913848E+0
-1.024313E+1
-1.069148E+1
-1.125743E+1
-1.188218E+1
-1.247312E+1
-1.281563E+1
-1.281563E+1
-1.251869E+1
-1.202477E+1
-1.156319E+1
-1.120745E+1
-1.096784E+1
-1.087964E+1
-1.090169E+1
-1.106045E+1
-1.136327E+1
-1.188218E+1
-1.261277E+1
-1.380494E+1
-1.698896E+1
-2.088005E+1
-2.088005E+1
-2.088005E+1
-2.088005E+1
-2.088005E+1
-2.088005E+1
-2.088005E+1
-2.088005E+1
-2.088005E+1
-2.088005E+1
-2.088005E+1
-2.088005E+1
-2.088005E+1
-2.088005E+1
-2.088005E+1
-2.088005E+1
-2.088005E+1
-2.088005E+1
-2.088005E+1
-2.088005E+1
-2.088005E+1
-2.088005E+1
-2.088005E+1
-2.088005E+1
-2.088005E+1
-1.849424E+1
-1.567331E+1
-1.472663E+1
-1.426799E+1
-1.426799E+1
-1.472663E+1
-1.636421E+1
-2.088005E+1
-2.088005E+1
-2.088005E+1
-2.088005E+1
-2.088005E+1
-2.088005E+1
-2.088005E+1
-2.088005E+1
-2.088005E+1
-2.088005E+1
-2.088005E+1
-1.610843E+1
-1.335365E+1
-1.229966E+1
-1.171607E+1
-1.139120E+1
-1.118099E+1
-1.110749E+1
-1.108397E+1
-1.108397E+1
-1.110749E+1
-1.110749E+1
-1.110749E+1
-1.110749E+1
-1.113248E+1
-1.115747E+1
-1.120745E+1
-1.128389E+1
-1.133681E+1
-1.136327E+1
-1.133681E+1
-1.118099E+1
-1.096784E+1
-1.069148E+1
-1.042982E+1
-1.019609E+1
-9.984408E+0
-9.844758E+0
-9.765378E+0
-9.765378E+0
-9.805068E+0
-9.913848E+0
-1.008731E+1
-1.034309E+1
-1.071206E+1
-1.118099E+1
-1.184837E+1
-1.281563E+1
-1.437383E+1
-1.849424E+1
-2.088005E+1
-2.088005E+1
-2.088005E+1
-1.499858E+1
-1.315961E+1
-1.206152E+1
-1.133681E+1
-1.092374E+1
-1.073264E+1
-1.073264E+1
-1.098989E+1
-1.159259E+1
-1.298027E+1
-2.088005E+1
-2.088005E+1
-2.088005E+1
-2.088005E+1
-2.088005E+1
-2.088005E+1
-2.088005E+1
-2.088005E+1
-2.088005E+1
-2.088005E+1
-2.088005E+1
-2.088005E+1
-2.088005E+1
-2.088005E+1
-2.088005E+1
-2.088005E+1
-2.088005E+1
-2.088005E+1
-2.088005E+1
-1.849424E+1
-1.665380E+1
-1.610843E+1
-1.587911E+1
-1.567331E+1
-1.514852E+1
-1.448555E+1
-1.389020E+1
-1.335365E+1
-1.298027E+1
-1.271273E+1
-1.256573E+1
-1.247312E+1
-1.238492E+1
-1.229966E+1
-1.213796E+1
-1.191746E+1
-1.159259E+1
-1.125743E+1
-1.094579E+1
-1.071206E+1
-1.053860E+1
-1.048274E+1
-1.053860E+1
-1.073264E+1
-1.115747E+1
-1.191746E+1
-1.356680E+1
-2.088005E+1
-2.088005E+1
-2.088005E+1
-2.088005E+1
-2.088005E+1
-2.088005E+1
-2.088005E+1
-2.088005E+1
-2.088005E+1
-2.088005E+1
-2.088005E+1
-2.088005E+1
-2.088005E+1
-1.738439E+1
-1.286855E+1
-1.159259E+1
-1.090169E+1
-1.050185E+1
-1.029311E+1
-1.021079E+1
-1.022696E+1
-1.030928E+1
-1.044746E+1
-1.063268E+1
-1.083554E+1
-1.108397E+1
-1.136327E+1
-1.171607E+1
-1.221734E+1
-1.315961E+1
-1.548368E+1
-2.088005E+1
-2.088005E+1
-2.088005E+1
-2.088005E+1
-2.088005E+1
-2.088005E+1
-2.088005E+1
-2.088005E+1
-2.088005E+1
-2.088005E+1
-2.088005E+1
-2.088005E+1
-2.088005E+1
-2.088005E+1
-2.088005E+1
-2.088005E+1
-2.088005E+1
-2.088005E+1
-2.088005E+1
-2.088005E+1
-2.088005E+1
-2.088005E+1
-2.088005E+1
-2.088005E+1
-1.587911E+1
-1.389020E+1
-1.292441E+1
-1.229966E+1
-1.184837E+1
-1.150439E+1
-1.120745E+1
-1.098989E+1
-1.085759E+1
-1.083554E+1
-1.092374E+1
-1.110749E+1
-1.147499E+1
-1.202477E+1
-1.281563E+1
-1.389020E+1
-1.548368E+1
-1.786949E+1
-1.849424E+1
-1.610843E+1
-1.426799E+1
-1.303907E+1
-1.213796E+1
-1.147499E+1
-1.101341E+1
-1.069148E+1
-1.050185E+1
-1.044746E+1
-1.051949E+1
-1.073264E+1
-1.108397E+1
-1.156319E+1
-1.225850E+1
-1.315961E+1
-1.437383E+1
-1.636421E+1
-2.088005E+1
-2.088005E+1
-2.088005E+1
-2.088005E+1
-2.088005E+1
-2.088005E+1
-2.088005E+1
-2.088005E+1
-2.088005E+1
-2.088005E+1
-2.088005E+1
-2.088005E+1
-2.088005E+1
-2.088005E+1
-2.088005E+1
-2.088005E+1
-2.088005E+1
-2.088005E+1
-2.088005E+1
-2.088005E+1
-2.088005E+1
-2.088005E+1
-2.088005E+1
-2.088005E+1
-2.088005E+1
-2.088005E+1
-2.088005E+1
-2.088005E+1
-2.088005E+1
-2.088005E+1
-2.088005E+1
-2.088005E+1
-2.088005E+1
-2.088005E+1
-2.088005E+1
-2.088005E+1
-2.088005E+1
-2.088005E+1
-2.088005E+1
-2.088005E+1
-2.088005E+1
-2.088005E+1
-2.088005E+1
-2.088005E+1
-2.088005E+1
-2.088005E+1
-2.088005E+1
-2.088005E+1
-1.587911E+1
-1.397840E+1
-1.315961E+1
-1.286855E+1
-1.292441E+1
-1.349330E+1
-1.514852E+1
-2.088005E+1
-2.088005E+1
-2.088005E+1
-2.088005E+1
-2.088005E+1
-2.088005E+1
-2.088005E+1
-2.088005E+1
-2.088005E+1
-2.088005E+1
-2.088005E+1
-1.531022E+1
-1.448555E+1
-1.472663E+1
-1.587911E+1
-2.088005E+1
-2.088005E+1
-2.088005E+1
-2.088005E+1
-2.088005E+1
-2.088005E+1
-2.088005E+1
-2.088005E+1
-2.088005E+1
-2.088005E+1
-2.088005E+1
-2.088005E+1
-2.088005E+1
-2.088005E+1
-2.088005E+1
-2.088005E+1
-2.088005E+1
-2.088005E+1
-2.088005E+1
-2.088005E+1
-2.088005E+1
-1.698896E+1
-1.356680E+1
-1.234082E+1
-1.159259E+1
-1.113248E+1
-1.085759E+1
-1.075322E+1
-1.085759E+1
-1.115747E+1
-1.174841E+1
-1.281563E+1
-1.514852E+1
-2.088005E+1
-2.088005E+1
-2.088005E+1
-2.088005E+1
-2.088005E+1
-2.088005E+1
-2.088005E+1
-1.548368E+1
-1.356680E+1
-1.281563E+1
-1.251869E+1
-1.251869E+1
-1.292441E+1
-1.380494E+1
-1.610843E+1
-2.088005E+1
-2.088005E+1
-2.088005E+1
-2.088005E+1
-2.088005E+1
-2.088005E+1
-2.088005E+1
-2.088005E+1
-2.088005E+1
-2.088005E+1
-2.088005E+1
-2.088005E+1
-2.088005E+1
-2.088005E+1
-2.088005E+1
-2.088005E+1
-2.088005E+1
-2.088005E+1
-2.088005E+1
-2.088005E+1
-1.448555E+1
-1.261277E+1
-1.188218E+1
-1.153379E+1
-1.147499E+1
-1.156319E+1
-1.174841E+1
-1.198802E+1
-1.225850E+1
-1.247312E+1
-1.261277E+1
-1.261277E+1
-1.247312E+1
-1.221734E+1
-1.188218E+1
-1.159259E+1
-1.131035E+1
-1.106045E+1
-1.092374E+1
-1.085759E+1
-1.092374E+1
-1.118099E+1
-1.168520E+1
-1.256573E+1
-1.460315E+1
-2.088005E+1
-2.088005E+1
-2.088005E+1
-2.088005E+1
-2.088005E+1
-2.088005E+1
-2.088005E+1
-2.088005E+1
-2.088005E+1
-2.088005E+1
-2.088005E+1
-2.088005E+1
-2.088005E+1
-2.088005E+1
-2.088005E+1
-2.088005E+1
-2.088005E+1
-2.088005E+1
-2.088005E+1
-2.088005E+1
-2.088005E+1
-2.088005E+1
-2.088005E+1
-2.088005E+1
-2.088005E+1
-1.786949E+1
-1.416803E+1
-1.298027E+1
-1.238492E+1
-1.206152E+1
-1.198802E+1
-1.213796E+1
-1.242902E+1
-1.292441E+1
-1.364324E+1
-1.448555E+1
-1.499858E+1
-1.460315E+1
-1.349330E+1
-1.242902E+1
-1.153379E+1
-1.087964E+1
-1.039454E+1
-1.007261E+1
-9.927078E+0
-9.941778E+0
-1.014905E+1
-1.055624E+1
-1.133681E+1
-1.286855E+1
-2.088005E+1
-2.088005E+1
-2.088005E+1
-2.088005E+1
-2.088005E+1
-2.088005E+1
-2.088005E+1
-2.088005E+1
-2.088005E+1
-2.088005E+1
-2.088005E+1
-2.088005E+1
-2.088005E+1
-2.088005E+1
-2.088005E+1
-2.088005E+1
-2.088005E+1
-2.088005E+1
-2.088005E+1
-2.088005E+1
-2.088005E+1
-2.088005E+1
-2.088005E+1
-2.088005E+1
-2.088005E+1
-2.088005E+1
-2.088005E+1
-2.088005E+1
-2.088005E+1
-2.088005E+1
-2.088005E+1
-2.088005E+1
-2.088005E+1
-2.088005E+1
-2.088005E+1
-2.088005E+1
-2.088005E+1
-2.088005E+1
-1.665380E+1
-1.499858E+1
-1.437383E+1
-1.407101E+1
-1.380494E+1
-1.364324E+1
-1.349330E+1
-1.349330E+1
-1.349330E+1
-1.364324E+1
-1.380494E+1
-1.407101E+1
-1.448555E+1
-1.499858E+1
-1.587911E+1
-1.698896E+1
-1.937477E+1
-2.088005E+1
-2.088005E+1
-2.088005E+1
-1.636421E+1
-1.437383E+1
-1.298027E+1
-1.195274E+1
-1.120745E+1
-1.061357E+1
-1.016375E+1
-9.857988E+0
-9.638958E+0
-9.519888E+0
-9.484608E+0
-9.519888E+0
-9.652188E+0
-9.872688E+0
-1.019609E+1
-1.067237E+1
-1.139120E+1
-1.256573E+1
-1.514852E+1
-2.088005E+1
-2.088005E+1
-2.088005E+1
-2.088005E+1
-2.088005E+1
-2.088005E+1
-2.088005E+1
-2.088005E+1
-1.426799E+1
-1.281563E+1
-1.221734E+1
-1.202477E+1
-1.213796E+1
-1.242902E+1
-1.298027E+1
-1.364324E+1
-1.437383E+1
-1.472663E+1
-1.448555E+1
-1.380494E+1
-1.303907E+1
-1.242902E+1
-1.198802E+1
-1.168520E+1
-1.156319E+1
-1.162346E+1
-1.181456E+1
-1.217765E+1
-1.276271E+1
-1.356680E+1
-1.485893E+1
-1.665380E+1
-2.088005E+1
-2.088005E+1
-2.088005E+1
-2.088005E+1
-2.088005E+1
-2.088005E+1
-2.088005E+1
-2.088005E+1
-2.088005E+1
-2.088005E+1
-2.088005E+1
-2.088005E+1
-2.088005E+1
-2.088005E+1
-2.088005E+1
-2.088005E+1
-2.088005E+1
-2.088005E+1
-2.088005E+1
-2.088005E+1
-2.088005E+1
-2.088005E+1
-2.088005E+1
-2.088005E+1
-2.088005E+1
-2.088005E+1
-2.088005E+1
-2.088005E+1
-2.088005E+1
-2.088005E+1
-2.088005E+1
-2.088005E+1
-2.088005E+1
-2.088005E+1
-2.088005E+1
-2.088005E+1
-2.088005E+1
-2.088005E+1
-2.088005E+1
-2.088005E+1
-1.407101E+1
-1.188218E+1
-1.079438E+1
-1.011818E+1
-9.688938E+0
-9.428748E+0
-9.319968E+0
-9.374358E+0
-9.602208E+0
-1.001381E+1
-1.067237E+1
-1.162346E+1
-1.315961E+1
-1.587911E+1
-2.088005E+1
-1.849424E+1
-1.407101E+1
-1.213796E+1
-1.094579E+1
-1.013288E+1
-9.543408E+0
-9.137688E+0
-8.855448E+0
-8.674638E+0
-8.574678E+0
-8.545278E+0
-8.574678E+0
-8.643768E+0
-8.754018E+0
-8.898078E+0
-9.070068E+0
-9.247938E+0
-9.406698E+0
-9.555168E+0
-9.663948E+0
-9.738918E+0
-9.805068E+0
-9.857988E+0
-9.941778E+0
-1.005791E+1
-1.024313E+1
-1.050185E+1
-1.083554E+1
-1.118099E+1
-1.156319E+1
-1.188218E+1
-1.206152E+1
-1.209974E+1
-1.198802E+1
-1.174841E+1
-1.153379E+1
-1.139120E+1
-1.131035E+1
-1.136327E+1
-1.159259E+1
-1.195274E+1
-1.261277E+1
-1.372262E+1
-1.610843E+1
-2.088005E+1
-2.088005E+1
-2.088005E+1
-2.088005E+1
-1.849424E+1
-1.426799E+1
-1.276271E+1
-1.198802E+1
-1.153379E+1
-1.139120E+1
-1.150439E+1
-1.198802E+1
-1.315961E+1
-1.937477E+1
-2.088005E+1
-2.088005E+1
-2.088005E+1
-2.088005E+1
-2.088005E+1
-2.088005E+1
-2.088005E+1
-2.088005E+1
-2.088005E+1
-2.088005E+1
-2.088005E+1
-2.088005E+1
-2.088005E+1
-2.088005E+1
-2.088005E+1
-2.088005E+1
-2.088005E+1
-2.088005E+1
-2.088005E+1
-2.088005E+1
-2.088005E+1
-2.088005E+1
-2.088005E+1
-2.088005E+1
-2.088005E+1
-2.088005E+1
-2.088005E+1
-2.088005E+1
-2.088005E+1
-2.088005E+1
-2.088005E+1
-2.088005E+1
-2.088005E+1
-2.088005E+1
-2.088005E+1
-2.088005E+1
-2.088005E+1
-2.088005E+1
-2.088005E+1
-2.088005E+1
-2.088005E+1
-2.088005E+1
-2.088005E+1
-2.088005E+1
-2.088005E+1
-2.088005E+1
-2.088005E+1
-2.088005E+1
-2.088005E+1
-2.088005E+1
-2.088005E+1
-2.088005E+1
-2.088005E+1
-2.088005E+1
-2.088005E+1
-2.088005E+1
-2.088005E+1
-2.088005E+1
-2.088005E+1
-2.088005E+1
-2.088005E+1
-2.088005E+1
-1.587911E+1
-1.356680E+1
-1.292441E+1
-1.281563E+1
-1.315961E+1
-1.389020E+1
-1.567331E+1
-2.088005E+1
-2.088005E+1
-2.088005E+1
-2.088005E+1
-2.088005E+1
-2.088005E+1
-2.088005E+1
-2.088005E+1
-2.088005E+1
-2.088005E+1
-2.088005E+1
-2.088005E+1
-2.088005E+1
-2.088005E+1
-2.088005E+1
-2.088005E+1
-2.088005E+1
-2.088005E+1
-2.088005E+1
-2.088005E+1
-2.088005E+1
-2.088005E+1
-2.088005E+1
-2.088005E+1
-2.088005E+1
-2.088005E+1
-2.088005E+1
-2.088005E+1
-1.499858E+1
-1.225850E+1
-1.139120E+1
-1.108397E+1
-1.110749E+1
-1.141913E+1
-1.209974E+1
-1.349330E+1
-2.088005E+1
-2.088005E+1
-2.088005E+1
-2.088005E+1
-2.088005E+1
-2.088005E+1
-2.088005E+1
-2.088005E+1
-2.088005E+1
-2.088005E+1
-2.088005E+1
-2.088005E+1
-2.088005E+1
-2.088005E+1
-2.088005E+1
-2.088005E+1
-2.088005E+1
-2.088005E+1
-2.088005E+1
-2.088005E+1
-2.088005E+1
-2.088005E+1
-2.088005E+1
-2.088005E+1
-2.088005E+1
-2.088005E+1
-2.088005E+1
-2.088005E+1
-2.088005E+1
-2.088005E+1
-2.088005E+1
-2.088005E+1
-2.088005E+1
-2.088005E+1
-2.088005E+1
-2.088005E+1
-2.088005E+1
-2.088005E+1
-2.088005E+1
-2.088005E+1
-1.786949E+1
-1.315961E+1
-1.195274E+1
-1.136327E+1
-1.108397E+1
-1.094579E+1
-1.092374E+1
-1.098989E+1
-1.113248E+1
-1.133681E+1
-1.159259E+1
-1.191746E+1
-1.225850E+1
-1.271273E+1
-1.335365E+1
-1.426799E+1
-1.587911E+1
-2.088005E+1
-2.088005E+1
-2.088005E+1
-2.088005E+1
-2.088005E+1
-2.088005E+1
-2.088005E+1
-2.088005E+1
-2.088005E+1
-2.088005E+1
-2.088005E+1
-2.088005E+1
-2.088005E+1
-2.088005E+1
-2.088005E+1
-2.088005E+1
-2.088005E+1
-2.088005E+1
-2.088005E+1
-2.088005E+1
-2.088005E+1
-2.088005E+1
-2.088005E+1
-2.088005E+1
-2.088005E+1
-1.698896E+1
-1.397840E+1
-1.328750E+1
-1.342274E+1
-1.448555E+1
-2.088005E+1
-2.088005E+1
-2.088005E+1
-2.088005E+1
-2.088005E+1
-2.088005E+1
-2.088005E+1
-2.088005E+1
-2.088005E+1
-2.088005E+1
-2.088005E+1
-2.088005E+1
-1.849424E+1
-1.610843E+1
-1.610843E+1
-1.937477E+1
-2.088005E+1
-2.088005E+1
-2.088005E+1
-2.088005E+1
-2.088005E+1
-2.088005E+1
-2.088005E+1
-2.088005E+1
-2.088005E+1
-2.088005E+1
-2.088005E+1
-2.088005E+1
-2.088005E+1
-2.088005E+1
-1.460315E+1
-1.286855E+1
-1.198802E+1
-1.147499E+1
-1.115747E+1
-1.096784E+1
-1.087964E+1
-1.085759E+1
-1.087964E+1
-1.096784E+1
-1.108397E+1
-1.125743E+1
-1.139120E+1
-1.153379E+1
-1.159259E+1
-1.162346E+1
-1.153379E+1
-1.133681E+1
-1.110749E+1
-1.085759E+1
-1.067237E+1
-1.055624E+1
-1.053860E+1
-1.065326E+1
-1.096784E+1
-1.156319E+1
-1.276271E+1
-1.738439E+1
-2.088005E+1
-2.088005E+1
-2.088005E+1
-2.088005E+1
-2.088005E+1
-2.088005E+1
-2.088005E+1
-2.088005E+1
-2.088005E+1
-2.088005E+1
-2.088005E+1
-2.088005E+1
-2.088005E+1
-2.088005E+1
-1.665380E+1
-1.276271E+1
-1.136327E+1
-1.053860E+1
-9.999108E+0
-9.638958E+0
-9.440508E+0
-9.374358E+0
-9.450798E+0
-9.688938E+0
-1.010201E+1
-1.075322E+1
-1.174841E+1
-1.356680E+1
-2.088005E+1
-2.088005E+1
-2.088005E+1
-2.088005E+1
-2.088005E+1
-2.088005E+1
-2.088005E+1
-2.088005E+1
-2.088005E+1
-2.088005E+1
-2.088005E+1
-2.088005E+1
-2.088005E+1
-2.088005E+1
-2.088005E+1
-2.088005E+1
-2.088005E+1
-2.088005E+1
-2.088005E+1
-2.088005E+1
-2.088005E+1
-2.088005E+1
-2.088005E+1
-2.088005E+1
-2.088005E+1
-2.088005E+1
-2.088005E+1
-2.088005E+1
-2.088005E+1
-2.088005E+1
-2.088005E+1
-2.088005E+1
-2.088005E+1
-2.088005E+1
-2.088005E+1
-2.088005E+1
-2.088005E+1
-2.088005E+1
-2.088005E+1
-2.088005E+1
-2.088005E+1
-2.088005E+1
-2.088005E+1
-1.738439E+1
-1.356680E+1
-1.242902E+1
-1.181456E+1
-1.144706E+1
-1.120745E+1
-1.098989E+1
-1.075322E+1
-1.050185E+1
-1.019609E+1
-9.885918E+0
-9.590448E+0
-9.342018E+0
-9.147978E+0
-9.042138E+0
-9.014208E+0
-9.080358E+0
-9.247938E+0
-9.531648E+0
-9.941778E+0
-1.055624E+1
-1.144706E+1
-1.303907E+1
-2.088005E+1
-2.088005E+1
-2.088005E+1
-2.088005E+1
-2.088005E+1
-2.088005E+1
-2.088005E+1
-2.088005E+1
-2.088005E+1
-2.088005E+1
-2.088005E+1
-2.088005E+1
-1.298027E+1
-1.131035E+1
-1.046510E+1
-9.969708E+0
-9.663948E+0
-9.508128E+0
-9.474318E+0
-9.519888E+0
-9.627198E+0
-9.791838E+0
-9.969708E+0
-1.016375E+1
-1.034309E+1
-1.053860E+1
-1.071206E+1
-1.087964E+1
-1.101341E+1
-1.113248E+1
-1.125743E+1
-1.133681E+1
-1.139120E+1
-1.144706E+1
-1.150439E+1
-1.165433E+1
-1.195274E+1
-1.256573E+1
-1.364324E+1
-1.738439E+1
-2.088005E+1
-2.088005E+1
-2.088005E+1
-2.088005E+1
-2.088005E+1
-2.088005E+1
-2.088005E+1
-2.088005E+1
-2.088005E+1
-2.088005E+1
-2.088005E+1
-2.088005E+1
-2.088005E+1
-2.088005E+1
-2.088005E+1
-2.088005E+1
-2.088005E+1
-2.088005E+1
-2.088005E+1
-2.088005E+1
-2.088005E+1
-2.088005E+1
-2.088005E+1
-2.088005E+1
-2.088005E+1
-1.610843E+1
-1.460315E+1
-1.349330E+1
-1.266275E+1
-1.195274E+1
-1.136327E+1
-1.083554E+1
-1.037690E+1
-9.984408E+0
-9.638958E+0
-9.330258E+0
-9.070068E+0
-8.871618E+0
-8.737848E+0
-8.667288E+0
-8.658468E+0
-8.714328E+0
-8.846628E+0
-9.050958E+0
-9.342018E+0
-9.702168E+0
-1.016375E+1
-1.073264E+1
-1.153379E+1
-1.271273E+1
-1.548368E+1
-2.088005E+1
-2.088005E+1
-2.088005E+1
-2.088005E+1
-2.088005E+1
-2.088005E+1
-2.088005E+1
-2.088005E+1
-2.088005E+1
-2.088005E+1
-2.088005E+1
-2.088005E+1
-2.088005E+1
-2.088005E+1
-2.088005E+1
-2.088005E+1
