Date/Time	2022-06-06 23:20:30
Line location	1
Line name	A1
OTDR wavelength [nm]	1550
OTDR pulse duration [ns]	2
OTDR scan time [s]	10
OTDR scan length [m]	1.500000E+2
Length offset [m]	0.000000E+0
Length increment [m]	3.996806E-2
Switch ID	VIAVI Solutions,OTU 8000E,11654,FO,16.76
OTDR ID	JDSU,OTU 8000E,11654,OTU(SmartOTU),V7.22

Reflected amplitude [dB]
8.039220E-1
7.936320E-1
7.642320E-1
7.186620E-1
6.745620E-1
6.348720E-1
5.995920E-1
5.716620E-1
5.657820E-1
6.084120E-1
7.054320E-1
8.421420E-1
9.891420E-1
1.128792E+0
1.261092E+0
1.374282E+0
1.463952E+0
1.530102E+0
1.572732E+0
1.583022E+0
1.556562E+0
1.502172E+0
1.436022E+0
1.355172E+0
1.246392E+0
1.112622E+0
9.700320E-1
8.215620E-1
6.760320E-1
5.422620E-1
4.261320E-1
3.305820E-1
2.512020E-1
1.850520E-1
1.306620E-1
8.509200E-2
4.540200E-2
1.306200E-2
-1.486800E-2
-3.838800E-2
-5.896800E-2
-7.660800E-2
-9.277800E-2
-1.074780E-1
-1.221780E-1
-1.354080E-1
-1.501080E-1
-1.648080E-1
-1.795080E-1
-1.942080E-1
-2.089080E-1
-2.250780E-1
-2.397780E-1
-2.530080E-1
-2.662380E-1
-2.779980E-1
-2.882880E-1
-2.956380E-1
-3.015180E-1
-3.073980E-1
-3.103380E-1
-3.132780E-1
-3.147480E-1
-3.147480E-1
-3.132780E-1
-3.103380E-1
-3.059280E-1
-2.985780E-1
-2.912280E-1
-2.809380E-1
-2.706480E-1
-2.588880E-1
-2.471280E-1
-2.338980E-1
-2.191980E-1
-2.015580E-1
-1.839180E-1
-1.648080E-1
-1.442280E-1
-1.236480E-1
-1.060080E-1
-8.983800E-2
-7.954800E-2
-7.219800E-2
-7.219800E-2
-7.807800E-2
-8.983800E-2
-1.074780E-1
-1.280580E-1
-1.515780E-1
-1.780380E-1
-2.044980E-1
-2.309580E-1
-2.574180E-1
-2.809380E-1
-3.044580E-1
-3.235680E-1
-3.412080E-1
-3.544380E-1
-3.676680E-1
-3.764880E-1
-3.853080E-1
-3.941280E-1
-4.014780E-1
-4.088280E-1
-4.161780E-1
-4.235280E-1
-4.308780E-1
-4.396980E-1
-4.455780E-1
-4.529280E-1
-4.573380E-1
-4.617480E-1
-4.646880E-1
-4.661580E-1
-4.661580E-1
-4.646880E-1
-4.617480E-1
-4.588080E-1
-4.529280E-1
-4.485180E-1
-4.426380E-1
-4.367580E-1
-4.308780E-1
-4.249980E-1
-4.176480E-1
-4.132380E-1
-4.073580E-1
-4.044180E-1
-4.029480E-1
-4.029480E-1
-4.044180E-1
-4.102980E-1
-4.161780E-1
-4.249980E-1
-4.352880E-1
-4.470480E-1
-4.602780E-1
-4.735080E-1
-4.867380E-1
-4.984980E-1
-5.102580E-1
-5.205480E-1
-5.293680E-1
-5.014380E-1
-2.779980E-1
3.732120E-1
1.446312E+0
2.678172E+0
3.864462E+0
4.916982E+0
5.813682E+0
6.558972E+0
7.176372E+0
7.687932E+0
8.103942E+0
8.433222E+0
8.681652E+0
8.855112E+0
8.959482E+0
9.002112E+0
8.987412E+0
8.919792E+0
8.800722E+0
8.633142E+0
8.415582E+0
8.152452E+0
7.846692E+0
7.498302E+0
7.111692E+0
6.686862E+0
6.232632E+0
5.753412E+0
5.259492E+0
4.755282E+0
4.254012E+0
3.765972E+0
3.304392E+0
2.881032E+0
2.510592E+0
2.194542E+0
1.921122E+0
1.685922E+0
1.493352E+0
1.333122E+0
1.177302E+0
9.994320E-1
8.098020E-1
6.304620E-1
4.614120E-1
2.997120E-1
1.483020E-1
2.041200E-2
-8.395800E-2
-1.662780E-1
-2.309580E-1
-2.809380E-1
-3.191580E-1
-3.470880E-1
-3.676680E-1
-3.808980E-1
-3.897180E-1
-3.955980E-1
-4.000080E-1
-4.029480E-1
-4.044180E-1
-4.058880E-1
-4.058880E-1
-4.058880E-1
-4.058880E-1
-4.044180E-1
-4.029480E-1
-4.000080E-1
-3.970680E-1
-3.941280E-1
-3.911880E-1
-3.867780E-1
-3.823680E-1
-3.779580E-1
-3.750180E-1
-3.706080E-1
-3.676680E-1
-3.632580E-1
-3.617880E-1
-3.603180E-1
-3.588480E-1
-3.588480E-1
-3.603180E-1
-3.632580E-1
-3.661980E-1
-3.720780E-1
-3.779580E-1
-3.853080E-1
-3.926580E-1
-4.000080E-1
-4.073580E-1
-4.132380E-1
-4.176480E-1
-4.220580E-1
-4.264680E-1
-4.294080E-1
-4.323480E-1
-4.367580E-1
-4.396980E-1
-4.426380E-1
-4.455780E-1
-4.485180E-1
-4.514580E-1
-4.529280E-1
-4.543980E-1
-4.573380E-1
-4.602780E-1
-4.632180E-1
-4.676280E-1
-4.720380E-1
-4.749780E-1
-4.779180E-1
-4.793880E-1
-4.793880E-1
-4.764480E-1
-4.735080E-1
-4.676280E-1
-4.602780E-1
-4.543980E-1
-4.499880E-1
-4.455780E-1
-4.426380E-1
-4.396980E-1
-4.396980E-1
-4.396980E-1
-4.382280E-1
-4.382280E-1
-4.367580E-1
-4.338180E-1
-4.308780E-1
-4.264680E-1
-4.205880E-1
-4.161780E-1
-4.102980E-1
-4.058880E-1
-4.014780E-1
-3.955980E-1
-3.897180E-1
-3.838380E-1
-3.779580E-1
-3.706080E-1
-3.647280E-1
-3.603180E-1
-3.559080E-1
-3.529680E-1
-3.529680E-1
-3.529680E-1
-3.559080E-1
-3.603180E-1
-3.647280E-1
-3.691380E-1
-3.750180E-1
-3.794280E-1
-3.823680E-1
-3.867780E-1
-3.911880E-1
-3.955980E-1
-4.014780E-1
-4.073580E-1
-4.147080E-1
-4.235280E-1
-4.323480E-1
-4.411680E-1
-4.499880E-1
-4.573380E-1
-4.632180E-1
-4.661580E-1
-4.676280E-1
-4.676280E-1
-4.646880E-1
-4.617480E-1
-4.588080E-1
-4.558680E-1
-4.543980E-1
-4.543980E-1
-4.558680E-1
-4.588080E-1
-4.602780E-1
-4.632180E-1
-4.646880E-1
-4.661580E-1
-4.661580E-1
-4.676280E-1
-4.676280E-1
-4.690980E-1
-4.720380E-1
-4.764480E-1
-4.808580E-1
-4.852680E-1
-4.896780E-1
-4.940880E-1
-4.970280E-1
-4.970280E-1
-4.955580E-1
-4.896780E-1
-4.808580E-1
-4.690980E-1
-4.543980E-1
-4.382280E-1
-4.220580E-1
-4.058880E-1
-3.897180E-1
-3.764880E-1
-3.647280E-1
-3.573780E-1
-3.500280E-1
-3.470880E-1
-3.456180E-1
-3.470880E-1
-3.500280E-1
-3.559080E-1
-3.603180E-1
-3.676680E-1
-3.750180E-1
-3.823680E-1
-3.882480E-1
-3.955980E-1
-4.014780E-1
-4.073580E-1
-4.132380E-1
-4.191180E-1
-4.264680E-1
-4.323480E-1
-4.396980E-1
-4.455780E-1
-4.499880E-1
-4.529280E-1
-4.543980E-1
-4.543980E-1
-4.514580E-1
-4.455780E-1
-4.411680E-1
-4.367580E-1
-4.338180E-1
-4.323480E-1
-4.323480E-1
-4.352880E-1
-4.396980E-1
-4.426380E-1
-4.470480E-1
-4.485180E-1
-4.485180E-1
-4.455780E-1
-4.411680E-1
-4.352880E-1
-4.308780E-1
-4.249980E-1
-4.220580E-1
-4.191180E-1
-4.205880E-1
-4.220580E-1
-4.264680E-1
-4.323480E-1
-4.396980E-1
-4.455780E-1
-4.529280E-1
-4.588080E-1
-4.617480E-1
-4.632180E-1
-4.632180E-1
-4.588080E-1
-4.529280E-1
-4.441080E-1
-4.323480E-1
-4.205880E-1
-4.073580E-1
-3.941280E-1
-3.808980E-1
-3.676680E-1
-3.573780E-1
-3.500280E-1
-3.441480E-1
-3.412080E-1
-3.397380E-1
-3.412080E-1
-3.441480E-1
-3.470880E-1
-3.529680E-1
-3.603180E-1
-3.676680E-1
-3.750180E-1
-3.853080E-1
-3.955980E-1
-4.073580E-1
-4.191180E-1
-4.308780E-1
-4.426380E-1
-4.529280E-1
-4.617480E-1
-4.705680E-1
-4.749780E-1
-4.793880E-1
-4.808580E-1
-4.823280E-1
-4.808580E-1
-4.808580E-1
-4.793880E-1
-4.779180E-1
-4.779180E-1
-4.764480E-1
-4.749780E-1
-4.720380E-1
-4.690980E-1
-4.661580E-1
-4.617480E-1
-4.588080E-1
-4.543980E-1
-4.499880E-1
-4.455780E-1
-4.426380E-1
-4.382280E-1
-4.352880E-1
-4.308780E-1
-4.279380E-1
-4.249980E-1
-4.235280E-1
-4.220580E-1
-4.220580E-1
-4.235280E-1
-4.249980E-1
-4.279380E-1
-4.323480E-1
-4.367580E-1
-4.411680E-1
-4.455780E-1
-4.485180E-1
-4.499880E-1
-4.485180E-1
-4.455780E-1
-4.411680E-1
-4.338180E-1
-4.249980E-1
-4.147080E-1
-4.044180E-1
-3.941280E-1
-3.838380E-1
-3.735480E-1
-3.661980E-1
-3.603180E-1
-3.573780E-1
-3.544380E-1
-3.559080E-1
-3.588480E-1
-3.632580E-1
-3.691380E-1
-3.750180E-1
-3.823680E-1
-3.897180E-1
-3.970680E-1
-4.014780E-1
-4.073580E-1
-4.102980E-1
-4.132380E-1
-4.161780E-1
-4.176480E-1
-4.191180E-1
-4.191180E-1
-4.205880E-1
-4.205880E-1
-4.191180E-1
-4.191180E-1
-4.176480E-1
-4.176480E-1
-4.176480E-1
-4.176480E-1
-4.205880E-1
-4.235280E-1
-4.279380E-1
-4.323480E-1
-4.367580E-1
-4.426380E-1
-4.485180E-1
-4.529280E-1
-4.573380E-1
-4.617480E-1
-4.646880E-1
-4.661580E-1
-4.676280E-1
-4.661580E-1
-4.646880E-1
-4.617480E-1
-4.573380E-1
-4.529280E-1
-4.470480E-1
-4.426380E-1
-4.382280E-1
-4.338180E-1
-4.308780E-1
-4.294080E-1
-4.264680E-1
-4.249980E-1
-4.220580E-1
-4.176480E-1
-4.132380E-1
-4.073580E-1
-4.029480E-1
-3.985380E-1
-3.955980E-1
-3.955980E-1
-3.970680E-1
-4.014780E-1
-4.088280E-1
-4.161780E-1
-4.249980E-1
-4.323480E-1
-4.396980E-1
-4.455780E-1
-4.514580E-1
-4.558680E-1
-4.602780E-1
-4.661580E-1
-4.720380E-1
-4.764480E-1
-4.808580E-1
-4.852680E-1
-4.882080E-1
-4.896780E-1
-4.911480E-1
-4.896780E-1
-4.896780E-1
-4.867380E-1
-4.852680E-1
-4.852680E-1
-4.837980E-1
-4.837980E-1
-4.837980E-1
-4.852680E-1
-4.837980E-1
-4.823280E-1
-4.793880E-1
-4.749780E-1
-4.676280E-1
-4.588080E-1
-4.485180E-1
-4.382280E-1
-4.279380E-1
-4.176480E-1
-4.102980E-1
-4.058880E-1
-4.044180E-1
-4.058880E-1
-4.088280E-1
-4.147080E-1
-4.220580E-1
-4.294080E-1
-4.352880E-1
-4.411680E-1
-4.441080E-1
-4.455780E-1
-4.455780E-1
-4.426380E-1
-4.382280E-1
-4.338180E-1
-4.294080E-1
-4.235280E-1
-4.191180E-1
-4.132380E-1
-4.073580E-1
-4.014780E-1
-3.955980E-1
-3.911880E-1
-3.853080E-1
-3.823680E-1
-3.794280E-1
-3.764880E-1
-3.750180E-1
-3.735480E-1
-3.735480E-1
-3.750180E-1
-3.764880E-1
-3.808980E-1
-3.867780E-1
-3.926580E-1
-4.029480E-1
-4.132380E-1
-4.249980E-1
-4.352880E-1
-4.455780E-1
-4.529280E-1
-4.588080E-1
-4.602780E-1
-4.588080E-1
-4.558680E-1
-4.514580E-1
-4.455780E-1
-4.382280E-1
-4.323480E-1
-4.264680E-1
-4.205880E-1
-4.176480E-1
-4.161780E-1
-4.147080E-1
-4.161780E-1
-4.176480E-1
-4.220580E-1
-4.264680E-1
-4.323480E-1
-4.382280E-1
-4.441080E-1
-4.499880E-1
-4.543980E-1
-4.588080E-1
-4.617480E-1
-4.646880E-1
-4.661580E-1
-4.661580E-1
-4.661580E-1
-4.646880E-1
-4.632180E-1
-4.588080E-1
-4.558680E-1
-4.514580E-1
-4.470480E-1
-4.426380E-1
-4.396980E-1
-4.382280E-1
-4.367580E-1
-4.367580E-1
-4.382280E-1
-4.396980E-1
-4.411680E-1
-4.426380E-1
-4.455780E-1
-4.470480E-1
-4.485180E-1
-4.514580E-1
-4.514580E-1
-4.529280E-1
-4.514580E-1
-4.499880E-1
-4.470480E-1
-4.441080E-1
-4.396980E-1
-4.352880E-1
-4.323480E-1
-4.294080E-1
-4.264680E-1
-4.264680E-1
-4.264680E-1
-4.279380E-1
-4.279380E-1
-4.294080E-1
-4.294080E-1
-4.294080E-1
-4.308780E-1
-4.308780E-1
-4.323480E-1
-4.352880E-1
-4.367580E-1
-4.382280E-1
-4.396980E-1
-4.396980E-1
-4.396980E-1
-4.382280E-1
-4.352880E-1
-4.323480E-1
-4.294080E-1
-4.264680E-1
-4.220580E-1
-4.176480E-1
-4.147080E-1
-4.102980E-1
-4.073580E-1
-4.044180E-1
-4.014780E-1
-4.000080E-1
-4.000080E-1
-4.014780E-1
-4.014780E-1
-4.044180E-1
-4.073580E-1
-4.102980E-1
-4.132380E-1
-4.176480E-1
-4.235280E-1
-4.294080E-1
-4.367580E-1
-4.426380E-1
-4.485180E-1
-4.543980E-1
-4.588080E-1
-4.617480E-1
-4.632180E-1
-4.617480E-1
-4.602780E-1
-4.573380E-1
-4.558680E-1
-4.543980E-1
-4.529280E-1
-4.543980E-1
-4.558680E-1
-4.588080E-1
-4.602780E-1
-4.632180E-1
-4.646880E-1
-4.646880E-1
-4.661580E-1
-4.661580E-1
-4.661580E-1
-4.676280E-1
-4.676280E-1
-4.690980E-1
-4.690980E-1
-4.705680E-1
-4.705680E-1
-4.705680E-1
-4.720380E-1
-4.720380E-1
-4.735080E-1
-4.764480E-1
-4.779180E-1
-4.808580E-1
-4.837980E-1
-4.852680E-1
-4.867380E-1
-4.882080E-1
-4.882080E-1
-4.867380E-1
-4.867380E-1
-4.852680E-1
-4.852680E-1
-4.852680E-1
-4.852680E-1
-4.852680E-1
-4.867380E-1
-4.882080E-1
-4.882080E-1
-4.867380E-1
-4.823280E-1
-4.779180E-1
-4.705680E-1
-4.617480E-1
-4.529280E-1
-4.411680E-1
-4.308780E-1
-4.220580E-1
-4.132380E-1
-4.058880E-1
-4.014780E-1
-3.985380E-1
-3.985380E-1
-4.014780E-1
-4.073580E-1
-4.147080E-1
-4.220580E-1
-4.308780E-1
-4.396980E-1
-4.470480E-1
-4.529280E-1
-4.573380E-1
-4.602780E-1
-4.602780E-1
-4.573380E-1
-4.543980E-1
-4.499880E-1
-4.441080E-1
-4.396980E-1
-4.352880E-1
-4.323480E-1
-4.294080E-1
-4.279380E-1
-4.264680E-1
-4.264680E-1
-4.264680E-1
-4.264680E-1
-4.264680E-1
-4.279380E-1
-4.279380E-1
-4.308780E-1
-4.323480E-1
-4.352880E-1
-4.367580E-1
-4.396980E-1
-4.426380E-1
-4.455780E-1
-4.455780E-1
-4.470480E-1
-4.470480E-1
-4.485180E-1
-4.485180E-1
-4.485180E-1
-4.485180E-1
-4.470480E-1
-4.470480E-1
-4.455780E-1
-4.441080E-1
-4.411680E-1
-4.382280E-1
-4.352880E-1
-4.308780E-1
-4.279380E-1
-4.235280E-1
-4.205880E-1
-4.191180E-1
-4.176480E-1
-4.161780E-1
-4.161780E-1
-4.161780E-1
-4.161780E-1
-4.176480E-1
-4.176480E-1
-4.176480E-1
-4.176480E-1
-4.176480E-1
-4.176480E-1
-4.176480E-1
-4.176480E-1
-4.191180E-1
-4.205880E-1
-4.220580E-1
-4.249980E-1
-4.264680E-1
-4.294080E-1
-4.323480E-1
-4.352880E-1
-4.367580E-1
-4.367580E-1
-4.352880E-1
-4.308780E-1
-4.264680E-1
-4.205880E-1
-4.132380E-1
-4.058880E-1
-3.985380E-1
-3.926580E-1
-3.882480E-1
-3.838380E-1
-3.794280E-1
-3.764880E-1
-3.735480E-1
-3.720780E-1
-3.706080E-1
-3.706080E-1
-3.735480E-1
-3.779580E-1
-3.853080E-1
-3.926580E-1
-4.029480E-1
-4.147080E-1
-4.249980E-1
-4.352880E-1
-4.426380E-1
-4.485180E-1
-4.529280E-1
-4.558680E-1
-4.558680E-1
-4.558680E-1
-4.558680E-1
-4.558680E-1
-4.558680E-1
-4.558680E-1
-4.573380E-1
-4.573380E-1
-4.588080E-1
-4.588080E-1
-4.573380E-1
-4.558680E-1
-4.529280E-1
-4.499880E-1
-4.470480E-1
-4.426380E-1
-4.382280E-1
-4.352880E-1
-4.338180E-1
-4.323480E-1
-4.338180E-1
-4.367580E-1
-4.396980E-1
-4.455780E-1
-4.514580E-1
-4.588080E-1
-4.646880E-1
-4.705680E-1
-4.735080E-1
-4.749780E-1
-4.749780E-1
-4.720380E-1
-4.676280E-1
-4.617480E-1
-4.558680E-1
-4.485180E-1
-4.411680E-1
-4.352880E-1
-4.294080E-1
-4.235280E-1
-4.176480E-1
-4.117680E-1
-4.073580E-1
-4.029480E-1
-3.985380E-1
-3.955980E-1
-3.941280E-1
-3.941280E-1
-3.941280E-1
-3.970680E-1
-4.000080E-1
-4.058880E-1
-4.102980E-1
-4.161780E-1
-4.220580E-1
-4.264680E-1
-4.308780E-1
-4.338180E-1
-4.352880E-1
-4.352880E-1
-4.338180E-1
-4.308780E-1
-4.279380E-1
-4.264680E-1
-4.235280E-1
-4.235280E-1
-4.235280E-1
-4.249980E-1
-4.279380E-1
-4.308780E-1
-4.352880E-1
-4.411680E-1
-4.470480E-1
-4.529280E-1
-4.588080E-1
-4.646880E-1
-4.705680E-1
-4.749780E-1
-4.779180E-1
-4.793880E-1
-4.808580E-1
-4.793880E-1
-4.764480E-1
-4.720380E-1
-4.676280E-1
-4.632180E-1
-4.573380E-1
-4.529280E-1
-4.485180E-1
-4.455780E-1
-4.426380E-1
-4.396980E-1
-4.382280E-1
-4.382280E-1
-4.367580E-1
-4.382280E-1
-4.382280E-1
-4.396980E-1
-4.426380E-1
-4.455780E-1
-4.485180E-1
-4.514580E-1
-4.558680E-1
-4.602780E-1
-4.632180E-1
-4.646880E-1
-4.661580E-1
-4.646880E-1
-4.602780E-1
-4.543980E-1
-4.485180E-1
-4.411680E-1
-4.338180E-1
-4.279380E-1
-4.249980E-1
-4.235280E-1
-4.264680E-1
-4.308780E-1
-4.382280E-1
-4.455780E-1
-4.543980E-1
-4.632180E-1
-4.690980E-1
-4.735080E-1
-4.764480E-1
-4.764480E-1
-4.764480E-1
-4.735080E-1
-4.720380E-1
-4.690980E-1
-4.661580E-1
-4.646880E-1
-4.617480E-1
-4.588080E-1
-4.573380E-1
-4.558680E-1
-4.543980E-1
-4.558680E-1
-4.588080E-1
-4.646880E-1
-4.720380E-1
-4.837980E-1
-4.999680E-1
-5.190780E-1
-5.425980E-1
-5.705280E-1
-6.043380E-1
-6.410880E-1
-6.807780E-1
-7.248780E-1
-7.704480E-1
-8.160180E-1
-8.615880E-1
-9.056880E-1
-9.453780E-1
-9.806580E-1
-1.012998E+0
-1.039458E+0
-1.061508E+0
-1.080618E+0
-1.093848E+0
-1.104138E+0
-1.111488E+0
-1.115898E+0
-1.117368E+0
-1.115898E+0
-1.112958E+0
-1.108548E+0
-1.101198E+0
-1.093848E+0
-1.083558E+0
-1.074738E+0
-1.067388E+0
-1.060038E+0
-1.055628E+0
-1.055628E+0
-1.058568E+0
-1.065918E+0
-1.076208E+0
-1.089438E+0
-1.105608E+0
-1.123248E+0
-1.140888E+0
-1.157058E+0
-1.171758E+0
-1.184988E+0
-1.195278E+0
-1.202628E+0
-1.209978E+0
-1.214388E+0
-1.218798E+0
-1.221738E+0
-1.224678E+0
-1.227618E+0
-1.229088E+0
-1.230558E+0
-1.229088E+0
-1.226148E+0
-1.221738E+0
-1.215858E+0
-1.207038E+0
-1.198218E+0
-1.187928E+0
-1.179108E+0
-1.170288E+0
-1.164408E+0
-1.162938E+0
-1.162938E+0
-1.168818E+0
-1.179108E+0
-1.190868E+0
-1.207038E+0
-1.223208E+0
-1.240848E+0
-1.258488E+0
-1.273188E+0
-1.286418E+0
-1.295238E+0
-1.299648E+0
-1.301118E+0
-1.298178E+0
-1.292298E+0
-1.283478E+0
-1.274658E+0
-1.265838E+0
-1.258488E+0
-1.252608E+0
-1.251138E+0
-1.252608E+0
-1.255548E+0
-1.261428E+0
-1.268778E+0
-1.276128E+0
-1.282008E+0
-1.286418E+0
-1.287888E+0
-1.286418E+0
-1.283478E+0
-1.277598E+0
-1.271718E+0
-1.265838E+0
-1.258488E+0
-1.254078E+0
-1.249668E+0
-1.246728E+0
-1.245258E+0
-1.243788E+0
-1.243788E+0
-1.243788E+0
-1.242318E+0
-1.240848E+0
-1.239378E+0
-1.236438E+0
-1.234968E+0
-1.234968E+0
-1.236438E+0
-1.239378E+0
-1.242318E+0
-1.246728E+0
-1.252608E+0
-1.257018E+0
-1.261428E+0
-1.264368E+0
-1.268778E+0
-1.271718E+0
-1.276128E+0
-1.282008E+0
-1.289358E+0
-1.298178E+0
-1.308468E+0
-1.320228E+0
-1.331988E+0
-1.342278E+0
-1.352568E+0
-1.361388E+0
-1.368738E+0
-1.373148E+0
-1.376088E+0
-1.377558E+0
-1.377558E+0
-1.376088E+0
-1.376088E+0
-1.374618E+0
-1.373148E+0
-1.373148E+0
-1.373148E+0
-1.373148E+0
-1.374618E+0
-1.376088E+0
-1.377558E+0
-1.379028E+0
-1.380498E+0
-1.381968E+0
-1.381968E+0
-1.383438E+0
-1.383438E+0
-1.384908E+0
-1.384908E+0
-1.384908E+0
-1.384908E+0
-1.386378E+0
-1.386378E+0
-1.387848E+0
-1.389318E+0
-1.392258E+0
-1.395198E+0
-1.398138E+0
-1.402548E+0
-1.405488E+0
-1.408428E+0
-1.411368E+0
-1.411368E+0
-1.411368E+0
-1.412838E+0
-1.414308E+0
-1.415778E+0
-1.418718E+0
-1.421658E+0
-1.426068E+0
-1.429008E+0
-1.431948E+0
-1.433418E+0
-1.431948E+0
-1.430478E+0
-1.427538E+0
-1.426068E+0
-1.424598E+0
-1.426068E+0
-1.429008E+0
-1.434888E+0
-1.443708E+0
-1.453998E+0
-1.468698E+0
-1.481928E+0
-1.495158E+0
-1.506918E+0
-1.515738E+0
-1.521618E+0
-1.523088E+0
-1.520148E+0
-1.515738E+0
-1.508388E+0
-1.502508E+0
-1.496628E+0
-1.492218E+0
-1.492218E+0
-1.493688E+0
-1.496628E+0
-1.502508E+0
-1.506918E+0
-1.511328E+0
-1.514268E+0
-1.515738E+0
-1.517208E+0
-1.515738E+0
-1.514268E+0
-1.512798E+0
-1.512798E+0
-1.512798E+0
-1.514268E+0
-1.517208E+0
-1.518678E+0
-1.520148E+0
-1.520148E+0
-1.520148E+0
-1.517208E+0
-1.514268E+0
-1.511328E+0
-1.509858E+0
-1.509858E+0
-1.512798E+0
-1.518678E+0
-1.528968E+0
-1.542198E+0
-1.558368E+0
-1.576008E+0
-1.593648E+0
-1.609818E+0
-1.624518E+0
-1.636278E+0
-1.645098E+0
-1.652448E+0
-1.656858E+0
-1.659798E+0
-1.659798E+0
-1.658328E+0
-1.655388E+0
-1.649508E+0
-1.643628E+0
-1.633338E+0
-1.623048E+0
-1.611288E+0
-1.600998E+0
-1.590708E+0
-1.581888E+0
-1.574538E+0
-1.570128E+0
-1.568658E+0
-1.570128E+0
-1.574538E+0
-1.583358E+0
-1.593648E+0
-1.608348E+0
-1.624518E+0
-1.642158E+0
-1.659798E+0
-1.677438E+0
-1.690668E+0
-1.700958E+0
-1.706838E+0
-1.709778E+0
-1.706838E+0
-1.699488E+0
-1.689198E+0
-1.677438E+0
-1.662738E+0
-1.648038E+0
-1.634808E+0
-1.624518E+0
-1.617168E+0
-1.612758E+0
-1.612758E+0
-1.615698E+0
-1.621578E+0
-1.627458E+0
-1.634808E+0
-1.642158E+0
-1.648038E+0
-1.653918E+0
-1.656858E+0
-1.659798E+0
-1.662738E+0
-1.665678E+0
-1.668618E+0
-1.671558E+0
-1.674498E+0
-1.677438E+0
-1.680378E+0
-1.684788E+0
-1.689198E+0
-1.695078E+0
-1.700958E+0
-1.708308E+0
-1.715658E+0
-1.723008E+0
-1.728888E+0
-1.731828E+0
-1.734768E+0
-1.737708E+0
-1.737708E+0
-1.737708E+0
-1.737708E+0
-1.737708E+0
-1.737708E+0
-1.736238E+0
-1.736238E+0
-1.736238E+0
-1.737708E+0
-1.739178E+0
-1.742118E+0
-1.745058E+0
-1.750938E+0
-1.756818E+0
-1.764168E+0
-1.771518E+0
-1.777398E+0
-1.783278E+0
-1.786218E+0
-1.787688E+0
-1.789158E+0
-1.789158E+0
-1.789158E+0
-1.790628E+0
-1.793568E+0
-1.797978E+0
-1.806798E+0
-1.818558E+0
-1.833258E+0
-1.847958E+0
-1.862658E+0
-1.877358E+0
-1.887648E+0
-1.896468E+0
-1.900878E+0
-1.902348E+0
-1.900878E+0
-1.896468E+0
-1.892058E+0
-1.886178E+0
-1.878828E+0
-1.872948E+0
-1.865598E+0
-1.859718E+0
-1.852368E+0
-1.845018E+0
-1.837668E+0
-1.830318E+0
-1.822968E+0
-1.817088E+0
-1.811208E+0
-1.805328E+0
-1.802388E+0
-1.799448E+0
-1.800918E+0
-1.803858E+0
-1.811208E+0
-1.821498E+0
-1.836198E+0
-1.853838E+0
-1.871478E+0
-1.892058E+0
-1.911168E+0
-1.928808E+0
-1.944978E+0
-1.956738E+0
-1.965558E+0
-1.969968E+0
-1.971438E+0
-1.968498E+0
-1.964088E+0
-1.956738E+0
-1.950858E+0
-1.944978E+0
-1.940568E+0
-1.937628E+0
-1.939098E+0
-1.943508E+0
-1.949388E+0
-1.958208E+0
-1.968498E+0
-1.978788E+0
-1.986138E+0
-1.990548E+0
-1.992018E+0
-1.990548E+0
-1.986138E+0
-1.978788E+0
-1.972908E+0
-1.967028E+0
-1.965558E+0
-1.967028E+0
-1.972908E+0
-1.983198E+0
-1.996428E+0
-2.012598E+0
-2.027298E+0
-2.039058E+0
-2.049348E+0
-2.053758E+0
-2.055228E+0
-2.049348E+0
-2.041998E+0
-2.030238E+0
-2.017008E+0
-2.003778E+0
-1.993488E+0
-1.986138E+0
-1.984668E+0
-1.987608E+0
-1.996428E+0
-2.009658E+0
-2.025828E+0
-2.043468E+0
-2.061108E+0
-2.075808E+0
-2.086098E+0
-2.093448E+0
-2.094918E+0
-2.093448E+0
-2.089038E+0
-2.083158E+0
-2.075808E+0
-2.066988E+0
-2.058168E+0
-2.047878E+0
-2.036118E+0
-2.025828E+0
-2.014068E+0
-2.002308E+0
-1.993488E+0
-1.986138E+0
-1.983198E+0
-1.984668E+0
-1.989078E+0
-1.997898E+0
-2.009658E+0
-2.022888E+0
-2.037588E+0
-2.050818E+0
-2.062578E+0
-2.072868E+0
-2.080218E+0
-2.086098E+0
-2.089038E+0
-2.091978E+0
-2.093448E+0
-2.097858E+0
-2.103738E+0
-2.111088E+0
-2.121378E+0
-2.133138E+0
-2.146368E+0
-2.159598E+0
-2.171358E+0
-2.181648E+0
-2.190468E+0
-2.197818E+0
-2.202228E+0
-2.205168E+0
-2.205168E+0
-2.205168E+0
-2.203698E+0
-2.200758E+0
-2.196348E+0
-2.191938E+0
-2.186058E+0
-2.180178E+0
-2.174298E+0
-2.166948E+0
-2.158128E+0
-2.149308E+0
-2.140488E+0
-2.130198E+0
-2.121378E+0
-2.111088E+0
-2.103738E+0
-2.099328E+0
-2.094918E+0
-2.096388E+0
-2.099328E+0
-2.106678E+0
-2.115498E+0
-2.127258E+0
-2.137548E+0
-2.149308E+0
-2.159598E+0
-2.166948E+0
-2.171358E+0
-2.175768E+0
-2.175768E+0
-2.175768E+0
-2.175768E+0
-2.172828E+0
-2.171358E+0
-2.168418E+0
-2.165478E+0
-2.164008E+0
-2.162538E+0
-2.162538E+0
-2.164008E+0
-2.165478E+0
-2.169888E+0
-2.175768E+0
-2.181648E+0
-2.187528E+0
-2.194878E+0
-2.200758E+0
-2.208108E+0
-2.213988E+0
-2.219868E+0
-2.224278E+0
-2.230158E+0
-2.236038E+0
-2.243388E+0
-2.252208E+0
-2.261028E+0
-2.269848E+0
-2.280138E+0
-2.288958E+0
-2.296308E+0
-2.302188E+0
-2.305128E+0
-2.306598E+0
-2.306598E+0
-2.305128E+0
-2.302188E+0
-2.297778E+0
-2.291898E+0
-2.287488E+0
-2.281608E+0
-2.275728E+0
-2.268378E+0
-2.261028E+0
-2.252208E+0
-2.244858E+0
-2.236038E+0
-2.230158E+0
-2.224278E+0
-2.222808E+0
-2.222808E+0
-2.224278E+0
-2.228688E+0
-2.233098E+0
-2.236038E+0
-2.238978E+0
-2.237508E+0
-2.236038E+0
-2.231628E+0
-2.228688E+0
-2.227218E+0
-2.230158E+0
-2.237508E+0
-2.247798E+0
-2.262498E+0
-2.278668E+0
-2.296308E+0
-2.312478E+0
-2.325708E+0
-2.334528E+0
-2.340408E+0
-2.343348E+0
-2.343348E+0
-2.340408E+0
-2.338938E+0
-2.334528E+0
-2.331588E+0
-2.328648E+0
-2.327178E+0
-2.324238E+0
-2.324238E+0
-2.325708E+0
-2.328648E+0
-2.334528E+0
-2.340408E+0
-2.346288E+0
-2.352168E+0
-2.358048E+0
-2.363928E+0
-2.369808E+0
-2.374218E+0
-2.380098E+0
-2.385978E+0
-2.393328E+0
-2.399208E+0
-2.406558E+0
-2.412438E+0
-2.419788E+0
-2.425668E+0
-2.430078E+0
-2.435958E+0
-2.443308E+0
-2.447718E+0
-2.453598E+0
-2.458008E+0
-2.460948E+0
-2.463888E+0
-2.463888E+0
-2.462418E+0
-2.460948E+0
-2.458008E+0
-2.455068E+0
-2.452128E+0
-2.450658E+0
-2.449188E+0
-2.447718E+0
-2.447718E+0
-2.449188E+0
-2.452128E+0
-2.455068E+0
-2.458008E+0
-2.460948E+0
-2.463888E+0
-2.465358E+0
-2.463888E+0
-2.462418E+0
-2.458008E+0
-2.450658E+0
-2.443308E+0
-2.434488E+0
-2.427138E+0
-2.419788E+0
-2.415378E+0
-2.412438E+0
-2.412438E+0
-2.415378E+0
-2.422728E+0
-2.431548E+0
-2.443308E+0
-2.453598E+0
-2.465358E+0
-2.474178E+0
-2.480058E+0
-2.484468E+0
-2.488878E+0
-2.491818E+0
-2.497698E+0
-2.506518E+0
-2.516808E+0
-2.528568E+0
-2.540328E+0
-2.552088E+0
-2.559438E+0
-2.565318E+0
-2.566788E+0
-2.566788E+0
-2.568258E+0
-2.569728E+0
-2.572668E+0
-2.580018E+0
-2.587368E+0
-2.596188E+0
-2.603538E+0
-2.610888E+0
-2.616768E+0
-2.621178E+0
-2.624118E+0
-2.627058E+0
-2.629998E+0
-2.634408E+0
-2.640288E+0
-2.647638E+0
-2.656458E+0
-2.663808E+0
-2.671158E+0
-2.675568E+0
-2.677038E+0
-2.675568E+0
-2.671158E+0
-2.665278E+0
-2.657928E+0
-2.650578E+0
-2.643228E+0
-2.635878E+0
-2.629998E+0
-2.625588E+0
-2.621178E+0
-2.615298E+0
-2.610888E+0
-2.603538E+0
-2.594718E+0
-2.585898E+0
-2.577078E+0
-2.568258E+0
-2.560908E+0
-2.556498E+0
-2.555028E+0
-2.557968E+0
-2.565318E+0
-2.574138E+0
-2.584428E+0
-2.596188E+0
-2.605008E+0
-2.613828E+0
-2.621178E+0
-2.625588E+0
-2.627058E+0
-2.628528E+0
-2.627058E+0
-2.625588E+0
-2.621178E+0
-2.613828E+0
-2.605008E+0
-2.594718E+0
-2.584428E+0
-2.574138E+0
-2.566788E+0
-2.562378E+0
-2.565318E+0
-2.574138E+0
-2.590308E+0
-2.610888E+0
-2.635878E+0
-2.660868E+0
-2.685858E+0
-2.706438E+0
-2.724078E+0
-2.734368E+0
-2.738778E+0
-2.738778E+0
-2.734368E+0
-2.728488E+0
-2.724078E+0
-2.719668E+0
-2.716728E+0
-2.716728E+0
-2.715258E+0
-2.712318E+0
-2.704968E+0
-2.693208E+0
-2.674098E+0
-2.646168E+0
-2.606478E+0
-2.557968E+0
-2.496228E+0
-2.424198E+0
-2.346288E+0
-2.255148E+0
-2.150778E+0
-2.041998E+0
-1.939098E+0
-1.849428E+0
-1.772988E+0
-1.714188E+0
-1.674498E+0
-1.649508E+0
-1.642158E+0
-1.662738E+0
-1.728888E+0
-1.842078E+0
-1.997898E+0
-2.197818E+0
-2.452128E+0
-2.756418E+0
-3.093048E+0
-3.445848E+0
-3.808938E+0
-4.183788E+0
-4.577748E+0
-5.002578E+0
-5.467098E+0
-5.978658E+0
-6.550488E+0
-7.192878E+0
-7.923468E+0
-8.771658E+0
-9.791838E+0
-1.106045E+1
-1.276271E+1
-1.548368E+1
-2.088005E+1
-2.088005E+1
-1.636421E+1
-1.448555E+1
-1.364324E+1
-1.342274E+1
-1.389020E+1
-1.636421E+1
-2.088005E+1
-2.088005E+1
-2.088005E+1
-2.088005E+1
-2.088005E+1
-2.088005E+1
-2.088005E+1
-2.088005E+1
-2.088005E+1
-2.088005E+1
-2.088005E+1
-2.088005E+1
-2.088005E+1
-2.088005E+1
-2.088005E+1
-2.088005E+1
-2.088005E+1
-2.088005E+1
-2.088005E+1
-2.088005E+1
-2.088005E+1
-2.088005E+1
-1.514852E+1
-1.286855E+1
-1.217765E+1
-1.202477E+1
-1.213796E+1
-1.242902E+1
-1.276271E+1
-1.292441E+1
-1.286855E+1
-1.242902E+1
-1.188218E+1
-1.136327E+1
-1.096784E+1
-1.069148E+1
-1.051949E+1
-1.046510E+1
-1.050185E+1
-1.063268E+1
-1.083554E+1
-1.108397E+1
-1.139120E+1
-1.174841E+1
-1.217765E+1
-1.271273E+1
-1.322135E+1
-1.389020E+1
-1.448555E+1
-1.485893E+1
-1.499858E+1
-1.485893E+1
-1.460315E+1
-1.448555E+1
-1.448555E+1
-1.485893E+1
-1.567331E+1
-1.786949E+1
-2.088005E+1
-2.088005E+1
-2.088005E+1
-2.088005E+1
-2.088005E+1
-2.088005E+1
-2.088005E+1
-1.472663E+1
-1.303907E+1
-1.202477E+1
-1.131035E+1
-1.075322E+1
-1.032692E+1
-9.969708E+0
-9.688938E+0
-9.462558E+0
-9.268518E+0
-9.118578E+0
-9.014208E+0
-8.959818E+0
-8.950998E+0
-8.996568E+0
-9.108288E+0
-9.289098E+0
-9.555168E+0
-9.885918E+0
-1.032692E+1
-1.087964E+1
-1.162346E+1
-1.266275E+1
-1.460315E+1
-2.088005E+1
-2.088005E+1
-2.088005E+1
-2.088005E+1
-2.088005E+1
-2.088005E+1
-2.088005E+1
-2.088005E+1
-2.088005E+1
-2.088005E+1
-2.088005E+1
-2.088005E+1
-2.088005E+1
-2.088005E+1
-2.088005E+1
-2.088005E+1
-2.088005E+1
-2.088005E+1
-2.088005E+1
-2.088005E+1
-2.088005E+1
-2.088005E+1
-1.234082E+1
-1.092374E+1
-1.022696E+1
-9.831528E+0
-9.663948E+0
-9.663948E+0
-9.805068E+0
-1.013288E+1
-1.067237E+1
-1.159259E+1
-1.342274E+1
-2.088005E+1
-2.088005E+1
-2.088005E+1
-2.088005E+1
-2.088005E+1
-2.088005E+1
-2.088005E+1
-2.088005E+1
-2.088005E+1
-2.088005E+1
-2.088005E+1
-2.088005E+1
-2.088005E+1
-2.088005E+1
-2.088005E+1
-1.698896E+1
-1.349330E+1
-1.225850E+1
-1.150439E+1
-1.103693E+1
-1.073264E+1
-1.053860E+1
-1.041218E+1
-1.037690E+1
-1.039454E+1
-1.050185E+1
-1.065326E+1
-1.083554E+1
-1.103693E+1
-1.125743E+1
-1.144706E+1
-1.153379E+1
-1.150439E+1
-1.133681E+1
-1.108397E+1
-1.083554E+1
-1.059446E+1
-1.041218E+1
-1.030928E+1
-1.029311E+1
-1.032692E+1
-1.041218E+1
-1.053860E+1
-1.065326E+1
-1.077380E+1
-1.087964E+1
-1.098989E+1
-1.115747E+1
-1.141913E+1
-1.184837E+1
-1.247312E+1
-1.349330E+1
-1.548368E+1
-2.088005E+1
-2.088005E+1
-2.088005E+1
-2.088005E+1
-2.088005E+1
-2.088005E+1
-1.698896E+1
-1.548368E+1
-1.514852E+1
-1.567331E+1
-1.937477E+1
-2.088005E+1
-2.088005E+1
-2.088005E+1
-2.088005E+1
-2.088005E+1
-2.088005E+1
-2.088005E+1
-2.088005E+1
-2.088005E+1
-2.088005E+1
-2.088005E+1
-2.088005E+1
-2.088005E+1
-2.088005E+1
-2.088005E+1
-2.088005E+1
-2.088005E+1
-2.088005E+1
-1.472663E+1
-1.309787E+1
-1.221734E+1
-1.162346E+1
-1.120745E+1
-1.092374E+1
-1.071206E+1
-1.063268E+1
-1.065326E+1
-1.079438E+1
-1.108397E+1
-1.156319E+1
-1.225850E+1
-1.349330E+1
-1.698896E+1
-2.088005E+1
-2.088005E+1
-2.088005E+1
-2.088005E+1
-2.088005E+1
-2.088005E+1
-2.088005E+1
-2.088005E+1
-2.088005E+1
-2.088005E+1
-2.088005E+1
-2.088005E+1
-2.088005E+1
-2.088005E+1
-2.088005E+1
-1.416803E+1
-1.225850E+1
-1.131035E+1
-1.073264E+1
-1.037690E+1
-1.014905E+1
-1.004321E+1
-9.999108E+0
-1.002851E+1
-1.011818E+1
-1.025930E+1
-1.044746E+1
-1.067237E+1
-1.092374E+1
-1.123244E+1
-1.159259E+1
-1.202477E+1
-1.261277E+1
-1.342274E+1
-1.485893E+1
-1.937477E+1
-2.088005E+1
-2.088005E+1
-2.088005E+1
-2.088005E+1
-2.088005E+1
-2.088005E+1
-2.088005E+1
-2.088005E+1
-2.088005E+1
-2.088005E+1
-2.088005E+1
-2.088005E+1
-2.088005E+1
-2.088005E+1
-2.088005E+1
-2.088005E+1
-2.088005E+1
-1.460315E+1
-1.225850E+1
-1.131035E+1
-1.083554E+1
-1.061357E+1
-1.057535E+1
-1.071206E+1
-1.096784E+1
-1.136327E+1
-1.184837E+1
-1.229966E+1
-1.261277E+1
-1.261277E+1
-1.238492E+1
-1.191746E+1
-1.139120E+1
-1.090169E+1
-1.046510E+1
-1.011818E+1
-9.831528E+0
-9.602208E+0
-9.450798E+0
-9.352308E+0
-9.309678E+0
-9.330258E+0
-9.428748E+0
-9.602208E+0
-9.899148E+0
-1.032692E+1
-1.098989E+1
-1.209974E+1
-1.460315E+1
-2.088005E+1
-2.088005E+1
-2.088005E+1
-2.088005E+1
-2.088005E+1
-2.088005E+1
-2.088005E+1
-2.088005E+1
-2.088005E+1
-2.088005E+1
-2.088005E+1
-2.088005E+1
-1.610843E+1
-1.472663E+1
-1.448555E+1
-1.499858E+1
-1.786949E+1
-2.088005E+1
-2.088005E+1
-2.088005E+1
-2.088005E+1
-2.088005E+1
-2.088005E+1
-2.088005E+1
-2.088005E+1
-2.088005E+1
-2.088005E+1
-2.088005E+1
-2.088005E+1
-2.088005E+1
-2.088005E+1
-2.088005E+1
-1.636421E+1
-1.636421E+1
-2.088005E+1
-2.088005E+1
-2.088005E+1
-2.088005E+1
-2.088005E+1
-2.088005E+1
-2.088005E+1
-2.088005E+1
-2.088005E+1
-2.088005E+1
-2.088005E+1
-2.088005E+1
-2.088005E+1
-2.088005E+1
-2.088005E+1
-2.088005E+1
-2.088005E+1
-2.088005E+1
-2.088005E+1
-2.088005E+1
-2.088005E+1
-2.088005E+1
-2.088005E+1
-2.088005E+1
-2.088005E+1
-1.548368E+1
-1.322135E+1
-1.206152E+1
-1.131035E+1
-1.075322E+1
-1.032692E+1
-9.999108E+0
-9.791838E+0
-9.702168E+0
-9.713928E+0
-9.844758E+0
-1.010201E+1
-1.050185E+1
-1.113248E+1
-1.209974E+1
-1.389020E+1
-2.088005E+1
-2.088005E+1
-2.088005E+1
-2.088005E+1
-2.088005E+1
-2.088005E+1
-2.088005E+1
-2.088005E+1
-2.088005E+1
-2.088005E+1
-2.088005E+1
-2.088005E+1
-1.364324E+1
-1.202477E+1
-1.118099E+1
-1.061357E+1
-1.022696E+1
-9.969708E+0
-9.791838E+0
-9.702168E+0
-9.652188E+0
-9.652188E+0
-9.702168E+0
-9.778608E+0
-9.899148E+0
-1.007261E+1
-1.025930E+1
-1.051949E+1
-1.083554E+1
-1.120745E+1
-1.165433E+1
-1.209974E+1
-1.256573E+1
-1.303907E+1
-1.328750E+1
-1.328750E+1
-1.298027E+1
-1.266275E+1
-1.234082E+1
-1.209974E+1
-1.195274E+1
-1.195274E+1
-1.213796E+1
-1.251869E+1
-1.315961E+1
-1.416803E+1
-1.587911E+1
-1.937477E+1
-2.088005E+1
-2.088005E+1
-1.698896E+1
-1.499858E+1
-1.397840E+1
-1.356680E+1
-1.356680E+1
-1.448555E+1
-2.088005E+1
-2.088005E+1
-2.088005E+1
-2.088005E+1
-2.088005E+1
-2.088005E+1
-2.088005E+1
-2.088005E+1
-2.088005E+1
-2.088005E+1
-2.088005E+1
-2.088005E+1
-2.088005E+1
-2.088005E+1
-2.088005E+1
-2.088005E+1
-1.738439E+1
-1.485893E+1
-1.437383E+1
-1.460315E+1
-1.531022E+1
-1.665380E+1
-2.088005E+1
-2.088005E+1
-2.088005E+1
-2.088005E+1
-2.088005E+1
-1.786949E+1
-1.567331E+1
-1.472663E+1
-1.416803E+1
-1.372262E+1
-1.342274E+1
-1.309787E+1
-1.276271E+1
-1.238492E+1
-1.198802E+1
-1.168520E+1
-1.147499E+1
-1.139120E+1
-1.144706E+1
-1.171607E+1
-1.229966E+1
-1.342274E+1
-1.665380E+1
-2.088005E+1
-2.088005E+1
-2.088005E+1
-2.088005E+1
-2.088005E+1
-2.088005E+1
-2.088005E+1
-1.356680E+1
-1.191746E+1
-1.098989E+1
-1.039454E+1
-1.001381E+1
-9.778608E+0
-9.663948E+0
-9.638958E+0
-9.702168E+0
-9.831528E+0
-1.002851E+1
-1.027694E+1
-1.057535E+1
-1.090169E+1
-1.125743E+1
-1.165433E+1
-1.213796E+1
-1.271273E+1
-1.356680E+1
-1.531022E+1
-2.088005E+1
-2.088005E+1
-2.088005E+1
-2.088005E+1
-2.088005E+1
-2.088005E+1
-2.088005E+1
-2.088005E+1
-2.088005E+1
-2.088005E+1
-2.088005E+1
-2.088005E+1
-2.088005E+1
-2.088005E+1
-2.088005E+1
-2.088005E+1
-2.088005E+1
-2.088005E+1
-2.088005E+1
-2.088005E+1
-2.088005E+1
-2.088005E+1
-2.088005E+1
-2.088005E+1
-2.088005E+1
-2.088005E+1
-2.088005E+1
-2.088005E+1
-2.088005E+1
-2.088005E+1
-2.088005E+1
-2.088005E+1
-2.088005E+1
-2.088005E+1
-2.088005E+1
-2.088005E+1
-2.088005E+1
-2.088005E+1
-2.088005E+1
-2.088005E+1
-2.088005E+1
-2.088005E+1
-2.088005E+1
-2.088005E+1
-2.088005E+1
-2.088005E+1
-2.088005E+1
-2.088005E+1
-2.088005E+1
-2.088005E+1
-2.088005E+1
-2.088005E+1
-2.088005E+1
-2.088005E+1
-2.088005E+1
-2.088005E+1
-2.088005E+1
-2.088005E+1
-2.088005E+1
-2.088005E+1
-2.088005E+1
-2.088005E+1
-2.088005E+1
-2.088005E+1
-2.088005E+1
-2.088005E+1
-2.088005E+1
-2.088005E+1
-2.088005E+1
-2.088005E+1
-2.088005E+1
-2.088005E+1
-2.088005E+1
-2.088005E+1
-2.088005E+1
-1.364324E+1
-1.242902E+1
-1.188218E+1
-1.178222E+1
-1.195274E+1
-1.242902E+1
-1.335365E+1
-1.514852E+1
-2.088005E+1
-2.088005E+1
-2.088005E+1
-2.088005E+1
-2.088005E+1
-2.088005E+1
-2.088005E+1
-2.088005E+1
-2.088005E+1
-2.088005E+1
-2.088005E+1
-2.088005E+1
-2.088005E+1
-2.088005E+1
-2.088005E+1
-2.088005E+1
-2.088005E+1
-2.088005E+1
-2.088005E+1
-2.088005E+1
-2.088005E+1
-2.088005E+1
-2.088005E+1
-2.088005E+1
-2.088005E+1
-2.088005E+1
-2.088005E+1
-2.088005E+1
-2.088005E+1
-2.088005E+1
-2.088005E+1
-2.088005E+1
-2.088005E+1
-2.088005E+1
-2.088005E+1
-2.088005E+1
-2.088005E+1
-2.088005E+1
-2.088005E+1
-2.088005E+1
-2.088005E+1
-2.088005E+1
-2.088005E+1
-2.088005E+1
-1.738439E+1
-1.738439E+1
-2.088005E+1
-2.088005E+1
-2.088005E+1
-2.088005E+1
-2.088005E+1
-2.088005E+1
-2.088005E+1
-2.088005E+1
-2.088005E+1
-2.088005E+1
-2.088005E+1
-2.088005E+1
-2.088005E+1
-2.088005E+1
-2.088005E+1
-2.088005E+1
-2.088005E+1
-2.088005E+1
-2.088005E+1
-2.088005E+1
-2.088005E+1
-2.088005E+1
-2.088005E+1
-2.088005E+1
-2.088005E+1
-2.088005E+1
-2.088005E+1
-2.088005E+1
-2.088005E+1
-2.088005E+1
-2.088005E+1
-2.088005E+1
-1.587911E+1
-1.514852E+1
-1.472663E+1
-1.448555E+1
-1.389020E+1
-1.328750E+1
-1.261277E+1
-1.206152E+1
-1.165433E+1
-1.141913E+1
-1.141913E+1
-1.168520E+1
-1.238492E+1
-1.426799E+1
-2.088005E+1
-2.088005E+1
-2.088005E+1
-2.088005E+1
-2.088005E+1
-2.088005E+1
-2.088005E+1
-2.088005E+1
-2.088005E+1
-2.088005E+1
-1.349330E+1
-1.133681E+1
-1.029311E+1
-9.652188E+0
-9.237648E+0
-8.996568E+0
-8.862798E+0
-8.846628E+0
-8.915718E+0
-9.050958E+0
-9.227358E+0
-9.428748E+0
-9.615438E+0
-9.752148E+0
-9.831528E+0
-9.844758E+0
-9.844758E+0
-9.831528E+0
-9.857988E+0
-9.955008E+0
-1.014905E+1
-1.041218E+1
-1.079438E+1
-1.128389E+1
-1.198802E+1
-1.298027E+1
-1.460315E+1
-2.088005E+1
-2.088005E+1
-2.088005E+1
-2.088005E+1
-2.088005E+1
-2.088005E+1
-2.088005E+1
-2.088005E+1
-2.088005E+1
-2.088005E+1
-2.088005E+1
-2.088005E+1
-2.088005E+1
-2.088005E+1
-2.088005E+1
-2.088005E+1
-2.088005E+1
-2.088005E+1
-2.088005E+1
-2.088005E+1
-2.088005E+1
-2.088005E+1
-2.088005E+1
-2.088005E+1
-1.548368E+1
-1.335365E+1
-1.234082E+1
-1.178222E+1
-1.147499E+1
-1.139120E+1
-1.153379E+1
-1.188218E+1
-1.251869E+1
-1.356680E+1
-1.610843E+1
-2.088005E+1
-2.088005E+1
-2.088005E+1
-2.088005E+1
-2.088005E+1
-2.088005E+1
-2.088005E+1
-2.088005E+1
-2.088005E+1
-2.088005E+1
-2.088005E+1
-2.088005E+1
-2.088005E+1
-2.088005E+1
-2.088005E+1
-2.088005E+1
-2.088005E+1
-2.088005E+1
-2.088005E+1
-2.088005E+1
-2.088005E+1
-2.088005E+1
-2.088005E+1
-2.088005E+1
-2.088005E+1
-2.088005E+1
-1.548368E+1
-1.286855E+1
-1.181456E+1
-1.120745E+1
-1.087964E+1
-1.075322E+1
-1.075322E+1
-1.090169E+1
-1.113248E+1
-1.147499E+1
-1.188218E+1
-1.221734E+1
-1.242902E+1
-1.247312E+1
-1.225850E+1
-1.191746E+1
-1.156319E+1
-1.128389E+1
-1.106045E+1
-1.092374E+1
-1.083554E+1
-1.079438E+1
-1.071206E+1
-1.059446E+1
-1.039454E+1
-1.011818E+1
-9.818298E+0
-9.555168E+0
-9.342018E+0
-9.206778E+0
-9.127398E+0
-9.127398E+0
-9.177378E+0
-9.268518E+0
-9.362598E+0
-9.418458E+0
-9.440508E+0
-9.406698E+0
-9.342018E+0
-9.268518E+0
-9.196488E+0
-9.156798E+0
-9.156798E+0
-9.196488E+0
-9.278808E+0
-9.406698E+0
-9.602208E+0
-9.885918E+0
-1.030928E+1
-1.096784E+1
-1.217765E+1
-1.636421E+1
-2.088005E+1
-2.088005E+1
-2.088005E+1
-2.088005E+1
-2.088005E+1
-2.088005E+1
-2.088005E+1
-2.088005E+1
-2.088005E+1
-2.088005E+1
-2.088005E+1
-2.088005E+1
-2.088005E+1
-2.088005E+1
-2.088005E+1
-2.088005E+1
-2.088005E+1
-2.088005E+1
-2.088005E+1
-2.088005E+1
-2.088005E+1
-2.088005E+1
-2.088005E+1
-2.088005E+1
-2.088005E+1
-2.088005E+1
-2.088005E+1
-2.088005E+1
-2.088005E+1
-2.088005E+1
-2.088005E+1
-2.088005E+1
-2.088005E+1
-2.088005E+1
-1.610843E+1
-1.548368E+1
-1.636421E+1
-2.088005E+1
-2.088005E+1
-2.088005E+1
-2.088005E+1
-2.088005E+1
-2.088005E+1
-2.088005E+1
-2.088005E+1
-2.088005E+1
-1.786949E+1
-1.437383E+1
-1.315961E+1
-1.251869E+1
-1.217765E+1
-1.198802E+1
-1.188218E+1
-1.188218E+1
-1.198802E+1
-1.217765E+1
-1.251869E+1
-1.303907E+1
-1.389020E+1
-1.531022E+1
-1.937477E+1
-2.088005E+1
-2.088005E+1
-2.088005E+1
-2.088005E+1
-2.088005E+1
-2.088005E+1
-1.937477E+1
-1.937477E+1
-2.088005E+1
-2.088005E+1
-2.088005E+1
-2.088005E+1
-2.088005E+1
-2.088005E+1
-2.088005E+1
-2.088005E+1
-1.416803E+1
-1.225850E+1
-1.120745E+1
-1.053860E+1
-1.010201E+1
-9.872688E+0
-9.818298E+0
-9.913848E+0
-1.014905E+1
-1.053860E+1
-1.110749E+1
-1.188218E+1
-1.303907E+1
-1.499858E+1
-2.088005E+1
-2.088005E+1
-2.088005E+1
-2.088005E+1
-2.088005E+1
-2.088005E+1
-2.088005E+1
-2.088005E+1
-2.088005E+1
-2.088005E+1
-2.088005E+1
-2.088005E+1
-2.088005E+1
-2.088005E+1
-1.416803E+1
-1.286855E+1
-1.234082E+1
-1.221734E+1
-1.238492E+1
-1.286855E+1
-1.407101E+1
-1.849424E+1
-2.088005E+1
-2.088005E+1
-2.088005E+1
-2.088005E+1
-2.088005E+1
-2.088005E+1
-2.088005E+1
-2.088005E+1
-2.088005E+1
-1.610843E+1
-1.328750E+1
-1.221734E+1
-1.165433E+1
-1.133681E+1
-1.123244E+1
-1.131035E+1
-1.156319E+1
-1.195274E+1
-1.247312E+1
-1.322135E+1
-1.437383E+1
-1.698896E+1
-2.088005E+1
-2.088005E+1
-2.088005E+1
-2.088005E+1
-2.088005E+1
-2.088005E+1
-2.088005E+1
-2.088005E+1
-2.088005E+1
-1.738439E+1
-1.472663E+1
-1.356680E+1
-1.292441E+1
-1.247312E+1
-1.217765E+1
-1.209974E+1
-1.217765E+1
-1.251869E+1
-1.335365E+1
-1.531022E+1
-2.088005E+1
-2.088005E+1
-2.088005E+1
-2.088005E+1
-2.088005E+1
-2.088005E+1
-2.088005E+1
-2.088005E+1
-2.088005E+1
-2.088005E+1
-2.088005E+1
-2.088005E+1
-2.088005E+1
-2.088005E+1
-2.088005E+1
-2.088005E+1
-2.088005E+1
-2.088005E+1
-2.088005E+1
-2.088005E+1
-2.088005E+1
-2.088005E+1
-2.088005E+1
-2.088005E+1
-2.088005E+1
-2.088005E+1
-2.088005E+1
-2.088005E+1
-2.088005E+1
-2.088005E+1
-2.088005E+1
-1.610843E+1
-1.328750E+1
-1.234082E+1
-1.191746E+1
-1.171607E+1
-1.168520E+1
-1.174841E+1
-1.188218E+1
-1.206152E+1
-1.217765E+1
-1.225850E+1
-1.221734E+1
-1.209974E+1
-1.184837E+1
-1.153379E+1
-1.115747E+1
-1.081496E+1
-1.053860E+1
-1.032692E+1
-1.017992E+1
-1.013288E+1
-1.017992E+1
-1.034309E+1
-1.061357E+1
-1.101341E+1
-1.153379E+1
-1.225850E+1
-1.309787E+1
-1.407101E+1
-1.485893E+1
-1.514852E+1
-1.460315E+1
-1.380494E+1
-1.309787E+1
-1.256573E+1
-1.221734E+1
-1.206152E+1
-1.209974E+1
-1.229966E+1
-1.271273E+1
-1.335365E+1
-1.407101E+1
-1.472663E+1
-1.448555E+1
-1.372262E+1
-1.271273E+1
-1.184837E+1
-1.113248E+1
-1.055624E+1
-1.014905E+1
-9.857988E+0
-9.663948E+0
-9.543408E+0
-9.484608E+0
-9.484608E+0
-9.531648E+0
-9.638958E+0
-9.791838E+0
-1.001381E+1
-1.030928E+1
-1.071206E+1
-1.128389E+1
-1.206152E+1
-1.328750E+1
-1.548368E+1
-2.088005E+1
-2.088005E+1
-2.088005E+1
-2.088005E+1
-2.088005E+1
-2.088005E+1
-1.698896E+1
-1.416803E+1
-1.292441E+1
-1.221734E+1
-1.181456E+1
-1.159259E+1
-1.150439E+1
-1.150439E+1
-1.156319E+1
-1.159259E+1
-1.156319E+1
-1.144706E+1
-1.123244E+1
-1.101341E+1
-1.081496E+1
-1.069148E+1
-1.063268E+1
-1.069148E+1
-1.085759E+1
-1.118099E+1
-1.165433E+1
-1.225850E+1
-1.298027E+1
-1.380494E+1
-1.460315E+1
-1.499858E+1
-1.485893E+1
-1.472663E+1
-1.485893E+1
-1.567331E+1
-2.088005E+1
-2.088005E+1
-2.088005E+1
-2.088005E+1
-2.088005E+1
-2.088005E+1
-2.088005E+1
-2.088005E+1
-2.088005E+1
-2.088005E+1
-2.088005E+1
-2.088005E+1
-2.088005E+1
-2.088005E+1
-2.088005E+1
-2.088005E+1
-2.088005E+1
-2.088005E+1
-2.088005E+1
-2.088005E+1
-2.088005E+1
-2.088005E+1
-2.088005E+1
-2.088005E+1
-2.088005E+1
-2.088005E+1
-2.088005E+1
-2.088005E+1
-2.088005E+1
-2.088005E+1
-2.088005E+1
-2.088005E+1
-2.088005E+1
-1.499858E+1
-1.234082E+1
-1.110749E+1
-1.027694E+1
-9.702168E+0
-9.278808E+0
-8.977458E+0
-8.771658E+0
-8.643768E+0
-8.574678E+0
-8.537928E+0
-8.530578E+0
-8.530578E+0
-8.545278E+0
-8.552628E+0
-8.567328E+0
-8.574678E+0
-8.596728E+0
-8.620248E+0
-8.674638E+0
-8.754018E+0
-8.871618E+0
-9.042138E+0
-9.289098E+0
-9.627198E+0
-1.008731E+1
-1.071206E+1
-1.156319E+1
-1.281563E+1
-1.531022E+1
-2.088005E+1
-2.088005E+1
-2.088005E+1
-2.088005E+1
-2.088005E+1
-2.088005E+1
-2.088005E+1
-2.088005E+1
-1.567331E+1
-1.271273E+1
-1.131035E+1
-1.037690E+1
-9.688938E+0
-9.177378E+0
-8.803998E+0
-8.530578E+0
-8.333598E+0
-8.214528E+0
-8.146908E+0
-8.127798E+0
-8.146908E+0
-8.202768E+0
-8.299788E+0
-8.443848E+0
-8.634948E+0
-8.880438E+0
-9.186198E+0
-9.555168E+0
-9.984408E+0
-1.046510E+1
-1.098989E+1
-1.156319E+1
-1.209974E+1
-1.261277E+1
-1.298027E+1
-1.315961E+1
-1.328750E+1
-1.328750E+1
-1.328750E+1
-1.335365E+1
-1.335365E+1
-1.356680E+1
-1.397840E+1
-1.485893E+1
-1.665380E+1
-2.088005E+1
-2.088005E+1
-2.088005E+1
-2.088005E+1
-2.088005E+1
-2.088005E+1
-2.088005E+1
-2.088005E+1
-2.088005E+1
-2.088005E+1
-2.088005E+1
-2.088005E+1
-2.088005E+1
-2.088005E+1
-2.088005E+1
-2.088005E+1
-2.088005E+1
-2.088005E+1
-2.088005E+1
-2.088005E+1
-2.088005E+1
-2.088005E+1
-2.088005E+1
-2.088005E+1
-2.088005E+1
-2.088005E+1
-2.088005E+1
-2.088005E+1
-1.437383E+1
-1.271273E+1
-1.171607E+1
-1.106045E+1
-1.059446E+1
-1.027694E+1
-1.007261E+1
-9.941778E+0
-9.913848E+0
-9.955008E+0
-1.007261E+1
-1.025930E+1
-1.053860E+1
-1.090169E+1
-1.139120E+1
-1.206152E+1
-1.298027E+1
-1.460315E+1
-2.088005E+1
-2.088005E+1
-2.088005E+1
-2.088005E+1
-2.088005E+1
-2.088005E+1
-2.088005E+1
-2.088005E+1
-2.088005E+1
-2.088005E+1
-2.088005E+1
-2.088005E+1
-2.088005E+1
-1.698896E+1
-1.548368E+1
-1.514852E+1
-1.567331E+1
-1.698896E+1
-2.088005E+1
-2.088005E+1
-2.088005E+1
-1.738439E+1
-1.499858E+1
-1.364324E+1
-1.292441E+1
-1.251869E+1
-1.247312E+1
-1.292441E+1
-1.407101E+1
-2.088005E+1
-2.088005E+1
-2.088005E+1
-2.088005E+1
-2.088005E+1
-2.088005E+1
-2.088005E+1
-2.088005E+1
-2.088005E+1
-2.088005E+1
-1.349330E+1
-1.209974E+1
-1.136327E+1
-1.094579E+1
-1.071206E+1
-1.059446E+1
-1.053860E+1
-1.051949E+1
-1.050185E+1
-1.048274E+1
-1.044746E+1
-1.044746E+1
-1.044746E+1
-1.050185E+1
-1.063268E+1
-1.083554E+1
-1.113248E+1
-1.150439E+1
-1.191746E+1
-1.238492E+1
-1.298027E+1
-1.356680E+1
-1.416803E+1
-1.460315E+1
-1.472663E+1
-1.448555E+1
-1.397840E+1
-1.335365E+1
-1.276271E+1
-1.225850E+1
-1.195274E+1
-1.181456E+1
-1.181456E+1
-1.202477E+1
-1.247312E+1
-1.328750E+1
-1.460315E+1
-1.738439E+1
-2.088005E+1
-2.088005E+1
-2.088005E+1
-2.088005E+1
-1.786949E+1
-1.514852E+1
-1.372262E+1
-1.281563E+1
-1.202477E+1
-1.141913E+1
-1.090169E+1
-1.046510E+1
-1.010201E+1
-9.805068E+0
-9.590448E+0
-9.418458E+0
-9.289098E+0
-9.196488E+0
-9.118578E+0
-9.061248E+0
-9.023028E+0
-9.023028E+0
-9.061248E+0
-9.167088E+0
-9.352308E+0
-9.663948E+0
-1.013288E+1
-1.083554E+1
-1.198802E+1
-1.460315E+1
-2.088005E+1
-2.088005E+1
-2.088005E+1
-2.088005E+1
-2.088005E+1
-2.088005E+1
-2.088005E+1
-2.088005E+1
-2.088005E+1
-2.088005E+1
-2.088005E+1
-2.088005E+1
-2.088005E+1
-2.088005E+1
-2.088005E+1
-2.088005E+1
-2.088005E+1
-2.088005E+1
-2.088005E+1
-2.088005E+1
-2.088005E+1
-2.088005E+1
-2.088005E+1
-2.088005E+1
-2.088005E+1
-2.088005E+1
-2.088005E+1
-2.088005E+1
-2.088005E+1
-2.088005E+1
-2.088005E+1
-2.088005E+1
-2.088005E+1
-2.088005E+1
-2.088005E+1
-2.088005E+1
-2.088005E+1
-1.202477E+1
-1.055624E+1
-9.831528E+0
-9.396408E+0
-9.118578E+0
-8.950998E+0
-8.862798E+0
-8.828988E+0
-8.821638E+0
-8.837808E+0
-8.871618E+0
-8.924538E+0
-8.996568E+0
-9.089178E+0
-9.206778E+0
-9.362598E+0
-9.578688E+0
-9.857988E+0
-1.025930E+1
-1.085759E+1
-1.181456E+1
-1.380494E+1
-2.088005E+1
-2.088005E+1
-2.088005E+1
-2.088005E+1
-2.088005E+1
-2.088005E+1
-2.088005E+1
-2.088005E+1
-2.088005E+1
-2.088005E+1
-2.088005E+1
-1.665380E+1
-1.349330E+1
-1.229966E+1
-1.156319E+1
-1.098989E+1
-1.053860E+1
-1.019609E+1
-9.941778E+0
-9.791838E+0
-9.752148E+0
-9.844758E+0
-1.004321E+1
-1.037690E+1
-1.083554E+1
-1.139120E+1
-1.202477E+1
-1.256573E+1
-1.286855E+1
-1.281563E+1
-1.251869E+1
-1.217765E+1
-1.195274E+1
-1.191746E+1
-1.206152E+1
-1.247312E+1
-1.328750E+1
-1.499858E+1
-2.088005E+1
-2.088005E+1
-2.088005E+1
-2.088005E+1
-2.088005E+1
-2.088005E+1
-2.088005E+1
-2.088005E+1
-2.088005E+1
-2.088005E+1
-2.088005E+1
-2.088005E+1
-2.088005E+1
-1.499858E+1
-1.335365E+1
-1.242902E+1
-1.188218E+1
-1.159259E+1
-1.153379E+1
-1.165433E+1
-1.198802E+1
-1.242902E+1
-1.298027E+1
-1.342274E+1
-1.356680E+1
-1.342274E+1
-1.315961E+1
-1.298027E+1
-1.286855E+1
-1.303907E+1
-1.364324E+1
-1.514852E+1
-2.088005E+1
-2.088005E+1
-2.088005E+1
-2.088005E+1
-2.088005E+1
-2.088005E+1
-2.088005E+1
-2.088005E+1
-2.088005E+1
-2.088005E+1
-2.088005E+1
-2.088005E+1
-2.088005E+1
-2.088005E+1
-2.088005E+1
-2.088005E+1
-2.088005E+1
-2.088005E+1
-2.088005E+1
-2.088005E+1
-2.088005E+1
-2.088005E+1
-1.937477E+1
-1.407101E+1
-1.298027E+1
-1.271273E+1
-1.298027E+1
-1.407101E+1
-2.088005E+1
-2.088005E+1
-2.088005E+1
-2.088005E+1
-2.088005E+1
-2.088005E+1
-2.088005E+1
-2.088005E+1
-2.088005E+1
-2.088005E+1
-2.088005E+1
-2.088005E+1
-2.088005E+1
-2.088005E+1
-2.088005E+1
-2.088005E+1
-2.088005E+1
-2.088005E+1
-2.088005E+1
-2.088005E+1
-2.088005E+1
-2.088005E+1
-2.088005E+1
-1.499858E+1
-1.372262E+1
-1.309787E+1
-1.281563E+1
-1.281563E+1
-1.322135E+1
-1.407101E+1
-1.610843E+1
-2.088005E+1
-2.088005E+1
-2.088005E+1
-2.088005E+1
-2.088005E+1
-2.088005E+1
-2.088005E+1
-2.088005E+1
-2.088005E+1
-2.088005E+1
-2.088005E+1
-2.088005E+1
-2.088005E+1
-2.088005E+1
-2.088005E+1
-2.088005E+1
-2.088005E+1
-2.088005E+1
-2.088005E+1
-2.088005E+1
-2.088005E+1
-1.389020E+1
-1.217765E+1
-1.139120E+1
-1.094579E+1
-1.069148E+1
-1.055624E+1
-1.051949E+1
-1.055624E+1
-1.067237E+1
-1.085759E+1
-1.120745E+1
-1.178222E+1
-1.271273E+1
-1.472663E+1
-2.088005E+1
-2.088005E+1
-2.088005E+1
-2.088005E+1
-2.088005E+1
-2.088005E+1
-2.088005E+1
-2.088005E+1
-2.088005E+1
-2.088005E+1
-1.937477E+1
-1.665380E+1
-1.665380E+1
-1.849424E+1
-2.088005E+1
-2.088005E+1
-2.088005E+1
-2.088005E+1
-2.088005E+1
-2.088005E+1
-2.088005E+1
-2.088005E+1
-2.088005E+1
-1.937477E+1
-1.485893E+1
-1.356680E+1
-1.298027E+1
-1.271273E+1
-1.266275E+1
-1.286855E+1
-1.328750E+1
-1.407101E+1
-1.548368E+1
-2.088005E+1
-2.088005E+1
-2.088005E+1
-2.088005E+1
-2.088005E+1
-2.088005E+1
-2.088005E+1
-2.088005E+1
-2.088005E+1
-2.088005E+1
-2.088005E+1
-2.088005E+1
-2.088005E+1
-2.088005E+1
-2.088005E+1
-2.088005E+1
-1.636421E+1
-1.485893E+1
-1.460315E+1
-1.514852E+1
-1.698896E+1
-2.088005E+1
-2.088005E+1
-2.088005E+1
-2.088005E+1
-2.088005E+1
-2.088005E+1
-2.088005E+1
-2.088005E+1
-2.088005E+1
-2.088005E+1
-2.088005E+1
-2.088005E+1
-2.088005E+1
-2.088005E+1
-1.531022E+1
-1.416803E+1
-1.364324E+1
-1.322135E+1
-1.276271E+1
-1.221734E+1
-1.165433E+1
-1.108397E+1
-1.061357E+1
-1.024313E+1
-9.999108E+0
-9.941778E+0
-1.007261E+1
-1.048274E+1
-1.136327E+1
-1.356680E+1
-2.088005E+1
-2.088005E+1
-2.088005E+1
-2.088005E+1
-2.088005E+1
-2.088005E+1
-2.088005E+1
-2.088005E+1
-2.088005E+1
-2.088005E+1
-2.088005E+1
-2.088005E+1
-1.786949E+1
-1.389020E+1
-1.261277E+1
-1.171607E+1
-1.103693E+1
-1.048274E+1
-1.005791E+1
-9.752148E+0
-9.566928E+0
-9.519888E+0
-9.602208E+0
-9.857988E+0
-1.032692E+1
-1.110749E+1
-1.242902E+1
-1.587911E+1
-2.088005E+1
-2.088005E+1
-2.088005E+1
-2.088005E+1
-2.088005E+1
-2.088005E+1
-1.665380E+1
-1.389020E+1
-1.309787E+1
-1.292441E+1
-1.322135E+1
-1.407101E+1
-1.665380E+1
-2.088005E+1
-2.088005E+1
-2.088005E+1
-2.088005E+1
-2.088005E+1
-2.088005E+1
-2.088005E+1
-2.088005E+1
-2.088005E+1
-2.088005E+1
-2.088005E+1
-1.636421E+1
-1.364324E+1
-1.256573E+1
-1.209974E+1
-1.195274E+1
-1.206152E+1
-1.251869E+1
-1.342274E+1
-1.567331E+1
-2.088005E+1
-2.088005E+1
-2.088005E+1
-2.088005E+1
-2.088005E+1
-2.088005E+1
-2.088005E+1
-2.088005E+1
-2.088005E+1
-1.937477E+1
-1.407101E+1
-1.281563E+1
-1.217765E+1
-1.181456E+1
-1.162346E+1
-1.159259E+1
-1.168520E+1
-1.181456E+1
-1.195274E+1
-1.206152E+1
-1.209974E+1
-1.206152E+1
-1.198802E+1
-1.181456E+1
-1.168520E+1
-1.159259E+1
-1.156319E+1
-1.162346E+1
-1.171607E+1
-1.188218E+1
-1.213796E+1
-1.242902E+1
-1.281563E+1
-1.328750E+1
-1.389020E+1
-1.472663E+1
-1.665380E+1
-2.088005E+1
-2.088005E+1
-2.088005E+1
-2.088005E+1
-2.088005E+1
-2.088005E+1
-1.548368E+1
-1.298027E+1
-1.168520E+1
-1.083554E+1
-1.021079E+1
-9.765378E+0
-9.462558E+0
-9.247938E+0
-9.118578E+0
-9.042138E+0
-9.023028E+0
-9.050958E+0
-9.118578E+0
-9.227358E+0
-9.384648E+0
-9.602208E+0
-9.885918E+0
-1.024313E+1
-1.067237E+1
-1.115747E+1
-1.168520E+1
-1.221734E+1
-1.266275E+1
-1.292441E+1
-1.309787E+1
-1.309787E+1
-1.303907E+1
-1.292441E+1
-1.276271E+1
-1.271273E+1
-1.266275E+1
-1.271273E+1
-1.298027E+1
-1.380494E+1
-1.636421E+1
-2.088005E+1
-2.088005E+1
-2.088005E+1
-2.088005E+1
-2.088005E+1
-2.088005E+1
-2.088005E+1
-2.088005E+1
-2.088005E+1
-2.088005E+1
-2.088005E+1
-2.088005E+1
-2.088005E+1
-1.416803E+1
-1.315961E+1
-1.309787E+1
-1.372262E+1
-1.610843E+1
-2.088005E+1
-2.088005E+1
-2.088005E+1
-2.088005E+1
-2.088005E+1
-2.088005E+1
-2.088005E+1
-2.088005E+1
-2.088005E+1
-1.849424E+1
-1.397840E+1
-1.261277E+1
-1.178222E+1
-1.120745E+1
-1.075322E+1
-1.039454E+1
-1.011818E+1
-9.913848E+0
-9.805068E+0
-9.791838E+0
-9.885918E+0
-1.008731E+1
-1.039454E+1
-1.081496E+1
-1.125743E+1
-1.168520E+1
-1.198802E+1
-1.209974E+1
-1.202477E+1
-1.188218E+1
-1.178222E+1
-1.184837E+1
-1.217765E+1
-1.281563E+1
-1.416803E+1
-2.088005E+1
-2.088005E+1
-2.088005E+1
-2.088005E+1
-2.088005E+1
-2.088005E+1
-2.088005E+1
-2.088005E+1
-2.088005E+1
-2.088005E+1
-2.088005E+1
-2.088005E+1
-2.088005E+1
-2.088005E+1
-2.088005E+1
-2.088005E+1
-1.698896E+1
-1.485893E+1
-1.407101E+1
-1.372262E+1
-1.356680E+1
-1.356680E+1
-1.356680E+1
-1.356680E+1
-1.349330E+1
-1.342274E+1
-1.356680E+1
-1.407101E+1
-1.548368E+1
-2.088005E+1
-2.088005E+1
-2.088005E+1
-2.088005E+1
-2.088005E+1
-2.088005E+1
-2.088005E+1
-2.088005E+1
-2.088005E+1
-2.088005E+1
-2.088005E+1
-2.088005E+1
-2.088005E+1
-2.088005E+1
-1.665380E+1
-1.567331E+1
-1.567331E+1
-1.636421E+1
-1.786949E+1
-2.088005E+1
-2.088005E+1
-2.088005E+1
-2.088005E+1
-2.088005E+1
-2.088005E+1
-2.088005E+1
-2.088005E+1
-2.088005E+1
