Date/Time	2022-06-11 06:42:17
Line location	3
Line name	C1
OTDR wavelength [nm]	1550
OTDR pulse duration [ns]	2
OTDR scan time [s]	10
OTDR scan length [m]	1.500000E+2
Length offset [m]	0.000000E+0
Length increment [m]	3.996806E-2
Switch ID	VIAVI Solutions,OTU 8000E,11654,FO,16.76
OTDR ID	JDSU,OTU 8000E,11654,OTU(SmartOTU),V7.22

Reflected amplitude [dB]
8.509620E-1
8.215620E-1
7.804020E-1
7.392420E-1
7.024920E-1
6.716220E-1
6.466320E-1
6.260520E-1
6.187020E-1
6.466320E-1
7.363020E-1
8.744820E-1
1.027362E+0
1.183182E+0
1.321362E+0
1.430142E+0
1.510992E+0
1.569792E+0
1.610952E+0
1.628592E+0
1.608012E+0
1.550682E+0
1.475712E+0
1.380162E+0
1.264032E+0
1.133202E+0
9.891420E-1
8.377320E-1
6.936720E-1
5.643120E-1
4.496520E-1
3.482220E-1
2.614920E-1
1.879920E-1
1.291920E-1
7.921200E-2
3.805200E-2
4.242000E-3
-2.368800E-2
-4.720800E-2
-6.631800E-2
-8.248800E-2
-9.571800E-2
-1.074780E-1
-1.177680E-1
-1.280580E-1
-1.383480E-1
-1.471680E-1
-1.574580E-1
-1.662780E-1
-1.765680E-1
-1.853880E-1
-1.956780E-1
-2.044980E-1
-2.147880E-1
-2.250780E-1
-2.353680E-1
-2.456580E-1
-2.574180E-1
-2.691780E-1
-2.794680E-1
-2.897580E-1
-2.971080E-1
-3.029880E-1
-3.073980E-1
-3.103380E-1
-3.103380E-1
-3.088680E-1
-3.029880E-1
-2.956380E-1
-2.838780E-1
-2.677080E-1
-2.456580E-1
-2.191980E-1
-1.868580E-1
-1.501080E-1
-1.118880E-1
-7.219800E-2
-3.397800E-2
-1.680000E-4
2.923200E-2
4.981200E-2
6.304200E-2
6.745200E-2
6.157200E-2
4.687200E-2
2.335200E-2
-6.048000E-3
-4.132800E-2
-8.101800E-2
-1.221780E-1
-1.648080E-1
-2.044980E-1
-2.441880E-1
-2.794680E-1
-3.118080E-1
-3.397380E-1
-3.632580E-1
-3.823680E-1
-3.985380E-1
-4.117680E-1
-4.220580E-1
-4.323480E-1
-4.426380E-1
-4.529280E-1
-4.646880E-1
-4.764480E-1
-4.896780E-1
-5.029080E-1
-5.146680E-1
-5.278980E-1
-5.396580E-1
-5.484780E-1
-5.558280E-1
-5.602380E-1
-5.631780E-1
-5.646480E-1
-5.631780E-1
-5.617080E-1
-5.602380E-1
-5.572980E-1
-5.558280E-1
-5.543580E-1
-5.528880E-1
-5.514180E-1
-5.514180E-1
-5.514180E-1
-5.514180E-1
-5.514180E-1
-5.528880E-1
-5.543580E-1
-5.572980E-1
-5.602380E-1
-5.631780E-1
-5.675880E-1
-5.705280E-1
-5.749380E-1
-5.764080E-1
-5.764080E-1
-5.734680E-1
-5.690580E-1
-5.617080E-1
-5.514180E-1
-5.381880E-1
-5.205480E-1
-5.014380E-1
-4.779180E-1
-4.514580E-1
-4.235280E-1
-3.955980E-1
-3.588480E-1
-3.044580E-1
-2.309580E-1
-1.501080E-1
-7.513800E-2
-8.988000E-3
4.540200E-2
8.656200E-2
1.174320E-1
1.380120E-1
1.497720E-1
1.512420E-1
1.468320E-1
1.350720E-1
1.100820E-1
6.745200E-2
1.600200E-2
-3.691800E-2
-8.689800E-2
-1.339380E-1
-1.780380E-1
-2.177280E-1
-2.530080E-1
-2.838780E-1
-3.103380E-1
-3.309180E-1
-3.470880E-1
-3.588480E-1
-3.661980E-1
-3.720780E-1
-3.764880E-1
-3.794280E-1
-3.808980E-1
-3.808980E-1
-3.808980E-1
-3.779580E-1
-3.764880E-1
-3.720780E-1
-3.691380E-1
-3.661980E-1
-3.647280E-1
-3.647280E-1
-3.661980E-1
-3.706080E-1
-3.750180E-1
-3.808980E-1
-3.867780E-1
-3.926580E-1
-3.970680E-1
-4.000080E-1
-4.014780E-1
-4.029480E-1
-4.029480E-1
-4.029480E-1
-4.029480E-1
-4.044180E-1
-4.044180E-1
-4.044180E-1
-4.044180E-1
-4.058880E-1
-4.058880E-1
-4.058880E-1
-4.058880E-1
-4.058880E-1
-4.058880E-1
-4.044180E-1
-4.029480E-1
-4.014780E-1
-3.985380E-1
-3.955980E-1
-3.897180E-1
-3.853080E-1
-3.794280E-1
-3.764880E-1
-3.735480E-1
-3.720780E-1
-3.720780E-1
-3.750180E-1
-3.779580E-1
-3.823680E-1
-3.882480E-1
-3.926580E-1
-3.955980E-1
-3.985380E-1
-4.000080E-1
-4.014780E-1
-4.000080E-1
-3.985380E-1
-3.955980E-1
-3.926580E-1
-3.882480E-1
-3.838380E-1
-3.794280E-1
-3.750180E-1
-3.720780E-1
-3.691380E-1
-3.691380E-1
-3.691380E-1
-3.706080E-1
-3.735480E-1
-3.764880E-1
-3.794280E-1
-3.823680E-1
-3.853080E-1
-3.867780E-1
-3.882480E-1
-3.882480E-1
-3.882480E-1
-3.882480E-1
-3.867780E-1
-3.867780E-1
-3.867780E-1
-3.882480E-1
-3.882480E-1
-3.897180E-1
-3.897180E-1
-3.897180E-1
-3.911880E-1
-3.911880E-1
-3.911880E-1
-3.911880E-1
-3.941280E-1
-3.970680E-1
-4.000080E-1
-4.044180E-1
-4.088280E-1
-4.147080E-1
-4.176480E-1
-4.220580E-1
-4.235280E-1
-4.235280E-1
-4.220580E-1
-4.191180E-1
-4.161780E-1
-4.102980E-1
-4.058880E-1
-4.000080E-1
-3.955980E-1
-3.926580E-1
-3.911880E-1
-3.911880E-1
-3.911880E-1
-3.926580E-1
-3.955980E-1
-3.985380E-1
-4.029480E-1
-4.058880E-1
-4.102980E-1
-4.147080E-1
-4.176480E-1
-4.220580E-1
-4.235280E-1
-4.235280E-1
-4.235280E-1
-4.205880E-1
-4.161780E-1
-4.117680E-1
-4.058880E-1
-4.000080E-1
-3.926580E-1
-3.882480E-1
-3.853080E-1
-3.838380E-1
-3.838380E-1
-3.882480E-1
-3.926580E-1
-3.985380E-1
-4.058880E-1
-4.117680E-1
-4.161780E-1
-4.191180E-1
-4.191180E-1
-4.176480E-1
-4.147080E-1
-4.102980E-1
-4.058880E-1
-4.014780E-1
-3.985380E-1
-3.955980E-1
-3.955980E-1
-3.955980E-1
-3.970680E-1
-3.985380E-1
-4.014780E-1
-4.044180E-1
-4.073580E-1
-4.102980E-1
-4.132380E-1
-4.176480E-1
-4.205880E-1
-4.235280E-1
-4.264680E-1
-4.279380E-1
-4.294080E-1
-4.294080E-1
-4.294080E-1
-4.294080E-1
-4.294080E-1
-4.294080E-1
-4.294080E-1
-4.279380E-1
-4.279380E-1
-4.264680E-1
-4.264680E-1
-4.249980E-1
-4.235280E-1
-4.220580E-1
-4.205880E-1
-4.205880E-1
-4.191180E-1
-4.191180E-1
-4.176480E-1
-4.161780E-1
-4.161780E-1
-4.147080E-1
-4.132380E-1
-4.132380E-1
-4.132380E-1
-4.132380E-1
-4.147080E-1
-4.176480E-1
-4.191180E-1
-4.220580E-1
-4.249980E-1
-4.279380E-1
-4.294080E-1
-4.308780E-1
-4.323480E-1
-4.338180E-1
-4.338180E-1
-4.338180E-1
-4.338180E-1
-4.338180E-1
-4.338180E-1
-4.323480E-1
-4.308780E-1
-4.294080E-1
-4.264680E-1
-4.220580E-1
-4.191180E-1
-4.147080E-1
-4.102980E-1
-4.073580E-1
-4.044180E-1
-4.014780E-1
-3.985380E-1
-3.970680E-1
-3.941280E-1
-3.926580E-1
-3.897180E-1
-3.882480E-1
-3.882480E-1
-3.882480E-1
-3.882480E-1
-3.882480E-1
-3.897180E-1
-3.897180E-1
-3.911880E-1
-3.911880E-1
-3.897180E-1
-3.882480E-1
-3.867780E-1
-3.867780E-1
-3.853080E-1
-3.853080E-1
-3.853080E-1
-3.867780E-1
-3.911880E-1
-3.941280E-1
-4.000080E-1
-4.058880E-1
-4.102980E-1
-4.161780E-1
-4.191180E-1
-4.220580E-1
-4.235280E-1
-4.220580E-1
-4.191180E-1
-4.161780E-1
-4.117680E-1
-4.088280E-1
-4.058880E-1
-4.044180E-1
-4.029480E-1
-4.044180E-1
-4.073580E-1
-4.102980E-1
-4.132380E-1
-4.176480E-1
-4.205880E-1
-4.235280E-1
-4.249980E-1
-4.249980E-1
-4.235280E-1
-4.220580E-1
-4.176480E-1
-4.147080E-1
-4.088280E-1
-4.044180E-1
-3.985380E-1
-3.926580E-1
-3.867780E-1
-3.808980E-1
-3.750180E-1
-3.706080E-1
-3.661980E-1
-3.632580E-1
-3.603180E-1
-3.603180E-1
-3.617880E-1
-3.647280E-1
-3.691380E-1
-3.750180E-1
-3.808980E-1
-3.867780E-1
-3.941280E-1
-4.029480E-1
-4.117680E-1
-4.191180E-1
-4.279380E-1
-4.352880E-1
-4.411680E-1
-4.455780E-1
-4.455780E-1
-4.441080E-1
-4.396980E-1
-4.338180E-1
-4.264680E-1
-4.191180E-1
-4.117680E-1
-4.058880E-1
-4.014780E-1
-3.985380E-1
-3.985380E-1
-3.985380E-1
-4.000080E-1
-4.029480E-1
-4.058880E-1
-4.088280E-1
-4.117680E-1
-4.132380E-1
-4.161780E-1
-4.176480E-1
-4.205880E-1
-4.220580E-1
-4.249980E-1
-4.279380E-1
-4.308780E-1
-4.338180E-1
-4.367580E-1
-4.382280E-1
-4.382280E-1
-4.367580E-1
-4.352880E-1
-4.308780E-1
-4.264680E-1
-4.191180E-1
-4.132380E-1
-4.058880E-1
-3.985380E-1
-3.926580E-1
-3.882480E-1
-3.853080E-1
-3.853080E-1
-3.853080E-1
-3.882480E-1
-3.897180E-1
-3.926580E-1
-3.955980E-1
-3.970680E-1
-3.970680E-1
-3.955980E-1
-3.941280E-1
-3.897180E-1
-3.867780E-1
-3.823680E-1
-3.794280E-1
-3.764880E-1
-3.735480E-1
-3.706080E-1
-3.676680E-1
-3.647280E-1
-3.617880E-1
-3.573780E-1
-3.544380E-1
-3.500280E-1
-3.470880E-1
-3.441480E-1
-3.426780E-1
-3.426780E-1
-3.441480E-1
-3.470880E-1
-3.500280E-1
-3.544380E-1
-3.588480E-1
-3.632580E-1
-3.676680E-1
-3.720780E-1
-3.764880E-1
-3.808980E-1
-3.838380E-1
-3.882480E-1
-3.926580E-1
-3.955980E-1
-3.985380E-1
-4.014780E-1
-4.029480E-1
-4.029480E-1
-4.014780E-1
-4.000080E-1
-3.985380E-1
-3.970680E-1
-3.941280E-1
-3.926580E-1
-3.911880E-1
-3.897180E-1
-3.897180E-1
-3.897180E-1
-3.911880E-1
-3.911880E-1
-3.926580E-1
-3.926580E-1
-3.941280E-1
-3.955980E-1
-3.970680E-1
-4.000080E-1
-4.014780E-1
-4.044180E-1
-4.073580E-1
-4.102980E-1
-4.147080E-1
-4.176480E-1
-4.191180E-1
-4.220580E-1
-4.220580E-1
-4.235280E-1
-4.235280E-1
-4.249980E-1
-4.249980E-1
-4.249980E-1
-4.249980E-1
-4.249980E-1
-4.235280E-1
-4.235280E-1
-4.205880E-1
-4.191180E-1
-4.161780E-1
-4.147080E-1
-4.117680E-1
-4.073580E-1
-4.044180E-1
-4.000080E-1
-3.941280E-1
-3.897180E-1
-3.838380E-1
-3.779580E-1
-3.720780E-1
-3.676680E-1
-3.647280E-1
-3.632580E-1
-3.647280E-1
-3.676680E-1
-3.735480E-1
-3.808980E-1
-3.897180E-1
-4.000080E-1
-4.088280E-1
-4.161780E-1
-4.205880E-1
-4.220580E-1
-4.205880E-1
-4.161780E-1
-4.088280E-1
-4.000080E-1
-3.897180E-1
-3.779580E-1
-3.676680E-1
-3.588480E-1
-3.514980E-1
-3.456180E-1
-3.426780E-1
-3.426780E-1
-3.441480E-1
-3.500280E-1
-3.573780E-1
-3.661980E-1
-3.750180E-1
-3.838380E-1
-3.926580E-1
-4.000080E-1
-4.044180E-1
-4.073580E-1
-4.088280E-1
-4.088280E-1
-4.073580E-1
-4.044180E-1
-4.014780E-1
-3.985380E-1
-3.955980E-1
-3.926580E-1
-3.911880E-1
-3.897180E-1
-3.897180E-1
-3.897180E-1
-3.911880E-1
-3.926580E-1
-3.926580E-1
-3.941280E-1
-3.955980E-1
-3.970680E-1
-4.000080E-1
-4.044180E-1
-4.088280E-1
-4.132380E-1
-4.191180E-1
-4.235280E-1
-4.279380E-1
-4.294080E-1
-4.308780E-1
-4.308780E-1
-4.294080E-1
-4.279380E-1
-4.279380E-1
-4.294080E-1
-4.308780E-1
-4.338180E-1
-4.352880E-1
-4.382280E-1
-4.411680E-1
-4.426380E-1
-4.426380E-1
-4.411680E-1
-4.396980E-1
-4.382280E-1
-4.382280E-1
-4.382280E-1
-4.382280E-1
-4.396980E-1
-4.411680E-1
-4.441080E-1
-4.441080E-1
-4.441080E-1
-4.411680E-1
-4.382280E-1
-4.323480E-1
-4.264680E-1
-4.191180E-1
-4.132380E-1
-4.088280E-1
-4.044180E-1
-4.029480E-1
-4.014780E-1
-4.029480E-1
-4.029480E-1
-4.029480E-1
-4.014780E-1
-3.985380E-1
-3.941280E-1
-3.882480E-1
-3.838380E-1
-3.779580E-1
-3.750180E-1
-3.720780E-1
-3.720780E-1
-3.720780E-1
-3.735480E-1
-3.764880E-1
-3.794280E-1
-3.808980E-1
-3.838380E-1
-3.867780E-1
-3.897180E-1
-3.911880E-1
-3.926580E-1
-3.941280E-1
-3.941280E-1
-3.941280E-1
-3.926580E-1
-3.926580E-1
-3.911880E-1
-3.897180E-1
-3.897180E-1
-3.882480E-1
-3.867780E-1
-3.867780E-1
-3.838380E-1
-3.823680E-1
-3.779580E-1
-3.750180E-1
-3.706080E-1
-3.661980E-1
-3.617880E-1
-3.603180E-1
-3.588480E-1
-3.588480E-1
-3.603180E-1
-3.632580E-1
-3.676680E-1
-3.706080E-1
-3.735480E-1
-3.764880E-1
-3.794280E-1
-3.823680E-1
-3.838380E-1
-3.853080E-1
-3.867780E-1
-3.882480E-1
-3.897180E-1
-3.897180E-1
-3.911880E-1
-3.911880E-1
-3.926580E-1
-3.926580E-1
-3.926580E-1
-3.911880E-1
-3.897180E-1
-3.867780E-1
-3.838380E-1
-3.794280E-1
-3.750180E-1
-3.706080E-1
-3.647280E-1
-3.617880E-1
-3.588480E-1
-3.559080E-1
-3.544380E-1
-3.544380E-1
-3.544380E-1
-3.559080E-1
-3.573780E-1
-3.603180E-1
-3.617880E-1
-3.647280E-1
-3.676680E-1
-3.706080E-1
-3.735480E-1
-3.779580E-1
-3.808980E-1
-3.867780E-1
-3.911880E-1
-3.970680E-1
-4.014780E-1
-4.058880E-1
-4.088280E-1
-4.088280E-1
-4.088280E-1
-4.073580E-1
-4.058880E-1
-4.029480E-1
-4.014780E-1
-4.000080E-1
-4.000080E-1
-4.014780E-1
-4.029480E-1
-4.073580E-1
-4.132380E-1
-4.191180E-1
-4.249980E-1
-4.308780E-1
-4.382280E-1
-4.441080E-1
-4.485180E-1
-4.529280E-1
-4.558680E-1
-4.573380E-1
-4.588080E-1
-4.573380E-1
-4.543980E-1
-4.499880E-1
-4.441080E-1
-4.382280E-1
-4.323480E-1
-4.249980E-1
-4.191180E-1
-4.147080E-1
-4.117680E-1
-4.102980E-1
-4.088280E-1
-4.102980E-1
-4.117680E-1
-4.147080E-1
-4.161780E-1
-4.161780E-1
-4.161780E-1
-4.161780E-1
-4.147080E-1
-4.147080E-1
-4.132380E-1
-4.132380E-1
-4.132380E-1
-4.147080E-1
-4.147080E-1
-4.161780E-1
-4.161780E-1
-4.147080E-1
-4.132380E-1
-4.102980E-1
-4.058880E-1
-4.014780E-1
-3.955980E-1
-3.897180E-1
-3.823680E-1
-3.764880E-1
-3.706080E-1
-3.647280E-1
-3.588480E-1
-3.529680E-1
-3.485580E-1
-3.456180E-1
-3.426780E-1
-3.412080E-1
-3.412080E-1
-3.426780E-1
-3.470880E-1
-3.529680E-1
-3.603180E-1
-3.676680E-1
-3.764880E-1
-3.853080E-1
-3.941280E-1
-4.014780E-1
-4.088280E-1
-4.147080E-1
-4.191180E-1
-4.235280E-1
-4.264680E-1
-4.294080E-1
-4.323480E-1
-4.338180E-1
-4.352880E-1
-4.352880E-1
-4.352880E-1
-4.352880E-1
-4.338180E-1
-4.323480E-1
-4.294080E-1
-4.279380E-1
-4.249980E-1
-4.220580E-1
-4.191180E-1
-4.176480E-1
-4.161780E-1
-4.161780E-1
-4.161780E-1
-4.161780E-1
-4.176480E-1
-4.161780E-1
-4.147080E-1
-4.117680E-1
-4.073580E-1
-4.029480E-1
-3.970680E-1
-3.926580E-1
-3.897180E-1
-3.897180E-1
-3.911880E-1
-3.955980E-1
-4.014780E-1
-4.073580E-1
-4.147080E-1
-4.191180E-1
-4.235280E-1
-4.279380E-1
-4.294080E-1
-4.323480E-1
-4.338180E-1
-4.367580E-1
-4.396980E-1
-4.411680E-1
-4.441080E-1
-4.455780E-1
-4.470480E-1
-4.470480E-1
-4.455780E-1
-4.426380E-1
-4.396980E-1
-4.352880E-1
-4.308780E-1
-4.264680E-1
-4.220580E-1
-4.191180E-1
-4.176480E-1
-4.161780E-1
-4.161780E-1
-4.176480E-1
-4.205880E-1
-4.220580E-1
-4.249980E-1
-4.279380E-1
-4.294080E-1
-4.308780E-1
-4.308780E-1
-4.294080E-1
-4.264680E-1
-4.220580E-1
-4.176480E-1
-4.117680E-1
-4.058880E-1
-3.985380E-1
-3.897180E-1
-3.823680E-1
-3.750180E-1
-3.676680E-1
-3.632580E-1
-3.603180E-1
-3.588480E-1
-3.588480E-1
-3.603180E-1
-3.647280E-1
-3.676680E-1
-3.720780E-1
-3.764880E-1
-3.808980E-1
-3.838380E-1
-3.853080E-1
-3.882480E-1
-3.897180E-1
-3.911880E-1
-3.926580E-1
-3.941280E-1
-3.955980E-1
-3.970680E-1
-3.985380E-1
-3.985380E-1
-3.985380E-1
-3.985380E-1
-3.970680E-1
-3.970680E-1
-3.970680E-1
-3.970680E-1
-3.985380E-1
-3.985380E-1
-4.000080E-1
-4.014780E-1
-4.014780E-1
-4.014780E-1
-4.000080E-1
-4.000080E-1
-3.985380E-1
-3.970680E-1
-3.970680E-1
-3.955980E-1
-3.955980E-1
-3.955980E-1
-3.970680E-1
-4.014780E-1
-4.058880E-1
-4.132380E-1
-4.220580E-1
-4.323480E-1
-4.426380E-1
-4.529280E-1
-4.617480E-1
-4.705680E-1
-4.749780E-1
-4.779180E-1
-4.793880E-1
-4.793880E-1
-4.764480E-1
-4.735080E-1
-4.690980E-1
-4.632180E-1
-4.588080E-1
-4.529280E-1
-4.455780E-1
-4.396980E-1
-4.338180E-1
-4.294080E-1
-4.235280E-1
-4.191180E-1
-4.147080E-1
-4.117680E-1
-4.088280E-1
-4.058880E-1
-4.044180E-1
-4.029480E-1
-4.029480E-1
-4.029480E-1
-4.058880E-1
-4.132380E-1
-4.220580E-1
-4.367580E-1
-4.558680E-1
-4.793880E-1
-5.087880E-1
-5.425980E-1
-5.881680E-1
-6.469680E-1
-7.160580E-1
-7.910280E-1
-8.630580E-1
-9.321480E-1
-9.982980E-1
-1.062978E+0
-1.124718E+0
-1.182048E+0
-1.236438E+0
-1.284948E+0
-1.329048E+0
-1.368738E+0
-1.401078E+0
-1.430478E+0
-1.455468E+0
-1.477518E+0
-1.495158E+0
-1.512798E+0
-1.527498E+0
-1.540728E+0
-1.552488E+0
-1.564248E+0
-1.574538E+0
-1.583358E+0
-1.590708E+0
-1.596588E+0
-1.600998E+0
-1.603938E+0
-1.606878E+0
-1.606878E+0
-1.606878E+0
-1.605408E+0
-1.603938E+0
-1.603938E+0
-1.602468E+0
-1.602468E+0
-1.602468E+0
-1.602468E+0
-1.602468E+0
-1.603938E+0
-1.606878E+0
-1.609818E+0
-1.615698E+0
-1.623048E+0
-1.631868E+0
-1.642158E+0
-1.652448E+0
-1.662738E+0
-1.671558E+0
-1.677438E+0
-1.680378E+0
-1.680378E+0
-1.678908E+0
-1.674498E+0
-1.671558E+0
-1.667148E+0
-1.664208E+0
-1.664208E+0
-1.664208E+0
-1.667148E+0
-1.671558E+0
-1.678908E+0
-1.686258E+0
-1.696548E+0
-1.706838E+0
-1.717128E+0
-1.727418E+0
-1.737708E+0
-1.745058E+0
-1.749468E+0
-1.752408E+0
-1.752408E+0
-1.750938E+0
-1.746528E+0
-1.742118E+0
-1.737708E+0
-1.734768E+0
-1.731828E+0
-1.733298E+0
-1.736238E+0
-1.742118E+0
-1.747998E+0
-1.755348E+0
-1.761228E+0
-1.764168E+0
-1.764168E+0
-1.761228E+0
-1.756818E+0
-1.749468E+0
-1.742118E+0
-1.734768E+0
-1.730358E+0
-1.728888E+0
-1.730358E+0
-1.734768E+0
-1.739178E+0
-1.745058E+0
-1.749468E+0
-1.752408E+0
-1.753878E+0
-1.752408E+0
-1.750938E+0
-1.746528E+0
-1.742118E+0
-1.739178E+0
-1.736238E+0
-1.736238E+0
-1.737708E+0
-1.742118E+0
-1.750938E+0
-1.761228E+0
-1.775928E+0
-1.792098E+0
-1.809738E+0
-1.827378E+0
-1.846488E+0
-1.864128E+0
-1.878828E+0
-1.893528E+0
-1.905288E+0
-1.915578E+0
-1.922928E+0
-1.930278E+0
-1.936158E+0
-1.943508E+0
-1.949388E+0
-1.956738E+0
-1.962618E+0
-1.969968E+0
-1.974378E+0
-1.980258E+0
-1.984668E+0
-1.987608E+0
-1.989078E+0
-1.990548E+0
-1.992018E+0
-1.994958E+0
-1.997898E+0
-2.000838E+0
-2.005248E+0
-2.009658E+0
-2.014068E+0
-2.017008E+0
-2.019948E+0
-2.021418E+0
-2.022888E+0
-2.022888E+0
-2.021418E+0
-2.018478E+0
-2.015538E+0
-2.014068E+0
-2.012598E+0
-2.012598E+0
-2.015538E+0
-2.021418E+0
-2.030238E+0
-2.040528E+0
-2.053758E+0
-2.066988E+0
-2.078748E+0
-2.089038E+0
-2.094918E+0
-2.097858E+0
-2.097858E+0
-2.093448E+0
-2.089038E+0
-2.086098E+0
-2.083158E+0
-2.083158E+0
-2.086098E+0
-2.090508E+0
-2.097858E+0
-2.105208E+0
-2.114028E+0
-2.122848E+0
-2.130198E+0
-2.136078E+0
-2.141958E+0
-2.147838E+0
-2.153718E+0
-2.159598E+0
-2.164008E+0
-2.168418E+0
-2.171358E+0
-2.171358E+0
-2.169888E+0
-2.166948E+0
-2.161068E+0
-2.155188E+0
-2.149308E+0
-2.144898E+0
-2.141958E+0
-2.141958E+0
-2.146368E+0
-2.153718E+0
-2.165478E+0
-2.177238E+0
-2.193408E+0
-2.208108E+0
-2.225748E+0
-2.241918E+0
-2.258088E+0
-2.272788E+0
-2.284548E+0
-2.294838E+0
-2.302188E+0
-2.305128E+0
-2.303658E+0
-2.297778E+0
-2.290428E+0
-2.278668E+0
-2.268378E+0
-2.256618E+0
-2.246328E+0
-2.238978E+0
-2.233098E+0
-2.227218E+0
-2.222808E+0
-2.219868E+0
-2.215458E+0
-2.213988E+0
-2.212518E+0
-2.212518E+0
-2.216928E+0
-2.224278E+0
-2.233098E+0
-2.244858E+0
-2.256618E+0
-2.268378E+0
-2.280138E+0
-2.287488E+0
-2.293368E+0
-2.297778E+0
-2.303658E+0
-2.308068E+0
-2.313948E+0
-2.321298E+0
-2.331588E+0
-2.343348E+0
-2.356578E+0
-2.371278E+0
-2.383038E+0
-2.394798E+0
-2.403618E+0
-2.408028E+0
-2.409498E+0
-2.406558E+0
-2.399208E+0
-2.390388E+0
-2.378628E+0
-2.365398E+0
-2.353638E+0
-2.343348E+0
-2.335998E+0
-2.333058E+0
-2.334528E+0
-2.340408E+0
-2.352168E+0
-2.366868E+0
-2.385978E+0
-2.406558E+0
-2.430078E+0
-2.453598E+0
-2.477118E+0
-2.497698E+0
-2.515338E+0
-2.528568E+0
-2.537388E+0
-2.540328E+0
-2.538858E+0
-2.532978E+0
-2.527098E+0
-2.521218E+0
-2.516808E+0
-2.516808E+0
-2.516808E+0
-2.521218E+0
-2.525628E+0
-2.528568E+0
-2.528568E+0
-2.525628E+0
-2.518278E+0
-2.507988E+0
-2.494758E+0
-2.480058E+0
-2.465358E+0
-2.450658E+0
-2.437428E+0
-2.424198E+0
-2.412438E+0
-2.400678E+0
-2.390388E+0
-2.381568E+0
-2.374218E+0
-2.368338E+0
-2.366868E+0
-2.366868E+0
-2.369808E+0
-2.375688E+0
-2.384508E+0
-2.396268E+0
-2.409498E+0
-2.424198E+0
-2.440368E+0
-2.455068E+0
-2.469768E+0
-2.482998E+0
-2.493288E+0
-2.500638E+0
-2.503578E+0
-2.503578E+0
-2.502108E+0
-2.499168E+0
-2.496228E+0
-2.494758E+0
-2.496228E+0
-2.500638E+0
-2.507988E+0
-2.518278E+0
-2.531508E+0
-2.546208E+0
-2.563848E+0
-2.581488E+0
-2.600598E+0
-2.619708E+0
-2.640288E+0
-2.662338E+0
-2.687328E+0
-2.713788E+0
-2.741718E+0
-2.768178E+0
-2.794638E+0
-2.815218E+0
-2.829918E+0
-2.837268E+0
-2.837268E+0
-2.831388E+0
-2.819628E+0
-2.804928E+0
-2.790228E+0
-2.778468E+0
-2.769648E+0
-2.765238E+0
-2.766708E+0
-2.771118E+0
-2.775528E+0
-2.781408E+0
-2.785818E+0
-2.788758E+0
-2.790228E+0
-2.790228E+0
-2.793168E+0
-2.797578E+0
-2.807868E+0
-2.821098E+0
-2.837268E+0
-2.856378E+0
-2.876958E+0
-2.893128E+0
-2.904888E+0
-2.909298E+0
-2.906358E+0
-2.896068E+0
-2.881368E+0
-2.865198E+0
-2.849028E+0
-2.835798E+0
-2.829918E+0
-2.829918E+0
-2.837268E+0
-2.847558E+0
-2.862258E+0
-2.876958E+0
-2.888718E+0
-2.896068E+0
-2.897538E+0
-2.894598E+0
-2.887248E+0
-2.878428E+0
-2.866668E+0
-2.854908E+0
-2.844618E+0
-2.837268E+0
-2.829918E+0
-2.826978E+0
-2.824038E+0
-2.822568E+0
-2.824038E+0
-2.826978E+0
-2.831388E+0
-2.840208E+0
-2.849028E+0
-2.860788E+0
-2.872548E+0
-2.884308E+0
-2.893128E+0
-2.899008E+0
-2.900478E+0
-2.897538E+0
-2.891658E+0
-2.882838E+0
-2.874018E+0
-2.865198E+0
-2.859318E+0
-2.854908E+0
-2.853438E+0
-2.856378E+0
-2.860788E+0
-2.865198E+0
-2.871078E+0
-2.878428E+0
-2.887248E+0
-2.894598E+0
-2.903418E+0
-2.913708E+0
-2.926938E+0
-2.941638E+0
-2.957808E+0
-2.975448E+0
-2.991618E+0
-3.009258E+0
-3.023958E+0
-3.034248E+0
-3.041598E+0
-3.044538E+0
-3.046008E+0
-3.043068E+0
-3.037188E+0
-3.031308E+0
-3.023958E+0
-3.015138E+0
-3.006318E+0
-2.997498E+0
-2.990148E+0
-2.984268E+0
-2.982798E+0
-2.985738E+0
-2.994558E+0
-3.009258E+0
-3.029838E+0
-3.056298E+0
-3.085698E+0
-3.116568E+0
-3.144498E+0
-3.170958E+0
-3.191538E+0
-3.207708E+0
-3.217998E+0
-3.223878E+0
-3.226818E+0
-3.226818E+0
-3.226818E+0
-3.225348E+0
-3.223878E+0
-3.222408E+0
-3.217998E+0
-3.213588E+0
-3.207708E+0
-3.200358E+0
-3.190068E+0
-3.181248E+0
-3.172428E+0
-3.165078E+0
-3.163608E+0
-3.168018E+0
-3.179778E+0
-3.198888E+0
-3.225348E+0
-3.256218E+0
-3.288558E+0
-3.317958E+0
-3.342948E+0
-3.359118E+0
-3.363528E+0
-3.356178E+0
-3.337068E+0
-3.310608E+0
-3.281208E+0
-3.250338E+0
-3.222408E+0
-3.203298E+0
-3.190068E+0
-3.185658E+0
-3.188598E+0
-3.195948E+0
-3.206238E+0
-3.217998E+0
-3.228288E+0
-3.237108E+0
-3.244458E+0
-3.251808E+0
-3.259158E+0
-3.265038E+0
-3.270918E+0
-3.276798E+0
-3.282678E+0
-3.288558E+0
-3.294438E+0
-3.298848E+0
-3.306198E+0
-3.315018E+0
-3.325308E+0
-3.340008E+0
-3.356178E+0
-3.375288E+0
-3.394398E+0
-3.410568E+0
-3.425268E+0
-3.435558E+0
-3.439968E+0
-3.439968E+0
-3.435558E+0
-3.431148E+0
-3.426738E+0
-3.426738E+0
-3.429678E+0
-3.438498E+0
-3.453198E+0
-3.472308E+0
-3.494358E+0
-3.517878E+0
-3.539928E+0
-3.559038E+0
-3.570798E+0
-3.576678E+0
-3.576678E+0
-3.570798E+0
-3.561978E+0
-3.550218E+0
-3.538458E+0
-3.528168E+0
-3.519348E+0
-3.510528E+0
-3.501708E+0
-3.494358E+0
-3.484068E+0
-3.473778E+0
-3.462018E+0
-3.450258E+0
-3.439968E+0
-3.428208E+0
-3.420858E+0
-3.412038E+0
-3.407628E+0
-3.403218E+0
-3.400278E+0
-3.398808E+0
-3.398808E+0
-3.403218E+0
-3.410568E+0
-3.420858E+0
-3.437028E+0
-3.459078E+0
-3.485538E+0
-3.514938E+0
-3.548748E+0
-3.582558E+0
-3.616368E+0
-3.645768E+0
-3.670758E+0
-3.688398E+0
-3.703098E+0
-3.708978E+0
-3.710448E+0
-3.706038E+0
-3.698688E+0
-3.688398E+0
-3.676638E+0
-3.661938E+0
-3.647238E+0
-3.632538E+0
-3.616368E+0
-3.601668E+0
-3.586968E+0
-3.575208E+0
-3.566388E+0
-3.560508E+0
-3.556098E+0
-3.554628E+0
-3.559038E+0
-3.566388E+0
-3.578148E+0
-3.592848E+0
-3.610488E+0
-3.632538E+0
-3.656058E+0
-3.681048E+0
-3.706038E+0
-3.731028E+0
-3.754548E+0
-3.776598E+0
-3.797178E+0
-3.814818E+0
-3.830988E+0
-3.842748E+0
-3.851568E+0
-3.857448E+0
-3.858918E+0
-3.858918E+0
-3.855978E+0
-3.851568E+0
-3.847158E+0
-3.841278E+0
-3.835398E+0
-3.829518E+0
-3.820698E+0
-3.811878E+0
-3.803058E+0
-3.795708E+0
-3.788358E+0
-3.783948E+0
-3.779538E+0
-3.778068E+0
-3.778068E+0
-3.779538E+0
-3.782478E+0
-3.788358E+0
-3.797178E+0
-3.810408E+0
-3.829518E+0
-3.851568E+0
-3.879498E+0
-3.911838E+0
-3.947118E+0
-3.982398E+0
-4.016208E+0
-4.044138E+0
-4.066188E+0
-4.077948E+0
-4.082358E+0
-4.075008E+0
-4.060308E+0
-4.035318E+0
-4.004448E+0
-3.969168E+0
-3.929478E+0
-3.888318E+0
-3.848628E+0
-3.813348E+0
-3.781008E+0
-3.756018E+0
-3.738378E+0
-3.731028E+0
-3.732498E+0
-3.742788E+0
-3.758958E+0
-3.782478E+0
-3.808938E+0
-3.838338E+0
-3.867738E+0
-3.897138E+0
-3.925068E+0
-3.951528E+0
-3.975048E+0
-3.995628E+0
-4.014738E+0
-4.030908E+0
-4.045608E+0
-4.058838E+0
-4.070598E+0
-4.080888E+0
-4.089708E+0
-4.097058E+0
-4.101468E+0
-4.104408E+0
-4.105878E+0
-4.105878E+0
-4.105878E+0
-4.104408E+0
-4.099998E+0
-4.091178E+0
-4.075008E+0
-4.054428E+0
-4.026498E+0
-3.992688E+0
-3.957408E+0
-3.920658E+0
-3.888318E+0
-3.863328E+0
-3.845688E+0
-3.838338E+0
-3.841278E+0
-3.851568E+0
-3.872148E+0
-3.898608E+0
-3.929478E+0
-3.963288E+0
-4.000038E+0
-4.033848E+0
-4.066188E+0
-4.097058E+0
-4.124988E+0
-4.149978E+0
-4.173498E+0
-4.194078E+0
-4.211718E+0
-4.224948E+0
-4.236708E+0
-4.244058E+0
-4.248468E+0
-4.251408E+0
-4.255818E+0
-4.260228E+0
-4.269048E+0
-4.282278E+0
-4.298448E+0
-4.314618E+0
-4.327848E+0
-4.338138E+0
-4.341078E+0
-4.333728E+0
-4.316088E+0
-4.288158E+0
-4.251408E+0
-4.207308E+0
-4.160268E+0
-4.108818E+0
-4.060308E+0
-4.016208E+0
-3.979458E+0
-3.954468E+0
-3.941238E+0
-3.944178E+0
-3.963288E+0
-3.998568E+0
-4.050018E+0
-4.114698E+0
-4.188198E+0
-4.266108E+0
-4.342548E+0
-4.408698E+0
-4.458678E+0
-4.491018E+0
-4.504248E+0
-4.501308E+0
-4.486608E+0
-4.467498E+0
-4.451328E+0
-4.439568E+0
-4.438098E+0
-4.442508E+0
-4.446918E+0
-4.445448E+0
-4.432218E+0
-4.396938E+0
-4.339608E+0
-4.269048E+0
-4.179378E+0
-4.047078E+0
-3.638418E+0
-2.788758E+0
-1.795038E+0
-8.851080E-1
-1.089480E-1
5.319720E-1
1.052352E+0
1.466892E+0
1.791762E+0
2.032842E+0
2.204832E+0
2.320962E+0
2.378292E+0
2.368002E+0
2.291562E+0
2.160732E+0
1.982862E+0
1.753542E+0
1.480122E+0
1.172892E+0
8.186220E-1
4.173120E-1
-3.544800E-2
-5.337780E-1
-1.051218E+0
-1.573068E+0
-2.091978E+0
-2.609418E+0
-3.120978E+0
-3.617838E+0
-4.095588E+0
-4.558638E+0
-5.006988E+0
-5.446518E+0
-5.883108E+0
-6.319698E+0
-6.770988E+0
-7.248738E+0
-7.763238E+0
-8.326248E+0
-8.959818E+0
-9.663948E+0
-1.044746E+1
-1.125743E+1
-1.195274E+1
-1.242902E+1
-1.242902E+1
-1.213796E+1
-1.171607E+1
-1.128389E+1
-1.090169E+1
-1.059446E+1
-1.039454E+1
-1.025930E+1
-1.019609E+1
-1.017992E+1
-1.022696E+1
-1.034309E+1
-1.051949E+1
-1.071206E+1
-1.094579E+1
-1.115747E+1
-1.133681E+1
-1.141913E+1
-1.131035E+1
-1.110749E+1
-1.077380E+1
-1.039454E+1
-1.001381E+1
-9.652188E+0
-9.374358E+0
-9.167088E+0
-9.050958E+0
-9.014208E+0
-9.080358E+0
-9.268518E+0
-9.578688E+0
-1.002851E+1
-1.069148E+1
-1.168520E+1
-1.356680E+1
-2.088005E+1
-2.088005E+1
-2.088005E+1
-2.088005E+1
-2.088005E+1
-2.088005E+1
-2.088005E+1
-2.088005E+1
-2.088005E+1
-2.088005E+1
-2.088005E+1
-1.315961E+1
-1.136327E+1
-1.036073E+1
-9.702168E+0
-9.227358E+0
-8.889258E+0
-8.643768E+0
-8.479128E+0
-8.380638E+0
-8.339478E+0
-8.346828E+0
-8.393868E+0
-8.486478E+0
-8.620248E+0
-8.787828E+0
-8.996568E+0
-9.268518E+0
-9.615438E+0
-1.010201E+1
-1.077380E+1
-1.184837E+1
-1.426799E+1
-2.088005E+1
-2.088005E+1
-2.088005E+1
-2.088005E+1
-2.088005E+1
-2.088005E+1
-2.088005E+1
-2.088005E+1
-2.088005E+1
-2.088005E+1
-2.088005E+1
-2.088005E+1
-2.088005E+1
-2.088005E+1
-1.937477E+1
-1.485893E+1
-1.380494E+1
-1.342274E+1
-1.322135E+1
-1.315961E+1
-1.315961E+1
-1.292441E+1
-1.256573E+1
-1.206152E+1
-1.147499E+1
-1.087964E+1
-1.030928E+1
-9.831528E+0
-9.462558E+0
-9.186198E+0
-9.033318E+0
-8.977458E+0
-9.042138E+0
-9.206778E+0
-9.484608E+0
-9.844758E+0
-1.027694E+1
-1.071206E+1
-1.106045E+1
-1.128389E+1
-1.128389E+1
-1.118099E+1
-1.098989E+1
-1.083554E+1
-1.075322E+1
-1.077380E+1
-1.094579E+1
-1.125743E+1
-1.178222E+1
-1.256573E+1
-1.397840E+1
-1.937477E+1
-2.088005E+1
-2.088005E+1
-2.088005E+1
-2.088005E+1
-2.088005E+1
-2.088005E+1
-2.088005E+1
-2.088005E+1
-2.088005E+1
-2.088005E+1
-1.548368E+1
-1.349330E+1
-1.242902E+1
-1.159259E+1
-1.094579E+1
-1.039454E+1
-9.899148E+0
-9.484608E+0
-9.127398E+0
-8.828988E+0
-8.589378E+0
-8.414448E+0
-8.299788E+0
-8.254218E+0
-8.273328E+0
-8.360058E+0
-8.523228E+0
-8.762838E+0
-9.099468E+0
-9.555168E+0
-1.014905E+1
-1.094579E+1
-1.206152E+1
-1.372262E+1
-1.849424E+1
-2.088005E+1
-2.088005E+1
-2.088005E+1
-2.088005E+1
-2.088005E+1
-1.610843E+1
-1.397840E+1
-1.286855E+1
-1.209974E+1
-1.153379E+1
-1.113248E+1
-1.085759E+1
-1.071206E+1
-1.069148E+1
-1.083554E+1
-1.118099E+1
-1.188218E+1
-1.328750E+1
-2.088005E+1
-2.088005E+1
-2.088005E+1
-2.088005E+1
-2.088005E+1
-2.088005E+1
-2.088005E+1
-2.088005E+1
-2.088005E+1
-2.088005E+1
-2.088005E+1
-2.088005E+1
-2.088005E+1
-2.088005E+1
-2.088005E+1
-2.088005E+1
-2.088005E+1
-2.088005E+1
-2.088005E+1
-2.088005E+1
-2.088005E+1
-2.088005E+1
-1.849424E+1
-1.315961E+1
-1.202477E+1
-1.147499E+1
-1.123244E+1
-1.115747E+1
-1.118099E+1
-1.125743E+1
-1.131035E+1
-1.133681E+1
-1.125743E+1
-1.108397E+1
-1.083554E+1
-1.053860E+1
-1.022696E+1
-9.941778E+0
-9.702168E+0
-9.508128E+0
-9.374358E+0
-9.289098E+0
-9.278808E+0
-9.319968E+0
-9.396408E+0
-9.496368E+0
-9.590448E+0
-9.663948E+0
-9.727158E+0
-9.738918E+0
-9.752148E+0
-9.778608E+0
-9.831528E+0
-9.955008E+0
-1.016375E+1
-1.050185E+1
-1.101341E+1
-1.178222E+1
-1.315961E+1
-1.738439E+1
-2.088005E+1
-2.088005E+1
-2.088005E+1
-2.088005E+1
-2.088005E+1
-2.088005E+1
-2.088005E+1
-2.088005E+1
-2.088005E+1
-2.088005E+1
-1.335365E+1
-1.168520E+1
-1.075322E+1
-1.014905E+1
-9.752148E+0
-9.484608E+0
-9.309678E+0
-9.217068E+0
-9.186198E+0
-9.217068E+0
-9.330258E+0
-9.531648E+0
-9.818298E+0
-1.021079E+1
-1.075322E+1
-1.144706E+1
-1.234082E+1
-1.342274E+1
-1.437383E+1
-1.472663E+1
-1.416803E+1
-1.322135E+1
-1.234082E+1
-1.168520E+1
-1.120745E+1
-1.092374E+1
-1.077380E+1
-1.077380E+1
-1.096784E+1
-1.139120E+1
-1.217765E+1
-1.389020E+1
-2.088005E+1
-2.088005E+1
-2.088005E+1
-2.088005E+1
-2.088005E+1
-2.088005E+1
-2.088005E+1
-2.088005E+1
-2.088005E+1
-2.088005E+1
-2.088005E+1
-2.088005E+1
-2.088005E+1
-2.088005E+1
-2.088005E+1
-2.088005E+1
-2.088005E+1
-2.088005E+1
-2.088005E+1
-2.088005E+1
-2.088005E+1
-2.088005E+1
-2.088005E+1
-2.088005E+1
-2.088005E+1
-2.088005E+1
-2.088005E+1
-2.088005E+1
-2.088005E+1
-2.088005E+1
-2.088005E+1
-2.088005E+1
-2.088005E+1
-2.088005E+1
-1.460315E+1
-1.309787E+1
-1.256573E+1
-1.256573E+1
-1.309787E+1
-1.472663E+1
-2.088005E+1
-2.088005E+1
-2.088005E+1
-2.088005E+1
-2.088005E+1
-2.088005E+1
-2.088005E+1
-2.088005E+1
-2.088005E+1
-2.088005E+1
-2.088005E+1
-2.088005E+1
-2.088005E+1
-2.088005E+1
-2.088005E+1
-2.088005E+1
-2.088005E+1
-2.088005E+1
-1.738439E+1
-1.335365E+1
-1.221734E+1
-1.162346E+1
-1.128389E+1
-1.110749E+1
-1.101341E+1
-1.098989E+1
-1.098989E+1
-1.098989E+1
-1.103693E+1
-1.108397E+1
-1.120745E+1
-1.133681E+1
-1.156319E+1
-1.188218E+1
-1.238492E+1
-1.309787E+1
-1.426799E+1
-1.698896E+1
-2.088005E+1
-2.088005E+1
-2.088005E+1
-2.088005E+1
-2.088005E+1
-2.088005E+1
-2.088005E+1
-2.088005E+1
-2.088005E+1
-2.088005E+1
-2.088005E+1
-2.088005E+1
-2.088005E+1
-2.088005E+1
-2.088005E+1
-2.088005E+1
-2.088005E+1
-1.698896E+1
-1.286855E+1
-1.168520E+1
-1.108397E+1
-1.081496E+1
-1.079438E+1
-1.101341E+1
-1.153379E+1
-1.261277E+1
-1.567331E+1
-2.088005E+1
-2.088005E+1
-2.088005E+1
-2.088005E+1
-2.088005E+1
-2.088005E+1
-2.088005E+1
-2.088005E+1
-2.088005E+1
-2.088005E+1
-1.437383E+1
-1.271273E+1
-1.184837E+1
-1.125743E+1
-1.079438E+1
-1.042982E+1
-1.013288E+1
-9.899148E+0
-9.727158E+0
-9.627198E+0
-9.578688E+0
-9.578688E+0
-9.602208E+0
-9.638958E+0
-9.675708E+0
-9.702168E+0
-9.713928E+0
-9.738918E+0
-9.805068E+0
-9.927078E+0
-1.013288E+1
-1.044746E+1
-1.094579E+1
-1.165433E+1
-1.276271E+1
-1.485893E+1
-2.088005E+1
-2.088005E+1
-2.088005E+1
-2.088005E+1
-2.088005E+1
-2.088005E+1
-2.088005E+1
-1.937477E+1
-1.426799E+1
-1.286855E+1
-1.206152E+1
-1.159259E+1
-1.133681E+1
-1.123244E+1
-1.131035E+1
-1.150439E+1
-1.178222E+1
-1.202477E+1
-1.217765E+1
-1.209974E+1
-1.184837E+1
-1.147499E+1
-1.110749E+1
-1.075322E+1
-1.050185E+1
-1.030928E+1
-1.019609E+1
-1.013288E+1
-1.010201E+1
-1.008731E+1
-1.010201E+1
-1.013288E+1
-1.014905E+1
-1.017992E+1
-1.022696E+1
-1.029311E+1
-1.036073E+1
-1.041218E+1
-1.046510E+1
-1.051949E+1
-1.059446E+1
-1.069148E+1
-1.085759E+1
-1.118099E+1
-1.181456E+1
-1.303907E+1
-1.937477E+1
-2.088005E+1
-2.088005E+1
-2.088005E+1
-2.088005E+1
-2.088005E+1
-2.088005E+1
-2.088005E+1
-2.088005E+1
-2.088005E+1
-2.088005E+1
-2.088005E+1
-2.088005E+1
-2.088005E+1
-1.587911E+1
-1.322135E+1
-1.209974E+1
-1.139120E+1
-1.085759E+1
-1.048274E+1
-1.021079E+1
-1.001381E+1
-9.857988E+0
-9.752148E+0
-9.688938E+0
-9.652188E+0
-9.627198E+0
-9.627198E+0
-9.638958E+0
-9.688938E+0
-9.752148E+0
-9.844758E+0
-9.927078E+0
-9.984408E+0
-9.999108E+0
-9.927078E+0
-9.805068E+0
-9.638958E+0
-9.484608E+0
-9.362598E+0
-9.289098E+0
-9.299388E+0
-9.406698E+0
-9.627198E+0
-9.984408E+0
-1.051949E+1
-1.133681E+1
-1.266275E+1
-1.636421E+1
-2.088005E+1
-2.088005E+1
-2.088005E+1
-2.088005E+1
-2.088005E+1
-2.088005E+1
-2.088005E+1
-2.088005E+1
-2.088005E+1
-2.088005E+1
-2.088005E+1
-2.088005E+1
-1.567331E+1
-1.309787E+1
-1.213796E+1
-1.171607E+1
-1.165433E+1
-1.188218E+1
-1.238492E+1
-1.322135E+1
-1.460315E+1
-1.786949E+1
-2.088005E+1
-2.088005E+1
-2.088005E+1
-2.088005E+1
-1.610843E+1
-1.397840E+1
-1.276271E+1
-1.188218E+1
-1.118099E+1
-1.061357E+1
-1.014905E+1
-9.752148E+0
-9.418458E+0
-9.156798E+0
-8.968638E+0
-8.855448E+0
-8.803998E+0
-8.821638E+0
-8.906898E+0
-9.070068E+0
-9.319968E+0
-9.652188E+0
-1.011818E+1
-1.075322E+1
-1.168520E+1
-1.335365E+1
-2.088005E+1
-2.088005E+1
-2.088005E+1
-2.088005E+1
-2.088005E+1
-2.088005E+1
-2.088005E+1
-2.088005E+1
-2.088005E+1
-2.088005E+1
-2.088005E+1
-2.088005E+1
-2.088005E+1
-2.088005E+1
-2.088005E+1
-2.088005E+1
-2.088005E+1
-2.088005E+1
-2.088005E+1
-2.088005E+1
-2.088005E+1
-2.088005E+1
-2.088005E+1
-2.088005E+1
-2.088005E+1
-2.088005E+1
-2.088005E+1
-2.088005E+1
-2.088005E+1
-2.088005E+1
-2.088005E+1
-1.738439E+1
-1.303907E+1
-1.159259E+1
-1.067237E+1
-9.984408E+0
-9.462558E+0
-9.070068E+0
-8.771658E+0
-8.567328E+0
-8.449728E+0
-8.429148E+0
-8.501178E+0
-8.667288E+0
-8.924538E+0
-9.299388E+0
-9.778608E+0
-1.036073E+1
-1.096784E+1
-1.150439E+1
-1.171607E+1
-1.153379E+1
-1.106045E+1
-1.050185E+1
-9.984408E+0
-9.555168E+0
-9.237648E+0
-9.033318E+0
-8.924538E+0
-8.915718E+0
-8.996568E+0
-9.156798E+0
-9.406698E+0
-9.713928E+0
-1.007261E+1
-1.044746E+1
-1.077380E+1
-1.101341E+1
-1.115747E+1
-1.115747E+1
-1.108397E+1
-1.096784E+1
-1.085759E+1
-1.077380E+1
-1.071206E+1
-1.065326E+1
-1.059446E+1
-1.050185E+1
-1.039454E+1
-1.022696E+1
-1.002851E+1
-9.805068E+0
-9.590448E+0
-9.374358E+0
-9.167088E+0
-8.987748E+0
-8.828988E+0
-8.705508E+0
-8.612898E+0
-8.552628E+0
-8.530578E+0
-8.567328E+0
-8.651118E+0
-8.795178E+0
-8.996568E+0
-9.268518E+0
-9.602208E+0
-1.001381E+1
-1.044746E+1
-1.092374E+1
-1.136327E+1
-1.174841E+1
-1.202477E+1
-1.213796E+1
-1.209974E+1
-1.191746E+1
-1.171607E+1
-1.141913E+1
-1.110749E+1
-1.075322E+1
-1.039454E+1
-1.005791E+1
-9.738918E+0
-9.462558E+0
-9.217068E+0
-9.014208E+0
-8.837808E+0
-8.690808E+0
-8.559978E+0
-8.449728E+0
-8.360058E+0
-8.292438E+0
-8.267448E+0
-8.292438E+0
-8.393868E+0
-8.582028E+0
-8.898078E+0
-9.374358E+0
-1.008731E+1
-1.123244E+1
-1.364324E+1
-2.088005E+1
-2.088005E+1
-2.088005E+1
-2.088005E+1
-2.088005E+1
-2.088005E+1
-2.088005E+1
-2.088005E+1
-2.088005E+1
-2.088005E+1
-1.303907E+1
-1.144706E+1
-1.057535E+1
-1.004321E+1
-9.738918E+0
-9.590448E+0
-9.602208E+0
-9.752148E+0
-1.004321E+1
-1.051949E+1
-1.123244E+1
-1.234082E+1
-1.437383E+1
-2.088005E+1
-2.088005E+1
-2.088005E+1
-2.088005E+1
-2.088005E+1
-2.088005E+1
-2.088005E+1
-2.088005E+1
-1.636421E+1
-1.448555E+1
-1.389020E+1
-1.389020E+1
-1.460315E+1
-1.786949E+1
-2.088005E+1
-2.088005E+1
-2.088005E+1
-2.088005E+1
-2.088005E+1
-2.088005E+1
-2.088005E+1
-2.088005E+1
-2.088005E+1
-2.088005E+1
-2.088005E+1
-2.088005E+1
-2.088005E+1
-2.088005E+1
-2.088005E+1
-2.088005E+1
-2.088005E+1
-2.088005E+1
-2.088005E+1
-2.088005E+1
-2.088005E+1
-2.088005E+1
-2.088005E+1
-2.088005E+1
-2.088005E+1
-2.088005E+1
-2.088005E+1
-2.088005E+1
-2.088005E+1
-2.088005E+1
-2.088005E+1
-2.088005E+1
-2.088005E+1
-2.088005E+1
-2.088005E+1
-2.088005E+1
-2.088005E+1
-2.088005E+1
-2.088005E+1
-2.088005E+1
-2.088005E+1
-2.088005E+1
-2.088005E+1
-2.088005E+1
-2.088005E+1
-2.088005E+1
-2.088005E+1
-2.088005E+1
-2.088005E+1
-2.088005E+1
-2.088005E+1
-2.088005E+1
-2.088005E+1
-2.088005E+1
-2.088005E+1
-2.088005E+1
-2.088005E+1
-2.088005E+1
-2.088005E+1
-2.088005E+1
-2.088005E+1
-2.088005E+1
-2.088005E+1
-2.088005E+1
-2.088005E+1
-2.088005E+1
-2.088005E+1
-2.088005E+1
-2.088005E+1
-2.088005E+1
-2.088005E+1
-2.088005E+1
-2.088005E+1
-2.088005E+1
-1.349330E+1
-1.188218E+1
-1.103693E+1
-1.053860E+1
-1.025930E+1
-1.014905E+1
-1.017992E+1
-1.036073E+1
-1.071206E+1
-1.131035E+1
-1.229966E+1
-1.437383E+1
-2.088005E+1
-2.088005E+1
-2.088005E+1
-2.088005E+1
-2.088005E+1
-2.088005E+1
-2.088005E+1
-2.088005E+1
-2.088005E+1
-1.328750E+1
-1.159259E+1
-1.071206E+1
-1.014905E+1
-9.778608E+0
-9.508128E+0
-9.299388E+0
-9.118578E+0
-8.959818E+0
-8.812818E+0
-8.698158E+0
-8.604078E+0
-8.537928E+0
-8.515878E+0
-8.523228E+0
-8.574678E+0
-8.643768E+0
-8.730498E+0
-8.803998E+0
-8.862798E+0
-8.889258E+0
-8.889258E+0
-8.855448E+0
-8.803998E+0
-8.746668E+0
-8.705508E+0
-8.698158E+0
-8.730498E+0
-8.812818E+0
-8.968638E+0
-9.196488E+0
-9.508128E+0
-9.927078E+0
-1.042982E+1
-1.101341E+1
-1.162346E+1
-1.225850E+1
-1.276271E+1
-1.303907E+1
-1.315961E+1
-1.322135E+1
-1.342274E+1
-1.372262E+1
-1.437383E+1
-1.531022E+1
-1.786949E+1
-2.088005E+1
-2.088005E+1
-2.088005E+1
-2.088005E+1
-2.088005E+1
-2.088005E+1
-2.088005E+1
-2.088005E+1
-2.088005E+1
-2.088005E+1
-2.088005E+1
-2.088005E+1
-2.088005E+1
-2.088005E+1
-2.088005E+1
-2.088005E+1
-2.088005E+1
-2.088005E+1
-2.088005E+1
-2.088005E+1
-2.088005E+1
-2.088005E+1
-2.088005E+1
-2.088005E+1
-2.088005E+1
-2.088005E+1
-2.088005E+1
-2.088005E+1
-2.088005E+1
-2.088005E+1
-2.088005E+1
-2.088005E+1
-2.088005E+1
-2.088005E+1
-2.088005E+1
-2.088005E+1
-2.088005E+1
-2.088005E+1
-2.088005E+1
-2.088005E+1
-2.088005E+1
-1.937477E+1
-1.610843E+1
-1.426799E+1
-1.315961E+1
-1.238492E+1
-1.188218E+1
-1.156319E+1
-1.136327E+1
-1.123244E+1
-1.118099E+1
-1.118099E+1
-1.118099E+1
-1.118099E+1
-1.113248E+1
-1.108397E+1
-1.106045E+1
-1.108397E+1
-1.115747E+1
-1.136327E+1
-1.174841E+1
-1.238492E+1
-1.356680E+1
-1.636421E+1
-2.088005E+1
-2.088005E+1
-2.088005E+1
-2.088005E+1
-2.088005E+1
-2.088005E+1
-2.088005E+1
-2.088005E+1
-2.088005E+1
-2.088005E+1
-2.088005E+1
-2.088005E+1
-2.088005E+1
-2.088005E+1
-2.088005E+1
-2.088005E+1
-2.088005E+1
-2.088005E+1
-2.088005E+1
-2.088005E+1
-2.088005E+1
-2.088005E+1
-2.088005E+1
-2.088005E+1
-2.088005E+1
-2.088005E+1
-2.088005E+1
-1.937477E+1
-1.342274E+1
-1.206152E+1
-1.125743E+1
-1.067237E+1
-1.019609E+1
-9.805068E+0
-9.474318E+0
-9.196488E+0
-8.977458E+0
-8.795178E+0
-8.667288E+0
-8.582028E+0
-8.552628E+0
-8.567328E+0
-8.627598E+0
-8.737848E+0
-8.906898E+0
-9.137688E+0
-9.428748E+0
-9.765378E+0
-1.016375E+1
-1.059446E+1
-1.106045E+1
-1.153379E+1
-1.206152E+1
-1.266275E+1
-1.335365E+1
-1.448555E+1
-1.665380E+1
-2.088005E+1
-2.088005E+1
-2.088005E+1
-2.088005E+1
-2.088005E+1
-2.088005E+1
-2.088005E+1
-2.088005E+1
-2.088005E+1
-2.088005E+1
-2.088005E+1
-2.088005E+1
-2.088005E+1
-2.088005E+1
-2.088005E+1
-2.088005E+1
-2.088005E+1
-2.088005E+1
-2.088005E+1
-2.088005E+1
-2.088005E+1
-2.088005E+1
-2.088005E+1
-2.088005E+1
-2.088005E+1
-2.088005E+1
-2.088005E+1
-2.088005E+1
-2.088005E+1
-2.088005E+1
-2.088005E+1
-2.088005E+1
-2.088005E+1
-2.088005E+1
-2.088005E+1
-2.088005E+1
-2.088005E+1
-2.088005E+1
-2.088005E+1
-2.088005E+1
-2.088005E+1
-2.088005E+1
-2.088005E+1
-2.088005E+1
-2.088005E+1
-2.088005E+1
-1.786949E+1
-1.567331E+1
-1.485893E+1
-1.472663E+1
-1.499858E+1
-1.610843E+1
-2.088005E+1
-2.088005E+1
-2.088005E+1
-2.088005E+1
-2.088005E+1
-2.088005E+1
-2.088005E+1
-2.088005E+1
-2.088005E+1
-2.088005E+1
-2.088005E+1
-2.088005E+1
-2.088005E+1
-2.088005E+1
-2.088005E+1
-2.088005E+1
-2.088005E+1
-2.088005E+1
-2.088005E+1
-2.088005E+1
-2.088005E+1
-2.088005E+1
-1.738439E+1
-1.315961E+1
-1.209974E+1
-1.165433E+1
-1.153379E+1
-1.174841E+1
-1.234082E+1
-1.356680E+1
-1.738439E+1
-2.088005E+1
-2.088005E+1
-2.088005E+1
-2.088005E+1
-2.088005E+1
-2.088005E+1
-2.088005E+1
-2.088005E+1
-2.088005E+1
-2.088005E+1
-2.088005E+1
-2.088005E+1
-2.088005E+1
-2.088005E+1
-2.088005E+1
-2.088005E+1
-2.088005E+1
-2.088005E+1
-2.088005E+1
-2.088005E+1
-2.088005E+1
-2.088005E+1
-2.088005E+1
-2.088005E+1
-1.548368E+1
-1.256573E+1
-1.133681E+1
-1.059446E+1
-1.007261E+1
-9.752148E+0
-9.566928E+0
-9.519888E+0
-9.615438E+0
-9.857988E+0
-1.025930E+1
-1.087964E+1
-1.188218E+1
-1.372262E+1
-2.088005E+1
-2.088005E+1
-2.088005E+1
-2.088005E+1
-2.088005E+1
-2.088005E+1
-2.088005E+1
-2.088005E+1
-2.088005E+1
-1.426799E+1
-1.276271E+1
-1.191746E+1
-1.136327E+1
-1.098989E+1
-1.073264E+1
-1.057535E+1
-1.050185E+1
-1.055624E+1
-1.073264E+1
-1.110749E+1
-1.171607E+1
-1.281563E+1
-1.548368E+1
-2.088005E+1
-2.088005E+1
-2.088005E+1
-2.088005E+1
-2.088005E+1
-2.088005E+1
-2.088005E+1
-2.088005E+1
-1.548368E+1
-1.389020E+1
-1.342274E+1
-1.349330E+1
-1.407101E+1
-1.567331E+1
-2.088005E+1
-2.088005E+1
-2.088005E+1
-2.088005E+1
-2.088005E+1
-2.088005E+1
-2.088005E+1
-2.088005E+1
-2.088005E+1
-2.088005E+1
-2.088005E+1
-2.088005E+1
-2.088005E+1
-2.088005E+1
-2.088005E+1
-2.088005E+1
-2.088005E+1
-2.088005E+1
-2.088005E+1
-2.088005E+1
-2.088005E+1
-2.088005E+1
-2.088005E+1
-2.088005E+1
-2.088005E+1
-2.088005E+1
-2.088005E+1
-2.088005E+1
-2.088005E+1
-2.088005E+1
-1.472663E+1
-1.286855E+1
-1.198802E+1
-1.147499E+1
-1.115747E+1
-1.098989E+1
-1.087964E+1
-1.087964E+1
-1.094579E+1
-1.108397E+1
-1.128389E+1
-1.159259E+1
-1.202477E+1
-1.276271E+1
-1.426799E+1
-2.088005E+1
-2.088005E+1
-2.088005E+1
-2.088005E+1
-2.088005E+1
-2.088005E+1
-2.088005E+1
-2.088005E+1
-2.088005E+1
-2.088005E+1
-2.088005E+1
-2.088005E+1
-2.088005E+1
-2.088005E+1
-2.088005E+1
-2.088005E+1
-2.088005E+1
-2.088005E+1
-2.088005E+1
-2.088005E+1
-2.088005E+1
-1.349330E+1
-1.191746E+1
-1.123244E+1
-1.092374E+1
-1.085759E+1
-1.094579E+1
-1.113248E+1
-1.139120E+1
-1.159259E+1
-1.165433E+1
-1.153379E+1
-1.125743E+1
-1.092374E+1
-1.061357E+1
-1.039454E+1
-1.025930E+1
-1.027694E+1
-1.041218E+1
-1.065326E+1
-1.101341E+1
-1.139120E+1
-1.168520E+1
-1.174841E+1
-1.153379E+1
-1.110749E+1
-1.067237E+1
-1.027694E+1
-1.002851E+1
-9.913848E+0
-9.955008E+0
-1.017992E+1
-1.065326E+1
-1.153379E+1
-1.322135E+1
-2.088005E+1
-2.088005E+1
-2.088005E+1
-2.088005E+1
-2.088005E+1
-2.088005E+1
-2.088005E+1
-2.088005E+1
-2.088005E+1
-2.088005E+1
-2.088005E+1
-2.088005E+1
-2.088005E+1
-1.738439E+1
-1.738439E+1
-1.937477E+1
-2.088005E+1
-2.088005E+1
-2.088005E+1
-2.088005E+1
-2.088005E+1
-2.088005E+1
-2.088005E+1
-2.088005E+1
-2.088005E+1
-2.088005E+1
-2.088005E+1
-2.088005E+1
-2.088005E+1
-2.088005E+1
-2.088005E+1
-2.088005E+1
-2.088005E+1
-2.088005E+1
-2.088005E+1
-2.088005E+1
-2.088005E+1
-2.088005E+1
-2.088005E+1
-2.088005E+1
-2.088005E+1
-2.088005E+1
-2.088005E+1
-2.088005E+1
-2.088005E+1
-2.088005E+1
-2.088005E+1
-1.567331E+1
-1.349330E+1
-1.271273E+1
-1.238492E+1
-1.238492E+1
-1.261277E+1
-1.309787E+1
-1.372262E+1
-1.426799E+1
-1.448555E+1
-1.426799E+1
-1.380494E+1
-1.322135E+1
-1.271273E+1
-1.225850E+1
-1.198802E+1
-1.181456E+1
-1.178222E+1
-1.181456E+1
-1.195274E+1
-1.217765E+1
-1.266275E+1
-1.342274E+1
-1.531022E+1
-2.088005E+1
-2.088005E+1
-2.088005E+1
-2.088005E+1
-2.088005E+1
-2.088005E+1
-2.088005E+1
-2.088005E+1
-2.088005E+1
-2.088005E+1
-2.088005E+1
-2.088005E+1
-2.088005E+1
-2.088005E+1
-2.088005E+1
-2.088005E+1
-2.088005E+1
-2.088005E+1
-2.088005E+1
-1.786949E+1
-1.416803E+1
-1.309787E+1
-1.251869E+1
-1.217765E+1
-1.191746E+1
-1.168520E+1
-1.141913E+1
-1.113248E+1
-1.081496E+1
-1.053860E+1
-1.029311E+1
-1.011818E+1
-1.001381E+1
-9.969708E+0
-9.999108E+0
-1.013288E+1
-1.034309E+1
-1.065326E+1
-1.106045E+1
-1.162346E+1
-1.242902E+1
-1.364324E+1
-1.610843E+1
-2.088005E+1
-2.088005E+1
-2.088005E+1
-2.088005E+1
-2.088005E+1
-2.088005E+1
-1.665380E+1
-1.416803E+1
-1.298027E+1
-1.234082E+1
-1.198802E+1
-1.188218E+1
-1.195274E+1
-1.229966E+1
-1.303907E+1
-1.448555E+1
-2.088005E+1
-2.088005E+1
-2.088005E+1
-2.088005E+1
-2.088005E+1
-2.088005E+1
-2.088005E+1
-2.088005E+1
-2.088005E+1
-1.499858E+1
-1.356680E+1
-1.286855E+1
-1.256573E+1
-1.242902E+1
-1.247312E+1
-1.261277E+1
-1.281563E+1
-1.298027E+1
-1.298027E+1
-1.276271E+1
-1.242902E+1
-1.206152E+1
-1.174841E+1
-1.150439E+1
-1.139120E+1
-1.136327E+1
-1.144706E+1
-1.162346E+1
-1.181456E+1
-1.198802E+1
-1.206152E+1
-1.191746E+1
-1.165433E+1
-1.128389E+1
-1.092374E+1
-1.055624E+1
-1.022696E+1
-9.969708E+0
-9.778608E+0
-9.652188E+0
-9.578688E+0
-9.555168E+0
-9.590448E+0
-9.675708E+0
-9.818298E+0
-9.984408E+0
-1.019609E+1
-1.041218E+1
-1.065326E+1
-1.087964E+1
-1.110749E+1
-1.131035E+1
-1.147499E+1
-1.165433E+1
-1.184837E+1
-1.209974E+1
-1.242902E+1
-1.286855E+1
-1.349330E+1
-1.460315E+1
-1.698896E+1
-2.088005E+1
-2.088005E+1
-2.088005E+1
-2.088005E+1
-2.088005E+1
-2.088005E+1
-2.088005E+1
-2.088005E+1
-2.088005E+1
-2.088005E+1
-2.088005E+1
-1.448555E+1
-1.309787E+1
-1.247312E+1
-1.229966E+1
-1.251869E+1
-1.335365E+1
-1.587911E+1
-2.088005E+1
-2.088005E+1
-2.088005E+1
-2.088005E+1
-2.088005E+1
-2.088005E+1
-2.088005E+1
-2.088005E+1
-2.088005E+1
-2.088005E+1
-2.088005E+1
-2.088005E+1
-2.088005E+1
-2.088005E+1
-2.088005E+1
-2.088005E+1
-2.088005E+1
-2.088005E+1
-2.088005E+1
-2.088005E+1
-2.088005E+1
-2.088005E+1
-2.088005E+1
-2.088005E+1
-2.088005E+1
-2.088005E+1
-2.088005E+1
-2.088005E+1
-2.088005E+1
-1.460315E+1
-1.229966E+1
-1.123244E+1
-1.059446E+1
-1.021079E+1
-1.005791E+1
-1.008731E+1
-1.030928E+1
-1.077380E+1
-1.159259E+1
-1.309787E+1
-2.088005E+1
-2.088005E+1
-2.088005E+1
-2.088005E+1
-2.088005E+1
-2.088005E+1
-2.088005E+1
-2.088005E+1
-2.088005E+1
-2.088005E+1
-2.088005E+1
-2.088005E+1
-2.088005E+1
-2.088005E+1
-2.088005E+1
-2.088005E+1
-2.088005E+1
-2.088005E+1
-2.088005E+1
-2.088005E+1
-2.088005E+1
-2.088005E+1
-2.088005E+1
-2.088005E+1
-2.088005E+1
-2.088005E+1
-2.088005E+1
-2.088005E+1
-2.088005E+1
-2.088005E+1
-2.088005E+1
-2.088005E+1
-2.088005E+1
-2.088005E+1
-2.088005E+1
-2.088005E+1
-2.088005E+1
-2.088005E+1
-2.088005E+1
-2.088005E+1
-2.088005E+1
-2.088005E+1
-2.088005E+1
-2.088005E+1
-2.088005E+1
-2.088005E+1
-2.088005E+1
-2.088005E+1
-2.088005E+1
-2.088005E+1
-2.088005E+1
-2.088005E+1
-2.088005E+1
-1.937477E+1
-1.437383E+1
-1.303907E+1
-1.229966E+1
-1.188218E+1
-1.162346E+1
-1.159259E+1
-1.168520E+1
-1.191746E+1
-1.221734E+1
-1.242902E+1
-1.251869E+1
-1.229966E+1
-1.184837E+1
-1.128389E+1
-1.075322E+1
-1.029311E+1
-9.969708E+0
-9.765378E+0
-9.675708E+0
-9.688938E+0
-9.818298E+0
-1.005791E+1
-1.039454E+1
-1.081496E+1
-1.133681E+1
-1.198802E+1
-1.298027E+1
-1.499858E+1
-2.088005E+1
-2.088005E+1
-2.088005E+1
-2.088005E+1
-2.088005E+1
-2.088005E+1
-2.088005E+1
-2.088005E+1
-2.088005E+1
-2.088005E+1
-2.088005E+1
-2.088005E+1
-2.088005E+1
-2.088005E+1
-2.088005E+1
-2.088005E+1
-2.088005E+1
-2.088005E+1
-2.088005E+1
-2.088005E+1
-2.088005E+1
-2.088005E+1
-1.261277E+1
-1.115747E+1
-1.037690E+1
-9.927078E+0
-9.713928E+0
-9.652188E+0
-9.752148E+0
-1.002851E+1
-1.050185E+1
-1.131035E+1
-1.281563E+1
-2.088005E+1
-2.088005E+1
-2.088005E+1
-2.088005E+1
-2.088005E+1
-2.088005E+1
-2.088005E+1
-2.088005E+1
-2.088005E+1
-2.088005E+1
-2.088005E+1
-2.088005E+1
-2.088005E+1
-2.088005E+1
-2.088005E+1
-2.088005E+1
-2.088005E+1
-2.088005E+1
-2.088005E+1
-2.088005E+1
-2.088005E+1
-2.088005E+1
-2.088005E+1
-2.088005E+1
-2.088005E+1
-1.698896E+1
-1.292441E+1
-1.165433E+1
-1.098989E+1
-1.065326E+1
-1.055624E+1
-1.069148E+1
-1.108397E+1
-1.181456E+1
-1.322135E+1
-1.849424E+1
-2.088005E+1
-2.088005E+1
-2.088005E+1
-2.088005E+1
-2.088005E+1
-2.088005E+1
-2.088005E+1
-2.088005E+1
-1.407101E+1
-1.292441E+1
-1.266275E+1
-1.303907E+1
-1.472663E+1
-2.088005E+1
-2.088005E+1
-2.088005E+1
-2.088005E+1
-2.088005E+1
-2.088005E+1
-2.088005E+1
-2.088005E+1
-2.088005E+1
-2.088005E+1
-2.088005E+1
-2.088005E+1
-2.088005E+1
-2.088005E+1
-1.514852E+1
-1.328750E+1
-1.242902E+1
-1.191746E+1
-1.156319E+1
-1.133681E+1
-1.113248E+1
-1.098989E+1
-1.087964E+1
-1.085759E+1
-1.087964E+1
-1.094579E+1
-1.108397E+1
-1.125743E+1
-1.147499E+1
-1.171607E+1
-1.195274E+1
-1.221734E+1
-1.247312E+1
-1.271273E+1
-1.303907E+1
-1.335365E+1
-1.372262E+1
-1.397840E+1
-1.416803E+1
-1.416803E+1
-1.407101E+1
-1.380494E+1
-1.364324E+1
-1.356680E+1
-1.372262E+1
-1.407101E+1
-1.472663E+1
-1.610843E+1
-2.088005E+1
-2.088005E+1
-2.088005E+1
-2.088005E+1
-2.088005E+1
-2.088005E+1
-2.088005E+1
-2.088005E+1
-2.088005E+1
-2.088005E+1
-2.088005E+1
-2.088005E+1
-2.088005E+1
-2.088005E+1
-2.088005E+1
-2.088005E+1
-2.088005E+1
-2.088005E+1
-2.088005E+1
-2.088005E+1
-2.088005E+1
-2.088005E+1
-2.088005E+1
-2.088005E+1
-2.088005E+1
-2.088005E+1
-2.088005E+1
-2.088005E+1
-2.088005E+1
-2.088005E+1
-2.088005E+1
-2.088005E+1
-1.610843E+1
-1.342274E+1
-1.229966E+1
-1.168520E+1
-1.131035E+1
-1.108397E+1
-1.098989E+1
-1.103693E+1
-1.120745E+1
-1.150439E+1
-1.198802E+1
-1.266275E+1
-1.380494E+1
-1.587911E+1
-2.088005E+1
-2.088005E+1
-2.088005E+1
-2.088005E+1
-2.088005E+1
-2.088005E+1
-2.088005E+1
-2.088005E+1
-2.088005E+1
-2.088005E+1
-2.088005E+1
-2.088005E+1
-2.088005E+1
-2.088005E+1
-2.088005E+1
-2.088005E+1
-2.088005E+1
-2.088005E+1
-2.088005E+1
-2.088005E+1
-1.472663E+1
-1.276271E+1
-1.178222E+1
-1.113248E+1
-1.067237E+1
-1.034309E+1
-1.010201E+1
-9.941778E+0
-9.844758E+0
-9.778608E+0
-9.738918E+0
-9.752148E+0
-9.791838E+0
-9.872688E+0
-9.984408E+0
-1.014905E+1
-1.037690E+1
-1.071206E+1
-1.113248E+1
-1.171607E+1
-1.251869E+1
-1.372262E+1
-1.610843E+1
-2.088005E+1
-2.088005E+1
-2.088005E+1
-2.088005E+1
-2.088005E+1
-2.088005E+1
-2.088005E+1
-2.088005E+1
-2.088005E+1
-2.088005E+1
-2.088005E+1
-2.088005E+1
-2.088005E+1
-2.088005E+1
-2.088005E+1
-2.088005E+1
-2.088005E+1
-2.088005E+1
-2.088005E+1
-2.088005E+1
-2.088005E+1
-2.088005E+1
-2.088005E+1
-2.088005E+1
-2.088005E+1
-2.088005E+1
-2.088005E+1
-2.088005E+1
-2.088005E+1
-2.088005E+1
-2.088005E+1
-2.088005E+1
-2.088005E+1
-2.088005E+1
-2.088005E+1
-2.088005E+1
-2.088005E+1
-2.088005E+1
-2.088005E+1
-2.088005E+1
-2.088005E+1
-2.088005E+1
-2.088005E+1
-2.088005E+1
-2.088005E+1
-2.088005E+1
-2.088005E+1
-1.266275E+1
-1.108397E+1
-1.027694E+1
-9.818298E+0
-9.602208E+0
-9.578688E+0
-9.738918E+0
-1.005791E+1
-1.057535E+1
-1.139120E+1
-1.266275E+1
-1.548368E+1
-2.088005E+1
-2.088005E+1
-2.088005E+1
-2.088005E+1
-2.088005E+1
-2.088005E+1
-2.088005E+1
-2.088005E+1
-2.088005E+1
-2.088005E+1
-2.088005E+1
-2.088005E+1
-2.088005E+1
-2.088005E+1
-1.448555E+1
-1.271273E+1
-1.181456E+1
-1.120745E+1
-1.083554E+1
-1.057535E+1
-1.039454E+1
-1.027694E+1
-1.021079E+1
-1.016375E+1
-1.016375E+1
-1.017992E+1
-1.022696E+1
-1.027694E+1
-1.034309E+1
-1.039454E+1
-1.042982E+1
-1.041218E+1
-1.034309E+1
-1.021079E+1
-1.005791E+1
-9.913848E+0
-9.791838E+0
-9.727158E+0
-9.727158E+0
-9.805068E+0
-9.999108E+0
-1.030928E+1
-1.075322E+1
-1.139120E+1
-1.242902E+1
-1.448555E+1
-2.088005E+1
-2.088005E+1
-2.088005E+1
-2.088005E+1
-2.088005E+1
-2.088005E+1
-2.088005E+1
-2.088005E+1
-2.088005E+1
-2.088005E+1
-2.088005E+1
-2.088005E+1
-2.088005E+1
-2.088005E+1
-2.088005E+1
-2.088005E+1
-2.088005E+1
-2.088005E+1
