Date/Time	2022-06-03 11:57:35
Line location	3
Line name	C1
OTDR wavelength [nm]	1310
OTDR pulse duration [ns]	2
OTDR scan time [s]	10
OTDR scan length [m]	1.500000E+2
Length offset [m]	0.000000E+0
Length increment [m]	3.996806E-2
Switch ID	VIAVI Solutions,OTU 8000E,11654,FO,16.76
OTDR ID	JDSU,OTU 8000E,11654,OTU(SmartOTU),V7.22

Reflected amplitude [dB]
7.796720E-1
7.605620E-1
7.135220E-1
6.488420E-1
5.856320E-1
5.341820E-1
4.930220E-1
4.636220E-1
4.459820E-1
4.430420E-1
4.636220E-1
5.062520E-1
5.591720E-1
6.150320E-1
6.650120E-1
7.061720E-1
7.370420E-1
7.605620E-1
7.723220E-1
7.649720E-1
7.355720E-1
6.826520E-1
6.150320E-1
5.415320E-1
4.621520E-1
3.724820E-1
2.769320E-1
1.887320E-1
1.108220E-1
4.173200E-2
-1.559800E-2
-6.704800E-2
-1.111480E-1
-1.508380E-1
-1.861180E-1
-2.169880E-1
-2.434480E-1
-2.654980E-1
-2.846080E-1
-2.993080E-1
-3.110680E-1
-3.198880E-1
-3.287080E-1
-3.375280E-1
-3.463480E-1
-3.551680E-1
-3.669280E-1
-3.786880E-1
-3.904480E-1
-4.036780E-1
-4.169080E-1
-4.286680E-1
-4.389580E-1
-4.492480E-1
-4.580680E-1
-4.639480E-1
-4.698280E-1
-4.757080E-1
-4.801180E-1
-4.845280E-1
-4.889380E-1
-4.933480E-1
-4.977580E-1
-5.021680E-1
-5.065780E-1
-5.109880E-1
-5.124580E-1
-5.109880E-1
-5.080480E-1
-5.006980E-1
-4.918780E-1
-4.771780E-1
-4.536580E-1
-4.110280E-1
-3.478180E-1
-2.654980E-1
-1.684780E-1
-7.145800E-2
1.233200E-2
7.848200E-2
1.284620E-1
1.652120E-1
1.887320E-1
2.034320E-1
2.078420E-1
1.975520E-1
1.608020E-1
1.049420E-1
3.879200E-2
-4.205800E-2
-1.302580E-1
-2.111080E-1
-2.831380E-1
-3.448780E-1
-3.992680E-1
-4.492480E-1
-4.918780E-1
-5.315680E-1
-5.668480E-1
-5.962480E-1
-6.227080E-1
-6.432880E-1
-6.594580E-1
-6.726880E-1
-6.829780E-1
-6.903280E-1
-6.962080E-1
-7.006180E-1
-7.064980E-1
-7.109080E-1
-7.167880E-1
-7.226680E-1
-7.285480E-1
-7.344280E-1
-7.417780E-1
-7.476580E-1
-7.535380E-1
-7.594180E-1
-7.652980E-1
-7.711780E-1
-7.755880E-1
-7.799980E-1
-7.829380E-1
-7.844080E-1
-7.829380E-1
-7.785280E-1
-7.711780E-1
-7.623580E-1
-7.520680E-1
-7.403080E-1
-7.300180E-1
-7.211980E-1
-7.123780E-1
-7.050280E-1
-7.006180E-1
-6.962080E-1
-6.932680E-1
-6.917980E-1
-6.917980E-1
-6.903280E-1
-6.903280E-1
-6.917980E-1
-6.917980E-1
-6.917980E-1
-6.903280E-1
-6.888580E-1
-6.859180E-1
-6.815080E-1
-6.756280E-1
-6.653380E-1
-6.535780E-1
-6.403480E-1
-6.227080E-1
-6.050680E-1
-5.859580E-1
-5.683180E-1
-5.521480E-1
-5.374480E-1
-5.256880E-1
-5.183380E-1
-5.153980E-1
-5.153980E-1
-5.198080E-1
-5.256880E-1
-5.330380E-1
-5.418580E-1
-5.521480E-1
-5.624380E-1
-5.741980E-1
-5.844880E-1
-5.962480E-1
-6.065380E-1
-6.153580E-1
-6.227080E-1
-6.285880E-1
-6.344680E-1
-6.388780E-1
-6.418180E-1
-6.462280E-1
-6.521080E-1
-6.579880E-1
-6.653380E-1
-6.726880E-1
-6.800380E-1
-6.844480E-1
-6.888580E-1
-6.903280E-1
-6.888580E-1
-6.859180E-1
-6.815080E-1
-6.741580E-1
-6.668080E-1
-6.579880E-1
-6.491680E-1
-6.418180E-1
-6.359380E-1
-6.300580E-1
-6.256480E-1
-6.241780E-1
-6.241780E-1
-6.271180E-1
-6.315280E-1
-6.374080E-1
-6.447580E-1
-6.535780E-1
-6.623980E-1
-6.712180E-1
-6.815080E-1
-6.903280E-1
-7.020880E-1
-7.123780E-1
-7.226680E-1
-7.314880E-1
-7.403080E-1
-7.461880E-1
-7.505980E-1
-7.520680E-1
-7.491280E-1
-7.432480E-1
-7.358980E-1
-7.270780E-1
-7.167880E-1
-7.050280E-1
-6.947380E-1
-6.829780E-1
-6.741580E-1
-6.653380E-1
-6.579880E-1
-6.521080E-1
-6.491680E-1
-6.476980E-1
-6.491680E-1
-6.535780E-1
-6.594580E-1
-6.682780E-1
-6.785680E-1
-6.903280E-1
-7.006180E-1
-7.123780E-1
-7.226680E-1
-7.329580E-1
-7.417780E-1
-7.505980E-1
-7.564780E-1
-7.623580E-1
-7.667680E-1
-7.682380E-1
-7.667680E-1
-7.652980E-1
-7.608880E-1
-7.564780E-1
-7.505980E-1
-7.447180E-1
-7.417780E-1
-7.373680E-1
-7.358980E-1
-7.344280E-1
-7.344280E-1
-7.344280E-1
-7.344280E-1
-7.329580E-1
-7.300180E-1
-7.256080E-1
-7.197280E-1
-7.109080E-1
-7.020880E-1
-6.932680E-1
-6.844480E-1
-6.770980E-1
-6.697480E-1
-6.653380E-1
-6.623980E-1
-6.594580E-1
-6.594580E-1
-6.609280E-1
-6.623980E-1
-6.653380E-1
-6.697480E-1
-6.756280E-1
-6.815080E-1
-6.888580E-1
-6.962080E-1
-7.035580E-1
-7.094380E-1
-7.167880E-1
-7.211980E-1
-7.256080E-1
-7.270780E-1
-7.270780E-1
-7.256080E-1
-7.211980E-1
-7.153180E-1
-7.079680E-1
-6.991480E-1
-6.903280E-1
-6.829780E-1
-6.756280E-1
-6.726880E-1
-6.697480E-1
-6.697480E-1
-6.712180E-1
-6.741580E-1
-6.741580E-1
-6.756280E-1
-6.741580E-1
-6.726880E-1
-6.712180E-1
-6.697480E-1
-6.682780E-1
-6.697480E-1
-6.726880E-1
-6.770980E-1
-6.844480E-1
-6.903280E-1
-6.976780E-1
-7.035580E-1
-7.079680E-1
-7.094380E-1
-7.094380E-1
-7.064980E-1
-7.020880E-1
-6.947380E-1
-6.888580E-1
-6.815080E-1
-6.756280E-1
-6.697480E-1
-6.653380E-1
-6.623980E-1
-6.594580E-1
-6.565180E-1
-6.550480E-1
-6.550480E-1
-6.550480E-1
-6.550480E-1
-6.565180E-1
-6.579880E-1
-6.594580E-1
-6.609280E-1
-6.609280E-1
-6.609280E-1
-6.609280E-1
-6.609280E-1
-6.609280E-1
-6.638680E-1
-6.668080E-1
-6.726880E-1
-6.785680E-1
-6.859180E-1
-6.917980E-1
-6.962080E-1
-7.006180E-1
-7.020880E-1
-7.020880E-1
-7.006180E-1
-6.976780E-1
-6.962080E-1
-6.932680E-1
-6.917980E-1
-6.903280E-1
-6.903280E-1
-6.917980E-1
-6.932680E-1
-6.947380E-1
-6.976780E-1
-7.006180E-1
-7.050280E-1
-7.079680E-1
-7.109080E-1
-7.153180E-1
-7.182580E-1
-7.211980E-1
-7.241380E-1
-7.270780E-1
-7.270780E-1
-7.270780E-1
-7.256080E-1
-7.226680E-1
-7.167880E-1
-7.094380E-1
-7.006180E-1
-6.917980E-1
-6.815080E-1
-6.726880E-1
-6.668080E-1
-6.609280E-1
-6.594580E-1
-6.594580E-1
-6.609280E-1
-6.623980E-1
-6.638680E-1
-6.653380E-1
-6.638680E-1
-6.609280E-1
-6.565180E-1
-6.521080E-1
-6.476980E-1
-6.432880E-1
-6.388780E-1
-6.374080E-1
-6.359380E-1
-6.359380E-1
-6.359380E-1
-6.388780E-1
-6.418180E-1
-6.462280E-1
-6.535780E-1
-6.623980E-1
-6.712180E-1
-6.800380E-1
-6.873880E-1
-6.947380E-1
-6.976780E-1
-6.991480E-1
-6.976780E-1
-6.917980E-1
-6.859180E-1
-6.770980E-1
-6.682780E-1
-6.594580E-1
-6.521080E-1
-6.447580E-1
-6.388780E-1
-6.344680E-1
-6.315280E-1
-6.300580E-1
-6.315280E-1
-6.329980E-1
-6.359380E-1
-6.418180E-1
-6.476980E-1
-6.535780E-1
-6.594580E-1
-6.653380E-1
-6.697480E-1
-6.712180E-1
-6.726880E-1
-6.726880E-1
-6.726880E-1
-6.741580E-1
-6.770980E-1
-6.815080E-1
-6.873880E-1
-6.932680E-1
-6.991480E-1
-7.050280E-1
-7.079680E-1
-7.094380E-1
-7.109080E-1
-7.109080E-1
-7.094380E-1
-7.094380E-1
-7.109080E-1
-7.123780E-1
-7.138480E-1
-7.167880E-1
-7.167880E-1
-7.167880E-1
-7.153180E-1
-7.123780E-1
-7.094380E-1
-7.064980E-1
-7.050280E-1
-7.050280E-1
-7.064980E-1
-7.109080E-1
-7.167880E-1
-7.241380E-1
-7.314880E-1
-7.403080E-1
-7.491280E-1
-7.564780E-1
-7.608880E-1
-7.638280E-1
-7.638280E-1
-7.608880E-1
-7.564780E-1
-7.476580E-1
-7.388380E-1
-7.300180E-1
-7.226680E-1
-7.153180E-1
-7.109080E-1
-7.094380E-1
-7.094380E-1
-7.109080E-1
-7.123780E-1
-7.138480E-1
-7.138480E-1
-7.138480E-1
-7.123780E-1
-7.109080E-1
-7.079680E-1
-7.064980E-1
-7.035580E-1
-7.006180E-1
-6.991480E-1
-6.962080E-1
-6.947380E-1
-6.932680E-1
-6.917980E-1
-6.917980E-1
-6.903280E-1
-6.888580E-1
-6.873880E-1
-6.844480E-1
-6.815080E-1
-6.800380E-1
-6.785680E-1
-6.785680E-1
-6.800380E-1
-6.829780E-1
-6.888580E-1
-6.962080E-1
-7.035580E-1
-7.109080E-1
-7.182580E-1
-7.241380E-1
-7.270780E-1
-7.300180E-1
-7.314880E-1
-7.314880E-1
-7.314880E-1
-7.300180E-1
-7.285480E-1
-7.256080E-1
-7.211980E-1
-7.167880E-1
-7.123780E-1
-7.079680E-1
-7.050280E-1
-7.020880E-1
-7.020880E-1
-7.035580E-1
-7.064980E-1
-7.123780E-1
-7.182580E-1
-7.241380E-1
-7.314880E-1
-7.373680E-1
-7.417780E-1
-7.432480E-1
-7.447180E-1
-7.432480E-1
-7.388380E-1
-7.329580E-1
-7.256080E-1
-7.182580E-1
-7.094380E-1
-7.006180E-1
-6.917980E-1
-6.844480E-1
-6.785680E-1
-6.741580E-1
-6.726880E-1
-6.712180E-1
-6.712180E-1
-6.726880E-1
-6.726880E-1
-6.756280E-1
-6.770980E-1
-6.785680E-1
-6.785680E-1
-6.800380E-1
-6.800380E-1
-6.800380E-1
-6.770980E-1
-6.726880E-1
-6.668080E-1
-6.579880E-1
-6.462280E-1
-6.344680E-1
-6.212380E-1
-6.094780E-1
-5.991880E-1
-5.903680E-1
-5.844880E-1
-5.844880E-1
-5.859580E-1
-5.933080E-1
-6.021280E-1
-6.138880E-1
-6.285880E-1
-6.432880E-1
-6.579880E-1
-6.712180E-1
-6.815080E-1
-6.903280E-1
-6.962080E-1
-6.991480E-1
-7.006180E-1
-6.991480E-1
-6.962080E-1
-6.917980E-1
-6.888580E-1
-6.873880E-1
-6.859180E-1
-6.859180E-1
-6.873880E-1
-6.888580E-1
-6.903280E-1
-6.917980E-1
-6.917980E-1
-6.903280E-1
-6.873880E-1
-6.829780E-1
-6.785680E-1
-6.726880E-1
-6.668080E-1
-6.638680E-1
-6.623980E-1
-6.638680E-1
-6.668080E-1
-6.726880E-1
-6.815080E-1
-6.932680E-1
-7.035580E-1
-7.153180E-1
-7.256080E-1
-7.358980E-1
-7.417780E-1
-7.476580E-1
-7.491280E-1
-7.476580E-1
-7.447180E-1
-7.403080E-1
-7.358980E-1
-7.300180E-1
-7.256080E-1
-7.211980E-1
-7.182580E-1
-7.153180E-1
-7.138480E-1
-7.109080E-1
-7.079680E-1
-7.064980E-1
-7.050280E-1
-7.035580E-1
-7.035580E-1
-7.035580E-1
-7.050280E-1
-7.079680E-1
-7.109080E-1
-7.153180E-1
-7.182580E-1
-7.226680E-1
-7.256080E-1
-7.270780E-1
-7.270780E-1
-7.241380E-1
-7.197280E-1
-7.123780E-1
-7.020880E-1
-6.903280E-1
-6.770980E-1
-6.638680E-1
-6.521080E-1
-6.418180E-1
-6.344680E-1
-6.300580E-1
-6.300580E-1
-6.315280E-1
-6.374080E-1
-6.432880E-1
-6.506380E-1
-6.565180E-1
-6.638680E-1
-6.682780E-1
-6.726880E-1
-6.756280E-1
-6.800380E-1
-6.844480E-1
-6.888580E-1
-6.947380E-1
-7.006180E-1
-7.064980E-1
-7.123780E-1
-7.153180E-1
-7.167880E-1
-7.182580E-1
-7.167880E-1
-7.153180E-1
-7.138480E-1
-7.123780E-1
-7.109080E-1
-7.094380E-1
-7.064980E-1
-7.050280E-1
-7.020880E-1
-6.976780E-1
-6.932680E-1
-6.888580E-1
-6.829780E-1
-6.785680E-1
-6.741580E-1
-6.712180E-1
-6.682780E-1
-6.668080E-1
-6.653380E-1
-6.653380E-1
-6.653380E-1
-6.653380E-1
-6.653380E-1
-6.668080E-1
-6.682780E-1
-6.697480E-1
-6.697480E-1
-6.697480E-1
-6.697480E-1
-6.697480E-1
-6.682780E-1
-6.668080E-1
-6.653380E-1
-6.653380E-1
-6.668080E-1
-6.712180E-1
-6.756280E-1
-6.815080E-1
-6.888580E-1
-6.947380E-1
-7.006180E-1
-7.050280E-1
-7.064980E-1
-7.064980E-1
-7.050280E-1
-7.020880E-1
-6.991480E-1
-6.947380E-1
-6.917980E-1
-6.903280E-1
-6.873880E-1
-6.859180E-1
-6.844480E-1
-6.844480E-1
-6.829780E-1
-6.815080E-1
-6.815080E-1
-6.815080E-1
-6.800380E-1
-6.800380E-1
-6.800380E-1
-6.785680E-1
-6.756280E-1
-6.741580E-1
-6.712180E-1
-6.697480E-1
-6.697480E-1
-6.712180E-1
-6.756280E-1
-6.829780E-1
-6.917980E-1
-7.020880E-1
-7.123780E-1
-7.197280E-1
-7.270780E-1
-7.300180E-1
-7.314880E-1
-7.285480E-1
-7.241380E-1
-7.182580E-1
-7.109080E-1
-7.035580E-1
-6.976780E-1
-6.932680E-1
-6.888580E-1
-6.873880E-1
-6.859180E-1
-6.859180E-1
-6.859180E-1
-6.844480E-1
-6.829780E-1
-6.785680E-1
-6.756280E-1
-6.697480E-1
-6.653380E-1
-6.623980E-1
-6.594580E-1
-6.565180E-1
-6.565180E-1
-6.565180E-1
-6.579880E-1
-6.609280E-1
-6.653380E-1
-6.712180E-1
-6.785680E-1
-6.859180E-1
-6.932680E-1
-7.006180E-1
-7.050280E-1
-7.079680E-1
-7.079680E-1
-7.064980E-1
-7.035580E-1
-6.991480E-1
-6.947380E-1
-6.917980E-1
-6.917980E-1
-6.917980E-1
-6.932680E-1
-6.962080E-1
-7.006180E-1
-7.035580E-1
-7.050280E-1
-7.064980E-1
-7.079680E-1
-7.094380E-1
-7.094380E-1
-7.109080E-1
-7.138480E-1
-7.182580E-1
-7.241380E-1
-7.300180E-1
-7.373680E-1
-7.461880E-1
-7.550080E-1
-7.638280E-1
-7.726480E-1
-7.814680E-1
-7.902880E-1
-7.976380E-1
-8.035180E-1
-8.079280E-1
-8.093980E-1
-8.079280E-1
-8.049880E-1
-8.005780E-1
-7.946980E-1
-7.873480E-1
-7.814680E-1
-7.770580E-1
-7.711780E-1
-7.652980E-1
-7.608880E-1
-7.535380E-1
-7.461880E-1
-7.388380E-1
-7.300180E-1
-7.182580E-1
-7.079680E-1
-6.976780E-1
-6.888580E-1
-6.800380E-1
-6.726880E-1
-6.668080E-1
-6.638680E-1
-6.609280E-1
-6.609280E-1
-6.623980E-1
-6.638680E-1
-6.668080E-1
-6.697480E-1
-6.726880E-1
-6.756280E-1
-6.785680E-1
-6.815080E-1
-6.859180E-1
-6.888580E-1
-6.917980E-1
-6.962080E-1
-7.020880E-1
-7.064980E-1
-7.109080E-1
-7.153180E-1
-7.182580E-1
-7.211980E-1
-7.226680E-1
-7.226680E-1
-7.211980E-1
-7.197280E-1
-7.182580E-1
-7.153180E-1
-7.123780E-1
-7.094380E-1
-7.050280E-1
-7.006180E-1
-6.947380E-1
-6.888580E-1
-6.829780E-1
-6.770980E-1
-6.712180E-1
-6.668080E-1
-6.638680E-1
-6.623980E-1
-6.623980E-1
-6.623980E-1
-6.638680E-1
-6.653380E-1
-6.668080E-1
-6.682780E-1
-6.668080E-1
-6.668080E-1
-6.653380E-1
-6.653380E-1
-6.653380E-1
-6.668080E-1
-6.697480E-1
-6.741580E-1
-6.785680E-1
-6.815080E-1
-6.844480E-1
-6.873880E-1
-6.888580E-1
-6.888580E-1
-6.903280E-1
-6.903280E-1
-6.917980E-1
-6.932680E-1
-6.962080E-1
-6.976780E-1
-7.006180E-1
-7.035580E-1
-7.064980E-1
-7.094380E-1
-7.109080E-1
-7.123780E-1
-7.123780E-1
-7.109080E-1
-7.094380E-1
-7.064980E-1
-7.020880E-1
-6.962080E-1
-6.888580E-1
-6.815080E-1
-6.712180E-1
-6.623980E-1
-6.521080E-1
-6.418180E-1
-6.344680E-1
-6.285880E-1
-6.256480E-1
-6.241780E-1
-6.256480E-1
-6.285880E-1
-6.315280E-1
-6.344680E-1
-6.374080E-1
-6.403480E-1
-6.418180E-1
-6.447580E-1
-6.462280E-1
-6.506380E-1
-6.550480E-1
-6.609280E-1
-6.682780E-1
-6.756280E-1
-6.844480E-1
-6.932680E-1
-7.020880E-1
-7.109080E-1
-7.182580E-1
-7.256080E-1
-7.314880E-1
-7.344280E-1
-7.373680E-1
-7.388380E-1
-7.388380E-1
-7.388380E-1
-7.373680E-1
-7.358980E-1
-7.344280E-1
-7.314880E-1
-7.300180E-1
-7.270780E-1
-7.241380E-1
-7.211980E-1
-7.167880E-1
-7.123780E-1
-7.079680E-1
-7.020880E-1
-6.962080E-1
-6.917980E-1
-6.859180E-1
-6.815080E-1
-6.785680E-1
-6.785680E-1
-6.815080E-1
-6.888580E-1
-6.976780E-1
-7.094380E-1
-7.226680E-1
-7.373680E-1
-7.491280E-1
-7.608880E-1
-7.682380E-1
-7.726480E-1
-7.741180E-1
-7.711780E-1
-7.667680E-1
-7.623580E-1
-7.564780E-1
-7.505980E-1
-7.461880E-1
-7.447180E-1
-7.447180E-1
-7.461880E-1
-7.491280E-1
-7.505980E-1
-7.505980E-1
-7.505980E-1
-7.476580E-1
-7.432480E-1
-7.388380E-1
-7.344280E-1
-7.314880E-1
-7.300180E-1
-7.285480E-1
-7.300180E-1
-7.314880E-1
-7.329580E-1
-7.344280E-1
-7.344280E-1
-7.329580E-1
-7.300180E-1
-7.256080E-1
-7.211980E-1
-7.138480E-1
-7.064980E-1
-7.006180E-1
-6.962080E-1
-6.932680E-1
-6.932680E-1
-6.962080E-1
-7.006180E-1
-7.079680E-1
-7.153180E-1
-7.241380E-1
-7.329580E-1
-7.432480E-1
-7.535380E-1
-7.667680E-1
-7.844080E-1
-8.049880E-1
-8.314480E-1
-8.623180E-1
-9.005380E-1
-9.431680E-1
-9.902080E-1
-1.041658E+0
-1.096048E+0
-1.151908E+0
-1.210708E+0
-1.270978E+0
-1.331248E+0
-1.391518E+0
-1.453258E+0
-1.512058E+0
-1.566448E+0
-1.617898E+0
-1.661998E+0
-1.700218E+0
-1.731088E+0
-1.754608E+0
-1.772248E+0
-1.786948E+0
-1.800178E+0
-1.813408E+0
-1.826638E+0
-1.839868E+0
-1.856038E+0
-1.872208E+0
-1.888378E+0
-1.903078E+0
-1.917778E+0
-1.931008E+0
-1.944238E+0
-1.955998E+0
-1.969228E+0
-1.982458E+0
-1.995688E+0
-2.010388E+0
-2.023618E+0
-2.036848E+0
-2.050078E+0
-2.063308E+0
-2.075068E+0
-2.085358E+0
-2.095648E+0
-2.105938E+0
-2.113288E+0
-2.117698E+0
-2.119168E+0
-2.116228E+0
-2.110348E+0
-2.101528E+0
-2.091238E+0
-2.080948E+0
-2.072128E+0
-2.066248E+0
-2.064778E+0
-2.066248E+0
-2.072128E+0
-2.080948E+0
-2.089768E+0
-2.101528E+0
-2.111818E+0
-2.122108E+0
-2.130928E+0
-2.138278E+0
-2.145628E+0
-2.152978E+0
-2.158858E+0
-2.166208E+0
-2.173558E+0
-2.179438E+0
-2.186788E+0
-2.192668E+0
-2.198548E+0
-2.201488E+0
-2.205898E+0
-2.210308E+0
-2.217658E+0
-2.225008E+0
-2.238238E+0
-2.252938E+0
-2.270578E+0
-2.289688E+0
-2.307328E+0
-2.320558E+0
-2.326438E+0
-2.326438E+0
-2.319088E+0
-2.304388E+0
-2.288218E+0
-2.272048E+0
-2.257348E+0
-2.248528E+0
-2.244118E+0
-2.247058E+0
-2.257348E+0
-2.272048E+0
-2.292628E+0
-2.314678E+0
-2.339668E+0
-2.364658E+0
-2.389648E+0
-2.416108E+0
-2.441098E+0
-2.467558E+0
-2.495488E+0
-2.524888E+0
-2.554288E+0
-2.586628E+0
-2.617498E+0
-2.646898E+0
-2.676298E+0
-2.702758E+0
-2.729218E+0
-2.752738E+0
-2.776258E+0
-2.796838E+0
-2.817418E+0
-2.835058E+0
-2.848288E+0
-2.855638E+0
-2.854168E+0
-2.843878E+0
-2.823298E+0
-2.795368E+0
-2.763028E+0
-2.727748E+0
-2.695408E+0
-2.667478E+0
-2.646898E+0
-2.635138E+0
-2.633668E+0
-2.639548E+0
-2.652778E+0
-2.670418E+0
-2.689528E+0
-2.710108E+0
-2.729218E+0
-2.745388E+0
-2.757148E+0
-2.767438E+0
-2.773318E+0
-2.777728E+0
-2.780668E+0
-2.780668E+0
-2.782138E+0
-2.783608E+0
-2.786548E+0
-2.790958E+0
-2.796838E+0
-2.805658E+0
-2.817418E+0
-2.827708E+0
-2.840938E+0
-2.851228E+0
-2.858578E+0
-2.865928E+0
-2.868868E+0
-2.871808E+0
-2.871808E+0
-2.873278E+0
-2.876218E+0
-2.882098E+0
-2.890918E+0
-2.905618E+0
-2.924728E+0
-2.946778E+0
-2.973238E+0
-3.001168E+0
-3.030568E+0
-3.058498E+0
-3.083488E+0
-3.107008E+0
-3.126118E+0
-3.139348E+0
-3.146698E+0
-3.146698E+0
-3.142288E+0
-3.130528E+0
-3.114358E+0
-3.095248E+0
-3.076138E+0
-3.059968E+0
-3.046738E+0
-3.037918E+0
-3.033508E+0
-3.034978E+0
-3.039388E+0
-3.045268E+0
-3.051148E+0
-3.059968E+0
-3.065848E+0
-3.074668E+0
-3.082018E+0
-3.092308E+0
-3.105538E+0
-3.121708E+0
-3.140818E+0
-3.161398E+0
-3.184918E+0
-3.209908E+0
-3.236368E+0
-3.262828E+0
-3.287818E+0
-3.311338E+0
-3.331918E+0
-3.349558E+0
-3.362788E+0
-3.374548E+0
-3.383368E+0
-3.392188E+0
-3.402478E+0
-3.412768E+0
-3.420118E+0
-3.427468E+0
-3.430408E+0
-3.427468E+0
-3.418648E+0
-3.403948E+0
-3.386308E+0
-3.364258E+0
-3.343678E+0
-3.326038E+0
-3.312808E+0
-3.302518E+0
-3.295168E+0
-3.293698E+0
-3.293698E+0
-3.298108E+0
-3.306928E+0
-3.318688E+0
-3.336328E+0
-3.356908E+0
-3.381898E+0
-3.408358E+0
-3.437758E+0
-3.464218E+0
-3.487738E+0
-3.508318E+0
-3.523018E+0
-3.533308E+0
-3.539188E+0
-3.543598E+0
-3.548008E+0
-3.553888E+0
-3.559768E+0
-3.568588E+0
-3.577408E+0
-3.586228E+0
-3.589168E+0
-3.589168E+0
-3.581818E+0
-3.568588E+0
-3.550948E+0
-3.531838E+0
-3.512728E+0
-3.498028E+0
-3.487738E+0
-3.483328E+0
-3.486268E+0
-3.495088E+0
-3.508318E+0
-3.524488E+0
-3.545068E+0
-3.571528E+0
-3.602398E+0
-3.637678E+0
-3.677368E+0
-3.718528E+0
-3.758218E+0
-3.790558E+0
-3.812608E+0
-3.821428E+0
-3.815548E+0
-3.797908E+0
-3.772918E+0
-3.743518E+0
-3.717058E+0
-3.697948E+0
-3.687658E+0
-3.690598E+0
-3.700888E+0
-3.719998E+0
-3.742048E+0
-3.768508E+0
-3.792028E+0
-3.812608E+0
-3.831718E+0
-3.847888E+0
-3.865528E+0
-3.884638E+0
-3.906688E+0
-3.931678E+0
-3.959608E+0
-3.987538E+0
-4.016938E+0
-4.043398E+0
-4.062508E+0
-4.077208E+0
-4.084558E+0
-4.083088E+0
-4.077208E+0
-4.062508E+0
-4.046338E+0
-4.025758E+0
-4.003708E+0
-3.980188E+0
-3.959608E+0
-3.940498E+0
-3.927268E+0
-3.919918E+0
-3.921388E+0
-3.928738E+0
-3.946378E+0
-3.968428E+0
-3.996358E+0
-4.022818E+0
-4.050748E+0
-4.072798E+0
-4.090438E+0
-4.100728E+0
-4.100728E+0
-4.096318E+0
-4.086028E+0
-4.072798E+0
-4.056628E+0
-4.038988E+0
-4.025758E+0
-4.013998E+0
-4.009588E+0
-4.011058E+0
-4.016938E+0
-4.030168E+0
-4.049278E+0
-4.071328E+0
-4.099258E+0
-4.130128E+0
-4.165408E+0
-4.203628E+0
-4.246258E+0
-4.291828E+0
-4.337398E+0
-4.381498E+0
-4.421188E+0
-4.449118E+0
-4.466758E+0
-4.469698E+0
-4.460878E+0
-4.438828E+0
-4.410898E+0
-4.375618E+0
-4.341808E+0
-4.306528E+0
-4.277128E+0
-4.255078E+0
-4.241848E+0
-4.237438E+0
-4.247728E+0
-4.272718E+0
-4.309468E+0
-4.359448E+0
-4.418248E+0
-4.481458E+0
-4.544668E+0
-4.599058E+0
-4.643158E+0
-4.674028E+0
-4.693138E+0
-4.700488E+0
-4.701958E+0
-4.703428E+0
-4.704898E+0
-4.712248E+0
-4.726948E+0
-4.743118E+0
-4.762228E+0
-4.781338E+0
-4.798978E+0
-4.813678E+0
-4.823968E+0
-4.831318E+0
-4.835728E+0
-4.835728E+0
-4.835728E+0
-4.834258E+0
-4.828378E+0
-4.819558E+0
-4.810738E+0
-4.800448E+0
-4.791628E+0
-4.781338E+0
-4.775458E+0
-4.772518E+0
-4.771048E+0
-4.772518E+0
-4.776928E+0
-4.784278E+0
-4.794568E+0
-4.813678E+0
-4.838668E+0
-4.878358E+0
-4.928338E+0
-4.994488E+0
-5.072398E+0
-5.162068E+0
-5.254678E+0
-5.350228E+0
-5.438428E+0
-5.513398E+0
-5.572198E+0
-5.610418E+0
-5.630998E+0
-5.628058E+0
-5.611888E+0
-5.585428E+0
-5.556028E+0
-5.526628E+0
-5.504578E+0
-5.494288E+0
-5.497228E+0
-5.516338E+0
-5.547208E+0
-5.585428E+0
-5.623648E+0
-5.655988E+0
-5.675098E+0
-5.678038E+0
-5.660398E+0
-5.628058E+0
-5.585428E+0
-5.539858E+0
-5.498698E+0
-5.461948E+0
-5.438428E+0
-5.426668E+0
-5.423728E+0
-5.432548E+0
-5.442838E+0
-5.453128E+0
-5.464888E+0
-5.470768E+0
-5.467828E+0
-5.460478E+0
-5.445778E+0
-5.431078E+0
-5.413438E+0
-5.398738E+0
-5.388448E+0
-5.386978E+0
-5.391388E+0
-5.403148E+0
-5.417848E+0
-5.432548E+0
-5.447248E+0
-5.453128E+0
-5.453128E+0
-5.447248E+0
-5.434018E+0
-5.419318E+0
-5.411968E+0
-5.409028E+0
-5.417848E+0
-5.436958E+0
-5.466358E+0
-5.498698E+0
-5.526628E+0
-5.544268E+0
-5.547208E+0
-5.533978E+0
-5.507518E+0
-5.472238E+0
-5.442838E+0
-5.428138E+0
-5.438428E+0
-5.476648E+0
-5.547208E+0
-5.647168E+0
-5.769178E+0
-5.901478E+0
-6.024958E+0
-6.120508E+0
-6.173428E+0
-6.176368E+0
-6.135208E+0
-6.055828E+0
-5.955868E+0
-5.848558E+0
-5.751538E+0
-5.670688E+0
-5.607478E+0
-5.567788E+0
-5.542798E+0
-5.531038E+0
-5.531038E+0
-5.538388E+0
-5.547208E+0
-5.556028E+0
-5.567788E+0
-5.582488E+0
-5.606008E+0
-5.632468E+0
-5.667748E+0
-5.703028E+0
-5.736838E+0
-5.761828E+0
-5.766238E+0
-5.750068E+0
-5.713318E+0
-5.655988E+0
-5.591308E+0
-5.526628E+0
-5.470768E+0
-5.432548E+0
-5.411968E+0
-5.413438E+0
-5.438428E+0
-5.488408E+0
-5.556028E+0
-5.639818E+0
-5.736838E+0
-5.844148E+0
-5.958808E+0
-6.080818E+0
-6.194008E+0
-6.298378E+0
-6.385108E+0
-6.448318E+0
-6.482128E+0
-6.485068E+0
-6.461548E+0
-6.420388E+0
-6.371878E+0
-6.323368E+0
-6.279268E+0
-6.248398E+0
-6.230758E+0
-6.224878E+0
-6.230758E+0
-6.245458E+0
-6.261628E+0
-6.279268E+0
-6.298378E+0
-6.323368E+0
-6.355708E+0
-6.401278E+0
-6.461548E+0
-6.533578E+0
-6.611488E+0
-6.692338E+0
-6.770248E+0
-6.833458E+0
-6.873148E+0
-6.898138E+0
-6.902548E+0
-6.906958E+0
-6.906958E+0
-6.914308E+0
-6.927538E+0
-6.943708E+0
-6.956938E+0
-6.965758E+0
-6.961348E+0
-6.939298E+0
-6.906958E+0
-6.868738E+0
-6.829048E+0
-6.801118E+0
-6.782008E+0
-6.777598E+0
-6.784948E+0
-6.805528E+0
-6.829048E+0
-6.852568E+0
-6.861388E+0
-6.856978E+0
-6.833458E+0
-6.789358E+0
-6.723208E+0
-6.648238E+0
-6.568858E+0
-6.492418E+0
-6.420388E+0
-6.368938E+0
-6.336598E+0
-6.329248E+0
-6.345418E+0
-6.385108E+0
-6.448318E+0
-6.533578E+0
-6.640888E+0
-6.765838E+0
-6.902548E+0
-7.048078E+0
-7.189198E+0
-7.325908E+0
-7.440568E+0
-7.515538E+0
-7.549348E+0
-7.527298E+0
-7.472908E+0
-7.387648E+0
-7.292098E+0
-7.199488E+0
-7.128928E+0
-7.087768E+0
-7.078948E+0
-7.096588E+0
-7.148038E+0
-7.214188E+0
-7.296508E+0
-7.372948E+0
-7.444978E+0
-7.493488E+0
-7.527298E+0
-7.533178E+0
-7.521418E+0
-7.499368E+0
-7.477318E+0
-7.461148E+0
-7.461148E+0
-7.477318E+0
-7.511128E+0
-7.565518E+0
-7.640488E+0
-7.722808E+0
-7.809538E+0
-7.893328E+0
-7.959478E+0
-8.000638E+0
-8.021218E+0
-8.007988E+0
-7.953598E+0
-7.866868E+0
-7.759558E+0
-7.640488E+0
-7.511128E+0
-7.383238E+0
-7.267108E+0
-7.171558E+0
-7.096588E+0
-7.052488E+0
-7.039258E+0
-7.056898E+0
-7.106878E+0
-7.195078E+0
-7.317088E+0
-7.472908E+0
-7.658128E+0
-7.887448E+0
-8.143228E+0
-8.415178E+0
-8.690068E+0
-8.919388E+0
-9.070798E+0
-9.094318E+0
-8.982598E+0
-8.767978E+0
-8.491618E+0
-8.194678E+0
-7.919788E+0
-7.675768E+0
-7.483198E+0
-7.331788E+0
-7.223008E+0
-7.148038E+0
-7.106878E+0
-7.078948E+0
-7.061308E+0
-7.043668E+0
-7.012798E+0
-6.973108E+0
-6.909898E+0
-6.840808E+0
-6.761428E+0
-6.689398E+0
-6.626188E+0
-6.589438E+0
-6.576208E+0
-6.589438E+0
-6.630598E+0
-6.689398E+0
-6.758488E+0
-6.829048E+0
-6.893728E+0
-6.956938E+0
-7.008388E+0
-7.048078E+0
-7.087768E+0
-7.120108E+0
-7.152448E+0
-7.189198E+0
-7.227418E+0
-7.277398E+0
-7.352368E+0
-7.450858E+0
-7.599328E+0
-7.797778E+0
-8.049148E+0
-8.357848E+0
-8.719468E+0
-9.094318E+0
-9.425068E+0
-9.663208E+0
-9.722008E+0
-9.604408E+0
-9.385378E+0
-9.128128E+0
-8.878228E+0
-8.681248E+0
-8.553358E+0
-8.491618E+0
-8.500438E+0
-8.553358E+0
-8.643028E+0
-8.747398E+0
-8.816488E+0
-8.847358E+0
-8.816488E+0
-8.757688E+0
-8.681248E+0
-8.607748E+0
-8.562178E+0
-8.570998E+0
-8.634208E+0
-8.738578E+0
-8.878228E+0
-9.026698E+0
-9.163408E+0
-9.235438E+0
-9.247198E+0
-9.186928E+0
-9.070798E+0
-8.950258E+0
-8.816488E+0
-8.709178E+0
-8.616568E+0
-8.562178E+0
-8.526898E+0
-8.509258E+0
-8.509258E+0
-8.518078E+0
-8.553358E+0
-8.616568E+0
-8.719468E+0
-8.867938E+0
-9.082558E+0
-9.372148E+0
-9.752878E+0
-1.025268E+1
-1.085244E+1
-1.157274E+1
-1.233273E+1
-1.311330E+1
-1.351020E+1
-1.334262E+1
-1.271787E+1
-1.200492E+1
-1.133607E+1
-1.075248E+1
-1.023357E+1
-9.799918E+0
-9.438298E+0
-9.116368E+0
-8.847358E+0
-8.597458E+0
-8.382838E+0
-8.202028E+0
-8.063848E+0
-7.959478E+0
-7.899208E+0
-7.887448E+0
-7.919788E+0
-7.993288E+0
-8.091778E+0
-8.202028E+0
-8.318158E+0
-8.423998E+0
-8.535718E+0
-8.662138E+0
-8.837068E+0
-9.082558E+0
-9.451528E+0
-9.996898E+0
-1.080099E+1
-1.209312E+1
-1.476852E+1
-2.050005E+1
-2.050005E+1
-2.050005E+1
-2.050005E+1
-2.050005E+1
-1.627380E+1
-1.359840E+1
-1.254441E+1
-1.200492E+1
-1.171974E+1
-1.153746E+1
-1.143456E+1
-1.136841E+1
-1.130520E+1
-1.121259E+1
-1.112439E+1
-1.098327E+1
-1.082745E+1
-1.065693E+1
-1.047759E+1
-1.033206E+1
-1.019535E+1
-1.010274E+1
-1.006746E+1
-1.010274E+1
-1.019535E+1
-1.031148E+1
-1.043496E+1
-1.056579E+1
-1.063341E+1
-1.060989E+1
-1.052169E+1
-1.039380E+1
-1.027326E+1
-1.021446E+1
-1.023357E+1
-1.035264E+1
-1.058784E+1
-1.103913E+1
-1.179765E+1
-1.311330E+1
-1.748949E+1
-2.050005E+1
-2.050005E+1
-2.050005E+1
-2.050005E+1
-2.050005E+1
-2.050005E+1
-2.050005E+1
-2.050005E+1
-2.050005E+1
-2.050005E+1
-2.050005E+1
-2.050005E+1
-2.050005E+1
-2.050005E+1
-2.050005E+1
-2.050005E+1
-2.050005E+1
-2.050005E+1
-2.050005E+1
-2.050005E+1
-2.050005E+1
-1.627380E+1
-1.311330E+1
-1.200492E+1
-1.136841E+1
-1.103913E+1
-1.093035E+1
-1.103913E+1
-1.143456E+1
-1.218573E+1
-1.369101E+1
-2.050005E+1
-2.050005E+1
-2.050005E+1
-2.050005E+1
-2.050005E+1
-2.050005E+1
-2.050005E+1
-2.050005E+1
-2.050005E+1
-2.050005E+1
-2.050005E+1
-2.050005E+1
-2.050005E+1
-2.050005E+1
-2.050005E+1
-2.050005E+1
-2.050005E+1
-2.050005E+1
-2.050005E+1
-2.050005E+1
-2.050005E+1
-2.050005E+1
-2.050005E+1
-2.050005E+1
-2.050005E+1
-1.493022E+1
-1.369101E+1
-1.304274E+1
-1.284135E+1
-1.277961E+1
-1.297365E+1
-1.326324E+1
-1.378803E+1
-1.447893E+1
-1.510368E+1
-1.572843E+1
-1.627380E+1
-1.627380E+1
-1.572843E+1
-1.476852E+1
-1.369101E+1
-1.260027E+1
-1.164477E+1
-1.082745E+1
-1.015860E+1
-9.619108E+0
-9.198688E+0
-8.888518E+0
-8.690068E+0
-8.597458E+0
-8.607748E+0
-8.709178E+0
-8.898808E+0
-9.186928E+0
-9.575008E+0
-1.012185E+1
-1.087743E+1
-1.204902E+1
-1.434663E+1
-2.050005E+1
-2.050005E+1
-2.050005E+1
-2.050005E+1
-2.050005E+1
-2.050005E+1
-2.050005E+1
-2.050005E+1
-2.050005E+1
-2.050005E+1
-2.050005E+1
-2.050005E+1
-2.050005E+1
-2.050005E+1
-2.050005E+1
-2.050005E+1
-2.050005E+1
-2.050005E+1
-2.050005E+1
-2.050005E+1
-2.050005E+1
-2.050005E+1
-2.050005E+1
-2.050005E+1
-2.050005E+1
-2.050005E+1
-2.050005E+1
-2.050005E+1
-2.050005E+1
-2.050005E+1
-2.050005E+1
-2.050005E+1
-2.050005E+1
-2.050005E+1
-2.050005E+1
-2.050005E+1
-2.050005E+1
-2.050005E+1
-2.050005E+1
-1.627380E+1
-1.434663E+1
-1.311330E+1
-1.213869E+1
-1.136841E+1
-1.080099E+1
-1.039380E+1
-1.006746E+1
-9.830788E+0
-9.663208E+0
-9.533848E+0
-9.425068E+0
-9.308938E+0
-9.151648E+0
-8.982598E+0
-8.837068E+0
-8.719468E+0
-8.662138E+0
-8.681248E+0
-8.816488E+0
-9.116368E+0
-9.619108E+0
-1.047759E+1
-1.218573E+1
-2.050005E+1
-2.050005E+1
-2.050005E+1
-2.050005E+1
-2.050005E+1
-2.050005E+1
-2.050005E+1
-2.050005E+1
-2.050005E+1
-2.050005E+1
-2.050005E+1
-2.050005E+1
-2.050005E+1
-1.271787E+1
-1.121259E+1
-1.049964E+1
-1.013949E+1
-9.963088E+0
-9.929278E+0
-9.980728E+0
-1.012185E+1
-1.031148E+1
-1.058784E+1
-1.095681E+1
-1.143456E+1
-1.213869E+1
-1.318680E+1
-1.510368E+1
-2.050005E+1
-2.050005E+1
-2.050005E+1
-2.050005E+1
-2.050005E+1
-2.050005E+1
-1.811424E+1
-1.476852E+1
-1.342494E+1
-1.265907E+1
-1.213869E+1
-1.171974E+1
-1.140222E+1
-1.115379E+1
-1.095681E+1
-1.080099E+1
-1.068045E+1
-1.058784E+1
-1.049964E+1
-1.045554E+1
-1.043496E+1
-1.037322E+1
-1.027326E+1
-1.017624E+1
-1.006746E+1
-9.980728E+0
-9.913108E+0
-9.863128E+0
-9.879298E+0
-9.963088E+0
-1.010274E+1
-1.027326E+1
-1.045554E+1
-1.063341E+1
-1.077747E+1
-1.085244E+1
-1.087743E+1
-1.090389E+1
-1.098327E+1
-1.115379E+1
-1.150218E+1
-1.213869E+1
-1.326324E+1
-1.572843E+1
-2.050005E+1
-2.050005E+1
-2.050005E+1
-2.050005E+1
-2.050005E+1
-2.050005E+1
-2.050005E+1
-2.050005E+1
-2.050005E+1
-2.050005E+1
-2.050005E+1
-2.050005E+1
-2.050005E+1
-2.050005E+1
-2.050005E+1
-2.050005E+1
-2.050005E+1
-2.050005E+1
-2.050005E+1
-2.050005E+1
-2.050005E+1
-2.050005E+1
-1.359840E+1
-1.109499E+1
-1.008510E+1
-9.547078E+0
-9.272188E+0
-9.175168E+0
-9.198688E+0
-9.333928E+0
-9.533848E+0
-9.799918E+0
-1.008510E+1
-1.041438E+1
-1.080099E+1
-1.127433E+1
-1.196082E+1
-1.304274E+1
-1.598421E+1
-2.050005E+1
-2.050005E+1
-2.050005E+1
-2.050005E+1
-2.050005E+1
-2.050005E+1
-2.050005E+1
-2.050005E+1
-2.050005E+1
-2.050005E+1
-2.050005E+1
-2.050005E+1
-1.369101E+1
-1.168152E+1
-1.065693E+1
-9.996898E+0
-9.519148E+0
-9.186928E+0
-8.950258E+0
-8.816488E+0
-8.767978E+0
-8.816488E+0
-8.962018E+0
-9.210448E+0
-9.604408E+0
-1.017624E+1
-1.101120E+1
-1.233273E+1
-1.572843E+1
-2.050005E+1
-2.050005E+1
-2.050005E+1
-2.050005E+1
-2.050005E+1
-2.050005E+1
-2.050005E+1
-2.050005E+1
-2.050005E+1
-2.050005E+1
-2.050005E+1
-2.050005E+1
-2.050005E+1
-2.050005E+1
-2.050005E+1
-2.050005E+1
-2.050005E+1
-2.050005E+1
-2.050005E+1
-2.050005E+1
-2.050005E+1
-1.627380E+1
-1.434663E+1
-1.351020E+1
-1.318680E+1
-1.318680E+1
-1.334262E+1
-1.369101E+1
-1.410555E+1
-1.434663E+1
-1.461858E+1
-1.476852E+1
-1.510368E+1
-1.572843E+1
-1.748949E+1
-2.050005E+1
-2.050005E+1
-2.050005E+1
-2.050005E+1
-2.050005E+1
-2.050005E+1
-2.050005E+1
-2.050005E+1
-2.050005E+1
-2.050005E+1
-2.050005E+1
-2.050005E+1
-2.050005E+1
-2.050005E+1
-2.050005E+1
-2.050005E+1
-2.050005E+1
-2.050005E+1
-2.050005E+1
-2.050005E+1
-2.050005E+1
-2.050005E+1
-2.050005E+1
-2.050005E+1
-2.050005E+1
-2.050005E+1
-2.050005E+1
-2.050005E+1
-1.549911E+1
-1.209312E+1
-1.082745E+1
-1.012185E+1
-9.707308E+0
-9.519148E+0
-9.533848E+0
-9.738178E+0
-1.013949E+1
-1.080099E+1
-1.187850E+1
-1.388799E+1
-2.050005E+1
-2.050005E+1
-2.050005E+1
-2.050005E+1
-2.050005E+1
-2.050005E+1
-2.050005E+1
-2.050005E+1
-2.050005E+1
-1.899477E+1
-1.899477E+1
-2.050005E+1
-2.050005E+1
-2.050005E+1
-2.050005E+1
-2.050005E+1
-2.050005E+1
-2.050005E+1
-2.050005E+1
-2.050005E+1
-1.598421E+1
-1.342494E+1
-1.209312E+1
-1.121259E+1
-1.058784E+1
-1.015860E+1
-9.879298E+0
-9.769048E+0
-9.783748E+0
-9.963088E+0
-1.031148E+1
-1.087743E+1
-1.175796E+1
-1.342494E+1
-2.050005E+1
-2.050005E+1
-2.050005E+1
-2.050005E+1
-2.050005E+1
-2.050005E+1
-2.050005E+1
-2.050005E+1
-2.050005E+1
-2.050005E+1
-2.050005E+1
-2.050005E+1
-2.050005E+1
-2.050005E+1
-2.050005E+1
-2.050005E+1
-2.050005E+1
-2.050005E+1
-2.050005E+1
-2.050005E+1
-2.050005E+1
-2.050005E+1
-2.050005E+1
-2.050005E+1
-2.050005E+1
-2.050005E+1
-2.050005E+1
-2.050005E+1
-2.050005E+1
-2.050005E+1
-2.050005E+1
-2.050005E+1
-2.050005E+1
-2.050005E+1
-2.050005E+1
-2.050005E+1
-2.050005E+1
-2.050005E+1
-2.050005E+1
-1.549911E+1
-1.243563E+1
-1.127433E+1
-1.056579E+1
-1.012185E+1
-9.816088E+0
-9.589708E+0
-9.425068E+0
-9.295708E+0
-9.186928E+0
-9.104608E+0
-9.026698E+0
-8.950258E+0
-8.878228E+0
-8.797378E+0
-8.690068E+0
-8.570998E+0
-8.448988E+0
-8.318158E+0
-8.202028E+0
-8.106478E+0
-8.049148E+0
-8.041798E+0
-8.099128E+0
-8.224078E+0
-8.432818E+0
-8.747398E+0
-9.175168E+0
-9.752878E+0
-1.056579E+1
-1.183734E+1
-1.447893E+1
-2.050005E+1
-2.050005E+1
-2.050005E+1
-2.050005E+1
-2.050005E+1
-2.050005E+1
-2.050005E+1
-2.050005E+1
-2.050005E+1
-2.050005E+1
-2.050005E+1
-2.050005E+1
-2.050005E+1
-2.050005E+1
-2.050005E+1
-2.050005E+1
-2.050005E+1
-2.050005E+1
-2.050005E+1
-2.050005E+1
-2.050005E+1
-2.050005E+1
-2.050005E+1
-2.050005E+1
-2.050005E+1
-2.050005E+1
-2.050005E+1
-2.050005E+1
-2.050005E+1
-2.050005E+1
-2.050005E+1
-2.050005E+1
-2.050005E+1
-1.290750E+1
-1.121259E+1
-1.047759E+1
-1.012185E+1
-1.006746E+1
-1.027326E+1
-1.077747E+1
-1.175796E+1
-1.447893E+1
-2.050005E+1
-2.050005E+1
-2.050005E+1
-2.050005E+1
-2.050005E+1
-2.050005E+1
-2.050005E+1
-2.050005E+1
-2.050005E+1
-2.050005E+1
-2.050005E+1
-2.050005E+1
-2.050005E+1
-2.050005E+1
-2.050005E+1
-2.050005E+1
-2.050005E+1
-2.050005E+1
-2.050005E+1
-2.050005E+1
-2.050005E+1
-2.050005E+1
-2.050005E+1
-2.050005E+1
-2.050005E+1
-2.050005E+1
-2.050005E+1
-2.050005E+1
-2.050005E+1
-2.050005E+1
-1.598421E+1
-1.342494E+1
-1.290750E+1
-1.311330E+1
-1.434663E+1
-2.050005E+1
-2.050005E+1
-2.050005E+1
-2.050005E+1
-2.050005E+1
-2.050005E+1
-2.050005E+1
-2.050005E+1
-2.050005E+1
-2.050005E+1
-2.050005E+1
-2.050005E+1
-2.050005E+1
-2.050005E+1
-2.050005E+1
-2.050005E+1
-2.050005E+1
-2.050005E+1
-2.050005E+1
-2.050005E+1
-2.050005E+1
-2.050005E+1
-2.050005E+1
-2.050005E+1
-2.050005E+1
-2.050005E+1
-2.050005E+1
-2.050005E+1
-2.050005E+1
-2.050005E+1
-2.050005E+1
-2.050005E+1
-2.050005E+1
-2.050005E+1
-2.050005E+1
-1.660896E+1
-1.243563E+1
-1.121259E+1
-1.060989E+1
-1.035264E+1
-1.037322E+1
-1.068045E+1
-1.136841E+1
-1.284135E+1
-2.050005E+1
-2.050005E+1
-2.050005E+1
-2.050005E+1
-2.050005E+1
-2.050005E+1
-2.050005E+1
-2.050005E+1
-2.050005E+1
-2.050005E+1
-2.050005E+1
-2.050005E+1
-2.050005E+1
-2.050005E+1
-2.050005E+1
-2.050005E+1
-2.050005E+1
-2.050005E+1
-1.369101E+1
-1.204902E+1
-1.124346E+1
-1.082745E+1
-1.065693E+1
-1.072749E+1
-1.101120E+1
-1.160802E+1
-1.271787E+1
-1.549911E+1
-2.050005E+1
-2.050005E+1
-2.050005E+1
-2.050005E+1
-2.050005E+1
-2.050005E+1
-2.050005E+1
-2.050005E+1
-2.050005E+1
-2.050005E+1
-2.050005E+1
-2.050005E+1
-2.050005E+1
-2.050005E+1
-2.050005E+1
-2.050005E+1
-2.050005E+1
-2.050005E+1
-2.050005E+1
-2.050005E+1
-2.050005E+1
-2.050005E+1
-2.050005E+1
-2.050005E+1
-2.050005E+1
-2.050005E+1
-2.050005E+1
-2.050005E+1
-2.050005E+1
-2.050005E+1
-2.050005E+1
-2.050005E+1
-2.050005E+1
-2.050005E+1
-2.050005E+1
-2.050005E+1
-2.050005E+1
-2.050005E+1
-2.050005E+1
-2.050005E+1
-2.050005E+1
-2.050005E+1
-2.050005E+1
-2.050005E+1
-2.050005E+1
-2.050005E+1
-2.050005E+1
-2.050005E+1
-2.050005E+1
-2.050005E+1
-2.050005E+1
-2.050005E+1
-2.050005E+1
-2.050005E+1
-2.050005E+1
-2.050005E+1
-2.050005E+1
-2.050005E+1
-2.050005E+1
-2.050005E+1
-1.318680E+1
-1.191966E+1
-1.133607E+1
-1.103913E+1
-1.087743E+1
-1.080099E+1
-1.075248E+1
-1.070397E+1
-1.065693E+1
-1.054374E+1
-1.039380E+1
-1.019535E+1
-9.980728E+0
-9.752878E+0
-9.519148E+0
-9.295708E+0
-9.116368E+0
-8.982598E+0
-8.909098E+0
-8.888518E+0
-8.929678E+0
-9.038458E+0
-9.186928E+0
-9.385378E+0
-9.604408E+0
-9.830788E+0
-1.004982E+1
-1.023357E+1
-1.039380E+1
-1.058784E+1
-1.082745E+1
-1.121259E+1
-1.187850E+1
-1.326324E+1
-2.050005E+1
-2.050005E+1
-2.050005E+1
-2.050005E+1
-2.050005E+1
-2.050005E+1
-2.050005E+1
-2.050005E+1
-2.050005E+1
-2.050005E+1
-2.050005E+1
-2.050005E+1
-2.050005E+1
-2.050005E+1
-2.050005E+1
-2.050005E+1
-2.050005E+1
-2.050005E+1
-2.050005E+1
-1.627380E+1
-1.297365E+1
-1.179765E+1
-1.109499E+1
-1.063341E+1
-1.033206E+1
-1.019535E+1
-1.021446E+1
-1.039380E+1
-1.077747E+1
-1.157274E+1
-1.318680E+1
-2.050005E+1
-2.050005E+1
-2.050005E+1
-2.050005E+1
-2.050005E+1
-2.050005E+1
-2.050005E+1
-2.050005E+1
-2.050005E+1
-2.050005E+1
-2.050005E+1
-2.050005E+1
-2.050005E+1
-2.050005E+1
-2.050005E+1
-2.050005E+1
-2.050005E+1
-2.050005E+1
-2.050005E+1
-2.050005E+1
-2.050005E+1
-2.050005E+1
-2.050005E+1
-2.050005E+1
-2.050005E+1
-2.050005E+1
-2.050005E+1
-2.050005E+1
-2.050005E+1
-2.050005E+1
-2.050005E+1
-2.050005E+1
-2.050005E+1
-2.050005E+1
-2.050005E+1
-2.050005E+1
-2.050005E+1
-2.050005E+1
-2.050005E+1
-2.050005E+1
-2.050005E+1
-2.050005E+1
-2.050005E+1
-2.050005E+1
-2.050005E+1
-2.050005E+1
-2.050005E+1
-2.050005E+1
-2.050005E+1
-2.050005E+1
-1.598421E+1
-1.342494E+1
-1.248855E+1
-1.209312E+1
-1.196082E+1
-1.209312E+1
-1.248855E+1
-1.334262E+1
-1.529331E+1
-2.050005E+1
-2.050005E+1
-2.050005E+1
-2.050005E+1
-2.050005E+1
-2.050005E+1
-2.050005E+1
-2.050005E+1
-2.050005E+1
-2.050005E+1
-2.050005E+1
-2.050005E+1
-2.050005E+1
-2.050005E+1
-2.050005E+1
-2.050005E+1
-2.050005E+1
-2.050005E+1
-2.050005E+1
-2.050005E+1
-2.050005E+1
-2.050005E+1
-2.050005E+1
-1.388799E+1
-1.243563E+1
-1.164477E+1
-1.118319E+1
-1.090389E+1
-1.077747E+1
-1.075248E+1
-1.082745E+1
-1.101120E+1
-1.118319E+1
-1.133607E+1
-1.140222E+1
-1.140222E+1
-1.133607E+1
-1.121259E+1
-1.112439E+1
-1.109499E+1
-1.118319E+1
-1.150218E+1
-1.213869E+1
-1.342494E+1
-1.748949E+1
-2.050005E+1
-2.050005E+1
-2.050005E+1
-2.050005E+1
-2.050005E+1
-2.050005E+1
-2.050005E+1
-1.598421E+1
-1.248855E+1
-1.118319E+1
-1.043496E+1
-9.980728E+0
-9.722008E+0
-9.648508E+0
-9.738178E+0
-1.004982E+1
-1.063341E+1
-1.168152E+1
-1.447893E+1
-2.050005E+1
-2.050005E+1
-2.050005E+1
-2.050005E+1
-2.050005E+1
-2.050005E+1
-2.050005E+1
-2.050005E+1
-2.050005E+1
-2.050005E+1
-2.050005E+1
-2.050005E+1
-2.050005E+1
-2.050005E+1
-2.050005E+1
-2.050005E+1
-1.326324E+1
-1.200492E+1
-1.164477E+1
-1.171974E+1
-1.223277E+1
-1.351020E+1
-1.899477E+1
-2.050005E+1
-2.050005E+1
-2.050005E+1
-2.050005E+1
-2.050005E+1
-2.050005E+1
-2.050005E+1
-2.050005E+1
-2.050005E+1
-2.050005E+1
-2.050005E+1
-2.050005E+1
-2.050005E+1
-2.050005E+1
-2.050005E+1
-2.050005E+1
-1.572843E+1
-1.304274E+1
-1.187850E+1
-1.118319E+1
-1.077747E+1
-1.058784E+1
-1.060989E+1
-1.082745E+1
-1.130520E+1
-1.209312E+1
-1.359840E+1
-2.050005E+1
-2.050005E+1
-2.050005E+1
-2.050005E+1
-2.050005E+1
-2.050005E+1
-2.050005E+1
-2.050005E+1
-2.050005E+1
-2.050005E+1
-2.050005E+1
-2.050005E+1
-2.050005E+1
-2.050005E+1
-2.050005E+1
-2.050005E+1
-2.050005E+1
-2.050005E+1
-2.050005E+1
-2.050005E+1
-2.050005E+1
-2.050005E+1
-2.050005E+1
-2.050005E+1
-2.050005E+1
-2.050005E+1
-1.598421E+1
-1.447893E+1
-1.447893E+1
-1.627380E+1
-2.050005E+1
-2.050005E+1
-2.050005E+1
-2.050005E+1
-2.050005E+1
-2.050005E+1
-2.050005E+1
-2.050005E+1
-2.050005E+1
-1.510368E+1
-1.326324E+1
-1.265907E+1
-1.260027E+1
-1.304274E+1
-1.476852E+1
-2.050005E+1
-2.050005E+1
-2.050005E+1
-2.050005E+1
-2.050005E+1
-2.050005E+1
-2.050005E+1
-2.050005E+1
-2.050005E+1
-2.050005E+1
-2.050005E+1
-2.050005E+1
-2.050005E+1
-2.050005E+1
-2.050005E+1
-2.050005E+1
-2.050005E+1
-2.050005E+1
-2.050005E+1
-2.050005E+1
-2.050005E+1
-2.050005E+1
-2.050005E+1
-2.050005E+1
-1.388799E+1
-1.233273E+1
-1.150218E+1
-1.101120E+1
-1.072749E+1
-1.060989E+1
-1.063341E+1
-1.077747E+1
-1.109499E+1
-1.164477E+1
-1.260027E+1
-1.510368E+1
-2.050005E+1
-2.050005E+1
-2.050005E+1
-2.050005E+1
-2.050005E+1
-2.050005E+1
-2.050005E+1
-2.050005E+1
-2.050005E+1
-2.050005E+1
-2.050005E+1
-2.050005E+1
-2.050005E+1
-2.050005E+1
-2.050005E+1
-2.050005E+1
-2.050005E+1
-2.050005E+1
-2.050005E+1
-2.050005E+1
-2.050005E+1
-1.811424E+1
-1.447893E+1
-1.410555E+1
-1.493022E+1
-1.899477E+1
-2.050005E+1
-2.050005E+1
-2.050005E+1
-2.050005E+1
-2.050005E+1
-2.050005E+1
-2.050005E+1
-2.050005E+1
-1.476852E+1
-1.334262E+1
-1.265907E+1
-1.233273E+1
-1.218573E+1
-1.228275E+1
-1.260027E+1
-1.318680E+1
-1.434663E+1
-1.700439E+1
-2.050005E+1
-2.050005E+1
-2.050005E+1
-2.050005E+1
-2.050005E+1
-1.627380E+1
-1.399383E+1
-1.311330E+1
-1.271787E+1
-1.284135E+1
-1.342494E+1
-1.529331E+1
-2.050005E+1
-2.050005E+1
-2.050005E+1
-2.050005E+1
-2.050005E+1
-2.050005E+1
-2.050005E+1
-2.050005E+1
-1.378803E+1
-1.179765E+1
-1.085244E+1
-1.027326E+1
-9.929278E+0
-9.738178E+0
-9.663208E+0
-9.648508E+0
-9.677908E+0
-9.738178E+0
-9.816088E+0
-9.896938E+0
-9.963088E+0
-1.008510E+1
-1.025268E+1
-1.049964E+1
-1.085244E+1
-1.133607E+1
-1.196082E+1
-1.277961E+1
-1.388799E+1
-1.529331E+1
-1.627380E+1
-1.627380E+1
-1.529331E+1
-1.447893E+1
-1.388799E+1
-1.351020E+1
-1.342494E+1
-1.369101E+1
-1.447893E+1
-1.660896E+1
-2.050005E+1
-2.050005E+1
-2.050005E+1
-2.050005E+1
-2.050005E+1
-2.050005E+1
-2.050005E+1
-2.050005E+1
-2.050005E+1
-2.050005E+1
-2.050005E+1
-2.050005E+1
-2.050005E+1
-2.050005E+1
-2.050005E+1
-2.050005E+1
-2.050005E+1
-2.050005E+1
-2.050005E+1
-2.050005E+1
-2.050005E+1
-2.050005E+1
-2.050005E+1
-2.050005E+1
-2.050005E+1
-2.050005E+1
-2.050005E+1
-1.399383E+1
-1.187850E+1
-1.072749E+1
-1.001454E+1
-9.547078E+0
-9.235438E+0
-9.070798E+0
-9.016408E+0
-9.048748E+0
-9.151648E+0
-9.283948E+0
-9.425068E+0
-9.533848E+0
-9.619108E+0
-9.677908E+0
-9.707308E+0
-9.738178E+0
-9.783748E+0
-9.896938E+0
-1.008510E+1
-1.033206E+1
-1.065693E+1
-1.109499E+1
-1.168152E+1
-1.254441E+1
-1.399383E+1
-1.811424E+1
-2.050005E+1
-2.050005E+1
-2.050005E+1
-2.050005E+1
-2.050005E+1
-2.050005E+1
-2.050005E+1
-2.050005E+1
-2.050005E+1
-2.050005E+1
-2.050005E+1
-2.050005E+1
-2.050005E+1
-2.050005E+1
-2.050005E+1
-2.050005E+1
-2.050005E+1
-2.050005E+1
-1.476852E+1
-1.238271E+1
-1.112439E+1
-1.031148E+1
-9.692608E+0
-9.235438E+0
-8.898808E+0
-8.670958E+0
-8.526898E+0
-8.448988E+0
-8.432818E+0
-8.466628E+0
-8.570998E+0
-8.728288E+0
-8.950258E+0
-9.272188E+0
-9.692608E+0
-1.027326E+1
-1.103913E+1
-1.213869E+1
-1.378803E+1
-1.811424E+1
-2.050005E+1
-2.050005E+1
-2.050005E+1
-2.050005E+1
-2.050005E+1
-1.700439E+1
-1.476852E+1
-1.351020E+1
-1.243563E+1
-1.157274E+1
-1.087743E+1
-1.031148E+1
-9.913108E+0
-9.663208E+0
-9.533848E+0
-9.547078E+0
-9.707308E+0
-1.001454E+1
-1.047759E+1
-1.109499E+1
-1.196082E+1
-1.311330E+1
-1.476852E+1
-2.050005E+1
-2.050005E+1
-2.050005E+1
-2.050005E+1
-2.050005E+1
-2.050005E+1
-2.050005E+1
-2.050005E+1
-2.050005E+1
-2.050005E+1
-1.899477E+1
-1.549911E+1
-1.422315E+1
-1.351020E+1
-1.304274E+1
-1.277961E+1
-1.265907E+1
-1.265907E+1
-1.284135E+1
-1.318680E+1
-1.369101E+1
-1.434663E+1
-1.493022E+1
-1.510368E+1
-1.461858E+1
-1.369101E+1
-1.271787E+1
-1.187850E+1
-1.118319E+1
-1.065693E+1
-1.025268E+1
-9.946918E+0
-9.722008E+0
-9.575008E+0
-9.477988E+0
-9.438298E+0
-9.425068E+0
-9.464758E+0
-9.519148E+0
-9.604408E+0
-9.722008E+0
-9.863128E+0
-1.004982E+1
-1.023357E+1
-1.041438E+1
-1.052169E+1
-1.054374E+1
-1.039380E+1
-1.013949E+1
-9.783748E+0
-9.411838E+0
-9.070798E+0
-8.797378E+0
-8.607748E+0
-8.518078E+0
-8.526898E+0
-8.643028E+0
-8.857648E+0
-9.186928E+0
-9.619108E+0
-1.015860E+1
-1.077747E+1
-1.150218E+1
-1.228275E+1
-1.318680E+1
-1.410555E+1
-1.529331E+1
-1.748949E+1
-2.050005E+1
-2.050005E+1
-2.050005E+1
-2.050005E+1
-2.050005E+1
-2.050005E+1
-2.050005E+1
-2.050005E+1
-2.050005E+1
-1.811424E+1
-1.461858E+1
-1.318680E+1
-1.228275E+1
-1.160802E+1
-1.118319E+1
-1.087743E+1
-1.070397E+1
-1.065693E+1
-1.072749E+1
-1.087743E+1
-1.106706E+1
-1.124346E+1
-1.130520E+1
-1.124346E+1
-1.103913E+1
-1.072749E+1
-1.039380E+1
-1.008510E+1
-9.830788E+0
-9.677908E+0
-9.633808E+0
-9.677908E+0
-9.846958E+0
-1.013949E+1
-1.054374E+1
-1.109499E+1
-1.179765E+1
-1.271787E+1
-1.378803E+1
-1.549911E+1
-1.899477E+1
-2.050005E+1
-2.050005E+1
-2.050005E+1
-2.050005E+1
-1.627380E+1
-1.410555E+1
-1.284135E+1
-1.183734E+1
-1.112439E+1
-1.056579E+1
-1.015860E+1
-9.879298E+0
-9.738178E+0
-9.707308E+0
-9.799918E+0
-9.996898E+0
-1.027326E+1
-1.060989E+1
-1.090389E+1
-1.103913E+1
-1.098327E+1
-1.075248E+1
-1.043496E+1
-1.013949E+1
-9.946918E+0
-9.863128E+0
-9.929278E+0
-1.017624E+1
-1.063341E+1
-1.133607E+1
-1.243563E+1
-1.434663E+1
-2.050005E+1
-2.050005E+1
-2.050005E+1
-2.050005E+1
-1.748949E+1
-1.410555E+1
-1.290750E+1
-1.228275E+1
-1.200492E+1
-1.204902E+1
-1.233273E+1
-1.297365E+1
-1.434663E+1
-2.050005E+1
-2.050005E+1
-2.050005E+1
-2.050005E+1
-2.050005E+1
-2.050005E+1
-2.050005E+1
-1.899477E+1
-1.461858E+1
-1.334262E+1
-1.284135E+1
-1.271787E+1
-1.297365E+1
-1.378803E+1
-1.627380E+1
-2.050005E+1
-2.050005E+1
-2.050005E+1
-2.050005E+1
-2.050005E+1
-2.050005E+1
-2.050005E+1
-2.050005E+1
-2.050005E+1
-2.050005E+1
-2.050005E+1
-2.050005E+1
-2.050005E+1
-2.050005E+1
-2.050005E+1
-1.311330E+1
-1.160802E+1
-1.080099E+1
-1.033206E+1
-1.004982E+1
-9.913108E+0
-9.913108E+0
-1.001454E+1
-1.019535E+1
-1.047759E+1
-1.082745E+1
-1.124346E+1
-1.175796E+1
-1.243563E+1
-1.359840E+1
-1.660896E+1
-2.050005E+1
-2.050005E+1
-2.050005E+1
-2.050005E+1
-2.050005E+1
-2.050005E+1
-2.050005E+1
-2.050005E+1
-2.050005E+1
-2.050005E+1
-2.050005E+1
-2.050005E+1
-2.050005E+1
-2.050005E+1
-2.050005E+1
-1.700439E+1
-1.627380E+1
-1.811424E+1
-2.050005E+1
-2.050005E+1
-2.050005E+1
-2.050005E+1
-2.050005E+1
-2.050005E+1
-2.050005E+1
-2.050005E+1
-2.050005E+1
-2.050005E+1
-2.050005E+1
-2.050005E+1
-1.899477E+1
-1.318680E+1
-1.171974E+1
-1.087743E+1
-1.033206E+1
-9.946918E+0
-9.707308E+0
-9.561778E+0
-9.533848E+0
-9.619108E+0
-9.830788E+0
-1.019535E+1
-1.072749E+1
-1.157274E+1
-1.297365E+1
-1.700439E+1
-2.050005E+1
-2.050005E+1
-2.050005E+1
-2.050005E+1
-2.050005E+1
-1.461858E+1
-1.209312E+1
-1.080099E+1
-9.913108E+0
-9.258958E+0
-8.776798E+0
-8.423998E+0
-8.179978E+0
-8.034448E+0
-8.000638E+0
-8.069728E+0
-8.263768E+0
-8.570998E+0
-9.004648E+0
-9.589708E+0
-1.031148E+1
-1.115379E+1
-1.204902E+1
-1.265907E+1
-1.284135E+1
-1.260027E+1
-1.223277E+1
-1.200492E+1
-1.200492E+1
-1.228275E+1
-1.290750E+1
-1.399383E+1
-1.660896E+1
-2.050005E+1
-2.050005E+1
-1.811424E+1
-1.388799E+1
-1.218573E+1
-1.112439E+1
-1.039380E+1
-9.929278E+0
-9.648508E+0
-9.533848E+0
-9.589708E+0
-9.830788E+0
-1.025268E+1
-1.090389E+1
-1.179765E+1
-1.297365E+1
-1.410555E+1
-1.434663E+1
-1.334262E+1
-1.213869E+1
-1.124346E+1
-1.063341E+1
-1.027326E+1
-1.015860E+1
-1.033206E+1
-1.085244E+1
-1.204902E+1
-1.660896E+1
-2.050005E+1
-2.050005E+1
-2.050005E+1
-2.050005E+1
-2.050005E+1
-2.050005E+1
-2.050005E+1
-2.050005E+1
-2.050005E+1
-2.050005E+1
-2.050005E+1
-2.050005E+1
-2.050005E+1
-2.050005E+1
-2.050005E+1
-2.050005E+1
-2.050005E+1
-2.050005E+1
-2.050005E+1
-2.050005E+1
-2.050005E+1
-2.050005E+1
-2.050005E+1
-1.290750E+1
-1.146837E+1
-1.072749E+1
-1.033206E+1
-1.023357E+1
-1.043496E+1
-1.095681E+1
-1.204902E+1
-1.493022E+1
-2.050005E+1
-2.050005E+1
-2.050005E+1
-2.050005E+1
-2.050005E+1
-2.050005E+1
-2.050005E+1
-1.447893E+1
-1.271787E+1
-1.209312E+1
-1.200492E+1
-1.233273E+1
-1.304274E+1
-1.399383E+1
-1.529331E+1
-1.572843E+1
-1.447893E+1
-1.304274E+1
-1.187850E+1
-1.103913E+1
-1.041438E+1
-9.946918E+0
-9.633808E+0
-9.411838E+0
-9.283948E+0
-9.210448E+0
-9.175168E+0
-9.163408E+0
-9.175168E+0
-9.198688E+0
-9.247198E+0
-9.333928E+0
-9.464758E+0
-9.633808E+0
-9.863128E+0
-1.015860E+1
-1.045554E+1
-1.077747E+1
-1.103913E+1
-1.121259E+1
-1.124346E+1
-1.118319E+1
-1.101120E+1
-1.080099E+1
-1.063341E+1
-1.052169E+1
-1.047759E+1
-1.052169E+1
-1.060989E+1
-1.077747E+1
-1.101120E+1
-1.124346E+1
-1.140222E+1
-1.143456E+1
-1.130520E+1
-1.103913E+1
-1.070397E+1
-1.039380E+1
-1.010274E+1
-9.896938E+0
-9.799918E+0
-9.799918E+0
-9.913108E+0
-1.012185E+1
-1.043496E+1
-1.082745E+1
-1.124346E+1
-1.157274E+1
-1.175796E+1
-1.171974E+1
-1.157274E+1
-1.143456E+1
-1.140222E+1
-1.164477E+1
-1.238271E+1
-1.493022E+1
-2.050005E+1
-2.050005E+1
-2.050005E+1
-2.050005E+1
-2.050005E+1
-2.050005E+1
-2.050005E+1
-2.050005E+1
-2.050005E+1
-2.050005E+1
-2.050005E+1
-2.050005E+1
-2.050005E+1
-2.050005E+1
-2.050005E+1
-2.050005E+1
-1.422315E+1
-1.318680E+1
-1.271787E+1
-1.254441E+1
-1.243563E+1
-1.238271E+1
-1.228275E+1
-1.218573E+1
-1.204902E+1
-1.200492E+1
-1.196082E+1
-1.196082E+1
-1.196082E+1
-1.196082E+1
-1.196082E+1
-1.200492E+1
-1.209312E+1
-1.233273E+1
-1.284135E+1
-1.422315E+1
-2.050005E+1
-2.050005E+1
-2.050005E+1
-2.050005E+1
-2.050005E+1
-2.050005E+1
-2.050005E+1
-2.050005E+1
-2.050005E+1
-2.050005E+1
-2.050005E+1
-2.050005E+1
-2.050005E+1
-2.050005E+1
-2.050005E+1
-2.050005E+1
-2.050005E+1
-2.050005E+1
-2.050005E+1
-2.050005E+1
-2.050005E+1
-2.050005E+1
-2.050005E+1
-2.050005E+1
-2.050005E+1
-2.050005E+1
-2.050005E+1
-2.050005E+1
-2.050005E+1
-2.050005E+1
-2.050005E+1
-2.050005E+1
-2.050005E+1
-2.050005E+1
-2.050005E+1
-2.050005E+1
-2.050005E+1
-2.050005E+1
-2.050005E+1
-2.050005E+1
-2.050005E+1
-1.304274E+1
-1.112439E+1
-1.021446E+1
-9.692608E+0
-9.411838E+0
-9.295708E+0
-9.358918E+0
-9.604408E+0
-1.010274E+1
-1.098327E+1
-1.284135E+1
-2.050005E+1
-2.050005E+1
-2.050005E+1
-2.050005E+1
-2.050005E+1
-2.050005E+1
-2.050005E+1
-2.050005E+1
-2.050005E+1
-2.050005E+1
-2.050005E+1
-2.050005E+1
-2.050005E+1
-2.050005E+1
-2.050005E+1
-2.050005E+1
-1.351020E+1
-1.098327E+1
-9.863128E+0
-9.175168E+0
-8.709178E+0
-8.391658E+0
-8.194678E+0
-8.106478E+0
-8.113828E+0
-8.232898E+0
-8.448988E+0
-8.797378E+0
-9.295708E+0
-1.001454E+1
-1.109499E+1
-1.311330E+1
-2.050005E+1
-2.050005E+1
-2.050005E+1
-2.050005E+1
-2.050005E+1
-2.050005E+1
-2.050005E+1
-2.050005E+1
-2.050005E+1
-2.050005E+1
-2.050005E+1
-2.050005E+1
-2.050005E+1
-2.050005E+1
-2.050005E+1
-2.050005E+1
-2.050005E+1
-2.050005E+1
-2.050005E+1
-2.050005E+1
-2.050005E+1
-2.050005E+1
-2.050005E+1
-2.050005E+1
-2.050005E+1
-2.050005E+1
-2.050005E+1
-2.050005E+1
-2.050005E+1
-2.050005E+1
-2.050005E+1
-2.050005E+1
-2.050005E+1
-1.529331E+1
-1.311330E+1
-1.209312E+1
-1.143456E+1
-1.103913E+1
-1.075248E+1
-1.058784E+1
-1.052169E+1
-1.052169E+1
-1.056579E+1
-1.060989E+1
-1.068045E+1
-1.072749E+1
-1.070397E+1
-1.058784E+1
-1.041438E+1
-1.013949E+1
-9.816088E+0
-9.492688E+0
-9.186928E+0
-8.919388E+0
-8.719468E+0
-8.588638E+0
-8.535718E+0
-8.570998E+0
-8.700358E+0
-8.898808E+0
-9.163408E+0
-9.464758E+0
-9.816088E+0
-1.013949E+1
-1.041438E+1
-1.063341E+1
-1.080099E+1
-1.098327E+1
-1.124346E+1
-1.164477E+1
-1.228275E+1
-1.334262E+1
-1.598421E+1
-2.050005E+1
-2.050005E+1
-2.050005E+1
-2.050005E+1
-2.050005E+1
-2.050005E+1
-2.050005E+1
-2.050005E+1
-2.050005E+1
-2.050005E+1
-2.050005E+1
-2.050005E+1
-2.050005E+1
-2.050005E+1
-2.050005E+1
-2.050005E+1
-2.050005E+1
-2.050005E+1
-2.050005E+1
-2.050005E+1
-2.050005E+1
-2.050005E+1
-2.050005E+1
-2.050005E+1
-2.050005E+1
-2.050005E+1
-2.050005E+1
-2.050005E+1
-2.050005E+1
-2.050005E+1
-2.050005E+1
-2.050005E+1
-2.050005E+1
-2.050005E+1
-2.050005E+1
-2.050005E+1
-2.050005E+1
-2.050005E+1
-2.050005E+1
-2.050005E+1
-2.050005E+1
-2.050005E+1
-2.050005E+1
-2.050005E+1
-2.050005E+1
-2.050005E+1
-2.050005E+1
-2.050005E+1
-2.050005E+1
-2.050005E+1
-1.700439E+1
-1.410555E+1
-1.326324E+1
-1.297365E+1
-1.277961E+1
-1.260027E+1
-1.243563E+1
-1.218573E+1
-1.196082E+1
-1.175796E+1
-1.157274E+1
-1.150218E+1
-1.153746E+1
-1.175796E+1
-1.218573E+1
-1.284135E+1
-1.399383E+1
-1.660896E+1
-2.050005E+1
-2.050005E+1
-2.050005E+1
