Date/Time	2022-06-10 04:01:21
Line location	3
Line name	C1
OTDR wavelength [nm]	1550
OTDR pulse duration [ns]	2
OTDR scan time [s]	10
OTDR scan length [m]	1.500000E+2
Length offset [m]	0.000000E+0
Length increment [m]	3.996806E-2
Switch ID	VIAVI Solutions,OTU 8000E,11654,FO,16.76
OTDR ID	JDSU,OTU 8000E,11654,OTU(SmartOTU),V7.22

Reflected amplitude [dB]
8.950620E-1
8.597820E-1
8.068620E-1
7.451220E-1
6.892620E-1
6.422220E-1
6.054720E-1
5.790120E-1
5.760720E-1
6.216420E-1
7.201320E-1
8.583120E-1
1.021482E+0
1.189062E+0
1.333122E+0
1.444842E+0
1.525692E+0
1.584492E+0
1.618302E+0
1.628592E+0
1.612422E+0
1.566852E+0
1.487472E+0
1.391922E+0
1.286082E+0
1.165542E+0
1.028832E+0
8.803620E-1
7.318920E-1
5.995920E-1
4.805220E-1
3.732120E-1
2.761920E-1
1.953420E-1
1.291920E-1
7.774200E-2
3.511200E-2
-1.680000E-4
-2.809800E-2
-5.161800E-2
-7.072800E-2
-8.836800E-2
-1.015980E-1
-1.133580E-1
-1.251180E-1
-1.354080E-1
-1.456980E-1
-1.574580E-1
-1.692180E-1
-1.824480E-1
-1.956780E-1
-2.089080E-1
-2.221380E-1
-2.338980E-1
-2.441880E-1
-2.530080E-1
-2.603580E-1
-2.662380E-1
-2.706480E-1
-2.750580E-1
-2.779980E-1
-2.824080E-1
-2.882880E-1
-2.941680E-1
-3.000480E-1
-3.073980E-1
-3.132780E-1
-3.162180E-1
-3.176880E-1
-3.147480E-1
-3.073980E-1
-2.971080E-1
-2.853480E-1
-2.647680E-1
-2.294880E-1
-1.824480E-1
-1.251180E-1
-6.484800E-2
-1.045800E-2
3.364200E-2
6.892200E-2
9.244200E-2
1.086120E-1
1.159620E-1
1.189020E-1
1.086120E-1
8.362200E-2
4.540200E-2
1.302000E-3
-4.573800E-2
-9.571800E-2
-1.427580E-1
-1.883280E-1
-2.280180E-1
-2.632980E-1
-2.956380E-1
-3.235680E-1
-3.470880E-1
-3.661980E-1
-3.823680E-1
-3.941280E-1
-4.044180E-1
-4.132380E-1
-4.191180E-1
-4.264680E-1
-4.323480E-1
-4.382280E-1
-4.455780E-1
-4.543980E-1
-4.632180E-1
-4.735080E-1
-4.852680E-1
-4.955580E-1
-5.073180E-1
-5.176080E-1
-5.249580E-1
-5.323080E-1
-5.352480E-1
-5.367180E-1
-5.352480E-1
-5.323080E-1
-5.264280E-1
-5.190780E-1
-5.102580E-1
-5.014380E-1
-4.911480E-1
-4.808580E-1
-4.705680E-1
-4.617480E-1
-4.529280E-1
-4.470480E-1
-4.441080E-1
-4.441080E-1
-4.470480E-1
-4.529280E-1
-4.602780E-1
-4.705680E-1
-4.823280E-1
-4.926180E-1
-5.029080E-1
-5.102580E-1
-5.146680E-1
-5.176080E-1
-5.146680E-1
-5.102580E-1
-5.014380E-1
-4.896780E-1
-4.735080E-1
-4.514580E-1
-4.264680E-1
-3.897180E-1
-3.279780E-1
-2.427180E-1
-1.515780E-1
-7.072800E-2
-4.578000E-3
4.834200E-2
8.803200E-2
1.159620E-1
1.350720E-1
1.453620E-1
1.483020E-1
1.394820E-1
1.115520E-1
7.039200E-2
2.482200E-2
-1.780800E-2
-5.896800E-2
-9.718800E-2
-1.324680E-1
-1.662780E-1
-1.971480E-1
-2.236080E-1
-2.485980E-1
-2.677080E-1
-2.853480E-1
-3.000480E-1
-3.103380E-1
-3.206280E-1
-3.294480E-1
-3.367980E-1
-3.426780E-1
-3.500280E-1
-3.573780E-1
-3.632580E-1
-3.691380E-1
-3.735480E-1
-3.764880E-1
-3.779580E-1
-3.794280E-1
-3.779580E-1
-3.750180E-1
-3.720780E-1
-3.676680E-1
-3.647280E-1
-3.603180E-1
-3.588480E-1
-3.573780E-1
-3.573780E-1
-3.573780E-1
-3.603180E-1
-3.632580E-1
-3.661980E-1
-3.706080E-1
-3.750180E-1
-3.779580E-1
-3.823680E-1
-3.853080E-1
-3.882480E-1
-3.926580E-1
-3.955980E-1
-3.985380E-1
-4.014780E-1
-4.044180E-1
-4.073580E-1
-4.102980E-1
-4.117680E-1
-4.132380E-1
-4.132380E-1
-4.117680E-1
-4.102980E-1
-4.073580E-1
-4.058880E-1
-4.029480E-1
-4.000080E-1
-3.970680E-1
-3.955980E-1
-3.941280E-1
-3.926580E-1
-3.911880E-1
-3.882480E-1
-3.867780E-1
-3.853080E-1
-3.823680E-1
-3.808980E-1
-3.779580E-1
-3.764880E-1
-3.750180E-1
-3.720780E-1
-3.706080E-1
-3.691380E-1
-3.676680E-1
-3.661980E-1
-3.647280E-1
-3.647280E-1
-3.632580E-1
-3.647280E-1
-3.661980E-1
-3.691380E-1
-3.720780E-1
-3.764880E-1
-3.808980E-1
-3.867780E-1
-3.911880E-1
-3.941280E-1
-3.970680E-1
-3.970680E-1
-3.970680E-1
-3.970680E-1
-3.941280E-1
-3.911880E-1
-3.882480E-1
-3.853080E-1
-3.823680E-1
-3.779580E-1
-3.735480E-1
-3.706080E-1
-3.661980E-1
-3.617880E-1
-3.603180E-1
-3.573780E-1
-3.573780E-1
-3.573780E-1
-3.588480E-1
-3.617880E-1
-3.661980E-1
-3.720780E-1
-3.779580E-1
-3.838380E-1
-3.897180E-1
-3.955980E-1
-3.985380E-1
-4.014780E-1
-4.014780E-1
-4.000080E-1
-3.970680E-1
-3.941280E-1
-3.897180E-1
-3.853080E-1
-3.808980E-1
-3.794280E-1
-3.779580E-1
-3.779580E-1
-3.794280E-1
-3.808980E-1
-3.838380E-1
-3.867780E-1
-3.911880E-1
-3.941280E-1
-4.000080E-1
-4.044180E-1
-4.102980E-1
-4.147080E-1
-4.191180E-1
-4.220580E-1
-4.220580E-1
-4.205880E-1
-4.161780E-1
-4.102980E-1
-4.014780E-1
-3.926580E-1
-3.838380E-1
-3.779580E-1
-3.735480E-1
-3.720780E-1
-3.720780E-1
-3.750180E-1
-3.794280E-1
-3.838380E-1
-3.897180E-1
-3.955980E-1
-4.014780E-1
-4.058880E-1
-4.088280E-1
-4.102980E-1
-4.117680E-1
-4.132380E-1
-4.132380E-1
-4.147080E-1
-4.147080E-1
-4.147080E-1
-4.147080E-1
-4.147080E-1
-4.147080E-1
-4.132380E-1
-4.117680E-1
-4.102980E-1
-4.088280E-1
-4.073580E-1
-4.058880E-1
-4.058880E-1
-4.044180E-1
-4.044180E-1
-4.044180E-1
-4.058880E-1
-4.058880E-1
-4.058880E-1
-4.058880E-1
-4.073580E-1
-4.088280E-1
-4.088280E-1
-4.102980E-1
-4.102980E-1
-4.102980E-1
-4.102980E-1
-4.088280E-1
-4.058880E-1
-4.044180E-1
-4.014780E-1
-3.985380E-1
-3.955980E-1
-3.941280E-1
-3.941280E-1
-3.941280E-1
-3.970680E-1
-4.000080E-1
-4.058880E-1
-4.132380E-1
-4.205880E-1
-4.279380E-1
-4.352880E-1
-4.411680E-1
-4.441080E-1
-4.455780E-1
-4.455780E-1
-4.426380E-1
-4.396980E-1
-4.338180E-1
-4.294080E-1
-4.249980E-1
-4.205880E-1
-4.161780E-1
-4.132380E-1
-4.102980E-1
-4.073580E-1
-4.044180E-1
-4.029480E-1
-4.014780E-1
-4.000080E-1
-4.000080E-1
-4.000080E-1
-4.014780E-1
-4.044180E-1
-4.058880E-1
-4.102980E-1
-4.117680E-1
-4.147080E-1
-4.161780E-1
-4.161780E-1
-4.147080E-1
-4.117680E-1
-4.088280E-1
-4.044180E-1
-4.000080E-1
-3.955980E-1
-3.911880E-1
-3.882480E-1
-3.853080E-1
-3.823680E-1
-3.823680E-1
-3.823680E-1
-3.823680E-1
-3.838380E-1
-3.853080E-1
-3.867780E-1
-3.867780E-1
-3.867780E-1
-3.853080E-1
-3.838380E-1
-3.823680E-1
-3.808980E-1
-3.808980E-1
-3.794280E-1
-3.808980E-1
-3.823680E-1
-3.838380E-1
-3.867780E-1
-3.911880E-1
-3.941280E-1
-3.985380E-1
-4.014780E-1
-4.029480E-1
-4.044180E-1
-4.044180E-1
-4.044180E-1
-4.029480E-1
-4.000080E-1
-3.970680E-1
-3.955980E-1
-3.926580E-1
-3.911880E-1
-3.897180E-1
-3.867780E-1
-3.853080E-1
-3.823680E-1
-3.794280E-1
-3.764880E-1
-3.750180E-1
-3.720780E-1
-3.706080E-1
-3.706080E-1
-3.706080E-1
-3.720780E-1
-3.750180E-1
-3.779580E-1
-3.808980E-1
-3.853080E-1
-3.897180E-1
-3.926580E-1
-3.970680E-1
-4.000080E-1
-4.014780E-1
-4.014780E-1
-4.029480E-1
-4.014780E-1
-4.000080E-1
-3.970680E-1
-3.955980E-1
-3.926580E-1
-3.897180E-1
-3.867780E-1
-3.853080E-1
-3.838380E-1
-3.838380E-1
-3.853080E-1
-3.882480E-1
-3.911880E-1
-3.955980E-1
-4.000080E-1
-4.029480E-1
-4.073580E-1
-4.102980E-1
-4.117680E-1
-4.117680E-1
-4.102980E-1
-4.088280E-1
-4.058880E-1
-4.014780E-1
-3.970680E-1
-3.941280E-1
-3.911880E-1
-3.882480E-1
-3.867780E-1
-3.853080E-1
-3.838380E-1
-3.838380E-1
-3.838380E-1
-3.853080E-1
-3.882480E-1
-3.911880E-1
-3.941280E-1
-3.970680E-1
-4.000080E-1
-4.029480E-1
-4.029480E-1
-4.029480E-1
-4.014780E-1
-3.985380E-1
-3.970680E-1
-3.941280E-1
-3.911880E-1
-3.897180E-1
-3.882480E-1
-3.867780E-1
-3.882480E-1
-3.882480E-1
-3.897180E-1
-3.911880E-1
-3.926580E-1
-3.941280E-1
-3.970680E-1
-3.985380E-1
-4.014780E-1
-4.029480E-1
-4.044180E-1
-4.058880E-1
-4.058880E-1
-4.044180E-1
-4.029480E-1
-4.014780E-1
-4.000080E-1
-3.985380E-1
-3.985380E-1
-4.000080E-1
-4.014780E-1
-4.029480E-1
-4.029480E-1
-4.029480E-1
-4.000080E-1
-3.970680E-1
-3.926580E-1
-3.867780E-1
-3.823680E-1
-3.779580E-1
-3.735480E-1
-3.706080E-1
-3.676680E-1
-3.661980E-1
-3.647280E-1
-3.632580E-1
-3.632580E-1
-3.647280E-1
-3.647280E-1
-3.661980E-1
-3.676680E-1
-3.691380E-1
-3.706080E-1
-3.720780E-1
-3.735480E-1
-3.750180E-1
-3.779580E-1
-3.794280E-1
-3.823680E-1
-3.838380E-1
-3.867780E-1
-3.867780E-1
-3.867780E-1
-3.853080E-1
-3.823680E-1
-3.779580E-1
-3.735480E-1
-3.676680E-1
-3.632580E-1
-3.588480E-1
-3.559080E-1
-3.559080E-1
-3.573780E-1
-3.603180E-1
-3.661980E-1
-3.720780E-1
-3.794280E-1
-3.867780E-1
-3.926580E-1
-3.970680E-1
-4.014780E-1
-4.029480E-1
-4.029480E-1
-4.000080E-1
-3.970680E-1
-3.926580E-1
-3.853080E-1
-3.794280E-1
-3.720780E-1
-3.676680E-1
-3.632580E-1
-3.603180E-1
-3.617880E-1
-3.647280E-1
-3.706080E-1
-3.779580E-1
-3.853080E-1
-3.941280E-1
-4.029480E-1
-4.102980E-1
-4.176480E-1
-4.235280E-1
-4.279380E-1
-4.308780E-1
-4.338180E-1
-4.352880E-1
-4.352880E-1
-4.352880E-1
-4.338180E-1
-4.323480E-1
-4.294080E-1
-4.249980E-1
-4.205880E-1
-4.161780E-1
-4.102980E-1
-4.029480E-1
-3.970680E-1
-3.882480E-1
-3.808980E-1
-3.735480E-1
-3.661980E-1
-3.603180E-1
-3.544380E-1
-3.500280E-1
-3.485580E-1
-3.485580E-1
-3.485580E-1
-3.514980E-1
-3.559080E-1
-3.603180E-1
-3.647280E-1
-3.691380E-1
-3.735480E-1
-3.794280E-1
-3.823680E-1
-3.853080E-1
-3.882480E-1
-3.897180E-1
-3.897180E-1
-3.897180E-1
-3.882480E-1
-3.867780E-1
-3.853080E-1
-3.838380E-1
-3.823680E-1
-3.808980E-1
-3.808980E-1
-3.808980E-1
-3.808980E-1
-3.808980E-1
-3.823680E-1
-3.823680E-1
-3.838380E-1
-3.867780E-1
-3.911880E-1
-3.955980E-1
-4.029480E-1
-4.102980E-1
-4.191180E-1
-4.264680E-1
-4.352880E-1
-4.426380E-1
-4.485180E-1
-4.529280E-1
-4.558680E-1
-4.573380E-1
-4.573380E-1
-4.558680E-1
-4.543980E-1
-4.529280E-1
-4.514580E-1
-4.499880E-1
-4.485180E-1
-4.470480E-1
-4.455780E-1
-4.426380E-1
-4.396980E-1
-4.367580E-1
-4.323480E-1
-4.279380E-1
-4.235280E-1
-4.191180E-1
-4.176480E-1
-4.161780E-1
-4.176480E-1
-4.191180E-1
-4.205880E-1
-4.235280E-1
-4.249980E-1
-4.264680E-1
-4.264680E-1
-4.264680E-1
-4.249980E-1
-4.220580E-1
-4.205880E-1
-4.176480E-1
-4.147080E-1
-4.117680E-1
-4.088280E-1
-4.058880E-1
-4.014780E-1
-3.985380E-1
-3.941280E-1
-3.897180E-1
-3.853080E-1
-3.808980E-1
-3.764880E-1
-3.720780E-1
-3.691380E-1
-3.661980E-1
-3.661980E-1
-3.661980E-1
-3.676680E-1
-3.691380E-1
-3.720780E-1
-3.750180E-1
-3.779580E-1
-3.823680E-1
-3.853080E-1
-3.882480E-1
-3.926580E-1
-3.955980E-1
-4.000080E-1
-4.014780E-1
-4.029480E-1
-4.029480E-1
-4.014780E-1
-3.970680E-1
-3.911880E-1
-3.823680E-1
-3.750180E-1
-3.661980E-1
-3.588480E-1
-3.529680E-1
-3.485580E-1
-3.470880E-1
-3.470880E-1
-3.485580E-1
-3.514980E-1
-3.544380E-1
-3.573780E-1
-3.603180E-1
-3.632580E-1
-3.632580E-1
-3.632580E-1
-3.632580E-1
-3.617880E-1
-3.603180E-1
-3.603180E-1
-3.603180E-1
-3.617880E-1
-3.632580E-1
-3.676680E-1
-3.720780E-1
-3.779580E-1
-3.823680E-1
-3.853080E-1
-3.867780E-1
-3.867780E-1
-3.853080E-1
-3.808980E-1
-3.750180E-1
-3.676680E-1
-3.617880E-1
-3.559080E-1
-3.529680E-1
-3.500280E-1
-3.485580E-1
-3.500280E-1
-3.529680E-1
-3.544380E-1
-3.588480E-1
-3.617880E-1
-3.647280E-1
-3.676680E-1
-3.720780E-1
-3.750180E-1
-3.794280E-1
-3.838380E-1
-3.882480E-1
-3.926580E-1
-3.955980E-1
-3.985380E-1
-4.000080E-1
-4.014780E-1
-4.044180E-1
-4.058880E-1
-4.088280E-1
-4.117680E-1
-4.161780E-1
-4.191180E-1
-4.220580E-1
-4.220580E-1
-4.220580E-1
-4.220580E-1
-4.191180E-1
-4.147080E-1
-4.117680E-1
-4.058880E-1
-4.014780E-1
-3.970680E-1
-3.926580E-1
-3.897180E-1
-3.867780E-1
-3.853080E-1
-3.853080E-1
-3.882480E-1
-3.897180E-1
-3.941280E-1
-3.985380E-1
-4.014780E-1
-4.029480E-1
-4.044180E-1
-4.029480E-1
-4.000080E-1
-3.955980E-1
-3.897180E-1
-3.838380E-1
-3.794280E-1
-3.750180E-1
-3.706080E-1
-3.691380E-1
-3.676680E-1
-3.691380E-1
-3.706080E-1
-3.720780E-1
-3.750180E-1
-3.779580E-1
-3.823680E-1
-3.853080E-1
-3.897180E-1
-3.926580E-1
-3.955980E-1
-3.985380E-1
-4.000080E-1
-4.014780E-1
-4.029480E-1
-4.014780E-1
-4.000080E-1
-3.970680E-1
-3.941280E-1
-3.897180E-1
-3.853080E-1
-3.808980E-1
-3.764880E-1
-3.720780E-1
-3.676680E-1
-3.632580E-1
-3.603180E-1
-3.573780E-1
-3.544380E-1
-3.544380E-1
-3.529680E-1
-3.544380E-1
-3.559080E-1
-3.573780E-1
-3.603180E-1
-3.632580E-1
-3.676680E-1
-3.720780E-1
-3.764880E-1
-3.808980E-1
-3.853080E-1
-3.897180E-1
-3.941280E-1
-3.985380E-1
-4.029480E-1
-4.073580E-1
-4.102980E-1
-4.147080E-1
-4.191180E-1
-4.235280E-1
-4.279380E-1
-4.323480E-1
-4.352880E-1
-4.396980E-1
-4.411680E-1
-4.411680E-1
-4.411680E-1
-4.396980E-1
-4.382280E-1
-4.352880E-1
-4.323480E-1
-4.294080E-1
-4.264680E-1
-4.220580E-1
-4.191180E-1
-4.176480E-1
-4.161780E-1
-4.147080E-1
-4.147080E-1
-4.147080E-1
-4.161780E-1
-4.176480E-1
-4.176480E-1
-4.191180E-1
-4.176480E-1
-4.176480E-1
-4.147080E-1
-4.117680E-1
-4.088280E-1
-4.044180E-1
-4.014780E-1
-3.985380E-1
-3.970680E-1
-3.970680E-1
-3.985380E-1
-4.000080E-1
-4.029480E-1
-4.058880E-1
-4.102980E-1
-4.147080E-1
-4.191180E-1
-4.220580E-1
-4.249980E-1
-4.264680E-1
-4.279380E-1
-4.279380E-1
-4.264680E-1
-4.235280E-1
-4.220580E-1
-4.205880E-1
-4.191180E-1
-4.176480E-1
-4.161780E-1
-4.161780E-1
-4.147080E-1
-4.132380E-1
-4.102980E-1
-4.088280E-1
-4.058880E-1
-4.029480E-1
-4.000080E-1
-3.970680E-1
-3.955980E-1
-3.911880E-1
-3.867780E-1
-3.808980E-1
-3.735480E-1
-3.647280E-1
-3.544380E-1
-3.456180E-1
-3.367980E-1
-3.294480E-1
-3.250380E-1
-3.250380E-1
-3.279780E-1
-3.353280E-1
-3.456180E-1
-3.573780E-1
-3.706080E-1
-3.838380E-1
-3.970680E-1
-4.073580E-1
-4.147080E-1
-4.205880E-1
-4.220580E-1
-4.205880E-1
-4.176480E-1
-4.132380E-1
-4.073580E-1
-4.029480E-1
-3.970680E-1
-3.941280E-1
-3.911880E-1
-3.897180E-1
-3.897180E-1
-3.897180E-1
-3.897180E-1
-3.897180E-1
-3.897180E-1
-3.882480E-1
-3.867780E-1
-3.853080E-1
-3.853080E-1
-3.853080E-1
-3.867780E-1
-3.897180E-1
-3.926580E-1
-3.970680E-1
-4.000080E-1
-4.029480E-1
-4.044180E-1
-4.044180E-1
-4.029480E-1
-4.000080E-1
-3.970680E-1
-3.941280E-1
-3.911880E-1
-3.911880E-1
-3.911880E-1
-3.941280E-1
-4.000080E-1
-4.058880E-1
-4.132380E-1
-4.220580E-1
-4.294080E-1
-4.367580E-1
-4.426380E-1
-4.470480E-1
-4.499880E-1
-4.499880E-1
-4.485180E-1
-4.455780E-1
-4.426380E-1
-4.382280E-1
-4.338180E-1
-4.308780E-1
-4.279380E-1
-4.279380E-1
-4.279380E-1
-4.279380E-1
-4.279380E-1
-4.279380E-1
-4.279380E-1
-4.264680E-1
-4.235280E-1
-4.205880E-1
-4.161780E-1
-4.102980E-1
-4.058880E-1
-4.014780E-1
-3.985380E-1
-3.970680E-1
-3.985380E-1
-4.044180E-1
-4.147080E-1
-4.294080E-1
-4.514580E-1
-4.764480E-1
-5.043780E-1
-5.352480E-1
-5.749380E-1
-6.337380E-1
-7.087080E-1
-7.836780E-1
-8.542380E-1
-9.218580E-1
-9.865380E-1
-1.049748E+0
-1.111488E+0
-1.171758E+0
-1.229088E+0
-1.283478E+0
-1.334928E+0
-1.380498E+0
-1.421658E+0
-1.455468E+0
-1.484868E+0
-1.508388E+0
-1.528968E+0
-1.545138E+0
-1.561308E+0
-1.574538E+0
-1.587768E+0
-1.599528E+0
-1.608348E+0
-1.614228E+0
-1.618638E+0
-1.621578E+0
-1.621578E+0
-1.618638E+0
-1.617168E+0
-1.615698E+0
-1.614228E+0
-1.611288E+0
-1.609818E+0
-1.608348E+0
-1.608348E+0
-1.608348E+0
-1.609818E+0
-1.612758E+0
-1.618638E+0
-1.627458E+0
-1.639218E+0
-1.652448E+0
-1.670088E+0
-1.686258E+0
-1.703898E+0
-1.718598E+0
-1.731828E+0
-1.739178E+0
-1.743588E+0
-1.745058E+0
-1.742118E+0
-1.737708E+0
-1.731828E+0
-1.725948E+0
-1.718598E+0
-1.712718E+0
-1.706838E+0
-1.700958E+0
-1.695078E+0
-1.687728E+0
-1.680378E+0
-1.674498E+0
-1.668618E+0
-1.662738E+0
-1.659798E+0
-1.658328E+0
-1.658328E+0
-1.661268E+0
-1.665678E+0
-1.673028E+0
-1.681848E+0
-1.690668E+0
-1.702428E+0
-1.715658E+0
-1.730358E+0
-1.745058E+0
-1.758288E+0
-1.772988E+0
-1.786218E+0
-1.799448E+0
-1.811208E+0
-1.821498E+0
-1.830318E+0
-1.840608E+0
-1.847958E+0
-1.853838E+0
-1.858248E+0
-1.859718E+0
-1.858248E+0
-1.855308E+0
-1.850898E+0
-1.845018E+0
-1.839138E+0
-1.833258E+0
-1.828848E+0
-1.824438E+0
-1.820028E+0
-1.817088E+0
-1.814148E+0
-1.811208E+0
-1.808268E+0
-1.803858E+0
-1.800918E+0
-1.799448E+0
-1.797978E+0
-1.797978E+0
-1.799448E+0
-1.803858E+0
-1.809738E+0
-1.817088E+0
-1.827378E+0
-1.837668E+0
-1.849428E+0
-1.861188E+0
-1.872948E+0
-1.884708E+0
-1.893528E+0
-1.902348E+0
-1.908228E+0
-1.914108E+0
-1.918518E+0
-1.921458E+0
-1.924398E+0
-1.925868E+0
-1.928808E+0
-1.931748E+0
-1.936158E+0
-1.942038E+0
-1.947918E+0
-1.956738E+0
-1.964088E+0
-1.972908E+0
-1.980258E+0
-1.984668E+0
-1.989078E+0
-1.992018E+0
-1.994958E+0
-1.997898E+0
-2.002308E+0
-2.008188E+0
-2.015538E+0
-2.024358E+0
-2.034648E+0
-2.044938E+0
-2.055228E+0
-2.064048E+0
-2.071398E+0
-2.077278E+0
-2.080218E+0
-2.083158E+0
-2.084628E+0
-2.084628E+0
-2.083158E+0
-2.080218E+0
-2.075808E+0
-2.072868E+0
-2.066988E+0
-2.064048E+0
-2.061108E+0
-2.061108E+0
-2.061108E+0
-2.064048E+0
-2.068458E+0
-2.075808E+0
-2.083158E+0
-2.091978E+0
-2.100798E+0
-2.111088E+0
-2.121378E+0
-2.130198E+0
-2.139018E+0
-2.146368E+0
-2.150778E+0
-2.152248E+0
-2.149308E+0
-2.143428E+0
-2.134608E+0
-2.125788E+0
-2.115498E+0
-2.108148E+0
-2.103738E+0
-2.100798E+0
-2.102268E+0
-2.103738E+0
-2.108148E+0
-2.111088E+0
-2.114028E+0
-2.116968E+0
-2.116968E+0
-2.116968E+0
-2.116968E+0
-2.118438E+0
-2.118438E+0
-2.121378E+0
-2.125788E+0
-2.131668E+0
-2.140488E+0
-2.152248E+0
-2.166948E+0
-2.183118E+0
-2.203698E+0
-2.225748E+0
-2.247798E+0
-2.268378E+0
-2.287488E+0
-2.300718E+0
-2.311008E+0
-2.313948E+0
-2.312478E+0
-2.306598E+0
-2.297778E+0
-2.287488E+0
-2.278668E+0
-2.271318E+0
-2.265438E+0
-2.265438E+0
-2.266908E+0
-2.271318E+0
-2.278668E+0
-2.287488E+0
-2.296308E+0
-2.305128E+0
-2.312478E+0
-2.316888E+0
-2.318358E+0
-2.318358E+0
-2.315418E+0
-2.312478E+0
-2.309538E+0
-2.309538E+0
-2.312478E+0
-2.318358E+0
-2.327178E+0
-2.340408E+0
-2.353638E+0
-2.368338E+0
-2.381568E+0
-2.393328E+0
-2.403618E+0
-2.410968E+0
-2.413908E+0
-2.415378E+0
-2.415378E+0
-2.413908E+0
-2.410968E+0
-2.408028E+0
-2.403618E+0
-2.402148E+0
-2.400678E+0
-2.400678E+0
-2.402148E+0
-2.406558E+0
-2.413908E+0
-2.422728E+0
-2.433018E+0
-2.443308E+0
-2.455068E+0
-2.466828E+0
-2.477118E+0
-2.487408E+0
-2.494758E+0
-2.500638E+0
-2.503578E+0
-2.505048E+0
-2.503578E+0
-2.502108E+0
-2.499168E+0
-2.496228E+0
-2.496228E+0
-2.496228E+0
-2.499168E+0
-2.505048E+0
-2.510928E+0
-2.519748E+0
-2.530038E+0
-2.538858E+0
-2.549148E+0
-2.557968E+0
-2.566788E+0
-2.577078E+0
-2.585898E+0
-2.594718E+0
-2.603538E+0
-2.613828E+0
-2.622648E+0
-2.629998E+0
-2.634408E+0
-2.632938E+0
-2.628528E+0
-2.619708E+0
-2.607948E+0
-2.594718E+0
-2.582958E+0
-2.574138E+0
-2.569728E+0
-2.568258E+0
-2.572668E+0
-2.580018E+0
-2.585898E+0
-2.593248E+0
-2.597658E+0
-2.599128E+0
-2.597658E+0
-2.596188E+0
-2.593248E+0
-2.593248E+0
-2.599128E+0
-2.607948E+0
-2.622648E+0
-2.641758E+0
-2.662338E+0
-2.682918E+0
-2.702028E+0
-2.716728E+0
-2.725548E+0
-2.729958E+0
-2.727018E+0
-2.721138E+0
-2.713788E+0
-2.703498E+0
-2.691738E+0
-2.677038E+0
-2.662338E+0
-2.646168E+0
-2.629998E+0
-2.612358E+0
-2.597658E+0
-2.585898E+0
-2.580018E+0
-2.581488E+0
-2.588838E+0
-2.605008E+0
-2.627058E+0
-2.654988E+0
-2.684388E+0
-2.716728E+0
-2.747598E+0
-2.778468E+0
-2.807868E+0
-2.832858E+0
-2.856378E+0
-2.875488E+0
-2.890188E+0
-2.901948E+0
-2.907828E+0
-2.909298E+0
-2.904888E+0
-2.899008E+0
-2.890188E+0
-2.878428E+0
-2.868138E+0
-2.857848E+0
-2.847558E+0
-2.840208E+0
-2.834328E+0
-2.829918E+0
-2.826978E+0
-2.824038E+0
-2.822568E+0
-2.821098E+0
-2.818158E+0
-2.818158E+0
-2.819628E+0
-2.822568E+0
-2.828448E+0
-2.837268E+0
-2.850498E+0
-2.866668E+0
-2.882838E+0
-2.900478E+0
-2.916648E+0
-2.929878E+0
-2.937228E+0
-2.940168E+0
-2.937228E+0
-2.928408E+0
-2.913708E+0
-2.894598E+0
-2.872548E+0
-2.850498E+0
-2.826978E+0
-2.807868E+0
-2.793168E+0
-2.785818E+0
-2.784348E+0
-2.793168E+0
-2.807868E+0
-2.829918E+0
-2.854908E+0
-2.881368E+0
-2.906358E+0
-2.926938E+0
-2.943108E+0
-2.954868E+0
-2.962218E+0
-2.968098E+0
-2.975448E+0
-2.984268E+0
-2.993088E+0
-3.004848E+0
-3.015138E+0
-3.023958E+0
-3.031308E+0
-3.035718E+0
-3.038658E+0
-3.041598E+0
-3.044538E+0
-3.048948E+0
-3.054828E+0
-3.062178E+0
-3.072468E+0
-3.081288E+0
-3.090108E+0
-3.097458E+0
-3.101868E+0
-3.103338E+0
-3.103338E+0
-3.101868E+0
-3.097458E+0
-3.094518E+0
-3.088638E+0
-3.082758E+0
-3.076878E+0
-3.070998E+0
-3.063648E+0
-3.059238E+0
-3.054828E+0
-3.054828E+0
-3.057768E+0
-3.066588E+0
-3.079818E+0
-3.097458E+0
-3.119508E+0
-3.141558E+0
-3.166548E+0
-3.190068E+0
-3.213588E+0
-3.234168E+0
-3.253278E+0
-3.267978E+0
-3.279738E+0
-3.287088E+0
-3.290028E+0
-3.290028E+0
-3.284148E+0
-3.276798E+0
-3.266508E+0
-3.256218E+0
-3.244458E+0
-3.235638E+0
-3.226818E+0
-3.223878E+0
-3.225348E+0
-3.231228E+0
-3.244458E+0
-3.265038E+0
-3.291498E+0
-3.323838E+0
-3.357648E+0
-3.392928E+0
-3.425268E+0
-3.450258E+0
-3.464958E+0
-3.469368E+0
-3.463488E+0
-3.448788E+0
-3.426738E+0
-3.401748E+0
-3.375288E+0
-3.353238E+0
-3.332658E+0
-3.317958E+0
-3.309138E+0
-3.304728E+0
-3.303258E+0
-3.304728E+0
-3.307668E+0
-3.310608E+0
-3.312078E+0
-3.312078E+0
-3.307668E+0
-3.300318E+0
-3.290028E+0
-3.279738E+0
-3.269448E+0
-3.262098E+0
-3.260628E+0
-3.265038E+0
-3.276798E+0
-3.292968E+0
-3.313548E+0
-3.334128E+0
-3.351768E+0
-3.366468E+0
-3.375288E+0
-3.378228E+0
-3.378228E+0
-3.375288E+0
-3.372348E+0
-3.370878E+0
-3.373818E+0
-3.378228E+0
-3.387048E+0
-3.398808E+0
-3.413508E+0
-3.429678E+0
-3.445848E+0
-3.462018E+0
-3.476718E+0
-3.488478E+0
-3.497298E+0
-3.503178E+0
-3.507588E+0
-3.509058E+0
-3.510528E+0
-3.513468E+0
-3.516408E+0
-3.520818E+0
-3.528168E+0
-3.534048E+0
-3.541398E+0
-3.548748E+0
-3.553158E+0
-3.556098E+0
-3.557568E+0
-3.554628E+0
-3.550218E+0
-3.542868E+0
-3.532578E+0
-3.519348E+0
-3.503178E+0
-3.488478E+0
-3.472308E+0
-3.457608E+0
-3.445848E+0
-3.441438E+0
-3.442908E+0
-3.453198E+0
-3.470838E+0
-3.495828E+0
-3.528168E+0
-3.564918E+0
-3.601668E+0
-3.638418E+0
-3.670758E+0
-3.697218E+0
-3.717798E+0
-3.732498E+0
-3.744258E+0
-3.748668E+0
-3.753078E+0
-3.753078E+0
-3.751608E+0
-3.745728E+0
-3.738378E+0
-3.729558E+0
-3.720738E+0
-3.710448E+0
-3.701628E+0
-3.695748E+0
-3.694278E+0
-3.697218E+0
-3.704568E+0
-3.714858E+0
-3.731028E+0
-3.748668E+0
-3.769248E+0
-3.792768E+0
-3.814818E+0
-3.836868E+0
-3.855978E+0
-3.872148E+0
-3.882438E+0
-3.886848E+0
-3.883908E+0
-3.876558E+0
-3.867738E+0
-3.855978E+0
-3.847158E+0
-3.842748E+0
-3.841278E+0
-3.842748E+0
-3.848628E+0
-3.855978E+0
-3.864798E+0
-3.873618E+0
-3.882438E+0
-3.889788E+0
-3.898608E+0
-3.908898E+0
-3.919188E+0
-3.928008E+0
-3.936828E+0
-3.941238E+0
-3.942708E+0
-3.938298E+0
-3.932418E+0
-3.923598E+0
-3.914778E+0
-3.905958E+0
-3.897138E+0
-3.889788E+0
-3.882438E+0
-3.873618E+0
-3.860388E+0
-3.844218E+0
-3.823638E+0
-3.800118E+0
-3.776598E+0
-3.753078E+0
-3.733968E+0
-3.719268E+0
-3.710448E+0
-3.708978E+0
-3.711918E+0
-3.720738E+0
-3.732498E+0
-3.745728E+0
-3.758958E+0
-3.770718E+0
-3.782478E+0
-3.792768E+0
-3.800118E+0
-3.805998E+0
-3.813348E+0
-3.823638E+0
-3.836868E+0
-3.857448E+0
-3.883908E+0
-3.919188E+0
-3.960348E+0
-4.005918E+0
-4.054428E+0
-4.099998E+0
-4.139688E+0
-4.174968E+0
-4.199958E+0
-4.214658E+0
-4.219068E+0
-4.216128E+0
-4.207308E+0
-4.195548E+0
-4.180848E+0
-4.166148E+0
-4.152918E+0
-4.142628E+0
-4.133808E+0
-4.130868E+0
-4.133808E+0
-4.145568E+0
-4.164678E+0
-4.194078E+0
-4.235238E+0
-4.283748E+0
-4.336668E+0
-4.389588E+0
-4.438098E+0
-4.474848E+0
-4.495428E+0
-4.496898E+0
-4.479258E+0
-4.446918E+0
-4.405758E+0
-4.360188E+0
-4.316088E+0
-4.277868E+0
-4.248468E+0
-4.227888E+0
-4.217598E+0
-4.213188E+0
-4.216128E+0
-4.222008E+0
-4.227888E+0
-4.235238E+0
-4.238178E+0
-4.238178E+0
-4.232298E+0
-4.222008E+0
-4.208778E+0
-4.192608E+0
-4.176438E+0
-4.163208E+0
-4.151448E+0
-4.142628E+0
-4.141158E+0
-4.144098E+0
-4.154388E+0
-4.169088E+0
-4.188198E+0
-4.211718E+0
-4.235238E+0
-4.258758E+0
-4.276398E+0
-4.291098E+0
-4.299918E+0
-4.302858E+0
-4.299918E+0
-4.294038E+0
-4.286688E+0
-4.282278E+0
-4.279338E+0
-4.279338E+0
-4.282278E+0
-4.286688E+0
-4.294038E+0
-4.299918E+0
-4.302858E+0
-4.304328E+0
-4.301388E+0
-4.298448E+0
-4.296978E+0
-4.298448E+0
-4.305798E+0
-4.321968E+0
-4.345488E+0
-4.376358E+0
-4.414578E+0
-4.457208E+0
-4.501308E+0
-4.542468E+0
-4.580688E+0
-4.613028E+0
-4.639488E+0
-4.654188E+0
-4.661538E+0
-4.660068E+0
-4.652718E+0
-4.639488E+0
-4.624788E+0
-4.608618E+0
-4.595388E+0
-4.583628E+0
-4.571868E+0
-4.558638E+0
-4.542468E+0
-4.520418E+0
-4.491018E+0
-4.451328E+0
-4.405758E+0
-4.355778E+0
-4.299918E+0
-4.242588E+0
-4.183788E+0
-4.124988E+0
-4.064718E+0
-4.002978E+0
-3.945648E+0
-3.891258E+0
-3.781008E+0
-3.444378E+0
-2.871078E+0
-2.196348E+0
-1.476048E+0
-7.586880E-1
-1.221780E-1
3.937920E-1
7.921620E-1
1.086162E+0
1.291962E+0
1.436022E+0
1.525692E+0
1.566852E+0
1.550682E+0
1.469832E+0
1.339002E+0
1.164072E+0
9.318120E-1
6.436920E-1
3.011820E-1
-8.836800E-2
-5.087880E-1
-9.527280E-1
-1.409898E+0
-1.875888E+0
-2.375688E+0
-2.916648E+0
-3.473778E+0
-4.035318E+0
-4.585098E+0
-5.115768E+0
-5.621448E+0
-6.096258E+0
-6.532848E+0
-6.926808E+0
-7.286958E+0
-7.607418E+0
-7.895538E+0
-8.164548E+0
-8.436498E+0
-8.714328E+0
-9.033318E+0
-9.418458E+0
-9.913848E+0
-1.059446E+1
-1.165433E+1
-1.380494E+1
-2.088005E+1
-2.088005E+1
-2.088005E+1
-2.088005E+1
-2.088005E+1
-2.088005E+1
-2.088005E+1
-2.088005E+1
-2.088005E+1
-2.088005E+1
-2.088005E+1
-2.088005E+1
-2.088005E+1
-2.088005E+1
-2.088005E+1
-2.088005E+1
-2.088005E+1
-2.088005E+1
-2.088005E+1
-2.088005E+1
-2.088005E+1
-2.088005E+1
-2.088005E+1
-2.088005E+1
-2.088005E+1
-2.088005E+1
-1.937477E+1
-1.322135E+1
-1.181456E+1
-1.103693E+1
-1.057535E+1
-1.030928E+1
-1.021079E+1
-1.024313E+1
-1.039454E+1
-1.067237E+1
-1.106045E+1
-1.153379E+1
-1.202477E+1
-1.247312E+1
-1.271273E+1
-1.266275E+1
-1.234082E+1
-1.202477E+1
-1.171607E+1
-1.156319E+1
-1.156319E+1
-1.171607E+1
-1.213796E+1
-1.292441E+1
-1.416803E+1
-1.698896E+1
-2.088005E+1
-2.088005E+1
-2.088005E+1
-2.088005E+1
-1.587911E+1
-1.372262E+1
-1.266275E+1
-1.198802E+1
-1.162346E+1
-1.144706E+1
-1.144706E+1
-1.162346E+1
-1.198802E+1
-1.261277E+1
-1.356680E+1
-1.531022E+1
-2.088005E+1
-2.088005E+1
-2.088005E+1
-2.088005E+1
-1.937477E+1
-1.472663E+1
-1.303907E+1
-1.206152E+1
-1.136327E+1
-1.083554E+1
-1.046510E+1
-1.021079E+1
-1.005791E+1
-9.999108E+0
-9.999108E+0
-1.005791E+1
-1.016375E+1
-1.030928E+1
-1.046510E+1
-1.063268E+1
-1.081496E+1
-1.096784E+1
-1.110749E+1
-1.123244E+1
-1.133681E+1
-1.147499E+1
-1.162346E+1
-1.184837E+1
-1.221734E+1
-1.292441E+1
-1.437383E+1
-2.088005E+1
-2.088005E+1
-2.088005E+1
-2.088005E+1
-2.088005E+1
-2.088005E+1
-2.088005E+1
-2.088005E+1
-2.088005E+1
-2.088005E+1
-2.088005E+1
-2.088005E+1
-2.088005E+1
-2.088005E+1
-2.088005E+1
-2.088005E+1
-2.088005E+1
-2.088005E+1
-2.088005E+1
-2.088005E+1
-2.088005E+1
-1.364324E+1
-1.162346E+1
-1.081496E+1
-1.046510E+1
-1.039454E+1
-1.051949E+1
-1.083554E+1
-1.133681E+1
-1.198802E+1
-1.276271E+1
-1.335365E+1
-1.356680E+1
-1.322135E+1
-1.256573E+1
-1.191746E+1
-1.136327E+1
-1.096784E+1
-1.071206E+1
-1.057535E+1
-1.055624E+1
-1.065326E+1
-1.087964E+1
-1.123244E+1
-1.174841E+1
-1.247312E+1
-1.356680E+1
-1.514852E+1
-1.738439E+1
-2.088005E+1
-1.849424E+1
-1.567331E+1
-1.407101E+1
-1.303907E+1
-1.234082E+1
-1.195274E+1
-1.181456E+1
-1.181456E+1
-1.195274E+1
-1.234082E+1
-1.292441E+1
-1.389020E+1
-1.567331E+1
-2.088005E+1
-2.088005E+1
-2.088005E+1
-2.088005E+1
-1.937477E+1
-1.472663E+1
-1.298027E+1
-1.195274E+1
-1.125743E+1
-1.083554E+1
-1.061357E+1
-1.063268E+1
-1.090169E+1
-1.159259E+1
-1.315961E+1
-2.088005E+1
-2.088005E+1
-2.088005E+1
-2.088005E+1
-2.088005E+1
-2.088005E+1
-2.088005E+1
-2.088005E+1
-2.088005E+1
-2.088005E+1
-2.088005E+1
-1.328750E+1
-1.213796E+1
-1.162346E+1
-1.150439E+1
-1.168520E+1
-1.217765E+1
-1.322135E+1
-1.567331E+1
-2.088005E+1
-2.088005E+1
-2.088005E+1
-2.088005E+1
-2.088005E+1
-2.088005E+1
-2.088005E+1
-2.088005E+1
-2.088005E+1
-2.088005E+1
-2.088005E+1
-2.088005E+1
-2.088005E+1
-1.514852E+1
-1.303907E+1
-1.206152E+1
-1.144706E+1
-1.106045E+1
-1.081496E+1
-1.067237E+1
-1.063268E+1
-1.063268E+1
-1.071206E+1
-1.083554E+1
-1.101341E+1
-1.125743E+1
-1.162346E+1
-1.209974E+1
-1.276271E+1
-1.372262E+1
-1.531022E+1
-1.937477E+1
-2.088005E+1
-2.088005E+1
-2.088005E+1
-2.088005E+1
-2.088005E+1
-2.088005E+1
-2.088005E+1
-2.088005E+1
-2.088005E+1
-2.088005E+1
-2.088005E+1
-2.088005E+1
-2.088005E+1
-2.088005E+1
-2.088005E+1
-2.088005E+1
-2.088005E+1
-1.397840E+1
-1.242902E+1
-1.150439E+1
-1.087964E+1
-1.041218E+1
-1.007261E+1
-9.857988E+0
-9.738918E+0
-9.702168E+0
-9.778608E+0
-9.941778E+0
-1.024313E+1
-1.067237E+1
-1.128389E+1
-1.213796E+1
-1.342274E+1
-1.567331E+1
-2.088005E+1
-2.088005E+1
-2.088005E+1
-1.849424E+1
-1.485893E+1
-1.335365E+1
-1.251869E+1
-1.213796E+1
-1.206152E+1
-1.242902E+1
-1.335365E+1
-1.738439E+1
-2.088005E+1
-2.088005E+1
-2.088005E+1
-2.088005E+1
-2.088005E+1
-2.088005E+1
-2.088005E+1
-2.088005E+1
-2.088005E+1
-2.088005E+1
-2.088005E+1
-2.088005E+1
-2.088005E+1
-2.088005E+1
-2.088005E+1
-2.088005E+1
-2.088005E+1
-2.088005E+1
-2.088005E+1
-2.088005E+1
-2.088005E+1
-2.088005E+1
-2.088005E+1
-2.088005E+1
-2.088005E+1
-2.088005E+1
-2.088005E+1
-2.088005E+1
-2.088005E+1
-2.088005E+1
-2.088005E+1
-2.088005E+1
-1.786949E+1
-1.610843E+1
-1.587911E+1
-1.738439E+1
-2.088005E+1
-2.088005E+1
-2.088005E+1
-2.088005E+1
-2.088005E+1
-2.088005E+1
-2.088005E+1
-2.088005E+1
-2.088005E+1
-2.088005E+1
-2.088005E+1
-2.088005E+1
-1.261277E+1
-1.118099E+1
-1.037690E+1
-9.885918E+0
-9.555168E+0
-9.309678E+0
-9.127398E+0
-8.977458E+0
-8.862798E+0
-8.771658E+0
-8.714328E+0
-8.681988E+0
-8.714328E+0
-8.803998E+0
-8.968638E+0
-9.217068E+0
-9.566928E+0
-1.007261E+1
-1.081496E+1
-1.198802E+1
-1.472663E+1
-2.088005E+1
-2.088005E+1
-2.088005E+1
-2.088005E+1
-2.088005E+1
-2.088005E+1
-2.088005E+1
-2.088005E+1
-2.088005E+1
-2.088005E+1
-2.088005E+1
-2.088005E+1
-1.499858E+1
-1.131035E+1
-1.010201E+1
-9.450798E+0
-9.080358E+0
-8.889258E+0
-8.828988E+0
-8.898078E+0
-9.050958E+0
-9.289098E+0
-9.590448E+0
-9.941778E+0
-1.032692E+1
-1.069148E+1
-1.098989E+1
-1.118099E+1
-1.125743E+1
-1.118099E+1
-1.101341E+1
-1.083554E+1
-1.063268E+1
-1.044746E+1
-1.030928E+1
-1.019609E+1
-1.013288E+1
-1.010201E+1
-1.013288E+1
-1.019609E+1
-1.029311E+1
-1.039454E+1
-1.050185E+1
-1.061357E+1
-1.067237E+1
-1.067237E+1
-1.061357E+1
-1.051949E+1
-1.039454E+1
-1.024313E+1
-1.010201E+1
-9.969708E+0
-9.872688E+0
-9.791838E+0
-9.752148E+0
-9.727158E+0
-9.752148E+0
-9.805068E+0
-9.899148E+0
-1.001381E+1
-1.016375E+1
-1.034309E+1
-1.055624E+1
-1.081496E+1
-1.110749E+1
-1.147499E+1
-1.188218E+1
-1.234082E+1
-1.286855E+1
-1.349330E+1
-1.426799E+1
-1.567331E+1
-2.088005E+1
-2.088005E+1
-2.088005E+1
-2.088005E+1
-2.088005E+1
-2.088005E+1
-2.088005E+1
-2.088005E+1
-2.088005E+1
-2.088005E+1
-2.088005E+1
-2.088005E+1
-2.088005E+1
-2.088005E+1
-2.088005E+1
-1.416803E+1
-1.271273E+1
-1.191746E+1
-1.144706E+1
-1.113248E+1
-1.101341E+1
-1.101341E+1
-1.118099E+1
-1.150439E+1
-1.198802E+1
-1.266275E+1
-1.364324E+1
-1.531022E+1
-2.088005E+1
-2.088005E+1
-2.088005E+1
-2.088005E+1
-2.088005E+1
-2.088005E+1
-2.088005E+1
-2.088005E+1
-2.088005E+1
-2.088005E+1
-2.088005E+1
-1.437383E+1
-1.276271E+1
-1.198802E+1
-1.153379E+1
-1.139120E+1
-1.147499E+1
-1.191746E+1
-1.286855E+1
-1.548368E+1
-2.088005E+1
-2.088005E+1
-2.088005E+1
-2.088005E+1
-2.088005E+1
-2.088005E+1
-2.088005E+1
-2.088005E+1
-2.088005E+1
-2.088005E+1
-2.088005E+1
-2.088005E+1
-2.088005E+1
-2.088005E+1
-2.088005E+1
-2.088005E+1
-2.088005E+1
-2.088005E+1
-2.088005E+1
-2.088005E+1
-2.088005E+1
-2.088005E+1
-2.088005E+1
-2.088005E+1
-2.088005E+1
-2.088005E+1
-2.088005E+1
-2.088005E+1
-2.088005E+1
-2.088005E+1
-2.088005E+1
-2.088005E+1
-2.088005E+1
-2.088005E+1
-2.088005E+1
-2.088005E+1
-2.088005E+1
-2.088005E+1
-2.088005E+1
-2.088005E+1
-2.088005E+1
-2.088005E+1
-2.088005E+1
-2.088005E+1
-2.088005E+1
-2.088005E+1
-2.088005E+1
-2.088005E+1
-2.088005E+1
-2.088005E+1
-2.088005E+1
-2.088005E+1
-2.088005E+1
-2.088005E+1
-2.088005E+1
-2.088005E+1
-2.088005E+1
-2.088005E+1
-2.088005E+1
-2.088005E+1
-2.088005E+1
-2.088005E+1
-2.088005E+1
-2.088005E+1
-2.088005E+1
-2.088005E+1
-2.088005E+1
-2.088005E+1
-2.088005E+1
-2.088005E+1
-2.088005E+1
-1.448555E+1
-1.234082E+1
-1.139120E+1
-1.081496E+1
-1.050185E+1
-1.032692E+1
-1.027694E+1
-1.029311E+1
-1.041218E+1
-1.061357E+1
-1.090169E+1
-1.131035E+1
-1.184837E+1
-1.261277E+1
-1.380494E+1
-1.636421E+1
-2.088005E+1
-2.088005E+1
-2.088005E+1
-2.088005E+1
-2.088005E+1
-2.088005E+1
-1.610843E+1
-1.416803E+1
-1.328750E+1
-1.261277E+1
-1.217765E+1
-1.188218E+1
-1.165433E+1
-1.147499E+1
-1.136327E+1
-1.131035E+1
-1.133681E+1
-1.153379E+1
-1.191746E+1
-1.276271E+1
-1.485893E+1
-2.088005E+1
-2.088005E+1
-2.088005E+1
-2.088005E+1
-2.088005E+1
-2.088005E+1
-2.088005E+1
-2.088005E+1
-2.088005E+1
-2.088005E+1
-2.088005E+1
-2.088005E+1
-2.088005E+1
-2.088005E+1
-1.548368E+1
-1.356680E+1
-1.315961E+1
-1.342274E+1
-1.448555E+1
-1.937477E+1
-2.088005E+1
-2.088005E+1
-2.088005E+1
-2.088005E+1
-2.088005E+1
-2.088005E+1
-2.088005E+1
-2.088005E+1
-2.088005E+1
-2.088005E+1
-2.088005E+1
-2.088005E+1
-2.088005E+1
-2.088005E+1
-2.088005E+1
-2.088005E+1
-2.088005E+1
-1.738439E+1
-1.349330E+1
-1.242902E+1
-1.191746E+1
-1.165433E+1
-1.156319E+1
-1.150439E+1
-1.144706E+1
-1.131035E+1
-1.110749E+1
-1.081496E+1
-1.048274E+1
-1.016375E+1
-9.885918E+0
-9.675708E+0
-9.543408E+0
-9.484608E+0
-9.496368E+0
-9.578688E+0
-9.713928E+0
-9.872688E+0
-1.004321E+1
-1.017992E+1
-1.027694E+1
-1.032692E+1
-1.034309E+1
-1.034309E+1
-1.039454E+1
-1.048274E+1
-1.063268E+1
-1.087964E+1
-1.123244E+1
-1.165433E+1
-1.217765E+1
-1.271273E+1
-1.309787E+1
-1.322135E+1
-1.292441E+1
-1.242902E+1
-1.181456E+1
-1.123244E+1
-1.073264E+1
-1.034309E+1
-1.004321E+1
-9.818298E+0
-9.688938E+0
-9.638958E+0
-9.663948E+0
-9.765378E+0
-9.927078E+0
-1.016375E+1
-1.042982E+1
-1.069148E+1
-1.087964E+1
-1.098989E+1
-1.094579E+1
-1.077380E+1
-1.051949E+1
-1.024313E+1
-9.999108E+0
-9.805068E+0
-9.663948E+0
-9.602208E+0
-9.590448E+0
-9.627198E+0
-9.702168E+0
-9.791838E+0
-9.885918E+0
-9.969708E+0
-1.001381E+1
-1.001381E+1
-9.984408E+0
-9.927078E+0
-9.844758E+0
-9.765378E+0
-9.702168E+0
-9.688938E+0
-9.713928E+0
-9.791838E+0
-9.927078E+0
-1.014905E+1
-1.044746E+1
-1.085759E+1
-1.141913E+1
-1.217765E+1
-1.335365E+1
-1.587911E+1
-2.088005E+1
-2.088005E+1
-2.088005E+1
-2.088005E+1
-2.088005E+1
-2.088005E+1
-2.088005E+1
-2.088005E+1
-2.088005E+1
-2.088005E+1
-2.088005E+1
-2.088005E+1
-2.088005E+1
-2.088005E+1
-2.088005E+1
-2.088005E+1
-2.088005E+1
-2.088005E+1
-2.088005E+1
-1.531022E+1
-1.247312E+1
-1.144706E+1
-1.094579E+1
-1.073264E+1
-1.069148E+1
-1.083554E+1
-1.113248E+1
-1.153379E+1
-1.198802E+1
-1.238492E+1
-1.251869E+1
-1.229966E+1
-1.181456E+1
-1.123244E+1
-1.067237E+1
-1.017992E+1
-9.791838E+0
-9.484608E+0
-9.278808E+0
-9.156798E+0
-9.108288E+0
-9.137688E+0
-9.237648E+0
-9.396408E+0
-9.602208E+0
-9.844758E+0
-1.007261E+1
-1.025930E+1
-1.039454E+1
-1.044746E+1
-1.042982E+1
-1.037690E+1
-1.032692E+1
-1.037690E+1
-1.051949E+1
-1.083554E+1
-1.139120E+1
-1.242902E+1
-1.499858E+1
-2.088005E+1
-2.088005E+1
-2.088005E+1
-2.088005E+1
-2.088005E+1
-2.088005E+1
-2.088005E+1
-2.088005E+1
-2.088005E+1
-2.088005E+1
-2.088005E+1
-2.088005E+1
-2.088005E+1
-2.088005E+1
-1.548368E+1
-1.286855E+1
-1.174841E+1
-1.103693E+1
-1.057535E+1
-1.025930E+1
-1.005791E+1
-9.955008E+0
-9.941778E+0
-1.001381E+1
-1.017992E+1
-1.042982E+1
-1.077380E+1
-1.120745E+1
-1.174841E+1
-1.238492E+1
-1.303907E+1
-1.364324E+1
-1.416803E+1
-1.448555E+1
-1.437383E+1
-1.416803E+1
-1.397840E+1
-1.397840E+1
-1.407101E+1
-1.460315E+1
-1.610843E+1
-2.088005E+1
-2.088005E+1
-2.088005E+1
-2.088005E+1
-2.088005E+1
-2.088005E+1
-2.088005E+1
-2.088005E+1
-2.088005E+1
-2.088005E+1
-2.088005E+1
-2.088005E+1
-2.088005E+1
-2.088005E+1
-2.088005E+1
-2.088005E+1
-2.088005E+1
-2.088005E+1
-2.088005E+1
-2.088005E+1
-2.088005E+1
-2.088005E+1
-2.088005E+1
-2.088005E+1
-2.088005E+1
-2.088005E+1
-2.088005E+1
-2.088005E+1
-2.088005E+1
-2.088005E+1
-2.088005E+1
-2.088005E+1
-2.088005E+1
-2.088005E+1
-2.088005E+1
-2.088005E+1
-2.088005E+1
-2.088005E+1
-2.088005E+1
-2.088005E+1
-2.088005E+1
-2.088005E+1
-2.088005E+1
-2.088005E+1
-2.088005E+1
-2.088005E+1
-2.088005E+1
-2.088005E+1
-2.088005E+1
-2.088005E+1
-2.088005E+1
-2.088005E+1
-2.088005E+1
-2.088005E+1
-2.088005E+1
-2.088005E+1
-2.088005E+1
-2.088005E+1
-2.088005E+1
-2.088005E+1
-2.088005E+1
-2.088005E+1
-2.088005E+1
-2.088005E+1
-2.088005E+1
-2.088005E+1
-2.088005E+1
-2.088005E+1
-2.088005E+1
-1.786949E+1
-1.298027E+1
-1.159259E+1
-1.079438E+1
-1.027694E+1
-9.941778E+0
-9.778608E+0
-9.752148E+0
-9.885918E+0
-1.019609E+1
-1.077380E+1
-1.184837E+1
-1.460315E+1
-2.088005E+1
-2.088005E+1
-2.088005E+1
-2.088005E+1
-2.088005E+1
-2.088005E+1
-2.088005E+1
-2.088005E+1
-2.088005E+1
-2.088005E+1
-2.088005E+1
-2.088005E+1
-2.088005E+1
-2.088005E+1
-2.088005E+1
-2.088005E+1
-2.088005E+1
-2.088005E+1
-2.088005E+1
-1.786949E+1
-1.364324E+1
-1.261277E+1
-1.229966E+1
-1.242902E+1
-1.298027E+1
-1.437383E+1
-2.088005E+1
-2.088005E+1
-2.088005E+1
-2.088005E+1
-2.088005E+1
-1.389020E+1
-1.178222E+1
-1.063268E+1
-9.899148E+0
-9.450798E+0
-9.217068E+0
-9.177378E+0
-9.330258E+0
-9.713928E+0
-1.039454E+1
-1.162346E+1
-1.514852E+1
-2.088005E+1
-2.088005E+1
-2.088005E+1
-2.088005E+1
-2.088005E+1
-2.088005E+1
-2.088005E+1
-2.088005E+1
-2.088005E+1
-2.088005E+1
-2.088005E+1
-2.088005E+1
-2.088005E+1
-2.088005E+1
-2.088005E+1
-2.088005E+1
-2.088005E+1
-2.088005E+1
-2.088005E+1
-2.088005E+1
-2.088005E+1
-2.088005E+1
-2.088005E+1
-2.088005E+1
-2.088005E+1
-2.088005E+1
-2.088005E+1
-2.088005E+1
-2.088005E+1
-2.088005E+1
-2.088005E+1
-2.088005E+1
-2.088005E+1
-2.088005E+1
-2.088005E+1
-1.531022E+1
-1.372262E+1
-1.309787E+1
-1.286855E+1
-1.292441E+1
-1.309787E+1
-1.335365E+1
-1.342274E+1
-1.328750E+1
-1.286855E+1
-1.221734E+1
-1.156319E+1
-1.094579E+1
-1.041218E+1
-9.984408E+0
-9.652188E+0
-9.396408E+0
-9.206778E+0
-9.080358E+0
-8.996568E+0
-8.942178E+0
-8.924538E+0
-8.924538E+0
-8.942178E+0
-8.987748E+0
-9.050958E+0
-9.177378E+0
-9.352308E+0
-9.602208E+0
-9.969708E+0
-1.051949E+1
-1.139120E+1
-1.309787E+1
-2.088005E+1
-2.088005E+1
-2.088005E+1
-2.088005E+1
-2.088005E+1
-2.088005E+1
-2.088005E+1
-2.088005E+1
-2.088005E+1
-2.088005E+1
-2.088005E+1
-2.088005E+1
-2.088005E+1
-1.397840E+1
-1.292441E+1
-1.271273E+1
-1.309787E+1
-1.437383E+1
-2.088005E+1
-2.088005E+1
-2.088005E+1
-2.088005E+1
-2.088005E+1
-2.088005E+1
-2.088005E+1
-2.088005E+1
-2.088005E+1
-2.088005E+1
-2.088005E+1
-2.088005E+1
-2.088005E+1
-2.088005E+1
-2.088005E+1
-2.088005E+1
-2.088005E+1
-2.088005E+1
-2.088005E+1
-2.088005E+1
-2.088005E+1
-2.088005E+1
-2.088005E+1
-2.088005E+1
-2.088005E+1
-2.088005E+1
-2.088005E+1
-2.088005E+1
-2.088005E+1
-2.088005E+1
-2.088005E+1
-2.088005E+1
-2.088005E+1
-2.088005E+1
-1.665380E+1
-1.298027E+1
-1.159259E+1
-1.075322E+1
-1.019609E+1
-9.857988E+0
-9.652188E+0
-9.566928E+0
-9.566928E+0
-9.602208E+0
-9.652188E+0
-9.652188E+0
-9.590448E+0
-9.462558E+0
-9.299388E+0
-9.137688E+0
-9.005388E+0
-8.933358E+0
-8.924538E+0
-9.005388E+0
-9.177378E+0
-9.450798E+0
-9.831528E+0
-1.032692E+1
-1.096784E+1
-1.184837E+1
-1.322135E+1
-1.665380E+1
-2.088005E+1
-2.088005E+1
-2.088005E+1
-2.088005E+1
-2.088005E+1
-2.088005E+1
-2.088005E+1
-2.088005E+1
-2.088005E+1
-2.088005E+1
-2.088005E+1
-2.088005E+1
-2.088005E+1
-2.088005E+1
-2.088005E+1
-1.587911E+1
-1.499858E+1
-1.531022E+1
-1.738439E+1
-2.088005E+1
-2.088005E+1
-2.088005E+1
-2.088005E+1
-2.088005E+1
-2.088005E+1
-2.088005E+1
-2.088005E+1
-2.088005E+1
-2.088005E+1
-2.088005E+1
-2.088005E+1
-2.088005E+1
-2.088005E+1
-2.088005E+1
-2.088005E+1
-2.088005E+1
-2.088005E+1
-1.849424E+1
-1.416803E+1
-1.315961E+1
-1.281563E+1
-1.292441E+1
-1.342274E+1
-1.448555E+1
-1.738439E+1
-2.088005E+1
-2.088005E+1
-2.088005E+1
-2.088005E+1
-2.088005E+1
-2.088005E+1
-2.088005E+1
-2.088005E+1
-2.088005E+1
-2.088005E+1
-2.088005E+1
-2.088005E+1
-2.088005E+1
-2.088005E+1
-2.088005E+1
-1.937477E+1
-1.460315E+1
-1.356680E+1
-1.315961E+1
-1.315961E+1
-1.356680E+1
-1.448555E+1
-1.698896E+1
-2.088005E+1
-2.088005E+1
-2.088005E+1
-2.088005E+1
-2.088005E+1
-2.088005E+1
-2.088005E+1
-2.088005E+1
-2.088005E+1
-2.088005E+1
-2.088005E+1
-2.088005E+1
-2.088005E+1
-2.088005E+1
-2.088005E+1
-2.088005E+1
-2.088005E+1
-2.088005E+1
-2.088005E+1
-2.088005E+1
-2.088005E+1
-2.088005E+1
-2.088005E+1
-2.088005E+1
-2.088005E+1
-2.088005E+1
-2.088005E+1
-2.088005E+1
-2.088005E+1
-2.088005E+1
-2.088005E+1
-2.088005E+1
-2.088005E+1
-2.088005E+1
-2.088005E+1
-2.088005E+1
-2.088005E+1
-2.088005E+1
-2.088005E+1
-2.088005E+1
-2.088005E+1
-2.088005E+1
-2.088005E+1
-2.088005E+1
-2.088005E+1
-2.088005E+1
-2.088005E+1
-2.088005E+1
-2.088005E+1
-2.088005E+1
-2.088005E+1
-2.088005E+1
-2.088005E+1
-2.088005E+1
-2.088005E+1
-2.088005E+1
-2.088005E+1
-2.088005E+1
-2.088005E+1
-2.088005E+1
-2.088005E+1
-2.088005E+1
-2.088005E+1
-2.088005E+1
-1.610843E+1
-1.389020E+1
-1.303907E+1
-1.261277E+1
-1.242902E+1
-1.247312E+1
-1.256573E+1
-1.276271E+1
-1.298027E+1
-1.315961E+1
-1.328750E+1
-1.322135E+1
-1.298027E+1
-1.271273E+1
-1.242902E+1
-1.209974E+1
-1.181456E+1
-1.147499E+1
-1.113248E+1
-1.079438E+1
-1.048274E+1
-1.022696E+1
-1.005791E+1
-9.969708E+0
-1.001381E+1
-1.019609E+1
-1.057535E+1
-1.118099E+1
-1.217765E+1
-1.407101E+1
-2.088005E+1
-2.088005E+1
-2.088005E+1
-2.088005E+1
-2.088005E+1
-2.088005E+1
-2.088005E+1
-2.088005E+1
-1.738439E+1
-1.587911E+1
-1.548368E+1
-1.567331E+1
-1.610843E+1
-1.665380E+1
-1.698896E+1
-1.665380E+1
-1.610843E+1
-1.548368E+1
-1.499858E+1
-1.460315E+1
-1.448555E+1
-1.448555E+1
-1.499858E+1
-1.665380E+1
-2.088005E+1
-2.088005E+1
-2.088005E+1
-2.088005E+1
-2.088005E+1
-2.088005E+1
-2.088005E+1
-2.088005E+1
-2.088005E+1
-2.088005E+1
-2.088005E+1
-2.088005E+1
-2.088005E+1
-2.088005E+1
-2.088005E+1
-2.088005E+1
-2.088005E+1
-2.088005E+1
-2.088005E+1
-2.088005E+1
-2.088005E+1
-2.088005E+1
-2.088005E+1
-1.738439E+1
-1.426799E+1
-1.335365E+1
-1.286855E+1
-1.261277E+1
-1.242902E+1
-1.238492E+1
-1.247312E+1
-1.271273E+1
-1.322135E+1
-1.426799E+1
-1.738439E+1
-2.088005E+1
-2.088005E+1
-2.088005E+1
-2.088005E+1
-2.088005E+1
-2.088005E+1
-2.088005E+1
-2.088005E+1
-2.088005E+1
-2.088005E+1
-2.088005E+1
-2.088005E+1
-2.088005E+1
-2.088005E+1
-2.088005E+1
-2.088005E+1
-2.088005E+1
-2.088005E+1
-2.088005E+1
-2.088005E+1
-2.088005E+1
-2.088005E+1
-2.088005E+1
-2.088005E+1
-2.088005E+1
-2.088005E+1
-2.088005E+1
-2.088005E+1
-2.088005E+1
-2.088005E+1
-2.088005E+1
-2.088005E+1
-2.088005E+1
-2.088005E+1
-2.088005E+1
-2.088005E+1
-2.088005E+1
-2.088005E+1
-2.088005E+1
-1.472663E+1
-1.217765E+1
-1.115747E+1
-1.059446E+1
-1.025930E+1
-1.010201E+1
-1.011818E+1
-1.025930E+1
-1.057535E+1
-1.106045E+1
-1.184837E+1
-1.322135E+1
-1.849424E+1
-2.088005E+1
-2.088005E+1
-2.088005E+1
-2.088005E+1
-2.088005E+1
-2.088005E+1
-2.088005E+1
-2.088005E+1
-2.088005E+1
-2.088005E+1
-2.088005E+1
-2.088005E+1
-2.088005E+1
-1.460315E+1
-1.292441E+1
-1.202477E+1
-1.144706E+1
-1.101341E+1
-1.073264E+1
-1.053860E+1
-1.044746E+1
-1.042982E+1
-1.048274E+1
-1.061357E+1
-1.085759E+1
-1.120745E+1
-1.174841E+1
-1.256573E+1
-1.407101E+1
-2.088005E+1
-2.088005E+1
-2.088005E+1
-2.088005E+1
-2.088005E+1
-2.088005E+1
-2.088005E+1
-2.088005E+1
-2.088005E+1
-2.088005E+1
-2.088005E+1
-2.088005E+1
-2.088005E+1
-2.088005E+1
-2.088005E+1
-2.088005E+1
-2.088005E+1
-2.088005E+1
-2.088005E+1
-2.088005E+1
-2.088005E+1
-2.088005E+1
-2.088005E+1
-2.088005E+1
-2.088005E+1
-2.088005E+1
-2.088005E+1
-2.088005E+1
-2.088005E+1
-2.088005E+1
-2.088005E+1
-2.088005E+1
-2.088005E+1
-2.088005E+1
-2.088005E+1
-2.088005E+1
-2.088005E+1
-2.088005E+1
-2.088005E+1
-2.088005E+1
-2.088005E+1
-2.088005E+1
-2.088005E+1
-2.088005E+1
-2.088005E+1
-1.636421E+1
-1.380494E+1
-1.266275E+1
-1.202477E+1
-1.162346E+1
-1.144706E+1
-1.147499E+1
-1.168520E+1
-1.213796E+1
-1.286855E+1
-1.407101E+1
-1.698896E+1
-2.088005E+1
-2.088005E+1
-2.088005E+1
-2.088005E+1
-2.088005E+1
-2.088005E+1
-1.636421E+1
-1.448555E+1
-1.364324E+1
-1.322135E+1
-1.303907E+1
-1.298027E+1
-1.303907E+1
-1.322135E+1
-1.364324E+1
-1.426799E+1
-1.514852E+1
-1.636421E+1
-2.088005E+1
-2.088005E+1
-2.088005E+1
-2.088005E+1
-2.088005E+1
-2.088005E+1
-2.088005E+1
-2.088005E+1
-2.088005E+1
-1.937477E+1
-1.531022E+1
-1.389020E+1
-1.286855E+1
-1.217765E+1
-1.171607E+1
-1.139120E+1
-1.128389E+1
-1.131035E+1
-1.147499E+1
-1.168520E+1
-1.188218E+1
-1.195274E+1
-1.181456E+1
-1.144706E+1
-1.096784E+1
-1.051949E+1
-1.017992E+1
-9.969708E+0
-9.885918E+0
-9.941778E+0
-1.017992E+1
-1.061357E+1
-1.133681E+1
-1.247312E+1
-1.472663E+1
-2.088005E+1
-2.088005E+1
-2.088005E+1
-2.088005E+1
-2.088005E+1
-2.088005E+1
-2.088005E+1
-2.088005E+1
-2.088005E+1
-2.088005E+1
-2.088005E+1
-2.088005E+1
-1.567331E+1
-1.335365E+1
-1.209974E+1
-1.123244E+1
-1.059446E+1
-1.011818E+1
-9.778608E+0
-9.543408E+0
-9.418458E+0
-9.384648E+0
-9.440508E+0
-9.578688E+0
-9.791838E+0
-1.005791E+1
-1.037690E+1
-1.073264E+1
-1.110749E+1
-1.150439E+1
-1.198802E+1
-1.266275E+1
-1.356680E+1
-1.548368E+1
-2.088005E+1
-2.088005E+1
-2.088005E+1
-2.088005E+1
-2.088005E+1
-2.088005E+1
-2.088005E+1
-2.088005E+1
-2.088005E+1
-1.937477E+1
-1.460315E+1
-1.349330E+1
-1.309787E+1
-1.322135E+1
-1.397840E+1
-1.698896E+1
-2.088005E+1
-2.088005E+1
-2.088005E+1
-2.088005E+1
-2.088005E+1
-2.088005E+1
-2.088005E+1
-2.088005E+1
-2.088005E+1
-2.088005E+1
-2.088005E+1
-2.088005E+1
-2.088005E+1
-2.088005E+1
-2.088005E+1
-2.088005E+1
-2.088005E+1
-2.088005E+1
-2.088005E+1
-2.088005E+1
-2.088005E+1
-2.088005E+1
-2.088005E+1
-2.088005E+1
-2.088005E+1
-2.088005E+1
-2.088005E+1
-2.088005E+1
-2.088005E+1
-2.088005E+1
-2.088005E+1
-2.088005E+1
-2.088005E+1
-2.088005E+1
-2.088005E+1
-2.088005E+1
-2.088005E+1
-2.088005E+1
-2.088005E+1
-2.088005E+1
-2.088005E+1
-2.088005E+1
-2.088005E+1
-2.088005E+1
-1.416803E+1
-1.247312E+1
-1.184837E+1
-1.162346E+1
-1.174841E+1
-1.229966E+1
-1.356680E+1
-2.088005E+1
-2.088005E+1
-2.088005E+1
-2.088005E+1
-2.088005E+1
-2.088005E+1
-2.088005E+1
-2.088005E+1
-2.088005E+1
-2.088005E+1
-2.088005E+1
-2.088005E+1
-2.088005E+1
-2.088005E+1
-2.088005E+1
-2.088005E+1
-2.088005E+1
-2.088005E+1
-2.088005E+1
-2.088005E+1
-2.088005E+1
-2.088005E+1
-2.088005E+1
-2.088005E+1
-2.088005E+1
-2.088005E+1
-2.088005E+1
-2.088005E+1
-2.088005E+1
-2.088005E+1
-2.088005E+1
-2.088005E+1
-2.088005E+1
-2.088005E+1
-2.088005E+1
-2.088005E+1
-2.088005E+1
-2.088005E+1
-2.088005E+1
-2.088005E+1
-2.088005E+1
-1.416803E+1
-1.261277E+1
-1.188218E+1
-1.144706E+1
-1.115747E+1
-1.096784E+1
-1.081496E+1
-1.069148E+1
-1.059446E+1
-1.051949E+1
-1.050185E+1
-1.055624E+1
-1.071206E+1
-1.103693E+1
-1.156319E+1
-1.261277E+1
-1.548368E+1
-2.088005E+1
-2.088005E+1
-2.088005E+1
-2.088005E+1
-2.088005E+1
-2.088005E+1
-2.088005E+1
-2.088005E+1
-2.088005E+1
-2.088005E+1
-2.088005E+1
-2.088005E+1
-2.088005E+1
-2.088005E+1
-1.380494E+1
-1.221734E+1
-1.156319E+1
-1.136327E+1
-1.147499E+1
-1.195274E+1
-1.309787E+1
-1.738439E+1
-2.088005E+1
-2.088005E+1
-2.088005E+1
-2.088005E+1
-2.088005E+1
-2.088005E+1
-2.088005E+1
-2.088005E+1
-2.088005E+1
-2.088005E+1
-2.088005E+1
-2.088005E+1
-2.088005E+1
-2.088005E+1
-2.088005E+1
-2.088005E+1
-2.088005E+1
-2.088005E+1
-2.088005E+1
-2.088005E+1
-2.088005E+1
-2.088005E+1
-2.088005E+1
-2.088005E+1
-2.088005E+1
-2.088005E+1
-2.088005E+1
-2.088005E+1
-2.088005E+1
-2.088005E+1
-2.088005E+1
-1.849424E+1
-1.335365E+1
-1.229966E+1
-1.195274E+1
-1.195274E+1
-1.221734E+1
-1.271273E+1
-1.328750E+1
-1.349330E+1
-1.315961E+1
-1.242902E+1
-1.162346E+1
-1.090169E+1
-1.037690E+1
-1.001381E+1
-9.818298E+0
-9.818298E+0
-9.984408E+0
-1.036073E+1
-1.098989E+1
-1.195274E+1
-1.356680E+1
-2.088005E+1
-2.088005E+1
-2.088005E+1
-2.088005E+1
-2.088005E+1
-2.088005E+1
-2.088005E+1
-2.088005E+1
-2.088005E+1
-2.088005E+1
-2.088005E+1
-2.088005E+1
-2.088005E+1
-2.088005E+1
-2.088005E+1
-2.088005E+1
-2.088005E+1
-2.088005E+1
-2.088005E+1
-2.088005E+1
-2.088005E+1
-2.088005E+1
-1.786949E+1
-1.531022E+1
-1.407101E+1
-1.322135E+1
-1.266275E+1
-1.225850E+1
-1.198802E+1
-1.181456E+1
-1.181456E+1
-1.195274E+1
-1.225850E+1
-1.298027E+1
-1.472663E+1
-2.088005E+1
-2.088005E+1
-2.088005E+1
-2.088005E+1
-2.088005E+1
-2.088005E+1
-2.088005E+1
-2.088005E+1
-2.088005E+1
-2.088005E+1
-2.088005E+1
-2.088005E+1
-2.088005E+1
-2.088005E+1
-1.567331E+1
-1.372262E+1
-1.328750E+1
-1.349330E+1
-1.460315E+1
-1.849424E+1
-2.088005E+1
-2.088005E+1
-2.088005E+1
-2.088005E+1
-2.088005E+1
-2.088005E+1
-2.088005E+1
-1.665380E+1
-1.499858E+1
-1.460315E+1
-1.499858E+1
-1.665380E+1
-2.088005E+1
-2.088005E+1
-2.088005E+1
-2.088005E+1
-2.088005E+1
-2.088005E+1
-2.088005E+1
-2.088005E+1
-2.088005E+1
-2.088005E+1
-2.088005E+1
-2.088005E+1
-2.088005E+1
-2.088005E+1
-2.088005E+1
-2.088005E+1
-2.088005E+1
-2.088005E+1
-2.088005E+1
-2.088005E+1
-2.088005E+1
-2.088005E+1
-2.088005E+1
-1.531022E+1
-1.271273E+1
-1.171607E+1
-1.120745E+1
-1.096784E+1
-1.092374E+1
-1.103693E+1
-1.133681E+1
-1.184837E+1
-1.271273E+1
-1.448555E+1
-2.088005E+1
-2.088005E+1
-2.088005E+1
-2.088005E+1
-2.088005E+1
-2.088005E+1
-2.088005E+1
-2.088005E+1
-2.088005E+1
-2.088005E+1
-2.088005E+1
-2.088005E+1
-1.397840E+1
-1.276271E+1
-1.242902E+1
-1.271273E+1
-1.397840E+1
-2.088005E+1
-2.088005E+1
-2.088005E+1
-2.088005E+1
-2.088005E+1
-2.088005E+1
-2.088005E+1
-2.088005E+1
-2.088005E+1
-2.088005E+1
-2.088005E+1
-2.088005E+1
-2.088005E+1
-2.088005E+1
-2.088005E+1
-2.088005E+1
-2.088005E+1
-2.088005E+1
-2.088005E+1
-2.088005E+1
-2.088005E+1
-2.088005E+1
-2.088005E+1
-2.088005E+1
-2.088005E+1
-2.088005E+1
-2.088005E+1
-2.088005E+1
-2.088005E+1
-2.088005E+1
-1.698896E+1
-1.349330E+1
-1.217765E+1
-1.133681E+1
-1.077380E+1
-1.041218E+1
-1.019609E+1
-1.008731E+1
-1.004321E+1
-1.005791E+1
-1.005791E+1
-1.005791E+1
-9.999108E+0
-9.885918E+0
-9.752148E+0
-9.663948E+0
-9.638958E+0
-9.702168E+0
-9.913848E+0
-1.030928E+1
-1.101341E+1
-1.221734E+1
-1.548368E+1
-2.088005E+1
-2.088005E+1
-2.088005E+1
-2.088005E+1
-2.088005E+1
-2.088005E+1
-2.088005E+1
-2.088005E+1
-2.088005E+1
-2.088005E+1
-2.088005E+1
-2.088005E+1
-2.088005E+1
-2.088005E+1
-2.088005E+1
-2.088005E+1
-2.088005E+1
-2.088005E+1
-2.088005E+1
-2.088005E+1
-2.088005E+1
-2.088005E+1
-2.088005E+1
-2.088005E+1
-2.088005E+1
-1.372262E+1
-1.188218E+1
-1.079438E+1
-1.001381E+1
-9.406698E+0
-8.933358E+0
-8.552628E+0
-8.279208E+0
-8.096928E+0
