Date/Time	2022-06-02 21:00:13
Line location	1
Line name	A1
OTDR wavelength [nm]	1550
OTDR pulse duration [ns]	2
OTDR scan time [s]	10
OTDR scan length [m]	1.500000E+2
Length offset [m]	0.000000E+0
Length increment [m]	3.996806E-2
Switch ID	VIAVI Solutions,OTU 8000E,11654,FO,16.76
OTDR ID	JDSU,OTU 8000E,11654,OTU(SmartOTU),V7.22

Reflected amplitude [dB]
9.332820E-1
8.980020E-1
8.421420E-1
7.745220E-1
7.127820E-1
6.598620E-1
6.172320E-1
5.848920E-1
5.613720E-1
5.643120E-1
6.260520E-1
7.568820E-1
9.274020E-1
1.094982E+0
1.231692E+0
1.331652E+0
1.405152E+0
1.455132E+0
1.488942E+0
1.505112E+0
1.488942E+0
1.438962E+0
1.361052E+0
1.266972E+0
1.158192E+0
1.039122E+0
9.171120E-1
7.995120E-1
6.833820E-1
5.687220E-1
4.614120E-1
3.585120E-1
2.629620E-1
1.806420E-1
1.130220E-1
5.422200E-2
5.712000E-3
-3.544800E-2
-6.925800E-2
-9.865800E-2
-1.207080E-1
-1.383480E-1
-1.530480E-1
-1.633380E-1
-1.706880E-1
-1.750980E-1
-1.809780E-1
-1.853880E-1
-1.897980E-1
-1.942080E-1
-2.000880E-1
-2.059680E-1
-2.133180E-1
-2.221380E-1
-2.294880E-1
-2.383080E-1
-2.485980E-1
-2.559480E-1
-2.647680E-1
-2.721180E-1
-2.794680E-1
-2.853480E-1
-2.912280E-1
-2.956380E-1
-3.000480E-1
-3.029880E-1
-3.044580E-1
-3.059280E-1
-3.044580E-1
-3.000480E-1
-2.941680E-1
-2.838780E-1
-2.721180E-1
-2.559480E-1
-2.383080E-1
-2.191980E-1
-2.000880E-1
-1.809780E-1
-1.618680E-1
-1.471680E-1
-1.354080E-1
-1.265880E-1
-1.236480E-1
-1.251180E-1
-1.309980E-1
-1.412880E-1
-1.559880E-1
-1.721580E-1
-1.912680E-1
-2.118480E-1
-2.338980E-1
-2.559480E-1
-2.779980E-1
-3.015180E-1
-3.220980E-1
-3.426780E-1
-3.617880E-1
-3.808980E-1
-3.955980E-1
-4.088280E-1
-4.205880E-1
-4.294080E-1
-4.367580E-1
-4.411680E-1
-4.441080E-1
-4.455780E-1
-4.470480E-1
-4.485180E-1
-4.514580E-1
-4.529280E-1
-4.573380E-1
-4.632180E-1
-4.690980E-1
-4.749780E-1
-4.808580E-1
-4.867380E-1
-4.896780E-1
-4.911480E-1
-4.882080E-1
-4.837980E-1
-4.764480E-1
-4.661580E-1
-4.573380E-1
-4.470480E-1
-4.382280E-1
-4.323480E-1
-4.294080E-1
-4.308780E-1
-4.338180E-1
-4.382280E-1
-4.455780E-1
-4.543980E-1
-4.617480E-1
-4.690980E-1
-4.735080E-1
-4.764480E-1
-4.793880E-1
-4.808580E-1
-4.837980E-1
-4.852680E-1
-4.896780E-1
-4.955580E-1
-5.014380E-1
-5.087880E-1
-4.735080E-1
-1.795080E-1
6.672120E-1
1.976982E+0
3.388182E+0
4.686192E+0
5.810742E+0
6.754482E+0
7.532112E+0
8.173032E+0
8.703702E+0
9.137352E+0
9.479862E+0
9.741522E+0
9.925272E+0
1.003993E+1
1.008991E+1
1.008403E+1
1.002229E+1
9.910572E+0
9.747402E+0
9.535722E+0
9.277002E+0
8.974182E+0
8.627262E+0
8.239182E+0
7.814352E+0
7.355712E+0
6.870612E+0
6.363462E+0
5.843082E+0
5.316822E+0
4.799382E+0
4.306932E+0
3.851232E+0
3.442572E+0
3.083892E+0
2.772252E+0
2.506182E+0
2.275392E+0
2.057832E+0
1.841742E+0
1.613892E+0
1.375752E+0
1.137612E+0
9.127020E-1
7.010220E-1
5.040420E-1
3.276420E-1
1.762320E-1
5.275200E-2
-4.426800E-2
-1.207080E-1
-1.780380E-1
-2.221380E-1
-2.544780E-1
-2.794680E-1
-2.985780E-1
-3.132780E-1
-3.265080E-1
-3.367980E-1
-3.456180E-1
-3.544380E-1
-3.632580E-1
-3.706080E-1
-3.764880E-1
-3.823680E-1
-3.867780E-1
-3.897180E-1
-3.926580E-1
-3.941280E-1
-3.941280E-1
-3.926580E-1
-3.882480E-1
-3.838380E-1
-3.764880E-1
-3.706080E-1
-3.632580E-1
-3.559080E-1
-3.514980E-1
-3.500280E-1
-3.500280E-1
-3.514980E-1
-3.573780E-1
-3.632580E-1
-3.720780E-1
-3.794280E-1
-3.882480E-1
-3.955980E-1
-4.029480E-1
-4.088280E-1
-4.147080E-1
-4.191180E-1
-4.235280E-1
-4.279380E-1
-4.338180E-1
-4.382280E-1
-4.441080E-1
-4.485180E-1
-4.529280E-1
-4.558680E-1
-4.588080E-1
-4.588080E-1
-4.573380E-1
-4.558680E-1
-4.529280E-1
-4.499880E-1
-4.485180E-1
-4.470480E-1
-4.455780E-1
-4.441080E-1
-4.441080E-1
-4.441080E-1
-4.455780E-1
-4.455780E-1
-4.470480E-1
-4.470480E-1
-4.485180E-1
-4.499880E-1
-4.499880E-1
-4.499880E-1
-4.499880E-1
-4.485180E-1
-4.485180E-1
-4.485180E-1
-4.485180E-1
-4.499880E-1
-4.514580E-1
-4.529280E-1
-4.558680E-1
-4.558680E-1
-4.558680E-1
-4.529280E-1
-4.485180E-1
-4.411680E-1
-4.323480E-1
-4.220580E-1
-4.102980E-1
-3.985380E-1
-3.867780E-1
-3.750180E-1
-3.661980E-1
-3.588480E-1
-3.529680E-1
-3.514980E-1
-3.500280E-1
-3.529680E-1
-3.573780E-1
-3.632580E-1
-3.720780E-1
-3.808980E-1
-3.911880E-1
-4.029480E-1
-4.117680E-1
-4.220580E-1
-4.294080E-1
-4.352880E-1
-4.411680E-1
-4.441080E-1
-4.455780E-1
-4.470480E-1
-4.485180E-1
-4.499880E-1
-4.499880E-1
-4.529280E-1
-4.558680E-1
-4.602780E-1
-4.646880E-1
-4.690980E-1
-4.735080E-1
-4.764480E-1
-4.779180E-1
-4.779180E-1
-4.749780E-1
-4.705680E-1
-4.646880E-1
-4.588080E-1
-4.514580E-1
-4.441080E-1
-4.382280E-1
-4.338180E-1
-4.294080E-1
-4.264680E-1
-4.249980E-1
-4.235280E-1
-4.235280E-1
-4.249980E-1
-4.264680E-1
-4.279380E-1
-4.294080E-1
-4.323480E-1
-4.338180E-1
-4.338180E-1
-4.323480E-1
-4.294080E-1
-4.249980E-1
-4.176480E-1
-4.088280E-1
-3.985380E-1
-3.867780E-1
-3.750180E-1
-3.617880E-1
-3.485580E-1
-3.338580E-1
-3.191580E-1
-3.059280E-1
-2.926980E-1
-2.824080E-1
-2.735880E-1
-2.677080E-1
-2.647680E-1
-2.662380E-1
-2.706480E-1
-2.794680E-1
-2.897580E-1
-3.015180E-1
-3.147480E-1
-3.279780E-1
-3.412080E-1
-3.544380E-1
-3.661980E-1
-3.764880E-1
-3.853080E-1
-3.926580E-1
-3.985380E-1
-4.029480E-1
-4.058880E-1
-4.088280E-1
-4.117680E-1
-4.132380E-1
-4.147080E-1
-4.176480E-1
-4.191180E-1
-4.220580E-1
-4.249980E-1
-4.279380E-1
-4.308780E-1
-4.323480E-1
-4.352880E-1
-4.367580E-1
-4.396980E-1
-4.411680E-1
-4.426380E-1
-4.455780E-1
-4.470480E-1
-4.485180E-1
-4.499880E-1
-4.514580E-1
-4.499880E-1
-4.499880E-1
-4.485180E-1
-4.485180E-1
-4.470480E-1
-4.485180E-1
-4.499880E-1
-4.514580E-1
-4.529280E-1
-4.529280E-1
-4.529280E-1
-4.499880E-1
-4.441080E-1
-4.367580E-1
-4.264680E-1
-4.161780E-1
-4.029480E-1
-3.911880E-1
-3.779580E-1
-3.676680E-1
-3.603180E-1
-3.529680E-1
-3.500280E-1
-3.500280E-1
-3.529680E-1
-3.588480E-1
-3.661980E-1
-3.735480E-1
-3.823680E-1
-3.911880E-1
-4.000080E-1
-4.073580E-1
-4.147080E-1
-4.205880E-1
-4.249980E-1
-4.294080E-1
-4.338180E-1
-4.382280E-1
-4.426380E-1
-4.470480E-1
-4.529280E-1
-4.573380E-1
-4.646880E-1
-4.705680E-1
-4.764480E-1
-4.837980E-1
-4.896780E-1
-4.940880E-1
-4.999680E-1
-5.029080E-1
-5.058480E-1
-5.073180E-1
-5.073180E-1
-5.073180E-1
-5.058480E-1
-5.014380E-1
-4.970280E-1
-4.926180E-1
-4.867380E-1
-4.808580E-1
-4.749780E-1
-4.690980E-1
-4.632180E-1
-4.573380E-1
-4.529280E-1
-4.470480E-1
-4.426380E-1
-4.382280E-1
-4.352880E-1
-4.338180E-1
-4.323480E-1
-4.338180E-1
-4.367580E-1
-4.411680E-1
-4.470480E-1
-4.543980E-1
-4.617480E-1
-4.690980E-1
-4.735080E-1
-4.764480E-1
-4.749780E-1
-4.720380E-1
-4.646880E-1
-4.558680E-1
-4.455780E-1
-4.352880E-1
-4.249980E-1
-4.176480E-1
-4.132380E-1
-4.117680E-1
-4.117680E-1
-4.147080E-1
-4.176480E-1
-4.220580E-1
-4.249980E-1
-4.279380E-1
-4.279380E-1
-4.279380E-1
-4.264680E-1
-4.249980E-1
-4.235280E-1
-4.235280E-1
-4.249980E-1
-4.264680E-1
-4.279380E-1
-4.308780E-1
-4.338180E-1
-4.367580E-1
-4.396980E-1
-4.441080E-1
-4.499880E-1
-4.573380E-1
-4.646880E-1
-4.705680E-1
-4.779180E-1
-4.823280E-1
-4.852680E-1
-4.852680E-1
-4.823280E-1
-4.764480E-1
-4.705680E-1
-4.646880E-1
-4.573380E-1
-4.529280E-1
-4.485180E-1
-4.455780E-1
-4.441080E-1
-4.441080E-1
-4.441080E-1
-4.455780E-1
-4.455780E-1
-4.455780E-1
-4.470480E-1
-4.470480E-1
-4.455780E-1
-4.455780E-1
-4.426380E-1
-4.396980E-1
-4.338180E-1
-4.279380E-1
-4.191180E-1
-4.102980E-1
-4.014780E-1
-3.926580E-1
-3.853080E-1
-3.794280E-1
-3.750180E-1
-3.720780E-1
-3.720780E-1
-3.735480E-1
-3.764880E-1
-3.808980E-1
-3.867780E-1
-3.926580E-1
-3.970680E-1
-4.014780E-1
-4.044180E-1
-4.058880E-1
-4.058880E-1
-4.073580E-1
-4.073580E-1
-4.088280E-1
-4.117680E-1
-4.147080E-1
-4.191180E-1
-4.249980E-1
-4.308780E-1
-4.367580E-1
-4.426380E-1
-4.485180E-1
-4.529280E-1
-4.588080E-1
-4.617480E-1
-4.646880E-1
-4.661580E-1
-4.690980E-1
-4.690980E-1
-4.690980E-1
-4.676280E-1
-4.661580E-1
-4.646880E-1
-4.617480E-1
-4.588080E-1
-4.573380E-1
-4.543980E-1
-4.543980E-1
-4.543980E-1
-4.543980E-1
-4.558680E-1
-4.588080E-1
-4.617480E-1
-4.661580E-1
-4.690980E-1
-4.720380E-1
-4.749780E-1
-4.764480E-1
-4.764480E-1
-4.749780E-1
-4.735080E-1
-4.720380E-1
-4.690980E-1
-4.661580E-1
-4.632180E-1
-4.588080E-1
-4.529280E-1
-4.455780E-1
-4.367580E-1
-4.264680E-1
-4.147080E-1
-4.029480E-1
-3.911880E-1
-3.808980E-1
-3.706080E-1
-3.632580E-1
-3.573780E-1
-3.544380E-1
-3.529680E-1
-3.529680E-1
-3.544380E-1
-3.559080E-1
-3.588480E-1
-3.617880E-1
-3.647280E-1
-3.691380E-1
-3.720780E-1
-3.764880E-1
-3.808980E-1
-3.853080E-1
-3.897180E-1
-3.955980E-1
-4.000080E-1
-4.073580E-1
-4.132380E-1
-4.205880E-1
-4.264680E-1
-4.323480E-1
-4.367580E-1
-4.411680E-1
-4.441080E-1
-4.441080E-1
-4.441080E-1
-4.441080E-1
-4.411680E-1
-4.367580E-1
-4.323480E-1
-4.279380E-1
-4.235280E-1
-4.205880E-1
-4.191180E-1
-4.191180E-1
-4.220580E-1
-4.264680E-1
-4.338180E-1
-4.426380E-1
-4.499880E-1
-4.588080E-1
-4.646880E-1
-4.705680E-1
-4.749780E-1
-4.779180E-1
-4.808580E-1
-4.837980E-1
-4.867380E-1
-4.896780E-1
-4.926180E-1
-4.940880E-1
-4.926180E-1
-4.911480E-1
-4.867380E-1
-4.808580E-1
-4.735080E-1
-4.661580E-1
-4.602780E-1
-4.543980E-1
-4.499880E-1
-4.455780E-1
-4.411680E-1
-4.382280E-1
-4.338180E-1
-4.294080E-1
-4.235280E-1
-4.161780E-1
-4.088280E-1
-4.014780E-1
-3.941280E-1
-3.867780E-1
-3.823680E-1
-3.779580E-1
-3.779580E-1
-3.779580E-1
-3.808980E-1
-3.853080E-1
-3.926580E-1
-4.000080E-1
-4.073580E-1
-4.147080E-1
-4.220580E-1
-4.279380E-1
-4.338180E-1
-4.382280E-1
-4.411680E-1
-4.426380E-1
-4.441080E-1
-4.441080E-1
-4.426380E-1
-4.411680E-1
-4.396980E-1
-4.382280E-1
-4.367580E-1
-4.338180E-1
-4.323480E-1
-4.294080E-1
-4.279380E-1
-4.249980E-1
-4.220580E-1
-4.205880E-1
-4.176480E-1
-4.176480E-1
-4.176480E-1
-4.205880E-1
-4.235280E-1
-4.294080E-1
-4.367580E-1
-4.441080E-1
-4.529280E-1
-4.602780E-1
-4.676280E-1
-4.749780E-1
-4.823280E-1
-4.867380E-1
-4.911480E-1
-4.955580E-1
-4.999680E-1
-5.043780E-1
-5.073180E-1
-5.102580E-1
-5.131980E-1
-5.146680E-1
-5.146680E-1
-5.131980E-1
-5.117280E-1
-5.073180E-1
-5.029080E-1
-4.984980E-1
-4.926180E-1
-4.882080E-1
-4.852680E-1
-4.823280E-1
-4.808580E-1
-4.793880E-1
-4.793880E-1
-4.779180E-1
-4.779180E-1
-4.764480E-1
-4.735080E-1
-4.705680E-1
-4.676280E-1
-4.632180E-1
-4.588080E-1
-4.543980E-1
-4.514580E-1
-4.485180E-1
-4.455780E-1
-4.455780E-1
-4.455780E-1
-4.470480E-1
-4.485180E-1
-4.499880E-1
-4.514580E-1
-4.514580E-1
-4.514580E-1
-4.499880E-1
-4.485180E-1
-4.470480E-1
-4.455780E-1
-4.455780E-1
-4.455780E-1
-4.470480E-1
-4.485180E-1
-4.514580E-1
-4.543980E-1
-4.573380E-1
-4.602780E-1
-4.617480E-1
-4.617480E-1
-4.602780E-1
-4.588080E-1
-4.558680E-1
-4.514580E-1
-4.485180E-1
-4.441080E-1
-4.411680E-1
-4.382280E-1
-4.352880E-1
-4.338180E-1
-4.338180E-1
-4.367580E-1
-4.396980E-1
-4.441080E-1
-4.499880E-1
-4.558680E-1
-4.617480E-1
-4.676280E-1
-4.705680E-1
-4.735080E-1
-4.749780E-1
-4.749780E-1
-4.735080E-1
-4.720380E-1
-4.705680E-1
-4.705680E-1
-4.690980E-1
-4.690980E-1
-4.705680E-1
-4.720380E-1
-4.735080E-1
-4.764480E-1
-4.793880E-1
-4.823280E-1
-4.867380E-1
-4.896780E-1
-4.926180E-1
-4.940880E-1
-4.940880E-1
-4.940880E-1
-4.926180E-1
-4.911480E-1
-4.882080E-1
-4.837980E-1
-4.793880E-1
-4.764480E-1
-4.720380E-1
-4.690980E-1
-4.661580E-1
-4.632180E-1
-4.602780E-1
-4.588080E-1
-4.588080E-1
-4.588080E-1
-4.588080E-1
-4.617480E-1
-4.646880E-1
-4.676280E-1
-4.705680E-1
-4.735080E-1
-4.749780E-1
-4.764480E-1
-4.764480E-1
-4.749780E-1
-4.720380E-1
-4.676280E-1
-4.646880E-1
-4.588080E-1
-4.558680E-1
-4.514580E-1
-4.499880E-1
-4.499880E-1
-4.499880E-1
-4.499880E-1
-4.514580E-1
-4.499880E-1
-4.485180E-1
-4.455780E-1
-4.396980E-1
-4.323480E-1
-4.235280E-1
-4.132380E-1
-4.029480E-1
-3.941280E-1
-3.867780E-1
-3.808980E-1
-3.779580E-1
-3.779580E-1
-3.794280E-1
-3.838380E-1
-3.897180E-1
-3.955980E-1
-4.044180E-1
-4.132380E-1
-4.205880E-1
-4.279380E-1
-4.338180E-1
-4.396980E-1
-4.441080E-1
-4.470480E-1
-4.485180E-1
-4.499880E-1
-4.499880E-1
-4.499880E-1
-4.499880E-1
-4.499880E-1
-4.499880E-1
-4.514580E-1
-4.529280E-1
-4.558680E-1
-4.602780E-1
-4.661580E-1
-4.705680E-1
-4.749780E-1
-4.779180E-1
-4.793880E-1
-4.793880E-1
-4.779180E-1
-4.749780E-1
-4.720380E-1
-4.690980E-1
-4.676280E-1
-4.661580E-1
-4.646880E-1
-4.632180E-1
-4.617480E-1
-4.588080E-1
-4.558680E-1
-4.514580E-1
-4.455780E-1
-4.411680E-1
-4.382280E-1
-4.367580E-1
-4.382280E-1
-4.411680E-1
-4.485180E-1
-4.573380E-1
-4.661580E-1
-4.764480E-1
-4.852680E-1
-4.940880E-1
-4.999680E-1
-5.043780E-1
-5.058480E-1
-5.058480E-1
-5.043780E-1
-5.014380E-1
-4.970280E-1
-4.911480E-1
-4.852680E-1
-4.793880E-1
-4.720380E-1
-4.661580E-1
-4.602780E-1
-4.558680E-1
-4.499880E-1
-4.470480E-1
-4.441080E-1
-4.411680E-1
-4.396980E-1
-4.382280E-1
-4.382280E-1
-4.396980E-1
-4.396980E-1
-4.411680E-1
-4.426380E-1
-4.441080E-1
-4.470480E-1
-4.485180E-1
-4.499880E-1
-4.514580E-1
-4.529280E-1
-4.543980E-1
-4.558680E-1
-4.543980E-1
-4.543980E-1
-4.514580E-1
-4.499880E-1
-4.455780E-1
-4.426380E-1
-4.396980E-1
-4.367580E-1
-4.352880E-1
-4.338180E-1
-4.352880E-1
-4.367580E-1
-4.411680E-1
-4.470480E-1
-4.514580E-1
-4.573380E-1
-4.632180E-1
-4.676280E-1
-4.705680E-1
-4.720380E-1
-4.735080E-1
-4.749780E-1
-4.749780E-1
-4.779180E-1
-4.808580E-1
-4.837980E-1
-4.867380E-1
-4.896780E-1
-4.911480E-1
-4.896780E-1
-4.882080E-1
-4.837980E-1
-4.764480E-1
-4.690980E-1
-4.602780E-1
-4.514580E-1
-4.441080E-1
-4.367580E-1
-4.308780E-1
-4.264680E-1
-4.235280E-1
-4.235280E-1
-4.235280E-1
-4.249980E-1
-4.264680E-1
-4.279380E-1
-4.294080E-1
-4.308780E-1
-4.308780E-1
-4.294080E-1
-4.294080E-1
-4.294080E-1
-4.294080E-1
-4.294080E-1
-4.308780E-1
-4.338180E-1
-4.352880E-1
-4.396980E-1
-4.411680E-1
-4.441080E-1
-4.470480E-1
-4.499880E-1
-4.529280E-1
-4.558680E-1
-4.588080E-1
-4.617480E-1
-4.661580E-1
-4.705680E-1
-4.749780E-1
-4.808580E-1
-4.852680E-1
-4.896780E-1
-4.955580E-1
-4.999680E-1
-5.043780E-1
-5.087880E-1
-5.146680E-1
-5.220180E-1
-5.323080E-1
-5.455380E-1
-5.631780E-1
-5.837580E-1
-6.072780E-1
-6.352080E-1
-6.631380E-1
-6.940080E-1
-7.248780E-1
-7.572180E-1
-7.895580E-1
-8.233680E-1
-8.557080E-1
-8.895180E-1
-9.218580E-1
-9.541980E-1
-9.835980E-1
-1.010058E+0
-1.033578E+0
-1.052688E+0
-1.067388E+0
-1.077678E+0
-1.085028E+0
-1.087968E+0
-1.090908E+0
-1.090908E+0
-1.090908E+0
-1.089438E+0
-1.090908E+0
-1.090908E+0
-1.092378E+0
-1.092378E+0
-1.093848E+0
-1.093848E+0
-1.092378E+0
-1.090908E+0
-1.089438E+0
-1.089438E+0
-1.089438E+0
-1.090908E+0
-1.093848E+0
-1.096788E+0
-1.102668E+0
-1.108548E+0
-1.114428E+0
-1.120308E+0
-1.126188E+0
-1.132068E+0
-1.139418E+0
-1.145298E+0
-1.152648E+0
-1.158528E+0
-1.164408E+0
-1.168818E+0
-1.173228E+0
-1.173228E+0
-1.171758E+0
-1.167348E+0
-1.159998E+0
-1.152648E+0
-1.143828E+0
-1.136478E+0
-1.129128E+0
-1.123248E+0
-1.118838E+0
-1.117368E+0
-1.117368E+0
-1.120308E+0
-1.124718E+0
-1.130598E+0
-1.136478E+0
-1.143828E+0
-1.151178E+0
-1.158528E+0
-1.165878E+0
-1.173228E+0
-1.179108E+0
-1.184988E+0
-1.189398E+0
-1.192338E+0
-1.195278E+0
-1.198218E+0
-1.198218E+0
-1.199688E+0
-1.198218E+0
-1.198218E+0
-1.198218E+0
-1.198218E+0
-1.198218E+0
-1.198218E+0
-1.198218E+0
-1.196748E+0
-1.195278E+0
-1.192338E+0
-1.187928E+0
-1.180578E+0
-1.173228E+0
-1.165878E+0
-1.157058E+0
-1.149708E+0
-1.143828E+0
-1.139418E+0
-1.136478E+0
-1.135008E+0
-1.136478E+0
-1.137948E+0
-1.142358E+0
-1.146768E+0
-1.151178E+0
-1.157058E+0
-1.162938E+0
-1.168818E+0
-1.174698E+0
-1.179108E+0
-1.182048E+0
-1.184988E+0
-1.186458E+0
-1.187928E+0
-1.189398E+0
-1.189398E+0
-1.190868E+0
-1.192338E+0
-1.195278E+0
-1.198218E+0
-1.199688E+0
-1.201158E+0
-1.202628E+0
-1.202628E+0
-1.201158E+0
-1.198218E+0
-1.195278E+0
-1.190868E+0
-1.184988E+0
-1.177638E+0
-1.168818E+0
-1.161468E+0
-1.152648E+0
-1.146768E+0
-1.140888E+0
-1.137948E+0
-1.137948E+0
-1.140888E+0
-1.146768E+0
-1.154118E+0
-1.162938E+0
-1.173228E+0
-1.183518E+0
-1.192338E+0
-1.201158E+0
-1.207038E+0
-1.211448E+0
-1.214388E+0
-1.214388E+0
-1.214388E+0
-1.212918E+0
-1.209978E+0
-1.208508E+0
-1.205568E+0
-1.204098E+0
-1.201158E+0
-1.198218E+0
-1.195278E+0
-1.192338E+0
-1.189398E+0
-1.186458E+0
-1.186458E+0
-1.186458E+0
-1.189398E+0
-1.195278E+0
-1.201158E+0
-1.209978E+0
-1.218798E+0
-1.227618E+0
-1.236438E+0
-1.245258E+0
-1.252608E+0
-1.259958E+0
-1.265838E+0
-1.271718E+0
-1.277598E+0
-1.282008E+0
-1.286418E+0
-1.287888E+0
-1.287888E+0
-1.284948E+0
-1.279068E+0
-1.270248E+0
-1.261428E+0
-1.251138E+0
-1.240848E+0
-1.232028E+0
-1.224678E+0
-1.218798E+0
-1.214388E+0
-1.211448E+0
-1.209978E+0
-1.209978E+0
-1.209978E+0
-1.209978E+0
-1.211448E+0
-1.212918E+0
-1.214388E+0
-1.217328E+0
-1.220268E+0
-1.224678E+0
-1.229088E+0
-1.233498E+0
-1.237908E+0
-1.240848E+0
-1.243788E+0
-1.246728E+0
-1.248198E+0
-1.249668E+0
-1.252608E+0
-1.255548E+0
-1.262898E+0
-1.271718E+0
-1.282008E+0
-1.296708E+0
-1.311408E+0
-1.327578E+0
-1.343748E+0
-1.358448E+0
-1.370208E+0
-1.377558E+0
-1.381968E+0
-1.381968E+0
-1.377558E+0
-1.368738E+0
-1.358448E+0
-1.346688E+0
-1.331988E+0
-1.318758E+0
-1.305528E+0
-1.293768E+0
-1.284948E+0
-1.277598E+0
-1.274658E+0
-1.276128E+0
-1.279068E+0
-1.284948E+0
-1.290828E+0
-1.296708E+0
-1.301118E+0
-1.304058E+0
-1.305528E+0
-1.305528E+0
-1.304058E+0
-1.304058E+0
-1.304058E+0
-1.306998E+0
-1.309938E+0
-1.315818E+0
-1.320228E+0
-1.326108E+0
-1.330518E+0
-1.333458E+0
-1.334928E+0
-1.336398E+0
-1.336398E+0
-1.334928E+0
-1.333458E+0
-1.330518E+0
-1.329048E+0
-1.326108E+0
-1.324638E+0
-1.321698E+0
-1.320228E+0
-1.318758E+0
-1.320228E+0
-1.320228E+0
-1.321698E+0
-1.323168E+0
-1.323168E+0
-1.323168E+0
-1.321698E+0
-1.317288E+0
-1.312878E+0
-1.308468E+0
-1.304058E+0
-1.299648E+0
-1.298178E+0
-1.296708E+0
-1.299648E+0
-1.302588E+0
-1.306998E+0
-1.312878E+0
-1.318758E+0
-1.324638E+0
-1.331988E+0
-1.339338E+0
-1.346688E+0
-1.355508E+0
-1.364328E+0
-1.373148E+0
-1.379028E+0
-1.384908E+0
-1.389318E+0
-1.390788E+0
-1.389318E+0
-1.386378E+0
-1.381968E+0
-1.374618E+0
-1.368738E+0
-1.361388E+0
-1.355508E+0
-1.351098E+0
-1.349628E+0
-1.351098E+0
-1.358448E+0
-1.370208E+0
-1.386378E+0
-1.404018E+0
-1.423128E+0
-1.440768E+0
-1.455468E+0
-1.465758E+0
-1.471638E+0
-1.471638E+0
-1.467228E+0
-1.461348E+0
-1.451058E+0
-1.440768E+0
-1.430478E+0
-1.420188E+0
-1.409898E+0
-1.401078E+0
-1.392258E+0
-1.384908E+0
-1.376088E+0
-1.370208E+0
-1.365798E+0
-1.361388E+0
-1.358448E+0
-1.355508E+0
-1.355508E+0
-1.356978E+0
-1.361388E+0
-1.365798E+0
-1.373148E+0
-1.380498E+0
-1.392258E+0
-1.402548E+0
-1.415778E+0
-1.427538E+0
-1.439298E+0
-1.449588E+0
-1.458408E+0
-1.464288E+0
-1.468698E+0
-1.470168E+0
-1.471638E+0
-1.473108E+0
-1.473108E+0
-1.471638E+0
-1.471638E+0
-1.470168E+0
-1.468698E+0
-1.467228E+0
-1.464288E+0
-1.461348E+0
-1.456938E+0
-1.452528E+0
-1.448118E+0
-1.442238E+0
-1.436358E+0
-1.431948E+0
-1.426068E+0
-1.423128E+0
-1.420188E+0
-1.420188E+0
-1.420188E+0
-1.421658E+0
-1.426068E+0
-1.429008E+0
-1.433418E+0
-1.436358E+0
-1.439298E+0
-1.440768E+0
-1.442238E+0
-1.443708E+0
-1.443708E+0
-1.443708E+0
-1.442238E+0
-1.442238E+0
-1.440768E+0
-1.440768E+0
-1.440768E+0
-1.440768E+0
-1.442238E+0
-1.445178E+0
-1.449588E+0
-1.455468E+0
-1.461348E+0
-1.468698E+0
-1.476048E+0
-1.480458E+0
-1.484868E+0
-1.487808E+0
-1.487808E+0
-1.486338E+0
-1.484868E+0
-1.481928E+0
-1.480458E+0
-1.480458E+0
-1.481928E+0
-1.483398E+0
-1.486338E+0
-1.487808E+0
-1.489278E+0
-1.489278E+0
-1.487808E+0
-1.484868E+0
-1.481928E+0
-1.477518E+0
-1.474578E+0
-1.473108E+0
-1.474578E+0
-1.476048E+0
-1.480458E+0
-1.484868E+0
-1.489278E+0
-1.495158E+0
-1.498098E+0
-1.498098E+0
-1.496628E+0
-1.490748E+0
-1.483398E+0
-1.474578E+0
-1.462818E+0
-1.452528E+0
-1.445178E+0
-1.437828E+0
-1.434888E+0
-1.433418E+0
-1.434888E+0
-1.439298E+0
-1.442238E+0
-1.445178E+0
-1.448118E+0
-1.449588E+0
-1.451058E+0
-1.452528E+0
-1.456938E+0
-1.461348E+0
-1.468698E+0
-1.478988E+0
-1.490748E+0
-1.502508E+0
-1.514268E+0
-1.524558E+0
-1.533378E+0
-1.537788E+0
-1.539258E+0
-1.539258E+0
-1.537788E+0
-1.534848E+0
-1.530438E+0
-1.527498E+0
-1.524558E+0
-1.521618E+0
-1.520148E+0
-1.517208E+0
-1.515738E+0
-1.512798E+0
-1.509858E+0
-1.508388E+0
-1.506918E+0
-1.505448E+0
-1.505448E+0
-1.508388E+0
-1.511328E+0
-1.517208E+0
-1.524558E+0
-1.533378E+0
-1.543668E+0
-1.553958E+0
-1.564248E+0
-1.571598E+0
-1.578948E+0
-1.581888E+0
-1.581888E+0
-1.578948E+0
-1.574538E+0
-1.568658E+0
-1.562778E+0
-1.558368E+0
-1.555428E+0
-1.553958E+0
-1.552488E+0
-1.553958E+0
-1.556898E+0
-1.558368E+0
-1.561308E+0
-1.562778E+0
-1.564248E+0
-1.564248E+0
-1.564248E+0
-1.564248E+0
-1.562778E+0
-1.559838E+0
-1.555428E+0
-1.551018E+0
-1.546608E+0
-1.542198E+0
-1.537788E+0
-1.533378E+0
-1.531908E+0
-1.531908E+0
-1.533378E+0
-1.537788E+0
-1.542198E+0
-1.548078E+0
-1.555428E+0
-1.562778E+0
-1.568658E+0
-1.576008E+0
-1.583358E+0
-1.590708E+0
-1.599528E+0
-1.606878E+0
-1.612758E+0
-1.618638E+0
-1.623048E+0
-1.625988E+0
-1.627458E+0
-1.628928E+0
-1.631868E+0
-1.634808E+0
-1.637748E+0
-1.643628E+0
-1.649508E+0
-1.655388E+0
-1.659798E+0
-1.662738E+0
-1.661268E+0
-1.658328E+0
-1.650978E+0
-1.642158E+0
-1.630398E+0
-1.618638E+0
-1.606878E+0
-1.598058E+0
-1.589238E+0
-1.584828E+0
-1.581888E+0
-1.583358E+0
-1.586298E+0
-1.590708E+0
-1.596588E+0
-1.602468E+0
-1.606878E+0
-1.611288E+0
-1.614228E+0
-1.617168E+0
-1.617168E+0
-1.617168E+0
-1.615698E+0
-1.614228E+0
-1.609818E+0
-1.606878E+0
-1.602468E+0
-1.596588E+0
-1.592178E+0
-1.587768E+0
-1.584828E+0
-1.581888E+0
-1.580418E+0
-1.581888E+0
-1.584828E+0
-1.589238E+0
-1.596588E+0
-1.605408E+0
-1.615698E+0
-1.625988E+0
-1.636278E+0
-1.646568E+0
-1.655388E+0
-1.661268E+0
-1.665678E+0
-1.668618E+0
-1.670088E+0
-1.670088E+0
-1.668618E+0
-1.667148E+0
-1.665678E+0
-1.664208E+0
-1.662738E+0
-1.662738E+0
-1.662738E+0
-1.665678E+0
-1.670088E+0
-1.674498E+0
-1.681848E+0
-1.689198E+0
-1.696548E+0
-1.702428E+0
-1.705368E+0
-1.703898E+0
-1.699488E+0
-1.692138E+0
-1.681848E+0
-1.668618E+0
-1.656858E+0
-1.645098E+0
-1.634808E+0
-1.627458E+0
-1.623048E+0
-1.623048E+0
-1.627458E+0
-1.634808E+0
-1.646568E+0
-1.661268E+0
-1.678908E+0
-1.698018E+0
-1.715658E+0
-1.731828E+0
-1.743588E+0
-1.750938E+0
-1.752408E+0
-1.747998E+0
-1.740648E+0
-1.728888E+0
-1.717128E+0
-1.703898E+0
-1.692138E+0
-1.681848E+0
-1.673028E+0
-1.665678E+0
-1.659798E+0
-1.653918E+0
-1.650978E+0
-1.648038E+0
-1.646568E+0
-1.648038E+0
-1.648038E+0
-1.650978E+0
-1.652448E+0
-1.655388E+0
-1.656858E+0
-1.656858E+0
-1.656858E+0
-1.655388E+0
-1.655388E+0
-1.653918E+0
-1.655388E+0
-1.656858E+0
-1.661268E+0
-1.664208E+0
-1.670088E+0
-1.674498E+0
-1.678908E+0
-1.683318E+0
-1.686258E+0
-1.690668E+0
-1.696548E+0
-1.702428E+0
-1.711248E+0
-1.720068E+0
-1.731828E+0
-1.742118E+0
-1.753878E+0
-1.765638E+0
-1.774458E+0
-1.780338E+0
-1.783278E+0
-1.783278E+0
-1.777398E+0
-1.768578E+0
-1.755348E+0
-1.740648E+0
-1.724478E+0
-1.706838E+0
-1.690668E+0
-1.677438E+0
-1.665678E+0
-1.656858E+0
-1.650978E+0
-1.650978E+0
-1.652448E+0
-1.656858E+0
-1.662738E+0
-1.671558E+0
-1.678908E+0
-1.686258E+0
-1.693608E+0
-1.699488E+0
-1.705368E+0
-1.712718E+0
-1.720068E+0
-1.727418E+0
-1.737708E+0
-1.749468E+0
-1.759758E+0
-1.768578E+0
-1.775928E+0
-1.780338E+0
-1.781808E+0
-1.778868E+0
-1.772988E+0
-1.765638E+0
-1.758288E+0
-1.750938E+0
-1.745058E+0
-1.739178E+0
-1.736238E+0
-1.734768E+0
-1.734768E+0
-1.736238E+0
-1.736238E+0
-1.737708E+0
-1.737708E+0
-1.737708E+0
-1.737708E+0
-1.736238E+0
-1.736238E+0
-1.737708E+0
-1.739178E+0
-1.742118E+0
-1.747998E+0
-1.753878E+0
-1.759758E+0
-1.767108E+0
-1.774458E+0
-1.780338E+0
-1.783278E+0
-1.786218E+0
-1.789158E+0
-1.789158E+0
-1.790628E+0
-1.792098E+0
-1.793568E+0
-1.795038E+0
-1.796508E+0
-1.796508E+0
-1.796508E+0
-1.795038E+0
-1.790628E+0
-1.786218E+0
-1.778868E+0
-1.768578E+0
-1.755348E+0
-1.740648E+0
-1.721538E+0
-1.698018E+0
-1.668618E+0
-1.612758E+0
-1.505448E+0
-1.364328E+0
-1.208508E+0
-1.037988E+0
-8.792280E-1
-7.513380E-1
-6.587280E-1
-5.925780E-1
-5.470080E-1
-5.278980E-1
-5.528880E-1
-6.249180E-1
-7.395780E-1
-8.924580E-1
-1.085028E+0
-1.315818E+0
-1.589238E+0
-1.909698E+0
-2.268378E+0
-2.660868E+0
-3.085698E+0
-3.526698E+0
-3.973578E+0
-4.418988E+0
-4.864398E+0
-5.314218E+0
-5.774328E+0
-6.249138E+0
-6.738648E+0
-7.236978E+0
-7.757358E+0
-8.299788E+0
-8.871618E+0
-9.496368E+0
-1.021079E+1
-1.103693E+1
-1.213796E+1
-1.397840E+1
-2.088005E+1
-2.088005E+1
-2.088005E+1
-2.088005E+1
-2.088005E+1
-2.088005E+1
-2.088005E+1
-2.088005E+1
-2.088005E+1
-2.088005E+1
-2.088005E+1
-1.587911E+1
-1.389020E+1
-1.303907E+1
-1.266275E+1
-1.261277E+1
-1.292441E+1
-1.364324E+1
-1.531022E+1
-2.088005E+1
-2.088005E+1
-2.088005E+1
-2.088005E+1
-2.088005E+1
-2.088005E+1
-2.088005E+1
-2.088005E+1
-1.738439E+1
-1.499858E+1
-1.426799E+1
-1.416803E+1
-1.460315E+1
-1.567331E+1
-2.088005E+1
-2.088005E+1
-2.088005E+1
-2.088005E+1
-2.088005E+1
-2.088005E+1
-2.088005E+1
-2.088005E+1
-2.088005E+1
-2.088005E+1
-2.088005E+1
-2.088005E+1
-2.088005E+1
-2.088005E+1
-2.088005E+1
-2.088005E+1
-2.088005E+1
-2.088005E+1
-2.088005E+1
-2.088005E+1
-2.088005E+1
-2.088005E+1
-2.088005E+1
-2.088005E+1
-2.088005E+1
-2.088005E+1
-2.088005E+1
-2.088005E+1
-2.088005E+1
-2.088005E+1
-2.088005E+1
-2.088005E+1
-2.088005E+1
-2.088005E+1
-2.088005E+1
-2.088005E+1
-2.088005E+1
-2.088005E+1
-2.088005E+1
-2.088005E+1
-2.088005E+1
-2.088005E+1
-1.407101E+1
-1.209974E+1
-1.098989E+1
-1.022696E+1
-9.688938E+0
-9.319968E+0
-9.089178E+0
-8.968638E+0
-8.933358E+0
-8.977458E+0
-9.099468E+0
-9.268518E+0
-9.496368E+0
-9.778608E+0
-1.013288E+1
-1.055624E+1
-1.106045E+1
-1.165433E+1
-1.238492E+1
-1.315961E+1
-1.397840E+1
-1.448555E+1
-1.437383E+1
-1.389020E+1
-1.322135E+1
-1.266275E+1
-1.229966E+1
-1.209974E+1
-1.206152E+1
-1.225850E+1
-1.266275E+1
-1.349330E+1
-1.514852E+1
-2.088005E+1
-2.088005E+1
-2.088005E+1
-2.088005E+1
-2.088005E+1
-2.088005E+1
-2.088005E+1
-2.088005E+1
-2.088005E+1
-2.088005E+1
-2.088005E+1
-2.088005E+1
-2.088005E+1
-2.088005E+1
-2.088005E+1
-2.088005E+1
-2.088005E+1
-2.088005E+1
-2.088005E+1
-2.088005E+1
-2.088005E+1
-2.088005E+1
-2.088005E+1
-2.088005E+1
-2.088005E+1
-2.088005E+1
-2.088005E+1
-2.088005E+1
-2.088005E+1
-2.088005E+1
-2.088005E+1
-2.088005E+1
-2.088005E+1
-2.088005E+1
-2.088005E+1
-2.088005E+1
-2.088005E+1
-2.088005E+1
-2.088005E+1
-2.088005E+1
-2.088005E+1
-2.088005E+1
-2.088005E+1
-2.088005E+1
-1.849424E+1
-1.587911E+1
-1.548368E+1
-1.636421E+1
-2.088005E+1
-2.088005E+1
-2.088005E+1
-2.088005E+1
-2.088005E+1
-2.088005E+1
-2.088005E+1
-2.088005E+1
-2.088005E+1
-2.088005E+1
-1.485893E+1
-1.349330E+1
-1.303907E+1
-1.303907E+1
-1.342274E+1
-1.426799E+1
-1.567331E+1
-1.937477E+1
-2.088005E+1
-2.088005E+1
-1.665380E+1
-1.416803E+1
-1.271273E+1
-1.174841E+1
-1.106045E+1
-1.055624E+1
-1.022696E+1
-1.001381E+1
-9.899148E+0
-9.899148E+0
-1.001381E+1
-1.025930E+1
-1.067237E+1
-1.128389E+1
-1.225850E+1
-1.416803E+1
-2.088005E+1
-2.088005E+1
-2.088005E+1
-2.088005E+1
-2.088005E+1
-2.088005E+1
-2.088005E+1
-2.088005E+1
-2.088005E+1
-2.088005E+1
-2.088005E+1
-2.088005E+1
-2.088005E+1
-2.088005E+1
-2.088005E+1
-2.088005E+1
-2.088005E+1
-2.088005E+1
-1.531022E+1
-1.234082E+1
-1.133681E+1
-1.090169E+1
-1.083554E+1
-1.106045E+1
-1.165433E+1
-1.286855E+1
-1.665380E+1
-2.088005E+1
-2.088005E+1
-2.088005E+1
-2.088005E+1
-2.088005E+1
-2.088005E+1
-2.088005E+1
-2.088005E+1
-2.088005E+1
-2.088005E+1
-2.088005E+1
-2.088005E+1
-2.088005E+1
-2.088005E+1
-2.088005E+1
-2.088005E+1
-2.088005E+1
-2.088005E+1
-2.088005E+1
-2.088005E+1
-2.088005E+1
-2.088005E+1
-2.088005E+1
-2.088005E+1
-1.485893E+1
-1.298027E+1
-1.195274E+1
-1.125743E+1
-1.083554E+1
-1.055624E+1
-1.042982E+1
-1.042982E+1
-1.059446E+1
-1.094579E+1
-1.153379E+1
-1.251869E+1
-1.460315E+1
-2.088005E+1
-2.088005E+1
-2.088005E+1
-2.088005E+1
-2.088005E+1
-2.088005E+1
-2.088005E+1
-2.088005E+1
-1.531022E+1
-1.322135E+1
-1.225850E+1
-1.174841E+1
-1.153379E+1
-1.156319E+1
-1.184837E+1
-1.251869E+1
-1.407101E+1
-2.088005E+1
-2.088005E+1
-2.088005E+1
-2.088005E+1
-2.088005E+1
-2.088005E+1
-2.088005E+1
-2.088005E+1
-2.088005E+1
-2.088005E+1
-2.088005E+1
-1.372262E+1
-1.165433E+1
-1.065326E+1
-1.004321E+1
-9.652188E+0
-9.406698E+0
-9.268518E+0
-9.227358E+0
-9.258228E+0
-9.342018E+0
-9.440508E+0
-9.543408E+0
-9.627198E+0
-9.663948E+0
-9.663948E+0
-9.663948E+0
-9.675708E+0
-9.752148E+0
-9.899148E+0
-1.016375E+1
-1.055624E+1
-1.110749E+1
-1.181456E+1
-1.256573E+1
-1.309787E+1
-1.303907E+1
-1.238492E+1
-1.159259E+1
-1.083554E+1
-1.022696E+1
-9.778608E+0
-9.474318E+0
-9.309678E+0
-9.258228E+0
-9.309678E+0
-9.450798E+0
-9.702168E+0
-1.004321E+1
-1.048274E+1
-1.103693E+1
-1.174841E+1
-1.281563E+1
-1.514852E+1
-2.088005E+1
-2.088005E+1
-2.088005E+1
-2.088005E+1
-2.088005E+1
-2.088005E+1
-2.088005E+1
-2.088005E+1
-2.088005E+1
-2.088005E+1
-2.088005E+1
-2.088005E+1
-2.088005E+1
-2.088005E+1
-2.088005E+1
-2.088005E+1
-2.088005E+1
-2.088005E+1
-2.088005E+1
-1.349330E+1
-1.206152E+1
-1.153379E+1
-1.136327E+1
-1.139120E+1
-1.159259E+1
-1.191746E+1
-1.225850E+1
-1.266275E+1
-1.309787E+1
-1.380494E+1
-1.548368E+1
-2.088005E+1
-2.088005E+1
-2.088005E+1
-2.088005E+1
-2.088005E+1
-2.088005E+1
-2.088005E+1
-2.088005E+1
-2.088005E+1
-2.088005E+1
-2.088005E+1
-2.088005E+1
-2.088005E+1
-2.088005E+1
-2.088005E+1
-2.088005E+1
-2.088005E+1
-2.088005E+1
-2.088005E+1
-2.088005E+1
-2.088005E+1
-2.088005E+1
-2.088005E+1
-2.088005E+1
-2.088005E+1
-2.088005E+1
-2.088005E+1
-2.088005E+1
-2.088005E+1
-2.088005E+1
-2.088005E+1
-2.088005E+1
-2.088005E+1
-2.088005E+1
-2.088005E+1
-2.088005E+1
-2.088005E+1
-2.088005E+1
-2.088005E+1
-2.088005E+1
-1.665380E+1
-1.407101E+1
-1.271273E+1
-1.184837E+1
-1.123244E+1
-1.083554E+1
-1.057535E+1
-1.046510E+1
-1.050185E+1
-1.071206E+1
-1.118099E+1
-1.202477E+1
-1.380494E+1
-2.088005E+1
-2.088005E+1
-2.088005E+1
-2.088005E+1
-2.088005E+1
-2.088005E+1
-2.088005E+1
-2.088005E+1
-2.088005E+1
-2.088005E+1
-2.088005E+1
-2.088005E+1
-2.088005E+1
-2.088005E+1
-2.088005E+1
-2.088005E+1
-2.088005E+1
-2.088005E+1
-1.937477E+1
-1.416803E+1
-1.356680E+1
-1.389020E+1
-1.548368E+1
-2.088005E+1
-2.088005E+1
-2.088005E+1
-2.088005E+1
-2.088005E+1
-2.088005E+1
-2.088005E+1
-2.088005E+1
-2.088005E+1
-2.088005E+1
-2.088005E+1
-2.088005E+1
-2.088005E+1
-2.088005E+1
-2.088005E+1
-2.088005E+1
-2.088005E+1
-2.088005E+1
-2.088005E+1
-1.587911E+1
-1.356680E+1
-1.266275E+1
-1.229966E+1
-1.221734E+1
-1.247312E+1
-1.298027E+1
-1.397840E+1
-1.665380E+1
-2.088005E+1
-2.088005E+1
-2.088005E+1
-2.088005E+1
-2.088005E+1
-2.088005E+1
-2.088005E+1
-2.088005E+1
-2.088005E+1
-2.088005E+1
-2.088005E+1
-2.088005E+1
-2.088005E+1
-2.088005E+1
-2.088005E+1
-2.088005E+1
-2.088005E+1
-2.088005E+1
-2.088005E+1
-2.088005E+1
-2.088005E+1
-2.088005E+1
-2.088005E+1
-2.088005E+1
-2.088005E+1
-2.088005E+1
-2.088005E+1
-2.088005E+1
-2.088005E+1
-2.088005E+1
-2.088005E+1
-2.088005E+1
-2.088005E+1
-2.088005E+1
-2.088005E+1
-2.088005E+1
-2.088005E+1
-2.088005E+1
-2.088005E+1
-2.088005E+1
-2.088005E+1
-2.088005E+1
-2.088005E+1
-1.514852E+1
-1.426799E+1
-1.407101E+1
-1.448555E+1
-1.567331E+1
-1.937477E+1
-2.088005E+1
-2.088005E+1
-2.088005E+1
-2.088005E+1
-2.088005E+1
-2.088005E+1
-1.610843E+1
-1.499858E+1
-1.460315E+1
-1.499858E+1
-1.786949E+1
-2.088005E+1
-2.088005E+1
-2.088005E+1
-2.088005E+1
-2.088005E+1
-2.088005E+1
-2.088005E+1
-2.088005E+1
-2.088005E+1
-2.088005E+1
-2.088005E+1
-2.088005E+1
-2.088005E+1
-2.088005E+1
-2.088005E+1
-2.088005E+1
-2.088005E+1
-2.088005E+1
-2.088005E+1
-2.088005E+1
-2.088005E+1
-2.088005E+1
-2.088005E+1
-2.088005E+1
-2.088005E+1
-1.698896E+1
-1.448555E+1
-1.315961E+1
-1.221734E+1
-1.147499E+1
-1.085759E+1
-1.036073E+1
-9.955008E+0
-9.638958E+0
-9.384648E+0
-9.217068E+0
-9.108288E+0
-9.080358E+0
-9.118578E+0
-9.227358E+0
-9.384648E+0
-9.602208E+0
-9.857988E+0
-1.014905E+1
-1.044746E+1
-1.077380E+1
-1.115747E+1
-1.162346E+1
-1.234082E+1
-1.356680E+1
-1.849424E+1
-2.088005E+1
-2.088005E+1
-2.088005E+1
-2.088005E+1
-2.088005E+1
-2.088005E+1
-2.088005E+1
-2.088005E+1
-2.088005E+1
-2.088005E+1
-2.088005E+1
-2.088005E+1
-2.088005E+1
-2.088005E+1
-2.088005E+1
-2.088005E+1
-2.088005E+1
-2.088005E+1
-2.088005E+1
-2.088005E+1
-2.088005E+1
-2.088005E+1
-2.088005E+1
-2.088005E+1
-2.088005E+1
-2.088005E+1
-2.088005E+1
-2.088005E+1
-2.088005E+1
-2.088005E+1
-2.088005E+1
-2.088005E+1
-1.849424E+1
-2.088005E+1
-2.088005E+1
-2.088005E+1
-2.088005E+1
-2.088005E+1
-2.088005E+1
-2.088005E+1
-2.088005E+1
-2.088005E+1
-2.088005E+1
-2.088005E+1
-2.088005E+1
-1.485893E+1
-1.292441E+1
-1.195274E+1
-1.133681E+1
-1.087964E+1
-1.055624E+1
-1.034309E+1
-1.025930E+1
-1.027694E+1
-1.041218E+1
-1.069148E+1
-1.118099E+1
-1.209974E+1
-1.407101E+1
-2.088005E+1
-2.088005E+1
-2.088005E+1
-2.088005E+1
-2.088005E+1
-2.088005E+1
-2.088005E+1
-2.088005E+1
-2.088005E+1
-2.088005E+1
-2.088005E+1
-2.088005E+1
-2.088005E+1
-2.088005E+1
-2.088005E+1
-1.786949E+1
-1.380494E+1
-1.292441E+1
-1.271273E+1
-1.292441E+1
-1.349330E+1
-1.437383E+1
-1.548368E+1
-1.587911E+1
-1.514852E+1
-1.407101E+1
-1.322135E+1
-1.261277E+1
-1.238492E+1
-1.261277E+1
-1.380494E+1
-2.088005E+1
-2.088005E+1
-2.088005E+1
-2.088005E+1
-2.088005E+1
-2.088005E+1
-2.088005E+1
-2.088005E+1
-2.088005E+1
-2.088005E+1
-2.088005E+1
-2.088005E+1
-2.088005E+1
-2.088005E+1
-1.567331E+1
-1.328750E+1
-1.251869E+1
-1.217765E+1
-1.209974E+1
-1.221734E+1
-1.247312E+1
-1.292441E+1
-1.372262E+1
-1.514852E+1
-2.088005E+1
-2.088005E+1
-2.088005E+1
-2.088005E+1
-2.088005E+1
-2.088005E+1
-2.088005E+1
-2.088005E+1
-2.088005E+1
-2.088005E+1
-2.088005E+1
-2.088005E+1
-2.088005E+1
-2.088005E+1
-1.548368E+1
-1.247312E+1
-1.144706E+1
-1.101341E+1
-1.094579E+1
-1.120745E+1
-1.188218E+1
-1.342274E+1
-2.088005E+1
-2.088005E+1
-2.088005E+1
-2.088005E+1
-2.088005E+1
-2.088005E+1
-2.088005E+1
-2.088005E+1
-2.088005E+1
-2.088005E+1
-2.088005E+1
-2.088005E+1
-2.088005E+1
-2.088005E+1
-2.088005E+1
-2.088005E+1
-2.088005E+1
-2.088005E+1
-2.088005E+1
-2.088005E+1
-2.088005E+1
-2.088005E+1
-2.088005E+1
-2.088005E+1
-2.088005E+1
-2.088005E+1
-2.088005E+1
-2.088005E+1
-2.088005E+1
-2.088005E+1
-2.088005E+1
-2.088005E+1
-2.088005E+1
-2.088005E+1
-2.088005E+1
-2.088005E+1
-2.088005E+1
-2.088005E+1
-2.088005E+1
-2.088005E+1
-2.088005E+1
-2.088005E+1
-2.088005E+1
-2.088005E+1
-2.088005E+1
-1.786949E+1
-1.548368E+1
-1.485893E+1
-1.499858E+1
-1.636421E+1
-2.088005E+1
-2.088005E+1
-2.088005E+1
-2.088005E+1
-2.088005E+1
-2.088005E+1
-2.088005E+1
-2.088005E+1
-2.088005E+1
-2.088005E+1
-2.088005E+1
-2.088005E+1
-2.088005E+1
-2.088005E+1
-2.088005E+1
-2.088005E+1
-2.088005E+1
-2.088005E+1
-2.088005E+1
-2.088005E+1
-2.088005E+1
-2.088005E+1
-2.088005E+1
-2.088005E+1
-2.088005E+1
-2.088005E+1
-2.088005E+1
-2.088005E+1
-2.088005E+1
-2.088005E+1
-2.088005E+1
-2.088005E+1
-2.088005E+1
-2.088005E+1
-2.088005E+1
-2.088005E+1
-2.088005E+1
-2.088005E+1
-2.088005E+1
-2.088005E+1
-1.636421E+1
-1.315961E+1
-1.188218E+1
-1.115747E+1
-1.069148E+1
-1.042982E+1
-1.032692E+1
-1.032692E+1
-1.046510E+1
-1.073264E+1
-1.110749E+1
-1.162346E+1
-1.229966E+1
-1.315961E+1
-1.416803E+1
-1.531022E+1
-1.610843E+1
-1.636421E+1
-1.587911E+1
-1.514852E+1
-1.437383E+1
-1.380494E+1
-1.356680E+1
-1.364324E+1
-1.397840E+1
-1.499858E+1
-1.937477E+1
-2.088005E+1
-2.088005E+1
-2.088005E+1
-2.088005E+1
-2.088005E+1
-2.088005E+1
-2.088005E+1
-2.088005E+1
-2.088005E+1
-2.088005E+1
-2.088005E+1
-2.088005E+1
-2.088005E+1
-2.088005E+1
-2.088005E+1
-2.088005E+1
-2.088005E+1
-1.322135E+1
-1.188218E+1
-1.125743E+1
-1.092374E+1
-1.079438E+1
-1.075322E+1
-1.079438E+1
-1.081496E+1
-1.079438E+1
-1.071206E+1
-1.057535E+1
-1.036073E+1
-1.013288E+1
-9.913848E+0
-9.738918E+0
-9.615438E+0
-9.543408E+0
-9.555168E+0
-9.652188E+0
-9.857988E+0
-1.019609E+1
-1.067237E+1
-1.136327E+1
-1.234082E+1
-1.380494E+1
-1.665380E+1
-2.088005E+1
-2.088005E+1
-2.088005E+1
-1.636421E+1
-1.380494E+1
-1.251869E+1
-1.165433E+1
-1.103693E+1
-1.055624E+1
-1.019609E+1
-9.899148E+0
-9.688938E+0
-9.519888E+0
-9.396408E+0
-9.319968E+0
-9.299388E+0
-9.342018E+0
-9.450798E+0
-9.652188E+0
-9.969708E+0
-1.044746E+1
-1.115747E+1
-1.229966E+1
-1.485893E+1
-2.088005E+1
-2.088005E+1
-2.088005E+1
-2.088005E+1
-2.088005E+1
-2.088005E+1
-2.088005E+1
-2.088005E+1
-1.937477E+1
-1.380494E+1
-1.266275E+1
-1.217765E+1
-1.221734E+1
-1.271273E+1
-1.426799E+1
-2.088005E+1
-2.088005E+1
-2.088005E+1
-2.088005E+1
-2.088005E+1
-2.088005E+1
-2.088005E+1
-2.088005E+1
-2.088005E+1
-2.088005E+1
-2.088005E+1
-2.088005E+1
-2.088005E+1
-2.088005E+1
-2.088005E+1
-1.636421E+1
-1.372262E+1
-1.281563E+1
-1.238492E+1
-1.225850E+1
-1.225850E+1
-1.242902E+1
-1.256573E+1
-1.266275E+1
-1.251869E+1
-1.213796E+1
-1.162346E+1
-1.113248E+1
-1.067237E+1
-1.030928E+1
-1.005791E+1
-9.899148E+0
-9.831528E+0
-9.831528E+0
-9.885918E+0
-9.955008E+0
-1.004321E+1
-1.011818E+1
-1.017992E+1
-1.021079E+1
-1.022696E+1
-1.029311E+1
-1.039454E+1
-1.059446E+1
-1.092374E+1
-1.147499E+1
-1.242902E+1
-1.460315E+1
-2.088005E+1
-2.088005E+1
-2.088005E+1
-2.088005E+1
-2.088005E+1
-2.088005E+1
-2.088005E+1
-2.088005E+1
-2.088005E+1
-2.088005E+1
-2.088005E+1
-2.088005E+1
-2.088005E+1
-2.088005E+1
-1.937477E+1
-1.636421E+1
-1.567331E+1
-1.567331E+1
-1.610843E+1
-1.665380E+1
-1.636421E+1
-1.548368E+1
-1.426799E+1
-1.328750E+1
-1.242902E+1
-1.181456E+1
-1.139120E+1
-1.115747E+1
-1.115747E+1
-1.139120E+1
-1.195274E+1
-1.309787E+1
-1.610843E+1
-2.088005E+1
-2.088005E+1
-2.088005E+1
-2.088005E+1
-2.088005E+1
-2.088005E+1
-2.088005E+1
-2.088005E+1
-1.499858E+1
-1.349330E+1
-1.292441E+1
-1.286855E+1
-1.315961E+1
-1.407101E+1
-1.738439E+1
-2.088005E+1
-2.088005E+1
-2.088005E+1
-2.088005E+1
-2.088005E+1
-2.088005E+1
-2.088005E+1
-2.088005E+1
-1.698896E+1
-1.315961E+1
-1.202477E+1
-1.153379E+1
-1.139120E+1
-1.150439E+1
-1.195274E+1
-1.276271E+1
-1.426799E+1
-1.786949E+1
-2.088005E+1
-2.088005E+1
-1.937477E+1
-1.437383E+1
-1.266275E+1
-1.162346E+1
-1.096784E+1
-1.055624E+1
-1.036073E+1
-1.034309E+1
-1.053860E+1
-1.096784E+1
-1.174841E+1
-1.328750E+1
-2.088005E+1
-2.088005E+1
-2.088005E+1
-2.088005E+1
-2.088005E+1
-2.088005E+1
-2.088005E+1
-2.088005E+1
-2.088005E+1
-2.088005E+1
-2.088005E+1
-2.088005E+1
-2.088005E+1
-2.088005E+1
-2.088005E+1
-2.088005E+1
-2.088005E+1
-2.088005E+1
-2.088005E+1
-2.088005E+1
-2.088005E+1
-2.088005E+1
-2.088005E+1
-2.088005E+1
-2.088005E+1
-2.088005E+1
-2.088005E+1
-2.088005E+1
-2.088005E+1
-2.088005E+1
-2.088005E+1
-2.088005E+1
-2.088005E+1
-2.088005E+1
-2.088005E+1
-2.088005E+1
-1.364324E+1
-1.159259E+1
-1.063268E+1
-1.005791E+1
-9.713928E+0
-9.531648E+0
-9.450798E+0
-9.474318E+0
-9.555168E+0
-9.713928E+0
-9.955008E+0
-1.029311E+1
-1.073264E+1
-1.133681E+1
-1.213796E+1
-1.342274E+1
-1.587911E+1
-2.088005E+1
-2.088005E+1
-2.088005E+1
-2.088005E+1
-2.088005E+1
-1.485893E+1
-1.303907E+1
-1.198802E+1
-1.125743E+1
-1.077380E+1
-1.042982E+1
-1.021079E+1
-1.008731E+1
-1.005791E+1
-1.014905E+1
-1.034309E+1
-1.067237E+1
-1.115747E+1
-1.188218E+1
-1.309787E+1
-1.636421E+1
-2.088005E+1
-2.088005E+1
-2.088005E+1
-2.088005E+1
-2.088005E+1
-2.088005E+1
-2.088005E+1
-2.088005E+1
-2.088005E+1
-2.088005E+1
-2.088005E+1
-2.088005E+1
-2.088005E+1
-2.088005E+1
-2.088005E+1
-2.088005E+1
-2.088005E+1
-2.088005E+1
-2.088005E+1
-2.088005E+1
-2.088005E+1
-2.088005E+1
-2.088005E+1
-2.088005E+1
-2.088005E+1
-2.088005E+1
-2.088005E+1
-2.088005E+1
-2.088005E+1
-1.786949E+1
-1.426799E+1
-1.335365E+1
-1.322135E+1
-1.356680E+1
-1.472663E+1
-2.088005E+1
-2.088005E+1
-2.088005E+1
-2.088005E+1
-2.088005E+1
-2.088005E+1
-2.088005E+1
-2.088005E+1
-2.088005E+1
-2.088005E+1
-2.088005E+1
-2.088005E+1
-2.088005E+1
-2.088005E+1
-2.088005E+1
-2.088005E+1
-2.088005E+1
-2.088005E+1
-2.088005E+1
-2.088005E+1
-2.088005E+1
-2.088005E+1
-2.088005E+1
-2.088005E+1
-2.088005E+1
-2.088005E+1
-2.088005E+1
-2.088005E+1
-2.088005E+1
-2.088005E+1
-2.088005E+1
-2.088005E+1
-2.088005E+1
-2.088005E+1
-2.088005E+1
-2.088005E+1
-1.587911E+1
-1.485893E+1
-1.499858E+1
-1.610843E+1
-2.088005E+1
-2.088005E+1
-2.088005E+1
-2.088005E+1
-2.088005E+1
-2.088005E+1
-2.088005E+1
-2.088005E+1
-2.088005E+1
-2.088005E+1
-1.786949E+1
-1.636421E+1
-1.548368E+1
-1.460315E+1
-1.380494E+1
-1.303907E+1
-1.238492E+1
-1.184837E+1
-1.141913E+1
-1.106045E+1
-1.081496E+1
-1.067237E+1
-1.065326E+1
-1.077380E+1
-1.106045E+1
-1.159259E+1
-1.261277E+1
-1.548368E+1
-2.088005E+1
-2.088005E+1
-2.088005E+1
-2.088005E+1
-2.088005E+1
-2.088005E+1
-2.088005E+1
-2.088005E+1
-2.088005E+1
-2.088005E+1
-2.088005E+1
-2.088005E+1
-2.088005E+1
-2.088005E+1
-2.088005E+1
-2.088005E+1
-2.088005E+1
-2.088005E+1
-2.088005E+1
-2.088005E+1
-2.088005E+1
-2.088005E+1
-2.088005E+1
-2.088005E+1
-2.088005E+1
-1.587911E+1
-1.437383E+1
-1.389020E+1
-1.380494E+1
-1.397840E+1
-1.437383E+1
-1.514852E+1
-1.610843E+1
-1.738439E+1
-2.088005E+1
-2.088005E+1
-2.088005E+1
-2.088005E+1
-2.088005E+1
-2.088005E+1
-2.088005E+1
-2.088005E+1
-2.088005E+1
-2.088005E+1
-2.088005E+1
-2.088005E+1
-2.088005E+1
-2.088005E+1
-2.088005E+1
-2.088005E+1
-2.088005E+1
-2.088005E+1
-2.088005E+1
-2.088005E+1
-2.088005E+1
-2.088005E+1
-2.088005E+1
-2.088005E+1
-2.088005E+1
-2.088005E+1
-2.088005E+1
-2.088005E+1
-2.088005E+1
-2.088005E+1
-2.088005E+1
-2.088005E+1
-2.088005E+1
-2.088005E+1
-2.088005E+1
-2.088005E+1
-2.088005E+1
-2.088005E+1
-2.088005E+1
-2.088005E+1
-2.088005E+1
-2.088005E+1
-2.088005E+1
-2.088005E+1
-2.088005E+1
-2.088005E+1
-2.088005E+1
-2.088005E+1
-2.088005E+1
-2.088005E+1
-2.088005E+1
-2.088005E+1
-2.088005E+1
-2.088005E+1
-2.088005E+1
-2.088005E+1
-2.088005E+1
-2.088005E+1
-2.088005E+1
-2.088005E+1
-2.088005E+1
-1.698896E+1
-1.407101E+1
-1.303907E+1
-1.251869E+1
-1.217765E+1
-1.191746E+1
-1.174841E+1
-1.159259E+1
-1.141913E+1
-1.120745E+1
-1.092374E+1
-1.059446E+1
-1.029311E+1
-1.001381E+1
-9.778608E+0
-9.627198E+0
-9.566928E+0
-9.615438E+0
-9.765378E+0
-1.007261E+1
-1.057535E+1
-1.139120E+1
-1.286855E+1
-2.088005E+1
-2.088005E+1
-2.088005E+1
-2.088005E+1
-2.088005E+1
-2.088005E+1
-2.088005E+1
-2.088005E+1
-2.088005E+1
-2.088005E+1
-2.088005E+1
-2.088005E+1
-2.088005E+1
-2.088005E+1
-2.088005E+1
-2.088005E+1
-2.088005E+1
-2.088005E+1
-1.665380E+1
-1.397840E+1
-1.261277E+1
-1.168520E+1
-1.101341E+1
-1.055624E+1
-1.022696E+1
-1.001381E+1
-9.899148E+0
-9.857988E+0
-9.899148E+0
-9.999108E+0
-1.016375E+1
-1.039454E+1
-1.073264E+1
-1.125743E+1
-1.206152E+1
-1.364324E+1
-2.088005E+1
-2.088005E+1
-2.088005E+1
-2.088005E+1
-2.088005E+1
-2.088005E+1
-2.088005E+1
-2.088005E+1
-2.088005E+1
-2.088005E+1
-2.088005E+1
-2.088005E+1
-2.088005E+1
-1.448555E+1
-1.286855E+1
-1.229966E+1
-1.217765E+1
-1.242902E+1
-1.328750E+1
-1.587911E+1
-2.088005E+1
-2.088005E+1
-2.088005E+1
-2.088005E+1
-2.088005E+1
-2.088005E+1
-2.088005E+1
-2.088005E+1
-2.088005E+1
-2.088005E+1
-1.472663E+1
-1.342274E+1
-1.286855E+1
-1.276271E+1
-1.286855E+1
-1.328750E+1
-1.407101E+1
-1.610843E+1
-2.088005E+1
-2.088005E+1
-2.088005E+1
-2.088005E+1
-2.088005E+1
-2.088005E+1
-2.088005E+1
-2.088005E+1
-2.088005E+1
-2.088005E+1
-2.088005E+1
-2.088005E+1
-2.088005E+1
-2.088005E+1
-2.088005E+1
-2.088005E+1
-2.088005E+1
-1.738439E+1
-1.531022E+1
-1.460315E+1
-1.437383E+1
-1.448555E+1
-1.499858E+1
-1.636421E+1
-2.088005E+1
-2.088005E+1
-2.088005E+1
-2.088005E+1
-2.088005E+1
-2.088005E+1
-2.088005E+1
-2.088005E+1
-2.088005E+1
-2.088005E+1
-2.088005E+1
-2.088005E+1
-2.088005E+1
-2.088005E+1
-2.088005E+1
-2.088005E+1
-2.088005E+1
-2.088005E+1
-2.088005E+1
-2.088005E+1
-2.088005E+1
-2.088005E+1
-2.088005E+1
-2.088005E+1
-2.088005E+1
-2.088005E+1
-2.088005E+1
-2.088005E+1
-2.088005E+1
-2.088005E+1
-1.448555E+1
-1.266275E+1
-1.162346E+1
-1.092374E+1
-1.044746E+1
-1.010201E+1
-9.885918E+0
-9.791838E+0
-9.805068E+0
-9.913848E+0
-1.010201E+1
-1.036073E+1
-1.071206E+1
-1.110749E+1
-1.162346E+1
-1.217765E+1
-1.292441E+1
-1.389020E+1
-1.531022E+1
-2.088005E+1
-2.088005E+1
-2.088005E+1
-2.088005E+1
-2.088005E+1
-2.088005E+1
-2.088005E+1
-2.088005E+1
-2.088005E+1
-2.088005E+1
-2.088005E+1
-2.088005E+1
-2.088005E+1
-2.088005E+1
-2.088005E+1
-2.088005E+1
-2.088005E+1
-2.088005E+1
-2.088005E+1
-2.088005E+1
-2.088005E+1
-2.088005E+1
-2.088005E+1
-2.088005E+1
-2.088005E+1
-2.088005E+1
-2.088005E+1
-2.088005E+1
-2.088005E+1
-2.088005E+1
-2.088005E+1
-2.088005E+1
-2.088005E+1
-2.088005E+1
-2.088005E+1
-2.088005E+1
-2.088005E+1
-2.088005E+1
-2.088005E+1
-2.088005E+1
-2.088005E+1
-2.088005E+1
-2.088005E+1
-2.088005E+1
-2.088005E+1
-2.088005E+1
-2.088005E+1
-2.088005E+1
-2.088005E+1
-2.088005E+1
-2.088005E+1
-2.088005E+1
-2.088005E+1
-2.088005E+1
-2.088005E+1
-2.088005E+1
-2.088005E+1
-2.088005E+1
-2.088005E+1
-2.088005E+1
-2.088005E+1
-2.088005E+1
-2.088005E+1
-2.088005E+1
-2.088005E+1
-2.088005E+1
-2.088005E+1
-2.088005E+1
-2.088005E+1
-2.088005E+1
-2.088005E+1
-2.088005E+1
-2.088005E+1
-2.088005E+1
-2.088005E+1
-2.088005E+1
-2.088005E+1
-2.088005E+1
-2.088005E+1
-2.088005E+1
-2.088005E+1
-2.088005E+1
-2.088005E+1
-2.088005E+1
-2.088005E+1
-2.088005E+1
-2.088005E+1
-2.088005E+1
-2.088005E+1
-2.088005E+1
-1.309787E+1
-1.150439E+1
-1.073264E+1
-1.030928E+1
-1.010201E+1
-1.007261E+1
-1.019609E+1
-1.050185E+1
-1.106045E+1
-1.206152E+1
-1.437383E+1
-2.088005E+1
-2.088005E+1
-2.088005E+1
-2.088005E+1
-2.088005E+1
-2.088005E+1
-2.088005E+1
-2.088005E+1
-2.088005E+1
-2.088005E+1
-2.088005E+1
-2.088005E+1
-2.088005E+1
-1.426799E+1
-1.281563E+1
-1.234082E+1
-1.234082E+1
-1.281563E+1
-1.380494E+1
-1.665380E+1
-2.088005E+1
-2.088005E+1
-2.088005E+1
-2.088005E+1
-2.088005E+1
-2.088005E+1
-2.088005E+1
-1.587911E+1
-1.364324E+1
-1.261277E+1
-1.202477E+1
-1.168520E+1
-1.150439E+1
-1.144706E+1
-1.150439E+1
-1.165433E+1
-1.191746E+1
-1.229966E+1
-1.298027E+1
-1.426799E+1
-1.937477E+1
-2.088005E+1
-2.088005E+1
-2.088005E+1
-2.088005E+1
-2.088005E+1
-2.088005E+1
-2.088005E+1
-2.088005E+1
-2.088005E+1
-2.088005E+1
-2.088005E+1
-2.088005E+1
-2.088005E+1
-2.088005E+1
-2.088005E+1
-2.088005E+1
-2.088005E+1
-2.088005E+1
-2.088005E+1
-2.088005E+1
-2.088005E+1
-2.088005E+1
-2.088005E+1
-1.636421E+1
-1.460315E+1
-1.380494E+1
-1.315961E+1
-1.276271E+1
-1.247312E+1
-1.221734E+1
-1.206152E+1
-1.198802E+1
-1.202477E+1
-1.209974E+1
-1.225850E+1
-1.247312E+1
-1.271273E+1
-1.303907E+1
-1.335365E+1
-1.380494E+1
-1.437383E+1
-1.548368E+1
-1.849424E+1
-2.088005E+1
-2.088005E+1
-2.088005E+1
-2.088005E+1
-2.088005E+1
-2.088005E+1
-2.088005E+1
-2.088005E+1
-2.088005E+1
-2.088005E+1
-2.088005E+1
-2.088005E+1
-2.088005E+1
-2.088005E+1
-2.088005E+1
-2.088005E+1
-2.088005E+1
-2.088005E+1
-2.088005E+1
-2.088005E+1
-2.088005E+1
-2.088005E+1
-2.088005E+1
-2.088005E+1
-2.088005E+1
-2.088005E+1
-2.088005E+1
-2.088005E+1
-2.088005E+1
-2.088005E+1
-2.088005E+1
-2.088005E+1
-2.088005E+1
-2.088005E+1
-2.088005E+1
-2.088005E+1
-2.088005E+1
-2.088005E+1
-2.088005E+1
-2.088005E+1
-2.088005E+1
-1.448555E+1
-1.261277E+1
-1.178222E+1
-1.125743E+1
-1.090169E+1
-1.059446E+1
-1.034309E+1
-1.010201E+1
-9.899148E+0
-9.713928E+0
-9.578688E+0
-9.519888E+0
-9.566928E+0
-9.738918E+0
-1.008731E+1
-1.067237E+1
-1.171607E+1
-1.407101E+1
-2.088005E+1
-2.088005E+1
-2.088005E+1
-2.088005E+1
-2.088005E+1
-2.088005E+1
-2.088005E+1
-2.088005E+1
-2.088005E+1
-2.088005E+1
-2.088005E+1
-2.088005E+1
-2.088005E+1
-2.088005E+1
-2.088005E+1
-2.088005E+1
-2.088005E+1
-2.088005E+1
-2.088005E+1
-2.088005E+1
-2.088005E+1
-2.088005E+1
-2.088005E+1
-1.407101E+1
-1.181456E+1
-1.096784E+1
-1.055624E+1
-1.041218E+1
-1.046510E+1
-1.065326E+1
-1.098989E+1
-1.141913E+1
-1.195274E+1
-1.256573E+1
-1.335365E+1
-1.437383E+1
-1.610843E+1
-2.088005E+1
-2.088005E+1
-2.088005E+1
-2.088005E+1
-2.088005E+1
-2.088005E+1
-2.088005E+1
-2.088005E+1
-2.088005E+1
-2.088005E+1
-2.088005E+1
-2.088005E+1
-2.088005E+1
-2.088005E+1
-2.088005E+1
-2.088005E+1
-2.088005E+1
-2.088005E+1
-2.088005E+1
-2.088005E+1
-2.088005E+1
-2.088005E+1
-2.088005E+1
-2.088005E+1
-2.088005E+1
-2.088005E+1
-2.088005E+1
-2.088005E+1
-2.088005E+1
-2.088005E+1
-2.088005E+1
-2.088005E+1
-2.088005E+1
-2.088005E+1
-2.088005E+1
-2.088005E+1
-2.088005E+1
-2.088005E+1
-2.088005E+1
-2.088005E+1
-2.088005E+1
-2.088005E+1
-2.088005E+1
-1.548368E+1
-1.416803E+1
-1.328750E+1
-1.261277E+1
-1.206152E+1
-1.165433E+1
-1.136327E+1
-1.125743E+1
-1.133681E+1
-1.165433E+1
-1.238492E+1
-1.397840E+1
-2.088005E+1
-2.088005E+1
-2.088005E+1
-2.088005E+1
-2.088005E+1
-2.088005E+1
-2.088005E+1
-2.088005E+1
-2.088005E+1
-2.088005E+1
-2.088005E+1
-2.088005E+1
-2.088005E+1
-2.088005E+1
-2.088005E+1
-2.088005E+1
-2.088005E+1
-2.088005E+1
-2.088005E+1
-2.088005E+1
-2.088005E+1
-2.088005E+1
-2.088005E+1
-2.088005E+1
-2.088005E+1
-2.088005E+1
-2.088005E+1
-2.088005E+1
-2.088005E+1
-2.088005E+1
-2.088005E+1
-2.088005E+1
-1.548368E+1
-1.247312E+1
-1.147499E+1
-1.098989E+1
-1.081496E+1
-1.085759E+1
-1.108397E+1
-1.147499E+1
-1.209974E+1
-1.303907E+1
-1.437383E+1
-1.698896E+1
-2.088005E+1
-2.088005E+1
-2.088005E+1
-2.088005E+1
-1.514852E+1
-1.335365E+1
-1.221734E+1
-1.136327E+1
-1.067237E+1
-1.011818E+1
-9.675708E+0
-9.299388E+0
-8.996568E+0
-8.754018E+0
-8.567328E+0
-8.436498E+0
-8.346828E+0
-8.299788E+0
-8.299788E+0
-8.346828E+0
-8.436498E+0
-8.559978E+0
-8.714328E+0
-8.915718E+0
-9.147978E+0
-9.406698E+0
-9.688938E+0
-9.969708E+0
-1.021079E+1
-1.041218E+1
-1.051949E+1
-1.053860E+1
-1.044746E+1
-1.029311E+1
-1.008731E+1
-9.885918E+0
-9.702168E+0
-9.531648E+0
-9.418458E+0
-9.352308E+0
-9.352308E+0
-9.418458E+0
-9.543408E+0
-9.752148E+0
-1.001381E+1
-1.029311E+1
-1.053860E+1
-1.071206E+1
-1.077380E+1
-1.071206E+1
-1.057535E+1
-1.039454E+1
-1.025930E+1
-1.019609E+1
-1.022696E+1
-1.034309E+1
-1.053860E+1
-1.077380E+1
-1.101341E+1
-1.118099E+1
-1.120745E+1
-1.110749E+1
-1.096784E+1
-1.085759E+1
-1.079438E+1
-1.087964E+1
-1.115747E+1
-1.178222E+1
-1.303907E+1
-1.849424E+1
-2.088005E+1
-2.088005E+1
-2.088005E+1
-2.088005E+1
-2.088005E+1
-2.088005E+1
-2.088005E+1
-2.088005E+1
-2.088005E+1
-2.088005E+1
-2.088005E+1
