Date/Time	2022-06-02 12:43:48
Line location	3
Line name	C1
OTDR wavelength [nm]	1625
OTDR pulse duration [ns]	2
OTDR scan time [s]	10
OTDR scan length [m]	1.500000E+2
Length offset [m]	0.000000E+0
Length increment [m]	3.996806E-2
Switch ID	VIAVI Solutions,OTU 8000E,11654,FO,16.76
OTDR ID	JDSU,OTU 8000E,11654,OTU(SmartOTU),V7.22

Reflected amplitude [dB]
1.169422E+0
1.106212E+0
1.043002E+0
9.871420E-1
9.430420E-1
9.254020E-1
9.695020E-1
1.088572E+0
1.266442E+0
1.486942E+0
1.729492E+0
1.963222E+0
2.154322E+0
2.298382E+0
2.402752E+0
2.474782E+0
2.515942E+0
2.524762E+0
2.505652E+0
2.457142E+0
2.377762E+0
2.257222E+0
2.096992E+0
1.920592E+0
1.758892E+0
1.606012E+0
1.434022E+0
1.231162E+0
1.022422E+0
8.313220E-1
6.652120E-1
5.270320E-1
4.109020E-1
3.124120E-1
2.300920E-1
1.610020E-1
1.007320E-1
5.222200E-2
1.400200E-2
-1.539800E-2
-3.744800E-2
-5.214800E-2
-6.243800E-2
-6.831800E-2
-7.419800E-2
-7.860800E-2
-8.301800E-2
-9.036800E-2
-9.624800E-2
-1.050680E-1
-1.124180E-1
-1.212380E-1
-1.300580E-1
-1.388780E-1
-1.476980E-1
-1.565180E-1
-1.682780E-1
-1.829780E-1
-1.991480E-1
-2.197280E-1
-2.432480E-1
-2.697080E-1
-2.976380E-1
-3.270380E-1
-3.549680E-1
-3.799580E-1
-4.005380E-1
-4.152380E-1
-4.225880E-1
-4.225880E-1
-4.122980E-1
-3.946580E-1
-3.696680E-1
-3.387980E-1
-3.049880E-1
-2.697080E-1
-2.373680E-1
-2.079680E-1
-1.844480E-1
-1.682780E-1
-1.579880E-1
-1.550480E-1
-1.594580E-1
-1.697480E-1
-1.844480E-1
-2.035580E-1
-2.226680E-1
-2.447180E-1
-2.667680E-1
-2.888180E-1
-3.123380E-1
-3.343880E-1
-3.564380E-1
-3.784880E-1
-4.005380E-1
-4.225880E-1
-4.446380E-1
-4.652180E-1
-4.857980E-1
-5.034380E-1
-5.196080E-1
-5.343080E-1
-5.460680E-1
-5.563580E-1
-5.651780E-1
-5.739980E-1
-5.828180E-1
-5.916380E-1
-6.004580E-1
-6.107480E-1
-6.210380E-1
-6.313280E-1
-6.386780E-1
-6.430880E-1
-6.460280E-1
-6.445580E-1
-6.416180E-1
-6.372080E-1
-6.298580E-1
-6.239780E-1
-6.166280E-1
-6.136880E-1
-6.107480E-1
-6.107480E-1
-6.122180E-1
-6.151580E-1
-6.195680E-1
-6.225080E-1
-6.254480E-1
-6.254480E-1
-6.239780E-1
-6.210380E-1
-6.180980E-1
-6.136880E-1
-6.107480E-1
-6.092780E-1
-6.107480E-1
-6.136880E-1
-6.195680E-1
-6.283880E-1
-6.357380E-1
-6.416180E-1
-6.416180E-1
-6.357380E-1
-6.225080E-1
-5.989880E-1
-5.710580E-1
-5.372480E-1
-4.887380E-1
-4.122980E-1
-3.108680E-1
-1.932680E-1
-8.007800E-2
1.841200E-2
9.485200E-2
1.551220E-1
1.992220E-1
2.300920E-1
2.492020E-1
2.565520E-1
2.536120E-1
2.403820E-1
2.198020E-1
1.918720E-1
1.565920E-1
1.169020E-1
7.280200E-2
2.576200E-2
-2.421800E-2
-7.419800E-2
-1.256480E-1
-1.741580E-1
-2.211980E-1
-2.652980E-1
-3.035180E-1
-3.373280E-1
-3.652580E-1
-3.843680E-1
-3.975980E-1
-4.034780E-1
-4.034780E-1
-3.990680E-1
-3.917180E-1
-3.828980E-1
-3.755480E-1
-3.696680E-1
-3.681980E-1
-3.696680E-1
-3.740780E-1
-3.828980E-1
-3.931880E-1
-4.049480E-1
-4.152380E-1
-4.255280E-1
-4.343480E-1
-4.416980E-1
-4.475780E-1
-4.519880E-1
-4.563980E-1
-4.593380E-1
-4.637480E-1
-4.666880E-1
-4.710980E-1
-4.755080E-1
-4.799180E-1
-4.828580E-1
-4.872680E-1
-4.902080E-1
-4.902080E-1
-4.887380E-1
-4.857980E-1
-4.799180E-1
-4.710980E-1
-4.593380E-1
-4.475780E-1
-4.343480E-1
-4.211180E-1
-4.093580E-1
-3.990680E-1
-3.902480E-1
-3.843680E-1
-3.784880E-1
-3.755480E-1
-3.711380E-1
-3.681980E-1
-3.652580E-1
-3.637880E-1
-3.623180E-1
-3.608480E-1
-3.608480E-1
-3.608480E-1
-3.623180E-1
-3.667280E-1
-3.711380E-1
-3.770180E-1
-3.858380E-1
-3.946580E-1
-4.049480E-1
-4.152380E-1
-4.269980E-1
-4.372880E-1
-4.461080E-1
-4.534580E-1
-4.593380E-1
-4.622780E-1
-4.622780E-1
-4.593380E-1
-4.549280E-1
-4.490480E-1
-4.416980E-1
-4.343480E-1
-4.284680E-1
-4.255280E-1
-4.225880E-1
-4.225880E-1
-4.225880E-1
-4.240580E-1
-4.255280E-1
-4.269980E-1
-4.269980E-1
-4.269980E-1
-4.255280E-1
-4.255280E-1
-4.255280E-1
-4.269980E-1
-4.314080E-1
-4.372880E-1
-4.461080E-1
-4.563980E-1
-4.666880E-1
-4.755080E-1
-4.843280E-1
-4.887380E-1
-4.916780E-1
-4.902080E-1
-4.872680E-1
-4.799180E-1
-4.740380E-1
-4.666880E-1
-4.608080E-1
-4.578680E-1
-4.563980E-1
-4.578680E-1
-4.608080E-1
-4.652180E-1
-4.696280E-1
-4.755080E-1
-4.799180E-1
-4.843280E-1
-4.857980E-1
-4.872680E-1
-4.872680E-1
-4.872680E-1
-4.857980E-1
-4.828580E-1
-4.813880E-1
-4.813880E-1
-4.828580E-1
-4.872680E-1
-4.931480E-1
-4.990280E-1
-5.049080E-1
-5.107880E-1
-5.137280E-1
-5.122580E-1
-5.093180E-1
-5.034380E-1
-4.946180E-1
-4.857980E-1
-4.784480E-1
-4.725680E-1
-4.681580E-1
-4.681580E-1
-4.710980E-1
-4.755080E-1
-4.813880E-1
-4.887380E-1
-4.931480E-1
-4.960880E-1
-4.975580E-1
-4.990280E-1
-4.975580E-1
-4.960880E-1
-4.960880E-1
-4.975580E-1
-5.004980E-1
-5.049080E-1
-5.122580E-1
-5.181380E-1
-5.254880E-1
-5.328380E-1
-5.372480E-1
-5.416580E-1
-5.460680E-1
-5.475380E-1
-5.490080E-1
-5.475380E-1
-5.460680E-1
-5.401880E-1
-5.328380E-1
-5.210780E-1
-5.078480E-1
-4.931480E-1
-4.769780E-1
-4.593380E-1
-4.431680E-1
-4.269980E-1
-4.122980E-1
-4.005380E-1
-3.917180E-1
-3.858380E-1
-3.843680E-1
-3.858380E-1
-3.917180E-1
-4.020080E-1
-4.122980E-1
-4.255280E-1
-4.387580E-1
-4.519880E-1
-4.622780E-1
-4.710980E-1
-4.784480E-1
-4.828580E-1
-4.857980E-1
-4.887380E-1
-4.887380E-1
-4.872680E-1
-4.843280E-1
-4.813880E-1
-4.784480E-1
-4.740380E-1
-4.710980E-1
-4.696280E-1
-4.681580E-1
-4.666880E-1
-4.652180E-1
-4.622780E-1
-4.578680E-1
-4.505180E-1
-4.416980E-1
-4.314080E-1
-4.211180E-1
-4.093580E-1
-4.005380E-1
-3.917180E-1
-3.858380E-1
-3.843680E-1
-3.843680E-1
-3.887780E-1
-3.946580E-1
-4.020080E-1
-4.122980E-1
-4.225880E-1
-4.328780E-1
-4.431680E-1
-4.519880E-1
-4.593380E-1
-4.652180E-1
-4.681580E-1
-4.696280E-1
-4.696280E-1
-4.681580E-1
-4.637480E-1
-4.593380E-1
-4.519880E-1
-4.446380E-1
-4.343480E-1
-4.240580E-1
-4.152380E-1
-4.049480E-1
-3.961280E-1
-3.887780E-1
-3.828980E-1
-3.784880E-1
-3.755480E-1
-3.726080E-1
-3.726080E-1
-3.726080E-1
-3.726080E-1
-3.755480E-1
-3.770180E-1
-3.814280E-1
-3.873080E-1
-3.946580E-1
-4.049480E-1
-4.181780E-1
-4.314080E-1
-4.461080E-1
-4.608080E-1
-4.755080E-1
-4.872680E-1
-4.975580E-1
-5.049080E-1
-5.093180E-1
-5.122580E-1
-5.122580E-1
-5.093180E-1
-5.063780E-1
-5.004980E-1
-4.946180E-1
-4.887380E-1
-4.828580E-1
-4.784480E-1
-4.740380E-1
-4.725680E-1
-4.725680E-1
-4.725680E-1
-4.740380E-1
-4.769780E-1
-4.784480E-1
-4.799180E-1
-4.813880E-1
-4.828580E-1
-4.828580E-1
-4.843280E-1
-4.857980E-1
-4.872680E-1
-4.887380E-1
-4.916780E-1
-4.931480E-1
-4.946180E-1
-4.960880E-1
-4.946180E-1
-4.946180E-1
-4.931480E-1
-4.902080E-1
-4.887380E-1
-4.872680E-1
-4.857980E-1
-4.843280E-1
-4.813880E-1
-4.799180E-1
-4.769780E-1
-4.740380E-1
-4.710980E-1
-4.681580E-1
-4.666880E-1
-4.652180E-1
-4.652180E-1
-4.666880E-1
-4.681580E-1
-4.710980E-1
-4.740380E-1
-4.769780E-1
-4.799180E-1
-4.813880E-1
-4.813880E-1
-4.784480E-1
-4.755080E-1
-4.710980E-1
-4.666880E-1
-4.622780E-1
-4.608080E-1
-4.608080E-1
-4.652180E-1
-4.740380E-1
-4.857980E-1
-4.990280E-1
-5.137280E-1
-5.298980E-1
-5.445980E-1
-5.563580E-1
-5.651780E-1
-5.710580E-1
-5.725280E-1
-5.710580E-1
-5.651780E-1
-5.592980E-1
-5.504780E-1
-5.416580E-1
-5.343080E-1
-5.254880E-1
-5.181380E-1
-5.122580E-1
-5.049080E-1
-4.975580E-1
-4.887380E-1
-4.799180E-1
-4.710980E-1
-4.637480E-1
-4.563980E-1
-4.519880E-1
-4.475780E-1
-4.461080E-1
-4.461080E-1
-4.475780E-1
-4.475780E-1
-4.475780E-1
-4.475780E-1
-4.461080E-1
-4.461080E-1
-4.446380E-1
-4.431680E-1
-4.446380E-1
-4.446380E-1
-4.461080E-1
-4.505180E-1
-4.549280E-1
-4.593380E-1
-4.666880E-1
-4.755080E-1
-4.857980E-1
-4.960880E-1
-5.078480E-1
-5.196080E-1
-5.328380E-1
-5.460680E-1
-5.563580E-1
-5.666480E-1
-5.725280E-1
-5.769380E-1
-5.754680E-1
-5.695880E-1
-5.607680E-1
-5.475380E-1
-5.313680E-1
-5.151980E-1
-4.975580E-1
-4.813880E-1
-4.681580E-1
-4.549280E-1
-4.461080E-1
-4.387580E-1
-4.328780E-1
-4.314080E-1
-4.314080E-1
-4.343480E-1
-4.387580E-1
-4.461080E-1
-4.534580E-1
-4.622780E-1
-4.696280E-1
-4.755080E-1
-4.799180E-1
-4.828580E-1
-4.857980E-1
-4.872680E-1
-4.887380E-1
-4.887380E-1
-4.902080E-1
-4.931480E-1
-4.946180E-1
-4.960880E-1
-4.960880E-1
-4.960880E-1
-4.960880E-1
-4.931480E-1
-4.902080E-1
-4.857980E-1
-4.828580E-1
-4.799180E-1
-4.769780E-1
-4.755080E-1
-4.755080E-1
-4.755080E-1
-4.769780E-1
-4.784480E-1
-4.799180E-1
-4.813880E-1
-4.813880E-1
-4.828580E-1
-4.843280E-1
-4.857980E-1
-4.887380E-1
-4.931480E-1
-5.004980E-1
-5.093180E-1
-5.196080E-1
-5.298980E-1
-5.401880E-1
-5.504780E-1
-5.578280E-1
-5.637080E-1
-5.681180E-1
-5.695880E-1
-5.710580E-1
-5.695880E-1
-5.681180E-1
-5.637080E-1
-5.592980E-1
-5.519480E-1
-5.431280E-1
-5.343080E-1
-5.254880E-1
-5.151980E-1
-5.063780E-1
-4.990280E-1
-4.931480E-1
-4.872680E-1
-4.828580E-1
-4.813880E-1
-4.799180E-1
-4.799180E-1
-4.813880E-1
-4.843280E-1
-4.887380E-1
-4.946180E-1
-5.019680E-1
-5.107880E-1
-5.181380E-1
-5.240180E-1
-5.284280E-1
-5.298980E-1
-5.298980E-1
-5.254880E-1
-5.181380E-1
-5.093180E-1
-5.004980E-1
-4.902080E-1
-4.813880E-1
-4.725680E-1
-4.652180E-1
-4.608080E-1
-4.563980E-1
-4.519880E-1
-4.475780E-1
-4.446380E-1
-4.387580E-1
-4.343480E-1
-4.299380E-1
-4.269980E-1
-4.255280E-1
-4.255280E-1
-4.269980E-1
-4.299380E-1
-4.358180E-1
-4.416980E-1
-4.475780E-1
-4.549280E-1
-4.608080E-1
-4.666880E-1
-4.725680E-1
-4.769780E-1
-4.799180E-1
-4.828580E-1
-4.857980E-1
-4.872680E-1
-4.872680E-1
-4.872680E-1
-4.857980E-1
-4.828580E-1
-4.769780E-1
-4.696280E-1
-4.608080E-1
-4.505180E-1
-4.416980E-1
-4.328780E-1
-4.284680E-1
-4.269980E-1
-4.284680E-1
-4.328780E-1
-4.416980E-1
-4.505180E-1
-4.608080E-1
-4.696280E-1
-4.755080E-1
-4.813880E-1
-4.828580E-1
-4.828580E-1
-4.813880E-1
-4.784480E-1
-4.725680E-1
-4.681580E-1
-4.637480E-1
-4.578680E-1
-4.534580E-1
-4.490480E-1
-4.461080E-1
-4.431680E-1
-4.402280E-1
-4.372880E-1
-4.358180E-1
-4.343480E-1
-4.328780E-1
-4.314080E-1
-4.314080E-1
-4.314080E-1
-4.314080E-1
-4.314080E-1
-4.328780E-1
-4.343480E-1
-4.358180E-1
-4.387580E-1
-4.431680E-1
-4.461080E-1
-4.505180E-1
-4.563980E-1
-4.608080E-1
-4.652180E-1
-4.710980E-1
-4.755080E-1
-4.784480E-1
-4.813880E-1
-4.843280E-1
-4.872680E-1
-4.887380E-1
-4.931480E-1
-4.960880E-1
-5.004980E-1
-5.063780E-1
-5.107880E-1
-5.151980E-1
-5.181380E-1
-5.196080E-1
-5.196080E-1
-5.196080E-1
-5.181380E-1
-5.166680E-1
-5.151980E-1
-5.137280E-1
-5.151980E-1
-5.151980E-1
-5.181380E-1
-5.210780E-1
-5.240180E-1
-5.269580E-1
-5.313680E-1
-5.343080E-1
-5.372480E-1
-5.401880E-1
-5.416580E-1
-5.445980E-1
-5.475380E-1
-5.504780E-1
-5.534180E-1
-5.578280E-1
-5.592980E-1
-5.607680E-1
-5.607680E-1
-5.592980E-1
-5.548880E-1
-5.504780E-1
-5.431280E-1
-5.372480E-1
-5.328380E-1
-5.298980E-1
-5.298980E-1
-5.328380E-1
-5.372480E-1
-5.445980E-1
-5.534180E-1
-5.607680E-1
-5.681180E-1
-5.739980E-1
-5.754680E-1
-5.754680E-1
-5.710580E-1
-5.651780E-1
-5.563580E-1
-5.475380E-1
-5.387180E-1
-5.328380E-1
-5.298980E-1
-5.298980E-1
-5.328380E-1
-5.387180E-1
-5.445980E-1
-5.504780E-1
-5.563580E-1
-5.592980E-1
-5.592980E-1
-5.578280E-1
-5.534180E-1
-5.490080E-1
-5.416580E-1
-5.343080E-1
-5.269580E-1
-5.181380E-1
-5.078480E-1
-4.975580E-1
-4.887380E-1
-4.784480E-1
-4.710980E-1
-4.652180E-1
-4.608080E-1
-4.593380E-1
-4.593380E-1
-4.637480E-1
-4.696280E-1
-4.784480E-1
-4.872680E-1
-4.975580E-1
-5.078480E-1
-5.181380E-1
-5.254880E-1
-5.298980E-1
-5.328380E-1
-5.343080E-1
-5.343080E-1
-5.343080E-1
-5.343080E-1
-5.343080E-1
-5.357780E-1
-5.387180E-1
-5.416580E-1
-5.460680E-1
-5.490080E-1
-5.534180E-1
-5.548880E-1
-5.563580E-1
-5.563580E-1
-5.563580E-1
-5.534180E-1
-5.504780E-1
-5.460680E-1
-5.416580E-1
-5.357780E-1
-5.298980E-1
-5.240180E-1
-5.196080E-1
-5.151980E-1
-5.107880E-1
-5.078480E-1
-5.063780E-1
-5.049080E-1
-5.049080E-1
-5.019680E-1
-4.990280E-1
-4.960880E-1
-4.902080E-1
-4.843280E-1
-4.784480E-1
-4.710980E-1
-4.666880E-1
-4.637480E-1
-4.622780E-1
-4.652180E-1
-4.696280E-1
-4.755080E-1
-4.813880E-1
-4.872680E-1
-4.931480E-1
-4.960880E-1
-4.946180E-1
-4.931480E-1
-4.887380E-1
-4.828580E-1
-4.769780E-1
-4.725680E-1
-4.696280E-1
-4.696280E-1
-4.725680E-1
-4.769780E-1
-4.857980E-1
-4.960880E-1
-5.078480E-1
-5.196080E-1
-5.343080E-1
-5.475380E-1
-5.578280E-1
-5.681180E-1
-5.725280E-1
-5.739980E-1
-5.710580E-1
-5.637080E-1
-5.534180E-1
-5.401880E-1
-5.269580E-1
-5.137280E-1
-5.034380E-1
-4.946180E-1
-4.887380E-1
-4.857980E-1
-4.857980E-1
-4.887380E-1
-4.931480E-1
-4.975580E-1
-5.034380E-1
-5.093180E-1
-5.151980E-1
-5.210780E-1
-5.254880E-1
-5.284280E-1
-5.298980E-1
-5.284280E-1
-5.240180E-1
-5.181380E-1
-5.107880E-1
-5.019680E-1
-4.931480E-1
-4.843280E-1
-4.769780E-1
-4.725680E-1
-4.696280E-1
-4.696280E-1
-4.740380E-1
-4.813880E-1
-4.916780E-1
-5.034380E-1
-5.166680E-1
-5.284280E-1
-5.401880E-1
-5.475380E-1
-5.519480E-1
-5.519480E-1
-5.475380E-1
-5.401880E-1
-5.298980E-1
-5.181380E-1
-5.063780E-1
-4.931480E-1
-4.813880E-1
-4.725680E-1
-4.681580E-1
-4.666880E-1
-4.681580E-1
-4.740380E-1
-4.828580E-1
-4.931480E-1
-5.019680E-1
-5.107880E-1
-5.181380E-1
-5.210780E-1
-5.225480E-1
-5.210780E-1
-5.181380E-1
-5.151980E-1
-5.122580E-1
-5.078480E-1
-5.063780E-1
-5.049080E-1
-5.034380E-1
-5.019680E-1
-5.004980E-1
-4.975580E-1
-4.946180E-1
-4.916780E-1
-4.887380E-1
-4.857980E-1
-4.843280E-1
-4.813880E-1
-4.813880E-1
-4.799180E-1
-4.784480E-1
-4.755080E-1
-4.725680E-1
-4.696280E-1
-4.652180E-1
-4.593380E-1
-4.549280E-1
-4.490480E-1
-4.446380E-1
-4.402280E-1
-4.372880E-1
-4.343480E-1
-4.328780E-1
-4.299380E-1
-4.284680E-1
-4.269980E-1
-4.240580E-1
-4.240580E-1
-4.240580E-1
-4.255280E-1
-4.284680E-1
-4.343480E-1
-4.431680E-1
-4.534580E-1
-4.652180E-1
-4.769780E-1
-4.887380E-1
-5.004980E-1
-5.093180E-1
-5.151980E-1
-5.181380E-1
-5.196080E-1
-5.181380E-1
-5.137280E-1
-5.093180E-1
-5.034380E-1
-4.975580E-1
-4.931480E-1
-4.902080E-1
-4.902080E-1
-4.916780E-1
-4.960880E-1
-5.019680E-1
-5.093180E-1
-5.166680E-1
-5.225480E-1
-5.269580E-1
-5.298980E-1
-5.298980E-1
-5.269580E-1
-5.210780E-1
-5.151980E-1
-5.078480E-1
-5.019680E-1
-4.960880E-1
-4.946180E-1
-4.946180E-1
-5.004980E-1
-5.107880E-1
-5.269580E-1
-5.504780E-1
-5.828180E-1
-6.239780E-1
-6.739580E-1
-7.327580E-1
-7.989080E-1
-8.709380E-1
-9.488480E-1
-1.026758E+0
-1.106138E+0
-1.182578E+0
-1.256078E+0
-1.325168E+0
-1.389848E+0
-1.447178E+0
-1.500098E+0
-1.548608E+0
-1.591238E+0
-1.629458E+0
-1.664738E+0
-1.695608E+0
-1.723538E+0
-1.748528E+0
-1.772048E+0
-1.794098E+0
-1.817618E+0
-1.842608E+0
-1.872008E+0
-1.902878E+0
-1.936688E+0
-1.970498E+0
-2.002838E+0
-2.032238E+0
-2.054288E+0
-2.070458E+0
-2.077808E+0
-2.079278E+0
-2.073398E+0
-2.063108E+0
-2.049878E+0
-2.038118E+0
-2.029298E+0
-2.024888E+0
-2.026358E+0
-2.035178E+0
-2.049878E+0
-2.071928E+0
-2.099858E+0
-2.130728E+0
-2.163068E+0
-2.195408E+0
-2.226278E+0
-2.254208E+0
-2.277728E+0
-2.296838E+0
-2.311538E+0
-2.323298E+0
-2.330648E+0
-2.336528E+0
-2.342408E+0
-2.348288E+0
-2.357108E+0
-2.367398E+0
-2.379158E+0
-2.392388E+0
-2.408558E+0
-2.427668E+0
-2.446778E+0
-2.467358E+0
-2.490878E+0
-2.517338E+0
-2.545268E+0
-2.579078E+0
-2.615828E+0
-2.656988E+0
-2.702558E+0
-2.749598E+0
-2.798108E+0
-2.843678E+0
-2.886308E+0
-2.923058E+0
-2.949518E+0
-2.967158E+0
-2.973038E+0
-2.973038E+0
-2.965688E+0
-2.955398E+0
-2.946578E+0
-2.940698E+0
-2.943638E+0
-2.953928E+0
-2.973038E+0
-2.999498E+0
-3.031838E+0
-3.070058E+0
-3.112688E+0
-3.156788E+0
-3.199418E+0
-3.242048E+0
-3.281738E+0
-3.317018E+0
-3.344948E+0
-3.362588E+0
-3.371408E+0
-3.371408E+0
-3.364058E+0
-3.352298E+0
-3.339068E+0
-3.328778E+0
-3.322898E+0
-3.318488E+0
-3.315548E+0
-3.312608E+0
-3.305258E+0
-3.293498E+0
-3.277328E+0
-3.256748E+0
-3.234698E+0
-3.214118E+0
-3.197948E+0
-3.189128E+0
-3.189128E+0
-3.197948E+0
-3.217058E+0
-3.242048E+0
-3.272918E+0
-3.306728E+0
-3.344948E+0
-3.380228E+0
-3.414038E+0
-3.447848E+0
-3.475778E+0
-3.505178E+0
-3.533108E+0
-3.561038E+0
-3.590438E+0
-3.622778E+0
-3.659528E+0
-3.699218E+0
-3.744788E+0
-3.793298E+0
-3.843278E+0
-3.893258E+0
-3.940298E+0
-3.981458E+0
-4.018208E+0
-4.043198E+0
-4.060838E+0
-4.071128E+0
-4.075538E+0
-4.077008E+0
-4.078478E+0
-4.081418E+0
-4.087298E+0
-4.099058E+0
-4.115228E+0
-4.134338E+0
-4.154918E+0
-4.176968E+0
-4.197548E+0
-4.218128E+0
-4.232828E+0
-4.240178E+0
-4.240178E+0
-4.231358E+0
-4.212248E+0
-4.187258E+0
-4.157858E+0
-4.126988E+0
-4.100528E+0
-4.084358E+0
-4.082888E+0
-4.097588E+0
-4.134338E+0
-4.190198E+0
-4.265168E+0
-4.354838E+0
-4.459208E+0
-4.565048E+0
-4.669418E+0
-4.759088E+0
-4.828178E+0
-4.876688E+0
-4.903148E+0
-4.911968E+0
-4.907558E+0
-4.897268E+0
-4.886978E+0
-4.882568E+0
-4.884038E+0
-4.891388E+0
-4.901678E+0
-4.909028E+0
-4.913438E+0
-4.907558E+0
-4.891388E+0
-4.863458E+0
-4.829648E+0
-4.791428E+0
-4.756148E+0
-4.729688E+0
-4.712048E+0
-4.709108E+0
-4.716458E+0
-4.738508E+0
-4.772318E+0
-4.814948E+0
-4.867868E+0
-4.926668E+0
-4.989878E+0
-5.064848E+0
-5.144228E+0
-5.232428E+0
-5.326508E+0
-5.419118E+0
-5.510258E+0
-5.596988E+0
-5.670488E+0
-5.733698E+0
-5.779268E+0
-5.817488E+0
-5.845418E+0
-5.871878E+0
-5.901278E+0
-5.930678E+0
-5.964488E+0
-5.995358E+0
-6.018878E+0
-6.029168E+0
-6.023288E+0
-5.992418E+0
-5.943908E+0
-5.888048E+0
-5.829248E+0
-5.779268E+0
-5.745458E+0
-5.733698E+0
-5.748398E+0
-5.782208E+0
-5.829248E+0
-5.888048E+0
-5.943908E+0
-5.998298E+0
-6.043868E+0
-6.086498E+0
-6.118838E+0
-6.148238E+0
-6.170288E+0
-6.189398E+0
-6.196748E+0
-6.192338E+0
-6.177638E+0
-6.155588E+0
-6.133538E+0
-6.126188E+0
-6.140888E+0
-6.182048E+0
-6.254078E+0
-6.356978E+0
-6.486338E+0
-6.620108E+0
-6.742118E+0
-6.836198E+0
-6.883238E+0
-6.872948E+0
-6.817088E+0
-6.723008E+0
-6.611288E+0
-6.495158E+0
-6.389318E+0
-6.301118E+0
-6.234968E+0
-6.189398E+0
-6.162938E+0
-6.159998E+0
-6.177638E+0
-6.208508E+0
-6.249668E+0
-6.293768E+0
-6.340808E+0
-6.389318E+0
-6.439298E+0
-6.490748E+0
-6.543668E+0
-6.606878E+0
-6.671558E+0
-6.742118E+0
-6.811208E+0
-6.872948E+0
-6.914108E+0
-6.930278E+0
-6.918518E+0
-6.887648E+0
-6.836198E+0
-6.777398E+0
-6.718598E+0
-6.665678E+0
-6.628928E+0
-6.606878E+0
-6.596588E+0
-6.592178E+0
-6.602468E+0
-6.624518E+0
-6.665678E+0
-6.733298E+0
-6.836198E+0
-6.977318E+0
-7.158128E+0
-7.387448E+0
-7.635878E+0
-7.891658E+0
-8.116568E+0
-8.267978E+0
-8.316488E+0
-8.257688E+0
-8.116568E+0
-7.923998E+0
-7.724078E+0
-7.528568E+0
-7.353638E+0
-7.205168E+0
-7.089038E+0
-6.993488E+0
-6.930278E+0
-6.893528E+0
-6.897938E+0
-6.940568E+0
-7.021418E+0
-7.146368E+0
-7.309538E+0
-7.513868E+0
-7.740248E+0
-7.966628E+0
-8.190068E+0
-8.398808E+0
-8.570798E+0
-8.735438E+0
-8.858918E+0
-8.964758E+0
-9.033848E+0
-9.047078E+0
-9.019148E+0
-8.951528E+0
-8.822168E+0
-8.663408E+0
-8.526698E+0
-8.429678E+0
-8.378228E+0
-8.367938E+0
-8.398808E+0
-8.462018E+0
-8.548748E+0
-8.594318E+0
-8.594318E+0
-8.526698E+0
-8.398808E+0
-8.238578E+0
-8.053358E+0
-7.882838E+0
-7.740248E+0
-7.643228E+0
-7.599128E+0
-7.621178E+0
-7.709378E+0
-7.899008E+0
-8.219468E+0
-8.722208E+0
-9.514538E+0
-1.093456E+1
-1.698949E+1
-2.000005E+1
-2.000005E+1
-2.000005E+1
-2.000005E+1
-2.000005E+1
-2.000005E+1
-2.000005E+1
-2.000005E+1
-2.000005E+1
-2.000005E+1
-2.000005E+1
-1.426852E+1
-1.227961E+1
-1.163869E+1
-1.163869E+1
-1.215907E+1
-1.372315E+1
-2.000005E+1
-2.000005E+1
-2.000005E+1
-2.000005E+1
-2.000005E+1
-2.000005E+1
-2.000005E+1
-2.000005E+1
-2.000005E+1
-2.000005E+1
-2.000005E+1
-2.000005E+1
-2.000005E+1
-2.000005E+1
-2.000005E+1
-2.000005E+1
-1.499911E+1
-1.384663E+1
-1.349383E+1
-1.349383E+1
-1.372315E+1
-1.384663E+1
-1.372315E+1
-1.292494E+1
-1.204441E+1
-1.121974E+1
-1.051120E+1
-9.955538E+0
-9.567458E+0
-9.299918E+0
-9.163208E+0
-9.163208E+0
-9.252878E+0
-9.413108E+0
-9.602738E+0
-9.792368E+0
-9.914378E+0
-9.955538E+0
-9.914378E+0
-9.832058E+0
-9.733568E+0
-9.676238E+0
-9.695348E+0
-9.773258E+0
-9.893798E+0
-1.006579E+1
-1.022749E+1
-1.035244E+1
-1.045681E+1
-1.048327E+1
-1.045681E+1
-1.037743E+1
-1.030099E+1
-1.020397E+1
-1.008784E+1
-9.955538E+0
-9.773258E+0
-9.602738E+0
-9.429278E+0
-9.316088E+0
-9.299918E+0
-9.379298E+0
-9.639488E+0
-1.013341E+1
-1.107274E+1
-1.338799E+1
-2.000005E+1
-2.000005E+1
-2.000005E+1
-2.000005E+1
-2.000005E+1
-2.000005E+1
-2.000005E+1
-2.000005E+1
-2.000005E+1
-2.000005E+1
-2.000005E+1
-2.000005E+1
-2.000005E+1
-2.000005E+1
-2.000005E+1
-2.000005E+1
-2.000005E+1
-1.548421E+1
-1.227961E+1
-1.093456E+1
-1.008784E+1
-9.496898E+0
-9.089708E+0
-8.822168E+0
-8.686928E+0
-8.686928E+0
-8.822168E+0
-9.075008E+0
-9.480728E+0
-1.006579E+1
-1.083607E+1
-1.193563E+1
-1.349383E+1
-1.610896E+1
-2.000005E+1
-2.000005E+1
-2.000005E+1
-2.000005E+1
-2.000005E+1
-1.849477E+1
-1.849477E+1
-1.761424E+1
-1.761424E+1
-1.698949E+1
-1.610896E+1
-1.522843E+1
-1.460368E+1
-1.411858E+1
-1.360555E+1
-1.328803E+1
-1.301020E+1
-1.284262E+1
-1.268680E+1
-1.254274E+1
-1.268680E+1
-1.319101E+1
-1.443022E+1
-2.000005E+1
-2.000005E+1
-2.000005E+1
-2.000005E+1
-2.000005E+1
-2.000005E+1
-2.000005E+1
-2.000005E+1
-2.000005E+1
-2.000005E+1
-2.000005E+1
-2.000005E+1
-2.000005E+1
-2.000005E+1
-2.000005E+1
-2.000005E+1
-2.000005E+1
-2.000005E+1
-2.000005E+1
-2.000005E+1
-2.000005E+1
-2.000005E+1
-2.000005E+1
-2.000005E+1
-2.000005E+1
-2.000005E+1
-2.000005E+1
-2.000005E+1
-2.000005E+1
-2.000005E+1
-2.000005E+1
-2.000005E+1
-2.000005E+1
-1.284262E+1
-1.107274E+1
-1.008784E+1
-9.446918E+0
-9.033848E+0
-8.783948E+0
-8.675168E+0
-8.663408E+0
-8.772188E+0
-8.951528E+0
-9.222008E+0
-9.549818E+0
-9.934958E+0
-1.030099E+1
-1.068319E+1
-1.100218E+1
-1.125796E+1
-1.146082E+1
-1.168573E+1
-1.198855E+1
-1.268680E+1
-1.411858E+1
-2.000005E+1
-2.000005E+1
-2.000005E+1
-2.000005E+1
-2.000005E+1
-2.000005E+1
-2.000005E+1
-2.000005E+1
-2.000005E+1
-2.000005E+1
-2.000005E+1
-2.000005E+1
-2.000005E+1
-2.000005E+1
-2.000005E+1
-2.000005E+1
-2.000005E+1
-2.000005E+1
-2.000005E+1
-2.000005E+1
-2.000005E+1
-2.000005E+1
-2.000005E+1
-1.349383E+1
-1.183273E+1
-1.125796E+1
-1.103746E+1
-1.103746E+1
-1.125796E+1
-1.154902E+1
-1.183273E+1
-1.198855E+1
-1.178275E+1
-1.133734E+1
-1.077433E+1
-1.018045E+1
-9.658598E+0
-9.207308E+0
-8.858918E+0
-8.616368E+0
-8.482598E+0
-8.450258E+0
-8.516408E+0
-8.686928E+0
-8.964758E+0
-9.316088E+0
-9.733568E+0
-1.018045E+1
-1.056706E+1
-1.080520E+1
-1.080520E+1
-1.065379E+1
-1.043035E+1
-1.022749E+1
-1.006579E+1
-1.002169E+1
-1.008784E+1
-1.030099E+1
-1.065379E+1
-1.118152E+1
-1.204441E+1
-1.349383E+1
-2.000005E+1
-2.000005E+1
-2.000005E+1
-2.000005E+1
-2.000005E+1
-2.000005E+1
-2.000005E+1
-2.000005E+1
-2.000005E+1
-2.000005E+1
-2.000005E+1
-2.000005E+1
-2.000005E+1
-2.000005E+1
-1.761424E+1
-1.761424E+1
-1.698949E+1
-1.577380E+1
-1.479331E+1
-1.360555E+1
-1.284262E+1
-1.221787E+1
-1.168573E+1
-1.129765E+1
-1.096837E+1
-1.071259E+1
-1.048327E+1
-1.025248E+1
-1.008784E+1
-9.955538E+0
-9.873218E+0
-9.893798E+0
-1.002169E+1
-1.030099E+1
-1.077433E+1
-1.154902E+1
-1.301020E+1
-2.000005E+1
-2.000005E+1
-2.000005E+1
-2.000005E+1
-2.000005E+1
-2.000005E+1
-2.000005E+1
-2.000005E+1
-2.000005E+1
-2.000005E+1
-2.000005E+1
-2.000005E+1
-2.000005E+1
-2.000005E+1
-2.000005E+1
-2.000005E+1
-2.000005E+1
-2.000005E+1
-2.000005E+1
-2.000005E+1
-2.000005E+1
-2.000005E+1
-2.000005E+1
-2.000005E+1
-2.000005E+1
-2.000005E+1
-2.000005E+1
-2.000005E+1
-2.000005E+1
-2.000005E+1
-2.000005E+1
-2.000005E+1
-2.000005E+1
-2.000005E+1
-2.000005E+1
-2.000005E+1
-2.000005E+1
-2.000005E+1
-1.499911E+1
-1.284262E+1
-1.183273E+1
-1.129765E+1
-1.110802E+1
-1.118152E+1
-1.173277E+1
-1.319101E+1
-2.000005E+1
-2.000005E+1
-2.000005E+1
-2.000005E+1
-2.000005E+1
-2.000005E+1
-2.000005E+1
-2.000005E+1
-2.000005E+1
-2.000005E+1
-2.000005E+1
-2.000005E+1
-2.000005E+1
-2.000005E+1
-2.000005E+1
-2.000005E+1
-2.000005E+1
-2.000005E+1
-2.000005E+1
-2.000005E+1
-2.000005E+1
-2.000005E+1
-2.000005E+1
-2.000005E+1
-2.000005E+1
-2.000005E+1
-2.000005E+1
-2.000005E+1
-1.577380E+1
-1.118152E+1
-9.695348E+0
-8.822168E+0
-8.238578E+0
-7.866668E+0
-7.650578E+0
-7.556498E+0
-7.569728E+0
-7.672628E+0
-7.850498E+0
-8.070998E+0
-8.306198E+0
-8.504648E+0
-8.616368E+0
-8.616368E+0
-8.526698E+0
-8.357648E+0
-8.181248E+0
-8.009258E+0
-7.899008E+0
-7.850498E+0
-7.882838E+0
-8.009258E+0
-8.209178E+0
-8.516408E+0
-8.925068E+0
-9.446918E+0
-1.013341E+1
-1.107274E+1
-1.247365E+1
-1.650439E+1
-2.000005E+1
-2.000005E+1
-2.000005E+1
-2.000005E+1
-2.000005E+1
-2.000005E+1
-2.000005E+1
-1.261330E+1
-1.068319E+1
-9.585098E+0
-8.872148E+0
-8.378228E+0
-8.053358E+0
-7.850498E+0
-7.763768E+0
-7.763768E+0
-7.841678E+0
-7.982798E+0
-8.190068E+0
-8.429678E+0
-8.710448E+0
-9.019148E+0
-9.363128E+0
-9.752678E+0
-1.022749E+1
-1.083607E+1
-1.173277E+1
-1.328803E+1
-2.000005E+1
-2.000005E+1
-2.000005E+1
-2.000005E+1
-2.000005E+1
-2.000005E+1
-2.000005E+1
-1.276324E+1
-1.110802E+1
-1.015693E+1
-9.532178E+0
-9.133808E+0
-8.898608E+0
-8.783948E+0
-8.783948E+0
-8.885378E+0
-9.075008E+0
-9.363128E+0
-9.733568E+0
-1.018045E+1
-1.071259E+1
-1.129765E+1
-1.198855E+1
-1.284262E+1
-1.384663E+1
-1.522843E+1
-2.000005E+1
-2.000005E+1
-2.000005E+1
-2.000005E+1
-2.000005E+1
-2.000005E+1
-2.000005E+1
-2.000005E+1
-2.000005E+1
-2.000005E+1
-2.000005E+1
-2.000005E+1
-2.000005E+1
-2.000005E+1
-2.000005E+1
-2.000005E+1
-2.000005E+1
-2.000005E+1
-2.000005E+1
-2.000005E+1
-2.000005E+1
-2.000005E+1
-2.000005E+1
-2.000005E+1
-2.000005E+1
-1.577380E+1
-1.384663E+1
-1.284262E+1
-1.227961E+1
-1.188271E+1
-1.163869E+1
-1.150492E+1
-1.146082E+1
-1.141966E+1
-1.137850E+1
-1.133734E+1
-1.121974E+1
-1.100218E+1
-1.074346E+1
-1.045681E+1
-1.025248E+1
-1.006579E+1
-9.955538E+0
-9.955538E+0
-1.006579E+1
-1.037743E+1
-1.096837E+1
-1.204441E+1
-1.522843E+1
-2.000005E+1
-2.000005E+1
-2.000005E+1
-2.000005E+1
-2.000005E+1
-2.000005E+1
-2.000005E+1
-2.000005E+1
-2.000005E+1
-2.000005E+1
-2.000005E+1
-1.443022E+1
-1.309840E+1
-1.254274E+1
-1.221787E+1
-1.210027E+1
-1.198855E+1
-1.188271E+1
-1.178275E+1
-1.173277E+1
-1.173277E+1
-1.173277E+1
-1.178275E+1
-1.188271E+1
-1.210027E+1
-1.247365E+1
-1.309840E+1
-1.426852E+1
-2.000005E+1
-2.000005E+1
-2.000005E+1
-2.000005E+1
-2.000005E+1
-2.000005E+1
-2.000005E+1
-2.000005E+1
-2.000005E+1
-2.000005E+1
-2.000005E+1
-2.000005E+1
-2.000005E+1
-1.338799E+1
-1.178275E+1
-1.103746E+1
-1.074346E+1
-1.074346E+1
-1.107274E+1
-1.188271E+1
-1.397893E+1
-2.000005E+1
-2.000005E+1
-2.000005E+1
-2.000005E+1
-2.000005E+1
-2.000005E+1
-2.000005E+1
-2.000005E+1
-2.000005E+1
-2.000005E+1
-2.000005E+1
-1.411858E+1
-1.198855E+1
-1.100218E+1
-1.035244E+1
-9.852638E+0
-9.463088E+0
-9.133808E+0
-8.833928E+0
-8.582558E+0
-8.388518E+0
-8.247398E+0
-8.170958E+0
-8.153318E+0
-8.219468E+0
-8.347358E+0
-8.560508E+0
-8.822168E+0
-9.148508E+0
-9.514538E+0
-9.934958E+0
-1.035244E+1
-1.071259E+1
-1.096837E+1
-1.107274E+1
-1.103746E+1
-1.093456E+1
-1.077433E+1
-1.062439E+1
-1.053913E+1
-1.053913E+1
-1.065379E+1
-1.086841E+1
-1.121974E+1
-1.159312E+1
-1.204441E+1
-1.240750E+1
-1.247365E+1
-1.227961E+1
-1.193563E+1
-1.154902E+1
-1.121974E+1
-1.090222E+1
-1.068319E+1
-1.051120E+1
-1.037743E+1
-1.025248E+1
-1.018045E+1
-1.010989E+1
-1.004374E+1
-1.004374E+1
-1.008784E+1
-1.020397E+1
-1.037743E+1
-1.065379E+1
-1.103746E+1
-1.159312E+1
-1.234135E+1
-1.349383E+1
-1.577380E+1
-2.000005E+1
-2.000005E+1
-2.000005E+1
-2.000005E+1
-2.000005E+1
-2.000005E+1
-2.000005E+1
-2.000005E+1
-2.000005E+1
-2.000005E+1
-2.000005E+1
-2.000005E+1
-2.000005E+1
-2.000005E+1
-2.000005E+1
-1.577380E+1
-1.349383E+1
-1.227961E+1
-1.154902E+1
-1.103746E+1
-1.071259E+1
-1.053913E+1
-1.045681E+1
-1.051120E+1
-1.065379E+1
-1.086841E+1
-1.107274E+1
-1.121974E+1
-1.121974E+1
-1.103746E+1
-1.071259E+1
-1.035244E+1
-9.999638E+0
-9.676238E+0
-9.429278E+0
-9.269048E+0
-9.207308E+0
-9.238178E+0
-9.363128E+0
-9.567458E+0
-9.893798E+0
-1.030099E+1
-1.077433E+1
-1.121974E+1
-1.163869E+1
-1.193563E+1
-1.204441E+1
-1.204441E+1
-1.188271E+1
-1.178275E+1
-1.168573E+1
-1.154902E+1
-1.141966E+1
-1.121974E+1
-1.100218E+1
-1.074346E+1
-1.048327E+1
-1.027747E+1
-1.015693E+1
-1.010989E+1
-1.015693E+1
-1.030099E+1
-1.048327E+1
-1.077433E+1
-1.103746E+1
-1.129765E+1
-1.150492E+1
-1.163869E+1
-1.173277E+1
-1.193563E+1
-1.221787E+1
-1.268680E+1
-1.360555E+1
-1.610896E+1
-2.000005E+1
-2.000005E+1
-2.000005E+1
-2.000005E+1
-2.000005E+1
-2.000005E+1
-2.000005E+1
-2.000005E+1
-2.000005E+1
-2.000005E+1
-2.000005E+1
-2.000005E+1
-2.000005E+1
-2.000005E+1
-2.000005E+1
-2.000005E+1
-2.000005E+1
-2.000005E+1
-2.000005E+1
-2.000005E+1
-1.284262E+1
-1.077433E+1
-9.832058E+0
-9.252878E+0
-8.925068E+0
-8.758958E+0
-8.747198E+0
-8.885378E+0
-9.177908E+0
-9.639488E+0
-1.032745E+1
-1.137850E+1
-1.349383E+1
-2.000005E+1
-2.000005E+1
-2.000005E+1
-2.000005E+1
-2.000005E+1
-2.000005E+1
-2.000005E+1
-2.000005E+1
-2.000005E+1
-2.000005E+1
-1.499911E+1
-1.338799E+1
-1.301020E+1
-1.372315E+1
-2.000005E+1
-2.000005E+1
-2.000005E+1
-2.000005E+1
-2.000005E+1
-2.000005E+1
-2.000005E+1
-2.000005E+1
-2.000005E+1
-2.000005E+1
-2.000005E+1
-2.000005E+1
-1.210027E+1
-1.065379E+1
-1.004374E+1
-9.852638E+0
-9.977588E+0
-1.037743E+1
-1.114477E+1
-1.268680E+1
-2.000005E+1
-2.000005E+1
-2.000005E+1
-2.000005E+1
-2.000005E+1
-2.000005E+1
-2.000005E+1
-2.000005E+1
-2.000005E+1
-2.000005E+1
-2.000005E+1
-1.761424E+1
-1.349383E+1
-1.234135E+1
-1.173277E+1
-1.141966E+1
-1.133734E+1
-1.133734E+1
-1.141966E+1
-1.150492E+1
-1.150492E+1
-1.133734E+1
-1.107274E+1
-1.074346E+1
-1.040389E+1
-1.010989E+1
-9.873218E+0
-9.733568E+0
-9.639488E+0
-9.621848E+0
-9.658598E+0
-9.752678E+0
-9.934958E+0
-1.022749E+1
-1.065379E+1
-1.125796E+1
-1.227961E+1
-1.411858E+1
-2.000005E+1
-2.000005E+1
-2.000005E+1
-2.000005E+1
-2.000005E+1
-2.000005E+1
-2.000005E+1
-1.577380E+1
-1.460368E+1
-1.426852E+1
-1.479331E+1
-1.761424E+1
-2.000005E+1
-2.000005E+1
-2.000005E+1
-2.000005E+1
-2.000005E+1
-2.000005E+1
-2.000005E+1
-2.000005E+1
-2.000005E+1
-2.000005E+1
-2.000005E+1
-2.000005E+1
-2.000005E+1
-2.000005E+1
-2.000005E+1
-1.650439E+1
-1.188271E+1
-1.056706E+1
-9.873218E+0
-9.480728E+0
-9.330788E+0
-9.396938E+0
-9.733568E+0
-1.040389E+1
-1.183273E+1
-2.000005E+1
-2.000005E+1
-2.000005E+1
-2.000005E+1
-2.000005E+1
-2.000005E+1
-2.000005E+1
-2.000005E+1
-2.000005E+1
-2.000005E+1
-2.000005E+1
-2.000005E+1
-2.000005E+1
-2.000005E+1
-2.000005E+1
-1.443022E+1
-1.319101E+1
-1.254274E+1
-1.221787E+1
-1.193563E+1
-1.163869E+1
-1.129765E+1
-1.096837E+1
-1.059499E+1
-1.027747E+1
-9.955538E+0
-9.695348E+0
-9.480728E+0
-9.346958E+0
-9.299918E+0
-9.346958E+0
-9.496898E+0
-9.811478E+0
-1.032745E+1
-1.118152E+1
-1.301020E+1
-2.000005E+1
-2.000005E+1
-2.000005E+1
-2.000005E+1
-2.000005E+1
-2.000005E+1
-2.000005E+1
-2.000005E+1
-2.000005E+1
-2.000005E+1
-2.000005E+1
-2.000005E+1
-2.000005E+1
-1.328803E+1
-1.146082E+1
-1.080520E+1
-1.059499E+1
-1.077433E+1
-1.133734E+1
-1.254274E+1
-1.650439E+1
-2.000005E+1
-2.000005E+1
-2.000005E+1
-2.000005E+1
-2.000005E+1
-2.000005E+1
-2.000005E+1
-2.000005E+1
-2.000005E+1
-2.000005E+1
-2.000005E+1
-2.000005E+1
-2.000005E+1
-2.000005E+1
-2.000005E+1
-2.000005E+1
-2.000005E+1
-2.000005E+1
-2.000005E+1
-2.000005E+1
-2.000005E+1
-2.000005E+1
-2.000005E+1
-2.000005E+1
-2.000005E+1
-2.000005E+1
-2.000005E+1
-2.000005E+1
-2.000005E+1
-2.000005E+1
-2.000005E+1
-2.000005E+1
-2.000005E+1
-2.000005E+1
-2.000005E+1
-2.000005E+1
-2.000005E+1
-1.522843E+1
-1.426852E+1
-1.460368E+1
-1.761424E+1
-2.000005E+1
-2.000005E+1
-2.000005E+1
-2.000005E+1
-2.000005E+1
-2.000005E+1
-2.000005E+1
-2.000005E+1
-2.000005E+1
-2.000005E+1
-2.000005E+1
-1.650439E+1
-1.479331E+1
-1.384663E+1
-1.328803E+1
-1.276324E+1
-1.227961E+1
-1.183273E+1
-1.154902E+1
-1.137850E+1
-1.146082E+1
-1.173277E+1
-1.234135E+1
-1.360555E+1
-1.849477E+1
-2.000005E+1
-2.000005E+1
-2.000005E+1
-2.000005E+1
-2.000005E+1
-2.000005E+1
-2.000005E+1
-2.000005E+1
-2.000005E+1
-2.000005E+1
-2.000005E+1
-2.000005E+1
-2.000005E+1
-2.000005E+1
-2.000005E+1
-2.000005E+1
-2.000005E+1
-2.000005E+1
-2.000005E+1
-2.000005E+1
-2.000005E+1
-2.000005E+1
-2.000005E+1
-2.000005E+1
-2.000005E+1
-2.000005E+1
-2.000005E+1
-2.000005E+1
-2.000005E+1
-2.000005E+1
-1.360555E+1
-1.159312E+1
-1.045681E+1
-9.658598E+0
-9.104408E+0
-8.698688E+0
-8.439968E+0
-8.276798E+0
-8.228288E+0
-8.276798E+0
-8.419388E+0
-8.663408E+0
-9.019148E+0
-9.514538E+0
-1.018045E+1
-1.110802E+1
-1.268680E+1
-2.000005E+1
-2.000005E+1
-2.000005E+1
-2.000005E+1
-2.000005E+1
-2.000005E+1
-2.000005E+1
-2.000005E+1
-2.000005E+1
-2.000005E+1
-2.000005E+1
-2.000005E+1
-1.849477E+1
-1.698949E+1
-2.000005E+1
-2.000005E+1
-2.000005E+1
-2.000005E+1
-2.000005E+1
-2.000005E+1
-2.000005E+1
-2.000005E+1
-2.000005E+1
-2.000005E+1
-2.000005E+1
-2.000005E+1
-2.000005E+1
-2.000005E+1
-2.000005E+1
-2.000005E+1
-2.000005E+1
-2.000005E+1
-2.000005E+1
-2.000005E+1
-2.000005E+1
-1.443022E+1
-1.301020E+1
-1.227961E+1
-1.198855E+1
-1.188271E+1
-1.198855E+1
-1.227961E+1
-1.284262E+1
-1.372315E+1
-1.499911E+1
-1.761424E+1
-2.000005E+1
-2.000005E+1
-1.698949E+1
-1.426852E+1
-1.284262E+1
-1.183273E+1
-1.103746E+1
-1.053913E+1
-1.018045E+1
-1.004374E+1
-1.004374E+1
-1.027747E+1
-1.077433E+1
-1.168573E+1
-1.360555E+1
-2.000005E+1
-2.000005E+1
-2.000005E+1
-2.000005E+1
-2.000005E+1
-2.000005E+1
-2.000005E+1
-2.000005E+1
-2.000005E+1
-2.000005E+1
-2.000005E+1
-2.000005E+1
-2.000005E+1
-2.000005E+1
-2.000005E+1
-2.000005E+1
-2.000005E+1
-2.000005E+1
-2.000005E+1
-2.000005E+1
-2.000005E+1
-2.000005E+1
-2.000005E+1
-2.000005E+1
-2.000005E+1
-2.000005E+1
-2.000005E+1
-2.000005E+1
-2.000005E+1
-2.000005E+1
-2.000005E+1
-2.000005E+1
-2.000005E+1
-2.000005E+1
-1.268680E+1
-1.080520E+1
-9.955538E+0
-9.514538E+0
-9.283748E+0
-9.222008E+0
-9.269048E+0
-9.429278E+0
-9.658598E+0
-9.914378E+0
-1.020397E+1
-1.048327E+1
-1.074346E+1
-1.100218E+1
-1.129765E+1
-1.168573E+1
-1.227961E+1
-1.319101E+1
-1.479331E+1
-2.000005E+1
-2.000005E+1
-2.000005E+1
-2.000005E+1
-2.000005E+1
-2.000005E+1
-2.000005E+1
-2.000005E+1
-2.000005E+1
-2.000005E+1
-2.000005E+1
-2.000005E+1
-2.000005E+1
-2.000005E+1
-2.000005E+1
-2.000005E+1
-2.000005E+1
-2.000005E+1
-2.000005E+1
-2.000005E+1
-2.000005E+1
-1.443022E+1
-1.254274E+1
-1.163869E+1
-1.100218E+1
-1.056706E+1
-1.018045E+1
-9.811478E+0
-9.463088E+0
-9.119108E+0
-8.795708E+0
-8.516408E+0
-8.287088E+0
-8.107748E+0
-8.018078E+0
-8.026898E+0
-8.134208E+0
-8.347358E+0
-8.663408E+0
-9.104408E+0
-9.658598E+0
-1.025248E+1
-1.077433E+1
-1.103746E+1
-1.093456E+1
-1.059499E+1
-1.015693E+1
-9.733568E+0
-9.413108E+0
-9.192608E+0
-9.061778E+0
-9.019148E+0
-9.033848E+0
-9.089708E+0
-9.207308E+0
-9.363128E+0
-9.532178E+0
-9.695348E+0
-9.852638E+0
-1.002169E+1
-1.013341E+1
-1.020397E+1
-1.015693E+1
-1.006579E+1
-9.955538E+0
-9.852638E+0
-9.773258E+0
-9.773258E+0
-9.832058E+0
-1.002169E+1
-1.035244E+1
-1.086841E+1
-1.159312E+1
-1.261330E+1
-1.411858E+1
-1.698949E+1
-2.000005E+1
-1.698949E+1
-1.397893E+1
-1.254274E+1
-1.150492E+1
-1.083607E+1
-1.037743E+1
-1.010989E+1
-1.002169E+1
-1.010989E+1
-1.032745E+1
-1.068319E+1
-1.121974E+1
-1.183273E+1
-1.254274E+1
-1.301020E+1
-1.301020E+1
-1.268680E+1
-1.215907E+1
-1.168573E+1
-1.129765E+1
-1.110802E+1
-1.107274E+1
-1.125796E+1
-1.168573E+1
-1.247365E+1
-1.384663E+1
-1.849477E+1
-2.000005E+1
-2.000005E+1
-2.000005E+1
-2.000005E+1
-1.411858E+1
-1.198855E+1
-1.083607E+1
-1.004374E+1
-9.480728E+0
-9.104408E+0
-8.872148E+0
-8.758958E+0
-8.772188E+0
-8.898608E+0
-9.177908E+0
-9.621848E+0
-1.032745E+1
-1.150492E+1
-1.411858E+1
-2.000005E+1
-2.000005E+1
-2.000005E+1
-2.000005E+1
-2.000005E+1
-2.000005E+1
-2.000005E+1
-2.000005E+1
-2.000005E+1
-2.000005E+1
-1.460368E+1
-1.292494E+1
-1.227961E+1
-1.198855E+1
-1.193563E+1
-1.210027E+1
-1.254274E+1
-1.338799E+1
-1.499911E+1
-2.000005E+1
-2.000005E+1
-2.000005E+1
-2.000005E+1
-2.000005E+1
-2.000005E+1
-2.000005E+1
-2.000005E+1
-2.000005E+1
-2.000005E+1
-2.000005E+1
-2.000005E+1
-2.000005E+1
-2.000005E+1
-2.000005E+1
-2.000005E+1
-2.000005E+1
-2.000005E+1
-2.000005E+1
-2.000005E+1
-2.000005E+1
-2.000005E+1
-2.000005E+1
-2.000005E+1
-1.247365E+1
-1.056706E+1
-9.602738E+0
-9.019148E+0
-8.651648E+0
-8.429678E+0
-8.316488E+0
-8.297378E+0
-8.337068E+0
-8.429678E+0
-8.570798E+0
-8.735438E+0
-8.925068E+0
-9.133808E+0
-9.330788E+0
-9.532178E+0
-9.714458E+0
-9.832058E+0
-9.873218E+0
-9.832058E+0
-9.733568E+0
-9.621848E+0
-9.532178E+0
-9.463088E+0
-9.429278E+0
-9.463088E+0
-9.567458E+0
-9.714458E+0
-9.934958E+0
-1.022749E+1
-1.062439E+1
-1.110802E+1
-1.173277E+1
-1.254274E+1
-1.338799E+1
-1.426852E+1
-1.426852E+1
-1.360555E+1
-1.254274E+1
-1.159312E+1
-1.083607E+1
-1.025248E+1
-9.773258E+0
-9.429278E+0
-9.207308E+0
-9.075008E+0
-9.047078E+0
-9.075008E+0
-9.177908E+0
-9.330788E+0
-9.514538E+0
-9.714458E+0
-9.914378E+0
-1.008784E+1
-1.027747E+1
-1.045681E+1
-1.065379E+1
-1.086841E+1
-1.107274E+1
-1.129765E+1
-1.150492E+1
-1.173277E+1
-1.198855E+1
-1.240750E+1
-1.338799E+1
-1.698949E+1
-2.000005E+1
-2.000005E+1
-2.000005E+1
-2.000005E+1
-2.000005E+1
-2.000005E+1
-2.000005E+1
-2.000005E+1
-2.000005E+1
-2.000005E+1
-2.000005E+1
-2.000005E+1
-2.000005E+1
-2.000005E+1
-2.000005E+1
-1.268680E+1
-1.062439E+1
-9.658598E+0
-9.089708E+0
-8.758958E+0
-8.582558E+0
-8.560508E+0
-8.675168E+0
-8.951528E+0
-9.446918E+0
-1.027747E+1
-1.188271E+1
-2.000005E+1
-2.000005E+1
-2.000005E+1
-2.000005E+1
-2.000005E+1
-2.000005E+1
-2.000005E+1
-2.000005E+1
-2.000005E+1
-2.000005E+1
-2.000005E+1
-2.000005E+1
-2.000005E+1
-2.000005E+1
-2.000005E+1
-2.000005E+1
-1.479331E+1
-1.261330E+1
-1.159312E+1
-1.096837E+1
-1.056706E+1
-1.032745E+1
-1.025248E+1
-1.037743E+1
-1.080520E+1
-1.178275E+1
-1.548421E+1
-2.000005E+1
-2.000005E+1
-2.000005E+1
-2.000005E+1
-2.000005E+1
-2.000005E+1
-2.000005E+1
-2.000005E+1
-2.000005E+1
-2.000005E+1
-2.000005E+1
-2.000005E+1
-2.000005E+1
-2.000005E+1
-2.000005E+1
-2.000005E+1
-1.460368E+1
-1.338799E+1
-1.328803E+1
-1.384663E+1
-1.548421E+1
-2.000005E+1
-2.000005E+1
-2.000005E+1
-2.000005E+1
-2.000005E+1
-2.000005E+1
-2.000005E+1
-1.577380E+1
-1.349383E+1
-1.234135E+1
-1.163869E+1
-1.121974E+1
-1.090222E+1
-1.068319E+1
-1.051120E+1
-1.037743E+1
-1.025248E+1
-1.015693E+1
-1.010989E+1
-1.010989E+1
-1.020397E+1
-1.037743E+1
-1.065379E+1
-1.107274E+1
-1.163869E+1
-1.240750E+1
-1.360555E+1
-1.650439E+1
-2.000005E+1
-2.000005E+1
-2.000005E+1
-2.000005E+1
-2.000005E+1
-2.000005E+1
-2.000005E+1
-2.000005E+1
-2.000005E+1
-2.000005E+1
-2.000005E+1
-2.000005E+1
-2.000005E+1
-2.000005E+1
-2.000005E+1
-2.000005E+1
-2.000005E+1
-2.000005E+1
-2.000005E+1
-2.000005E+1
-2.000005E+1
-2.000005E+1
-2.000005E+1
-2.000005E+1
-2.000005E+1
-2.000005E+1
-2.000005E+1
-2.000005E+1
-1.698949E+1
-1.698949E+1
-2.000005E+1
-2.000005E+1
-2.000005E+1
-2.000005E+1
-2.000005E+1
-2.000005E+1
-2.000005E+1
-1.849477E+1
-1.443022E+1
-1.319101E+1
-1.276324E+1
-1.292494E+1
-1.397893E+1
-2.000005E+1
-2.000005E+1
-2.000005E+1
-2.000005E+1
-2.000005E+1
-2.000005E+1
-2.000005E+1
-2.000005E+1
-2.000005E+1
-2.000005E+1
-2.000005E+1
-2.000005E+1
-2.000005E+1
-2.000005E+1
-2.000005E+1
-2.000005E+1
-2.000005E+1
-2.000005E+1
-2.000005E+1
-2.000005E+1
-2.000005E+1
-2.000005E+1
-1.284262E+1
-1.053913E+1
-9.463088E+0
-8.822168E+0
-8.388518E+0
-8.097458E+0
-7.899008E+0
-7.787288E+0
-7.732898E+0
-7.747598E+0
-7.810808E+0
-7.941638E+0
-8.143028E+0
-8.429678E+0
-8.795708E+0
-9.252878E+0
-9.773258E+0
-1.030099E+1
-1.077433E+1
-1.100218E+1
-1.093456E+1
-1.062439E+1
-1.018045E+1
-9.773258E+0
-9.429278E+0
-9.163208E+0
-8.977988E+0
-8.898608E+0
-8.911838E+0
-9.019148E+0
-9.222008E+0
-9.532178E+0
-9.977588E+0
-1.062439E+1
-1.150492E+1
-1.284262E+1
-1.548421E+1
-2.000005E+1
-2.000005E+1
-2.000005E+1
-1.761424E+1
-1.360555E+1
-1.198855E+1
-1.107274E+1
-1.045681E+1
-1.004374E+1
-9.811478E+0
-9.676238E+0
-9.676238E+0
-9.752678E+0
-9.893798E+0
-1.008784E+1
-1.032745E+1
-1.062439E+1
-1.096837E+1
-1.137850E+1
-1.193563E+1
-1.268680E+1
-1.384663E+1
-1.610896E+1
-2.000005E+1
-2.000005E+1
-2.000005E+1
-2.000005E+1
-1.522843E+1
-1.349383E+1
-1.247365E+1
-1.188271E+1
-1.168573E+1
-1.178275E+1
-1.227961E+1
-1.349383E+1
-2.000005E+1
-2.000005E+1
-2.000005E+1
-2.000005E+1
-2.000005E+1
-2.000005E+1
-2.000005E+1
-2.000005E+1
-2.000005E+1
-2.000005E+1
-2.000005E+1
-2.000005E+1
-2.000005E+1
-1.522843E+1
-1.276324E+1
-1.173277E+1
-1.103746E+1
-1.053913E+1
-1.018045E+1
-9.934958E+0
-9.773258E+0
-9.676238E+0
-9.658598E+0
-9.733568E+0
-9.934958E+0
-1.027747E+1
-1.080520E+1
-1.154902E+1
-1.284262E+1
-1.650439E+1
-2.000005E+1
-2.000005E+1
-2.000005E+1
-2.000005E+1
-2.000005E+1
-2.000005E+1
-2.000005E+1
-2.000005E+1
-2.000005E+1
-2.000005E+1
-2.000005E+1
-2.000005E+1
-2.000005E+1
-1.443022E+1
-1.234135E+1
-1.125796E+1
-1.056706E+1
-1.008784E+1
-9.752678E+0
-9.514538E+0
-9.330788E+0
-9.207308E+0
-9.075008E+0
-8.938298E+0
-8.772188E+0
-8.582558E+0
-8.367938E+0
-8.162138E+0
-7.975448E+0
-7.825508E+0
-7.732898E+0
-7.709378E+0
-7.747598E+0
-7.857848E+0
-8.035718E+0
-8.267978E+0
-8.548748E+0
-8.872148E+0
-9.238178E+0
-9.676238E+0
-1.022749E+1
-1.096837E+1
-1.221787E+1
-1.610896E+1
-2.000005E+1
-2.000005E+1
-2.000005E+1
-2.000005E+1
-2.000005E+1
-2.000005E+1
-2.000005E+1
-2.000005E+1
-2.000005E+1
-2.000005E+1
-1.183273E+1
-1.037743E+1
-9.602738E+0
-9.133808E+0
-8.858918E+0
-8.722208E+0
-8.710448E+0
-8.783948E+0
-8.925068E+0
-9.133808E+0
-9.379298E+0
-9.639488E+0
-9.893798E+0
-1.004374E+1
-1.010989E+1
-1.006579E+1
-9.955538E+0
-9.792368E+0
-9.602738E+0
-9.429278E+0
-9.283748E+0
-9.163208E+0
-9.075008E+0
-9.005918E+0
-8.964758E+0
-8.964758E+0
-9.005918E+0
-9.104408E+0
-9.283748E+0
-9.567458E+0
-9.977588E+0
-1.053913E+1
-1.137850E+1
-1.276324E+1
-1.650439E+1
-2.000005E+1
-2.000005E+1
-2.000005E+1
-2.000005E+1
-2.000005E+1
-2.000005E+1
-2.000005E+1
-2.000005E+1
-2.000005E+1
-2.000005E+1
-2.000005E+1
-2.000005E+1
-2.000005E+1
-2.000005E+1
-2.000005E+1
-2.000005E+1
-2.000005E+1
-2.000005E+1
-2.000005E+1
-2.000005E+1
-2.000005E+1
-2.000005E+1
-2.000005E+1
-2.000005E+1
-2.000005E+1
-2.000005E+1
-1.650439E+1
-1.577380E+1
-1.548421E+1
-1.548421E+1
-1.548421E+1
-1.499911E+1
-1.443022E+1
-1.360555E+1
-1.284262E+1
-1.210027E+1
-1.150492E+1
-1.093456E+1
-1.043035E+1
-9.999638E+0
-9.621848E+0
-9.330788E+0
-9.104408E+0
-8.951528E+0
-8.872148E+0
-8.858918E+0
-8.898608E+0
-8.992688E+0
-9.133808E+0
-9.299918E+0
-9.496898E+0
-9.695348E+0
-9.934958E+0
-1.020397E+1
-1.048327E+1
-1.083607E+1
-1.125796E+1
-1.183273E+1
-1.261330E+1
-1.372315E+1
-1.522843E+1
-1.650439E+1
-1.610896E+1
-1.397893E+1
-1.227961E+1
-1.096837E+1
-9.955538E+0
-9.177908E+0
-8.594318E+0
-8.162138E+0
-7.874018E+0
-7.702028E+0
-7.643228E+0
-7.679978E+0
-7.818158E+0
-8.026898E+0
-8.316488E+0
-8.663408E+0
-9.104408E+0
-9.658598E+0
-1.040389E+1
-1.150492E+1
-1.372315E+1
-2.000005E+1
-2.000005E+1
-2.000005E+1
-2.000005E+1
-2.000005E+1
-2.000005E+1
-2.000005E+1
-2.000005E+1
-2.000005E+1
-2.000005E+1
-2.000005E+1
-2.000005E+1
-2.000005E+1
-2.000005E+1
-2.000005E+1
-2.000005E+1
-2.000005E+1
-2.000005E+1
-2.000005E+1
-2.000005E+1
-2.000005E+1
-2.000005E+1
-1.499911E+1
-1.443022E+1
-1.479331E+1
-1.650439E+1
-2.000005E+1
-2.000005E+1
-2.000005E+1
-2.000005E+1
-2.000005E+1
-2.000005E+1
-2.000005E+1
-2.000005E+1
-2.000005E+1
-1.698949E+1
-1.360555E+1
-1.234135E+1
-1.154902E+1
-1.100218E+1
-1.062439E+1
-1.035244E+1
-1.013341E+1
-9.934958E+0
-9.752678E+0
-9.567458E+0
-9.379298E+0
-9.177908E+0
-8.977988E+0
-8.795708E+0
-8.628128E+0
-8.482598E+0
-8.378228E+0
-8.326778E+0
-8.347358E+0
-8.439968E+0
-8.604608E+0
-8.872148E+0
-9.252878E+0
-9.752678E+0
-1.035244E+1
-1.110802E+1
-1.188271E+1
-1.268680E+1
-1.319101E+1
-1.328803E+1
-1.309840E+1
-1.292494E+1
-1.284262E+1
-1.284262E+1
-1.301020E+1
-1.338799E+1
-1.397893E+1
-1.460368E+1
-1.522843E+1
-1.577380E+1
-1.577380E+1
-1.499911E+1
-1.443022E+1
-1.360555E+1
-1.301020E+1
-1.234135E+1
-1.178275E+1
-1.125796E+1
-1.080520E+1
-1.043035E+1
-1.013341E+1
-9.873218E+0
-9.676238E+0
-9.549818E+0
-9.463088E+0
-9.429278E+0
-9.446918E+0
-9.514538E+0
-9.658598E+0
-9.893798E+0
-1.022749E+1
-1.071259E+1
-1.146082E+1
-1.276324E+1
-1.650439E+1
-2.000005E+1
-2.000005E+1
-2.000005E+1
-2.000005E+1
-2.000005E+1
-2.000005E+1
-2.000005E+1
-2.000005E+1
-2.000005E+1
-2.000005E+1
-2.000005E+1
-2.000005E+1
-1.548421E+1
-1.268680E+1
-1.146082E+1
-1.074346E+1
-1.032745E+1
-1.010989E+1
-1.010989E+1
-1.030099E+1
-1.071259E+1
-1.141966E+1
-1.261330E+1
-1.522843E+1
-2.000005E+1
-2.000005E+1
-2.000005E+1
-2.000005E+1
-2.000005E+1
-2.000005E+1
-2.000005E+1
-2.000005E+1
-2.000005E+1
-2.000005E+1
-2.000005E+1
-2.000005E+1
-2.000005E+1
-2.000005E+1
-2.000005E+1
-2.000005E+1
-2.000005E+1
-2.000005E+1
-2.000005E+1
-2.000005E+1
-2.000005E+1
-2.000005E+1
-2.000005E+1
-2.000005E+1
-1.761424E+1
-1.426852E+1
-1.360555E+1
-1.360555E+1
-1.426852E+1
-1.650439E+1
-2.000005E+1
-2.000005E+1
-2.000005E+1
-2.000005E+1
-2.000005E+1
-2.000005E+1
-2.000005E+1
-2.000005E+1
-2.000005E+1
-2.000005E+1
-2.000005E+1
-2.000005E+1
-2.000005E+1
-2.000005E+1
-2.000005E+1
-1.349383E+1
-1.210027E+1
-1.137850E+1
-1.096837E+1
-1.062439E+1
-1.032745E+1
-9.999638E+0
-9.639488E+0
-9.299918E+0
-8.977988E+0
-8.698688E+0
-8.494358E+0
-8.367938E+0
-8.347358E+0
-8.429678E+0
-8.628128E+0
-8.977988E+0
-9.496898E+0
-1.022749E+1
-1.133734E+1
-1.328803E+1
-2.000005E+1
-2.000005E+1
-2.000005E+1
-2.000005E+1
-2.000005E+1
-2.000005E+1
-2.000005E+1
-2.000005E+1
-2.000005E+1
-2.000005E+1
-2.000005E+1
-1.384663E+1
-1.247365E+1
-1.168573E+1
-1.121974E+1
-1.096837E+1
-1.090222E+1
-1.093456E+1
-1.107274E+1
-1.121974E+1
-1.133734E+1
-1.137850E+1
-1.137850E+1
-1.133734E+1
-1.125796E+1
-1.125796E+1
-1.137850E+1
-1.168573E+1
-1.227961E+1
-1.328803E+1
-1.548421E+1
-2.000005E+1
-2.000005E+1
-2.000005E+1
-2.000005E+1
-2.000005E+1
-2.000005E+1
-1.548421E+1
-1.301020E+1
-1.193563E+1
-1.133734E+1
-1.103746E+1
-1.090222E+1
-1.096837E+1
-1.118152E+1
-1.154902E+1
-1.215907E+1
-1.319101E+1
-1.548421E+1
-2.000005E+1
-2.000005E+1
-2.000005E+1
-2.000005E+1
-2.000005E+1
-2.000005E+1
-2.000005E+1
-2.000005E+1
-2.000005E+1
-2.000005E+1
-2.000005E+1
-2.000005E+1
-2.000005E+1
-2.000005E+1
-2.000005E+1
-2.000005E+1
-2.000005E+1
-2.000005E+1
-1.650439E+1
-1.198855E+1
-1.077433E+1
-1.013341E+1
-9.792368E+0
-9.676238E+0
-9.695348E+0
-9.893798E+0
-1.022749E+1
-1.074346E+1
-1.150492E+1
-1.254274E+1
-1.426852E+1
-2.000005E+1
-2.000005E+1
-2.000005E+1
-2.000005E+1
-2.000005E+1
-2.000005E+1
-2.000005E+1
-2.000005E+1
-2.000005E+1
-2.000005E+1
-2.000005E+1
-2.000005E+1
-2.000005E+1
-2.000005E+1
-2.000005E+1
-2.000005E+1
-2.000005E+1
-2.000005E+1
-2.000005E+1
-2.000005E+1
-2.000005E+1
-2.000005E+1
-2.000005E+1
-2.000005E+1
-2.000005E+1
-2.000005E+1
-2.000005E+1
-2.000005E+1
-2.000005E+1
-2.000005E+1
-2.000005E+1
-2.000005E+1
-2.000005E+1
-2.000005E+1
-2.000005E+1
-2.000005E+1
-2.000005E+1
-2.000005E+1
-2.000005E+1
-2.000005E+1
-2.000005E+1
-2.000005E+1
-2.000005E+1
-1.479331E+1
-1.183273E+1
-1.071259E+1
-1.006579E+1
-9.658598E+0
-9.413108E+0
-9.269048E+0
-9.222008E+0
-9.222008E+0
-9.238178E+0
-9.238178E+0
-9.222008E+0
-9.163208E+0
-9.061778E+0
-8.951528E+0
-8.847158E+0
-8.772188E+0
-8.722208E+0
-8.698688E+0
-8.722208E+0
-8.783948E+0
-8.858918E+0
-8.951528E+0
-9.047078E+0
-9.133808E+0
-9.207308E+0
-9.252878E+0
-9.283748E+0
-9.252878E+0
-9.207308E+0
-9.133808E+0
-9.033848E+0
-8.951528E+0
-8.898608E+0
-8.885378E+0
-8.964758E+0
-9.148508E+0
-9.446918E+0
-9.893798E+0
-1.051120E+1
-1.137850E+1
-1.268680E+1
-1.479331E+1
-2.000005E+1
-2.000005E+1
-2.000005E+1
-2.000005E+1
-2.000005E+1
-2.000005E+1
-2.000005E+1
-2.000005E+1
-2.000005E+1
-2.000005E+1
-2.000005E+1
-2.000005E+1
-2.000005E+1
-2.000005E+1
-2.000005E+1
-2.000005E+1
-2.000005E+1
-1.650439E+1
-1.360555E+1
-1.254274E+1
-1.198855E+1
-1.173277E+1
-1.168573E+1
-1.193563E+1
-1.254274E+1
-1.372315E+1
-2.000005E+1
-2.000005E+1
-2.000005E+1
-2.000005E+1
-2.000005E+1
-2.000005E+1
-2.000005E+1
-2.000005E+1
-2.000005E+1
-2.000005E+1
-2.000005E+1
-2.000005E+1
-2.000005E+1
-2.000005E+1
-2.000005E+1
-2.000005E+1
-2.000005E+1
-2.000005E+1
-2.000005E+1
-2.000005E+1
-1.522843E+1
-1.221787E+1
-1.103746E+1
-1.027747E+1
-9.773258E+0
-9.396938E+0
-9.163208E+0
-9.019148E+0
-8.964758E+0
-9.005918E+0
-9.119108E+0
-9.346958E+0
-9.676238E+0
-1.010989E+1
-1.068319E+1
-1.137850E+1
-1.221787E+1
-1.338799E+1
-1.548421E+1
-2.000005E+1
-2.000005E+1
-2.000005E+1
-2.000005E+1
-2.000005E+1
-2.000005E+1
-2.000005E+1
-2.000005E+1
-2.000005E+1
-2.000005E+1
-2.000005E+1
-2.000005E+1
-2.000005E+1
-2.000005E+1
-2.000005E+1
-2.000005E+1
-2.000005E+1
-2.000005E+1
-2.000005E+1
-2.000005E+1
-2.000005E+1
-2.000005E+1
-2.000005E+1
-2.000005E+1
-2.000005E+1
-2.000005E+1
-2.000005E+1
-2.000005E+1
-2.000005E+1
-2.000005E+1
-2.000005E+1
-2.000005E+1
-2.000005E+1
-2.000005E+1
-2.000005E+1
-1.761424E+1
-1.372315E+1
-1.328803E+1
-1.384663E+1
-1.761424E+1
-2.000005E+1
-2.000005E+1
-2.000005E+1
-2.000005E+1
-2.000005E+1
-2.000005E+1
-2.000005E+1
-2.000005E+1
-2.000005E+1
-2.000005E+1
-2.000005E+1
-2.000005E+1
-2.000005E+1
-2.000005E+1
-2.000005E+1
-2.000005E+1
-2.000005E+1
-2.000005E+1
-2.000005E+1
-1.443022E+1
-1.319101E+1
-1.292494E+1
-1.328803E+1
-1.522843E+1
-2.000005E+1
-2.000005E+1
-2.000005E+1
-2.000005E+1
-2.000005E+1
-2.000005E+1
-2.000005E+1
-2.000005E+1
-2.000005E+1
-2.000005E+1
-2.000005E+1
-2.000005E+1
-2.000005E+1
-2.000005E+1
-2.000005E+1
-1.397893E+1
-1.198855E+1
-1.107274E+1
-1.059499E+1
-1.027747E+1
-1.004374E+1
-9.852638E+0
-9.658598E+0
-9.379298E+0
-9.061778E+0
-8.686928E+0
-8.306198E+0
-7.948988E+0
-7.635878E+0
-7.374218E+0
-7.181648E+0
-7.061108E+0
-7.011128E+0
-7.021418E+0
-7.089038E+0
-7.211048E+0
-7.380098E+0
-7.584428E+0
-7.801988E+0
-8.044538E+0
-8.306198E+0
-8.616368E+0
-9.005918E+0
-9.480728E+0
-1.013341E+1
-1.103746E+1
-1.254274E+1
-1.610896E+1
-2.000005E+1
-2.000005E+1
-2.000005E+1
-1.650439E+1
-1.268680E+1
-1.114477E+1
-1.018045E+1
-9.567458E+0
-9.148508E+0
-8.872148E+0
-8.735438E+0
-8.686928E+0
-8.735438E+0
-8.885378E+0
-9.104408E+0
-9.429278E+0
-9.832058E+0
-1.040389E+1
-1.118152E+1
-1.240750E+1
