Date/Time	2022-06-05 05:40:23
Line location	1
Line name	A1
OTDR wavelength [nm]	1550
OTDR pulse duration [ns]	2
OTDR scan time [s]	10
OTDR scan length [m]	1.500000E+2
Length offset [m]	0.000000E+0
Length increment [m]	3.996806E-2
Switch ID	VIAVI Solutions,OTU 8000E,11654,FO,16.76
OTDR ID	JDSU,OTU 8000E,11654,OTU(SmartOTU),V7.22

Reflected amplitude [dB]
8.259720E-1
8.171520E-1
7.877520E-1
7.465920E-1
7.054320E-1
6.701520E-1
6.436920E-1
6.245820E-1
6.245820E-1
6.672120E-1
7.539420E-1
8.700720E-1
1.009722E+0
1.152312E+0
1.278732E+0
1.375752E+0
1.447782E+0
1.499232E+0
1.534512E+0
1.552152E+0
1.543332E+0
1.503642E+0
1.425732E+0
1.312542E+0
1.178772E+0
1.037652E+0
9.024120E-1
7.789320E-1
6.569220E-1
5.378520E-1
4.276020E-1
3.291120E-1
2.453220E-1
1.777020E-1
1.203720E-1
7.480200E-2
3.805200E-2
5.712000E-3
-1.927800E-2
-4.132800E-2
-6.190800E-2
-7.954800E-2
-9.424800E-2
-1.104180E-1
-1.236480E-1
-1.368780E-1
-1.501080E-1
-1.633380E-1
-1.750980E-1
-1.883280E-1
-2.015580E-1
-2.133180E-1
-2.265480E-1
-2.383080E-1
-2.500680E-1
-2.588880E-1
-2.662380E-1
-2.721180E-1
-2.765280E-1
-2.809380E-1
-2.853480E-1
-2.882880E-1
-2.926980E-1
-2.985780E-1
-3.029880E-1
-3.059280E-1
-3.088680E-1
-3.103380E-1
-3.073980E-1
-3.029880E-1
-2.941680E-1
-2.824080E-1
-2.677080E-1
-2.500680E-1
-2.309580E-1
-2.103780E-1
-1.883280E-1
-1.677480E-1
-1.486380E-1
-1.324680E-1
-1.192380E-1
-1.118880E-1
-1.089480E-1
-1.104180E-1
-1.177680E-1
-1.309980E-1
-1.486380E-1
-1.706880E-1
-1.956780E-1
-2.221380E-1
-2.500680E-1
-2.779980E-1
-3.044580E-1
-3.294480E-1
-3.529680E-1
-3.720780E-1
-3.882480E-1
-4.014780E-1
-4.102980E-1
-4.176480E-1
-4.205880E-1
-4.220580E-1
-4.220580E-1
-4.191180E-1
-4.176480E-1
-4.147080E-1
-4.132380E-1
-4.117680E-1
-4.117680E-1
-4.132380E-1
-4.147080E-1
-4.176480E-1
-4.205880E-1
-4.220580E-1
-4.249980E-1
-4.264680E-1
-4.279380E-1
-4.294080E-1
-4.308780E-1
-4.308780E-1
-4.323480E-1
-4.323480E-1
-4.323480E-1
-4.308780E-1
-4.294080E-1
-4.279380E-1
-4.249980E-1
-4.235280E-1
-4.220580E-1
-4.235280E-1
-4.264680E-1
-4.308780E-1
-4.367580E-1
-4.441080E-1
-4.529280E-1
-4.602780E-1
-4.676280E-1
-4.735080E-1
-4.779180E-1
-4.808580E-1
-4.823280E-1
-4.837980E-1
-4.852680E-1
-4.867380E-1
-4.382280E-1
-1.589280E-1
5.613720E-1
1.669752E+0
2.906022E+0
4.079082E+0
5.112492E+0
5.988612E+0
6.714792E+0
7.314552E+0
7.808472E+0
8.211252E+0
8.527302E+0
8.763972E+0
8.925672E+0
9.019752E+0
9.053562E+0
9.030042E+0
8.953602E+0
8.828652E+0
8.652252E+0
8.428812E+0
8.158332E+0
7.846692E+0
7.492422E+0
7.099932E+0
6.670692E+0
6.212052E+0
5.729892E+0
5.231562E+0
4.725882E+0
4.218732E+0
3.727752E+0
3.272052E+0
2.861922E+0
2.506182E+0
2.200422E+0
1.935822E+0
1.705032E+0
1.502172E+0
1.319892E+0
1.147902E+0
9.803220E-1
8.098020E-1
6.436920E-1
4.878720E-1
3.335220E-1
1.865220E-1
6.010200E-2
-4.279800E-2
-1.265880E-1
-1.927380E-1
-2.456580E-1
-2.853480E-1
-3.162180E-1
-3.382680E-1
-3.544380E-1
-3.647280E-1
-3.720780E-1
-3.764880E-1
-3.794280E-1
-3.808980E-1
-3.838380E-1
-3.867780E-1
-3.897180E-1
-3.926580E-1
-3.955980E-1
-3.970680E-1
-3.985380E-1
-3.985380E-1
-3.985380E-1
-3.985380E-1
-3.970680E-1
-3.955980E-1
-3.955980E-1
-3.941280E-1
-3.941280E-1
-3.955980E-1
-3.970680E-1
-3.985380E-1
-4.014780E-1
-4.058880E-1
-4.117680E-1
-4.176480E-1
-4.264680E-1
-4.352880E-1
-4.441080E-1
-4.529280E-1
-4.617480E-1
-4.705680E-1
-4.764480E-1
-4.823280E-1
-4.852680E-1
-4.882080E-1
-4.896780E-1
-4.896780E-1
-4.882080E-1
-4.867380E-1
-4.852680E-1
-4.837980E-1
-4.808580E-1
-4.779180E-1
-4.749780E-1
-4.720380E-1
-4.676280E-1
-4.632180E-1
-4.588080E-1
-4.543980E-1
-4.499880E-1
-4.441080E-1
-4.396980E-1
-4.338180E-1
-4.294080E-1
-4.249980E-1
-4.220580E-1
-4.176480E-1
-4.147080E-1
-4.117680E-1
-4.088280E-1
-4.058880E-1
-4.029480E-1
-4.014780E-1
-4.000080E-1
-3.985380E-1
-4.000080E-1
-4.000080E-1
-4.029480E-1
-4.044180E-1
-4.073580E-1
-4.102980E-1
-4.117680E-1
-4.132380E-1
-4.132380E-1
-4.132380E-1
-4.102980E-1
-4.058880E-1
-4.000080E-1
-3.911880E-1
-3.823680E-1
-3.706080E-1
-3.603180E-1
-3.500280E-1
-3.412080E-1
-3.338580E-1
-3.294480E-1
-3.279780E-1
-3.294480E-1
-3.338580E-1
-3.412080E-1
-3.514980E-1
-3.647280E-1
-3.779580E-1
-3.926580E-1
-4.088280E-1
-4.220580E-1
-4.352880E-1
-4.455780E-1
-4.543980E-1
-4.602780E-1
-4.632180E-1
-4.646880E-1
-4.646880E-1
-4.632180E-1
-4.617480E-1
-4.602780E-1
-4.602780E-1
-4.602780E-1
-4.602780E-1
-4.617480E-1
-4.632180E-1
-4.646880E-1
-4.676280E-1
-4.690980E-1
-4.720380E-1
-4.749780E-1
-4.764480E-1
-4.779180E-1
-4.793880E-1
-4.808580E-1
-4.793880E-1
-4.793880E-1
-4.764480E-1
-4.735080E-1
-4.690980E-1
-4.646880E-1
-4.588080E-1
-4.529280E-1
-4.470480E-1
-4.426380E-1
-4.396980E-1
-4.382280E-1
-4.382280E-1
-4.367580E-1
-4.367580E-1
-4.367580E-1
-4.352880E-1
-4.308780E-1
-4.235280E-1
-4.147080E-1
-4.044180E-1
-3.911880E-1
-3.764880E-1
-3.617880E-1
-3.485580E-1
-3.353280E-1
-3.220980E-1
-3.118080E-1
-3.044580E-1
-2.985780E-1
-2.941680E-1
-2.941680E-1
-2.971080E-1
-3.029880E-1
-3.103380E-1
-3.191580E-1
-3.309180E-1
-3.412080E-1
-3.529680E-1
-3.647280E-1
-3.735480E-1
-3.823680E-1
-3.882480E-1
-3.941280E-1
-3.970680E-1
-4.000080E-1
-4.029480E-1
-4.044180E-1
-4.073580E-1
-4.102980E-1
-4.132380E-1
-4.176480E-1
-4.220580E-1
-4.264680E-1
-4.323480E-1
-4.382280E-1
-4.441080E-1
-4.499880E-1
-4.558680E-1
-4.617480E-1
-4.661580E-1
-4.705680E-1
-4.720380E-1
-4.735080E-1
-4.735080E-1
-4.720380E-1
-4.705680E-1
-4.676280E-1
-4.661580E-1
-4.646880E-1
-4.632180E-1
-4.617480E-1
-4.617480E-1
-4.617480E-1
-4.617480E-1
-4.617480E-1
-4.617480E-1
-4.617480E-1
-4.602780E-1
-4.573380E-1
-4.543980E-1
-4.499880E-1
-4.441080E-1
-4.367580E-1
-4.264680E-1
-4.161780E-1
-4.044180E-1
-3.926580E-1
-3.794280E-1
-3.676680E-1
-3.559080E-1
-3.470880E-1
-3.397380E-1
-3.338580E-1
-3.309180E-1
-3.309180E-1
-3.338580E-1
-3.382680E-1
-3.470880E-1
-3.573780E-1
-3.706080E-1
-3.853080E-1
-4.014780E-1
-4.191180E-1
-4.367580E-1
-4.543980E-1
-4.705680E-1
-4.837980E-1
-4.940880E-1
-5.014380E-1
-5.058480E-1
-5.058480E-1
-5.043780E-1
-5.014380E-1
-4.955580E-1
-4.896780E-1
-4.852680E-1
-4.793880E-1
-4.749780E-1
-4.705680E-1
-4.676280E-1
-4.661580E-1
-4.632180E-1
-4.617480E-1
-4.588080E-1
-4.558680E-1
-4.514580E-1
-4.470480E-1
-4.426380E-1
-4.367580E-1
-4.323480E-1
-4.279380E-1
-4.235280E-1
-4.191180E-1
-4.161780E-1
-4.147080E-1
-4.132380E-1
-4.117680E-1
-4.117680E-1
-4.117680E-1
-4.117680E-1
-4.117680E-1
-4.132380E-1
-4.132380E-1
-4.117680E-1
-4.102980E-1
-4.088280E-1
-4.088280E-1
-4.073580E-1
-4.088280E-1
-4.102980E-1
-4.147080E-1
-4.205880E-1
-4.264680E-1
-4.352880E-1
-4.411680E-1
-4.485180E-1
-4.529280E-1
-4.558680E-1
-4.573380E-1
-4.558680E-1
-4.529280E-1
-4.485180E-1
-4.441080E-1
-4.382280E-1
-4.352880E-1
-4.308780E-1
-4.294080E-1
-4.279380E-1
-4.294080E-1
-4.308780E-1
-4.338180E-1
-4.352880E-1
-4.382280E-1
-4.396980E-1
-4.411680E-1
-4.411680E-1
-4.396980E-1
-4.382280E-1
-4.352880E-1
-4.338180E-1
-4.338180E-1
-4.338180E-1
-4.352880E-1
-4.382280E-1
-4.426380E-1
-4.470480E-1
-4.499880E-1
-4.529280E-1
-4.558680E-1
-4.558680E-1
-4.558680E-1
-4.543980E-1
-4.514580E-1
-4.485180E-1
-4.455780E-1
-4.426380E-1
-4.396980E-1
-4.367580E-1
-4.338180E-1
-4.294080E-1
-4.264680E-1
-4.235280E-1
-4.220580E-1
-4.191180E-1
-4.191180E-1
-4.176480E-1
-4.176480E-1
-4.176480E-1
-4.176480E-1
-4.161780E-1
-4.176480E-1
-4.176480E-1
-4.191180E-1
-4.205880E-1
-4.235280E-1
-4.264680E-1
-4.308780E-1
-4.352880E-1
-4.411680E-1
-4.455780E-1
-4.499880E-1
-4.543980E-1
-4.588080E-1
-4.632180E-1
-4.676280E-1
-4.735080E-1
-4.793880E-1
-4.852680E-1
-4.926180E-1
-4.999680E-1
-5.058480E-1
-5.117280E-1
-5.161380E-1
-5.176080E-1
-5.190780E-1
-5.176080E-1
-5.161380E-1
-5.131980E-1
-5.117280E-1
-5.087880E-1
-5.073180E-1
-5.058480E-1
-5.073180E-1
-5.087880E-1
-5.117280E-1
-5.161380E-1
-5.205480E-1
-5.249580E-1
-5.264280E-1
-5.278980E-1
-5.264280E-1
-5.220180E-1
-5.161380E-1
-5.087880E-1
-5.014380E-1
-4.940880E-1
-4.882080E-1
-4.837980E-1
-4.808580E-1
-4.793880E-1
-4.793880E-1
-4.793880E-1
-4.793880E-1
-4.779180E-1
-4.764480E-1
-4.749780E-1
-4.720380E-1
-4.676280E-1
-4.617480E-1
-4.558680E-1
-4.499880E-1
-4.411680E-1
-4.323480E-1
-4.235280E-1
-4.117680E-1
-4.014780E-1
-3.897180E-1
-3.779580E-1
-3.661980E-1
-3.573780E-1
-3.500280E-1
-3.441480E-1
-3.412080E-1
-3.412080E-1
-3.426780E-1
-3.456180E-1
-3.500280E-1
-3.544380E-1
-3.588480E-1
-3.632580E-1
-3.691380E-1
-3.735480E-1
-3.808980E-1
-3.882480E-1
-3.985380E-1
-4.073580E-1
-4.176480E-1
-4.279380E-1
-4.367580E-1
-4.441080E-1
-4.499880E-1
-4.529280E-1
-4.558680E-1
-4.558680E-1
-4.543980E-1
-4.514580E-1
-4.485180E-1
-4.441080E-1
-4.382280E-1
-4.323480E-1
-4.279380E-1
-4.235280E-1
-4.191180E-1
-4.161780E-1
-4.147080E-1
-4.147080E-1
-4.147080E-1
-4.161780E-1
-4.176480E-1
-4.205880E-1
-4.220580E-1
-4.249980E-1
-4.264680E-1
-4.294080E-1
-4.308780E-1
-4.308780E-1
-4.308780E-1
-4.308780E-1
-4.308780E-1
-4.308780E-1
-4.308780E-1
-4.338180E-1
-4.367580E-1
-4.426380E-1
-4.485180E-1
-4.573380E-1
-4.661580E-1
-4.735080E-1
-4.808580E-1
-4.867380E-1
-4.911480E-1
-4.926180E-1
-4.911480E-1
-4.882080E-1
-4.823280E-1
-4.749780E-1
-4.646880E-1
-4.543980E-1
-4.441080E-1
-4.338180E-1
-4.249980E-1
-4.176480E-1
-4.117680E-1
-4.073580E-1
-4.058880E-1
-4.058880E-1
-4.073580E-1
-4.088280E-1
-4.117680E-1
-4.147080E-1
-4.176480E-1
-4.205880E-1
-4.220580E-1
-4.235280E-1
-4.235280E-1
-4.235280E-1
-4.220580E-1
-4.205880E-1
-4.205880E-1
-4.191180E-1
-4.191180E-1
-4.205880E-1
-4.235280E-1
-4.264680E-1
-4.308780E-1
-4.367580E-1
-4.411680E-1
-4.455780E-1
-4.485180E-1
-4.514580E-1
-4.514580E-1
-4.499880E-1
-4.470480E-1
-4.426380E-1
-4.382280E-1
-4.338180E-1
-4.294080E-1
-4.249980E-1
-4.235280E-1
-4.220580E-1
-4.220580E-1
-4.235280E-1
-4.249980E-1
-4.294080E-1
-4.323480E-1
-4.367580E-1
-4.426380E-1
-4.470480E-1
-4.529280E-1
-4.588080E-1
-4.646880E-1
-4.705680E-1
-4.749780E-1
-4.793880E-1
-4.837980E-1
-4.852680E-1
-4.837980E-1
-4.808580E-1
-4.779180E-1
-4.720380E-1
-4.661580E-1
-4.602780E-1
-4.543980E-1
-4.499880E-1
-4.455780E-1
-4.441080E-1
-4.426380E-1
-4.426380E-1
-4.426380E-1
-4.441080E-1
-4.455780E-1
-4.470480E-1
-4.499880E-1
-4.529280E-1
-4.558680E-1
-4.588080E-1
-4.617480E-1
-4.646880E-1
-4.661580E-1
-4.676280E-1
-4.676280E-1
-4.676280E-1
-4.646880E-1
-4.617480E-1
-4.573380E-1
-4.529280E-1
-4.485180E-1
-4.455780E-1
-4.426380E-1
-4.426380E-1
-4.441080E-1
-4.470480E-1
-4.514580E-1
-4.558680E-1
-4.617480E-1
-4.661580E-1
-4.720380E-1
-4.764480E-1
-4.793880E-1
-4.823280E-1
-4.852680E-1
-4.882080E-1
-4.911480E-1
-4.940880E-1
-4.984980E-1
-5.014380E-1
-5.043780E-1
-5.073180E-1
-5.087880E-1
-5.073180E-1
-5.058480E-1
-5.029080E-1
-4.984980E-1
-4.926180E-1
-4.882080E-1
-4.852680E-1
-4.837980E-1
-4.837980E-1
-4.837980E-1
-4.852680E-1
-4.867380E-1
-4.867380E-1
-4.867380E-1
-4.852680E-1
-4.808580E-1
-4.764480E-1
-4.705680E-1
-4.661580E-1
-4.602780E-1
-4.558680E-1
-4.529280E-1
-4.499880E-1
-4.485180E-1
-4.485180E-1
-4.485180E-1
-4.499880E-1
-4.514580E-1
-4.543980E-1
-4.573380E-1
-4.602780E-1
-4.632180E-1
-4.661580E-1
-4.690980E-1
-4.690980E-1
-4.690980E-1
-4.690980E-1
-4.661580E-1
-4.617480E-1
-4.573380E-1
-4.529280E-1
-4.485180E-1
-4.455780E-1
-4.426380E-1
-4.411680E-1
-4.396980E-1
-4.396980E-1
-4.396980E-1
-4.396980E-1
-4.396980E-1
-4.382280E-1
-4.367580E-1
-4.352880E-1
-4.323480E-1
-4.308780E-1
-4.308780E-1
-4.323480E-1
-4.367580E-1
-4.426380E-1
-4.499880E-1
-4.588080E-1
-4.690980E-1
-4.808580E-1
-4.896780E-1
-4.984980E-1
-5.043780E-1
-5.087880E-1
-5.117280E-1
-5.117280E-1
-5.117280E-1
-5.087880E-1
-5.058480E-1
-5.029080E-1
-4.984980E-1
-4.940880E-1
-4.896780E-1
-4.852680E-1
-4.808580E-1
-4.764480E-1
-4.705680E-1
-4.632180E-1
-4.573380E-1
-4.499880E-1
-4.411680E-1
-4.323480E-1
-4.249980E-1
-4.161780E-1
-4.102980E-1
-4.044180E-1
-4.000080E-1
-3.970680E-1
-3.955980E-1
-3.941280E-1
-3.955980E-1
-3.970680E-1
-4.000080E-1
-4.044180E-1
-4.088280E-1
-4.132380E-1
-4.191180E-1
-4.249980E-1
-4.308780E-1
-4.382280E-1
-4.426380E-1
-4.485180E-1
-4.514580E-1
-4.543980E-1
-4.543980E-1
-4.543980E-1
-4.529280E-1
-4.499880E-1
-4.485180E-1
-4.455780E-1
-4.441080E-1
-4.426380E-1
-4.411680E-1
-4.396980E-1
-4.396980E-1
-4.396980E-1
-4.396980E-1
-4.411680E-1
-4.441080E-1
-4.470480E-1
-4.514580E-1
-4.558680E-1
-4.602780E-1
-4.646880E-1
-4.676280E-1
-4.705680E-1
-4.720380E-1
-4.735080E-1
-4.735080E-1
-4.735080E-1
-4.720380E-1
-4.720380E-1
-4.705680E-1
-4.690980E-1
-4.676280E-1
-4.646880E-1
-4.602780E-1
-4.573380E-1
-4.514580E-1
-4.455780E-1
-4.396980E-1
-4.338180E-1
-4.264680E-1
-4.205880E-1
-4.147080E-1
-4.102980E-1
-4.073580E-1
-4.058880E-1
-4.073580E-1
-4.102980E-1
-4.161780E-1
-4.235280E-1
-4.323480E-1
-4.411680E-1
-4.499880E-1
-4.573380E-1
-4.617480E-1
-4.632180E-1
-4.646880E-1
-4.617480E-1
-4.602780E-1
-4.573380E-1
-4.543980E-1
-4.514580E-1
-4.499880E-1
-4.499880E-1
-4.499880E-1
-4.499880E-1
-4.499880E-1
-4.499880E-1
-4.485180E-1
-4.455780E-1
-4.426380E-1
-4.411680E-1
-4.382280E-1
-4.367580E-1
-4.382280E-1
-4.396980E-1
-4.441080E-1
-4.485180E-1
-4.543980E-1
-4.617480E-1
-4.690980E-1
-4.749780E-1
-4.823280E-1
-4.867380E-1
-4.926180E-1
-4.970280E-1
-4.999680E-1
-5.029080E-1
-5.043780E-1
-5.043780E-1
-5.043780E-1
-5.043780E-1
-5.014380E-1
-4.999680E-1
-4.955580E-1
-4.911480E-1
-4.867380E-1
-4.793880E-1
-4.735080E-1
-4.661580E-1
-4.588080E-1
-4.529280E-1
-4.470480E-1
-4.441080E-1
-4.426380E-1
-4.441080E-1
-4.455780E-1
-4.485180E-1
-4.514580E-1
-4.558680E-1
-4.588080E-1
-4.602780E-1
-4.617480E-1
-4.632180E-1
-4.617480E-1
-4.617480E-1
-4.602780E-1
-4.573380E-1
-4.558680E-1
-4.529280E-1
-4.499880E-1
-4.485180E-1
-4.455780E-1
-4.426380E-1
-4.396980E-1
-4.367580E-1
-4.338180E-1
-4.323480E-1
-4.294080E-1
-4.279380E-1
-4.264680E-1
-4.249980E-1
-4.220580E-1
-4.205880E-1
-4.191180E-1
-4.191180E-1
-4.205880E-1
-4.220580E-1
-4.279380E-1
-4.352880E-1
-4.455780E-1
-4.588080E-1
-4.764480E-1
-4.955580E-1
-5.176080E-1
-5.440680E-1
-5.719980E-1
-6.043380E-1
-6.381480E-1
-6.748980E-1
-7.131180E-1
-7.513380E-1
-7.895580E-1
-8.263080E-1
-8.630580E-1
-8.953980E-1
-9.262680E-1
-9.541980E-1
-9.806580E-1
-1.005648E+0
-1.029168E+0
-1.051218E+0
-1.070328E+0
-1.089438E+0
-1.107078E+0
-1.120308E+0
-1.133538E+0
-1.143828E+0
-1.151178E+0
-1.158528E+0
-1.164408E+0
-1.168818E+0
-1.171758E+0
-1.174698E+0
-1.177638E+0
-1.179108E+0
-1.179108E+0
-1.177638E+0
-1.176168E+0
-1.173228E+0
-1.168818E+0
-1.164408E+0
-1.158528E+0
-1.151178E+0
-1.143828E+0
-1.137948E+0
-1.132068E+0
-1.127658E+0
-1.124718E+0
-1.123248E+0
-1.124718E+0
-1.124718E+0
-1.127658E+0
-1.129128E+0
-1.129128E+0
-1.129128E+0
-1.127658E+0
-1.126188E+0
-1.123248E+0
-1.120308E+0
-1.117368E+0
-1.114428E+0
-1.114428E+0
-1.115898E+0
-1.120308E+0
-1.127658E+0
-1.136478E+0
-1.146768E+0
-1.157058E+0
-1.167348E+0
-1.174698E+0
-1.182048E+0
-1.184988E+0
-1.186458E+0
-1.184988E+0
-1.183518E+0
-1.180578E+0
-1.177638E+0
-1.174698E+0
-1.173228E+0
-1.173228E+0
-1.174698E+0
-1.177638E+0
-1.183518E+0
-1.189398E+0
-1.196748E+0
-1.205568E+0
-1.215858E+0
-1.224678E+0
-1.234968E+0
-1.242318E+0
-1.249668E+0
-1.255548E+0
-1.258488E+0
-1.261428E+0
-1.261428E+0
-1.258488E+0
-1.255548E+0
-1.251138E+0
-1.245258E+0
-1.239378E+0
-1.230558E+0
-1.223208E+0
-1.214388E+0
-1.205568E+0
-1.196748E+0
-1.189398E+0
-1.182048E+0
-1.177638E+0
-1.174698E+0
-1.173228E+0
-1.173228E+0
-1.176168E+0
-1.180578E+0
-1.186458E+0
-1.195278E+0
-1.205568E+0
-1.217328E+0
-1.230558E+0
-1.245258E+0
-1.257018E+0
-1.268778E+0
-1.277598E+0
-1.283478E+0
-1.284948E+0
-1.284948E+0
-1.282008E+0
-1.277598E+0
-1.274658E+0
-1.271718E+0
-1.270248E+0
-1.270248E+0
-1.273188E+0
-1.274658E+0
-1.279068E+0
-1.282008E+0
-1.286418E+0
-1.290828E+0
-1.293768E+0
-1.298178E+0
-1.301118E+0
-1.302588E+0
-1.304058E+0
-1.305528E+0
-1.305528E+0
-1.305528E+0
-1.305528E+0
-1.304058E+0
-1.302588E+0
-1.301118E+0
-1.299648E+0
-1.299648E+0
-1.299648E+0
-1.299648E+0
-1.302588E+0
-1.308468E+0
-1.314348E+0
-1.323168E+0
-1.331988E+0
-1.342278E+0
-1.352568E+0
-1.359918E+0
-1.367268E+0
-1.371678E+0
-1.373148E+0
-1.373148E+0
-1.371678E+0
-1.367268E+0
-1.362858E+0
-1.359918E+0
-1.355508E+0
-1.352568E+0
-1.349628E+0
-1.348158E+0
-1.348158E+0
-1.349628E+0
-1.349628E+0
-1.351098E+0
-1.351098E+0
-1.351098E+0
-1.351098E+0
-1.349628E+0
-1.348158E+0
-1.348158E+0
-1.346688E+0
-1.345218E+0
-1.346688E+0
-1.348158E+0
-1.351098E+0
-1.355508E+0
-1.361388E+0
-1.367268E+0
-1.374618E+0
-1.381968E+0
-1.389318E+0
-1.396668E+0
-1.404018E+0
-1.409898E+0
-1.414308E+0
-1.415778E+0
-1.415778E+0
-1.412838E+0
-1.405488E+0
-1.396668E+0
-1.387848E+0
-1.377558E+0
-1.368738E+0
-1.361388E+0
-1.358448E+0
-1.356978E+0
-1.361388E+0
-1.367268E+0
-1.376088E+0
-1.387848E+0
-1.399608E+0
-1.411368E+0
-1.424598E+0
-1.436358E+0
-1.446648E+0
-1.456938E+0
-1.465758E+0
-1.471638E+0
-1.476048E+0
-1.477518E+0
-1.476048E+0
-1.471638E+0
-1.467228E+0
-1.461348E+0
-1.455468E+0
-1.449588E+0
-1.446648E+0
-1.445178E+0
-1.445178E+0
-1.446648E+0
-1.449588E+0
-1.452528E+0
-1.455468E+0
-1.459878E+0
-1.461348E+0
-1.464288E+0
-1.465758E+0
-1.468698E+0
-1.473108E+0
-1.478988E+0
-1.486338E+0
-1.496628E+0
-1.508388E+0
-1.520148E+0
-1.531908E+0
-1.542198E+0
-1.549548E+0
-1.553958E+0
-1.556898E+0
-1.555428E+0
-1.551018E+0
-1.545138E+0
-1.537788E+0
-1.530438E+0
-1.521618E+0
-1.511328E+0
-1.503978E+0
-1.496628E+0
-1.492218E+0
-1.489278E+0
-1.489278E+0
-1.493688E+0
-1.499568E+0
-1.509858E+0
-1.520148E+0
-1.531908E+0
-1.542198E+0
-1.553958E+0
-1.562778E+0
-1.570128E+0
-1.576008E+0
-1.581888E+0
-1.584828E+0
-1.586298E+0
-1.587768E+0
-1.587768E+0
-1.586298E+0
-1.586298E+0
-1.584828E+0
-1.583358E+0
-1.583358E+0
-1.583358E+0
-1.583358E+0
-1.584828E+0
-1.584828E+0
-1.586298E+0
-1.589238E+0
-1.590708E+0
-1.593648E+0
-1.596588E+0
-1.598058E+0
-1.600998E+0
-1.600998E+0
-1.602468E+0
-1.600998E+0
-1.598058E+0
-1.596588E+0
-1.593648E+0
-1.590708E+0
-1.590708E+0
-1.590708E+0
-1.592178E+0
-1.596588E+0
-1.600998E+0
-1.605408E+0
-1.609818E+0
-1.614228E+0
-1.617168E+0
-1.618638E+0
-1.617168E+0
-1.615698E+0
-1.612758E+0
-1.609818E+0
-1.608348E+0
-1.608348E+0
-1.609818E+0
-1.614228E+0
-1.620108E+0
-1.627458E+0
-1.634808E+0
-1.642158E+0
-1.646568E+0
-1.649508E+0
-1.650978E+0
-1.649508E+0
-1.648038E+0
-1.646568E+0
-1.643628E+0
-1.642158E+0
-1.640688E+0
-1.640688E+0
-1.639218E+0
-1.640688E+0
-1.640688E+0
-1.642158E+0
-1.643628E+0
-1.646568E+0
-1.649508E+0
-1.653918E+0
-1.656858E+0
-1.659798E+0
-1.662738E+0
-1.665678E+0
-1.667148E+0
-1.668618E+0
-1.668618E+0
-1.667148E+0
-1.665678E+0
-1.662738E+0
-1.661268E+0
-1.658328E+0
-1.656858E+0
-1.655388E+0
-1.656858E+0
-1.658328E+0
-1.661268E+0
-1.665678E+0
-1.670088E+0
-1.675968E+0
-1.681848E+0
-1.689198E+0
-1.695078E+0
-1.700958E+0
-1.706838E+0
-1.714188E+0
-1.721538E+0
-1.730358E+0
-1.740648E+0
-1.750938E+0
-1.761228E+0
-1.772988E+0
-1.781808E+0
-1.789158E+0
-1.793568E+0
-1.793568E+0
-1.792098E+0
-1.786218E+0
-1.777398E+0
-1.765638E+0
-1.753878E+0
-1.743588E+0
-1.733298E+0
-1.724478E+0
-1.720068E+0
-1.715658E+0
-1.714188E+0
-1.714188E+0
-1.715658E+0
-1.717128E+0
-1.720068E+0
-1.720068E+0
-1.721538E+0
-1.721538E+0
-1.723008E+0
-1.725948E+0
-1.730358E+0
-1.737708E+0
-1.746528E+0
-1.759758E+0
-1.777398E+0
-1.795038E+0
-1.814148E+0
-1.833258E+0
-1.850898E+0
-1.865598E+0
-1.875888E+0
-1.883238E+0
-1.884708E+0
-1.881768E+0
-1.874418E+0
-1.861188E+0
-1.845018E+0
-1.825908E+0
-1.806798E+0
-1.787688E+0
-1.771518E+0
-1.758288E+0
-1.749468E+0
-1.745058E+0
-1.745058E+0
-1.749468E+0
-1.756818E+0
-1.765638E+0
-1.775928E+0
-1.786218E+0
-1.796508E+0
-1.805328E+0
-1.812678E+0
-1.818558E+0
-1.821498E+0
-1.824438E+0
-1.824438E+0
-1.824438E+0
-1.821498E+0
-1.820028E+0
-1.817088E+0
-1.815618E+0
-1.815618E+0
-1.815618E+0
-1.818558E+0
-1.821498E+0
-1.825908E+0
-1.831788E+0
-1.837668E+0
-1.846488E+0
-1.855308E+0
-1.865598E+0
-1.875888E+0
-1.884708E+0
-1.893528E+0
-1.899408E+0
-1.905288E+0
-1.905288E+0
-1.903818E+0
-1.899408E+0
-1.894998E+0
-1.889118E+0
-1.883238E+0
-1.878828E+0
-1.877358E+0
-1.877358E+0
-1.880298E+0
-1.884708E+0
-1.889118E+0
-1.893528E+0
-1.897938E+0
-1.900878E+0
-1.902348E+0
-1.902348E+0
-1.900878E+0
-1.897938E+0
-1.894998E+0
-1.892058E+0
-1.890588E+0
-1.890588E+0
-1.892058E+0
-1.897938E+0
-1.905288E+0
-1.914108E+0
-1.922928E+0
-1.933218E+0
-1.942038E+0
-1.949388E+0
-1.953798E+0
-1.956738E+0
-1.955268E+0
-1.952328E+0
-1.947918E+0
-1.942038E+0
-1.936158E+0
-1.930278E+0
-1.924398E+0
-1.919988E+0
-1.917048E+0
-1.917048E+0
-1.919988E+0
-1.925868E+0
-1.933218E+0
-1.942038E+0
-1.952328E+0
-1.964088E+0
-1.972908E+0
-1.981728E+0
-1.987608E+0
-1.990548E+0
-1.992018E+0
-1.990548E+0
-1.989078E+0
-1.984668E+0
-1.981728E+0
-1.977318E+0
-1.972908E+0
-1.971438E+0
-1.969968E+0
-1.971438E+0
-1.975848E+0
-1.981728E+0
-1.990548E+0
-1.999368E+0
-2.008188E+0
-2.017008E+0
-2.024358E+0
-2.033178E+0
-2.040528E+0
-2.049348E+0
-2.061108E+0
-2.075808E+0
-2.090508E+0
-2.108148E+0
-2.124318E+0
-2.139018E+0
-2.149308E+0
-2.156658E+0
-2.158128E+0
-2.153718E+0
-2.147838E+0
-2.137548E+0
-2.125788E+0
-2.115498E+0
-2.105208E+0
-2.097858E+0
-2.091978E+0
-2.090508E+0
-2.090508E+0
-2.093448E+0
-2.097858E+0
-2.102268E+0
-2.108148E+0
-2.112558E+0
-2.116968E+0
-2.116968E+0
-2.112558E+0
-2.106678E+0
-2.097858E+0
-2.087568E+0
-2.075808E+0
-2.065518E+0
-2.058168E+0
-2.053758E+0
-2.052288E+0
-2.053758E+0
-2.055228E+0
-2.059638E+0
-2.061108E+0
-2.062578E+0
-2.064048E+0
-2.062578E+0
-2.059638E+0
-2.058168E+0
-2.058168E+0
-2.058168E+0
-2.061108E+0
-2.066988E+0
-2.074338E+0
-2.081688E+0
-2.090508E+0
-2.099328E+0
-2.105208E+0
-2.111088E+0
-2.115498E+0
-2.116968E+0
-2.118438E+0
-2.118438E+0
-2.119908E+0
-2.122848E+0
-2.127258E+0
-2.131668E+0
-2.137548E+0
-2.143428E+0
-2.149308E+0
-2.153718E+0
-2.156658E+0
-2.159598E+0
-2.161068E+0
-2.164008E+0
-2.166948E+0
-2.169888E+0
-2.174298E+0
-2.177238E+0
-2.178708E+0
-2.180178E+0
-2.178708E+0
-2.174298E+0
-2.168418E+0
-2.162538E+0
-2.156658E+0
-2.150778E+0
-2.147838E+0
-2.143428E+0
-2.141958E+0
-2.141958E+0
-2.141958E+0
-2.143428E+0
-2.146368E+0
-2.150778E+0
-2.158128E+0
-2.166948E+0
-2.178708E+0
-2.193408E+0
-2.208108E+0
-2.222808E+0
-2.236038E+0
-2.246328E+0
-2.255148E+0
-2.259558E+0
-2.261028E+0
-2.262498E+0
-2.262498E+0
-2.263968E+0
-2.265438E+0
-2.268378E+0
-2.271318E+0
-2.274258E+0
-2.275728E+0
-2.274258E+0
-2.269848E+0
-2.263968E+0
-2.253678E+0
-2.243388E+0
-2.230158E+0
-2.216928E+0
-2.205168E+0
-2.196348E+0
-2.188998E+0
-2.186058E+0
-2.186058E+0
-2.188998E+0
-2.196348E+0
-2.206638E+0
-2.218398E+0
-2.230158E+0
-2.243388E+0
-2.255148E+0
-2.265438E+0
-2.274258E+0
-2.280138E+0
-2.284548E+0
-2.286018E+0
-2.284548E+0
-2.281608E+0
-2.277198E+0
-2.272788E+0
-2.268378E+0
-2.265438E+0
-2.262498E+0
-2.261028E+0
-2.259558E+0
-2.258088E+0
-2.258088E+0
-2.256618E+0
-2.256618E+0
-2.256618E+0
-2.259558E+0
-2.262498E+0
-2.268378E+0
-2.275728E+0
-2.284548E+0
-2.294838E+0
-2.305128E+0
-2.315418E+0
-2.322768E+0
-2.328648E+0
-2.331588E+0
-2.333058E+0
-2.333058E+0
-2.333058E+0
-2.333058E+0
-2.334528E+0
-2.335998E+0
-2.338938E+0
-2.343348E+0
-2.347758E+0
-2.352168E+0
-2.356578E+0
-2.360988E+0
-2.365398E+0
-2.369808E+0
-2.374218E+0
-2.378628E+0
-2.384508E+0
-2.388918E+0
-2.393328E+0
-2.394798E+0
-2.394798E+0
-2.390388E+0
-2.383038E+0
-2.372748E+0
-2.358048E+0
-2.341878E+0
-2.324238E+0
-2.308068E+0
-2.293368E+0
-2.283078E+0
-2.277198E+0
-2.277198E+0
-2.283078E+0
-2.291898E+0
-2.303658E+0
-2.316888E+0
-2.328648E+0
-2.338938E+0
-2.344818E+0
-2.346288E+0
-2.344818E+0
-2.340408E+0
-2.335998E+0
-2.330118E+0
-2.324238E+0
-2.321298E+0
-2.319828E+0
-2.319828E+0
-2.324238E+0
-2.331588E+0
-2.341878E+0
-2.353638E+0
-2.365398E+0
-2.375688E+0
-2.381568E+0
-2.381568E+0
-2.372748E+0
-2.358048E+0
-2.340408E+0
-2.293368E+0
-2.186058E+0
-2.039058E+0
-1.878828E+0
-1.717128E+0
-1.570128E+0
-1.451058E+0
-1.361388E+0
-1.296708E+0
-1.251138E+0
-1.218798E+0
-1.215858E+0
-1.265838E+0
-1.365798E+0
-1.499568E+0
-1.675968E+0
-1.908228E+0
-2.177238E+0
-2.466828E+0
-2.800518E+0
-3.172428E+0
-3.560508E+0
-3.945648E+0
-4.327848E+0
-4.712988E+0
-5.105478E+0
-5.514138E+0
-5.949258E+0
-6.429948E+0
-6.973848E+0
-7.617708E+0
-8.414448E+0
-9.484608E+0
-1.118099E+1
-1.738439E+1
-2.088005E+1
-2.088005E+1
-2.088005E+1
-2.088005E+1
-2.088005E+1
-2.088005E+1
-2.088005E+1
-2.088005E+1
-2.088005E+1
-2.088005E+1
-2.088005E+1
-2.088005E+1
-2.088005E+1
-2.088005E+1
-2.088005E+1
-2.088005E+1
-2.088005E+1
-2.088005E+1
-2.088005E+1
-2.088005E+1
-2.088005E+1
-2.088005E+1
-2.088005E+1
-2.088005E+1
-2.088005E+1
-2.088005E+1
-2.088005E+1
-2.088005E+1
-2.088005E+1
-2.088005E+1
-2.088005E+1
-2.088005E+1
-2.088005E+1
-2.088005E+1
-2.088005E+1
-2.088005E+1
-2.088005E+1
-2.088005E+1
-2.088005E+1
-2.088005E+1
-2.088005E+1
-2.088005E+1
-2.088005E+1
-2.088005E+1
-2.088005E+1
-2.088005E+1
-2.088005E+1
-2.088005E+1
-2.088005E+1
-2.088005E+1
-2.088005E+1
-2.088005E+1
-2.088005E+1
-2.088005E+1
-2.088005E+1
-2.088005E+1
-2.088005E+1
-2.088005E+1
-2.088005E+1
-1.548368E+1
-1.168520E+1
-1.037690E+1
-9.615438E+0
-9.108288E+0
-8.762838E+0
-8.530578E+0
-8.387988E+0
-8.326248E+0
-8.346828E+0
-8.443848E+0
-8.620248E+0
-8.871618E+0
-9.227358E+0
-9.688938E+0
-1.027694E+1
-1.096784E+1
-1.171607E+1
-1.242902E+1
-1.286855E+1
-1.281563E+1
-1.238492E+1
-1.178222E+1
-1.115747E+1
-1.063268E+1
-1.019609E+1
-9.818298E+0
-9.543408E+0
-9.330258E+0
-9.217068E+0
-9.186198E+0
-9.268518E+0
-9.474318E+0
-9.818298E+0
-1.036073E+1
-1.120745E+1
-1.266275E+1
-1.738439E+1
-2.088005E+1
-2.088005E+1
-2.088005E+1
-2.088005E+1
-2.088005E+1
-2.088005E+1
-2.088005E+1
-2.088005E+1
-2.088005E+1
-2.088005E+1
-2.088005E+1
-2.088005E+1
-2.088005E+1
-1.665380E+1
-1.389020E+1
-1.276271E+1
-1.209974E+1
-1.174841E+1
-1.162346E+1
-1.171607E+1
-1.206152E+1
-1.271273E+1
-1.380494E+1
-1.610843E+1
-2.088005E+1
-2.088005E+1
-2.088005E+1
-2.088005E+1
-2.088005E+1
-2.088005E+1
-2.088005E+1
-2.088005E+1
-2.088005E+1
-2.088005E+1
-2.088005E+1
-2.088005E+1
-2.088005E+1
-2.088005E+1
-2.088005E+1
-2.088005E+1
-2.088005E+1
-2.088005E+1
-2.088005E+1
-2.088005E+1
-2.088005E+1
-1.531022E+1
-1.389020E+1
-1.372262E+1
-1.460315E+1
-2.088005E+1
-2.088005E+1
-2.088005E+1
-2.088005E+1
-2.088005E+1
-2.088005E+1
-2.088005E+1
-2.088005E+1
-2.088005E+1
-2.088005E+1
-2.088005E+1
-2.088005E+1
-2.088005E+1
-2.088005E+1
-2.088005E+1
-2.088005E+1
-2.088005E+1
-2.088005E+1
-2.088005E+1
-2.088005E+1
-2.088005E+1
-2.088005E+1
-2.088005E+1
-2.088005E+1
-2.088005E+1
-2.088005E+1
-2.088005E+1
-2.088005E+1
-2.088005E+1
-2.088005E+1
-2.088005E+1
-2.088005E+1
-2.088005E+1
-2.088005E+1
-2.088005E+1
-2.088005E+1
-1.303907E+1
-1.133681E+1
-1.055624E+1
-1.010201E+1
-9.831528E+0
-9.675708E+0
-9.627198E+0
-9.652188E+0
-9.752148E+0
-9.913848E+0
-1.016375E+1
-1.050185E+1
-1.094579E+1
-1.150439E+1
-1.217765E+1
-1.315961E+1
-1.485893E+1
-2.088005E+1
-2.088005E+1
-2.088005E+1
-2.088005E+1
-2.088005E+1
-2.088005E+1
-2.088005E+1
-2.088005E+1
-2.088005E+1
-2.088005E+1
-2.088005E+1
-2.088005E+1
-2.088005E+1
-1.610843E+1
-1.292441E+1
-1.188218E+1
-1.144706E+1
-1.133681E+1
-1.156319E+1
-1.217765E+1
-1.372262E+1
-2.088005E+1
-2.088005E+1
-2.088005E+1
-2.088005E+1
-2.088005E+1
-2.088005E+1
-2.088005E+1
-2.088005E+1
-2.088005E+1
-2.088005E+1
-2.088005E+1
-2.088005E+1
-2.088005E+1
-2.088005E+1
-2.088005E+1
-2.088005E+1
-2.088005E+1
-2.088005E+1
-2.088005E+1
-2.088005E+1
-2.088005E+1
-2.088005E+1
-2.088005E+1
-2.088005E+1
-2.088005E+1
-2.088005E+1
-2.088005E+1
-2.088005E+1
-2.088005E+1
-2.088005E+1
-2.088005E+1
-2.088005E+1
-2.088005E+1
-2.088005E+1
-2.088005E+1
-1.315961E+1
-1.181456E+1
-1.108397E+1
-1.059446E+1
-1.019609E+1
-9.844758E+0
-9.519888E+0
-9.227358E+0
-8.968638E+0
-8.754018E+0
-8.604078E+0
-8.508528E+0
-8.471778E+0
-8.501178E+0
-8.596728E+0
-8.771658E+0
-9.014208E+0
-9.342018E+0
-9.778608E+0
-1.042982E+1
-1.139120E+1
-1.328750E+1
-2.088005E+1
-2.088005E+1
-2.088005E+1
-2.088005E+1
-2.088005E+1
-2.088005E+1
-2.088005E+1
-2.088005E+1
-2.088005E+1
-2.088005E+1
-2.088005E+1
-2.088005E+1
-2.088005E+1
-2.088005E+1
-1.587911E+1
-1.261277E+1
-1.147499E+1
-1.085759E+1
-1.051949E+1
-1.039454E+1
-1.041218E+1
-1.055624E+1
-1.079438E+1
-1.113248E+1
-1.147499E+1
-1.178222E+1
-1.188218E+1
-1.171607E+1
-1.136327E+1
-1.087964E+1
-1.036073E+1
-9.872688E+0
-9.462558E+0
-9.137688E+0
-8.906898E+0
-8.762838E+0
-8.721678E+0
-8.762838E+0
-8.898078E+0
-9.099468E+0
-9.342018E+0
-9.627198E+0
-9.913848E+0
-1.016375E+1
-1.036073E+1
-1.050185E+1
-1.057535E+1
-1.063268E+1
-1.067237E+1
-1.069148E+1
-1.071206E+1
-1.069148E+1
-1.069148E+1
-1.065326E+1
-1.061357E+1
-1.053860E+1
-1.044746E+1
-1.036073E+1
-1.029311E+1
-1.024313E+1
-1.021079E+1
-1.021079E+1
-1.027694E+1
-1.041218E+1
-1.059446E+1
-1.083554E+1
-1.108397E+1
-1.131035E+1
-1.141913E+1
-1.133681E+1
-1.106045E+1
-1.067237E+1
-1.025930E+1
-9.872688E+0
-9.566928E+0
-9.330258E+0
-9.167088E+0
-9.080358E+0
-9.050958E+0
-9.080358E+0
-9.147978E+0
-9.247938E+0
-9.374358E+0
-9.519888E+0
-9.713928E+0
-9.969708E+0
-1.030928E+1
-1.077380E+1
-1.144706E+1
-1.247312E+1
-1.460315E+1
-2.088005E+1
-2.088005E+1
-2.088005E+1
-2.088005E+1
-2.088005E+1
-2.088005E+1
-2.088005E+1
-2.088005E+1
-2.088005E+1
-2.088005E+1
-2.088005E+1
-2.088005E+1
-2.088005E+1
-2.088005E+1
-2.088005E+1
-2.088005E+1
-2.088005E+1
-2.088005E+1
-2.088005E+1
-2.088005E+1
-2.088005E+1
-2.088005E+1
-2.088005E+1
-2.088005E+1
-2.088005E+1
-2.088005E+1
-2.088005E+1
-2.088005E+1
-2.088005E+1
-2.088005E+1
-2.088005E+1
-2.088005E+1
-2.088005E+1
-2.088005E+1
-1.364324E+1
-1.221734E+1
-1.141913E+1
-1.094579E+1
-1.065326E+1
-1.053860E+1
-1.053860E+1
-1.063268E+1
-1.085759E+1
-1.123244E+1
-1.171607E+1
-1.234082E+1
-1.292441E+1
-1.335365E+1
-1.315961E+1
-1.256573E+1
-1.174841E+1
-1.096784E+1
-1.029311E+1
-9.791838E+0
-9.418458E+0
-9.177378E+0
-9.061248E+0
-9.061248E+0
-9.186198E+0
-9.440508E+0
-9.844758E+0
-1.041218E+1
-1.120745E+1
-1.229966E+1
-1.397840E+1
-1.786949E+1
-2.088005E+1
-2.088005E+1
-2.088005E+1
-2.088005E+1
-2.088005E+1
-2.088005E+1
-2.088005E+1
-2.088005E+1
-2.088005E+1
-2.088005E+1
-2.088005E+1
-2.088005E+1
-2.088005E+1
-1.937477E+1
-1.567331E+1
-1.448555E+1
-1.389020E+1
-1.356680E+1
-1.342274E+1
-1.342274E+1
-1.342274E+1
-1.335365E+1
-1.322135E+1
-1.298027E+1
-1.271273E+1
-1.234082E+1
-1.202477E+1
-1.174841E+1
-1.150439E+1
-1.131035E+1
-1.115747E+1
-1.106045E+1
-1.106045E+1
-1.115747E+1
-1.139120E+1
-1.181456E+1
-1.251869E+1
-1.372262E+1
-1.665380E+1
-2.088005E+1
-2.088005E+1
-2.088005E+1
-2.088005E+1
-2.088005E+1
-2.088005E+1
-2.088005E+1
-1.849424E+1
-1.499858E+1
-1.397840E+1
-1.364324E+1
-1.364324E+1
-1.416803E+1
-1.610843E+1
-2.088005E+1
-2.088005E+1
-2.088005E+1
-2.088005E+1
-2.088005E+1
-2.088005E+1
-2.088005E+1
-2.088005E+1
-2.088005E+1
-2.088005E+1
-2.088005E+1
-2.088005E+1
-2.088005E+1
-2.088005E+1
-2.088005E+1
-2.088005E+1
-2.088005E+1
-2.088005E+1
-2.088005E+1
-2.088005E+1
-2.088005E+1
-2.088005E+1
-2.088005E+1
-1.460315E+1
-1.242902E+1
-1.139120E+1
-1.077380E+1
-1.034309E+1
-1.007261E+1
-9.885918E+0
-9.778608E+0
-9.702168E+0
-9.663948E+0
-9.652188E+0
-9.638958E+0
-9.675708E+0
-9.738918E+0
-9.872688E+0
-1.010201E+1
-1.046510E+1
-1.103693E+1
-1.206152E+1
-1.460315E+1
-2.088005E+1
-2.088005E+1
-2.088005E+1
-2.088005E+1
-2.088005E+1
-2.088005E+1
-2.088005E+1
-2.088005E+1
-2.088005E+1
-2.088005E+1
-2.088005E+1
-2.088005E+1
-2.088005E+1
-2.088005E+1
-2.088005E+1
-2.088005E+1
-2.088005E+1
-2.088005E+1
-2.088005E+1
-2.088005E+1
-2.088005E+1
-2.088005E+1
-2.088005E+1
-2.088005E+1
-2.088005E+1
-2.088005E+1
-2.088005E+1
-2.088005E+1
-2.088005E+1
-2.088005E+1
-2.088005E+1
-2.088005E+1
-2.088005E+1
-2.088005E+1
-2.088005E+1
-2.088005E+1
-2.088005E+1
-2.088005E+1
-2.088005E+1
-2.088005E+1
-2.088005E+1
-2.088005E+1
-2.088005E+1
-2.088005E+1
-2.088005E+1
-2.088005E+1
-2.088005E+1
-2.088005E+1
-2.088005E+1
-2.088005E+1
-2.088005E+1
-2.088005E+1
-2.088005E+1
-2.088005E+1
-2.088005E+1
-2.088005E+1
-2.088005E+1
-2.088005E+1
-2.088005E+1
-2.088005E+1
-2.088005E+1
-2.088005E+1
-1.303907E+1
-1.103693E+1
-1.004321E+1
-9.440508E+0
-9.033318E+0
-8.762838E+0
-8.589378E+0
-8.479128E+0
-8.429148E+0
-8.429148E+0
-8.471778E+0
-8.552628E+0
-8.667288E+0
-8.828988E+0
-9.023028E+0
-9.268518E+0
-9.543408E+0
-9.872688E+0
-1.025930E+1
-1.071206E+1
-1.123244E+1
-1.184837E+1
-1.261277E+1
-1.356680E+1
-1.514852E+1
-2.088005E+1
-2.088005E+1
-2.088005E+1
-2.088005E+1
-2.088005E+1
-2.088005E+1
-2.088005E+1
-2.088005E+1
-2.088005E+1
-2.088005E+1
-2.088005E+1
-1.698896E+1
-1.448555E+1
-1.342274E+1
-1.281563E+1
-1.242902E+1
-1.209974E+1
-1.174841E+1
-1.141913E+1
-1.108397E+1
-1.077380E+1
-1.051949E+1
-1.034309E+1
-1.027694E+1
-1.032692E+1
-1.050185E+1
-1.085759E+1
-1.141913E+1
-1.221734E+1
-1.349330E+1
-1.587911E+1
-2.088005E+1
-2.088005E+1
-2.088005E+1
-2.088005E+1
-1.567331E+1
-1.335365E+1
-1.202477E+1
-1.103693E+1
-1.029311E+1
-9.713928E+0
-9.258228E+0
-8.915718E+0
-8.667288E+0
-8.515878E+0
-8.464428E+0
-8.515878E+0
-8.658468E+0
-8.898078E+0
-9.237648E+0
-9.713928E+0
-1.036073E+1
-1.125743E+1
-1.256573E+1
-1.531022E+1
-2.088005E+1
-2.088005E+1
-2.088005E+1
-2.088005E+1
-2.088005E+1
-2.088005E+1
-2.088005E+1
-1.698896E+1
-1.349330E+1
-1.225850E+1
-1.153379E+1
-1.113248E+1
-1.090169E+1
-1.079438E+1
-1.075322E+1
-1.073264E+1
-1.069148E+1
-1.057535E+1
-1.039454E+1
-1.014905E+1
-9.927078E+0
-9.765378E+0
-9.702168E+0
-9.765378E+0
-9.999108E+0
-1.044746E+1
-1.118099E+1
-1.242902E+1
-1.531022E+1
-2.088005E+1
-2.088005E+1
-2.088005E+1
-2.088005E+1
-2.088005E+1
-2.088005E+1
-2.088005E+1
-1.849424E+1
-1.514852E+1
-1.416803E+1
-1.380494E+1
-1.372262E+1
-1.380494E+1
-1.407101E+1
-1.448555E+1
-1.514852E+1
-1.587911E+1
-1.636421E+1
-1.587911E+1
-1.472663E+1
-1.349330E+1
-1.238492E+1
-1.144706E+1
-1.071206E+1
-1.010201E+1
-9.638958E+0
-9.289098E+0
-9.042138E+0
-8.906898E+0
-8.871618E+0
-8.950998E+0
-9.137688E+0
-9.450798E+0
-9.913848E+0
-1.055624E+1
-1.144706E+1
-1.271273E+1
-1.472663E+1
-2.088005E+1
-2.088005E+1
-2.088005E+1
-1.472663E+1
-1.276271E+1
-1.156319E+1
-1.069148E+1
-1.005791E+1
-9.590448E+0
-9.258228E+0
-9.042138E+0
-8.924538E+0
-8.889258E+0
-8.933358E+0
-9.050958E+0
-9.206778E+0
-9.384648E+0
-9.566928E+0
-9.727158E+0
-9.885918E+0
-1.002851E+1
-1.016375E+1
-1.034309E+1
-1.059446E+1
-1.096784E+1
-1.153379E+1
-1.242902E+1
-1.426799E+1
-2.088005E+1
-2.088005E+1
-2.088005E+1
-2.088005E+1
-2.088005E+1
-2.088005E+1
-2.088005E+1
-2.088005E+1
-2.088005E+1
-2.088005E+1
-2.088005E+1
-2.088005E+1
-2.088005E+1
-2.088005E+1
-1.937477E+1
-1.380494E+1
-1.261277E+1
-1.206152E+1
-1.178222E+1
-1.165433E+1
-1.159259E+1
-1.162346E+1
-1.165433E+1
-1.168520E+1
-1.174841E+1
-1.178222E+1
-1.184837E+1
-1.181456E+1
-1.178222E+1
-1.165433E+1
-1.147499E+1
-1.128389E+1
-1.106045E+1
-1.092374E+1
-1.085759E+1
-1.087964E+1
-1.098989E+1
-1.125743E+1
-1.174841E+1
-1.251869E+1
-1.380494E+1
-1.698896E+1
-2.088005E+1
-2.088005E+1
-2.088005E+1
-2.088005E+1
-2.088005E+1
-2.088005E+1
-2.088005E+1
-2.088005E+1
-2.088005E+1
-1.937477E+1
-1.380494E+1
-1.234082E+1
-1.147499E+1
-1.090169E+1
-1.059446E+1
-1.046510E+1
-1.053860E+1
-1.081496E+1
-1.131035E+1
-1.221734E+1
-1.407101E+1
-2.088005E+1
-2.088005E+1
-2.088005E+1
-2.088005E+1
-2.088005E+1
-2.088005E+1
-2.088005E+1
-2.088005E+1
-2.088005E+1
-2.088005E+1
-2.088005E+1
-2.088005E+1
-2.088005E+1
-2.088005E+1
-2.088005E+1
-2.088005E+1
-2.088005E+1
-2.088005E+1
-2.088005E+1
-1.460315E+1
-1.298027E+1
-1.217765E+1
-1.181456E+1
-1.174841E+1
-1.191746E+1
-1.242902E+1
-1.356680E+1
-1.738439E+1
-2.088005E+1
-2.088005E+1
-2.088005E+1
-2.088005E+1
-2.088005E+1
-2.088005E+1
-2.088005E+1
-2.088005E+1
-2.088005E+1
-1.786949E+1
-1.380494E+1
-1.256573E+1
-1.184837E+1
-1.147499E+1
-1.131035E+1
-1.136327E+1
-1.174841E+1
-1.266275E+1
-1.567331E+1
-2.088005E+1
-2.088005E+1
-2.088005E+1
-2.088005E+1
-2.088005E+1
-2.088005E+1
-2.088005E+1
-2.088005E+1
-2.088005E+1
-2.088005E+1
-2.088005E+1
-2.088005E+1
-2.088005E+1
-2.088005E+1
-2.088005E+1
-2.088005E+1
-2.088005E+1
-2.088005E+1
-2.088005E+1
-2.088005E+1
-2.088005E+1
-2.088005E+1
-1.587911E+1
-1.407101E+1
-1.303907E+1
-1.234082E+1
-1.188218E+1
-1.153379E+1
-1.136327E+1
-1.136327E+1
-1.153379E+1
-1.188218E+1
-1.251869E+1
-1.380494E+1
-1.937477E+1
-2.088005E+1
-2.088005E+1
-2.088005E+1
-2.088005E+1
-2.088005E+1
-2.088005E+1
-2.088005E+1
-2.088005E+1
-2.088005E+1
-2.088005E+1
-2.088005E+1
-2.088005E+1
-2.088005E+1
-2.088005E+1
-1.698896E+1
-1.234082E+1
-1.113248E+1
-1.051949E+1
-1.017992E+1
-1.002851E+1
-1.001381E+1
-1.013288E+1
-1.037690E+1
-1.077380E+1
-1.133681E+1
-1.221734E+1
-1.380494E+1
-2.088005E+1
-2.088005E+1
-2.088005E+1
-2.088005E+1
-2.088005E+1
-2.088005E+1
-1.548368E+1
-1.266275E+1
-1.136327E+1
-1.048274E+1
-9.872688E+0
-9.406698E+0
-9.050958E+0
-8.787828E+0
-8.582028E+0
-8.449728E+0
-8.373288E+0
-8.360058E+0
-8.401218E+0
-8.508528E+0
-8.698158E+0
-8.987748E+0
-9.428748E+0
-1.008731E+1
-1.118099E+1
-1.364324E+1
-2.088005E+1
-2.088005E+1
-2.088005E+1
-2.088005E+1
-2.088005E+1
-2.088005E+1
-2.088005E+1
-2.088005E+1
-2.088005E+1
-2.088005E+1
-2.088005E+1
-2.088005E+1
-2.088005E+1
-2.088005E+1
-2.088005E+1
-2.088005E+1
-2.088005E+1
-2.088005E+1
-2.088005E+1
-2.088005E+1
-2.088005E+1
-2.088005E+1
-1.738439E+1
-1.342274E+1
-1.202477E+1
-1.125743E+1
-1.077380E+1
-1.050185E+1
-1.037690E+1
-1.039454E+1
-1.050185E+1
-1.069148E+1
-1.090169E+1
-1.115747E+1
-1.136327E+1
-1.156319E+1
-1.168520E+1
-1.178222E+1
-1.184837E+1
-1.195274E+1
-1.209974E+1
-1.229966E+1
-1.256573E+1
-1.298027E+1
-1.342274E+1
-1.407101E+1
-1.485893E+1
-1.567331E+1
-1.738439E+1
-2.088005E+1
-2.088005E+1
-2.088005E+1
-2.088005E+1
-2.088005E+1
-2.088005E+1
-2.088005E+1
-2.088005E+1
-2.088005E+1
-2.088005E+1
-2.088005E+1
-1.485893E+1
-1.276271E+1
-1.181456E+1
-1.131035E+1
-1.106045E+1
-1.106045E+1
-1.123244E+1
-1.159259E+1
-1.217765E+1
-1.298027E+1
-1.416803E+1
-1.587911E+1
-2.088005E+1
-2.088005E+1
-2.088005E+1
-2.088005E+1
-2.088005E+1
-2.088005E+1
-2.088005E+1
-2.088005E+1
-1.937477E+1
-1.786949E+1
-1.738439E+1
-1.786949E+1
-1.937477E+1
-2.088005E+1
-1.937477E+1
-1.698896E+1
-1.485893E+1
-1.356680E+1
-1.251869E+1
-1.181456E+1
-1.133681E+1
-1.108397E+1
-1.103693E+1
-1.118099E+1
-1.159259E+1
-1.234082E+1
-1.372262E+1
-1.738439E+1
-2.088005E+1
-2.088005E+1
-2.088005E+1
-2.088005E+1
-2.088005E+1
-1.548368E+1
-1.356680E+1
-1.256573E+1
-1.198802E+1
-1.159259E+1
-1.133681E+1
-1.118099E+1
-1.103693E+1
-1.092374E+1
-1.079438E+1
-1.063268E+1
-1.046510E+1
-1.027694E+1
-1.007261E+1
-9.844758E+0
-9.638958E+0
-9.440508E+0
-9.268518E+0
-9.127398E+0
-9.033318E+0
-8.996568E+0
-9.033318E+0
-9.167088E+0
-9.406698E+0
-9.778608E+0
-1.032692E+1
-1.113248E+1
-1.242902E+1
-1.514852E+1
-2.088005E+1
-2.088005E+1
-2.088005E+1
-2.088005E+1
-2.088005E+1
-2.088005E+1
-1.349330E+1
-1.184837E+1
-1.085759E+1
-1.017992E+1
-9.688938E+0
-9.330258E+0
-9.080358E+0
-8.915718E+0
-8.828988E+0
-8.821638E+0
-8.880438E+0
-9.014208E+0
-9.237648E+0
-9.543408E+0
-9.941778E+0
-1.042982E+1
-1.098989E+1
-1.162346E+1
-1.217765E+1
-1.256573E+1
-1.271273E+1
-1.276271E+1
-1.286855E+1
-1.322135E+1
-1.437383E+1
-2.088005E+1
-2.088005E+1
-2.088005E+1
-2.088005E+1
-2.088005E+1
-2.088005E+1
-2.088005E+1
-2.088005E+1
-2.088005E+1
-2.088005E+1
-2.088005E+1
-2.088005E+1
-2.088005E+1
-2.088005E+1
-2.088005E+1
-2.088005E+1
-2.088005E+1
-2.088005E+1
-2.088005E+1
-2.088005E+1
-2.088005E+1
-2.088005E+1
-2.088005E+1
-2.088005E+1
-2.088005E+1
-2.088005E+1
-2.088005E+1
-2.088005E+1
-2.088005E+1
-2.088005E+1
-2.088005E+1
-2.088005E+1
-2.088005E+1
-2.088005E+1
-2.088005E+1
-2.088005E+1
-2.088005E+1
-2.088005E+1
-2.088005E+1
-2.088005E+1
-2.088005E+1
-2.088005E+1
-2.088005E+1
-2.088005E+1
-2.088005E+1
-2.088005E+1
-1.849424E+1
-1.636421E+1
-1.531022E+1
-1.426799E+1
-1.342274E+1
-1.271273E+1
-1.213796E+1
-1.174841E+1
-1.150439E+1
-1.144706E+1
-1.153379E+1
-1.184837E+1
-1.238492E+1
-1.322135E+1
-1.448555E+1
-1.636421E+1
-1.937477E+1
-1.849424E+1
-1.587911E+1
-1.426799E+1
-1.322135E+1
-1.261277E+1
-1.238492E+1
-1.251869E+1
-1.315961E+1
-1.531022E+1
-2.088005E+1
-2.088005E+1
-2.088005E+1
-2.088005E+1
-2.088005E+1
-2.088005E+1
-2.088005E+1
-2.088005E+1
-2.088005E+1
-2.088005E+1
-2.088005E+1
-2.088005E+1
-2.088005E+1
-2.088005E+1
-2.088005E+1
-2.088005E+1
-2.088005E+1
-2.088005E+1
-2.088005E+1
-1.698896E+1
-1.448555E+1
-1.364324E+1
-1.328750E+1
-1.303907E+1
-1.286855E+1
-1.271273E+1
-1.242902E+1
-1.213796E+1
-1.181456E+1
-1.147499E+1
-1.120745E+1
-1.098989E+1
-1.087964E+1
-1.090169E+1
-1.108397E+1
-1.150439E+1
-1.242902E+1
-1.485893E+1
-2.088005E+1
-2.088005E+1
-2.088005E+1
-2.088005E+1
-2.088005E+1
-2.088005E+1
-2.088005E+1
-2.088005E+1
-2.088005E+1
-2.088005E+1
-2.088005E+1
-2.088005E+1
-2.088005E+1
-2.088005E+1
-2.088005E+1
-1.738439E+1
-1.372262E+1
-1.286855E+1
-1.256573E+1
-1.247312E+1
-1.247312E+1
-1.247312E+1
-1.247312E+1
-1.238492E+1
-1.225850E+1
-1.206152E+1
-1.181456E+1
-1.159259E+1
-1.133681E+1
-1.108397E+1
-1.083554E+1
-1.059446E+1
-1.037690E+1
-1.021079E+1
-1.007261E+1
-9.984408E+0
-9.955008E+0
-9.955008E+0
-9.999108E+0
-1.007261E+1
-1.014905E+1
-1.021079E+1
-1.027694E+1
-1.032692E+1
-1.041218E+1
-1.053860E+1
-1.073264E+1
-1.106045E+1
-1.156319E+1
-1.234082E+1
-1.349330E+1
-1.531022E+1
-1.937477E+1
-2.088005E+1
-1.698896E+1
-1.426799E+1
-1.281563E+1
-1.181456E+1
-1.118099E+1
-1.077380E+1
-1.051949E+1
-1.037690E+1
-1.036073E+1
-1.041218E+1
-1.051949E+1
-1.071206E+1
-1.094579E+1
-1.123244E+1
-1.162346E+1
-1.206152E+1
-1.261277E+1
-1.328750E+1
-1.407101E+1
-1.485893E+1
-1.567331E+1
-1.610843E+1
-1.610843E+1
-1.636421E+1
-1.636421E+1
-1.665380E+1
-1.665380E+1
-1.665380E+1
-1.636421E+1
-1.548368E+1
-1.460315E+1
-1.364324E+1
-1.286855E+1
-1.225850E+1
-1.181456E+1
-1.150439E+1
-1.131035E+1
-1.128389E+1
-1.136327E+1
-1.162346E+1
-1.209974E+1
-1.281563E+1
-1.397840E+1
-1.698896E+1
-2.088005E+1
-2.088005E+1
-2.088005E+1
-2.088005E+1
-2.088005E+1
-1.472663E+1
-1.251869E+1
-1.133681E+1
-1.050185E+1
-9.899148E+0
-9.474318E+0
-9.177378E+0
-8.996568E+0
-8.924538E+0
-8.933358E+0
-9.033318E+0
-9.237648E+0
-9.543408E+0
-9.999108E+0
-1.065326E+1
-1.165433E+1
-1.356680E+1
-2.088005E+1
-2.088005E+1
-2.088005E+1
-2.088005E+1
-2.088005E+1
-2.088005E+1
-2.088005E+1
-2.088005E+1
-2.088005E+1
-2.088005E+1
-2.088005E+1
-2.088005E+1
-2.088005E+1
-2.088005E+1
-2.088005E+1
-2.088005E+1
-2.088005E+1
-2.088005E+1
-2.088005E+1
-1.372262E+1
-1.217765E+1
-1.136327E+1
-1.085759E+1
-1.053860E+1
-1.036073E+1
-1.029311E+1
-1.029311E+1
-1.036073E+1
-1.048274E+1
-1.069148E+1
-1.096784E+1
-1.133681E+1
-1.181456E+1
-1.251869E+1
-1.356680E+1
-1.587911E+1
-2.088005E+1
-2.088005E+1
-2.088005E+1
-2.088005E+1
-2.088005E+1
-2.088005E+1
-2.088005E+1
-2.088005E+1
-2.088005E+1
-2.088005E+1
-2.088005E+1
-2.088005E+1
-2.088005E+1
-2.088005E+1
-2.088005E+1
-2.088005E+1
-2.088005E+1
-2.088005E+1
-2.088005E+1
-2.088005E+1
-2.088005E+1
-2.088005E+1
-2.088005E+1
-2.088005E+1
-2.088005E+1
-2.088005E+1
-2.088005E+1
-2.088005E+1
-2.088005E+1
-2.088005E+1
-2.088005E+1
-2.088005E+1
-1.610843E+1
-1.356680E+1
-1.229966E+1
-1.144706E+1
-1.081496E+1
-1.037690E+1
-1.004321E+1
-9.818298E+0
-9.702168E+0
-9.688938E+0
-9.778608E+0
-9.984408E+0
-1.029311E+1
-1.069148E+1
-1.118099E+1
-1.178222E+1
-1.242902E+1
-1.303907E+1
-1.342274E+1
-1.364324E+1
-1.364324E+1
-1.342274E+1
-1.315961E+1
-1.286855E+1
-1.256573E+1
-1.225850E+1
-1.202477E+1
-1.178222E+1
-1.159259E+1
-1.141913E+1
-1.131035E+1
-1.125743E+1
-1.131035E+1
-1.144706E+1
-1.168520E+1
-1.209974E+1
-1.276271E+1
-1.397840E+1
-1.786949E+1
-2.088005E+1
-2.088005E+1
-2.088005E+1
-2.088005E+1
-2.088005E+1
-2.088005E+1
-2.088005E+1
-2.088005E+1
-2.088005E+1
-2.088005E+1
-2.088005E+1
-2.088005E+1
-2.088005E+1
-2.088005E+1
-2.088005E+1
-2.088005E+1
-2.088005E+1
-2.088005E+1
-2.088005E+1
-2.088005E+1
-2.088005E+1
-1.610843E+1
-1.349330E+1
-1.242902E+1
-1.191746E+1
-1.174841E+1
-1.188218E+1
-1.242902E+1
-1.397840E+1
-2.088005E+1
-2.088005E+1
-2.088005E+1
-2.088005E+1
-2.088005E+1
-2.088005E+1
-2.088005E+1
-2.088005E+1
-2.088005E+1
-2.088005E+1
-2.088005E+1
-2.088005E+1
-2.088005E+1
-2.088005E+1
-2.088005E+1
-2.088005E+1
-2.088005E+1
-2.088005E+1
-2.088005E+1
-2.088005E+1
-2.088005E+1
-2.088005E+1
-2.088005E+1
-2.088005E+1
-2.088005E+1
-2.088005E+1
-2.088005E+1
-1.587911E+1
-1.380494E+1
-1.335365E+1
-1.349330E+1
-1.426799E+1
-1.636421E+1
-2.088005E+1
-2.088005E+1
-2.088005E+1
-2.088005E+1
-2.088005E+1
-2.088005E+1
-2.088005E+1
-2.088005E+1
-2.088005E+1
-2.088005E+1
-2.088005E+1
-2.088005E+1
-2.088005E+1
-2.088005E+1
-2.088005E+1
-2.088005E+1
-2.088005E+1
-2.088005E+1
-2.088005E+1
-2.088005E+1
-2.088005E+1
-2.088005E+1
-2.088005E+1
-2.088005E+1
-2.088005E+1
-2.088005E+1
-2.088005E+1
-2.088005E+1
-2.088005E+1
-2.088005E+1
-2.088005E+1
-2.088005E+1
-2.088005E+1
-1.698896E+1
-1.342274E+1
-1.217765E+1
-1.144706E+1
-1.098989E+1
-1.067237E+1
-1.046510E+1
-1.037690E+1
-1.039454E+1
-1.053860E+1
-1.081496E+1
-1.128389E+1
-1.206152E+1
-1.342274E+1
-1.738439E+1
-2.088005E+1
-2.088005E+1
-2.088005E+1
-2.088005E+1
-2.088005E+1
-2.088005E+1
-2.088005E+1
-2.088005E+1
-2.088005E+1
-2.088005E+1
-1.587911E+1
-1.460315E+1
-1.397840E+1
-1.372262E+1
-1.380494E+1
-1.416803E+1
-1.499858E+1
-1.610843E+1
-1.937477E+1
-2.088005E+1
-2.088005E+1
-2.088005E+1
-1.698896E+1
-1.499858E+1
-1.380494E+1
-1.309787E+1
-1.256573E+1
-1.217765E+1
-1.188218E+1
-1.168520E+1
-1.156319E+1
-1.147499E+1
-1.147499E+1
-1.159259E+1
-1.188218E+1
-1.247312E+1
-1.372262E+1
-2.088005E+1
-2.088005E+1
-2.088005E+1
-2.088005E+1
-2.088005E+1
-2.088005E+1
-2.088005E+1
-2.088005E+1
-2.088005E+1
-2.088005E+1
-2.088005E+1
-2.088005E+1
-2.088005E+1
-2.088005E+1
-2.088005E+1
-2.088005E+1
-2.088005E+1
-1.786949E+1
-1.416803E+1
-1.315961E+1
-1.271273E+1
-1.251869E+1
-1.256573E+1
-1.276271E+1
-1.322135E+1
-1.389020E+1
-1.472663E+1
-1.548368E+1
-1.587911E+1
-1.514852E+1
-1.437383E+1
-1.356680E+1
-1.309787E+1
-1.292441E+1
-1.309787E+1
-1.372262E+1
-1.548368E+1
-2.088005E+1
-2.088005E+1
-2.088005E+1
-2.088005E+1
-2.088005E+1
-1.636421E+1
-1.286855E+1
-1.144706E+1
-1.057535E+1
-9.969708E+0
-9.566928E+0
-9.299388E+0
-9.137688E+0
-9.070068E+0
-9.099468E+0
-9.217068E+0
-9.428748E+0
-9.752148E+0
-1.022696E+1
-1.094579E+1
-1.206152E+1
-1.460315E+1
-2.088005E+1
-2.088005E+1
-2.088005E+1
-2.088005E+1
-2.088005E+1
-2.088005E+1
-2.088005E+1
-2.088005E+1
-2.088005E+1
-2.088005E+1
-2.088005E+1
-2.088005E+1
-2.088005E+1
-2.088005E+1
-2.088005E+1
-2.088005E+1
-2.088005E+1
-2.088005E+1
-2.088005E+1
-1.426799E+1
-1.136327E+1
-1.025930E+1
-9.652188E+0
-9.330258E+0
-9.186198E+0
-9.206778E+0
-9.374358E+0
-9.652188E+0
-1.007261E+1
-1.063268E+1
-1.139120E+1
-1.234082E+1
-1.356680E+1
-1.485893E+1
-1.567331E+1
-1.531022E+1
-1.416803E+1
-1.315961E+1
-1.242902E+1
-1.191746E+1
-1.162346E+1
-1.150439E+1
-1.153379E+1
-1.168520E+1
-1.184837E+1
-1.191746E+1
-1.181456E+1
-1.147499E+1
-1.098989E+1
-1.044746E+1
-9.941778E+0
-9.508128E+0
-9.177378E+0
-8.950998E+0
-8.828988E+0
-8.821638E+0
-8.924538E+0
-9.156798E+0
-9.543408E+0
-1.016375E+1
-1.115747E+1
-1.309787E+1
-2.088005E+1
-2.088005E+1
-2.088005E+1
-2.088005E+1
-2.088005E+1
-2.088005E+1
-2.088005E+1
-2.088005E+1
-2.088005E+1
-2.088005E+1
-2.088005E+1
-2.088005E+1
-2.088005E+1
-1.849424E+1
-1.460315E+1
-1.335365E+1
-1.261277E+1
-1.209974E+1
-1.168520E+1
-1.141913E+1
-1.123244E+1
-1.113248E+1
-1.113248E+1
-1.120745E+1
-1.139120E+1
-1.171607E+1
-1.221734E+1
-1.298027E+1
-1.426799E+1
-1.738439E+1
-2.088005E+1
-2.088005E+1
-2.088005E+1
-2.088005E+1
-2.088005E+1
-2.088005E+1
-2.088005E+1
-2.088005E+1
-2.088005E+1
-2.088005E+1
-2.088005E+1
-2.088005E+1
-2.088005E+1
-2.088005E+1
-2.088005E+1
-2.088005E+1
-2.088005E+1
-2.088005E+1
-2.088005E+1
-2.088005E+1
-2.088005E+1
-2.088005E+1
-2.088005E+1
-2.088005E+1
-2.088005E+1
-2.088005E+1
-2.088005E+1
-2.088005E+1
-2.088005E+1
-2.088005E+1
-2.088005E+1
-2.088005E+1
-2.088005E+1
-2.088005E+1
-2.088005E+1
-2.088005E+1
-2.088005E+1
-2.088005E+1
-2.088005E+1
-2.088005E+1
-2.088005E+1
-2.088005E+1
-2.088005E+1
-2.088005E+1
-2.088005E+1
-2.088005E+1
-1.937477E+1
-1.286855E+1
-1.153379E+1
-1.083554E+1
-1.041218E+1
-1.016375E+1
-1.004321E+1
-1.001381E+1
-1.005791E+1
-1.014905E+1
-1.025930E+1
-1.039454E+1
-1.051949E+1
-1.063268E+1
-1.075322E+1
-1.083554E+1
-1.090169E+1
-1.094579E+1
-1.096784E+1
-1.098989E+1
-1.103693E+1
-1.113248E+1
-1.125743E+1
-1.147499E+1
-1.178222E+1
-1.229966E+1
-1.309787E+1
-1.448555E+1
-1.937477E+1
-2.088005E+1
-2.088005E+1
-2.088005E+1
-2.088005E+1
-2.088005E+1
-2.088005E+1
-2.088005E+1
-2.088005E+1
-2.088005E+1
-2.088005E+1
-2.088005E+1
-2.088005E+1
-2.088005E+1
-2.088005E+1
-2.088005E+1
-2.088005E+1
-1.698896E+1
-1.531022E+1
-1.460315E+1
-1.426799E+1
-1.389020E+1
-1.356680E+1
-1.322135E+1
-1.281563E+1
-1.242902E+1
-1.206152E+1
-1.178222E+1
-1.156319E+1
-1.136327E+1
-1.120745E+1
-1.106045E+1
-1.096784E+1
-1.090169E+1
-1.083554E+1
-1.077380E+1
-1.069148E+1
-1.063268E+1
-1.057535E+1
-1.051949E+1
-1.048274E+1
-1.046510E+1
-1.048274E+1
-1.053860E+1
-1.063268E+1
-1.075322E+1
-1.087964E+1
-1.098989E+1
-1.108397E+1
-1.110749E+1
-1.115747E+1
-1.118099E+1
-1.128389E+1
-1.144706E+1
-1.171607E+1
-1.221734E+1
-1.298027E+1
-1.437383E+1
-1.937477E+1
-2.088005E+1
-2.088005E+1
-2.088005E+1
-2.088005E+1
-2.088005E+1
-2.088005E+1
-2.088005E+1
-2.088005E+1
-2.088005E+1
-2.088005E+1
-2.088005E+1
-2.088005E+1
-2.088005E+1
-2.088005E+1
-2.088005E+1
-2.088005E+1
-1.849424E+1
-1.292441E+1
-1.139120E+1
-1.050185E+1
-9.941778E+0
-9.590448E+0
-9.406698E+0
-9.374358E+0
-9.462558E+0
-9.675708E+0
-1.002851E+1
-1.053860E+1
-1.128389E+1
-1.234082E+1
-1.416803E+1
-2.088005E+1
-2.088005E+1
-2.088005E+1
-2.088005E+1
-2.088005E+1
-2.088005E+1
-2.088005E+1
-2.088005E+1
-2.088005E+1
-2.088005E+1
-2.088005E+1
-2.088005E+1
-2.088005E+1
-2.088005E+1
-2.088005E+1
