Date/Time	2022-06-23 20:27:23
Line location	3
Line name	C1
OTDR wavelength [nm]	1550
OTDR pulse duration [ns]	2
OTDR scan time [s]	10
OTDR scan length [m]	1.500000E+2
Length offset [m]	0.000000E+0
Length increment [m]	3.996806E-2
Switch ID	VIAVI Solutions,OTU 8000E,11654,FO,16.76
OTDR ID	JDSU,OTU 8000E,11654,OTU(SmartOTU),V7.22

Reflected amplitude [dB]
8.362620E-1
8.245020E-1
7.892220E-1
7.348320E-1
6.804420E-1
6.334020E-1
5.922420E-1
5.584320E-1
5.393220E-1
5.599020E-1
6.363420E-1
7.642320E-1
9.332820E-1
1.122912E+0
1.296372E+0
1.433082E+0
1.535982E+0
1.608012E+0
1.659462E+0
1.694742E+0
1.705032E+0
1.677102E+0
1.618302E+0
1.534512E+0
1.427202E+0
1.306662E+0
1.167012E+0
1.005312E+0
8.406720E-1
6.922020E-1
5.657820E-1
4.570020E-1
3.614520E-1
2.776620E-1
2.056320E-1
1.453620E-1
9.391200E-2
5.128200E-2
1.453200E-2
-1.633800E-2
-4.279800E-2
-6.631800E-2
-8.836800E-2
-1.074780E-1
-1.265880E-1
-1.456980E-1
-1.633380E-1
-1.824480E-1
-2.000880E-1
-2.162580E-1
-2.338980E-1
-2.485980E-1
-2.632980E-1
-2.779980E-1
-2.897580E-1
-3.015180E-1
-3.118080E-1
-3.220980E-1
-3.294480E-1
-3.353280E-1
-3.397380E-1
-3.426780E-1
-3.441480E-1
-3.456180E-1
-3.456180E-1
-3.470880E-1
-3.485580E-1
-3.514980E-1
-3.529680E-1
-3.529680E-1
-3.514980E-1
-3.441480E-1
-3.309180E-1
-3.103380E-1
-2.824080E-1
-2.471280E-1
-2.074380E-1
-1.648080E-1
-1.207080E-1
-7.954800E-2
-4.426800E-2
-1.633800E-2
2.772000E-3
1.306200E-2
1.159200E-2
2.772000E-3
-1.780800E-2
-4.573800E-2
-7.954800E-2
-1.192380E-1
-1.618680E-1
-2.044980E-1
-2.485980E-1
-2.912280E-1
-3.323880E-1
-3.691380E-1
-4.014780E-1
-4.308780E-1
-4.573380E-1
-4.793880E-1
-4.999680E-1
-5.161380E-1
-5.293680E-1
-5.396580E-1
-5.470080E-1
-5.543580E-1
-5.602380E-1
-5.646480E-1
-5.690580E-1
-5.764080E-1
-5.822880E-1
-5.911080E-1
-5.999280E-1
-6.087480E-1
-6.175680E-1
-6.249180E-1
-6.322680E-1
-6.352080E-1
-6.381480E-1
-6.381480E-1
-6.366780E-1
-6.337380E-1
-6.278580E-1
-6.234480E-1
-6.175680E-1
-6.116880E-1
-6.058080E-1
-6.013980E-1
-5.984580E-1
-5.969880E-1
-5.984580E-1
-6.028680E-1
-6.072780E-1
-6.146280E-1
-6.219780E-1
-6.293280E-1
-6.366780E-1
-6.410880E-1
-6.440280E-1
-6.454980E-1
-6.454980E-1
-6.425580E-1
-6.381480E-1
-6.307980E-1
-6.219780E-1
-6.087480E-1
-5.911080E-1
-5.675880E-1
-5.411280E-1
-5.117280E-1
-4.764480E-1
-4.338180E-1
-3.838380E-1
-3.191580E-1
-2.441880E-1
-1.692180E-1
-1.015980E-1
-4.720800E-2
-3.108000E-3
2.776200E-2
4.981200E-2
5.863200E-2
5.716200E-2
4.540200E-2
2.482200E-2
-3.108000E-3
-3.838800E-2
-7.807800E-2
-1.207080E-1
-1.633380E-1
-2.044980E-1
-2.441880E-1
-2.809380E-1
-3.118080E-1
-3.397380E-1
-3.617880E-1
-3.823680E-1
-3.985380E-1
-4.117680E-1
-4.220580E-1
-4.308780E-1
-4.367580E-1
-4.411680E-1
-4.411680E-1
-4.396980E-1
-4.352880E-1
-4.308780E-1
-4.235280E-1
-4.161780E-1
-4.102980E-1
-4.058880E-1
-4.044180E-1
-4.029480E-1
-4.029480E-1
-4.058880E-1
-4.073580E-1
-4.102980E-1
-4.132380E-1
-4.161780E-1
-4.176480E-1
-4.191180E-1
-4.191180E-1
-4.176480E-1
-4.176480E-1
-4.176480E-1
-4.191180E-1
-4.205880E-1
-4.249980E-1
-4.294080E-1
-4.338180E-1
-4.396980E-1
-4.441080E-1
-4.485180E-1
-4.514580E-1
-4.558680E-1
-4.573380E-1
-4.602780E-1
-4.617480E-1
-4.632180E-1
-4.661580E-1
-4.661580E-1
-4.676280E-1
-4.676280E-1
-4.676280E-1
-4.661580E-1
-4.661580E-1
-4.661580E-1
-4.646880E-1
-4.646880E-1
-4.646880E-1
-4.632180E-1
-4.617480E-1
-4.602780E-1
-4.588080E-1
-4.558680E-1
-4.514580E-1
-4.485180E-1
-4.455780E-1
-4.426380E-1
-4.426380E-1
-4.426380E-1
-4.441080E-1
-4.470480E-1
-4.514580E-1
-4.543980E-1
-4.588080E-1
-4.617480E-1
-4.646880E-1
-4.646880E-1
-4.646880E-1
-4.617480E-1
-4.573380E-1
-4.529280E-1
-4.470480E-1
-4.426380E-1
-4.367580E-1
-4.338180E-1
-4.323480E-1
-4.308780E-1
-4.323480E-1
-4.352880E-1
-4.396980E-1
-4.455780E-1
-4.499880E-1
-4.558680E-1
-4.617480E-1
-4.661580E-1
-4.705680E-1
-4.735080E-1
-4.764480E-1
-4.779180E-1
-4.779180E-1
-4.779180E-1
-4.779180E-1
-4.779180E-1
-4.779180E-1
-4.764480E-1
-4.764480E-1
-4.764480E-1
-4.764480E-1
-4.749780E-1
-4.749780E-1
-4.749780E-1
-4.735080E-1
-4.735080E-1
-4.735080E-1
-4.735080E-1
-4.735080E-1
-4.735080E-1
-4.735080E-1
-4.735080E-1
-4.720380E-1
-4.720380E-1
-4.705680E-1
-4.690980E-1
-4.661580E-1
-4.646880E-1
-4.617480E-1
-4.588080E-1
-4.558680E-1
-4.499880E-1
-4.441080E-1
-4.367580E-1
-4.294080E-1
-4.220580E-1
-4.147080E-1
-4.088280E-1
-4.029480E-1
-4.000080E-1
-3.970680E-1
-3.970680E-1
-3.970680E-1
-3.970680E-1
-3.985380E-1
-4.014780E-1
-4.044180E-1
-4.088280E-1
-4.147080E-1
-4.235280E-1
-4.323480E-1
-4.426380E-1
-4.543980E-1
-4.661580E-1
-4.779180E-1
-4.896780E-1
-4.999680E-1
-5.087880E-1
-5.146680E-1
-5.190780E-1
-5.205480E-1
-5.190780E-1
-5.146680E-1
-5.087880E-1
-4.999680E-1
-4.896780E-1
-4.793880E-1
-4.690980E-1
-4.602780E-1
-4.514580E-1
-4.470480E-1
-4.441080E-1
-4.441080E-1
-4.470480E-1
-4.529280E-1
-4.617480E-1
-4.705680E-1
-4.808580E-1
-4.911480E-1
-4.999680E-1
-5.073180E-1
-5.131980E-1
-5.161380E-1
-5.161380E-1
-5.146680E-1
-5.087880E-1
-5.014380E-1
-4.926180E-1
-4.837980E-1
-4.749780E-1
-4.661580E-1
-4.602780E-1
-4.558680E-1
-4.529280E-1
-4.529280E-1
-4.543980E-1
-4.558680E-1
-4.573380E-1
-4.588080E-1
-4.602780E-1
-4.602780E-1
-4.602780E-1
-4.602780E-1
-4.602780E-1
-4.602780E-1
-4.602780E-1
-4.617480E-1
-4.632180E-1
-4.661580E-1
-4.661580E-1
-4.676280E-1
-4.676280E-1
-4.661580E-1
-4.646880E-1
-4.632180E-1
-4.602780E-1
-4.588080E-1
-4.588080E-1
-4.588080E-1
-4.602780E-1
-4.646880E-1
-4.690980E-1
-4.749780E-1
-4.808580E-1
-4.867380E-1
-4.940880E-1
-4.999680E-1
-5.043780E-1
-5.102580E-1
-5.131980E-1
-5.161380E-1
-5.176080E-1
-5.176080E-1
-5.161380E-1
-5.131980E-1
-5.087880E-1
-5.029080E-1
-4.970280E-1
-4.911480E-1
-4.852680E-1
-4.793880E-1
-4.749780E-1
-4.705680E-1
-4.661580E-1
-4.632180E-1
-4.602780E-1
-4.573380E-1
-4.529280E-1
-4.499880E-1
-4.470480E-1
-4.426380E-1
-4.396980E-1
-4.382280E-1
-4.367580E-1
-4.352880E-1
-4.367580E-1
-4.396980E-1
-4.426380E-1
-4.470480E-1
-4.499880E-1
-4.529280E-1
-4.543980E-1
-4.543980E-1
-4.529280E-1
-4.499880E-1
-4.470480E-1
-4.426380E-1
-4.382280E-1
-4.338180E-1
-4.294080E-1
-4.264680E-1
-4.220580E-1
-4.205880E-1
-4.191180E-1
-4.176480E-1
-4.191180E-1
-4.220580E-1
-4.249980E-1
-4.294080E-1
-4.323480E-1
-4.352880E-1
-4.367580E-1
-4.382280E-1
-4.382280E-1
-4.382280E-1
-4.382280E-1
-4.382280E-1
-4.382280E-1
-4.396980E-1
-4.426380E-1
-4.455780E-1
-4.470480E-1
-4.499880E-1
-4.529280E-1
-4.543980E-1
-4.543980E-1
-4.543980E-1
-4.543980E-1
-4.558680E-1
-4.573380E-1
-4.588080E-1
-4.617480E-1
-4.661580E-1
-4.705680E-1
-4.764480E-1
-4.808580E-1
-4.852680E-1
-4.867380E-1
-4.882080E-1
-4.867380E-1
-4.852680E-1
-4.823280E-1
-4.793880E-1
-4.764480E-1
-4.735080E-1
-4.690980E-1
-4.676280E-1
-4.646880E-1
-4.617480E-1
-4.602780E-1
-4.573380E-1
-4.573380E-1
-4.558680E-1
-4.558680E-1
-4.573380E-1
-4.602780E-1
-4.646880E-1
-4.705680E-1
-4.749780E-1
-4.808580E-1
-4.867380E-1
-4.911480E-1
-4.940880E-1
-4.940880E-1
-4.926180E-1
-4.896780E-1
-4.837980E-1
-4.779180E-1
-4.690980E-1
-4.632180E-1
-4.558680E-1
-4.529280E-1
-4.514580E-1
-4.529280E-1
-4.573380E-1
-4.646880E-1
-4.720380E-1
-4.808580E-1
-4.896780E-1
-4.955580E-1
-4.999680E-1
-5.014380E-1
-4.999680E-1
-4.955580E-1
-4.896780E-1
-4.837980E-1
-4.779180E-1
-4.720380E-1
-4.676280E-1
-4.646880E-1
-4.646880E-1
-4.632180E-1
-4.646880E-1
-4.661580E-1
-4.661580E-1
-4.661580E-1
-4.661580E-1
-4.632180E-1
-4.617480E-1
-4.588080E-1
-4.558680E-1
-4.529280E-1
-4.499880E-1
-4.485180E-1
-4.455780E-1
-4.441080E-1
-4.426380E-1
-4.396980E-1
-4.367580E-1
-4.323480E-1
-4.279380E-1
-4.235280E-1
-4.176480E-1
-4.132380E-1
-4.102980E-1
-4.073580E-1
-4.058880E-1
-4.058880E-1
-4.088280E-1
-4.117680E-1
-4.176480E-1
-4.220580E-1
-4.279380E-1
-4.338180E-1
-4.367580E-1
-4.396980E-1
-4.411680E-1
-4.396980E-1
-4.382280E-1
-4.352880E-1
-4.308780E-1
-4.279380E-1
-4.264680E-1
-4.249980E-1
-4.235280E-1
-4.220580E-1
-4.220580E-1
-4.220580E-1
-4.205880E-1
-4.205880E-1
-4.191180E-1
-4.191180E-1
-4.191180E-1
-4.220580E-1
-4.249980E-1
-4.294080E-1
-4.338180E-1
-4.411680E-1
-4.470480E-1
-4.529280E-1
-4.573380E-1
-4.602780E-1
-4.617480E-1
-4.602780E-1
-4.588080E-1
-4.543980E-1
-4.499880E-1
-4.455780E-1
-4.411680E-1
-4.352880E-1
-4.308780E-1
-4.264680E-1
-4.249980E-1
-4.235280E-1
-4.249980E-1
-4.264680E-1
-4.308780E-1
-4.367580E-1
-4.426380E-1
-4.485180E-1
-4.543980E-1
-4.588080E-1
-4.632180E-1
-4.661580E-1
-4.661580E-1
-4.676280E-1
-4.661580E-1
-4.661580E-1
-4.661580E-1
-4.676280E-1
-4.690980E-1
-4.720380E-1
-4.749780E-1
-4.808580E-1
-4.867380E-1
-4.911480E-1
-4.970280E-1
-4.999680E-1
-5.014380E-1
-5.014380E-1
-4.984980E-1
-4.940880E-1
-4.896780E-1
-4.823280E-1
-4.749780E-1
-4.676280E-1
-4.588080E-1
-4.514580E-1
-4.441080E-1
-4.367580E-1
-4.323480E-1
-4.294080E-1
-4.294080E-1
-4.338180E-1
-4.396980E-1
-4.485180E-1
-4.573380E-1
-4.690980E-1
-4.793880E-1
-4.882080E-1
-4.940880E-1
-4.984980E-1
-4.999680E-1
-4.999680E-1
-4.955580E-1
-4.896780E-1
-4.837980E-1
-4.764480E-1
-4.705680E-1
-4.661580E-1
-4.632180E-1
-4.617480E-1
-4.646880E-1
-4.676280E-1
-4.720380E-1
-4.779180E-1
-4.823280E-1
-4.867380E-1
-4.896780E-1
-4.911480E-1
-4.911480E-1
-4.896780E-1
-4.867380E-1
-4.823280E-1
-4.779180E-1
-4.749780E-1
-4.705680E-1
-4.676280E-1
-4.661580E-1
-4.661580E-1
-4.661580E-1
-4.676280E-1
-4.705680E-1
-4.749780E-1
-4.779180E-1
-4.823280E-1
-4.852680E-1
-4.882080E-1
-4.911480E-1
-4.911480E-1
-4.911480E-1
-4.882080E-1
-4.852680E-1
-4.808580E-1
-4.764480E-1
-4.705680E-1
-4.646880E-1
-4.602780E-1
-4.573380E-1
-4.529280E-1
-4.499880E-1
-4.485180E-1
-4.455780E-1
-4.441080E-1
-4.426380E-1
-4.411680E-1
-4.396980E-1
-4.396980E-1
-4.396980E-1
-4.411680E-1
-4.441080E-1
-4.470480E-1
-4.499880E-1
-4.543980E-1
-4.573380E-1
-4.602780E-1
-4.617480E-1
-4.617480E-1
-4.617480E-1
-4.602780E-1
-4.588080E-1
-4.573380E-1
-4.543980E-1
-4.529280E-1
-4.529280E-1
-4.514580E-1
-4.514580E-1
-4.499880E-1
-4.485180E-1
-4.470480E-1
-4.441080E-1
-4.411680E-1
-4.367580E-1
-4.323480E-1
-4.279380E-1
-4.235280E-1
-4.191180E-1
-4.147080E-1
-4.117680E-1
-4.102980E-1
-4.088280E-1
-4.073580E-1
-4.073580E-1
-4.073580E-1
-4.058880E-1
-4.058880E-1
-4.029480E-1
-4.000080E-1
-3.970680E-1
-3.941280E-1
-3.911880E-1
-3.897180E-1
-3.897180E-1
-3.911880E-1
-3.941280E-1
-4.000080E-1
-4.044180E-1
-4.102980E-1
-4.161780E-1
-4.205880E-1
-4.235280E-1
-4.249980E-1
-4.264680E-1
-4.264680E-1
-4.279380E-1
-4.294080E-1
-4.323480E-1
-4.367580E-1
-4.426380E-1
-4.499880E-1
-4.558680E-1
-4.632180E-1
-4.690980E-1
-4.735080E-1
-4.779180E-1
-4.793880E-1
-4.793880E-1
-4.779180E-1
-4.764480E-1
-4.735080E-1
-4.690980E-1
-4.661580E-1
-4.617480E-1
-4.573380E-1
-4.529280E-1
-4.485180E-1
-4.441080E-1
-4.396980E-1
-4.352880E-1
-4.323480E-1
-4.294080E-1
-4.279380E-1
-4.279380E-1
-4.279380E-1
-4.279380E-1
-4.294080E-1
-4.308780E-1
-4.323480E-1
-4.323480E-1
-4.338180E-1
-4.352880E-1
-4.352880E-1
-4.367580E-1
-4.396980E-1
-4.426380E-1
-4.455780E-1
-4.485180E-1
-4.514580E-1
-4.543980E-1
-4.573380E-1
-4.588080E-1
-4.588080E-1
-4.588080E-1
-4.588080E-1
-4.588080E-1
-4.573380E-1
-4.558680E-1
-4.558680E-1
-4.558680E-1
-4.573380E-1
-4.588080E-1
-4.602780E-1
-4.617480E-1
-4.632180E-1
-4.646880E-1
-4.646880E-1
-4.632180E-1
-4.602780E-1
-4.573380E-1
-4.543980E-1
-4.514580E-1
-4.485180E-1
-4.455780E-1
-4.455780E-1
-4.441080E-1
-4.441080E-1
-4.441080E-1
-4.441080E-1
-4.426380E-1
-4.411680E-1
-4.396980E-1
-4.382280E-1
-4.367580E-1
-4.382280E-1
-4.382280E-1
-4.411680E-1
-4.441080E-1
-4.470480E-1
-4.514580E-1
-4.573380E-1
-4.617480E-1
-4.661580E-1
-4.705680E-1
-4.735080E-1
-4.764480E-1
-4.779180E-1
-4.779180E-1
-4.779180E-1
-4.764480E-1
-4.749780E-1
-4.720380E-1
-4.690980E-1
-4.661580E-1
-4.632180E-1
-4.617480E-1
-4.602780E-1
-4.588080E-1
-4.588080E-1
-4.588080E-1
-4.588080E-1
-4.588080E-1
-4.588080E-1
-4.602780E-1
-4.617480E-1
-4.646880E-1
-4.661580E-1
-4.676280E-1
-4.705680E-1
-4.720380E-1
-4.735080E-1
-4.749780E-1
-4.764480E-1
-4.779180E-1
-4.779180E-1
-4.779180E-1
-4.779180E-1
-4.764480E-1
-4.749780E-1
-4.735080E-1
-4.690980E-1
-4.661580E-1
-4.617480E-1
-4.573380E-1
-4.514580E-1
-4.470480E-1
-4.441080E-1
-4.411680E-1
-4.382280E-1
-4.352880E-1
-4.338180E-1
-4.338180E-1
-4.338180E-1
-4.338180E-1
-4.352880E-1
-4.367580E-1
-4.396980E-1
-4.441080E-1
-4.485180E-1
-4.529280E-1
-4.588080E-1
-4.646880E-1
-4.720380E-1
-4.779180E-1
-4.837980E-1
-4.896780E-1
-4.926180E-1
-4.970280E-1
-4.984980E-1
-4.999680E-1
-4.984980E-1
-4.984980E-1
-4.955580E-1
-4.940880E-1
-4.911480E-1
-4.882080E-1
-4.867380E-1
-4.852680E-1
-4.837980E-1
-4.823280E-1
-4.808580E-1
-4.793880E-1
-4.793880E-1
-4.779180E-1
-4.779180E-1
-4.779180E-1
-4.779180E-1
-4.808580E-1
-4.823280E-1
-4.867380E-1
-4.896780E-1
-4.940880E-1
-4.970280E-1
-4.999680E-1
-5.014380E-1
-5.014380E-1
-4.999680E-1
-4.984980E-1
-4.970280E-1
-4.940880E-1
-4.911480E-1
-4.882080E-1
-4.837980E-1
-4.779180E-1
-4.705680E-1
-4.646880E-1
-4.573380E-1
-4.499880E-1
-4.441080E-1
-4.396980E-1
-4.367580E-1
-4.338180E-1
-4.323480E-1
-4.323480E-1
-4.338180E-1
-4.352880E-1
-4.367580E-1
-4.396980E-1
-4.411680E-1
-4.426380E-1
-4.426380E-1
-4.441080E-1
-4.441080E-1
-4.426380E-1
-4.426380E-1
-4.411680E-1
-4.411680E-1
-4.411680E-1
-4.411680E-1
-4.411680E-1
-4.411680E-1
-4.411680E-1
-4.441080E-1
-4.470480E-1
-4.514580E-1
-4.573380E-1
-4.632180E-1
-4.690980E-1
-4.749780E-1
-4.808580E-1
-4.837980E-1
-4.837980E-1
-4.823280E-1
-4.793880E-1
-4.735080E-1
-4.676280E-1
-4.617480E-1
-4.558680E-1
-4.514580E-1
-4.499880E-1
-4.499880E-1
-4.514580E-1
-4.543980E-1
-4.588080E-1
-4.617480E-1
-4.661580E-1
-4.690980E-1
-4.705680E-1
-4.720380E-1
-4.720380E-1
-4.720380E-1
-4.735080E-1
-4.735080E-1
-4.749780E-1
-4.764480E-1
-4.764480E-1
-4.764480E-1
-4.764480E-1
-4.749780E-1
-4.735080E-1
-4.705680E-1
-4.690980E-1
-4.676280E-1
-4.661580E-1
-4.661580E-1
-4.676280E-1
-4.705680E-1
-4.735080E-1
-4.779180E-1
-4.823280E-1
-4.882080E-1
-4.955580E-1
-5.043780E-1
-5.146680E-1
-5.293680E-1
-5.455380E-1
-5.675880E-1
-5.940480E-1
-6.263880E-1
-6.646080E-1
-7.087080E-1
-7.601580E-1
-8.145480E-1
-8.733480E-1
-9.350880E-1
-9.968280E-1
-1.058568E+0
-1.117368E+0
-1.174698E+0
-1.226148E+0
-1.274658E+0
-1.318758E+0
-1.356978E+0
-1.392258E+0
-1.421658E+0
-1.446648E+0
-1.467228E+0
-1.483398E+0
-1.498098E+0
-1.509858E+0
-1.521618E+0
-1.533378E+0
-1.545138E+0
-1.558368E+0
-1.571598E+0
-1.586298E+0
-1.600998E+0
-1.614228E+0
-1.627458E+0
-1.637748E+0
-1.645098E+0
-1.649508E+0
-1.653918E+0
-1.653918E+0
-1.653918E+0
-1.653918E+0
-1.653918E+0
-1.653918E+0
-1.655388E+0
-1.658328E+0
-1.661268E+0
-1.664208E+0
-1.665678E+0
-1.667148E+0
-1.665678E+0
-1.665678E+0
-1.662738E+0
-1.661268E+0
-1.659798E+0
-1.659798E+0
-1.661268E+0
-1.665678E+0
-1.670088E+0
-1.675968E+0
-1.684788E+0
-1.692138E+0
-1.700958E+0
-1.709778E+0
-1.717128E+0
-1.724478E+0
-1.730358E+0
-1.734768E+0
-1.737708E+0
-1.739178E+0
-1.739178E+0
-1.737708E+0
-1.734768E+0
-1.733298E+0
-1.731828E+0
-1.731828E+0
-1.734768E+0
-1.739178E+0
-1.745058E+0
-1.753878E+0
-1.764168E+0
-1.772988E+0
-1.783278E+0
-1.790628E+0
-1.797978E+0
-1.803858E+0
-1.806798E+0
-1.808268E+0
-1.809738E+0
-1.809738E+0
-1.809738E+0
-1.806798E+0
-1.805328E+0
-1.802388E+0
-1.799448E+0
-1.796508E+0
-1.796508E+0
-1.796508E+0
-1.797978E+0
-1.800918E+0
-1.803858E+0
-1.809738E+0
-1.814148E+0
-1.820028E+0
-1.825908E+0
-1.831788E+0
-1.837668E+0
-1.843548E+0
-1.849428E+0
-1.852368E+0
-1.855308E+0
-1.853838E+0
-1.850898E+0
-1.842078E+0
-1.833258E+0
-1.821498E+0
-1.808268E+0
-1.796508E+0
-1.787688E+0
-1.781808E+0
-1.778868E+0
-1.778868E+0
-1.783278E+0
-1.792098E+0
-1.802388E+0
-1.812678E+0
-1.825908E+0
-1.837668E+0
-1.849428E+0
-1.859718E+0
-1.868538E+0
-1.875888E+0
-1.880298E+0
-1.884708E+0
-1.886178E+0
-1.886178E+0
-1.886178E+0
-1.884708E+0
-1.883238E+0
-1.880298E+0
-1.878828E+0
-1.877358E+0
-1.875888E+0
-1.874418E+0
-1.874418E+0
-1.872948E+0
-1.872948E+0
-1.872948E+0
-1.875888E+0
-1.880298E+0
-1.889118E+0
-1.902348E+0
-1.918518E+0
-1.937628E+0
-1.959678E+0
-1.983198E+0
-2.002308E+0
-2.019948E+0
-2.031708E+0
-2.037588E+0
-2.037588E+0
-2.033178E+0
-2.024358E+0
-2.014068E+0
-2.003778E+0
-1.993488E+0
-1.983198E+0
-1.974378E+0
-1.968498E+0
-1.964088E+0
-1.961148E+0
-1.959678E+0
-1.962618E+0
-1.967028E+0
-1.974378E+0
-1.981728E+0
-1.992018E+0
-2.002308E+0
-2.014068E+0
-2.025828E+0
-2.036118E+0
-2.044938E+0
-2.052288E+0
-2.058168E+0
-2.059638E+0
-2.058168E+0
-2.053758E+0
-2.046408E+0
-2.037588E+0
-2.028768E+0
-2.019948E+0
-2.014068E+0
-2.009658E+0
-2.006718E+0
-2.006718E+0
-2.008188E+0
-2.009658E+0
-2.011128E+0
-2.012598E+0
-2.011128E+0
-2.008188E+0
-2.005248E+0
-2.000838E+0
-1.997898E+0
-1.994958E+0
-1.993488E+0
-1.993488E+0
-1.993488E+0
-1.996428E+0
-1.997898E+0
-1.999368E+0
-2.000838E+0
-1.999368E+0
-1.996428E+0
-1.992018E+0
-1.987608E+0
-1.980258E+0
-1.974378E+0
-1.969968E+0
-1.967028E+0
-1.967028E+0
-1.971438E+0
-1.980258E+0
-1.994958E+0
-2.014068E+0
-2.036118E+0
-2.059638E+0
-2.083158E+0
-2.105208E+0
-2.122848E+0
-2.136078E+0
-2.141958E+0
-2.141958E+0
-2.136078E+0
-2.127258E+0
-2.118438E+0
-2.109618E+0
-2.103738E+0
-2.100798E+0
-2.102268E+0
-2.108148E+0
-2.116968E+0
-2.127258E+0
-2.137548E+0
-2.146368E+0
-2.155188E+0
-2.161068E+0
-2.164008E+0
-2.166948E+0
-2.169888E+0
-2.172828E+0
-2.175768E+0
-2.181648E+0
-2.187528E+0
-2.194878E+0
-2.200758E+0
-2.206638E+0
-2.211048E+0
-2.212518E+0
-2.211048E+0
-2.206638E+0
-2.200758E+0
-2.193408E+0
-2.184588E+0
-2.177238E+0
-2.169888E+0
-2.166948E+0
-2.166948E+0
-2.169888E+0
-2.178708E+0
-2.190468E+0
-2.205168E+0
-2.222808E+0
-2.238978E+0
-2.255148E+0
-2.269848E+0
-2.280138E+0
-2.287488E+0
-2.288958E+0
-2.288958E+0
-2.287488E+0
-2.284548E+0
-2.281608E+0
-2.280138E+0
-2.280138E+0
-2.281608E+0
-2.286018E+0
-2.291898E+0
-2.297778E+0
-2.303658E+0
-2.311008E+0
-2.316888E+0
-2.322768E+0
-2.325708E+0
-2.328648E+0
-2.331588E+0
-2.334528E+0
-2.335998E+0
-2.340408E+0
-2.344818E+0
-2.350698E+0
-2.356578E+0
-2.365398E+0
-2.375688E+0
-2.385978E+0
-2.397738E+0
-2.408028E+0
-2.421258E+0
-2.433018E+0
-2.444778E+0
-2.455068E+0
-2.463888E+0
-2.469768E+0
-2.472708E+0
-2.472708E+0
-2.469768E+0
-2.463888E+0
-2.453598E+0
-2.440368E+0
-2.424198E+0
-2.406558E+0
-2.387448E+0
-2.369808E+0
-2.353638E+0
-2.340408E+0
-2.330118E+0
-2.327178E+0
-2.328648E+0
-2.334528E+0
-2.344818E+0
-2.359518E+0
-2.374218E+0
-2.391858E+0
-2.408028E+0
-2.424198E+0
-2.435958E+0
-2.443308E+0
-2.447718E+0
-2.447718E+0
-2.444778E+0
-2.437428E+0
-2.430078E+0
-2.421258E+0
-2.415378E+0
-2.410968E+0
-2.409498E+0
-2.410968E+0
-2.413908E+0
-2.419788E+0
-2.425668E+0
-2.431548E+0
-2.437428E+0
-2.440368E+0
-2.444778E+0
-2.447718E+0
-2.450658E+0
-2.453598E+0
-2.458008E+0
-2.460948E+0
-2.465358E+0
-2.469768E+0
-2.472708E+0
-2.477118E+0
-2.480058E+0
-2.481528E+0
-2.484468E+0
-2.487408E+0
-2.491818E+0
-2.496228E+0
-2.502108E+0
-2.506518E+0
-2.510928E+0
-2.515338E+0
-2.516808E+0
-2.516808E+0
-2.513868E+0
-2.509458E+0
-2.503578E+0
-2.497698E+0
-2.493288E+0
-2.488878E+0
-2.488878E+0
-2.490348E+0
-2.496228E+0
-2.505048E+0
-2.516808E+0
-2.530038E+0
-2.544738E+0
-2.557968E+0
-2.572668E+0
-2.584428E+0
-2.593248E+0
-2.600598E+0
-2.603538E+0
-2.605008E+0
-2.603538E+0
-2.602068E+0
-2.599128E+0
-2.596188E+0
-2.594718E+0
-2.594718E+0
-2.596188E+0
-2.599128E+0
-2.605008E+0
-2.610888E+0
-2.616768E+0
-2.622648E+0
-2.628528E+0
-2.632938E+0
-2.635878E+0
-2.638818E+0
-2.638818E+0
-2.638818E+0
-2.638818E+0
-2.635878E+0
-2.634408E+0
-2.631468E+0
-2.628528E+0
-2.625588E+0
-2.622648E+0
-2.619708E+0
-2.616768E+0
-2.615298E+0
-2.613828E+0
-2.613828E+0
-2.615298E+0
-2.618238E+0
-2.624118E+0
-2.631468E+0
-2.641758E+0
-2.652048E+0
-2.665278E+0
-2.678508E+0
-2.691738E+0
-2.703498E+0
-2.713788E+0
-2.722608E+0
-2.729958E+0
-2.735838E+0
-2.740248E+0
-2.744658E+0
-2.750538E+0
-2.754948E+0
-2.762298E+0
-2.769648E+0
-2.778468E+0
-2.785818E+0
-2.790228E+0
-2.793168E+0
-2.793168E+0
-2.788758E+0
-2.782878E+0
-2.775528E+0
-2.768178E+0
-2.762298E+0
-2.754948E+0
-2.749068E+0
-2.744658E+0
-2.738778E+0
-2.734368E+0
-2.728488E+0
-2.722608E+0
-2.716728E+0
-2.712318E+0
-2.707908E+0
-2.704968E+0
-2.703498E+0
-2.704968E+0
-2.709378E+0
-2.716728E+0
-2.725548E+0
-2.734368E+0
-2.743188E+0
-2.752008E+0
-2.756418E+0
-2.759358E+0
-2.759358E+0
-2.756418E+0
-2.752008E+0
-2.747598E+0
-2.743188E+0
-2.740248E+0
-2.737308E+0
-2.735838E+0
-2.735838E+0
-2.734368E+0
-2.731428E+0
-2.727018E+0
-2.721138E+0
-2.713788E+0
-2.704968E+0
-2.697618E+0
-2.688798E+0
-2.684388E+0
-2.679978E+0
-2.679978E+0
-2.681448E+0
-2.687328E+0
-2.696148E+0
-2.709378E+0
-2.727018E+0
-2.747598E+0
-2.769648E+0
-2.793168E+0
-2.815218E+0
-2.834328E+0
-2.850498E+0
-2.860788E+0
-2.866668E+0
-2.871078E+0
-2.871078E+0
-2.869608E+0
-2.868138E+0
-2.865198E+0
-2.863728E+0
-2.863728E+0
-2.862258E+0
-2.860788E+0
-2.860788E+0
-2.860788E+0
-2.862258E+0
-2.863728E+0
-2.868138E+0
-2.875488E+0
-2.887248E+0
-2.903418E+0
-2.925468E+0
-2.948988E+0
-2.975448E+0
-3.000438E+0
-3.022488E+0
-3.038658E+0
-3.046008E+0
-3.044538E+0
-3.032778E+0
-3.016608E+0
-2.993088E+0
-2.969568E+0
-2.947518E+0
-2.929878E+0
-2.918118E+0
-2.912238E+0
-2.912238E+0
-2.916648E+0
-2.923998E+0
-2.931348E+0
-2.938698E+0
-2.943108E+0
-2.946048E+0
-2.944578E+0
-2.943108E+0
-2.938698E+0
-2.935758E+0
-2.934288E+0
-2.932818E+0
-2.934288E+0
-2.937228E+0
-2.941638E+0
-2.946048E+0
-2.948988E+0
-2.953398E+0
-2.957808E+0
-2.963688E+0
-2.968098E+0
-2.975448E+0
-2.984268E+0
-2.994558E+0
-3.006318E+0
-3.018078E+0
-3.029838E+0
-3.038658E+0
-3.044538E+0
-3.047478E+0
-3.046008E+0
-3.041598E+0
-3.035718E+0
-3.029838E+0
-3.021018E+0
-3.012198E+0
-3.003378E+0
-2.994558E+0
-2.985738E+0
-2.978388E+0
-2.971038E+0
-2.965158E+0
-2.960748E+0
-2.957808E+0
-2.957808E+0
-2.956338E+0
-2.957808E+0
-2.957808E+0
-2.957808E+0
-2.956338E+0
-2.953398E+0
-2.951928E+0
-2.948988E+0
-2.947518E+0
-2.947518E+0
-2.948988E+0
-2.954868E+0
-2.963688E+0
-2.975448E+0
-2.990148E+0
-3.006318E+0
-3.022488E+0
-3.038658E+0
-3.051888E+0
-3.063648E+0
-3.073938E+0
-3.081288E+0
-3.087168E+0
-3.091578E+0
-3.093048E+0
-3.094518E+0
-3.097458E+0
-3.098928E+0
-3.100398E+0
-3.101868E+0
-3.101868E+0
-3.103338E+0
-3.104808E+0
-3.104808E+0
-3.104808E+0
-3.103338E+0
-3.103338E+0
-3.103338E+0
-3.103338E+0
-3.104808E+0
-3.109218E+0
-3.113628E+0
-3.118038E+0
-3.122448E+0
-3.128328E+0
-3.132738E+0
-3.137148E+0
-3.140088E+0
-3.144498E+0
-3.151848E+0
-3.160668E+0
-3.169488E+0
-3.179778E+0
-3.191538E+0
-3.201828E+0
-3.209178E+0
-3.213588E+0
-3.215058E+0
-3.210648E+0
-3.203298E+0
-3.191538E+0
-3.178308E+0
-3.163608E+0
-3.148908E+0
-3.137148E+0
-3.126858E+0
-3.120978E+0
-3.119508E+0
-3.119508E+0
-3.125388E+0
-3.134208E+0
-3.147438E+0
-3.165078E+0
-3.187128E+0
-3.212118E+0
-3.238578E+0
-3.266508E+0
-3.291498E+0
-3.313548E+0
-3.328248E+0
-3.334128E+0
-3.332658E+0
-3.323838E+0
-3.307668E+0
-3.288558E+0
-3.267978E+0
-3.248868E+0
-3.232698E+0
-3.222408E+0
-3.217998E+0
-3.222408E+0
-3.235638E+0
-3.256218E+0
-3.282678E+0
-3.313548E+0
-3.347358E+0
-3.379698E+0
-3.409098E+0
-3.434088E+0
-3.451728E+0
-3.464958E+0
-3.473778E+0
-3.478188E+0
-3.478188E+0
-3.476718E+0
-3.473778E+0
-3.469368E+0
-3.463488E+0
-3.457608E+0
-3.451728E+0
-3.445848E+0
-3.442908E+0
-3.441438E+0
-3.441438E+0
-3.439968E+0
-3.437028E+0
-3.429678E+0
-3.419388E+0
-3.406158E+0
-3.388518E+0
-3.369408E+0
-3.353238E+0
-3.340008E+0
-3.331188E+0
-3.331188E+0
-3.335598E+0
-3.345888E+0
-3.360588E+0
-3.375288E+0
-3.391458E+0
-3.404688E+0
-3.413508E+0
-3.419388E+0
-3.420858E+0
-3.419388E+0
-3.416448E+0
-3.413508E+0
-3.410568E+0
-3.409098E+0
-3.407628E+0
-3.407628E+0
-3.409098E+0
-3.409098E+0
-3.409098E+0
-3.406158E+0
-3.403218E+0
-3.397338E+0
-3.392928E+0
-3.385578E+0
-3.382638E+0
-3.378228E+0
-3.376758E+0
-3.378228E+0
-3.381168E+0
-3.384108E+0
-3.387048E+0
-3.388518E+0
-3.389988E+0
-3.387048E+0
-3.382638E+0
-3.375288E+0
-3.366468E+0
-3.356178E+0
-3.342948E+0
-3.331188E+0
-3.319428E+0
-3.170958E+0
-2.663808E+0
-1.855308E+0
-9.424380E-1
-4.720800E-2
7.642320E-1
1.465422E+0
2.057832E+0
2.545872E+0
2.935422E+0
3.239712E+0
3.464622E+0
3.620442E+0
3.710112E+0
3.736572E+0
3.707172E+0
3.624852E+0
3.492552E+0
3.313212E+0
3.085362E+0
2.811942E+0
2.495892E+0
2.137212E+0
1.732962E+0
1.278732E+0
7.774620E-1
2.306220E-1
-3.426780E-1
-9.189180E-1
-1.474578E+0
-2.000838E+0
-2.491818E+0
-2.948988E+0
-3.373818E+0
-3.770718E+0
-4.145568E+0
-4.499838E+0
-4.840878E+0
-5.176038E+0
-5.512668E+0
-5.861058E+0
-6.234438E+0
-6.647508E+0
-7.114968E+0
-7.651518E+0
-8.292438E+0
-9.080358E+0
-1.011818E+1
-1.171607E+1
-1.698896E+1
-2.088005E+1
-2.088005E+1
-2.088005E+1
-2.088005E+1
-2.088005E+1
-2.088005E+1
-2.088005E+1
-2.088005E+1
-2.088005E+1
-2.088005E+1
-2.088005E+1
-1.567331E+1
-1.229966E+1
-1.110749E+1
-1.042982E+1
-1.002851E+1
-9.778608E+0
-9.652188E+0
-9.627198E+0
-9.675708E+0
-9.791838E+0
-9.955008E+0
-1.016375E+1
-1.041218E+1
-1.073264E+1
-1.113248E+1
-1.162346E+1
-1.234082E+1
-1.335365E+1
-1.531022E+1
-2.088005E+1
-2.088005E+1
-2.088005E+1
-2.088005E+1
-2.088005E+1
-2.088005E+1
-2.088005E+1
-2.088005E+1
-2.088005E+1
-2.088005E+1
-2.088005E+1
-2.088005E+1
-2.088005E+1
-2.088005E+1
-1.849424E+1
-1.665380E+1
-1.499858E+1
-1.380494E+1
-1.276271E+1
-1.191746E+1
-1.120745E+1
-1.059446E+1
-1.010201E+1
-9.688938E+0
-9.374358E+0
-9.147978E+0
-8.987748E+0
-8.898078E+0
-8.889258E+0
-8.942178E+0
-9.050958E+0
-9.217068E+0
-9.406698E+0
-9.615438E+0
-9.805068E+0
-9.969708E+0
-1.008731E+1
-1.013288E+1
-1.016375E+1
-1.017992E+1
-1.024313E+1
-1.039454E+1
-1.069148E+1
-1.123244E+1
-1.225850E+1
-1.567331E+1
-2.088005E+1
-2.088005E+1
-2.088005E+1
-2.088005E+1
-2.088005E+1
-2.088005E+1
-2.088005E+1
-2.088005E+1
-2.088005E+1
-2.088005E+1
-2.088005E+1
-2.088005E+1
-2.088005E+1
-2.088005E+1
-2.088005E+1
-2.088005E+1
-2.088005E+1
-2.088005E+1
-2.088005E+1
-2.088005E+1
-2.088005E+1
-2.088005E+1
-1.786949E+1
-1.335365E+1
-1.174841E+1
-1.077380E+1
-1.013288E+1
-9.738918E+0
-9.531648E+0
-9.484608E+0
-9.602208E+0
-9.899148E+0
-1.042982E+1
-1.123244E+1
-1.247312E+1
-1.514852E+1
-2.088005E+1
-2.088005E+1
-2.088005E+1
-2.088005E+1
-2.088005E+1
-2.088005E+1
-2.088005E+1
-2.088005E+1
-2.088005E+1
-2.088005E+1
-2.088005E+1
-2.088005E+1
-2.088005E+1
-2.088005E+1
-2.088005E+1
-2.088005E+1
-2.088005E+1
-2.088005E+1
-2.088005E+1
-2.088005E+1
-2.088005E+1
-2.088005E+1
-2.088005E+1
-2.088005E+1
-2.088005E+1
-2.088005E+1
-2.088005E+1
-2.088005E+1
-2.088005E+1
-2.088005E+1
-1.364324E+1
-1.213796E+1
-1.153379E+1
-1.125743E+1
-1.120745E+1
-1.136327E+1
-1.174841E+1
-1.247312E+1
-1.397840E+1
-2.088005E+1
-2.088005E+1
-2.088005E+1
-2.088005E+1
-2.088005E+1
-2.088005E+1
-2.088005E+1
-2.088005E+1
-2.088005E+1
-2.088005E+1
-2.088005E+1
-2.088005E+1
-2.088005E+1
-2.088005E+1
-2.088005E+1
-2.088005E+1
-2.088005E+1
-2.088005E+1
-2.088005E+1
-2.088005E+1
-2.088005E+1
-2.088005E+1
-2.088005E+1
-2.088005E+1
-2.088005E+1
-2.088005E+1
-2.088005E+1
-2.088005E+1
-1.380494E+1
-1.229966E+1
-1.159259E+1
-1.125743E+1
-1.123244E+1
-1.153379E+1
-1.225850E+1
-1.389020E+1
-2.088005E+1
-2.088005E+1
-2.088005E+1
-2.088005E+1
-2.088005E+1
-2.088005E+1
-2.088005E+1
-2.088005E+1
-2.088005E+1
-2.088005E+1
-2.088005E+1
-2.088005E+1
-2.088005E+1
-2.088005E+1
-2.088005E+1
-2.088005E+1
-1.416803E+1
-1.242902E+1
-1.159259E+1
-1.108397E+1
-1.075322E+1
-1.053860E+1
-1.037690E+1
-1.027694E+1
-1.021079E+1
-1.019609E+1
-1.022696E+1
-1.036073E+1
-1.059446E+1
-1.098989E+1
-1.165433E+1
-1.281563E+1
-1.610843E+1
-2.088005E+1
-2.088005E+1
-2.088005E+1
-2.088005E+1
-2.088005E+1
-2.088005E+1
-2.088005E+1
-2.088005E+1
-1.472663E+1
-1.198802E+1
-1.085759E+1
-1.019609E+1
-9.778608E+0
-9.531648E+0
-9.406698E+0
-9.362598E+0
-9.384648E+0
-9.428748E+0
-9.474318E+0
-9.496368E+0
-9.496368E+0
-9.474318E+0
-9.440508E+0
-9.418458E+0
-9.418458E+0
-9.474318E+0
-9.590448E+0
-9.765378E+0
-1.002851E+1
-1.037690E+1
-1.081496E+1
-1.136327E+1
-1.206152E+1
-1.286855E+1
-1.389020E+1
-1.548368E+1
-1.937477E+1
-2.088005E+1
-2.088005E+1
-2.088005E+1
-2.088005E+1
-2.088005E+1
-2.088005E+1
-1.786949E+1
-1.472663E+1
-1.342274E+1
-1.271273E+1
-1.221734E+1
-1.198802E+1
-1.191746E+1
-1.202477E+1
-1.229966E+1
-1.276271E+1
-1.349330E+1
-1.460315E+1
-1.738439E+1
-2.088005E+1
-2.088005E+1
-2.088005E+1
-2.088005E+1
-2.088005E+1
-2.088005E+1
-2.088005E+1
-2.088005E+1
-2.088005E+1
-2.088005E+1
-2.088005E+1
-2.088005E+1
-2.088005E+1
-2.088005E+1
-2.088005E+1
-2.088005E+1
-1.416803E+1
-1.298027E+1
-1.276271E+1
-1.315961E+1
-1.499858E+1
-2.088005E+1
-2.088005E+1
-2.088005E+1
-2.088005E+1
-2.088005E+1
-2.088005E+1
-2.088005E+1
-2.088005E+1
-2.088005E+1
-2.088005E+1
-2.088005E+1
-2.088005E+1
-2.088005E+1
-2.088005E+1
-2.088005E+1
-2.088005E+1
-2.088005E+1
-2.088005E+1
-2.088005E+1
-2.088005E+1
-2.088005E+1
-2.088005E+1
-2.088005E+1
-2.088005E+1
-2.088005E+1
-2.088005E+1
-2.088005E+1
-2.088005E+1
-2.088005E+1
-2.088005E+1
-2.088005E+1
-2.088005E+1
-2.088005E+1
-2.088005E+1
-2.088005E+1
-2.088005E+1
-2.088005E+1
-2.088005E+1
-2.088005E+1
-2.088005E+1
-2.088005E+1
-2.088005E+1
-2.088005E+1
-1.610843E+1
-1.221734E+1
-1.101341E+1
-1.039454E+1
-1.004321E+1
-9.857988E+0
-9.818298E+0
-9.872688E+0
-9.999108E+0
-1.016375E+1
-1.034309E+1
-1.048274E+1
-1.061357E+1
-1.071206E+1
-1.077380E+1
-1.081496E+1
-1.087964E+1
-1.096784E+1
-1.113248E+1
-1.136327E+1
-1.165433E+1
-1.202477E+1
-1.238492E+1
-1.271273E+1
-1.286855E+1
-1.281563E+1
-1.261277E+1
-1.229966E+1
-1.195274E+1
-1.171607E+1
-1.159259E+1
-1.159259E+1
-1.178222E+1
-1.217765E+1
-1.286855E+1
-1.397840E+1
-1.587911E+1
-2.088005E+1
-2.088005E+1
-2.088005E+1
-1.587911E+1
-1.372262E+1
-1.251869E+1
-1.168520E+1
-1.115747E+1
-1.081496E+1
-1.063268E+1
-1.057535E+1
-1.065326E+1
-1.087964E+1
-1.120745E+1
-1.171607E+1
-1.242902E+1
-1.356680E+1
-1.636421E+1
-2.088005E+1
-2.088005E+1
-2.088005E+1
-2.088005E+1
-2.088005E+1
-2.088005E+1
-2.088005E+1
-2.088005E+1
-2.088005E+1
-2.088005E+1
-2.088005E+1
-2.088005E+1
-2.088005E+1
-2.088005E+1
-2.088005E+1
-2.088005E+1
-2.088005E+1
-2.088005E+1
-2.088005E+1
-2.088005E+1
-2.088005E+1
-2.088005E+1
-2.088005E+1
-2.088005E+1
-2.088005E+1
-2.088005E+1
-2.088005E+1
-2.088005E+1
-2.088005E+1
-2.088005E+1
-2.088005E+1
-2.088005E+1
-2.088005E+1
-2.088005E+1
-2.088005E+1
-2.088005E+1
-2.088005E+1
-2.088005E+1
-2.088005E+1
-2.088005E+1
-2.088005E+1
-2.088005E+1
-2.088005E+1
-2.088005E+1
-2.088005E+1
-2.088005E+1
-2.088005E+1
-2.088005E+1
-2.088005E+1
-2.088005E+1
-2.088005E+1
-2.088005E+1
-2.088005E+1
-2.088005E+1
-2.088005E+1
-2.088005E+1
-2.088005E+1
-2.088005E+1
-2.088005E+1
-2.088005E+1
-2.088005E+1
-2.088005E+1
-2.088005E+1
-2.088005E+1
-2.088005E+1
-2.088005E+1
-2.088005E+1
-2.088005E+1
-2.088005E+1
-2.088005E+1
-1.437383E+1
-1.281563E+1
-1.202477E+1
-1.150439E+1
-1.118099E+1
-1.098989E+1
-1.094579E+1
-1.101341E+1
-1.125743E+1
-1.165433E+1
-1.229966E+1
-1.342274E+1
-1.548368E+1
-2.088005E+1
-2.088005E+1
-2.088005E+1
-2.088005E+1
-2.088005E+1
-2.088005E+1
-2.088005E+1
-2.088005E+1
-2.088005E+1
-2.088005E+1
-2.088005E+1
-2.088005E+1
-2.088005E+1
-2.088005E+1
-2.088005E+1
-2.088005E+1
-2.088005E+1
-2.088005E+1
-2.088005E+1
-2.088005E+1
-2.088005E+1
-2.088005E+1
-2.088005E+1
-2.088005E+1
-2.088005E+1
-2.088005E+1
-2.088005E+1
-2.088005E+1
-2.088005E+1
-2.088005E+1
-2.088005E+1
-2.088005E+1
-2.088005E+1
-2.088005E+1
-1.636421E+1
-1.407101E+1
-1.322135E+1
-1.286855E+1
-1.286855E+1
-1.322135E+1
-1.426799E+1
-1.698896E+1
-2.088005E+1
-2.088005E+1
-2.088005E+1
-2.088005E+1
-2.088005E+1
-2.088005E+1
-2.088005E+1
-2.088005E+1
-2.088005E+1
-1.587911E+1
-1.472663E+1
-1.460315E+1
-1.531022E+1
-1.849424E+1
-2.088005E+1
-2.088005E+1
-2.088005E+1
-2.088005E+1
-2.088005E+1
-2.088005E+1
-2.088005E+1
-2.088005E+1
-2.088005E+1
-2.088005E+1
-2.088005E+1
-1.786949E+1
-1.389020E+1
-1.256573E+1
-1.174841E+1
-1.115747E+1
-1.071206E+1
-1.039454E+1
-1.017992E+1
-1.004321E+1
-9.999108E+0
-1.002851E+1
-1.014905E+1
-1.036073E+1
-1.067237E+1
-1.106045E+1
-1.153379E+1
-1.202477E+1
-1.238492E+1
-1.251869E+1
-1.234082E+1
-1.191746E+1
-1.144706E+1
-1.098989E+1
-1.063268E+1
-1.036073E+1
-1.022696E+1
-1.022696E+1
-1.036073E+1
-1.065326E+1
-1.120745E+1
-1.213796E+1
-1.426799E+1
-2.088005E+1
-2.088005E+1
-2.088005E+1
-2.088005E+1
-2.088005E+1
-2.088005E+1
-2.088005E+1
-2.088005E+1
-2.088005E+1
-2.088005E+1
-2.088005E+1
-2.088005E+1
-2.088005E+1
-2.088005E+1
-2.088005E+1
-2.088005E+1
-2.088005E+1
-1.303907E+1
-1.159259E+1
-1.079438E+1
-1.025930E+1
-9.885918E+0
-9.627198E+0
-9.440508E+0
-9.330258E+0
-9.278808E+0
-9.289098E+0
-9.362598E+0
-9.519888E+0
-9.727158E+0
-9.999108E+0
-1.034309E+1
-1.071206E+1
-1.110749E+1
-1.144706E+1
-1.168520E+1
-1.184837E+1
-1.198802E+1
-1.217765E+1
-1.247312E+1
-1.309787E+1
-1.472663E+1
-2.088005E+1
-2.088005E+1
-2.088005E+1
-2.088005E+1
-2.088005E+1
-2.088005E+1
-2.088005E+1
-2.088005E+1
-2.088005E+1
-2.088005E+1
-2.088005E+1
-2.088005E+1
-2.088005E+1
-2.088005E+1
-2.088005E+1
-2.088005E+1
-2.088005E+1
-1.738439E+1
-1.472663E+1
-1.356680E+1
-1.276271E+1
-1.213796E+1
-1.165433E+1
-1.125743E+1
-1.092374E+1
-1.063268E+1
-1.036073E+1
-1.010201E+1
-9.844758E+0
-9.615438E+0
-9.428748E+0
-9.299388E+0
-9.237648E+0
-9.268518E+0
-9.418458E+0
-9.702168E+0
-1.017992E+1
-1.092374E+1
-1.221734E+1
-1.587911E+1
-2.088005E+1
-2.088005E+1
-2.088005E+1
-2.088005E+1
-2.088005E+1
-2.088005E+1
-2.088005E+1
-2.088005E+1
-2.088005E+1
-2.088005E+1
-2.088005E+1
-2.088005E+1
-2.088005E+1
-2.088005E+1
-2.088005E+1
-2.088005E+1
-2.088005E+1
-2.088005E+1
-2.088005E+1
-2.088005E+1
-2.088005E+1
-2.088005E+1
-2.088005E+1
-2.088005E+1
-2.088005E+1
-2.088005E+1
-2.088005E+1
-2.088005E+1
-2.088005E+1
-2.088005E+1
-2.088005E+1
-2.088005E+1
-2.088005E+1
-2.088005E+1
-2.088005E+1
-2.088005E+1
-2.088005E+1
-2.088005E+1
-2.088005E+1
-2.088005E+1
-2.088005E+1
-2.088005E+1
-2.088005E+1
-2.088005E+1
-2.088005E+1
-2.088005E+1
-2.088005E+1
-2.088005E+1
-2.088005E+1
-2.088005E+1
-1.229966E+1
-1.071206E+1
-9.899148E+0
-9.418458E+0
-9.108288E+0
-8.924538E+0
-8.812818E+0
-8.746668E+0
-8.698158E+0
-8.627598E+0
-8.545278E+0
-8.436498E+0
-8.333598E+0
-8.240988E+0
-8.196888E+0
-8.214528E+0
-8.318898E+0
-8.530578E+0
-8.871618E+0
-9.384648E+0
-1.016375E+1
-1.141913E+1
-1.448555E+1
-2.088005E+1
-2.088005E+1
-2.088005E+1
-2.088005E+1
-2.088005E+1
-2.088005E+1
-2.088005E+1
-2.088005E+1
-2.088005E+1
-2.088005E+1
-2.088005E+1
-2.088005E+1
-2.088005E+1
-2.088005E+1
-2.088005E+1
-2.088005E+1
-2.088005E+1
-2.088005E+1
-2.088005E+1
-2.088005E+1
-2.088005E+1
-2.088005E+1
-2.088005E+1
-2.088005E+1
-2.088005E+1
-2.088005E+1
-2.088005E+1
-2.088005E+1
-2.088005E+1
-2.088005E+1
-2.088005E+1
-2.088005E+1
-2.088005E+1
-2.088005E+1
-2.088005E+1
-2.088005E+1
-2.088005E+1
-2.088005E+1
-2.088005E+1
-2.088005E+1
-2.088005E+1
-2.088005E+1
-2.088005E+1
-2.088005E+1
-2.088005E+1
-2.088005E+1
-2.088005E+1
-2.088005E+1
-2.088005E+1
-2.088005E+1
-2.088005E+1
-2.088005E+1
-2.088005E+1
-2.088005E+1
-2.088005E+1
-2.088005E+1
-2.088005E+1
-2.088005E+1
-2.088005E+1
-1.266275E+1
-1.120745E+1
-1.048274E+1
-1.005791E+1
-9.831528E+0
-9.752148E+0
-9.791838E+0
-9.927078E+0
-1.013288E+1
-1.039454E+1
-1.073264E+1
-1.115747E+1
-1.171607E+1
-1.247312E+1
-1.380494E+1
-1.786949E+1
-2.088005E+1
-2.088005E+1
-2.088005E+1
-2.088005E+1
-2.088005E+1
-2.088005E+1
-2.088005E+1
-2.088005E+1
-2.088005E+1
-2.088005E+1
-2.088005E+1
-1.548368E+1
-1.472663E+1
-1.499858E+1
-1.665380E+1
-2.088005E+1
-2.088005E+1
-2.088005E+1
-2.088005E+1
-2.088005E+1
-2.088005E+1
-2.088005E+1
-2.088005E+1
-2.088005E+1
-2.088005E+1
-2.088005E+1
-2.088005E+1
-2.088005E+1
-2.088005E+1
-2.088005E+1
-2.088005E+1
-2.088005E+1
-2.088005E+1
-2.088005E+1
-2.088005E+1
-2.088005E+1
-2.088005E+1
-2.088005E+1
-2.088005E+1
-2.088005E+1
-2.088005E+1
-2.088005E+1
-2.088005E+1
-2.088005E+1
-2.088005E+1
-2.088005E+1
-2.088005E+1
-2.088005E+1
-2.088005E+1
-2.088005E+1
-2.088005E+1
-2.088005E+1
-2.088005E+1
-1.698896E+1
-1.349330E+1
-1.217765E+1
-1.131035E+1
-1.073264E+1
-1.029311E+1
-9.999108E+0
-9.791838E+0
-9.675708E+0
-9.663948E+0
-9.778608E+0
-1.002851E+1
-1.046510E+1
-1.123244E+1
-1.276271E+1
-2.088005E+1
-2.088005E+1
-2.088005E+1
-2.088005E+1
-2.088005E+1
-2.088005E+1
-2.088005E+1
-2.088005E+1
-2.088005E+1
-2.088005E+1
-2.088005E+1
-2.088005E+1
-2.088005E+1
-2.088005E+1
-1.303907E+1
-1.133681E+1
-1.046510E+1
-9.927078E+0
-9.578688E+0
-9.342018E+0
-9.196488E+0
-9.108288E+0
-9.070068E+0
-9.070068E+0
-9.099468E+0
-9.167088E+0
-9.289098E+0
-9.474318E+0
-9.765378E+0
-1.016375E+1
-1.073264E+1
-1.153379E+1
-1.271273E+1
-1.472663E+1
-2.088005E+1
-2.088005E+1
-2.088005E+1
-2.088005E+1
-2.088005E+1
-2.088005E+1
-1.937477E+1
-1.610843E+1
-1.514852E+1
-1.472663E+1
-1.437383E+1
-1.407101E+1
-1.364324E+1
-1.322135E+1
-1.266275E+1
-1.206152E+1
-1.147499E+1
-1.096784E+1
-1.053860E+1
-1.019609E+1
-9.955008E+0
-9.818298E+0
-9.791838E+0
-9.857988E+0
-1.001381E+1
-1.024313E+1
-1.053860E+1
-1.085759E+1
-1.118099E+1
-1.141913E+1
-1.150439E+1
-1.147499E+1
-1.131035E+1
-1.106045E+1
-1.079438E+1
-1.053860E+1
-1.036073E+1
-1.025930E+1
-1.025930E+1
-1.037690E+1
-1.063268E+1
-1.103693E+1
-1.165433E+1
-1.238492E+1
-1.315961E+1
-1.349330E+1
-1.309787E+1
-1.221734E+1
-1.131035E+1
-1.055624E+1
-9.969708E+0
-9.566928E+0
-9.309678E+0
-9.206778E+0
-9.217068E+0
-9.330258E+0
-9.531648E+0
-9.805068E+0
-1.008731E+1
-1.030928E+1
-1.039454E+1
-1.030928E+1
-1.005791E+1
-9.738918E+0
-9.396408E+0
-9.080358E+0
-8.828988E+0
-8.667288E+0
-8.604078E+0
-8.634948E+0
-8.762838E+0
-9.005388E+0
-9.352308E+0
-9.818298E+0
-1.039454E+1
-1.103693E+1
-1.171607E+1
-1.238492E+1
-1.292441E+1
-1.335365E+1
-1.364324E+1
-1.397840E+1
-1.448555E+1
-1.548368E+1
-1.698896E+1
-2.088005E+1
-2.088005E+1
-2.088005E+1
-2.088005E+1
-2.088005E+1
-1.937477E+1
-1.937477E+1
-2.088005E+1
-2.088005E+1
-2.088005E+1
-2.088005E+1
-2.088005E+1
-2.088005E+1
-2.088005E+1
-2.088005E+1
-2.088005E+1
-2.088005E+1
-2.088005E+1
-2.088005E+1
-2.088005E+1
-2.088005E+1
-2.088005E+1
-2.088005E+1
-1.548368E+1
-1.309787E+1
-1.198802E+1
-1.128389E+1
-1.079438E+1
-1.044746E+1
-1.022696E+1
-1.013288E+1
-1.013288E+1
-1.024313E+1
-1.048274E+1
-1.090169E+1
-1.159259E+1
-1.281563E+1
-1.636421E+1
-2.088005E+1
-2.088005E+1
-2.088005E+1
-2.088005E+1
-2.088005E+1
-2.088005E+1
-2.088005E+1
-2.088005E+1
-2.088005E+1
-2.088005E+1
-2.088005E+1
-2.088005E+1
-2.088005E+1
-2.088005E+1
-2.088005E+1
-2.088005E+1
-2.088005E+1
-2.088005E+1
-2.088005E+1
-2.088005E+1
-2.088005E+1
-2.088005E+1
-2.088005E+1
-2.088005E+1
-2.088005E+1
-2.088005E+1
-2.088005E+1
-2.088005E+1
-2.088005E+1
-2.088005E+1
-2.088005E+1
-2.088005E+1
-2.088005E+1
-2.088005E+1
-2.088005E+1
-2.088005E+1
-2.088005E+1
-2.088005E+1
-2.088005E+1
-1.587911E+1
-1.342274E+1
-1.238492E+1
-1.181456E+1
-1.150439E+1
-1.139120E+1
-1.141913E+1
-1.156319E+1
-1.181456E+1
-1.209974E+1
-1.238492E+1
-1.266275E+1
-1.286855E+1
-1.292441E+1
-1.298027E+1
-1.298027E+1
-1.303907E+1
-1.315961E+1
-1.349330E+1
-1.407101E+1
-1.531022E+1
-2.088005E+1
-2.088005E+1
-2.088005E+1
-2.088005E+1
-2.088005E+1
-2.088005E+1
-2.088005E+1
-2.088005E+1
-2.088005E+1
-2.088005E+1
-2.088005E+1
-2.088005E+1
-2.088005E+1
-2.088005E+1
-2.088005E+1
-2.088005E+1
-2.088005E+1
-2.088005E+1
-2.088005E+1
-2.088005E+1
-2.088005E+1
-2.088005E+1
-2.088005E+1
-2.088005E+1
-1.636421E+1
-1.416803E+1
-1.349330E+1
-1.349330E+1
-1.416803E+1
-1.610843E+1
-2.088005E+1
-2.088005E+1
-2.088005E+1
-2.088005E+1
-2.088005E+1
-2.088005E+1
-2.088005E+1
-2.088005E+1
-1.548368E+1
-1.281563E+1
-1.162346E+1
-1.087964E+1
-1.037690E+1
-9.999108E+0
-9.765378E+0
-9.638958E+0
-9.638958E+0
-9.765378E+0
-1.004321E+1
-1.053860E+1
-1.139120E+1
-1.303907E+1
-2.088005E+1
-2.088005E+1
-2.088005E+1
-2.088005E+1
-2.088005E+1
-2.088005E+1
-2.088005E+1
-2.088005E+1
-2.088005E+1
-2.088005E+1
-2.088005E+1
-2.088005E+1
-2.088005E+1
-2.088005E+1
-2.088005E+1
-2.088005E+1
-2.088005E+1
-2.088005E+1
-2.088005E+1
-2.088005E+1
-2.088005E+1
-2.088005E+1
-2.088005E+1
-2.088005E+1
-2.088005E+1
-2.088005E+1
-2.088005E+1
-2.088005E+1
-2.088005E+1
-2.088005E+1
-2.088005E+1
-2.088005E+1
-2.088005E+1
-2.088005E+1
-2.088005E+1
-2.088005E+1
-2.088005E+1
-2.088005E+1
-1.372262E+1
-1.209974E+1
-1.120745E+1
-1.063268E+1
-1.029311E+1
-1.014905E+1
-1.014905E+1
-1.032692E+1
-1.067237E+1
-1.123244E+1
-1.217765E+1
-1.407101E+1
-2.088005E+1
-2.088005E+1
-2.088005E+1
-2.088005E+1
-2.088005E+1
-2.088005E+1
-2.088005E+1
-2.088005E+1
-2.088005E+1
-2.088005E+1
-2.088005E+1
-2.088005E+1
-2.088005E+1
-2.088005E+1
-2.088005E+1
-2.088005E+1
-1.349330E+1
-1.213796E+1
-1.147499E+1
-1.113248E+1
-1.094579E+1
-1.090169E+1
-1.096784E+1
-1.110749E+1
-1.131035E+1
-1.150439E+1
-1.165433E+1
-1.171607E+1
-1.165433E+1
-1.141913E+1
-1.103693E+1
-1.063268E+1
-1.022696E+1
-9.831528E+0
-9.474318E+0
-9.177378E+0
-8.942178E+0
-8.762838E+0
-8.658468E+0
-8.620248E+0
-8.667288E+0
-8.803998E+0
-9.042138E+0
-9.396408E+0
-9.872688E+0
-1.053860E+1
-1.147499E+1
-1.276271E+1
-1.485893E+1
-2.088005E+1
-2.088005E+1
-2.088005E+1
-1.636421E+1
-1.397840E+1
-1.276271E+1
-1.206152E+1
-1.159259E+1
-1.131035E+1
-1.118099E+1
-1.115747E+1
-1.131035E+1
-1.162346E+1
-1.213796E+1
-1.298027E+1
-1.460315E+1
-2.088005E+1
-2.088005E+1
-2.088005E+1
-2.088005E+1
-2.088005E+1
-2.088005E+1
-1.786949E+1
-1.389020E+1
-1.256573E+1
-1.198802E+1
-1.178222E+1
-1.191746E+1
-1.247312E+1
-1.380494E+1
-2.088005E+1
-2.088005E+1
-2.088005E+1
-2.088005E+1
-2.088005E+1
-2.088005E+1
-2.088005E+1
-2.088005E+1
-2.088005E+1
-2.088005E+1
-2.088005E+1
-2.088005E+1
-2.088005E+1
-2.088005E+1
-2.088005E+1
-2.088005E+1
-2.088005E+1
-2.088005E+1
-2.088005E+1
-2.088005E+1
-2.088005E+1
-1.485893E+1
-1.303907E+1
-1.198802E+1
-1.128389E+1
-1.081496E+1
-1.050185E+1
-1.032692E+1
-1.025930E+1
-1.032692E+1
-1.050185E+1
-1.075322E+1
-1.106045E+1
-1.144706E+1
-1.188218E+1
-1.234082E+1
-1.286855E+1
-1.349330E+1
-1.416803E+1
-1.485893E+1
-1.567331E+1
-1.587911E+1
-1.514852E+1
-1.397840E+1
-1.292441E+1
-1.202477E+1
-1.128389E+1
-1.069148E+1
-1.021079E+1
-9.844758E+0
-9.578688E+0
-9.374358E+0
-9.237648E+0
-9.167088E+0
-9.147978E+0
-9.177378E+0
-9.258228E+0
-9.396408E+0
-9.590448E+0
-9.872688E+0
-1.022696E+1
-1.073264E+1
-1.141913E+1
-1.242902E+1
-1.437383E+1
-2.088005E+1
-2.088005E+1
-2.088005E+1
-2.088005E+1
-2.088005E+1
-2.088005E+1
-2.088005E+1
-2.088005E+1
-2.088005E+1
-2.088005E+1
-1.437383E+1
-1.271273E+1
-1.181456E+1
-1.128389E+1
-1.098989E+1
-1.087964E+1
-1.098989E+1
-1.128389E+1
-1.191746E+1
-1.315961E+1
-1.738439E+1
-2.088005E+1
-2.088005E+1
-2.088005E+1
-2.088005E+1
-2.088005E+1
-2.088005E+1
-2.088005E+1
-2.088005E+1
-2.088005E+1
-2.088005E+1
-2.088005E+1
-2.088005E+1
-2.088005E+1
-1.636421E+1
-1.328750E+1
-1.213796E+1
-1.150439E+1
-1.106045E+1
-1.079438E+1
-1.063268E+1
-1.053860E+1
-1.051949E+1
-1.053860E+1
-1.055624E+1
-1.053860E+1
-1.044746E+1
-1.029311E+1
-1.007261E+1
-9.818298E+0
-9.543408E+0
-9.299388E+0
-9.099468E+0
-8.959818E+0
-8.871618E+0
-8.846628E+0
-8.871618E+0
-8.950998E+0
-9.061248E+0
-9.186198E+0
-9.342018E+0
-9.496368E+0
-9.652188E+0
-9.818298E+0
-1.004321E+1
-1.034309E+1
-1.079438E+1
-1.150439E+1
-1.281563E+1
-1.937477E+1
-2.088005E+1
-2.088005E+1
-2.088005E+1
-2.088005E+1
-2.088005E+1
-2.088005E+1
-2.088005E+1
-2.088005E+1
-2.088005E+1
-2.088005E+1
-2.088005E+1
-2.088005E+1
-2.088005E+1
-2.088005E+1
-2.088005E+1
-2.088005E+1
-2.088005E+1
-2.088005E+1
-2.088005E+1
-2.088005E+1
-2.088005E+1
-2.088005E+1
-2.088005E+1
-2.088005E+1
-2.088005E+1
-2.088005E+1
-2.088005E+1
-2.088005E+1
-2.088005E+1
-2.088005E+1
-2.088005E+1
-2.088005E+1
-2.088005E+1
-2.088005E+1
-2.088005E+1
-2.088005E+1
-2.088005E+1
-2.088005E+1
-1.786949E+1
-1.548368E+1
-1.448555E+1
-1.372262E+1
-1.322135E+1
-1.276271E+1
-1.242902E+1
-1.209974E+1
-1.178222E+1
-1.147499E+1
-1.123244E+1
-1.098989E+1
-1.073264E+1
-1.050185E+1
-1.029311E+1
-1.010201E+1
-9.941778E+0
-9.818298E+0
-9.738918E+0
-9.702168E+0
-9.702168E+0
-9.752148E+0
-9.844758E+0
-9.969708E+0
-1.016375E+1
-1.042982E+1
-1.081496E+1
-1.133681E+1
-1.209974E+1
-1.342274E+1
-1.698896E+1
-2.088005E+1
-2.088005E+1
-2.088005E+1
-2.088005E+1
-2.088005E+1
-2.088005E+1
-1.460315E+1
-1.292441E+1
-1.213796E+1
-1.174841E+1
-1.162346E+1
-1.171607E+1
-1.206152E+1
-1.266275E+1
-1.364324E+1
-1.531022E+1
-2.088005E+1
-2.088005E+1
-2.088005E+1
-2.088005E+1
-2.088005E+1
-2.088005E+1
-2.088005E+1
-1.610843E+1
-1.448555E+1
-1.335365E+1
-1.242902E+1
-1.165433E+1
-1.098989E+1
-1.044746E+1
-1.001381E+1
-9.727158E+0
-9.578688E+0
-9.566928E+0
-9.702168E+0
-9.999108E+0
-1.050185E+1
-1.123244E+1
-1.229966E+1
-1.397840E+1
-1.786949E+1
-2.088005E+1
-2.088005E+1
-2.088005E+1
-2.088005E+1
-2.088005E+1
-2.088005E+1
-2.088005E+1
-2.088005E+1
-2.088005E+1
-2.088005E+1
-2.088005E+1
-2.088005E+1
-2.088005E+1
-2.088005E+1
-2.088005E+1
-2.088005E+1
-2.088005E+1
-2.088005E+1
-2.088005E+1
-2.088005E+1
-2.088005E+1
-2.088005E+1
-2.088005E+1
-2.088005E+1
-2.088005E+1
-2.088005E+1
-2.088005E+1
-2.088005E+1
-2.088005E+1
-2.088005E+1
-1.485893E+1
-1.356680E+1
-1.315961E+1
-1.328750E+1
-1.407101E+1
-1.738439E+1
-2.088005E+1
-2.088005E+1
-2.088005E+1
-2.088005E+1
-2.088005E+1
-2.088005E+1
-2.088005E+1
-2.088005E+1
-2.088005E+1
-2.088005E+1
-2.088005E+1
-2.088005E+1
-2.088005E+1
-1.342274E+1
-1.153379E+1
-1.061357E+1
-1.008731E+1
-9.818298E+0
-9.752148E+0
-9.872688E+0
-1.019609E+1
-1.083554E+1
-1.213796E+1
-1.786949E+1
-2.088005E+1
-2.088005E+1
-2.088005E+1
-2.088005E+1
-2.088005E+1
-2.088005E+1
-2.088005E+1
-2.088005E+1
-2.088005E+1
-2.088005E+1
-2.088005E+1
-2.088005E+1
-2.088005E+1
-2.088005E+1
-2.088005E+1
-2.088005E+1
-1.937477E+1
-1.328750E+1
-1.168520E+1
-1.067237E+1
-9.984408E+0
-9.484608E+0
-9.137688E+0
-8.898078E+0
-8.762838E+0
-8.721678E+0
-8.762838E+0
-8.862798E+0
-9.033318E+0
-9.247938E+0
-9.496368E+0
-9.752148E+0
-9.999108E+0
-1.022696E+1
-1.041218E+1
-1.053860E+1
-1.063268E+1
-1.067237E+1
-1.069148E+1
-1.073264E+1
-1.079438E+1
-1.090169E+1
-1.110749E+1
-1.141913E+1
-1.195274E+1
-1.286855E+1
-1.485893E+1
-2.088005E+1
-2.088005E+1
-2.088005E+1
-2.088005E+1
-2.088005E+1
-2.088005E+1
-2.088005E+1
-2.088005E+1
-2.088005E+1
-2.088005E+1
-2.088005E+1
-1.548368E+1
-1.225850E+1
-1.103693E+1
-1.034309E+1
-9.941778E+0
-9.738918E+0
-9.713928E+0
-9.872688E+0
-1.022696E+1
-1.090169E+1
-1.217765E+1
-1.665380E+1
-2.088005E+1
-2.088005E+1
-2.088005E+1
-2.088005E+1
-2.088005E+1
-2.088005E+1
-2.088005E+1
-2.088005E+1
-2.088005E+1
-2.088005E+1
-2.088005E+1
-2.088005E+1
-2.088005E+1
-2.088005E+1
-2.088005E+1
-2.088005E+1
-1.738439E+1
-1.242902E+1
-1.106045E+1
-1.025930E+1
-9.778608E+0
-9.484608E+0
-9.330258E+0
-9.309678E+0
-9.374358E+0
-9.543408E+0
-9.805068E+0
-1.016375E+1
-1.063268E+1
-1.123244E+1
-1.209974E+1
-1.342274E+1
-1.698896E+1
-2.088005E+1
-2.088005E+1
-2.088005E+1
-2.088005E+1
-2.088005E+1
-2.088005E+1
-2.088005E+1
-2.088005E+1
-2.088005E+1
-1.499858E+1
-1.372262E+1
-1.309787E+1
-1.276271E+1
-1.261277E+1
-1.251869E+1
-1.238492E+1
-1.221734E+1
-1.191746E+1
-1.162346E+1
-1.133681E+1
-1.108397E+1
-1.094579E+1
-1.090169E+1
-1.098989E+1
-1.123244E+1
-1.165433E+1
-1.238492E+1
-1.364324E+1
-1.698896E+1
-2.088005E+1
-2.088005E+1
-2.088005E+1
-2.088005E+1
-2.088005E+1
-2.088005E+1
-2.088005E+1
-2.088005E+1
-2.088005E+1
-2.088005E+1
-2.088005E+1
-2.088005E+1
-2.088005E+1
-1.636421E+1
-1.531022E+1
-1.610843E+1
-2.088005E+1
-2.088005E+1
-2.088005E+1
-2.088005E+1
-2.088005E+1
-2.088005E+1
-2.088005E+1
-2.088005E+1
-1.937477E+1
-1.448555E+1
-1.364324E+1
-1.349330E+1
-1.407101E+1
-1.636421E+1
-2.088005E+1
-2.088005E+1
-2.088005E+1
-2.088005E+1
-2.088005E+1
-2.088005E+1
-2.088005E+1
-2.088005E+1
-2.088005E+1
-2.088005E+1
-1.416803E+1
-1.242902E+1
-1.153379E+1
-1.098989E+1
-1.065326E+1
-1.050185E+1
-1.051949E+1
-1.069148E+1
-1.108397E+1
-1.178222E+1
-1.309787E+1
-1.698896E+1
-2.088005E+1
-2.088005E+1
-2.088005E+1
-2.088005E+1
-2.088005E+1
-2.088005E+1
-2.088005E+1
-2.088005E+1
-1.567331E+1
-1.426799E+1
-1.397840E+1
-1.416803E+1
-1.499858E+1
-1.738439E+1
-2.088005E+1
-2.088005E+1
-2.088005E+1
-2.088005E+1
-2.088005E+1
-2.088005E+1
-2.088005E+1
-2.088005E+1
-2.088005E+1
-2.088005E+1
-2.088005E+1
-2.088005E+1
-2.088005E+1
-2.088005E+1
-2.088005E+1
-2.088005E+1
-2.088005E+1
-2.088005E+1
-2.088005E+1
-1.698896E+1
-1.437383E+1
-1.356680E+1
-1.342274E+1
-1.397840E+1
-1.548368E+1
-2.088005E+1
-2.088005E+1
-2.088005E+1
-2.088005E+1
-2.088005E+1
-2.088005E+1
-2.088005E+1
-1.448555E+1
-1.238492E+1
-1.131035E+1
-1.057535E+1
-1.010201E+1
-9.778608E+0
-9.578688E+0
-9.496368E+0
-9.519888E+0
-9.652188E+0
-9.927078E+0
-1.039454E+1
-1.123244E+1
-1.298027E+1
-2.088005E+1
-2.088005E+1
-2.088005E+1
-2.088005E+1
-2.088005E+1
-2.088005E+1
-2.088005E+1
-2.088005E+1
-2.088005E+1
-2.088005E+1
-2.088005E+1
-2.088005E+1
-2.088005E+1
-2.088005E+1
-2.088005E+1
-2.088005E+1
-2.088005E+1
-2.088005E+1
-2.088005E+1
-1.849424E+1
-1.407101E+1
-1.276271E+1
-1.206152E+1
-1.162346E+1
-1.141913E+1
-1.144706E+1
-1.168520E+1
-1.225850E+1
-1.349330E+1
-2.088005E+1
-2.088005E+1
-2.088005E+1
-2.088005E+1
-2.088005E+1
-2.088005E+1
-2.088005E+1
-2.088005E+1
-2.088005E+1
-2.088005E+1
-2.088005E+1
-2.088005E+1
-2.088005E+1
-2.088005E+1
-2.088005E+1
-2.088005E+1
-2.088005E+1
-2.088005E+1
-2.088005E+1
-2.088005E+1
-1.499858E+1
-1.281563E+1
-1.165433E+1
-1.083554E+1
-1.022696E+1
-9.765378E+0
-9.418458E+0
-9.147978E+0
-8.950998E+0
-8.821638E+0
-8.746668E+0
-8.737848E+0
-8.771658E+0
-8.846628E+0
-8.959818E+0
-9.080358E+0
-9.196488E+0
-9.278808E+0
-9.309678E+0
-9.299388E+0
-9.237648E+0
-9.147978E+0
-9.050958E+0
-8.968638E+0
-8.915718E+0
-8.898078E+0
-8.950998E+0
-9.061248E+0
-9.268518E+0
-9.578688E+0
-1.005791E+1
-1.077380E+1
-1.195274E+1
-1.499858E+1
-2.088005E+1
-2.088005E+1
-2.088005E+1
-2.088005E+1
-2.088005E+1
-2.088005E+1
-2.088005E+1
-2.088005E+1
-2.088005E+1
-2.088005E+1
-2.088005E+1
-2.088005E+1
