Date/Time	2022-06-25 05:46:59
Line location	1
Line name	A1
OTDR wavelength [nm]	1550
OTDR pulse duration [ns]	2
OTDR scan time [s]	10
OTDR scan length [m]	1.500000E+2
Length offset [m]	0.000000E+0
Length increment [m]	3.996806E-2
Switch ID	VIAVI Solutions,OTU 8000E,11654,FO,16.76
OTDR ID	JDSU,OTU 8000E,11654,OTU(SmartOTU),V7.22

Reflected amplitude [dB]
8.142120E-1
8.053920E-1
7.774620E-1
7.348320E-1
6.922020E-1
6.539820E-1
6.231120E-1
5.981220E-1
5.937120E-1
6.319320E-1
7.201320E-1
8.480220E-1
1.006782E+0
1.184652E+0
1.349292E+0
1.480122E+0
1.577142E+0
1.646232E+0
1.696212E+0
1.721202E+0
1.712382E+0
1.666812E+0
1.590372E+0
1.483062E+0
1.358112E+0
1.225812E+0
1.083222E+0
9.288720E-1
7.789320E-1
6.451620E-1
5.216820E-1
4.011420E-1
2.894220E-1
1.938720E-1
1.174320E-1
5.422200E-2
1.302000E-3
-4.132800E-2
-7.807800E-2
-1.074780E-1
-1.324680E-1
-1.545180E-1
-1.721580E-1
-1.853880E-1
-1.986180E-1
-2.089080E-1
-2.177280E-1
-2.265480E-1
-2.368380E-1
-2.456580E-1
-2.544780E-1
-2.647680E-1
-2.735880E-1
-2.838780E-1
-2.912280E-1
-2.985780E-1
-3.044580E-1
-3.103380E-1
-3.147480E-1
-3.176880E-1
-3.220980E-1
-3.250380E-1
-3.279780E-1
-3.309180E-1
-3.323880E-1
-3.309180E-1
-3.294480E-1
-3.250380E-1
-3.206280E-1
-3.132780E-1
-3.059280E-1
-2.971080E-1
-2.868180E-1
-2.750580E-1
-2.603580E-1
-2.441880E-1
-2.265480E-1
-2.089080E-1
-1.912680E-1
-1.750980E-1
-1.633380E-1
-1.545180E-1
-1.515780E-1
-1.530480E-1
-1.603980E-1
-1.721580E-1
-1.883280E-1
-2.074380E-1
-2.294880E-1
-2.500680E-1
-2.721180E-1
-2.926980E-1
-3.103380E-1
-3.279780E-1
-3.441480E-1
-3.588480E-1
-3.735480E-1
-3.882480E-1
-4.014780E-1
-4.147080E-1
-4.279380E-1
-4.382280E-1
-4.485180E-1
-4.558680E-1
-4.632180E-1
-4.705680E-1
-4.779180E-1
-4.837980E-1
-4.911480E-1
-4.984980E-1
-5.058480E-1
-5.131980E-1
-5.176080E-1
-5.220180E-1
-5.234880E-1
-5.220180E-1
-5.205480E-1
-5.161380E-1
-5.102580E-1
-5.043780E-1
-4.970280E-1
-4.911480E-1
-4.867380E-1
-4.823280E-1
-4.808580E-1
-4.793880E-1
-4.793880E-1
-4.808580E-1
-4.823280E-1
-4.837980E-1
-4.867380E-1
-4.882080E-1
-4.896780E-1
-4.911480E-1
-4.940880E-1
-4.955580E-1
-4.970280E-1
-4.999680E-1
-5.014380E-1
-5.029080E-1
-5.043780E-1
-5.058480E-1
-5.058480E-1
-5.058480E-1
-5.058480E-1
-4.411680E-1
-1.383480E-1
5.349120E-1
1.493352E+0
2.541462E+0
3.536652E+0
4.409832E+0
5.152182E+0
5.775462E+0
6.298782E+0
6.730962E+0
7.076412E+0
7.341012E+0
7.530642E+0
7.649712E+0
7.705572E+0
7.704102E+0
7.648242E+0
7.542402E+0
7.388052E+0
7.185192E+0
6.935292E+0
6.642762E+0
6.310542E+0
5.940102E+0
5.532912E+0
5.097792E+0
4.639152E+0
4.165812E+0
3.686592E+0
3.210312E+0
2.751672E+0
2.332722E+0
1.962282E+0
1.644762E+0
1.380162E+0
1.162602E+0
9.773820E-1
8.259720E-1
6.980820E-1
5.731320E-1
4.481820E-1
3.217620E-1
1.924020E-1
7.186200E-2
-3.691800E-2
-1.280580E-1
-2.044980E-1
-2.677080E-1
-3.176880E-1
-3.588480E-1
-3.911880E-1
-4.161780E-1
-4.352880E-1
-4.499880E-1
-4.602780E-1
-4.676280E-1
-4.735080E-1
-4.764480E-1
-4.793880E-1
-4.823280E-1
-4.837980E-1
-4.852680E-1
-4.852680E-1
-4.867380E-1
-4.882080E-1
-4.882080E-1
-4.896780E-1
-4.896780E-1
-4.896780E-1
-4.882080E-1
-4.867380E-1
-4.823280E-1
-4.764480E-1
-4.705680E-1
-4.646880E-1
-4.588080E-1
-4.529280E-1
-4.499880E-1
-4.485180E-1
-4.485180E-1
-4.499880E-1
-4.529280E-1
-4.558680E-1
-4.602780E-1
-4.646880E-1
-4.705680E-1
-4.764480E-1
-4.823280E-1
-4.896780E-1
-4.955580E-1
-5.014380E-1
-5.058480E-1
-5.102580E-1
-5.131980E-1
-5.146680E-1
-5.161380E-1
-5.176080E-1
-5.176080E-1
-5.161380E-1
-5.146680E-1
-5.131980E-1
-5.102580E-1
-5.073180E-1
-5.029080E-1
-4.999680E-1
-4.955580E-1
-4.926180E-1
-4.911480E-1
-4.896780E-1
-4.882080E-1
-4.882080E-1
-4.882080E-1
-4.867380E-1
-4.867380E-1
-4.852680E-1
-4.837980E-1
-4.823280E-1
-4.793880E-1
-4.764480E-1
-4.720380E-1
-4.690980E-1
-4.646880E-1
-4.602780E-1
-4.558680E-1
-4.514580E-1
-4.485180E-1
-4.455780E-1
-4.441080E-1
-4.455780E-1
-4.470480E-1
-4.514580E-1
-4.573380E-1
-4.646880E-1
-4.720380E-1
-4.793880E-1
-4.852680E-1
-4.896780E-1
-4.926180E-1
-4.940880E-1
-4.926180E-1
-4.911480E-1
-4.882080E-1
-4.852680E-1
-4.823280E-1
-4.793880E-1
-4.779180E-1
-4.779180E-1
-4.779180E-1
-4.808580E-1
-4.837980E-1
-4.882080E-1
-4.940880E-1
-4.984980E-1
-5.029080E-1
-5.058480E-1
-5.073180E-1
-5.087880E-1
-5.073180E-1
-5.043780E-1
-4.999680E-1
-4.955580E-1
-4.926180E-1
-4.882080E-1
-4.837980E-1
-4.779180E-1
-4.720380E-1
-4.661580E-1
-4.573380E-1
-4.499880E-1
-4.411680E-1
-4.323480E-1
-4.235280E-1
-4.161780E-1
-4.102980E-1
-4.044180E-1
-4.014780E-1
-3.985380E-1
-3.970680E-1
-3.955980E-1
-3.955980E-1
-3.970680E-1
-3.985380E-1
-4.000080E-1
-4.029480E-1
-4.044180E-1
-4.058880E-1
-4.088280E-1
-4.102980E-1
-4.117680E-1
-4.132380E-1
-4.161780E-1
-4.191180E-1
-4.235280E-1
-4.279380E-1
-4.352880E-1
-4.411680E-1
-4.470480E-1
-4.514580E-1
-4.529280E-1
-4.514580E-1
-4.470480E-1
-4.411680E-1
-4.323480E-1
-4.220580E-1
-4.117680E-1
-4.029480E-1
-3.970680E-1
-3.926580E-1
-3.911880E-1
-3.911880E-1
-3.941280E-1
-4.000080E-1
-4.044180E-1
-4.102980E-1
-4.161780E-1
-4.205880E-1
-4.235280E-1
-4.249980E-1
-4.249980E-1
-4.249980E-1
-4.264680E-1
-4.264680E-1
-4.279380E-1
-4.323480E-1
-4.367580E-1
-4.426380E-1
-4.499880E-1
-4.573380E-1
-4.646880E-1
-4.690980E-1
-4.720380E-1
-4.735080E-1
-4.735080E-1
-4.735080E-1
-4.705680E-1
-4.705680E-1
-4.705680E-1
-4.735080E-1
-4.779180E-1
-4.852680E-1
-4.940880E-1
-5.043780E-1
-5.146680E-1
-5.249580E-1
-5.337780E-1
-5.396580E-1
-5.425980E-1
-5.425980E-1
-5.396580E-1
-5.337780E-1
-5.264280E-1
-5.190780E-1
-5.117280E-1
-5.043780E-1
-4.984980E-1
-4.940880E-1
-4.896780E-1
-4.852680E-1
-4.808580E-1
-4.749780E-1
-4.690980E-1
-4.617480E-1
-4.543980E-1
-4.455780E-1
-4.352880E-1
-4.264680E-1
-4.191180E-1
-4.102980E-1
-4.044180E-1
-4.000080E-1
-3.970680E-1
-3.955980E-1
-3.955980E-1
-3.955980E-1
-3.985380E-1
-4.000080E-1
-4.029480E-1
-4.044180E-1
-4.073580E-1
-4.088280E-1
-4.102980E-1
-4.132380E-1
-4.147080E-1
-4.161780E-1
-4.191180E-1
-4.220580E-1
-4.264680E-1
-4.308780E-1
-4.352880E-1
-4.411680E-1
-4.470480E-1
-4.529280E-1
-4.573380E-1
-4.632180E-1
-4.676280E-1
-4.720380E-1
-4.735080E-1
-4.749780E-1
-4.749780E-1
-4.735080E-1
-4.705680E-1
-4.661580E-1
-4.617480E-1
-4.573380E-1
-4.514580E-1
-4.485180E-1
-4.455780E-1
-4.441080E-1
-4.441080E-1
-4.441080E-1
-4.455780E-1
-4.455780E-1
-4.470480E-1
-4.485180E-1
-4.514580E-1
-4.529280E-1
-4.558680E-1
-4.573380E-1
-4.602780E-1
-4.617480E-1
-4.632180E-1
-4.646880E-1
-4.646880E-1
-4.661580E-1
-4.676280E-1
-4.690980E-1
-4.705680E-1
-4.720380E-1
-4.749780E-1
-4.764480E-1
-4.764480E-1
-4.749780E-1
-4.735080E-1
-4.705680E-1
-4.661580E-1
-4.617480E-1
-4.573380E-1
-4.543980E-1
-4.529280E-1
-4.529280E-1
-4.543980E-1
-4.558680E-1
-4.588080E-1
-4.617480E-1
-4.617480E-1
-4.602780E-1
-4.588080E-1
-4.543980E-1
-4.485180E-1
-4.426380E-1
-4.367580E-1
-4.308780E-1
-4.279380E-1
-4.249980E-1
-4.235280E-1
-4.249980E-1
-4.264680E-1
-4.294080E-1
-4.338180E-1
-4.367580E-1
-4.426380E-1
-4.470480E-1
-4.529280E-1
-4.588080E-1
-4.661580E-1
-4.720380E-1
-4.793880E-1
-4.867380E-1
-4.926180E-1
-4.984980E-1
-5.029080E-1
-5.058480E-1
-5.058480E-1
-5.058480E-1
-5.029080E-1
-4.984980E-1
-4.926180E-1
-4.852680E-1
-4.793880E-1
-4.735080E-1
-4.690980E-1
-4.661580E-1
-4.632180E-1
-4.632180E-1
-4.646880E-1
-4.676280E-1
-4.705680E-1
-4.749780E-1
-4.793880E-1
-4.837980E-1
-4.867380E-1
-4.896780E-1
-4.926180E-1
-4.955580E-1
-4.955580E-1
-4.970280E-1
-4.955580E-1
-4.940880E-1
-4.926180E-1
-4.896780E-1
-4.882080E-1
-4.867380E-1
-4.852680E-1
-4.823280E-1
-4.808580E-1
-4.793880E-1
-4.764480E-1
-4.749780E-1
-4.735080E-1
-4.735080E-1
-4.735080E-1
-4.749780E-1
-4.779180E-1
-4.808580E-1
-4.852680E-1
-4.896780E-1
-4.940880E-1
-4.970280E-1
-4.999680E-1
-5.014380E-1
-5.029080E-1
-5.014380E-1
-5.014380E-1
-4.984980E-1
-4.970280E-1
-4.940880E-1
-4.926180E-1
-4.911480E-1
-4.896780E-1
-4.896780E-1
-4.896780E-1
-4.911480E-1
-4.911480E-1
-4.911480E-1
-4.896780E-1
-4.896780E-1
-4.882080E-1
-4.882080E-1
-4.882080E-1
-4.896780E-1
-4.926180E-1
-4.955580E-1
-4.984980E-1
-5.014380E-1
-5.043780E-1
-5.043780E-1
-5.043780E-1
-5.014380E-1
-4.984980E-1
-4.940880E-1
-4.882080E-1
-4.837980E-1
-4.779180E-1
-4.720380E-1
-4.661580E-1
-4.602780E-1
-4.529280E-1
-4.470480E-1
-4.411680E-1
-4.338180E-1
-4.294080E-1
-4.249980E-1
-4.220580E-1
-4.205880E-1
-4.205880E-1
-4.220580E-1
-4.235280E-1
-4.279380E-1
-4.308780E-1
-4.352880E-1
-4.382280E-1
-4.411680E-1
-4.441080E-1
-4.441080E-1
-4.441080E-1
-4.426380E-1
-4.411680E-1
-4.367580E-1
-4.338180E-1
-4.308780E-1
-4.294080E-1
-4.279380E-1
-4.279380E-1
-4.294080E-1
-4.323480E-1
-4.367580E-1
-4.426380E-1
-4.485180E-1
-4.543980E-1
-4.602780E-1
-4.646880E-1
-4.690980E-1
-4.705680E-1
-4.720380E-1
-4.705680E-1
-4.690980E-1
-4.676280E-1
-4.661580E-1
-4.632180E-1
-4.632180E-1
-4.617480E-1
-4.617480E-1
-4.632180E-1
-4.646880E-1
-4.661580E-1
-4.676280E-1
-4.676280E-1
-4.661580E-1
-4.646880E-1
-4.617480E-1
-4.588080E-1
-4.558680E-1
-4.543980E-1
-4.543980E-1
-4.573380E-1
-4.602780E-1
-4.661580E-1
-4.705680E-1
-4.764480E-1
-4.793880E-1
-4.823280E-1
-4.837980E-1
-4.823280E-1
-4.779180E-1
-4.720380E-1
-4.646880E-1
-4.573380E-1
-4.485180E-1
-4.426380E-1
-4.367580E-1
-4.352880E-1
-4.352880E-1
-4.382280E-1
-4.441080E-1
-4.529280E-1
-4.617480E-1
-4.720380E-1
-4.808580E-1
-4.896780E-1
-4.955580E-1
-4.999680E-1
-5.029080E-1
-5.058480E-1
-5.073180E-1
-5.087880E-1
-5.102580E-1
-5.117280E-1
-5.131980E-1
-5.146680E-1
-5.161380E-1
-5.176080E-1
-5.176080E-1
-5.161380E-1
-5.161380E-1
-5.146680E-1
-5.117280E-1
-5.087880E-1
-5.029080E-1
-4.984980E-1
-4.911480E-1
-4.837980E-1
-4.779180E-1
-4.705680E-1
-4.661580E-1
-4.617480E-1
-4.588080E-1
-4.573380E-1
-4.573380E-1
-4.588080E-1
-4.588080E-1
-4.602780E-1
-4.602780E-1
-4.602780E-1
-4.617480E-1
-4.617480E-1
-4.617480E-1
-4.632180E-1
-4.646880E-1
-4.676280E-1
-4.720380E-1
-4.764480E-1
-4.823280E-1
-4.896780E-1
-4.970280E-1
-5.043780E-1
-5.117280E-1
-5.190780E-1
-5.264280E-1
-5.308380E-1
-5.352480E-1
-5.367180E-1
-5.381880E-1
-5.367180E-1
-5.337780E-1
-5.293680E-1
-5.249580E-1
-5.190780E-1
-5.146680E-1
-5.102580E-1
-5.073180E-1
-5.043780E-1
-5.014380E-1
-4.999680E-1
-4.984980E-1
-4.970280E-1
-4.940880E-1
-4.896780E-1
-4.852680E-1
-4.808580E-1
-4.764480E-1
-4.720380E-1
-4.690980E-1
-4.676280E-1
-4.676280E-1
-4.690980E-1
-4.720380E-1
-4.764480E-1
-4.823280E-1
-4.867380E-1
-4.911480E-1
-4.955580E-1
-4.999680E-1
-5.014380E-1
-5.029080E-1
-5.014380E-1
-5.014380E-1
-4.999680E-1
-4.984980E-1
-4.984980E-1
-4.970280E-1
-4.955580E-1
-4.955580E-1
-4.940880E-1
-4.926180E-1
-4.911480E-1
-4.882080E-1
-4.867380E-1
-4.852680E-1
-4.837980E-1
-4.823280E-1
-4.808580E-1
-4.808580E-1
-4.823280E-1
-4.837980E-1
-4.852680E-1
-4.882080E-1
-4.911480E-1
-4.940880E-1
-4.970280E-1
-5.014380E-1
-5.043780E-1
-5.073180E-1
-5.087880E-1
-5.102580E-1
-5.102580E-1
-5.087880E-1
-5.058480E-1
-5.029080E-1
-4.984980E-1
-4.940880E-1
-4.911480E-1
-4.882080E-1
-4.867380E-1
-4.867380E-1
-4.882080E-1
-4.926180E-1
-4.970280E-1
-5.029080E-1
-5.087880E-1
-5.161380E-1
-5.205480E-1
-5.264280E-1
-5.278980E-1
-5.293680E-1
-5.278980E-1
-5.249580E-1
-5.190780E-1
-5.117280E-1
-5.043780E-1
-4.970280E-1
-4.896780E-1
-4.852680E-1
-4.808580E-1
-4.793880E-1
-4.808580E-1
-4.823280E-1
-4.852680E-1
-4.882080E-1
-4.896780E-1
-4.896780E-1
-4.882080E-1
-4.852680E-1
-4.808580E-1
-4.749780E-1
-4.705680E-1
-4.646880E-1
-4.602780E-1
-4.573380E-1
-4.543980E-1
-4.514580E-1
-4.499880E-1
-4.485180E-1
-4.470480E-1
-4.455780E-1
-4.455780E-1
-4.441080E-1
-4.455780E-1
-4.470480E-1
-4.485180E-1
-4.529280E-1
-4.573380E-1
-4.632180E-1
-4.676280E-1
-4.735080E-1
-4.779180E-1
-4.837980E-1
-4.867380E-1
-4.896780E-1
-4.926180E-1
-4.940880E-1
-4.955580E-1
-4.955580E-1
-4.940880E-1
-4.926180E-1
-4.896780E-1
-4.852680E-1
-4.808580E-1
-4.764480E-1
-4.720380E-1
-4.676280E-1
-4.632180E-1
-4.588080E-1
-4.543980E-1
-4.514580E-1
-4.485180E-1
-4.470480E-1
-4.455780E-1
-4.470480E-1
-4.499880E-1
-4.529280E-1
-4.558680E-1
-4.588080E-1
-4.617480E-1
-4.632180E-1
-4.632180E-1
-4.632180E-1
-4.617480E-1
-4.617480E-1
-4.617480E-1
-4.646880E-1
-4.676280E-1
-4.720380E-1
-4.779180E-1
-4.852680E-1
-4.911480E-1
-4.970280E-1
-5.029080E-1
-5.058480E-1
-5.073180E-1
-5.087880E-1
-5.073180E-1
-5.043780E-1
-5.014380E-1
-4.970280E-1
-4.911480E-1
-4.852680E-1
-4.793880E-1
-4.749780E-1
-4.705680E-1
-4.661580E-1
-4.617480E-1
-4.588080E-1
-4.573380E-1
-4.558680E-1
-4.543980E-1
-4.529280E-1
-4.514580E-1
-4.514580E-1
-4.499880E-1
-4.485180E-1
-4.470480E-1
-4.470480E-1
-4.470480E-1
-4.485180E-1
-4.514580E-1
-4.558680E-1
-4.617480E-1
-4.676280E-1
-4.735080E-1
-4.793880E-1
-4.837980E-1
-4.867380E-1
-4.882080E-1
-4.896780E-1
-4.882080E-1
-4.882080E-1
-4.867380E-1
-4.867380E-1
-4.882080E-1
-4.896780E-1
-4.940880E-1
-4.999680E-1
-5.073180E-1
-5.161380E-1
-5.234880E-1
-5.308380E-1
-5.381880E-1
-5.425980E-1
-5.440680E-1
-5.440680E-1
-5.411280E-1
-5.352480E-1
-5.293680E-1
-5.205480E-1
-5.131980E-1
-5.043780E-1
-4.970280E-1
-4.896780E-1
-4.823280E-1
-4.764480E-1
-4.705680E-1
-4.661580E-1
-4.602780E-1
-4.573380E-1
-4.543980E-1
-4.514580E-1
-4.514580E-1
-4.514580E-1
-4.543980E-1
-4.588080E-1
-4.632180E-1
-4.690980E-1
-4.764480E-1
-4.837980E-1
-4.911480E-1
-4.984980E-1
-5.058480E-1
-5.102580E-1
-5.146680E-1
-5.161380E-1
-5.176080E-1
-5.176080E-1
-5.161380E-1
-5.146680E-1
-5.131980E-1
-5.131980E-1
-5.131980E-1
-5.146680E-1
-5.146680E-1
-5.161380E-1
-5.176080E-1
-5.176080E-1
-5.176080E-1
-5.161380E-1
-5.146680E-1
-5.131980E-1
-5.131980E-1
-5.131980E-1
-5.131980E-1
-5.161380E-1
-5.176080E-1
-5.220180E-1
-5.249580E-1
-5.293680E-1
-5.323080E-1
-5.352480E-1
-5.381880E-1
-5.396580E-1
-5.411280E-1
-5.425980E-1
-5.425980E-1
-5.425980E-1
-5.411280E-1
-5.381880E-1
-5.337780E-1
-5.293680E-1
-5.249580E-1
-5.190780E-1
-5.131980E-1
-5.073180E-1
-5.043780E-1
-5.014380E-1
-5.029080E-1
-5.058480E-1
-5.131980E-1
-5.249580E-1
-5.411280E-1
-5.617080E-1
-5.881680E-1
-6.160980E-1
-6.469680E-1
-6.793080E-1
-7.116480E-1
-7.425180E-1
-7.733880E-1
-8.027880E-1
-8.321880E-1
-8.630580E-1
-8.953980E-1
-9.292080E-1
-9.644880E-1
-1.002708E+0
-1.040928E+0
-1.077678E+0
-1.111488E+0
-1.142358E+0
-1.167348E+0
-1.187928E+0
-1.202628E+0
-1.214388E+0
-1.220268E+0
-1.224678E+0
-1.227618E+0
-1.229088E+0
-1.230558E+0
-1.230558E+0
-1.232028E+0
-1.233498E+0
-1.234968E+0
-1.234968E+0
-1.236438E+0
-1.237908E+0
-1.237908E+0
-1.239378E+0
-1.242318E+0
-1.245258E+0
-1.248198E+0
-1.252608E+0
-1.258488E+0
-1.264368E+0
-1.270248E+0
-1.276128E+0
-1.283478E+0
-1.289358E+0
-1.295238E+0
-1.299648E+0
-1.304058E+0
-1.308468E+0
-1.312878E+0
-1.315818E+0
-1.318758E+0
-1.321698E+0
-1.323168E+0
-1.324638E+0
-1.324638E+0
-1.324638E+0
-1.323168E+0
-1.320228E+0
-1.318758E+0
-1.315818E+0
-1.314348E+0
-1.314348E+0
-1.312878E+0
-1.312878E+0
-1.312878E+0
-1.312878E+0
-1.311408E+0
-1.309938E+0
-1.308468E+0
-1.308468E+0
-1.309938E+0
-1.314348E+0
-1.320228E+0
-1.330518E+0
-1.342278E+0
-1.354038E+0
-1.367268E+0
-1.379028E+0
-1.387848E+0
-1.393728E+0
-1.396668E+0
-1.398138E+0
-1.398138E+0
-1.396668E+0
-1.396668E+0
-1.398138E+0
-1.401078E+0
-1.405488E+0
-1.409898E+0
-1.415778E+0
-1.420188E+0
-1.423128E+0
-1.424598E+0
-1.424598E+0
-1.423128E+0
-1.421658E+0
-1.420188E+0
-1.418718E+0
-1.420188E+0
-1.423128E+0
-1.429008E+0
-1.436358E+0
-1.446648E+0
-1.459878E+0
-1.473108E+0
-1.486338E+0
-1.499568E+0
-1.509858E+0
-1.518678E+0
-1.524558E+0
-1.527498E+0
-1.527498E+0
-1.526028E+0
-1.524558E+0
-1.520148E+0
-1.517208E+0
-1.515738E+0
-1.514268E+0
-1.514268E+0
-1.515738E+0
-1.520148E+0
-1.524558E+0
-1.530438E+0
-1.536318E+0
-1.542198E+0
-1.546608E+0
-1.551018E+0
-1.553958E+0
-1.558368E+0
-1.564248E+0
-1.571598E+0
-1.580418E+0
-1.589238E+0
-1.600998E+0
-1.612758E+0
-1.624518E+0
-1.636278E+0
-1.646568E+0
-1.659798E+0
-1.671558E+0
-1.684788E+0
-1.698018E+0
-1.714188E+0
-1.730358E+0
-1.745058E+0
-1.759758E+0
-1.772988E+0
-1.781808E+0
-1.786218E+0
-1.786218E+0
-1.783278E+0
-1.775928E+0
-1.767108E+0
-1.756818E+0
-1.749468E+0
-1.743588E+0
-1.740648E+0
-1.740648E+0
-1.743588E+0
-1.747998E+0
-1.752408E+0
-1.758288E+0
-1.762698E+0
-1.765638E+0
-1.768578E+0
-1.768578E+0
-1.767108E+0
-1.764168E+0
-1.761228E+0
-1.756818E+0
-1.752408E+0
-1.747998E+0
-1.743588E+0
-1.742118E+0
-1.740648E+0
-1.742118E+0
-1.746528E+0
-1.752408E+0
-1.761228E+0
-1.772988E+0
-1.786218E+0
-1.800918E+0
-1.815618E+0
-1.830318E+0
-1.842078E+0
-1.852368E+0
-1.859718E+0
-1.862658E+0
-1.862658E+0
-1.858248E+0
-1.852368E+0
-1.843548E+0
-1.834728E+0
-1.825908E+0
-1.818558E+0
-1.811208E+0
-1.808268E+0
-1.806798E+0
-1.806798E+0
-1.811208E+0
-1.815618E+0
-1.822968E+0
-1.831788E+0
-1.840608E+0
-1.850898E+0
-1.862658E+0
-1.874418E+0
-1.886178E+0
-1.897938E+0
-1.911168E+0
-1.924398E+0
-1.939098E+0
-1.953798E+0
-1.967028E+0
-1.980258E+0
-1.992018E+0
-2.002308E+0
-2.011128E+0
-2.019948E+0
-2.027298E+0
-2.033178E+0
-2.040528E+0
-2.047878E+0
-2.055228E+0
-2.062578E+0
-2.069928E+0
-2.075808E+0
-2.080218E+0
-2.081688E+0
-2.081688E+0
-2.080218E+0
-2.077278E+0
-2.071398E+0
-2.066988E+0
-2.062578E+0
-2.058168E+0
-2.055228E+0
-2.053758E+0
-2.053758E+0
-2.055228E+0
-2.059638E+0
-2.062578E+0
-2.066988E+0
-2.071398E+0
-2.075808E+0
-2.078748E+0
-2.080218E+0
-2.081688E+0
-2.083158E+0
-2.083158E+0
-2.083158E+0
-2.083158E+0
-2.083158E+0
-2.083158E+0
-2.081688E+0
-2.080218E+0
-2.075808E+0
-2.071398E+0
-2.065518E+0
-2.061108E+0
-2.058168E+0
-2.059638E+0
-2.062578E+0
-2.068458E+0
-2.078748E+0
-2.090508E+0
-2.100798E+0
-2.112558E+0
-2.121378E+0
-2.127258E+0
-2.131668E+0
-2.134608E+0
-2.137548E+0
-2.140488E+0
-2.144898E+0
-2.153718E+0
-2.164008E+0
-2.177238E+0
-2.191938E+0
-2.208108E+0
-2.222808E+0
-2.237508E+0
-2.250738E+0
-2.261028E+0
-2.266908E+0
-2.269848E+0
-2.268378E+0
-2.265438E+0
-2.258088E+0
-2.247798E+0
-2.237508E+0
-2.225748E+0
-2.213988E+0
-2.205168E+0
-2.197818E+0
-2.194878E+0
-2.194878E+0
-2.199288E+0
-2.208108E+0
-2.219868E+0
-2.233098E+0
-2.250738E+0
-2.266908E+0
-2.284548E+0
-2.302188E+0
-2.318358E+0
-2.333058E+0
-2.346288E+0
-2.356578E+0
-2.365398E+0
-2.372748E+0
-2.377158E+0
-2.380098E+0
-2.380098E+0
-2.380098E+0
-2.380098E+0
-2.380098E+0
-2.381568E+0
-2.383038E+0
-2.385978E+0
-2.390388E+0
-2.396268E+0
-2.402148E+0
-2.408028E+0
-2.412438E+0
-2.416848E+0
-2.421258E+0
-2.425668E+0
-2.430078E+0
-2.435958E+0
-2.443308E+0
-2.452128E+0
-2.462418E+0
-2.474178E+0
-2.484468E+0
-2.494758E+0
-2.505048E+0
-2.512398E+0
-2.516808E+0
-2.518278E+0
-2.516808E+0
-2.510928E+0
-2.503578E+0
-2.493288E+0
-2.482998E+0
-2.472708E+0
-2.465358E+0
-2.460948E+0
-2.458008E+0
-2.459478E+0
-2.463888E+0
-2.469768E+0
-2.475648E+0
-2.484468E+0
-2.493288E+0
-2.502108E+0
-2.510928E+0
-2.519748E+0
-2.528568E+0
-2.538858E+0
-2.549148E+0
-2.560908E+0
-2.574138E+0
-2.588838E+0
-2.607948E+0
-2.628528E+0
-2.650578E+0
-2.674098E+0
-2.697618E+0
-2.718198E+0
-2.735838E+0
-2.747598E+0
-2.754948E+0
-2.753478E+0
-2.746128E+0
-2.732898E+0
-2.715258E+0
-2.694678E+0
-2.672628E+0
-2.652048E+0
-2.632938E+0
-2.616768E+0
-2.606478E+0
-2.600598E+0
-2.597658E+0
-2.599128E+0
-2.605008E+0
-2.613828E+0
-2.627058E+0
-2.641758E+0
-2.660868E+0
-2.682918E+0
-2.706438E+0
-2.732898E+0
-2.757888E+0
-2.784348E+0
-2.807868E+0
-2.825508E+0
-2.838738E+0
-2.846088E+0
-2.846088E+0
-2.841678E+0
-2.834328E+0
-2.824038E+0
-2.815218E+0
-2.804928E+0
-2.797578E+0
-2.793168E+0
-2.790228E+0
-2.790228E+0
-2.791698E+0
-2.793168E+0
-2.794638E+0
-2.796108E+0
-2.797578E+0
-2.801988E+0
-2.804928E+0
-2.810808E+0
-2.818158E+0
-2.825508E+0
-2.831388E+0
-2.838738E+0
-2.844618E+0
-2.847558E+0
-2.850498E+0
-2.850498E+0
-2.851968E+0
-2.853438E+0
-2.854908E+0
-2.857848E+0
-2.860788E+0
-2.862258E+0
-2.863728E+0
-2.862258E+0
-2.857848E+0
-2.849028E+0
-2.837268E+0
-2.822568E+0
-2.807868E+0
-2.796108E+0
-2.785818E+0
-2.781408E+0
-2.782878E+0
-2.790228E+0
-2.803458E+0
-2.821098E+0
-2.841678E+0
-2.860788E+0
-2.878428E+0
-2.893128E+0
-2.904888E+0
-2.912238E+0
-2.916648E+0
-2.922528E+0
-2.929878E+0
-2.940168E+0
-2.954868E+0
-2.975448E+0
-2.998968E+0
-3.025428E+0
-3.051888E+0
-3.076878E+0
-3.097458E+0
-3.112158E+0
-3.122448E+0
-3.128328E+0
-3.129798E+0
-3.129798E+0
-3.128328E+0
-3.126858E+0
-3.125388E+0
-3.123918E+0
-3.122448E+0
-3.118038E+0
-3.110688E+0
-3.100398E+0
-3.087168E+0
-3.070998E+0
-3.053358E+0
-3.035718E+0
-3.018078E+0
-3.004848E+0
-2.996028E+0
-2.991618E+0
-2.994558E+0
-3.003378E+0
-3.018078E+0
-3.035718E+0
-3.057768E+0
-3.078348E+0
-3.097458E+0
-3.112158E+0
-3.120978E+0
-3.125388E+0
-3.125388E+0
-3.119508E+0
-3.113628E+0
-3.107748E+0
-3.103338E+0
-3.101868E+0
-3.106278E+0
-3.116568E+0
-3.131268E+0
-3.148908E+0
-3.170958E+0
-3.191538E+0
-3.209178E+0
-3.222408E+0
-3.228288E+0
-3.228288E+0
-3.222408E+0
-3.209178E+0
-3.194478E+0
-3.176838E+0
-3.159198E+0
-3.144498E+0
-3.134208E+0
-3.126858E+0
-3.123918E+0
-3.125388E+0
-3.129798E+0
-3.135678E+0
-3.141558E+0
-3.144498E+0
-3.144498E+0
-3.141558E+0
-3.135678E+0
-3.126858E+0
-3.119508E+0
-3.112158E+0
-3.112158E+0
-3.115098E+0
-3.126858E+0
-3.144498E+0
-3.168018E+0
-3.195948E+0
-3.226818E+0
-3.254748E+0
-3.281208E+0
-3.300318E+0
-3.310608E+0
-3.312078E+0
-3.303258E+0
-3.285618E+0
-3.262098E+0
-3.237108E+0
-3.212118E+0
-3.194478E+0
-3.181248E+0
-3.179778E+0
-3.187128E+0
-3.201828E+0
-3.220938E+0
-3.242988E+0
-3.265038E+0
-3.284148E+0
-3.300318E+0
-3.313548E+0
-3.323838E+0
-3.332658E+0
-3.342948E+0
-3.351768E+0
-3.360588E+0
-3.366468E+0
-3.369408E+0
-3.366468E+0
-3.362058E+0
-3.351768E+0
-3.341478E+0
-3.332658E+0
-3.328248E+0
-3.326778E+0
-3.334128E+0
-3.345888E+0
-3.362058E+0
-3.382638E+0
-3.403218E+0
-3.422328E+0
-3.437028E+0
-3.445848E+0
-3.448788E+0
-3.445848E+0
-3.438498E+0
-3.426738E+0
-3.414978E+0
-3.404688E+0
-3.398808E+0
-3.400278E+0
-3.410568E+0
-3.429678E+0
-3.459078E+0
-3.497298E+0
-3.542868E+0
-3.592848E+0
-3.641358E+0
-3.685458E+0
-3.717798E+0
-3.738378E+0
-3.744258E+0
-3.736908E+0
-3.716328E+0
-3.689868E+0
-3.660468E+0
-3.632538E+0
-3.609018E+0
-3.592848E+0
-3.584028E+0
-3.584028E+0
-3.591378E+0
-3.604608E+0
-3.620778E+0
-3.641358E+0
-3.663408E+0
-3.686928E+0
-3.707508E+0
-3.725148E+0
-3.738378E+0
-3.744258E+0
-3.742788E+0
-3.732498E+0
-3.714858E+0
-3.692808E+0
-3.664878E+0
-3.636948E+0
-3.609018E+0
-3.585498E+0
-3.567858E+0
-3.556098E+0
-3.550218E+0
-3.553158E+0
-3.563448E+0
-3.579618E+0
-3.601668E+0
-3.626658E+0
-3.654588E+0
-3.682518E+0
-3.707508E+0
-3.726618E+0
-3.738378E+0
-3.741318E+0
-3.738378E+0
-3.729558E+0
-3.717798E+0
-3.704568E+0
-3.695748E+0
-3.691338E+0
-3.692808E+0
-3.703098E+0
-3.717798E+0
-3.738378E+0
-3.761898E+0
-3.786888E+0
-3.805998E+0
-3.820698E+0
-3.826578E+0
-3.826578E+0
-3.819228E+0
-3.807468E+0
-3.794238E+0
-3.782478E+0
-3.773658E+0
-3.770718E+0
-3.770718E+0
-3.775128E+0
-3.781008E+0
-3.783948E+0
-3.785418E+0
-3.781008E+0
-3.770718E+0
-3.756018E+0
-3.738378E+0
-3.720738E+0
-3.704568E+0
-3.691338E+0
-3.682518E+0
-3.678108E+0
-3.679578E+0
-3.685458E+0
-3.694278E+0
-3.707508E+0
-3.722208E+0
-3.739848E+0
-3.758958E+0
-3.778068E+0
-3.798648E+0
-3.820698E+0
-3.841278E+0
-3.861858E+0
-3.878028E+0
-3.891258E+0
-3.897138E+0
-3.897138E+0
-3.886848E+0
-3.867738E+0
-3.842748E+0
-3.810408E+0
-3.776598E+0
-3.742788E+0
-3.713388E+0
-3.689868E+0
-3.675168E+0
-3.672228E+0
-3.676638E+0
-3.692808E+0
-3.714858E+0
-3.742788E+0
-3.773658E+0
-3.807468E+0
-3.839808E+0
-3.867738E+0
-3.891258E+0
-3.908898E+0
-3.920658E+0
-3.928008E+0
-3.932418E+0
-3.932418E+0
-3.933888E+0
-3.936828E+0
-3.945648E+0
-3.961818E+0
-3.986808E+0
-4.019148E+0
-4.060308E+0
-4.105878E+0
-4.157328E+0
-4.208778E+0
-4.255818E+0
-4.295508E+0
-4.321968E+0
-4.333728E+0
-4.329318E+0
-4.308738E+0
-4.271988E+0
-4.224948E+0
-4.169088E+0
-4.105878E+0
-4.039728E+0
-3.969168E+0
-3.897138E+0
-3.822168E+0
-3.745728E+0
-3.667818E+0
-3.592848E+0
-3.519348E+0
-3.456138E+0
-3.401748E+0
-3.363528E+0
-3.341478E+0
-3.342948E+0
-3.366468E+0
-3.413508E+0
-3.487008E+0
-3.584028E+0
-3.707508E+0
-3.853038E+0
-4.023558E+0
-4.216128E+0
-4.432218E+0
-4.671828E+0
-4.933488E+0
-5.215728E+0
-5.514138E+0
-5.822838E+0
-6.134478E+0
-6.440238E+0
-6.728358E+0
-6.998838E+0
-7.248738E+0
-7.486878E+0
-7.716198E+0
-7.963158E+0
-8.214528E+0
-8.486478E+0
-8.762838E+0
-9.023028E+0
-9.247938E+0
-9.428748E+0
-9.566928E+0
-9.675708E+0
-9.791838E+0
-9.955008E+0
-1.017992E+1
-1.053860E+1
-1.101341E+1
-1.168520E+1
-1.251869E+1
-1.364324E+1
-1.485893E+1
-1.548368E+1
-1.499858E+1
-1.389020E+1
-1.281563E+1
-1.195274E+1
-1.128389E+1
-1.077380E+1
-1.034309E+1
-9.999108E+0
-9.765378E+0
-9.602208E+0
-9.508128E+0
-9.484608E+0
-9.531648E+0
-9.675708E+0
-9.885918E+0
-1.014905E+1
-1.046510E+1
-1.081496E+1
-1.120745E+1
-1.162346E+1
-1.202477E+1
-1.242902E+1
-1.286855E+1
-1.349330E+1
-1.416803E+1
-1.499858E+1
-1.587911E+1
-1.698896E+1
-1.786949E+1
-1.786949E+1
-1.665380E+1
-1.567331E+1
-1.499858E+1
-1.426799E+1
-1.364324E+1
-1.303907E+1
-1.251869E+1
-1.202477E+1
-1.159259E+1
-1.123244E+1
-1.098989E+1
-1.087964E+1
-1.085759E+1
-1.098989E+1
-1.128389E+1
-1.178222E+1
-1.266275E+1
-1.437383E+1
-2.088005E+1
-2.088005E+1
-2.088005E+1
-2.088005E+1
-2.088005E+1
-2.088005E+1
-2.088005E+1
-2.088005E+1
-2.088005E+1
-2.088005E+1
-2.088005E+1
-2.088005E+1
-2.088005E+1
-2.088005E+1
-2.088005E+1
-2.088005E+1
-2.088005E+1
-2.088005E+1
-2.088005E+1
-2.088005E+1
-2.088005E+1
-2.088005E+1
-2.088005E+1
-2.088005E+1
-1.567331E+1
-1.397840E+1
-1.292441E+1
-1.213796E+1
-1.156319E+1
-1.113248E+1
-1.079438E+1
-1.055624E+1
-1.042982E+1
-1.041218E+1
-1.046510E+1
-1.057535E+1
-1.071206E+1
-1.087964E+1
-1.108397E+1
-1.131035E+1
-1.156319E+1
-1.181456E+1
-1.209974E+1
-1.238492E+1
-1.266275E+1
-1.271273E+1
-1.247312E+1
-1.202477E+1
-1.150439E+1
-1.101341E+1
-1.059446E+1
-1.025930E+1
-1.005791E+1
-9.969708E+0
-1.001381E+1
-1.014905E+1
-1.039454E+1
-1.069148E+1
-1.101341E+1
-1.131035E+1
-1.150439E+1
-1.150439E+1
-1.131035E+1
-1.101341E+1
-1.069148E+1
-1.039454E+1
-1.013288E+1
-9.913848E+0
-9.738918E+0
-9.615438E+0
-9.531648E+0
-9.484608E+0
-9.462558E+0
-9.484608E+0
-9.578688E+0
-9.738918E+0
-9.999108E+0
-1.039454E+1
-1.098989E+1
-1.195274E+1
-1.380494E+1
-2.088005E+1
-2.088005E+1
-2.088005E+1
-2.088005E+1
-2.088005E+1
-2.088005E+1
-2.088005E+1
-2.088005E+1
-2.088005E+1
-1.937477E+1
-1.356680E+1
-1.217765E+1
-1.141913E+1
-1.098989E+1
-1.075322E+1
-1.065326E+1
-1.069148E+1
-1.083554E+1
-1.106045E+1
-1.133681E+1
-1.162346E+1
-1.191746E+1
-1.221734E+1
-1.242902E+1
-1.261277E+1
-1.276271E+1
-1.292441E+1
-1.298027E+1
-1.298027E+1
-1.276271E+1
-1.238492E+1
-1.191746E+1
-1.141913E+1
-1.094579E+1
-1.053860E+1
-1.019609E+1
-9.955008E+0
-9.791838E+0
-9.713928E+0
-9.702168E+0
-9.765378E+0
-9.885918E+0
-1.007261E+1
-1.029311E+1
-1.057535E+1
-1.085759E+1
-1.115747E+1
-1.144706E+1
-1.165433E+1
-1.184837E+1
-1.191746E+1
-1.195274E+1
-1.188218E+1
-1.171607E+1
-1.156319E+1
-1.136327E+1
-1.115747E+1
-1.101341E+1
-1.092374E+1
-1.087964E+1
-1.094579E+1
-1.113248E+1
-1.150439E+1
-1.209974E+1
-1.315961E+1
-1.548368E+1
-2.088005E+1
-2.088005E+1
-2.088005E+1
-2.088005E+1
-2.088005E+1
-2.088005E+1
-2.088005E+1
-2.088005E+1
-2.088005E+1
-2.088005E+1
-2.088005E+1
-2.088005E+1
-2.088005E+1
-2.088005E+1
-2.088005E+1
-2.088005E+1
-2.088005E+1
-2.088005E+1
-2.088005E+1
-2.088005E+1
-2.088005E+1
-2.088005E+1
-2.088005E+1
-2.088005E+1
-2.088005E+1
-2.088005E+1
-1.531022E+1
-1.364324E+1
-1.298027E+1
-1.256573E+1
-1.234082E+1
-1.229966E+1
-1.229966E+1
-1.242902E+1
-1.256573E+1
-1.266275E+1
-1.266275E+1
-1.247312E+1
-1.209974E+1
-1.168520E+1
-1.120745E+1
-1.079438E+1
-1.046510E+1
-1.027694E+1
-1.021079E+1
-1.029311E+1
-1.053860E+1
-1.101341E+1
-1.184837E+1
-1.349330E+1
-2.088005E+1
-2.088005E+1
-2.088005E+1
-2.088005E+1
-2.088005E+1
-2.088005E+1
-2.088005E+1
-2.088005E+1
-2.088005E+1
-2.088005E+1
-2.088005E+1
-2.088005E+1
-2.088005E+1
-2.088005E+1
-2.088005E+1
-1.485893E+1
-1.286855E+1
-1.206152E+1
-1.174841E+1
-1.178222E+1
-1.209974E+1
-1.281563E+1
-1.416803E+1
-1.937477E+1
-2.088005E+1
-2.088005E+1
-2.088005E+1
-2.088005E+1
-2.088005E+1
-2.088005E+1
-2.088005E+1
-2.088005E+1
-2.088005E+1
-1.937477E+1
-1.610843E+1
-1.499858E+1
-1.426799E+1
-1.380494E+1
-1.335365E+1
-1.303907E+1
-1.281563E+1
-1.271273E+1
-1.271273E+1
-1.281563E+1
-1.315961E+1
-1.372262E+1
-1.499858E+1
-2.088005E+1
-2.088005E+1
-2.088005E+1
-2.088005E+1
-2.088005E+1
-2.088005E+1
-2.088005E+1
-2.088005E+1
-2.088005E+1
-2.088005E+1
-2.088005E+1
-2.088005E+1
-2.088005E+1
-2.088005E+1
-2.088005E+1
-2.088005E+1
-2.088005E+1
-2.088005E+1
-2.088005E+1
-2.088005E+1
-2.088005E+1
-2.088005E+1
-2.088005E+1
-2.088005E+1
-2.088005E+1
-2.088005E+1
-2.088005E+1
-2.088005E+1
-2.088005E+1
-1.514852E+1
-1.309787E+1
-1.217765E+1
-1.171607E+1
-1.162346E+1
-1.188218E+1
-1.266275E+1
-1.472663E+1
-2.088005E+1
-2.088005E+1
-2.088005E+1
-2.088005E+1
-2.088005E+1
-2.088005E+1
-2.088005E+1
-2.088005E+1
-2.088005E+1
-2.088005E+1
-2.088005E+1
-2.088005E+1
-2.088005E+1
-2.088005E+1
-2.088005E+1
-2.088005E+1
-2.088005E+1
-2.088005E+1
-2.088005E+1
-2.088005E+1
-2.088005E+1
-2.088005E+1
-2.088005E+1
-2.088005E+1
-2.088005E+1
-2.088005E+1
-2.088005E+1
-2.088005E+1
-2.088005E+1
-1.849424E+1
-1.372262E+1
-1.251869E+1
-1.195274E+1
-1.178222E+1
-1.191746E+1
-1.238492E+1
-1.335365E+1
-1.587911E+1
-2.088005E+1
-2.088005E+1
-2.088005E+1
-2.088005E+1
-2.088005E+1
-2.088005E+1
-2.088005E+1
-2.088005E+1
-2.088005E+1
-2.088005E+1
-2.088005E+1
-2.088005E+1
-2.088005E+1
-2.088005E+1
-2.088005E+1
-2.088005E+1
-2.088005E+1
-2.088005E+1
-2.088005E+1
-2.088005E+1
-2.088005E+1
-2.088005E+1
-2.088005E+1
-2.088005E+1
-2.088005E+1
-2.088005E+1
-1.372262E+1
-1.159259E+1
-1.050185E+1
-9.765378E+0
-9.258228E+0
-8.889258E+0
-8.627598E+0
-8.479128E+0
-8.436498E+0
-8.479128E+0
-8.620248E+0
-8.846628E+0
-9.167088E+0
-9.578688E+0
-1.008731E+1
-1.067237E+1
-1.131035E+1
-1.198802E+1
-1.266275E+1
-1.342274E+1
-1.416803E+1
-1.485893E+1
-1.567331E+1
-1.636421E+1
-1.610843E+1
-1.514852E+1
-1.397840E+1
-1.298027E+1
-1.217765E+1
-1.153379E+1
-1.106045E+1
-1.069148E+1
-1.044746E+1
-1.027694E+1
-1.016375E+1
-1.004321E+1
-9.913848E+0
-9.765378E+0
-9.590448E+0
-9.406698E+0
-9.227358E+0
-9.080358E+0
-8.977458E+0
-8.933358E+0
-8.959818E+0
-9.061248E+0
-9.247938E+0
-9.519888E+0
-9.857988E+0
-1.027694E+1
-1.077380E+1
-1.125743E+1
-1.174841E+1
-1.209974E+1
-1.229966E+1
-1.229966E+1
-1.217765E+1
-1.195274E+1
-1.174841E+1
-1.153379E+1
-1.139120E+1
-1.131035E+1
-1.131035E+1
-1.139120E+1
-1.156319E+1
-1.181456E+1
-1.213796E+1
-1.247312E+1
-1.266275E+1
-1.266275E+1
-1.238492E+1
-1.191746E+1
-1.144706E+1
-1.098989E+1
-1.063268E+1
-1.041218E+1
-1.032692E+1
-1.044746E+1
-1.077380E+1
-1.147499E+1
-1.286855E+1
-2.088005E+1
-2.088005E+1
-2.088005E+1
-2.088005E+1
-2.088005E+1
-2.088005E+1
-2.088005E+1
-2.088005E+1
-2.088005E+1
-2.088005E+1
-2.088005E+1
-1.698896E+1
-1.389020E+1
-1.286855E+1
-1.225850E+1
-1.184837E+1
-1.147499E+1
-1.110749E+1
-1.073264E+1
-1.037690E+1
-1.007261E+1
-9.805068E+0
-9.615438E+0
-9.496368E+0
-9.496368E+0
-9.615438E+0
-9.899148E+0
-1.042982E+1
-1.144706E+1
-1.407101E+1
-2.088005E+1
-2.088005E+1
-2.088005E+1
-2.088005E+1
-2.088005E+1
-2.088005E+1
-2.088005E+1
-2.088005E+1
-2.088005E+1
-2.088005E+1
-2.088005E+1
-2.088005E+1
-1.786949E+1
-1.426799E+1
-1.328750E+1
-1.271273E+1
-1.229966E+1
-1.188218E+1
-1.156319E+1
-1.131035E+1
-1.118099E+1
-1.115747E+1
-1.128389E+1
-1.162346E+1
-1.217765E+1
-1.309787E+1
-1.448555E+1
-1.738439E+1
-2.088005E+1
-2.088005E+1
-2.088005E+1
-2.088005E+1
-1.587911E+1
-1.372262E+1
-1.247312E+1
-1.153379E+1
-1.081496E+1
-1.021079E+1
-9.713928E+0
-9.309678E+0
-8.987748E+0
-8.730498E+0
-8.537928E+0
-8.401218E+0
-8.326248E+0
-8.299788E+0
-8.333598E+0
-8.421798E+0
-8.567328E+0
-8.762838E+0
-9.014208E+0
-9.330258E+0
-9.702168E+0
-1.010201E+1
-1.051949E+1
-1.087964E+1
-1.118099E+1
-1.139120E+1
-1.147499E+1
-1.153379E+1
-1.162346E+1
-1.188218E+1
-1.247312E+1
-1.380494E+1
-2.088005E+1
-2.088005E+1
-2.088005E+1
-2.088005E+1
-2.088005E+1
-2.088005E+1
-2.088005E+1
-2.088005E+1
-2.088005E+1
-2.088005E+1
-2.088005E+1
-2.088005E+1
-2.088005E+1
-2.088005E+1
-2.088005E+1
-1.849424E+1
-1.416803E+1
-1.349330E+1
-1.380494E+1
-1.567331E+1
-2.088005E+1
-2.088005E+1
-2.088005E+1
-2.088005E+1
-2.088005E+1
-2.088005E+1
-2.088005E+1
-2.088005E+1
-2.088005E+1
-2.088005E+1
-2.088005E+1
-2.088005E+1
-2.088005E+1
-2.088005E+1
-2.088005E+1
-2.088005E+1
-2.088005E+1
-2.088005E+1
-2.088005E+1
-2.088005E+1
-2.088005E+1
-2.088005E+1
-2.088005E+1
-2.088005E+1
-2.088005E+1
-2.088005E+1
-2.088005E+1
-2.088005E+1
-2.088005E+1
-2.088005E+1
-2.088005E+1
-2.088005E+1
-2.088005E+1
-2.088005E+1
-2.088005E+1
-1.531022E+1
-1.356680E+1
-1.271273E+1
-1.229966E+1
-1.213796E+1
-1.225850E+1
-1.266275E+1
-1.342274E+1
-1.472663E+1
-1.738439E+1
-2.088005E+1
-2.088005E+1
-2.088005E+1
-1.514852E+1
-1.322135E+1
-1.213796E+1
-1.141913E+1
-1.096784E+1
-1.069148E+1
-1.059446E+1
-1.065326E+1
-1.087964E+1
-1.123244E+1
-1.174841E+1
-1.242902E+1
-1.342274E+1
-1.499858E+1
-2.088005E+1
-2.088005E+1
-2.088005E+1
-2.088005E+1
-2.088005E+1
-2.088005E+1
-2.088005E+1
-1.937477E+1
-1.426799E+1
-1.266275E+1
-1.165433E+1
-1.096784E+1
-1.050185E+1
-1.019609E+1
-1.001381E+1
-9.941778E+0
-9.969708E+0
-1.013288E+1
-1.044746E+1
-1.096784E+1
-1.178222E+1
-1.309787E+1
-1.636421E+1
-2.088005E+1
-2.088005E+1
-2.088005E+1
-2.088005E+1
-1.610843E+1
-1.292441E+1
-1.162346E+1
-1.087964E+1
-1.044746E+1
-1.022696E+1
-1.016375E+1
-1.022696E+1
-1.041218E+1
-1.065326E+1
-1.096784E+1
-1.128389E+1
-1.159259E+1
-1.191746E+1
-1.221734E+1
-1.251869E+1
-1.281563E+1
-1.298027E+1
-1.309787E+1
-1.309787E+1
-1.298027E+1
-1.276271E+1
-1.256573E+1
-1.234082E+1
-1.213796E+1
-1.195274E+1
-1.171607E+1
-1.147499E+1
-1.120745E+1
-1.092374E+1
-1.069148E+1
-1.053860E+1
-1.051949E+1
-1.065326E+1
-1.096784E+1
-1.156319E+1
-1.266275E+1
-1.499858E+1
-2.088005E+1
-2.088005E+1
-2.088005E+1
-2.088005E+1
-2.088005E+1
-2.088005E+1
-2.088005E+1
-1.587911E+1
-1.514852E+1
-1.531022E+1
-1.636421E+1
-1.937477E+1
-2.088005E+1
-1.849424E+1
-1.531022E+1
-1.342274E+1
-1.221734E+1
-1.141913E+1
-1.085759E+1
-1.051949E+1
-1.034309E+1
-1.034309E+1
-1.048274E+1
-1.075322E+1
-1.115747E+1
-1.165433E+1
-1.225850E+1
-1.292441E+1
-1.372262E+1
-1.460315E+1
-1.610843E+1
-2.088005E+1
-2.088005E+1
-2.088005E+1
-2.088005E+1
-2.088005E+1
-2.088005E+1
-2.088005E+1
-2.088005E+1
-2.088005E+1
-1.567331E+1
-1.328750E+1
-1.202477E+1
-1.115747E+1
-1.050185E+1
-9.969708E+0
-9.543408E+0
-9.206778E+0
-8.933358E+0
-8.737848E+0
-8.620248E+0
-8.567328E+0
-8.582028E+0
-8.681988E+0
-8.846628E+0
-9.099468E+0
-9.440508E+0
-9.885918E+0
-1.048274E+1
-1.131035E+1
-1.266275E+1
-1.610843E+1
-2.088005E+1
-2.088005E+1
-2.088005E+1
-2.088005E+1
-2.088005E+1
-2.088005E+1
-2.088005E+1
-2.088005E+1
-2.088005E+1
-2.088005E+1
-2.088005E+1
-2.088005E+1
-2.088005E+1
-2.088005E+1
-2.088005E+1
-2.088005E+1
-2.088005E+1
-2.088005E+1
-2.088005E+1
-2.088005E+1
-2.088005E+1
-2.088005E+1
-2.088005E+1
-2.088005E+1
-2.088005E+1
-2.088005E+1
-2.088005E+1
-2.088005E+1
-1.548368E+1
-1.292441E+1
-1.168520E+1
-1.083554E+1
-1.019609E+1
-9.727158E+0
-9.396408E+0
-9.156798E+0
-9.023028E+0
-8.996568E+0
-9.061248E+0
-9.227358E+0
-9.508128E+0
-9.913848E+0
-1.051949E+1
-1.139120E+1
-1.281563E+1
-1.636421E+1
-2.088005E+1
-2.088005E+1
-2.088005E+1
-2.088005E+1
-2.088005E+1
-1.937477E+1
-1.389020E+1
-1.242902E+1
-1.162346E+1
-1.113248E+1
-1.079438E+1
-1.057535E+1
-1.042982E+1
-1.032692E+1
-1.029311E+1
-1.030928E+1
-1.041218E+1
-1.057535E+1
-1.085759E+1
-1.125743E+1
-1.184837E+1
-1.261277E+1
-1.364324E+1
-1.472663E+1
-1.531022E+1
-1.472663E+1
-1.356680E+1
-1.247312E+1
-1.159259E+1
-1.092374E+1
-1.046510E+1
-1.013288E+1
-9.941778E+0
-9.872688E+0
-9.913848E+0
-1.004321E+1
-1.029311E+1
-1.065326E+1
-1.113248E+1
-1.178222E+1
-1.266275E+1
-1.397840E+1
-1.587911E+1
-1.937477E+1
-1.849424E+1
-1.514852E+1
-1.322135E+1
-1.195274E+1
-1.101341E+1
-1.030928E+1
-9.791838E+0
-9.440508E+0
-9.206778E+0
-9.080358E+0
-9.050958E+0
-9.118578E+0
-9.278808E+0
-9.555168E+0
-9.955008E+0
-1.053860E+1
-1.144706E+1
-1.315961E+1
-2.088005E+1
-2.088005E+1
-2.088005E+1
-2.088005E+1
-2.088005E+1
-2.088005E+1
-2.088005E+1
-2.088005E+1
-2.088005E+1
-2.088005E+1
-2.088005E+1
-2.088005E+1
-1.407101E+1
-1.181456E+1
-1.081496E+1
-1.022696E+1
-9.899148E+0
-9.738918E+0
-9.738918E+0
-9.899148E+0
-1.024313E+1
-1.081496E+1
-1.174841E+1
-1.364324E+1
-2.088005E+1
-2.088005E+1
-2.088005E+1
-2.088005E+1
-2.088005E+1
-2.088005E+1
-2.088005E+1
-2.088005E+1
-2.088005E+1
-2.088005E+1
-2.088005E+1
-2.088005E+1
-2.088005E+1
-2.088005E+1
-2.088005E+1
-2.088005E+1
-2.088005E+1
-2.088005E+1
-2.088005E+1
-2.088005E+1
-2.088005E+1
-2.088005E+1
-1.610843E+1
-1.276271E+1
-1.153379E+1
-1.075322E+1
-1.021079E+1
-9.791838E+0
-9.474318E+0
-9.227358E+0
-9.050958E+0
-8.924538E+0
-8.846628E+0
-8.812818E+0
-8.828988E+0
-8.880438E+0
-8.977458E+0
-9.089178E+0
-9.227358E+0
-9.384648E+0
-9.590448E+0
-9.805068E+0
-1.004321E+1
-1.029311E+1
-1.057535E+1
-1.090169E+1
-1.120745E+1
-1.150439E+1
-1.174841E+1
-1.195274E+1
-1.213796E+1
-1.229966E+1
-1.242902E+1
-1.256573E+1
-1.266275E+1
-1.281563E+1
-1.298027E+1
-1.309787E+1
-1.322135E+1
-1.328750E+1
-1.342274E+1
-1.356680E+1
-1.372262E+1
-1.397840E+1
-1.407101E+1
-1.426799E+1
-1.416803E+1
-1.397840E+1
-1.356680E+1
-1.298027E+1
-1.238492E+1
-1.178222E+1
-1.123244E+1
-1.079438E+1
-1.042982E+1
-1.017992E+1
-1.002851E+1
-9.969708E+0
-1.002851E+1
-1.016375E+1
-1.037690E+1
-1.063268E+1
-1.094579E+1
-1.128389E+1
-1.159259E+1
-1.195274E+1
-1.229966E+1
-1.276271E+1
-1.335365E+1
-1.416803E+1
-1.514852E+1
-1.610843E+1
-1.587911E+1
-1.472663E+1
-1.342274E+1
-1.242902E+1
-1.171607E+1
-1.125743E+1
-1.101341E+1
-1.098989E+1
-1.125743E+1
-1.188218E+1
-1.335365E+1
-2.088005E+1
-2.088005E+1
-2.088005E+1
-2.088005E+1
-2.088005E+1
-2.088005E+1
-2.088005E+1
-2.088005E+1
-2.088005E+1
-2.088005E+1
-1.397840E+1
-1.198802E+1
-1.101341E+1
-1.039454E+1
-9.969708E+0
-9.688938E+0
-9.496368E+0
-9.406698E+0
-9.384648E+0
-9.462558E+0
-9.652188E+0
-9.955008E+0
-1.039454E+1
-1.096784E+1
-1.171607E+1
-1.271273E+1
-1.389020E+1
-1.531022E+1
-1.636421E+1
-1.665380E+1
-1.587911E+1
-1.499858E+1
-1.426799E+1
-1.356680E+1
-1.298027E+1
-1.238492E+1
-1.184837E+1
-1.133681E+1
-1.092374E+1
-1.055624E+1
-1.030928E+1
-1.014905E+1
-1.011818E+1
-1.019609E+1
-1.039454E+1
-1.075322E+1
-1.133681E+1
-1.221734E+1
-1.372262E+1
-1.786949E+1
-2.088005E+1
-2.088005E+1
-2.088005E+1
-2.088005E+1
-2.088005E+1
-1.380494E+1
-1.206152E+1
-1.103693E+1
-1.030928E+1
-9.791838E+0
-9.406698E+0
-9.137688E+0
-8.968638E+0
-8.880438E+0
-8.898078E+0
-9.014208E+0
-9.247938E+0
-9.652188E+0
-1.025930E+1
-1.125743E+1
-1.309787E+1
-2.088005E+1
-2.088005E+1
-2.088005E+1
-2.088005E+1
-2.088005E+1
-2.088005E+1
-2.088005E+1
-2.088005E+1
-1.372262E+1
-1.217765E+1
-1.139120E+1
-1.087964E+1
-1.055624E+1
-1.032692E+1
-1.016375E+1
-1.002851E+1
-9.927078E+0
-9.844758E+0
-9.778608E+0
-9.727158E+0
-9.688938E+0
-9.675708E+0
-9.702168E+0
-9.738918E+0
-9.818298E+0
-9.941778E+0
-1.011818E+1
-1.036073E+1
-1.067237E+1
-1.108397E+1
-1.159259E+1
-1.225850E+1
-1.315961E+1
-1.437383E+1
-1.587911E+1
-1.738439E+1
-1.698896E+1
-1.531022E+1
-1.380494E+1
-1.261277E+1
-1.174841E+1
-1.108397E+1
-1.057535E+1
-1.019609E+1
-9.913848E+0
-9.727158E+0
-9.602208E+0
-9.531648E+0
-9.496368E+0
-9.474318E+0
-9.474318E+0
-9.462558E+0
-9.484608E+0
-9.543408E+0
-9.638958E+0
-9.805068E+0
-1.004321E+1
-1.041218E+1
-1.090169E+1
-1.156319E+1
-1.238492E+1
-1.335365E+1
-1.437383E+1
-1.531022E+1
-1.548368E+1
-1.499858E+1
-1.472663E+1
-1.472663E+1
-1.548368E+1
-2.088005E+1
-2.088005E+1
-2.088005E+1
-2.088005E+1
-2.088005E+1
-2.088005E+1
-2.088005E+1
-2.088005E+1
-2.088005E+1
-2.088005E+1
-2.088005E+1
-2.088005E+1
-2.088005E+1
-1.567331E+1
-1.303907E+1
-1.209974E+1
-1.159259E+1
-1.139120E+1
-1.141913E+1
-1.165433E+1
-1.209974E+1
-1.292441E+1
-1.448555E+1
-2.088005E+1
-2.088005E+1
-2.088005E+1
-2.088005E+1
-2.088005E+1
-2.088005E+1
-2.088005E+1
-2.088005E+1
-2.088005E+1
-2.088005E+1
-2.088005E+1
-2.088005E+1
-2.088005E+1
-2.088005E+1
-2.088005E+1
-2.088005E+1
-2.088005E+1
-2.088005E+1
-1.407101E+1
-1.271273E+1
-1.209974E+1
-1.174841E+1
-1.150439E+1
-1.125743E+1
-1.101341E+1
-1.077380E+1
-1.055624E+1
-1.039454E+1
-1.030928E+1
-1.029311E+1
-1.037690E+1
-1.055624E+1
-1.081496E+1
-1.115747E+1
-1.159259E+1
-1.209974E+1
-1.276271E+1
-1.364324E+1
-1.499858E+1
-2.088005E+1
-2.088005E+1
-2.088005E+1
-2.088005E+1
-2.088005E+1
-2.088005E+1
-2.088005E+1
-2.088005E+1
-2.088005E+1
-2.088005E+1
-2.088005E+1
-2.088005E+1
-2.088005E+1
-1.234082E+1
-1.079438E+1
-9.913848E+0
-9.352308E+0
-8.996568E+0
-8.787828E+0
-8.714328E+0
-8.746668E+0
-8.871618E+0
-9.070068E+0
-9.330258E+0
-9.615438E+0
-9.885918E+0
-1.008731E+1
-1.017992E+1
-1.014905E+1
-1.002851E+1
-9.857988E+0
-9.675708E+0
-9.508128E+0
-9.406698E+0
-9.374358E+0
-9.418458E+0
-9.543408E+0
-9.765378E+0
-1.008731E+1
-1.053860E+1
-1.110749E+1
-1.181456E+1
-1.256573E+1
-1.322135E+1
-1.349330E+1
-1.322135E+1
-1.251869E+1
-1.178222E+1
-1.113248E+1
-1.063268E+1
-1.024313E+1
-9.984408E+0
-9.831528E+0
-9.778608E+0
-9.818298E+0
-9.969708E+0
-1.021079E+1
-1.053860E+1
-1.098989E+1
-1.156319E+1
-1.225850E+1
-1.322135E+1
-1.485893E+1
-2.088005E+1
-2.088005E+1
-2.088005E+1
-2.088005E+1
-2.088005E+1
-2.088005E+1
-2.088005E+1
-2.088005E+1
-2.088005E+1
-2.088005E+1
-2.088005E+1
-2.088005E+1
-2.088005E+1
-2.088005E+1
-2.088005E+1
-2.088005E+1
-2.088005E+1
-2.088005E+1
-2.088005E+1
-2.088005E+1
-2.088005E+1
-1.738439E+1
-1.587911E+1
-1.548368E+1
-1.531022E+1
-1.531022E+1
-1.567331E+1
-1.610843E+1
-1.665380E+1
-1.698896E+1
-1.610843E+1
-1.499858E+1
-1.397840E+1
-1.298027E+1
-1.213796E+1
-1.141913E+1
-1.081496E+1
-1.029311E+1
-9.885918E+0
-9.555168E+0
-9.319968E+0
-9.167088E+0
-9.089178E+0
-9.089178E+0
-9.147978E+0
-9.268518E+0
-9.406698E+0
-9.555168E+0
-9.675708E+0
-9.765378E+0
-9.831528E+0
-9.857988E+0
-9.885918E+0
-9.927078E+0
-9.984408E+0
-1.010201E+1
-1.024313E+1
-1.044746E+1
-1.065326E+1
-1.087964E+1
-1.108397E+1
-1.120745E+1
-1.123244E+1
-1.113248E+1
-1.092374E+1
-1.063268E+1
-1.032692E+1
-1.001381E+1
-9.752148E+0
-9.519888E+0
-9.352308E+0
-9.217068E+0
-9.118578E+0
-9.042138E+0
-8.968638E+0
-8.898078E+0
-8.828988E+0
-8.754018E+0
-8.690808E+0
-8.634948E+0
-8.620248E+0
-8.643768E+0
-8.714328E+0
-8.846628E+0
-9.042138E+0
-9.309678E+0
-9.638958E+0
-1.005791E+1
-1.051949E+1
-1.106045E+1
-1.159259E+1
-1.209974E+1
-1.247312E+1
-1.266275E+1
-1.266275E+1
-1.256573E+1
-1.242902E+1
-1.238492E+1
-1.234082E+1
-1.234082E+1
-1.242902E+1
-1.247312E+1
-1.247312E+1
-1.238492E+1
-1.221734E+1
-1.202477E+1
-1.188218E+1
-1.181456E+1
-1.181456E+1
-1.195274E+1
-1.225850E+1
-1.281563E+1
-1.380494E+1
-1.587911E+1
-2.088005E+1
-2.088005E+1
-2.088005E+1
-2.088005E+1
-2.088005E+1
-2.088005E+1
-2.088005E+1
-2.088005E+1
-2.088005E+1
-2.088005E+1
-2.088005E+1
-2.088005E+1
-2.088005E+1
-2.088005E+1
-2.088005E+1
-2.088005E+1
-2.088005E+1
-2.088005E+1
-2.088005E+1
-2.088005E+1
-2.088005E+1
-2.088005E+1
-2.088005E+1
-2.088005E+1
-2.088005E+1
-2.088005E+1
-2.088005E+1
-2.088005E+1
-2.088005E+1
-2.088005E+1
-2.088005E+1
-2.088005E+1
-2.088005E+1
-2.088005E+1
-2.088005E+1
-2.088005E+1
-2.088005E+1
-2.088005E+1
-2.088005E+1
-2.088005E+1
-2.088005E+1
-2.088005E+1
-2.088005E+1
-2.088005E+1
-1.514852E+1
-1.448555E+1
-1.514852E+1
-2.088005E+1
-2.088005E+1
-2.088005E+1
-2.088005E+1
-2.088005E+1
-2.088005E+1
-2.088005E+1
-2.088005E+1
-2.088005E+1
-2.088005E+1
-2.088005E+1
-2.088005E+1
-2.088005E+1
-2.088005E+1
-2.088005E+1
-2.088005E+1
-2.088005E+1
-2.088005E+1
-2.088005E+1
-2.088005E+1
-2.088005E+1
-1.460315E+1
-1.303907E+1
-1.234082E+1
-1.202477E+1
-1.195274E+1
-1.198802E+1
-1.217765E+1
-1.242902E+1
-1.276271E+1
-1.309787E+1
-1.342274E+1
-1.356680E+1
-1.342274E+1
-1.298027E+1
-1.247312E+1
-1.191746E+1
-1.139120E+1
-1.094579E+1
-1.061357E+1
-1.039454E+1
-1.029311E+1
-1.029311E+1
-1.037690E+1
-1.055624E+1
-1.081496E+1
-1.115747E+1
-1.156319E+1
-1.195274E+1
-1.234082E+1
-1.276271E+1
-1.315961E+1
-1.349330E+1
-1.380494E+1
-1.397840E+1
-1.389020E+1
-1.342274E+1
-1.281563E+1
-1.209974E+1
-1.139120E+1
-1.079438E+1
-1.029311E+1
-9.899148E+0
-9.602208E+0
-9.418458E+0
-9.309678E+0
-9.278808E+0
-9.309678E+0
-9.362598E+0
-9.428748E+0
-9.484608E+0
-9.508128E+0
-9.508128E+0
-9.484608E+0
-9.462558E+0
-9.450798E+0
-9.450798E+0
-9.474318E+0
-9.519888E+0
-9.555168E+0
-9.566928E+0
-9.531648E+0
-9.474318E+0
-9.384648E+0
-9.309678E+0
-9.237648E+0
-9.217068E+0
-9.237648E+0
-9.330258E+0
-9.484608E+0
-9.688938E+0
-9.955008E+0
-1.025930E+1
-1.063268E+1
-1.106045E+1
-1.156319E+1
-1.221734E+1
-1.322135E+1
-1.531022E+1
-2.088005E+1
-2.088005E+1
-2.088005E+1
-2.088005E+1
-2.088005E+1
-2.088005E+1
-2.088005E+1
-2.088005E+1
-2.088005E+1
-2.088005E+1
-1.485893E+1
-1.234082E+1
-1.123244E+1
-1.059446E+1
-1.019609E+1
-9.984408E+0
-9.941778E+0
-1.004321E+1
-1.029311E+1
-1.069148E+1
-1.123244E+1
-1.195274E+1
-1.276271E+1
-1.356680E+1
-1.389020E+1
-1.364324E+1
-1.303907E+1
-1.238492E+1
-1.181456E+1
-1.136327E+1
-1.110749E+1
-1.098989E+1
-1.101341E+1
-1.113248E+1
-1.136327E+1
-1.171607E+1
-1.221734E+1
-1.276271E+1
-1.342274E+1
-1.407101E+1
-1.472663E+1
-1.531022E+1
-1.567331E+1
-1.567331E+1
-1.531022E+1
-1.485893E+1
-1.426799E+1
-1.364324E+1
-1.303907E+1
-1.242902E+1
-1.195274E+1
-1.153379E+1
-1.115747E+1
-1.085759E+1
-1.061357E+1
-1.041218E+1
-1.027694E+1
-1.017992E+1
-1.014905E+1
-1.016375E+1
-1.025930E+1
-1.042982E+1
-1.067237E+1
-1.103693E+1
-1.156319E+1
-1.238492E+1
-1.389020E+1
-2.088005E+1
-2.088005E+1
-2.088005E+1
-2.088005E+1
-2.088005E+1
-2.088005E+1
-2.088005E+1
-2.088005E+1
-2.088005E+1
-2.088005E+1
-2.088005E+1
-2.088005E+1
-1.309787E+1
-1.168520E+1
-1.092374E+1
-1.050185E+1
-1.029311E+1
-1.025930E+1
-1.036073E+1
-1.057535E+1
-1.090169E+1
-1.136327E+1
-1.195274E+1
-1.271273E+1
-1.372262E+1
-1.514852E+1
-1.849424E+1
-2.088005E+1
-2.088005E+1
-2.088005E+1
-2.088005E+1
-2.088005E+1
-2.088005E+1
-1.937477E+1
-1.587911E+1
-1.448555E+1
-1.364324E+1
-1.303907E+1
-1.261277E+1
-1.229966E+1
-1.198802E+1
-1.174841E+1
-1.156319E+1
-1.144706E+1
-1.139120E+1
-1.139120E+1
-1.147499E+1
-1.168520E+1
-1.209974E+1
-1.286855E+1
-1.448555E+1
-2.088005E+1
-2.088005E+1
-2.088005E+1
-2.088005E+1
-2.088005E+1
-2.088005E+1
-2.088005E+1
-2.088005E+1
-2.088005E+1
-2.088005E+1
-2.088005E+1
-2.088005E+1
-2.088005E+1
-2.088005E+1
-2.088005E+1
-2.088005E+1
-2.088005E+1
-2.088005E+1
-1.786949E+1
-1.328750E+1
-1.209974E+1
-1.153379E+1
-1.125743E+1
-1.115747E+1
-1.128389E+1
-1.159259E+1
-1.221734E+1
-1.356680E+1
-2.088005E+1
-2.088005E+1
-2.088005E+1
-2.088005E+1
-2.088005E+1
-2.088005E+1
-2.088005E+1
-2.088005E+1
-2.088005E+1
-2.088005E+1
-2.088005E+1
-2.088005E+1
-1.426799E+1
-1.261277E+1
-1.184837E+1
-1.141913E+1
-1.118099E+1
-1.101341E+1
-1.090169E+1
-1.077380E+1
-1.059446E+1
-1.037690E+1
-1.013288E+1
-9.872688E+0
-9.602208E+0
-9.374358E+0
-9.186198E+0
-9.042138E+0
-8.950998E+0
-8.924538E+0
-8.950998E+0
-9.061248E+0
-9.237648E+0
-9.496368E+0
-9.844758E+0
-1.029311E+1
-1.085759E+1
-1.156319E+1
-1.242902E+1
-1.349330E+1
-1.485893E+1
-1.665380E+1
-1.786949E+1
-1.698896E+1
-1.567331E+1
-1.448555E+1
-1.356680E+1
-1.281563E+1
-1.221734E+1
-1.184837E+1
-1.159259E+1
-1.147499E+1
-1.150439E+1
-1.171607E+1
-1.209974E+1
-1.286855E+1
-1.426799E+1
-2.088005E+1
-2.088005E+1
-2.088005E+1
-2.088005E+1
-2.088005E+1
-2.088005E+1
-2.088005E+1
-2.088005E+1
-2.088005E+1
-2.088005E+1
-2.088005E+1
-1.276271E+1
-1.108397E+1
-1.008731E+1
-9.396408E+0
-8.889258E+0
-8.515878E+0
-8.246868E+0
-8.067528E+0
-7.979328E+0
-7.969038E+0
-8.038128E+0
-8.183658E+0
-8.414448E+0
-8.721678E+0
-9.108288E+0
-9.543408E+0
-9.999108E+0
-1.039454E+1
-1.067237E+1
-1.079438E+1
-1.073264E+1
-1.057535E+1
-1.041218E+1
-1.029311E+1
-1.024313E+1
-1.025930E+1
-1.034309E+1
-1.044746E+1
-1.057535E+1
-1.067237E+1
-1.065326E+1
-1.055624E+1
-1.036073E+1
-1.014905E+1
-9.913848E+0
-9.713928E+0
-9.555168E+0
-9.462558E+0
-9.428748E+0
-9.450798E+0
-9.543408E+0
-9.702168E+0
-9.955008E+0
-1.030928E+1
-1.079438E+1
-1.150439E+1
-1.256573E+1
-1.460315E+1
-2.088005E+1
-2.088005E+1
-2.088005E+1
-2.088005E+1
-2.088005E+1
-2.088005E+1
-2.088005E+1
-1.698896E+1
-1.587911E+1
-1.636421E+1
-1.937477E+1
-2.088005E+1
-2.088005E+1
-2.088005E+1
-2.088005E+1
-2.088005E+1
-2.088005E+1
-2.088005E+1
-2.088005E+1
-2.088005E+1
-2.088005E+1
-2.088005E+1
-2.088005E+1
-2.088005E+1
-2.088005E+1
-2.088005E+1
-2.088005E+1
-2.088005E+1
-2.088005E+1
-2.088005E+1
-2.088005E+1
-2.088005E+1
-2.088005E+1
-1.698896E+1
-1.448555E+1
-1.389020E+1
-1.372262E+1
-1.389020E+1
-1.437383E+1
-1.499858E+1
-1.567331E+1
-1.665380E+1
-1.849424E+1
-2.088005E+1
-2.088005E+1
-2.088005E+1
-2.088005E+1
-2.088005E+1
-2.088005E+1
-2.088005E+1
-2.088005E+1
-2.088005E+1
-2.088005E+1
-2.088005E+1
-2.088005E+1
-2.088005E+1
-2.088005E+1
-2.088005E+1
-2.088005E+1
-2.088005E+1
-1.587911E+1
-1.303907E+1
-1.171607E+1
-1.085759E+1
-1.024313E+1
-9.805068E+0
-9.496368E+0
-9.299388E+0
-9.186198E+0
-9.147978E+0
-9.147978E+0
-9.147978E+0
-9.127398E+0
-9.061248E+0
-8.950998E+0
-8.803998E+0
-8.643768E+0
-8.493828E+0
-8.380638E+0
-8.339478E+0
-8.367408E+0
-8.486478E+0
-8.690808E+0
-9.005388E+0
-9.462558E+0
-1.011818E+1
-1.106045E+1
-1.271273E+1
-2.088005E+1
-2.088005E+1
-2.088005E+1
-2.088005E+1
-2.088005E+1
-2.088005E+1
-2.088005E+1
-2.088005E+1
-2.088005E+1
-2.088005E+1
-2.088005E+1
-2.088005E+1
-2.088005E+1
-2.088005E+1
-1.610843E+1
-1.499858E+1
-1.499858E+1
-1.567331E+1
-1.849424E+1
-2.088005E+1
-2.088005E+1
-2.088005E+1
-2.088005E+1
-2.088005E+1
-1.531022E+1
-1.356680E+1
-1.247312E+1
-1.174841E+1
-1.123244E+1
-1.087964E+1
-1.063268E+1
-1.044746E+1
-1.030928E+1
-1.017992E+1
-1.002851E+1
-9.857988E+0
-9.663948E+0
-9.440508E+0
-9.196488E+0
-8.968638E+0
-8.762838E+0
