Date/Time	2022-06-09 13:04:27
Line location	3
Line name	C1
OTDR wavelength [nm]	1625
OTDR pulse duration [ns]	2
OTDR scan time [s]	10
OTDR scan length [m]	1.500000E+2
Length offset [m]	0.000000E+0
Length increment [m]	3.996806E-2
Switch ID	VIAVI Solutions,OTU 8000E,11654,FO,16.76
OTDR ID	JDSU,OTU 8000E,11654,OTU(SmartOTU),V7.22

Reflected amplitude [dB]
1.307602E+0
1.220872E+0
1.132672E+0
1.054762E+0
9.915520E-1
9.606820E-1
9.900820E-1
1.104742E+0
1.295842E+0
1.532512E+0
1.788292E+0
2.035252E+0
2.251342E+0
2.423332E+0
2.551222E+0
2.642362E+0
2.698222E+0
2.711452E+0
2.680582E+0
2.611492E+0
2.511532E+0
2.383642E+0
2.232232E+0
2.069062E+0
1.897072E+0
1.705972E+0
1.492822E+0
1.279672E+0
1.082692E+0
9.048220E-1
7.401820E-1
5.902420E-1
4.623520E-1
3.565120E-1
2.712520E-1
1.992220E-1
1.404220E-1
9.044200E-2
4.781200E-2
1.106200E-2
-1.980800E-2
-4.479800E-2
-6.537800E-2
-8.007800E-2
-9.183800E-2
-9.918800E-2
-1.065380E-1
-1.109480E-1
-1.153580E-1
-1.227080E-1
-1.315280E-1
-1.418180E-1
-1.565180E-1
-1.726880E-1
-1.903280E-1
-2.094380E-1
-2.300180E-1
-2.505980E-1
-2.697080E-1
-2.888180E-1
-3.093980E-1
-3.285080E-1
-3.476180E-1
-3.652580E-1
-3.814280E-1
-3.931880E-1
-4.005380E-1
-4.034780E-1
-3.975980E-1
-3.873080E-1
-3.711380E-1
-3.490880E-1
-3.240980E-1
-2.976380E-1
-2.711780E-1
-2.461880E-1
-2.241380E-1
-2.050280E-1
-1.903280E-1
-1.815080E-1
-1.770980E-1
-1.770980E-1
-1.815080E-1
-1.903280E-1
-2.035580E-1
-2.167880E-1
-2.329580E-1
-2.505980E-1
-2.697080E-1
-2.902880E-1
-3.108680E-1
-3.314480E-1
-3.534980E-1
-3.770180E-1
-3.975980E-1
-4.196480E-1
-4.402280E-1
-4.593380E-1
-4.784480E-1
-4.960880E-1
-5.137280E-1
-5.313680E-1
-5.475380E-1
-5.622380E-1
-5.754680E-1
-5.857580E-1
-5.960480E-1
-6.019280E-1
-6.078080E-1
-6.107480E-1
-6.122180E-1
-6.136880E-1
-6.151580E-1
-6.151580E-1
-6.166280E-1
-6.195680E-1
-6.210380E-1
-6.239780E-1
-6.283880E-1
-6.298580E-1
-6.313280E-1
-6.327980E-1
-6.313280E-1
-6.269180E-1
-6.225080E-1
-6.166280E-1
-6.092780E-1
-6.033980E-1
-5.975180E-1
-5.916380E-1
-5.886980E-1
-5.872280E-1
-5.872280E-1
-5.872280E-1
-5.901680E-1
-5.931080E-1
-5.975180E-1
-6.033980E-1
-6.092780E-1
-6.151580E-1
-6.195680E-1
-6.210380E-1
-6.180980E-1
-6.107480E-1
-5.989880E-1
-5.813480E-1
-5.504780E-1
-4.931480E-1
-4.196480E-1
-3.446780E-1
-2.608880E-1
-1.491680E-1
-2.715800E-2
8.015200E-2
1.668820E-1
2.345020E-1
2.844820E-1
3.182920E-1
3.403420E-1
3.506320E-1
3.535720E-1
3.432820E-1
3.153520E-1
2.653720E-1
1.962820E-1
1.183720E-1
4.193200E-2
-2.715800E-2
-9.183800E-2
-1.506380E-1
-2.035580E-1
-2.520680E-1
-2.932280E-1
-3.285080E-1
-3.579080E-1
-3.799580E-1
-3.975980E-1
-4.108280E-1
-4.196480E-1
-4.269980E-1
-4.328780E-1
-4.372880E-1
-4.416980E-1
-4.461080E-1
-4.519880E-1
-4.563980E-1
-4.622780E-1
-4.666880E-1
-4.710980E-1
-4.755080E-1
-4.799180E-1
-4.843280E-1
-4.872680E-1
-4.887380E-1
-4.902080E-1
-4.931480E-1
-4.946180E-1
-4.960880E-1
-4.975580E-1
-4.990280E-1
-4.990280E-1
-4.975580E-1
-4.946180E-1
-4.902080E-1
-4.843280E-1
-4.784480E-1
-4.710980E-1
-4.666880E-1
-4.637480E-1
-4.622780E-1
-4.622780E-1
-4.622780E-1
-4.622780E-1
-4.608080E-1
-4.563980E-1
-4.490480E-1
-4.416980E-1
-4.299380E-1
-4.196480E-1
-4.078880E-1
-3.946580E-1
-3.843680E-1
-3.726080E-1
-3.623180E-1
-3.520280E-1
-3.432080E-1
-3.387980E-1
-3.358580E-1
-3.373280E-1
-3.446780E-1
-3.564380E-1
-3.726080E-1
-3.917180E-1
-4.122980E-1
-4.328780E-1
-4.534580E-1
-4.696280E-1
-4.828580E-1
-4.902080E-1
-4.946180E-1
-4.931480E-1
-4.887380E-1
-4.799180E-1
-4.696280E-1
-4.578680E-1
-4.461080E-1
-4.358180E-1
-4.284680E-1
-4.240580E-1
-4.240580E-1
-4.284680E-1
-4.372880E-1
-4.490480E-1
-4.637480E-1
-4.784480E-1
-4.902080E-1
-5.004980E-1
-5.078480E-1
-5.107880E-1
-5.093180E-1
-5.063780E-1
-5.019680E-1
-4.960880E-1
-4.887380E-1
-4.813880E-1
-4.755080E-1
-4.696280E-1
-4.666880E-1
-4.652180E-1
-4.652180E-1
-4.666880E-1
-4.681580E-1
-4.725680E-1
-4.755080E-1
-4.769780E-1
-4.769780E-1
-4.755080E-1
-4.740380E-1
-4.696280E-1
-4.666880E-1
-4.637480E-1
-4.622780E-1
-4.608080E-1
-4.593380E-1
-4.593380E-1
-4.593380E-1
-4.578680E-1
-4.563980E-1
-4.563980E-1
-4.563980E-1
-4.578680E-1
-4.608080E-1
-4.666880E-1
-4.740380E-1
-4.843280E-1
-4.960880E-1
-5.078480E-1
-5.196080E-1
-5.298980E-1
-5.387180E-1
-5.475380E-1
-5.534180E-1
-5.578280E-1
-5.592980E-1
-5.592980E-1
-5.578280E-1
-5.548880E-1
-5.490080E-1
-5.401880E-1
-5.313680E-1
-5.196080E-1
-5.078480E-1
-4.960880E-1
-4.843280E-1
-4.755080E-1
-4.666880E-1
-4.622780E-1
-4.593380E-1
-4.593380E-1
-4.637480E-1
-4.681580E-1
-4.755080E-1
-4.843280E-1
-4.931480E-1
-5.034380E-1
-5.122580E-1
-5.196080E-1
-5.254880E-1
-5.298980E-1
-5.313680E-1
-5.298980E-1
-5.269580E-1
-5.210780E-1
-5.137280E-1
-5.063780E-1
-4.975580E-1
-4.887380E-1
-4.813880E-1
-4.740380E-1
-4.681580E-1
-4.637480E-1
-4.593380E-1
-4.563980E-1
-4.534580E-1
-4.519880E-1
-4.490480E-1
-4.461080E-1
-4.416980E-1
-4.372880E-1
-4.314080E-1
-4.255280E-1
-4.196480E-1
-4.137680E-1
-4.108280E-1
-4.078880E-1
-4.078880E-1
-4.093580E-1
-4.122980E-1
-4.181780E-1
-4.240580E-1
-4.328780E-1
-4.431680E-1
-4.563980E-1
-4.696280E-1
-4.857980E-1
-5.019680E-1
-5.196080E-1
-5.343080E-1
-5.490080E-1
-5.607680E-1
-5.695880E-1
-5.769380E-1
-5.798780E-1
-5.828180E-1
-5.828180E-1
-5.813480E-1
-5.769380E-1
-5.725280E-1
-5.666480E-1
-5.578280E-1
-5.475380E-1
-5.372480E-1
-5.269580E-1
-5.151980E-1
-5.049080E-1
-4.975580E-1
-4.916780E-1
-4.902080E-1
-4.902080E-1
-4.946180E-1
-5.004980E-1
-5.063780E-1
-5.137280E-1
-5.181380E-1
-5.210780E-1
-5.210780E-1
-5.181380E-1
-5.122580E-1
-5.049080E-1
-4.946180E-1
-4.843280E-1
-4.740380E-1
-4.637480E-1
-4.534580E-1
-4.446380E-1
-4.372880E-1
-4.314080E-1
-4.255280E-1
-4.211180E-1
-4.152380E-1
-4.122980E-1
-4.078880E-1
-4.034780E-1
-3.990680E-1
-3.961280E-1
-3.917180E-1
-3.887780E-1
-3.858380E-1
-3.843680E-1
-3.828980E-1
-3.828980E-1
-3.843680E-1
-3.873080E-1
-3.917180E-1
-3.975980E-1
-4.078880E-1
-4.181780E-1
-4.299380E-1
-4.416980E-1
-4.519880E-1
-4.622780E-1
-4.696280E-1
-4.755080E-1
-4.799180E-1
-4.813880E-1
-4.828580E-1
-4.828580E-1
-4.828580E-1
-4.828580E-1
-4.828580E-1
-4.843280E-1
-4.843280E-1
-4.828580E-1
-4.813880E-1
-4.784480E-1
-4.740380E-1
-4.696280E-1
-4.652180E-1
-4.608080E-1
-4.578680E-1
-4.563980E-1
-4.578680E-1
-4.622780E-1
-4.681580E-1
-4.755080E-1
-4.857980E-1
-4.946180E-1
-5.049080E-1
-5.151980E-1
-5.225480E-1
-5.284280E-1
-5.328380E-1
-5.343080E-1
-5.313680E-1
-5.269580E-1
-5.196080E-1
-5.093180E-1
-4.990280E-1
-4.872680E-1
-4.769780E-1
-4.681580E-1
-4.593380E-1
-4.534580E-1
-4.490480E-1
-4.446380E-1
-4.402280E-1
-4.372880E-1
-4.328780E-1
-4.269980E-1
-4.225880E-1
-4.167080E-1
-4.108280E-1
-4.064180E-1
-4.020080E-1
-3.975980E-1
-3.961280E-1
-3.961280E-1
-3.990680E-1
-4.020080E-1
-4.078880E-1
-4.152380E-1
-4.240580E-1
-4.328780E-1
-4.416980E-1
-4.505180E-1
-4.593380E-1
-4.666880E-1
-4.725680E-1
-4.784480E-1
-4.813880E-1
-4.828580E-1
-4.828580E-1
-4.828580E-1
-4.828580E-1
-4.843280E-1
-4.857980E-1
-4.887380E-1
-4.916780E-1
-4.946180E-1
-4.960880E-1
-4.960880E-1
-4.946180E-1
-4.916780E-1
-4.872680E-1
-4.813880E-1
-4.755080E-1
-4.710980E-1
-4.666880E-1
-4.622780E-1
-4.608080E-1
-4.593380E-1
-4.563980E-1
-4.563980E-1
-4.549280E-1
-4.549280E-1
-4.549280E-1
-4.563980E-1
-4.593380E-1
-4.622780E-1
-4.666880E-1
-4.740380E-1
-4.813880E-1
-4.916780E-1
-5.019680E-1
-5.122580E-1
-5.240180E-1
-5.343080E-1
-5.431280E-1
-5.490080E-1
-5.534180E-1
-5.563580E-1
-5.548880E-1
-5.534180E-1
-5.504780E-1
-5.460680E-1
-5.416580E-1
-5.387180E-1
-5.357780E-1
-5.343080E-1
-5.328380E-1
-5.328380E-1
-5.328380E-1
-5.343080E-1
-5.357780E-1
-5.387180E-1
-5.401880E-1
-5.416580E-1
-5.416580E-1
-5.401880E-1
-5.357780E-1
-5.313680E-1
-5.254880E-1
-5.181380E-1
-5.093180E-1
-5.019680E-1
-4.931480E-1
-4.872680E-1
-4.799180E-1
-4.755080E-1
-4.725680E-1
-4.710980E-1
-4.710980E-1
-4.725680E-1
-4.755080E-1
-4.784480E-1
-4.813880E-1
-4.843280E-1
-4.857980E-1
-4.857980E-1
-4.828580E-1
-4.784480E-1
-4.725680E-1
-4.681580E-1
-4.637480E-1
-4.622780E-1
-4.622780E-1
-4.666880E-1
-4.725680E-1
-4.813880E-1
-4.902080E-1
-4.975580E-1
-5.049080E-1
-5.107880E-1
-5.137280E-1
-5.166680E-1
-5.196080E-1
-5.225480E-1
-5.269580E-1
-5.328380E-1
-5.387180E-1
-5.460680E-1
-5.504780E-1
-5.534180E-1
-5.548880E-1
-5.548880E-1
-5.534180E-1
-5.519480E-1
-5.504780E-1
-5.490080E-1
-5.490080E-1
-5.504780E-1
-5.504780E-1
-5.504780E-1
-5.504780E-1
-5.490080E-1
-5.475380E-1
-5.445980E-1
-5.416580E-1
-5.387180E-1
-5.357780E-1
-5.328380E-1
-5.298980E-1
-5.269580E-1
-5.225480E-1
-5.181380E-1
-5.122580E-1
-5.049080E-1
-4.990280E-1
-4.931480E-1
-4.872680E-1
-4.857980E-1
-4.843280E-1
-4.857980E-1
-4.902080E-1
-4.946180E-1
-4.990280E-1
-5.034380E-1
-5.078480E-1
-5.093180E-1
-5.107880E-1
-5.107880E-1
-5.093180E-1
-5.078480E-1
-5.049080E-1
-5.004980E-1
-4.960880E-1
-4.916780E-1
-4.857980E-1
-4.813880E-1
-4.755080E-1
-4.696280E-1
-4.652180E-1
-4.608080E-1
-4.578680E-1
-4.563980E-1
-4.549280E-1
-4.563980E-1
-4.593380E-1
-4.622780E-1
-4.681580E-1
-4.740380E-1
-4.813880E-1
-4.887380E-1
-4.946180E-1
-5.019680E-1
-5.063780E-1
-5.122580E-1
-5.151980E-1
-5.196080E-1
-5.225480E-1
-5.254880E-1
-5.284280E-1
-5.313680E-1
-5.357780E-1
-5.372480E-1
-5.401880E-1
-5.401880E-1
-5.387180E-1
-5.357780E-1
-5.298980E-1
-5.240180E-1
-5.166680E-1
-5.093180E-1
-5.019680E-1
-4.975580E-1
-4.931480E-1
-4.887380E-1
-4.872680E-1
-4.843280E-1
-4.799180E-1
-4.755080E-1
-4.710980E-1
-4.652180E-1
-4.608080E-1
-4.563980E-1
-4.549280E-1
-4.549280E-1
-4.593380E-1
-4.637480E-1
-4.710980E-1
-4.769780E-1
-4.813880E-1
-4.843280E-1
-4.843280E-1
-4.828580E-1
-4.784480E-1
-4.755080E-1
-4.725680E-1
-4.710980E-1
-4.725680E-1
-4.784480E-1
-4.857980E-1
-4.960880E-1
-5.078480E-1
-5.181380E-1
-5.284280E-1
-5.357780E-1
-5.401880E-1
-5.416580E-1
-5.401880E-1
-5.357780E-1
-5.284280E-1
-5.210780E-1
-5.122580E-1
-5.034380E-1
-4.960880E-1
-4.902080E-1
-4.857980E-1
-4.843280E-1
-4.828580E-1
-4.828580E-1
-4.843280E-1
-4.857980E-1
-4.857980E-1
-4.872680E-1
-4.872680E-1
-4.887380E-1
-4.902080E-1
-4.916780E-1
-4.946180E-1
-4.975580E-1
-5.034380E-1
-5.107880E-1
-5.181380E-1
-5.254880E-1
-5.328380E-1
-5.401880E-1
-5.445980E-1
-5.475380E-1
-5.490080E-1
-5.475380E-1
-5.445980E-1
-5.401880E-1
-5.357780E-1
-5.313680E-1
-5.284280E-1
-5.269580E-1
-5.269580E-1
-5.284280E-1
-5.313680E-1
-5.357780E-1
-5.416580E-1
-5.475380E-1
-5.519480E-1
-5.563580E-1
-5.578280E-1
-5.563580E-1
-5.504780E-1
-5.431280E-1
-5.343080E-1
-5.240180E-1
-5.137280E-1
-5.034380E-1
-4.960880E-1
-4.902080E-1
-4.872680E-1
-4.857980E-1
-4.857980E-1
-4.857980E-1
-4.887380E-1
-4.887380E-1
-4.916780E-1
-4.931480E-1
-4.946180E-1
-4.960880E-1
-4.990280E-1
-5.004980E-1
-5.034380E-1
-5.049080E-1
-5.049080E-1
-5.049080E-1
-5.034380E-1
-5.004980E-1
-4.960880E-1
-4.916780E-1
-4.872680E-1
-4.813880E-1
-4.755080E-1
-4.710980E-1
-4.666880E-1
-4.637480E-1
-4.622780E-1
-4.622780E-1
-4.622780E-1
-4.652180E-1
-4.681580E-1
-4.725680E-1
-4.784480E-1
-4.843280E-1
-4.916780E-1
-4.990280E-1
-5.078480E-1
-5.151980E-1
-5.225480E-1
-5.298980E-1
-5.343080E-1
-5.387180E-1
-5.401880E-1
-5.401880E-1
-5.387180E-1
-5.387180E-1
-5.372480E-1
-5.372480E-1
-5.372480E-1
-5.387180E-1
-5.416580E-1
-5.431280E-1
-5.431280E-1
-5.445980E-1
-5.460680E-1
-5.460680E-1
-5.460680E-1
-5.460680E-1
-5.460680E-1
-5.460680E-1
-5.445980E-1
-5.445980E-1
-5.431280E-1
-5.416580E-1
-5.416580E-1
-5.401880E-1
-5.416580E-1
-5.416580E-1
-5.445980E-1
-5.475380E-1
-5.490080E-1
-5.519480E-1
-5.519480E-1
-5.490080E-1
-5.445980E-1
-5.372480E-1
-5.269580E-1
-5.151980E-1
-5.019680E-1
-4.872680E-1
-4.740380E-1
-4.622780E-1
-4.519880E-1
-4.446380E-1
-4.402280E-1
-4.372880E-1
-4.372880E-1
-4.387580E-1
-4.416980E-1
-4.461080E-1
-4.505180E-1
-4.549280E-1
-4.593380E-1
-4.622780E-1
-4.652180E-1
-4.681580E-1
-4.696280E-1
-4.696280E-1
-4.681580E-1
-4.666880E-1
-4.637480E-1
-4.608080E-1
-4.593380E-1
-4.578680E-1
-4.593380E-1
-4.622780E-1
-4.666880E-1
-4.740380E-1
-4.828580E-1
-4.946180E-1
-5.063780E-1
-5.210780E-1
-5.357780E-1
-5.504780E-1
-5.637080E-1
-5.754680E-1
-5.857580E-1
-5.945780E-1
-6.004580E-1
-6.019280E-1
-6.033980E-1
-6.019280E-1
-5.975180E-1
-5.916380E-1
-5.857580E-1
-5.769380E-1
-5.666480E-1
-5.563580E-1
-5.460680E-1
-5.357780E-1
-5.284280E-1
-5.210780E-1
-5.181380E-1
-5.166680E-1
-5.166680E-1
-5.210780E-1
-5.240180E-1
-5.284280E-1
-5.313680E-1
-5.313680E-1
-5.313680E-1
-5.269580E-1
-5.210780E-1
-5.137280E-1
-5.063780E-1
-5.004980E-1
-4.975580E-1
-4.960880E-1
-4.990280E-1
-5.049080E-1
-5.122580E-1
-5.196080E-1
-5.254880E-1
-5.298980E-1
-5.313680E-1
-5.284280E-1
-5.225480E-1
-5.122580E-1
-5.019680E-1
-4.902080E-1
-4.799180E-1
-4.710980E-1
-4.666880E-1
-4.652180E-1
-4.666880E-1
-4.710980E-1
-4.784480E-1
-4.857980E-1
-4.916780E-1
-4.960880E-1
-4.975580E-1
-4.960880E-1
-4.916780E-1
-4.857980E-1
-4.784480E-1
-4.696280E-1
-4.608080E-1
-4.534580E-1
-4.475780E-1
-4.431680E-1
-4.416980E-1
-4.431680E-1
-4.461080E-1
-4.519880E-1
-4.608080E-1
-4.710980E-1
-4.813880E-1
-4.931480E-1
-5.034380E-1
-5.122580E-1
-5.196080E-1
-5.240180E-1
-5.254880E-1
-5.254880E-1
-5.225480E-1
-5.166680E-1
-5.107880E-1
-5.019680E-1
-4.946180E-1
-4.857980E-1
-4.769780E-1
-4.696280E-1
-4.637480E-1
-4.578680E-1
-4.549280E-1
-4.519880E-1
-4.505180E-1
-4.475780E-1
-4.461080E-1
-4.461080E-1
-4.446380E-1
-4.431680E-1
-4.431680E-1
-4.446380E-1
-4.475780E-1
-4.519880E-1
-4.593380E-1
-4.666880E-1
-4.755080E-1
-4.843280E-1
-4.960880E-1
-5.063780E-1
-5.166680E-1
-5.269580E-1
-5.357780E-1
-5.445980E-1
-5.490080E-1
-5.534180E-1
-5.548880E-1
-5.563580E-1
-5.548880E-1
-5.534180E-1
-5.519480E-1
-5.504780E-1
-5.490080E-1
-5.475380E-1
-5.445980E-1
-5.416580E-1
-5.372480E-1
-5.313680E-1
-5.225480E-1
-5.151980E-1
-5.049080E-1
-4.946180E-1
-4.813880E-1
-4.681580E-1
-4.549280E-1
-4.387580E-1
-4.240580E-1
-4.108280E-1
-4.005380E-1
-3.917180E-1
-3.887780E-1
-3.917180E-1
-4.005380E-1
-4.137680E-1
-4.358180E-1
-4.622780E-1
-4.960880E-1
-5.372480E-1
-5.828180E-1
-6.372080E-1
-6.960080E-1
-7.606880E-1
-8.297780E-1
-9.018080E-1
-9.753080E-1
-1.048808E+0
-1.119368E+0
-1.185518E+0
-1.248728E+0
-1.306058E+0
-1.358978E+0
-1.407488E+0
-1.453058E+0
-1.494218E+0
-1.532438E+0
-1.567718E+0
-1.598588E+0
-1.626518E+0
-1.652978E+0
-1.675028E+0
-1.695608E+0
-1.714718E+0
-1.730888E+0
-1.745588E+0
-1.757348E+0
-1.766168E+0
-1.770578E+0
-1.773518E+0
-1.773518E+0
-1.770578E+0
-1.767638E+0
-1.763228E+0
-1.758818E+0
-1.752938E+0
-1.749998E+0
-1.744118E+0
-1.741178E+0
-1.736768E+0
-1.733828E+0
-1.732358E+0
-1.732358E+0
-1.732358E+0
-1.733828E+0
-1.735298E+0
-1.738238E+0
-1.739708E+0
-1.741178E+0
-1.742648E+0
-1.742648E+0
-1.741178E+0
-1.741178E+0
-1.739708E+0
-1.736768E+0
-1.732358E+0
-1.726478E+0
-1.720598E+0
-1.713248E+0
-1.705898E+0
-1.700018E+0
-1.694138E+0
-1.691198E+0
-1.692668E+0
-1.697078E+0
-1.704428E+0
-1.716188E+0
-1.730888E+0
-1.751468E+0
-1.773518E+0
-1.798508E+0
-1.824968E+0
-1.852898E+0
-1.880828E+0
-1.905818E+0
-1.929338E+0
-1.951388E+0
-1.970498E+0
-1.989608E+0
-2.005778E+0
-2.021948E+0
-2.036648E+0
-2.049878E+0
-2.061638E+0
-2.070458E+0
-2.073398E+0
-2.073398E+0
-2.068988E+0
-2.060168E+0
-2.048408E+0
-2.035178E+0
-2.020478E+0
-2.005778E+0
-1.994018E+0
-1.985198E+0
-1.977848E+0
-1.973438E+0
-1.971968E+0
-1.973438E+0
-1.977848E+0
-1.985198E+0
-1.994018E+0
-2.007248E+0
-2.020478E+0
-2.036648E+0
-2.051348E+0
-2.066048E+0
-2.080748E+0
-2.093978E+0
-2.107208E+0
-2.118968E+0
-2.130728E+0
-2.142488E+0
-2.152778E+0
-2.161598E+0
-2.168948E+0
-2.176298E+0
-2.180708E+0
-2.185118E+0
-2.186588E+0
-2.186588E+0
-2.182178E+0
-2.176298E+0
-2.167478E+0
-2.157188E+0
-2.145428E+0
-2.135138E+0
-2.126318E+0
-2.118968E+0
-2.117498E+0
-2.117498E+0
-2.121908E+0
-2.129258E+0
-2.139548E+0
-2.149838E+0
-2.161598E+0
-2.171888E+0
-2.180708E+0
-2.188058E+0
-2.192468E+0
-2.192468E+0
-2.188058E+0
-2.180708E+0
-2.168948E+0
-2.155718E+0
-2.138078E+0
-2.123378E+0
-2.110148E+0
-2.104268E+0
-2.104268E+0
-2.113088E+0
-2.130728E+0
-2.157188E+0
-2.188058E+0
-2.221868E+0
-2.255678E+0
-2.283608E+0
-2.304188E+0
-2.313008E+0
-2.311538E+0
-2.301248E+0
-2.285078E+0
-2.264498E+0
-2.246858E+0
-2.232158E+0
-2.226278E+0
-2.229218E+0
-2.239508E+0
-2.260088E+0
-2.286548E+0
-2.317418E+0
-2.349758E+0
-2.379158E+0
-2.405618E+0
-2.424728E+0
-2.436488E+0
-2.442368E+0
-2.445308E+0
-2.445308E+0
-2.446778E+0
-2.452658E+0
-2.462948E+0
-2.479118E+0
-2.499698E+0
-2.520278E+0
-2.542328E+0
-2.558498E+0
-2.570258E+0
-2.574668E+0
-2.574668E+0
-2.570258E+0
-2.562908E+0
-2.555558E+0
-2.546738E+0
-2.542328E+0
-2.536448E+0
-2.530568E+0
-2.524688E+0
-2.518808E+0
-2.514398E+0
-2.509988E+0
-2.508518E+0
-2.509988E+0
-2.515868E+0
-2.524688E+0
-2.536448E+0
-2.551148E+0
-2.564378E+0
-2.577608E+0
-2.587898E+0
-2.595248E+0
-2.601128E+0
-2.604068E+0
-2.607008E+0
-2.607008E+0
-2.607008E+0
-2.604068E+0
-2.601128E+0
-2.592308E+0
-2.582018E+0
-2.567318E+0
-2.552618E+0
-2.534978E+0
-2.517338E+0
-2.499698E+0
-2.484998E+0
-2.473238E+0
-2.464418E+0
-2.455598E+0
-2.449718E+0
-2.445308E+0
-2.442368E+0
-2.439428E+0
-2.439428E+0
-2.439428E+0
-2.442368E+0
-2.446778E+0
-2.455598E+0
-2.468828E+0
-2.484998E+0
-2.505578E+0
-2.529098E+0
-2.552618E+0
-2.573198E+0
-2.590838E+0
-2.602598E+0
-2.607008E+0
-2.608478E+0
-2.605538E+0
-2.604068E+0
-2.605538E+0
-2.609948E+0
-2.620238E+0
-2.636408E+0
-2.655518E+0
-2.674628E+0
-2.690798E+0
-2.702558E+0
-2.706968E+0
-2.704028E+0
-2.696678E+0
-2.686388E+0
-2.673158E+0
-2.661398E+0
-2.654048E+0
-2.651108E+0
-2.652578E+0
-2.655518E+0
-2.661398E+0
-2.665808E+0
-2.667278E+0
-2.667278E+0
-2.665808E+0
-2.664338E+0
-2.667278E+0
-2.677568E+0
-2.696678E+0
-2.724608E+0
-2.761358E+0
-2.802518E+0
-2.845148E+0
-2.884838E+0
-2.914238E+0
-2.933348E+0
-2.940698E+0
-2.937758E+0
-2.925998E+0
-2.909828E+0
-2.893658E+0
-2.878958E+0
-2.867198E+0
-2.858378E+0
-2.852498E+0
-2.849558E+0
-2.849558E+0
-2.853968E+0
-2.862788E+0
-2.876018E+0
-2.895128E+0
-2.920118E+0
-2.949518E+0
-2.978918E+0
-3.011258E+0
-3.039188E+0
-3.062708E+0
-3.081818E+0
-3.096518E+0
-3.106808E+0
-3.115628E+0
-3.124448E+0
-3.133268E+0
-3.143558E+0
-3.153848E+0
-3.162668E+0
-3.167078E+0
-3.164138E+0
-3.155318E+0
-3.140618E+0
-3.121508E+0
-3.100928E+0
-3.083288E+0
-3.070058E+0
-3.064178E+0
-3.065648E+0
-3.072998E+0
-3.086228E+0
-3.100928E+0
-3.112688E+0
-3.121508E+0
-3.124448E+0
-3.117098E+0
-3.102398E+0
-3.081818E+0
-3.055358E+0
-3.027428E+0
-3.000968E+0
-2.977448E+0
-2.959808E+0
-2.949518E+0
-2.948048E+0
-2.955398E+0
-2.970098E+0
-2.992148E+0
-3.018608E+0
-3.050948E+0
-3.083288E+0
-3.115628E+0
-3.143558E+0
-3.168548E+0
-3.183248E+0
-3.189128E+0
-3.183248E+0
-3.170018E+0
-3.146498E+0
-3.117098E+0
-3.086228E+0
-3.056828E+0
-3.031838E+0
-3.017138E+0
-3.011258E+0
-3.015668E+0
-3.030368E+0
-3.049478E+0
-3.072998E+0
-3.092108E+0
-3.105338E+0
-3.109748E+0
-3.103868E+0
-3.090638E+0
-3.072998E+0
-3.053888E+0
-3.040658E+0
-3.031838E+0
-3.031838E+0
-3.036248E+0
-3.043598E+0
-3.048008E+0
-3.049478E+0
-3.045068E+0
-3.034778E+0
-3.020078E+0
-3.005378E+0
-2.995088E+0
-2.992148E+0
-2.998028E+0
-3.015668E+0
-3.042128E+0
-3.078878E+0
-3.121508E+0
-3.167078E+0
-3.214118E+0
-3.261158E+0
-3.303788E+0
-3.346418E+0
-3.386108E+0
-3.422858E+0
-3.459608E+0
-3.497828E+0
-3.536048E+0
-3.572798E+0
-3.608078E+0
-3.638948E+0
-3.663938E+0
-3.680108E+0
-3.687458E+0
-3.687458E+0
-3.678638E+0
-3.668348E+0
-3.656588E+0
-3.647768E+0
-3.638948E+0
-3.633068E+0
-3.627188E+0
-3.621308E+0
-3.611018E+0
-3.596318E+0
-3.581618E+0
-3.562508E+0
-3.546338E+0
-3.534578E+0
-3.525758E+0
-3.527228E+0
-3.537518E+0
-3.556628E+0
-3.580148E+0
-3.608078E+0
-3.636008E+0
-3.660998E+0
-3.677168E+0
-3.683048E+0
-3.674228E+0
-3.655118E+0
-3.622778E+0
-3.581618E+0
-3.538988E+0
-3.496358E+0
-3.459608E+0
-3.431678E+0
-3.415508E+0
-3.414038E+0
-3.428738E+0
-3.455198E+0
-3.493418E+0
-3.541928E+0
-3.596318E+0
-3.652178E+0
-3.703628E+0
-3.749198E+0
-3.784478E+0
-3.806528E+0
-3.816818E+0
-3.816818E+0
-3.807998E+0
-3.797708E+0
-3.788888E+0
-3.783008E+0
-3.785948E+0
-3.793298E+0
-3.806528E+0
-3.819758E+0
-3.828578E+0
-3.828578E+0
-3.818288E+0
-3.797708E+0
-3.769778E+0
-3.737438E+0
-3.705098E+0
-3.678638E+0
-3.658058E+0
-3.646298E+0
-3.643358E+0
-3.647768E+0
-3.658058E+0
-3.672758E+0
-3.688928E+0
-3.705098E+0
-3.724208E+0
-3.738908E+0
-3.753608E+0
-3.766838E+0
-3.777128E+0
-3.788888E+0
-3.797708E+0
-3.807998E+0
-3.818288E+0
-3.825638E+0
-3.832988E+0
-3.832988E+0
-3.830048E+0
-3.822698E+0
-3.809468E+0
-3.791828E+0
-3.774188E+0
-3.755078E+0
-3.737438E+0
-3.724208E+0
-3.712448E+0
-3.705098E+0
-3.700688E+0
-3.697748E+0
-3.696278E+0
-3.693338E+0
-3.688928E+0
-3.683048E+0
-3.678638E+0
-3.672758E+0
-3.671288E+0
-3.671288E+0
-3.674228E+0
-3.684518E+0
-3.697748E+0
-3.715388E+0
-3.733028E+0
-3.753608E+0
-3.775658E+0
-3.797708E+0
-3.822698E+0
-3.846218E+0
-3.871208E+0
-3.896198E+0
-3.918248E+0
-3.937358E+0
-3.950588E+0
-3.959408E+0
-3.960878E+0
-3.956468E+0
-3.947648E+0
-3.937358E+0
-3.931478E+0
-3.930008E+0
-3.934418E+0
-3.946178E+0
-3.965288E+0
-3.994688E+0
-4.027028E+0
-4.063778E+0
-4.099058E+0
-4.132868E+0
-4.162268E+0
-4.184318E+0
-4.197548E+0
-4.200488E+0
-4.196078E+0
-4.182848E+0
-4.162268E+0
-4.135808E+0
-4.106408E+0
-4.077008E+0
-4.049078E+0
-4.022618E+0
-3.999098E+0
-3.981458E+0
-3.965288E+0
-3.957938E+0
-3.953528E+0
-3.956468E+0
-3.966758E+0
-3.987338E+0
-4.018208E+0
-4.054958E+0
-4.101998E+0
-4.156388E+0
-4.212248E+0
-4.268108E+0
-4.316618E+0
-4.353368E+0
-4.378358E+0
-4.384238E+0
-4.373948E+0
-4.348958E+0
-4.313678E+0
-4.271048E+0
-4.226948E+0
-4.184318E+0
-4.147568E+0
-4.115228E+0
-4.090238E+0
-4.072598E+0
-4.060838E+0
-4.054958E+0
-4.054958E+0
-4.063778E+0
-4.082888E+0
-4.109348E+0
-4.146098E+0
-4.191668E+0
-4.244588E+0
-4.300448E+0
-4.357778E+0
-4.410698E+0
-4.457738E+0
-4.494488E+0
-4.522418E+0
-4.540058E+0
-4.548878E+0
-4.548878E+0
-4.544468E+0
-4.532708E+0
-4.520948E+0
-4.510658E+0
-4.500368E+0
-4.497428E+0
-4.497428E+0
-4.503308E+0
-4.512128E+0
-4.522418E+0
-4.531238E+0
-4.531238E+0
-4.519478E+0
-4.494488E+0
-4.459208E+0
-4.412168E+0
-4.362188E+0
-4.309268E+0
-4.262228E+0
-4.226948E+0
-4.207838E+0
-4.204898E+0
-4.219598E+0
-4.247528E+0
-4.287218E+0
-4.329848E+0
-4.368068E+0
-4.397468E+0
-4.413638E+0
-4.418048E+0
-4.406288E+0
-4.384238E+0
-4.356308E+0
-4.326908E+0
-4.296038E+0
-4.271048E+0
-4.253408E+0
-4.243118E+0
-4.241648E+0
-4.248998E+0
-4.265168E+0
-4.288688E+0
-4.313678E+0
-4.340138E+0
-4.368068E+0
-4.393058E+0
-4.418048E+0
-4.440098E+0
-4.465088E+0
-4.490078E+0
-4.516538E+0
-4.538588E+0
-4.556228E+0
-4.562108E+0
-4.553288E+0
-4.532708E+0
-4.503308E+0
-4.470968E+0
-4.437158E+0
-4.412168E+0
-4.398938E+0
-4.401878E+0
-4.420988E+0
-4.451858E+0
-4.493018E+0
-4.544468E+0
-4.597388E+0
-4.650308E+0
-4.703228E+0
-4.748798E+0
-4.785548E+0
-4.812008E+0
-4.823768E+0
-4.822298E+0
-4.806128E+0
-4.776728E+0
-4.738508E+0
-4.698818E+0
-4.659128E+0
-4.625318E+0
-4.595918E+0
-4.575338E+0
-4.565048E+0
-4.557698E+0
-4.554758E+0
-4.550348E+0
-4.547408E+0
-4.544468E+0
-4.535648E+0
-4.526828E+0
-4.513598E+0
-4.501838E+0
-4.488608E+0
-4.472438E+0
-4.456268E+0
-4.435688E+0
-4.415108E+0
-4.397468E+0
-4.381298E+0
-4.372478E+0
-4.378358E+0
-4.394528E+0
-4.428338E+0
-4.479788E+0
-4.548878E+0
-4.632668E+0
-4.725278E+0
-4.825238E+0
-4.922258E+0
-5.008988E+0
-5.082488E+0
-5.138348E+0
-5.172158E+0
-5.191268E+0
-5.201558E+0
-5.203028E+0
-5.210378E+0
-5.222138E+0
-5.244188E+0
-5.276528E+0
-5.311808E+0
-5.348558E+0
-5.379428E+0
-5.398538E+0
-5.395598E+0
-5.369138E+0
-5.323568E+0
-5.269178E+0
-5.205968E+0
-5.147168E+0
-5.103068E+0
-5.081018E+0
-5.082488E+0
-5.107478E+0
-5.151578E+0
-5.208908E+0
-5.269178E+0
-5.323568E+0
-5.364728E+0
-5.385308E+0
-5.388248E+0
-5.377958E+0
-5.364728E+0
-5.351498E+0
-5.344148E+0
-5.338268E+0
-5.333858E+0
-5.313278E+0
-5.266238E+0
-5.183918E+0
-5.067788E+0
-4.922258E+0
-4.767908E+0
-4.615028E+0
-4.366598E+0
-3.790358E+0
-2.974508E+0
-2.092508E+0
-1.241378E+0
-5.284280E-1
4.634200E-2
5.167420E-1
8.754220E-1
1.131202E+0
1.309072E+0
1.431082E+0
1.508992E+0
1.535452E+0
1.514872E+0
1.451662E+0
1.337002E+0
1.162072E+0
9.268720E-1
6.225820E-1
2.550820E-1
-1.521080E-1
-5.857580E-1
-1.037048E+0
-1.500098E+0
-1.983728E+0
-2.483528E+0
-2.980388E+0
-3.458138E+0
-3.913838E+0
-4.350428E+0
-4.773788E+0
-5.194208E+0
-5.617568E+0
-6.061508E+0
-6.530438E+0
-7.055228E+0
-7.650578E+0
-8.378228E+0
-9.330788E+0
-1.083607E+1
-1.577380E+1
-2.000005E+1
-2.000005E+1
-2.000005E+1
-2.000005E+1
-2.000005E+1
-2.000005E+1
-2.000005E+1
-2.000005E+1
-2.000005E+1
-2.000005E+1
-2.000005E+1
-2.000005E+1
-1.319101E+1
-1.022749E+1
-9.089708E+0
-8.494358E+0
-8.190068E+0
-8.079818E+0
-8.143028E+0
-8.367938E+0
-8.747198E+0
-9.316088E+0
-1.010989E+1
-1.129765E+1
-1.349383E+1
-2.000005E+1
-2.000005E+1
-2.000005E+1
-2.000005E+1
-2.000005E+1
-2.000005E+1
-2.000005E+1
-2.000005E+1
-2.000005E+1
-2.000005E+1
-2.000005E+1
-2.000005E+1
-2.000005E+1
-2.000005E+1
-2.000005E+1
-2.000005E+1
-2.000005E+1
-2.000005E+1
-2.000005E+1
-2.000005E+1
-1.548421E+1
-1.384663E+1
-1.338799E+1
-1.372315E+1
-1.548421E+1
-2.000005E+1
-2.000005E+1
-2.000005E+1
-2.000005E+1
-2.000005E+1
-2.000005E+1
-2.000005E+1
-2.000005E+1
-2.000005E+1
-2.000005E+1
-2.000005E+1
-2.000005E+1
-2.000005E+1
-2.000005E+1
-2.000005E+1
-2.000005E+1
-2.000005E+1
-2.000005E+1
-2.000005E+1
-2.000005E+1
-2.000005E+1
-2.000005E+1
-2.000005E+1
-2.000005E+1
-2.000005E+1
-2.000005E+1
-2.000005E+1
-2.000005E+1
-2.000005E+1
-2.000005E+1
-2.000005E+1
-2.000005E+1
-2.000005E+1
-1.548421E+1
-1.384663E+1
-1.276324E+1
-1.204441E+1
-1.146082E+1
-1.103746E+1
-1.071259E+1
-1.048327E+1
-1.035244E+1
-1.032745E+1
-1.037743E+1
-1.048327E+1
-1.059499E+1
-1.071259E+1
-1.077433E+1
-1.071259E+1
-1.051120E+1
-1.022749E+1
-9.977588E+0
-9.773258E+0
-9.621848E+0
-9.567458E+0
-9.585098E+0
-9.658598E+0
-9.752678E+0
-9.792368E+0
-9.695348E+0
-9.480728E+0
-9.192608E+0
-8.858918E+0
-8.548748E+0
-8.287088E+0
-8.107748E+0
-8.009258E+0
-7.991618E+0
-8.070998E+0
-8.219468E+0
-8.429678E+0
-8.698688E+0
-8.977988E+0
-9.252878E+0
-9.463088E+0
-9.549818E+0
-9.567458E+0
-9.496898E+0
-9.446918E+0
-9.413108E+0
-9.480728E+0
-9.658598E+0
-9.999638E+0
-1.056706E+1
-1.146082E+1
-1.301020E+1
-1.698949E+1
-2.000005E+1
-2.000005E+1
-2.000005E+1
-1.577380E+1
-1.261330E+1
-1.121974E+1
-1.040389E+1
-9.893798E+0
-9.639488E+0
-9.567458E+0
-9.714458E+0
-1.008784E+1
-1.068319E+1
-1.168573E+1
-1.360555E+1
-2.000005E+1
-2.000005E+1
-2.000005E+1
-2.000005E+1
-2.000005E+1
-1.577380E+1
-1.268680E+1
-1.137850E+1
-1.056706E+1
-1.002169E+1
-9.676238E+0
-9.480728E+0
-9.413108E+0
-9.496898E+0
-9.752678E+0
-1.027747E+1
-1.129765E+1
-1.397893E+1
-2.000005E+1
-2.000005E+1
-2.000005E+1
-2.000005E+1
-2.000005E+1
-2.000005E+1
-2.000005E+1
-2.000005E+1
-2.000005E+1
-2.000005E+1
-2.000005E+1
-2.000005E+1
-2.000005E+1
-2.000005E+1
-2.000005E+1
-2.000005E+1
-2.000005E+1
-1.761424E+1
-1.261330E+1
-1.150492E+1
-1.103746E+1
-1.086841E+1
-1.083607E+1
-1.093456E+1
-1.114477E+1
-1.137850E+1
-1.168573E+1
-1.204441E+1
-1.247365E+1
-1.301020E+1
-1.372315E+1
-1.460368E+1
-1.548421E+1
-1.610896E+1
-1.610896E+1
-1.499911E+1
-1.372315E+1
-1.254274E+1
-1.159312E+1
-1.083607E+1
-1.020397E+1
-9.695348E+0
-9.330788E+0
-9.089708E+0
-8.951528E+0
-8.911838E+0
-8.964758E+0
-9.104408E+0
-9.299918E+0
-9.514538E+0
-9.676238E+0
-9.733568E+0
-9.639488E+0
-9.413108E+0
-9.119108E+0
-8.795708E+0
-8.504648E+0
-8.257688E+0
-8.079818E+0
-7.966628E+0
-7.915178E+0
-7.932818E+0
-8.000438E+0
-8.125388E+0
-8.287088E+0
-8.482598E+0
-8.710448E+0
-8.964758E+0
-9.269048E+0
-9.585098E+0
-9.934958E+0
-1.032745E+1
-1.074346E+1
-1.110802E+1
-1.141966E+1
-1.154902E+1
-1.141966E+1
-1.118152E+1
-1.083607E+1
-1.048327E+1
-1.018045E+1
-9.977588E+0
-9.873218E+0
-9.914378E+0
-1.010989E+1
-1.048327E+1
-1.110802E+1
-1.210027E+1
-1.384663E+1
-2.000005E+1
-2.000005E+1
-2.000005E+1
-2.000005E+1
-1.849477E+1
-1.372315E+1
-1.227961E+1
-1.141966E+1
-1.083607E+1
-1.051120E+1
-1.030099E+1
-1.018045E+1
-1.015693E+1
-1.022749E+1
-1.037743E+1
-1.062439E+1
-1.096837E+1
-1.146082E+1
-1.210027E+1
-1.301020E+1
-1.443022E+1
-1.650439E+1
-2.000005E+1
-2.000005E+1
-2.000005E+1
-1.761424E+1
-1.650439E+1
-1.610896E+1
-1.849477E+1
-2.000005E+1
-2.000005E+1
-2.000005E+1
-2.000005E+1
-2.000005E+1
-2.000005E+1
-2.000005E+1
-2.000005E+1
-2.000005E+1
-2.000005E+1
-2.000005E+1
-2.000005E+1
-2.000005E+1
-2.000005E+1
-2.000005E+1
-2.000005E+1
-2.000005E+1
-2.000005E+1
-2.000005E+1
-2.000005E+1
-2.000005E+1
-2.000005E+1
-2.000005E+1
-2.000005E+1
-2.000005E+1
-2.000005E+1
-2.000005E+1
-2.000005E+1
-2.000005E+1
-2.000005E+1
-2.000005E+1
-2.000005E+1
-2.000005E+1
-2.000005E+1
-2.000005E+1
-2.000005E+1
-2.000005E+1
-2.000005E+1
-2.000005E+1
-2.000005E+1
-2.000005E+1
-2.000005E+1
-2.000005E+1
-2.000005E+1
-2.000005E+1
-2.000005E+1
-2.000005E+1
-2.000005E+1
-2.000005E+1
-2.000005E+1
-2.000005E+1
-2.000005E+1
-2.000005E+1
-2.000005E+1
-2.000005E+1
-2.000005E+1
-2.000005E+1
-2.000005E+1
-2.000005E+1
-2.000005E+1
-2.000005E+1
-2.000005E+1
-2.000005E+1
-2.000005E+1
-2.000005E+1
-1.328803E+1
-1.080520E+1
-9.733568E+0
-9.104408E+0
-8.710448E+0
-8.472308E+0
-8.367938E+0
-8.357648E+0
-8.439968E+0
-8.604608E+0
-8.872148E+0
-9.252878E+0
-9.752678E+0
-1.043035E+1
-1.141966E+1
-1.292494E+1
-1.698949E+1
-2.000005E+1
-2.000005E+1
-2.000005E+1
-2.000005E+1
-1.384663E+1
-1.173277E+1
-1.062439E+1
-9.893798E+0
-9.429278E+0
-9.163208E+0
-9.061778E+0
-9.119108E+0
-9.330788E+0
-9.695348E+0
-1.030099E+1
-1.121974E+1
-1.309840E+1
-2.000005E+1
-2.000005E+1
-2.000005E+1
-2.000005E+1
-2.000005E+1
-2.000005E+1
-2.000005E+1
-2.000005E+1
-2.000005E+1
-2.000005E+1
-2.000005E+1
-2.000005E+1
-2.000005E+1
-2.000005E+1
-2.000005E+1
-2.000005E+1
-2.000005E+1
-2.000005E+1
-2.000005E+1
-2.000005E+1
-2.000005E+1
-2.000005E+1
-2.000005E+1
-2.000005E+1
-2.000005E+1
-1.301020E+1
-1.159312E+1
-1.110802E+1
-1.107274E+1
-1.146082E+1
-1.234135E+1
-1.443022E+1
-2.000005E+1
-2.000005E+1
-2.000005E+1
-2.000005E+1
-2.000005E+1
-2.000005E+1
-2.000005E+1
-1.610896E+1
-1.372315E+1
-1.284262E+1
-1.240750E+1
-1.204441E+1
-1.183273E+1
-1.154902E+1
-1.125796E+1
-1.093456E+1
-1.059499E+1
-1.027747E+1
-1.002169E+1
-9.832058E+0
-9.733568E+0
-9.733568E+0
-9.852638E+0
-1.010989E+1
-1.053913E+1
-1.133734E+1
-1.284262E+1
-2.000005E+1
-2.000005E+1
-2.000005E+1
-2.000005E+1
-2.000005E+1
-2.000005E+1
-2.000005E+1
-2.000005E+1
-2.000005E+1
-2.000005E+1
-2.000005E+1
-2.000005E+1
-2.000005E+1
-2.000005E+1
-2.000005E+1
-2.000005E+1
-2.000005E+1
-2.000005E+1
-2.000005E+1
-1.372315E+1
-1.154902E+1
-1.040389E+1
-9.585098E+0
-8.964758E+0
-8.462018E+0
-8.035718E+0
-7.702028E+0
-7.433018E+0
-7.241918E+0
-7.116968E+0
-7.061108E+0
-7.089038E+0
-7.193408E+0
-7.406558E+0
-7.740248E+0
-8.238578E+0
-8.977988E+0
-1.020397E+1
-1.319101E+1
-2.000005E+1
-2.000005E+1
-2.000005E+1
-2.000005E+1
-2.000005E+1
-2.000005E+1
-2.000005E+1
-2.000005E+1
-2.000005E+1
-2.000005E+1
-2.000005E+1
-2.000005E+1
-2.000005E+1
-2.000005E+1
-2.000005E+1
-2.000005E+1
-2.000005E+1
-2.000005E+1
-2.000005E+1
-2.000005E+1
-2.000005E+1
-2.000005E+1
-2.000005E+1
-2.000005E+1
-2.000005E+1
-2.000005E+1
-2.000005E+1
-2.000005E+1
-2.000005E+1
-2.000005E+1
-2.000005E+1
-2.000005E+1
-2.000005E+1
-2.000005E+1
-2.000005E+1
-2.000005E+1
-2.000005E+1
-2.000005E+1
-2.000005E+1
-1.384663E+1
-1.183273E+1
-1.100218E+1
-1.051120E+1
-1.018045E+1
-9.914378E+0
-9.733568E+0
-9.585098E+0
-9.496898E+0
-9.429278E+0
-9.396938E+0
-9.379298E+0
-9.363128E+0
-9.330788E+0
-9.252878E+0
-9.148508E+0
-9.033848E+0
-8.925068E+0
-8.858918E+0
-8.833928E+0
-8.872148E+0
-8.964758E+0
-9.104408E+0
-9.283748E+0
-9.463088E+0
-9.621848E+0
-9.714458E+0
-9.752678E+0
-9.733568E+0
-9.695348E+0
-9.676238E+0
-9.695348E+0
-9.832058E+0
-1.008784E+1
-1.056706E+1
-1.141966E+1
-1.319101E+1
-2.000005E+1
-2.000005E+1
-2.000005E+1
-2.000005E+1
-2.000005E+1
-2.000005E+1
-2.000005E+1
-2.000005E+1
-2.000005E+1
-2.000005E+1
-2.000005E+1
-2.000005E+1
-2.000005E+1
-1.577380E+1
-1.479331E+1
-1.460368E+1
-1.548421E+1
-1.849477E+1
-2.000005E+1
-2.000005E+1
-2.000005E+1
-2.000005E+1
-2.000005E+1
-2.000005E+1
-2.000005E+1
-2.000005E+1
-2.000005E+1
-2.000005E+1
-2.000005E+1
-2.000005E+1
-2.000005E+1
-2.000005E+1
-2.000005E+1
-2.000005E+1
-2.000005E+1
-2.000005E+1
-2.000005E+1
-1.372315E+1
-1.121974E+1
-1.008784E+1
-9.396938E+0
-8.964758E+0
-8.722208E+0
-8.639888E+0
-8.722208E+0
-8.925068E+0
-9.252878E+0
-9.676238E+0
-1.013341E+1
-1.051120E+1
-1.068319E+1
-1.056706E+1
-1.018045E+1
-9.733568E+0
-9.316088E+0
-8.951528E+0
-8.663408E+0
-8.462018E+0
-8.337068E+0
-8.276798E+0
-8.267978E+0
-8.297378E+0
-8.367938E+0
-8.472308E+0
-8.616368E+0
-8.822168E+0
-9.104408E+0
-9.549818E+0
-1.022749E+1
-1.146082E+1
-1.577380E+1
-2.000005E+1
-2.000005E+1
-2.000005E+1
-2.000005E+1
-2.000005E+1
-2.000005E+1
-2.000005E+1
-2.000005E+1
-2.000005E+1
-2.000005E+1
-2.000005E+1
-2.000005E+1
-2.000005E+1
-2.000005E+1
-2.000005E+1
-2.000005E+1
-2.000005E+1
-2.000005E+1
-2.000005E+1
-1.849477E+1
-1.247365E+1
-1.118152E+1
-1.053913E+1
-1.025248E+1
-1.022749E+1
-1.043035E+1
-1.093456E+1
-1.188271E+1
-1.384663E+1
-2.000005E+1
-2.000005E+1
-2.000005E+1
-2.000005E+1
-2.000005E+1
-2.000005E+1
-2.000005E+1
-2.000005E+1
-2.000005E+1
-2.000005E+1
-2.000005E+1
-2.000005E+1
-1.254274E+1
-1.077433E+1
-9.773258E+0
-9.133808E+0
-8.686928E+0
-8.398808E+0
-8.219468E+0
-8.134208E+0
-8.125388E+0
-8.190068E+0
-8.326778E+0
-8.526698E+0
-8.795708E+0
-9.133808E+0
-9.567458E+0
-1.008784E+1
-1.065379E+1
-1.125796E+1
-1.183273E+1
-1.221787E+1
-1.227961E+1
-1.210027E+1
-1.168573E+1
-1.133734E+1
-1.103746E+1
-1.083607E+1
-1.077433E+1
-1.083607E+1
-1.107274E+1
-1.137850E+1
-1.178275E+1
-1.215907E+1
-1.227961E+1
-1.204441E+1
-1.150492E+1
-1.083607E+1
-1.022749E+1
-9.733568E+0
-9.346958E+0
-9.061778E+0
-8.885378E+0
-8.783948E+0
-8.747198E+0
-8.735438E+0
-8.722208E+0
-8.698688E+0
-8.639888E+0
-8.538458E+0
-8.419388E+0
-8.316488E+0
-8.238578E+0
-8.209178E+0
-8.238578E+0
-8.326778E+0
-8.482598E+0
-8.698688E+0
-8.964758E+0
-9.269048E+0
-9.602738E+0
-9.934958E+0
-1.025248E+1
-1.056706E+1
-1.086841E+1
-1.114477E+1
-1.146082E+1
-1.183273E+1
-1.227961E+1
-1.301020E+1
-1.426852E+1
-1.849477E+1
-2.000005E+1
-2.000005E+1
-2.000005E+1
-2.000005E+1
-2.000005E+1
-2.000005E+1
-2.000005E+1
-2.000005E+1
-2.000005E+1
-2.000005E+1
-2.000005E+1
-2.000005E+1
-2.000005E+1
-2.000005E+1
-2.000005E+1
-2.000005E+1
-2.000005E+1
-2.000005E+1
-2.000005E+1
-2.000005E+1
-2.000005E+1
-2.000005E+1
-2.000005E+1
-2.000005E+1
-2.000005E+1
-2.000005E+1
-2.000005E+1
-2.000005E+1
-2.000005E+1
-2.000005E+1
-2.000005E+1
-2.000005E+1
-2.000005E+1
-2.000005E+1
-1.460368E+1
-1.276324E+1
-1.183273E+1
-1.129765E+1
-1.100218E+1
-1.090222E+1
-1.107274E+1
-1.159312E+1
-1.284262E+1
-2.000005E+1
-2.000005E+1
-2.000005E+1
-2.000005E+1
-2.000005E+1
-2.000005E+1
-2.000005E+1
-2.000005E+1
-2.000005E+1
-2.000005E+1
-2.000005E+1
-1.443022E+1
-1.183273E+1
-1.090222E+1
-1.048327E+1
-1.032745E+1
-1.037743E+1
-1.065379E+1
-1.114477E+1
-1.210027E+1
-1.460368E+1
-2.000005E+1
-2.000005E+1
-2.000005E+1
-2.000005E+1
-2.000005E+1
-2.000005E+1
-2.000005E+1
-2.000005E+1
-2.000005E+1
-1.426852E+1
-1.032745E+1
-8.951528E+0
-8.107748E+0
-7.534448E+0
-7.134608E+0
-6.846488E+0
-6.652448E+0
-6.534848E+0
-6.486338E+0
-6.499568E+0
-6.583358E+0
-6.742118E+0
-6.983198E+0
-7.322768E+0
-7.787288E+0
-8.419388E+0
-9.316088E+0
-1.077433E+1
-1.499911E+1
-2.000005E+1
-2.000005E+1
-2.000005E+1
-2.000005E+1
-2.000005E+1
-2.000005E+1
-2.000005E+1
-2.000005E+1
-2.000005E+1
-2.000005E+1
-2.000005E+1
-2.000005E+1
-2.000005E+1
-2.000005E+1
-2.000005E+1
-2.000005E+1
-2.000005E+1
-2.000005E+1
-2.000005E+1
-2.000005E+1
-2.000005E+1
-2.000005E+1
-2.000005E+1
-2.000005E+1
-2.000005E+1
-2.000005E+1
-1.577380E+1
-1.349383E+1
-1.247365E+1
-1.198855E+1
-1.173277E+1
-1.173277E+1
-1.193563E+1
-1.240750E+1
-1.301020E+1
-1.397893E+1
-1.548421E+1
-1.849477E+1
-2.000005E+1
-2.000005E+1
-2.000005E+1
-2.000005E+1
-1.849477E+1
-1.548421E+1
-1.397893E+1
-1.301020E+1
-1.234135E+1
-1.193563E+1
-1.168573E+1
-1.159312E+1
-1.163869E+1
-1.188271E+1
-1.240750E+1
-1.319101E+1
-1.479331E+1
-2.000005E+1
-2.000005E+1
-2.000005E+1
-2.000005E+1
-2.000005E+1
-2.000005E+1
-2.000005E+1
-2.000005E+1
-2.000005E+1
-2.000005E+1
-2.000005E+1
-1.548421E+1
-1.338799E+1
-1.254274E+1
-1.215907E+1
-1.204441E+1
-1.215907E+1
-1.247365E+1
-1.301020E+1
-1.384663E+1
-1.610896E+1
-2.000005E+1
-2.000005E+1
-2.000005E+1
-2.000005E+1
-2.000005E+1
-2.000005E+1
-2.000005E+1
-2.000005E+1
-2.000005E+1
-2.000005E+1
-2.000005E+1
-2.000005E+1
-2.000005E+1
-2.000005E+1
-2.000005E+1
-2.000005E+1
-1.499911E+1
-1.210027E+1
-1.118152E+1
-1.077433E+1
-1.062439E+1
-1.071259E+1
-1.093456E+1
-1.133734E+1
-1.188271E+1
-1.254274E+1
-1.328803E+1
-1.411858E+1
-1.443022E+1
-1.411858E+1
-1.338799E+1
-1.254274E+1
-1.193563E+1
-1.141966E+1
-1.107274E+1
-1.080520E+1
-1.065379E+1
-1.056706E+1
-1.051120E+1
-1.045681E+1
-1.037743E+1
-1.027747E+1
-1.015693E+1
-1.002169E+1
-9.914378E+0
-9.832058E+0
-9.752678E+0
-9.733568E+0
-9.714458E+0
-9.714458E+0
-9.714458E+0
-9.695348E+0
-9.676238E+0
-9.695348E+0
-9.752678E+0
-9.852638E+0
-1.006579E+1
-1.043035E+1
-1.100218E+1
-1.188271E+1
-1.349383E+1
-2.000005E+1
-2.000005E+1
-2.000005E+1
-2.000005E+1
-2.000005E+1
-2.000005E+1
-2.000005E+1
-2.000005E+1
-2.000005E+1
-2.000005E+1
-2.000005E+1
-2.000005E+1
-2.000005E+1
-2.000005E+1
-2.000005E+1
-2.000005E+1
-2.000005E+1
-1.761424E+1
-1.268680E+1
-1.141966E+1
-1.074346E+1
-1.027747E+1
-9.955538E+0
-9.733568E+0
-9.602738E+0
-9.549818E+0
-9.567458E+0
-9.658598E+0
-9.832058E+0
-1.008784E+1
-1.037743E+1
-1.068319E+1
-1.093456E+1
-1.107274E+1
-1.103746E+1
-1.086841E+1
-1.059499E+1
-1.030099E+1
-9.999638E+0
-9.752678E+0
-9.567458E+0
-9.463088E+0
-9.446918E+0
-9.532178E+0
-9.733568E+0
-1.006579E+1
-1.059499E+1
-1.141966E+1
-1.268680E+1
-1.610896E+1
-2.000005E+1
-2.000005E+1
-2.000005E+1
-2.000005E+1
-2.000005E+1
-2.000005E+1
-1.443022E+1
-1.210027E+1
-1.086841E+1
-1.006579E+1
-9.463088E+0
-8.992688E+0
-8.651648E+0
-8.398808E+0
-8.228288E+0
-8.153318E+0
-8.143028E+0
-8.200358E+0
-8.316488E+0
-8.516408E+0
-8.783948E+0
-9.133808E+0
-9.602738E+0
-1.025248E+1
-1.121974E+1
-1.309840E+1
-2.000005E+1
-2.000005E+1
-2.000005E+1
-2.000005E+1
-2.000005E+1
-2.000005E+1
-2.000005E+1
-2.000005E+1
-2.000005E+1
-2.000005E+1
-2.000005E+1
-2.000005E+1
-2.000005E+1
-2.000005E+1
-2.000005E+1
-2.000005E+1
-2.000005E+1
-2.000005E+1
-2.000005E+1
-2.000005E+1
-2.000005E+1
-2.000005E+1
-2.000005E+1
-2.000005E+1
-2.000005E+1
-2.000005E+1
-2.000005E+1
-2.000005E+1
-2.000005E+1
-2.000005E+1
-2.000005E+1
-2.000005E+1
-2.000005E+1
-2.000005E+1
-2.000005E+1
-2.000005E+1
-2.000005E+1
-2.000005E+1
-1.610896E+1
-1.499911E+1
-1.460368E+1
-1.443022E+1
-1.426852E+1
-1.372315E+1
-1.328803E+1
-1.284262E+1
-1.247365E+1
-1.215907E+1
-1.198855E+1
-1.183273E+1
-1.168573E+1
-1.146082E+1
-1.114477E+1
-1.071259E+1
-1.027747E+1
-9.811478E+0
-9.396938E+0
-9.047078E+0
-8.783948E+0
-8.594318E+0
-8.482598E+0
-8.439968E+0
-8.472308E+0
-8.560508E+0
-8.698688E+0
-8.885378E+0
-9.089708E+0
-9.299918E+0
-9.514538E+0
-9.714458E+0
-9.914378E+0
-1.008784E+1
-1.027747E+1
-1.048327E+1
-1.071259E+1
-1.103746E+1
-1.141966E+1
-1.198855E+1
-1.284262E+1
-1.460368E+1
-2.000005E+1
-2.000005E+1
-2.000005E+1
-2.000005E+1
-2.000005E+1
-2.000005E+1
-2.000005E+1
-1.650439E+1
-1.227961E+1
-1.077433E+1
-9.852638E+0
-9.222008E+0
-8.772188E+0
-8.439968E+0
-8.200358E+0
-8.009258E+0
-7.866668E+0
-7.763768E+0
-7.679978E+0
-7.643228E+0
-7.650578E+0
-7.732898E+0
-7.899008E+0
-8.181248E+0
-8.639888E+0
-9.346958E+0
-1.053913E+1
-1.328803E+1
-2.000005E+1
-2.000005E+1
-2.000005E+1
-2.000005E+1
-2.000005E+1
-2.000005E+1
-2.000005E+1
-2.000005E+1
-2.000005E+1
-2.000005E+1
-2.000005E+1
-2.000005E+1
-2.000005E+1
-2.000005E+1
-2.000005E+1
-2.000005E+1
-2.000005E+1
-2.000005E+1
-2.000005E+1
-1.384663E+1
-1.221787E+1
-1.137850E+1
-1.083607E+1
-1.056706E+1
-1.051120E+1
-1.062439E+1
-1.090222E+1
-1.141966E+1
-1.215907E+1
-1.301020E+1
-1.384663E+1
-1.411858E+1
-1.338799E+1
-1.240750E+1
-1.159312E+1
-1.103746E+1
-1.068319E+1
-1.056706E+1
-1.068319E+1
-1.103746E+1
-1.178275E+1
-1.328803E+1
-1.849477E+1
-2.000005E+1
-2.000005E+1
-2.000005E+1
-2.000005E+1
-2.000005E+1
-2.000005E+1
-2.000005E+1
-1.577380E+1
-1.499911E+1
-1.499911E+1
-1.610896E+1
-2.000005E+1
-2.000005E+1
-2.000005E+1
-2.000005E+1
-2.000005E+1
-2.000005E+1
-2.000005E+1
-2.000005E+1
-1.650439E+1
-1.522843E+1
-1.499911E+1
-1.577380E+1
-2.000005E+1
-2.000005E+1
-2.000005E+1
-2.000005E+1
-2.000005E+1
-2.000005E+1
-2.000005E+1
-2.000005E+1
-2.000005E+1
-2.000005E+1
-2.000005E+1
-2.000005E+1
-2.000005E+1
-2.000005E+1
-2.000005E+1
-2.000005E+1
-2.000005E+1
-1.426852E+1
-1.204441E+1
-1.129765E+1
-1.103746E+1
-1.107274E+1
-1.141966E+1
-1.204441E+1
-1.319101E+1
-1.522843E+1
-2.000005E+1
-2.000005E+1
-2.000005E+1
-1.849477E+1
-1.460368E+1
-1.301020E+1
-1.204441E+1
-1.129765E+1
-1.074346E+1
-1.032745E+1
-9.955538E+0
-9.658598E+0
-9.446918E+0
-9.316088E+0
-9.283748E+0
-9.379298E+0
-9.585098E+0
-9.934958E+0
-1.040389E+1
-1.100218E+1
-1.163869E+1
-1.210027E+1
-1.210027E+1
-1.163869E+1
-1.103746E+1
-1.051120E+1
-1.008784E+1
-9.832058E+0
-9.773258E+0
-9.934958E+0
-1.037743E+1
-1.129765E+1
-1.360555E+1
-2.000005E+1
-2.000005E+1
-2.000005E+1
-2.000005E+1
-2.000005E+1
-2.000005E+1
-2.000005E+1
-2.000005E+1
-2.000005E+1
-2.000005E+1
-2.000005E+1
-2.000005E+1
-2.000005E+1
-2.000005E+1
-2.000005E+1
-2.000005E+1
-2.000005E+1
-2.000005E+1
-2.000005E+1
-2.000005E+1
-2.000005E+1
-2.000005E+1
-2.000005E+1
-2.000005E+1
-2.000005E+1
-2.000005E+1
-2.000005E+1
-2.000005E+1
-1.292494E+1
-1.141966E+1
-1.065379E+1
-1.022749E+1
-1.002169E+1
-9.934958E+0
-9.999638E+0
-1.010989E+1
-1.027747E+1
-1.040389E+1
-1.045681E+1
-1.043035E+1
-1.032745E+1
-1.020397E+1
-1.013341E+1
-1.018045E+1
-1.040389E+1
-1.090222E+1
-1.193563E+1
-1.499911E+1
-2.000005E+1
-2.000005E+1
-2.000005E+1
-2.000005E+1
-2.000005E+1
-2.000005E+1
-2.000005E+1
-2.000005E+1
-2.000005E+1
-2.000005E+1
-1.499911E+1
-1.284262E+1
-1.247365E+1
-1.319101E+1
-1.849477E+1
-2.000005E+1
-2.000005E+1
-2.000005E+1
-2.000005E+1
-2.000005E+1
-2.000005E+1
-2.000005E+1
-2.000005E+1
-2.000005E+1
-2.000005E+1
-2.000005E+1
-2.000005E+1
-2.000005E+1
-1.384663E+1
-1.188271E+1
-1.129765E+1
-1.118152E+1
-1.141966E+1
-1.188271E+1
-1.261330E+1
-1.349383E+1
-1.411858E+1
-1.384663E+1
-1.292494E+1
-1.188271E+1
-1.110802E+1
-1.048327E+1
-1.002169E+1
-9.714458E+0
-9.567458E+0
-9.514538E+0
-9.602738E+0
-9.773258E+0
-1.006579E+1
-1.045681E+1
-1.093456E+1
-1.146082E+1
-1.193563E+1
-1.227961E+1
-1.234135E+1
-1.215907E+1
-1.183273E+1
-1.141966E+1
-1.100218E+1
-1.059499E+1
-1.025248E+1
-9.934958E+0
-9.658598E+0
-9.429278E+0
-9.252878E+0
-9.177908E+0
-9.177908E+0
-9.283748E+0
-9.480728E+0
-9.792368E+0
-1.020397E+1
-1.068319E+1
-1.114477E+1
-1.150492E+1
-1.163869E+1
-1.159312E+1
-1.150492E+1
-1.146082E+1
-1.159312E+1
-1.193563E+1
-1.254274E+1
-1.360555E+1
-1.522843E+1
-1.650439E+1
-1.522843E+1
-1.319101E+1
-1.163869E+1
-1.053913E+1
-9.714458E+0
-9.104408E+0
-8.663408E+0
-8.367938E+0
-8.190068E+0
-8.134208E+0
-8.200358E+0
-8.378228E+0
-8.698688E+0
-9.207308E+0
-9.999638E+0
-1.137850E+1
-1.577380E+1
-2.000005E+1
-2.000005E+1
-2.000005E+1
-2.000005E+1
-2.000005E+1
-2.000005E+1
-2.000005E+1
-2.000005E+1
-2.000005E+1
-2.000005E+1
-1.247365E+1
-1.048327E+1
-9.480728E+0
-8.847158E+0
-8.419388E+0
-8.143028E+0
-7.966628E+0
-7.882838E+0
-7.874018E+0
-7.923998E+0
-8.044538E+0
-8.219468E+0
-8.450258E+0
-8.747198E+0
-9.119108E+0
-9.639488E+0
-1.035244E+1
-1.146082E+1
-1.397893E+1
-2.000005E+1
-2.000005E+1
-2.000005E+1
-2.000005E+1
-2.000005E+1
-2.000005E+1
-2.000005E+1
-2.000005E+1
-2.000005E+1
-2.000005E+1
-2.000005E+1
-2.000005E+1
-2.000005E+1
-2.000005E+1
-2.000005E+1
-2.000005E+1
-2.000005E+1
-2.000005E+1
-2.000005E+1
-2.000005E+1
-2.000005E+1
-2.000005E+1
-2.000005E+1
-2.000005E+1
-2.000005E+1
-2.000005E+1
-2.000005E+1
-2.000005E+1
-2.000005E+1
-2.000005E+1
-2.000005E+1
-2.000005E+1
-2.000005E+1
-2.000005E+1
-2.000005E+1
-2.000005E+1
-2.000005E+1
-2.000005E+1
-2.000005E+1
-2.000005E+1
-2.000005E+1
-2.000005E+1
-2.000005E+1
-2.000005E+1
-2.000005E+1
-2.000005E+1
-1.328803E+1
-1.163869E+1
-1.080520E+1
-1.037743E+1
-1.013341E+1
-1.004374E+1
-1.006579E+1
-1.015693E+1
-1.030099E+1
-1.045681E+1
-1.059499E+1
-1.071259E+1
-1.074346E+1
-1.065379E+1
-1.053913E+1
-1.037743E+1
-1.020397E+1
-1.004374E+1
-9.955538E+0
-9.934958E+0
-1.004374E+1
-1.027747E+1
-1.068319E+1
-1.141966E+1
-1.284262E+1
-2.000005E+1
-2.000005E+1
-2.000005E+1
-2.000005E+1
-2.000005E+1
-2.000005E+1
-2.000005E+1
-2.000005E+1
-2.000005E+1
-2.000005E+1
-2.000005E+1
-2.000005E+1
-2.000005E+1
-2.000005E+1
-2.000005E+1
-1.328803E+1
-1.163869E+1
-1.090222E+1
-1.048327E+1
-1.027747E+1
-1.020397E+1
-1.020397E+1
-1.022749E+1
-1.027747E+1
-1.032745E+1
-1.037743E+1
-1.037743E+1
-1.030099E+1
-1.015693E+1
-9.955538E+0
-9.714458E+0
-9.429278E+0
-9.163208E+0
-8.938298E+0
-8.758958E+0
-8.639888E+0
-8.604608E+0
-8.651648E+0
-8.772188E+0
-8.964758E+0
-9.207308E+0
-9.496898E+0
-9.792368E+0
-1.002169E+1
-1.015693E+1
-1.013341E+1
-9.977588E+0
-9.733568E+0
-9.446918E+0
-9.192608E+0
-8.977988E+0
-8.833928E+0
-8.758958E+0
-8.747198E+0
-8.808938E+0
-8.925068E+0
-9.104408E+0
-9.299918E+0
-9.532178E+0
-9.752678E+0
-9.934958E+0
-1.004374E+1
-1.006579E+1
-9.977588E+0
-9.811478E+0
-9.621848E+0
-9.413108E+0
-9.222008E+0
-9.089708E+0
-9.005918E+0
-8.977988E+0
-9.019148E+0
-9.119108E+0
-9.283748E+0
-9.549818E+0
-9.893798E+0
-1.043035E+1
-1.121974E+1
-1.284262E+1
-2.000005E+1
-2.000005E+1
-2.000005E+1
-2.000005E+1
-2.000005E+1
-2.000005E+1
-2.000005E+1
-2.000005E+1
-2.000005E+1
-2.000005E+1
-2.000005E+1
-2.000005E+1
-2.000005E+1
-2.000005E+1
-2.000005E+1
-2.000005E+1
-2.000005E+1
-2.000005E+1
-2.000005E+1
-2.000005E+1
-2.000005E+1
-2.000005E+1
-2.000005E+1
-2.000005E+1
-2.000005E+1
-2.000005E+1
-2.000005E+1
-2.000005E+1
-2.000005E+1
-2.000005E+1
-1.761424E+1
-1.384663E+1
-1.319101E+1
-1.338799E+1
-1.460368E+1
-2.000005E+1
-2.000005E+1
-2.000005E+1
-2.000005E+1
-2.000005E+1
-2.000005E+1
-2.000005E+1
-2.000005E+1
-2.000005E+1
-2.000005E+1
-2.000005E+1
-1.698949E+1
-1.338799E+1
-1.204441E+1
-1.118152E+1
-1.056706E+1
-1.013341E+1
-9.852638E+0
-9.658598E+0
-9.567458E+0
-9.514538E+0
-9.480728E+0
-9.413108E+0
-9.316088E+0
-9.163208E+0
-8.964758E+0
-8.722208E+0
-8.504648E+0
-8.326778E+0
-8.219468E+0
-8.190068E+0
-8.238578E+0
-8.378228E+0
-8.628128E+0
-8.977988E+0
-9.413108E+0
-9.914378E+0
-1.037743E+1
-1.068319E+1
-1.074346E+1
-1.051120E+1
-1.006579E+1
-9.567458E+0
-9.133808E+0
-8.783948E+0
-8.538458E+0
-8.409098E+0
-8.388518E+0
-8.482598E+0
-8.698688E+0
-9.047078E+0
-9.549818E+0
-1.018045E+1
-1.100218E+1
-1.204441E+1
-1.338799E+1
-1.548421E+1
-2.000005E+1
-2.000005E+1
-2.000005E+1
-2.000005E+1
-2.000005E+1
-2.000005E+1
-2.000005E+1
-2.000005E+1
-2.000005E+1
-2.000005E+1
-2.000005E+1
-2.000005E+1
-2.000005E+1
-2.000005E+1
-1.610896E+1
-1.338799E+1
-1.234135E+1
-1.178275E+1
-1.154902E+1
-1.146082E+1
-1.154902E+1
-1.188271E+1
-1.240750E+1
-1.349383E+1
-1.577380E+1
-2.000005E+1
-2.000005E+1
-2.000005E+1
-2.000005E+1
-1.849477E+1
-1.349383E+1
-1.193563E+1
-1.103746E+1
-1.048327E+1
-1.022749E+1
-1.020397E+1
-1.043035E+1
-1.096837E+1
-1.210027E+1
-1.577380E+1
-2.000005E+1
-2.000005E+1
-2.000005E+1
-2.000005E+1
-2.000005E+1
-2.000005E+1
-2.000005E+1
-2.000005E+1
-2.000005E+1
-2.000005E+1
-2.000005E+1
-2.000005E+1
-1.384663E+1
-1.227961E+1
-1.141966E+1
-1.090222E+1
-1.045681E+1
-1.008784E+1
-9.752678E+0
-9.463088E+0
-9.207308E+0
-9.005918E+0
-8.872148E+0
-8.822168E+0
-8.847158E+0
-8.964758E+0
-9.192608E+0
-9.514538E+0
-9.977588E+0
-1.053913E+1
-1.114477E+1
-1.173277E+1
-1.221787E+1
-1.234135E+1
-1.215907E+1
-1.183273E+1
-1.146082E+1
-1.118152E+1
-1.090222E+1
-1.062439E+1
-1.030099E+1
-9.934958E+0
-9.585098E+0
-9.222008E+0
-8.925068E+0
-8.675168E+0
-8.526698E+0
-8.494358E+0
-8.548748E+0
-8.722208E+0
-9.005918E+0
-9.396938E+0
-9.893798E+0
-1.045681E+1
-1.100218E+1
-1.146082E+1
-1.168573E+1
-1.168573E+1
-1.154902E+1
-1.129765E+1
-1.110802E+1
-1.100218E+1
-1.100218E+1
-1.114477E+1
-1.141966E+1
-1.183273E+1
-1.234135E+1
-1.292494E+1
-1.319101E+1
-1.309840E+1
-1.254274E+1
-1.183273E+1
-1.114477E+1
-1.059499E+1
-1.020397E+1
-9.955538E+0
-9.832058E+0
-9.811478E+0
-9.893798E+0
-1.006579E+1
-1.027747E+1
-1.048327E+1
-1.065379E+1
-1.077433E+1
-1.083607E+1
-1.086841E+1
-1.080520E+1
-1.065379E+1
-1.043035E+1
-1.013341E+1
-9.733568E+0
-9.299918E+0
-8.872148E+0
-8.462018E+0
-8.107748E+0
-7.810808E+0
-7.569728E+0
-7.399208E+0
-7.290428E+0
-7.236038E+0
-7.230158E+0
-7.266908E+0
-7.334528E+0
-7.438898E+0
-7.556498E+0
-7.694678E+0
-7.825508E+0
-7.957808E+0
-8.079818E+0
-8.181248E+0
-8.276798E+0
-8.378228E+0
-8.504648E+0
-8.663408E+0
-8.911838E+0
-9.252878E+0
-9.752678E+0
-1.045681E+1
-1.146082E+1
-1.319101E+1
-2.000005E+1
-2.000005E+1
-2.000005E+1
-2.000005E+1
-2.000005E+1
-2.000005E+1
-2.000005E+1
-2.000005E+1
-2.000005E+1
-2.000005E+1
-2.000005E+1
-2.000005E+1
-2.000005E+1
-2.000005E+1
-2.000005E+1
-2.000005E+1
-2.000005E+1
-2.000005E+1
-2.000005E+1
-2.000005E+1
-2.000005E+1
-2.000005E+1
-2.000005E+1
-2.000005E+1
-2.000005E+1
-2.000005E+1
-2.000005E+1
-1.349383E+1
-1.234135E+1
-1.183273E+1
-1.163869E+1
-1.159312E+1
-1.173277E+1
-1.198855E+1
-1.240750E+1
-1.284262E+1
-1.338799E+1
-1.397893E+1
-1.426852E+1
-1.443022E+1
-1.411858E+1
-1.360555E+1
-1.292494E+1
-1.240750E+1
-1.193563E+1
-1.168573E+1
-1.159312E+1
-1.173277E+1
-1.210027E+1
-1.301020E+1
-1.610896E+1
-2.000005E+1
-2.000005E+1
-2.000005E+1
-2.000005E+1
-2.000005E+1
-2.000005E+1
-2.000005E+1
-2.000005E+1
-2.000005E+1
-2.000005E+1
-2.000005E+1
-2.000005E+1
-2.000005E+1
