Date/Time	2022-06-15 10:39:39
Line location	1
Line name	A1
OTDR wavelength [nm]	1310
OTDR pulse duration [ns]	2
OTDR scan time [s]	10
OTDR scan length [m]	1.500000E+2
Length offset [m]	0.000000E+0
Length increment [m]	3.996806E-2
Switch ID	VIAVI Solutions,OTU 8000E,11654,FO,16.76
OTDR ID	JDSU,OTU 8000E,11654,OTU(SmartOTU),V7.22

Reflected amplitude [dB]
7.473320E-1
7.208720E-1
6.723620E-1
6.135620E-1
5.577020E-1
5.106620E-1
4.753820E-1
4.503920E-1
4.356920E-1
4.283420E-1
4.356920E-1
4.650920E-1
5.077220E-1
5.518220E-1
5.885720E-1
6.194420E-1
6.429620E-1
6.606020E-1
6.708920E-1
6.738320E-1
6.620720E-1
6.282620E-1
5.650520E-1
4.856720E-1
4.018820E-1
3.166220E-1
2.269520E-1
1.431620E-1
6.819200E-2
2.042000E-3
-5.528800E-2
-1.067380E-1
-1.523080E-1
-1.919980E-1
-2.243380E-1
-2.522680E-1
-2.743180E-1
-2.904880E-1
-3.022480E-1
-3.125380E-1
-3.198880E-1
-3.257680E-1
-3.301780E-1
-3.360580E-1
-3.404680E-1
-3.478180E-1
-3.551680E-1
-3.639880E-1
-3.742780E-1
-3.860380E-1
-3.977980E-1
-4.095580E-1
-4.213180E-1
-4.316080E-1
-4.433680E-1
-4.536580E-1
-4.654180E-1
-4.757080E-1
-4.874680E-1
-4.992280E-1
-5.109880E-1
-5.227480E-1
-5.330380E-1
-5.418580E-1
-5.492080E-1
-5.565580E-1
-5.609680E-1
-5.653780E-1
-5.683180E-1
-5.697880E-1
-5.712580E-1
-5.727280E-1
-5.727280E-1
-5.712580E-1
-5.697880E-1
-5.668480E-1
-5.639080E-1
-5.609680E-1
-5.594980E-1
-5.580280E-1
-5.565580E-1
-5.580280E-1
-5.609680E-1
-5.653780E-1
-5.727280E-1
-5.815480E-1
-5.918380E-1
-6.021280E-1
-6.124180E-1
-6.212380E-1
-6.300580E-1
-6.359380E-1
-6.388780E-1
-6.418180E-1
-6.432880E-1
-6.462280E-1
-6.506380E-1
-6.565180E-1
-6.653380E-1
-6.770980E-1
-6.903280E-1
-7.035580E-1
-7.167880E-1
-7.270780E-1
-7.358980E-1
-7.403080E-1
-7.417780E-1
-7.388380E-1
-7.358980E-1
-7.329580E-1
-7.300180E-1
-7.285480E-1
-7.270780E-1
-7.270780E-1
-7.270780E-1
-7.256080E-1
-7.241380E-1
-7.211980E-1
-7.167880E-1
-7.123780E-1
-7.079680E-1
-7.050280E-1
-7.020880E-1
-6.991480E-1
-6.991480E-1
-6.991480E-1
-6.991480E-1
-6.991480E-1
-7.006180E-1
-7.020880E-1
-7.035580E-1
-7.064980E-1
-7.079680E-1
-7.094380E-1
-7.094380E-1
-7.094380E-1
-7.079680E-1
-7.064980E-1
-7.035580E-1
-7.006180E-1
-6.991480E-1
-6.976780E-1
-6.991480E-1
-6.991480E-1
-6.697480E-1
-4.595380E-1
1.343420E-1
1.125122E+0
2.301122E+0
3.458012E+0
4.498772E+0
5.391062E+0
6.136352E+0
6.756692E+0
7.274132E+0
7.697492E+0
8.035592E+0
8.291372E+0
8.472182E+0
8.583902E+0
8.632412E+0
8.625062E+0
8.563322E+0
8.450132E+0
8.286962E+0
8.076752E+0
7.819502E+0
7.518152E+0
7.174172E+0
6.790502E+0
6.370082E+0
5.918792E+0
5.441042E+0
4.948592E+0
4.445852E+0
3.940172E+0
3.447722E+0
2.980262E+0
2.555432E+0
2.186462E+0
1.873352E+0
1.610222E+0
1.391192E+0
1.205972E+0
1.039862E+0
8.722820E-1
6.929420E-1
5.047820E-1
3.092720E-1
1.225820E-1
-4.646800E-2
-1.919980E-1
-3.125380E-1
-4.110280E-1
-4.918780E-1
-5.565580E-1
-6.080080E-1
-6.476980E-1
-6.756280E-1
-6.962080E-1
-7.079680E-1
-7.138480E-1
-7.153180E-1
-7.138480E-1
-7.109080E-1
-7.079680E-1
-7.064980E-1
-7.064980E-1
-7.079680E-1
-7.123780E-1
-7.182580E-1
-7.270780E-1
-7.344280E-1
-7.432480E-1
-7.520680E-1
-7.608880E-1
-7.682380E-1
-7.755880E-1
-7.799980E-1
-7.844080E-1
-7.858780E-1
-7.844080E-1
-7.799980E-1
-7.726480E-1
-7.638280E-1
-7.535380E-1
-7.432480E-1
-7.329580E-1
-7.241380E-1
-7.182580E-1
-7.167880E-1
-7.167880E-1
-7.211980E-1
-7.270780E-1
-7.358980E-1
-7.461880E-1
-7.550080E-1
-7.652980E-1
-7.741180E-1
-7.814680E-1
-7.888180E-1
-7.946980E-1
-7.991080E-1
-8.035180E-1
-8.064580E-1
-8.093980E-1
-8.108680E-1
-8.123380E-1
-8.138080E-1
-8.138080E-1
-8.138080E-1
-8.123380E-1
-8.123380E-1
-8.108680E-1
-8.093980E-1
-8.079280E-1
-8.049880E-1
-8.020480E-1
-7.976380E-1
-7.917580E-1
-7.858780E-1
-7.785280E-1
-7.726480E-1
-7.652980E-1
-7.579480E-1
-7.520680E-1
-7.461880E-1
-7.417780E-1
-7.373680E-1
-7.344280E-1
-7.329580E-1
-7.329580E-1
-7.344280E-1
-7.373680E-1
-7.403080E-1
-7.461880E-1
-7.520680E-1
-7.564780E-1
-7.608880E-1
-7.638280E-1
-7.652980E-1
-7.638280E-1
-7.608880E-1
-7.550080E-1
-7.505980E-1
-7.447180E-1
-7.403080E-1
-7.358980E-1
-7.358980E-1
-7.373680E-1
-7.417780E-1
-7.491280E-1
-7.594180E-1
-7.711780E-1
-7.844080E-1
-7.991080E-1
-8.123380E-1
-8.255680E-1
-8.358580E-1
-8.446780E-1
-8.520280E-1
-8.579080E-1
-8.608480E-1
-8.623180E-1
-8.637880E-1
-8.623180E-1
-8.608480E-1
-8.564380E-1
-8.520280E-1
-8.476180E-1
-8.417380E-1
-8.358580E-1
-8.299780E-1
-8.240980E-1
-8.196880E-1
-8.138080E-1
-8.108680E-1
-8.064580E-1
-8.020480E-1
-7.976380E-1
-7.917580E-1
-7.858780E-1
-7.799980E-1
-7.755880E-1
-7.697080E-1
-7.652980E-1
-7.638280E-1
-7.623580E-1
-7.623580E-1
-7.638280E-1
-7.667680E-1
-7.697080E-1
-7.726480E-1
-7.741180E-1
-7.770580E-1
-7.785280E-1
-7.785280E-1
-7.785280E-1
-7.770580E-1
-7.741180E-1
-7.697080E-1
-7.652980E-1
-7.579480E-1
-7.491280E-1
-7.388380E-1
-7.256080E-1
-7.123780E-1
-6.976780E-1
-6.829780E-1
-6.697480E-1
-6.565180E-1
-6.447580E-1
-6.359380E-1
-6.300580E-1
-6.256480E-1
-6.241780E-1
-6.271180E-1
-6.315280E-1
-6.403480E-1
-6.506380E-1
-6.623980E-1
-6.770980E-1
-6.932680E-1
-7.094380E-1
-7.270780E-1
-7.432480E-1
-7.579480E-1
-7.711780E-1
-7.829380E-1
-7.917580E-1
-7.976380E-1
-8.020480E-1
-8.049880E-1
-8.064580E-1
-8.049880E-1
-8.020480E-1
-7.991080E-1
-7.946980E-1
-7.902880E-1
-7.844080E-1
-7.799980E-1
-7.741180E-1
-7.697080E-1
-7.667680E-1
-7.652980E-1
-7.652980E-1
-7.667680E-1
-7.682380E-1
-7.726480E-1
-7.770580E-1
-7.814680E-1
-7.858780E-1
-7.917580E-1
-7.961680E-1
-8.020480E-1
-8.064580E-1
-8.093980E-1
-8.123380E-1
-8.123380E-1
-8.108680E-1
-8.079280E-1
-8.020480E-1
-7.932280E-1
-7.829380E-1
-7.711780E-1
-7.594180E-1
-7.461880E-1
-7.329580E-1
-7.211980E-1
-7.079680E-1
-6.962080E-1
-6.829780E-1
-6.697480E-1
-6.579880E-1
-6.476980E-1
-6.388780E-1
-6.329980E-1
-6.315280E-1
-6.315280E-1
-6.359380E-1
-6.447580E-1
-6.535780E-1
-6.668080E-1
-6.800380E-1
-6.917980E-1
-7.050280E-1
-7.153180E-1
-7.241380E-1
-7.300180E-1
-7.344280E-1
-7.358980E-1
-7.358980E-1
-7.358980E-1
-7.358980E-1
-7.373680E-1
-7.403080E-1
-7.461880E-1
-7.535380E-1
-7.652980E-1
-7.770580E-1
-7.888180E-1
-8.020480E-1
-8.152780E-1
-8.255680E-1
-8.358580E-1
-8.432080E-1
-8.505580E-1
-8.564380E-1
-8.608480E-1
-8.652580E-1
-8.667280E-1
-8.667280E-1
-8.637880E-1
-8.579080E-1
-8.490880E-1
-8.402680E-1
-8.285080E-1
-8.182180E-1
-8.093980E-1
-8.035180E-1
-7.991080E-1
-7.976380E-1
-7.976380E-1
-7.976380E-1
-7.976380E-1
-7.961680E-1
-7.917580E-1
-7.873480E-1
-7.814680E-1
-7.770580E-1
-7.726480E-1
-7.697080E-1
-7.697080E-1
-7.697080E-1
-7.726480E-1
-7.741180E-1
-7.770580E-1
-7.785280E-1
-7.814680E-1
-7.829380E-1
-7.844080E-1
-7.858780E-1
-7.902880E-1
-7.932280E-1
-7.976380E-1
-8.005780E-1
-8.035180E-1
-8.049880E-1
-8.049880E-1
-8.035180E-1
-8.005780E-1
-7.976380E-1
-7.932280E-1
-7.888180E-1
-7.858780E-1
-7.844080E-1
-7.844080E-1
-7.873480E-1
-7.917580E-1
-7.961680E-1
-8.020480E-1
-8.093980E-1
-8.152780E-1
-8.226280E-1
-8.270380E-1
-8.314480E-1
-8.358580E-1
-8.373280E-1
-8.387980E-1
-8.373280E-1
-8.343880E-1
-8.299780E-1
-8.240980E-1
-8.167480E-1
-8.093980E-1
-8.035180E-1
-7.976380E-1
-7.946980E-1
-7.932280E-1
-7.917580E-1
-7.932280E-1
-7.961680E-1
-7.976380E-1
-7.991080E-1
-8.005780E-1
-8.005780E-1
-7.991080E-1
-7.976380E-1
-7.946980E-1
-7.902880E-1
-7.873480E-1
-7.829380E-1
-7.799980E-1
-7.755880E-1
-7.726480E-1
-7.697080E-1
-7.652980E-1
-7.608880E-1
-7.564780E-1
-7.505980E-1
-7.432480E-1
-7.373680E-1
-7.300180E-1
-7.241380E-1
-7.197280E-1
-7.153180E-1
-7.138480E-1
-7.138480E-1
-7.167880E-1
-7.197280E-1
-7.256080E-1
-7.314880E-1
-7.403080E-1
-7.491280E-1
-7.594180E-1
-7.682380E-1
-7.785280E-1
-7.888180E-1
-7.991080E-1
-8.093980E-1
-8.167480E-1
-8.240980E-1
-8.299780E-1
-8.343880E-1
-8.358580E-1
-8.373280E-1
-8.373280E-1
-8.358580E-1
-8.343880E-1
-8.329180E-1
-8.299780E-1
-8.285080E-1
-8.255680E-1
-8.240980E-1
-8.211580E-1
-8.196880E-1
-8.167480E-1
-8.138080E-1
-8.123380E-1
-8.093980E-1
-8.079280E-1
-8.049880E-1
-8.035180E-1
-8.035180E-1
-8.020480E-1
-8.035180E-1
-8.035180E-1
-8.064580E-1
-8.079280E-1
-8.093980E-1
-8.108680E-1
-8.108680E-1
-8.108680E-1
-8.093980E-1
-8.064580E-1
-8.005780E-1
-7.946980E-1
-7.858780E-1
-7.770580E-1
-7.667680E-1
-7.564780E-1
-7.461880E-1
-7.388380E-1
-7.329580E-1
-7.285480E-1
-7.270780E-1
-7.285480E-1
-7.314880E-1
-7.358980E-1
-7.417780E-1
-7.491280E-1
-7.564780E-1
-7.652980E-1
-7.741180E-1
-7.844080E-1
-7.946980E-1
-8.035180E-1
-8.123380E-1
-8.196880E-1
-8.255680E-1
-8.285080E-1
-8.285080E-1
-8.270380E-1
-8.240980E-1
-8.196880E-1
-8.138080E-1
-8.093980E-1
-8.035180E-1
-7.991080E-1
-7.946980E-1
-7.902880E-1
-7.844080E-1
-7.799980E-1
-7.755880E-1
-7.697080E-1
-7.652980E-1
-7.608880E-1
-7.564780E-1
-7.550080E-1
-7.520680E-1
-7.520680E-1
-7.535380E-1
-7.564780E-1
-7.608880E-1
-7.667680E-1
-7.726480E-1
-7.799980E-1
-7.858780E-1
-7.932280E-1
-7.991080E-1
-8.049880E-1
-8.093980E-1
-8.138080E-1
-8.167480E-1
-8.182180E-1
-8.182180E-1
-8.196880E-1
-8.196880E-1
-8.196880E-1
-8.182180E-1
-8.167480E-1
-8.123380E-1
-8.079280E-1
-8.020480E-1
-7.961680E-1
-7.888180E-1
-7.814680E-1
-7.726480E-1
-7.667680E-1
-7.594180E-1
-7.535380E-1
-7.491280E-1
-7.447180E-1
-7.417780E-1
-7.403080E-1
-7.417780E-1
-7.447180E-1
-7.505980E-1
-7.594180E-1
-7.711780E-1
-7.829380E-1
-7.961680E-1
-8.079280E-1
-8.182180E-1
-8.255680E-1
-8.314480E-1
-8.343880E-1
-8.358580E-1
-8.358580E-1
-8.343880E-1
-8.299780E-1
-8.270380E-1
-8.211580E-1
-8.152780E-1
-8.093980E-1
-8.035180E-1
-7.991080E-1
-7.961680E-1
-7.946980E-1
-7.946980E-1
-7.961680E-1
-7.976380E-1
-7.991080E-1
-7.991080E-1
-7.961680E-1
-7.917580E-1
-7.858780E-1
-7.785280E-1
-7.711780E-1
-7.667680E-1
-7.638280E-1
-7.638280E-1
-7.682380E-1
-7.755880E-1
-7.858780E-1
-7.961680E-1
-8.064580E-1
-8.167480E-1
-8.240980E-1
-8.299780E-1
-8.343880E-1
-8.373280E-1
-8.373280E-1
-8.387980E-1
-8.387980E-1
-8.387980E-1
-8.373280E-1
-8.373280E-1
-8.373280E-1
-8.358580E-1
-8.329180E-1
-8.314480E-1
-8.299780E-1
-8.299780E-1
-8.299780E-1
-8.299780E-1
-8.314480E-1
-8.343880E-1
-8.373280E-1
-8.402680E-1
-8.432080E-1
-8.446780E-1
-8.461480E-1
-8.446780E-1
-8.432080E-1
-8.387980E-1
-8.314480E-1
-8.226280E-1
-8.123380E-1
-7.991080E-1
-7.858780E-1
-7.741180E-1
-7.638280E-1
-7.564780E-1
-7.520680E-1
-7.520680E-1
-7.564780E-1
-7.623580E-1
-7.711780E-1
-7.799980E-1
-7.873480E-1
-7.946980E-1
-7.976380E-1
-8.005780E-1
-8.005780E-1
-7.991080E-1
-7.976380E-1
-7.946980E-1
-7.932280E-1
-7.917580E-1
-7.888180E-1
-7.873480E-1
-7.858780E-1
-7.829380E-1
-7.799980E-1
-7.755880E-1
-7.697080E-1
-7.652980E-1
-7.594180E-1
-7.550080E-1
-7.535380E-1
-7.520680E-1
-7.535380E-1
-7.564780E-1
-7.623580E-1
-7.697080E-1
-7.785280E-1
-7.873480E-1
-7.961680E-1
-8.035180E-1
-8.093980E-1
-8.138080E-1
-8.152780E-1
-8.152780E-1
-8.123380E-1
-8.093980E-1
-8.035180E-1
-7.976380E-1
-7.917580E-1
-7.858780E-1
-7.814680E-1
-7.770580E-1
-7.755880E-1
-7.755880E-1
-7.770580E-1
-7.799980E-1
-7.844080E-1
-7.888180E-1
-7.932280E-1
-7.976380E-1
-8.005780E-1
-8.035180E-1
-8.049880E-1
-8.064580E-1
-8.079280E-1
-8.079280E-1
-8.093980E-1
-8.093980E-1
-8.093980E-1
-8.079280E-1
-8.064580E-1
-8.020480E-1
-7.976380E-1
-7.917580E-1
-7.858780E-1
-7.799980E-1
-7.755880E-1
-7.697080E-1
-7.667680E-1
-7.638280E-1
-7.638280E-1
-7.638280E-1
-7.652980E-1
-7.697080E-1
-7.726480E-1
-7.785280E-1
-7.829380E-1
-7.873480E-1
-7.917580E-1
-7.946980E-1
-7.976380E-1
-7.991080E-1
-8.005780E-1
-8.035180E-1
-8.049880E-1
-8.064580E-1
-8.093980E-1
-8.093980E-1
-8.093980E-1
-8.079280E-1
-8.064580E-1
-8.035180E-1
-8.005780E-1
-7.991080E-1
-7.976380E-1
-7.961680E-1
-7.961680E-1
-7.961680E-1
-7.961680E-1
-7.946980E-1
-7.917580E-1
-7.858780E-1
-7.799980E-1
-7.741180E-1
-7.682380E-1
-7.623580E-1
-7.579480E-1
-7.564780E-1
-7.564780E-1
-7.579480E-1
-7.608880E-1
-7.638280E-1
-7.652980E-1
-7.682380E-1
-7.682380E-1
-7.697080E-1
-7.697080E-1
-7.697080E-1
-7.711780E-1
-7.726480E-1
-7.755880E-1
-7.785280E-1
-7.814680E-1
-7.844080E-1
-7.888180E-1
-7.917580E-1
-7.946980E-1
-7.961680E-1
-7.976380E-1
-7.991080E-1
-7.991080E-1
-7.976380E-1
-7.991080E-1
-7.991080E-1
-8.020480E-1
-8.064580E-1
-8.108680E-1
-8.182180E-1
-8.255680E-1
-8.329180E-1
-8.402680E-1
-8.476180E-1
-8.534980E-1
-8.564380E-1
-8.593780E-1
-8.608480E-1
-8.608480E-1
-8.593780E-1
-8.564380E-1
-8.534980E-1
-8.476180E-1
-8.417380E-1
-8.358580E-1
-8.285080E-1
-8.211580E-1
-8.138080E-1
-8.079280E-1
-8.020480E-1
-7.991080E-1
-7.961680E-1
-7.961680E-1
-7.961680E-1
-7.976380E-1
-7.991080E-1
-8.005780E-1
-8.020480E-1
-8.020480E-1
-8.020480E-1
-8.005780E-1
-7.991080E-1
-7.976380E-1
-7.932280E-1
-7.902880E-1
-7.858780E-1
-7.829380E-1
-7.785280E-1
-7.755880E-1
-7.741180E-1
-7.741180E-1
-7.755880E-1
-7.770580E-1
-7.814680E-1
-7.873480E-1
-7.946980E-1
-8.020480E-1
-8.108680E-1
-8.182180E-1
-8.255680E-1
-8.314480E-1
-8.343880E-1
-8.358580E-1
-8.358580E-1
-8.314480E-1
-8.255680E-1
-8.196880E-1
-8.108680E-1
-8.035180E-1
-7.961680E-1
-7.902880E-1
-7.858780E-1
-7.829380E-1
-7.799980E-1
-7.755880E-1
-7.726480E-1
-7.667680E-1
-7.608880E-1
-7.520680E-1
-7.432480E-1
-7.344280E-1
-7.270780E-1
-7.211980E-1
-7.182580E-1
-7.182580E-1
-7.226680E-1
-7.300180E-1
-7.403080E-1
-7.520680E-1
-7.652980E-1
-7.785280E-1
-7.902880E-1
-8.005780E-1
-8.093980E-1
-8.167480E-1
-8.226280E-1
-8.270380E-1
-8.299780E-1
-8.314480E-1
-8.329180E-1
-8.329180E-1
-8.343880E-1
-8.329180E-1
-8.343880E-1
-8.343880E-1
-8.343880E-1
-8.358580E-1
-8.358580E-1
-8.358580E-1
-8.358580E-1
-8.358580E-1
-8.343880E-1
-8.314480E-1
-8.285080E-1
-8.255680E-1
-8.211580E-1
-8.167480E-1
-8.123380E-1
-8.093980E-1
-8.049880E-1
-8.020480E-1
-7.991080E-1
-7.976380E-1
-7.976380E-1
-7.961680E-1
-7.961680E-1
-7.976380E-1
-7.976380E-1
-7.976380E-1
-7.976380E-1
-7.976380E-1
-7.961680E-1
-7.946980E-1
-7.946980E-1
-7.932280E-1
-7.946980E-1
-7.976380E-1
-8.020480E-1
-8.093980E-1
-8.196880E-1
-8.343880E-1
-8.534980E-1
-8.740780E-1
-8.990680E-1
-9.255280E-1
-9.563980E-1
-9.887380E-1
-1.022548E+0
-1.059298E+0
-1.096048E+0
-1.134268E+0
-1.171018E+0
-1.207768E+0
-1.241578E+0
-1.273918E+0
-1.301848E+0
-1.325368E+0
-1.347418E+0
-1.365058E+0
-1.379758E+0
-1.392988E+0
-1.404748E+0
-1.416508E+0
-1.425328E+0
-1.434148E+0
-1.441498E+0
-1.447378E+0
-1.451788E+0
-1.454728E+0
-1.457668E+0
-1.457668E+0
-1.456198E+0
-1.454728E+0
-1.453258E+0
-1.451788E+0
-1.451788E+0
-1.453258E+0
-1.456198E+0
-1.459138E+0
-1.463548E+0
-1.466488E+0
-1.470898E+0
-1.472368E+0
-1.473838E+0
-1.473838E+0
-1.472368E+0
-1.472368E+0
-1.475308E+0
-1.478248E+0
-1.485598E+0
-1.494418E+0
-1.506178E+0
-1.519408E+0
-1.532638E+0
-1.544398E+0
-1.554688E+0
-1.559098E+0
-1.562038E+0
-1.560568E+0
-1.557628E+0
-1.553218E+0
-1.550278E+0
-1.548808E+0
-1.548808E+0
-1.551748E+0
-1.557628E+0
-1.563508E+0
-1.569388E+0
-1.576738E+0
-1.582618E+0
-1.588498E+0
-1.592908E+0
-1.597318E+0
-1.601728E+0
-1.607608E+0
-1.612018E+0
-1.619368E+0
-1.626718E+0
-1.634068E+0
-1.641418E+0
-1.650238E+0
-1.657588E+0
-1.664938E+0
-1.670818E+0
-1.673758E+0
-1.672288E+0
-1.667878E+0
-1.657588E+0
-1.644358E+0
-1.626718E+0
-1.609078E+0
-1.591438E+0
-1.578208E+0
-1.569388E+0
-1.566448E+0
-1.570858E+0
-1.578208E+0
-1.591438E+0
-1.604668E+0
-1.616428E+0
-1.626718E+0
-1.634068E+0
-1.637008E+0
-1.637008E+0
-1.635538E+0
-1.634068E+0
-1.634068E+0
-1.635538E+0
-1.639948E+0
-1.644358E+0
-1.650238E+0
-1.654648E+0
-1.657588E+0
-1.656118E+0
-1.651708E+0
-1.642888E+0
-1.632598E+0
-1.622308E+0
-1.612018E+0
-1.604668E+0
-1.600258E+0
-1.598788E+0
-1.601728E+0
-1.606138E+0
-1.614958E+0
-1.625248E+0
-1.635538E+0
-1.648768E+0
-1.660528E+0
-1.672288E+0
-1.682578E+0
-1.692868E+0
-1.701688E+0
-1.709038E+0
-1.716388E+0
-1.723738E+0
-1.732558E+0
-1.739908E+0
-1.748728E+0
-1.753138E+0
-1.756078E+0
-1.756078E+0
-1.750198E+0
-1.741378E+0
-1.729618E+0
-1.716388E+0
-1.704628E+0
-1.695808E+0
-1.688458E+0
-1.686988E+0
-1.688458E+0
-1.695808E+0
-1.706098E+0
-1.719328E+0
-1.734028E+0
-1.751668E+0
-1.770778E+0
-1.791358E+0
-1.811938E+0
-1.831048E+0
-1.850158E+0
-1.867798E+0
-1.883968E+0
-1.897198E+0
-1.907488E+0
-1.913368E+0
-1.914838E+0
-1.910428E+0
-1.901608E+0
-1.888378E+0
-1.870738E+0
-1.851628E+0
-1.832518E+0
-1.817818E+0
-1.806058E+0
-1.800178E+0
-1.800178E+0
-1.806058E+0
-1.816348E+0
-1.828108E+0
-1.842808E+0
-1.853098E+0
-1.861918E+0
-1.867798E+0
-1.869268E+0
-1.867798E+0
-1.863388E+0
-1.857508E+0
-1.851628E+0
-1.845748E+0
-1.842808E+0
-1.841338E+0
-1.844278E+0
-1.850158E+0
-1.858978E+0
-1.872208E+0
-1.886908E+0
-1.901608E+0
-1.914838E+0
-1.923658E+0
-1.929538E+0
-1.929538E+0
-1.925128E+0
-1.917778E+0
-1.907488E+0
-1.898668E+0
-1.891318E+0
-1.886908E+0
-1.886908E+0
-1.889848E+0
-1.897198E+0
-1.906018E+0
-1.914838E+0
-1.925128E+0
-1.935418E+0
-1.942768E+0
-1.948648E+0
-1.953058E+0
-1.955998E+0
-1.957468E+0
-1.957468E+0
-1.954528E+0
-1.950118E+0
-1.942768E+0
-1.932478E+0
-1.920718E+0
-1.907488E+0
-1.895728E+0
-1.885438E+0
-1.878088E+0
-1.872208E+0
-1.870738E+0
-1.870738E+0
-1.873678E+0
-1.879558E+0
-1.885438E+0
-1.892788E+0
-1.900138E+0
-1.908958E+0
-1.917778E+0
-1.928068E+0
-1.936888E+0
-1.947178E+0
-1.957468E+0
-1.966288E+0
-1.975108E+0
-1.983928E+0
-1.991278E+0
-1.998628E+0
-2.003038E+0
-2.005978E+0
-2.007448E+0
-2.007448E+0
-2.005978E+0
-2.005978E+0
-2.004508E+0
-2.004508E+0
-2.004508E+0
-2.005978E+0
-2.005978E+0
-2.005978E+0
-2.003038E+0
-2.001568E+0
-1.997158E+0
-1.994218E+0
-1.989808E+0
-1.986868E+0
-1.986868E+0
-1.986868E+0
-1.988338E+0
-1.991278E+0
-1.997158E+0
-2.004508E+0
-2.013328E+0
-2.025088E+0
-2.038318E+0
-2.054488E+0
-2.070658E+0
-2.088298E+0
-2.102998E+0
-2.116228E+0
-2.125048E+0
-2.129458E+0
-2.129458E+0
-2.126518E+0
-2.120638E+0
-2.114758E+0
-2.108878E+0
-2.104468E+0
-2.101528E+0
-2.101528E+0
-2.102998E+0
-2.107408E+0
-2.111818E+0
-2.116228E+0
-2.120638E+0
-2.123578E+0
-2.126518E+0
-2.126518E+0
-2.123578E+0
-2.119168E+0
-2.108878E+0
-2.097118E+0
-2.080948E+0
-2.063308E+0
-2.045668E+0
-2.030968E+0
-2.017738E+0
-2.007448E+0
-2.001568E+0
-1.998628E+0
-2.000098E+0
-2.003038E+0
-2.007448E+0
-2.013328E+0
-2.017738E+0
-2.025088E+0
-2.030968E+0
-2.039788E+0
-2.048608E+0
-2.058898E+0
-2.072128E+0
-2.085358E+0
-2.098588E+0
-2.113288E+0
-2.127988E+0
-2.139748E+0
-2.151508E+0
-2.161798E+0
-2.169148E+0
-2.176498E+0
-2.182378E+0
-2.188258E+0
-2.194138E+0
-2.201488E+0
-2.207368E+0
-2.214718E+0
-2.222068E+0
-2.227948E+0
-2.233828E+0
-2.238238E+0
-2.242648E+0
-2.244118E+0
-2.244118E+0
-2.244118E+0
-2.241178E+0
-2.238238E+0
-2.233828E+0
-2.227948E+0
-2.220598E+0
-2.211778E+0
-2.202958E+0
-2.195608E+0
-2.189728E+0
-2.183848E+0
-2.182378E+0
-2.182378E+0
-2.186788E+0
-2.194138E+0
-2.202958E+0
-2.211778E+0
-2.220598E+0
-2.226478E+0
-2.229418E+0
-2.229418E+0
-2.226478E+0
-2.223538E+0
-2.222068E+0
-2.222068E+0
-2.225008E+0
-2.233828E+0
-2.245588E+0
-2.258818E+0
-2.273518E+0
-2.286748E+0
-2.297038E+0
-2.304388E+0
-2.308798E+0
-2.313208E+0
-2.313208E+0
-2.314678E+0
-2.314678E+0
-2.316148E+0
-2.317618E+0
-2.319088E+0
-2.320558E+0
-2.322028E+0
-2.322028E+0
-2.323498E+0
-2.323498E+0
-2.324968E+0
-2.326438E+0
-2.329378E+0
-2.330848E+0
-2.333788E+0
-2.335258E+0
-2.336728E+0
-2.339668E+0
-2.341138E+0
-2.345548E+0
-2.348488E+0
-2.352898E+0
-2.355838E+0
-2.360248E+0
-2.363188E+0
-2.364658E+0
-2.366128E+0
-2.367598E+0
-2.370538E+0
-2.373478E+0
-2.379358E+0
-2.386708E+0
-2.396998E+0
-2.405818E+0
-2.414638E+0
-2.420518E+0
-2.423458E+0
-2.421988E+0
-2.417578E+0
-2.410228E+0
-2.402878E+0
-2.395528E+0
-2.389648E+0
-2.385238E+0
-2.383768E+0
-2.383768E+0
-2.385238E+0
-2.386708E+0
-2.388178E+0
-2.388178E+0
-2.386708E+0
-2.386708E+0
-2.385238E+0
-2.382298E+0
-2.380828E+0
-2.376418E+0
-2.372008E+0
-2.364658E+0
-2.355838E+0
-2.347018E+0
-2.336728E+0
-2.327908E+0
-2.323498E+0
-2.322028E+0
-2.324968E+0
-2.333788E+0
-2.345548E+0
-2.360248E+0
-2.377888E+0
-2.394058E+0
-2.411698E+0
-2.426398E+0
-2.441098E+0
-2.454328E+0
-2.464618E+0
-2.471968E+0
-2.476378E+0
-2.479318E+0
-2.476378E+0
-2.470498E+0
-2.461678E+0
-2.451388E+0
-2.442568E+0
-2.435218E+0
-2.430808E+0
-2.430808E+0
-2.435218E+0
-2.444038E+0
-2.455798E+0
-2.469028E+0
-2.480788E+0
-2.488138E+0
-2.494018E+0
-2.494018E+0
-2.492548E+0
-2.486668E+0
-2.482258E+0
-2.479318E+0
-2.479318E+0
-2.483728E+0
-2.492548E+0
-2.505778E+0
-2.520478E+0
-2.533708E+0
-2.543998E+0
-2.549878E+0
-2.549878E+0
-2.546938E+0
-2.539588E+0
-2.530768E+0
-2.521948E+0
-2.513128E+0
-2.505778E+0
-2.499898E+0
-2.494018E+0
-2.489608E+0
-2.486668E+0
-2.485198E+0
-2.485198E+0
-2.489608E+0
-2.498428E+0
-2.510188E+0
-2.523418E+0
-2.539588E+0
-2.552818E+0
-2.563108E+0
-2.568988E+0
-2.567518E+0
-2.563108E+0
-2.554288E+0
-2.545468E+0
-2.538118E+0
-2.533708E+0
-2.536648E+0
-2.543998E+0
-2.557228E+0
-2.576338E+0
-2.596918E+0
-2.618968E+0
-2.639548E+0
-2.657188E+0
-2.667478E+0
-2.673358E+0
-2.673358E+0
-2.667478E+0
-2.658658E+0
-2.651308E+0
-2.643958E+0
-2.642488E+0
-2.645428E+0
-2.652778E+0
-2.664538E+0
-2.676298E+0
-2.692468E+0
-2.705698E+0
-2.718928E+0
-2.730688E+0
-2.740978E+0
-2.752738E+0
-2.764498E+0
-2.779198E+0
-2.795368E+0
-2.811538E+0
-2.827708E+0
-2.842408E+0
-2.854168E+0
-2.862988E+0
-2.865928E+0
-2.864458E+0
-2.858578E+0
-2.851228E+0
-2.842408E+0
-2.830648E+0
-2.818888E+0
-2.808598E+0
-2.796838E+0
-2.788018E+0
-2.777728E+0
-2.768908E+0
-2.761558E+0
-2.754208E+0
-2.749798E+0
-2.746858E+0
-2.743918E+0
-2.743918E+0
-2.746858E+0
-2.749798E+0
-2.755678E+0
-2.763028E+0
-2.771848E+0
-2.780668E+0
-2.789488E+0
-2.798308E+0
-2.805658E+0
-2.811538E+0
-2.814478E+0
-2.814478E+0
-2.813008E+0
-2.807128E+0
-2.801248E+0
-2.793898E+0
-2.786548E+0
-2.780668E+0
-2.777728E+0
-2.776258E+0
-2.780668E+0
-2.788018E+0
-2.799778E+0
-2.814478E+0
-2.827708E+0
-2.842408E+0
-2.852698E+0
-2.858578E+0
-2.861518E+0
-2.857108E+0
-2.849758E+0
-2.837998E+0
-2.824768E+0
-2.811538E+0
-2.801248E+0
-2.790958E+0
-2.785078E+0
-2.779198E+0
-2.776258E+0
-2.773318E+0
-2.768908E+0
-2.763028E+0
-2.755678E+0
-2.748328E+0
-2.739508E+0
-2.735098E+0
-2.733628E+0
-2.739508E+0
-2.751268E+0
-2.770378E+0
-2.795368E+0
-2.823298E+0
-2.849758E+0
-2.871808E+0
-2.885038E+0
-2.890918E+0
-2.890918E+0
-2.885038E+0
-2.879158E+0
-2.873278E+0
-2.873278E+0
-2.879158E+0
-2.887978E+0
-2.901208E+0
-2.914438E+0
-2.926198E+0
-2.935018E+0
-2.940898E+0
-2.945308E+0
-2.949718E+0
-2.952658E+0
-2.958538E+0
-2.967358E+0
-2.977648E+0
-2.987938E+0
-2.999698E+0
-3.009988E+0
-3.018808E+0
-3.026158E+0
-3.030568E+0
-3.032038E+0
-3.030568E+0
-3.024688E+0
-3.014398E+0
-2.996758E+0
-2.974708E+0
-2.946778E+0
-2.918848E+0
-2.889448E+0
-2.862988E+0
-2.842408E+0
-2.827708E+0
-2.820358E+0
-2.820358E+0
-2.824768E+0
-2.835058E+0
-2.846818E+0
-2.858578E+0
-2.871808E+0
-2.882098E+0
-2.892388E+0
-2.902678E+0
-2.911498E+0
-2.921788E+0
-2.930608E+0
-2.940898E+0
-2.951188E+0
-2.958538E+0
-2.964418E+0
-2.967358E+0
-2.970298E+0
-2.970298E+0
-2.970298E+0
-2.970298E+0
-2.973238E+0
-2.977648E+0
-2.984998E+0
-2.995288E+0
-3.005578E+0
-3.017338E+0
-3.029098E+0
-3.039388E+0
-3.045268E+0
-3.048208E+0
-3.051148E+0
-3.052618E+0
-3.054088E+0
-3.057028E+0
-3.061438E+0
-3.070258E+0
-3.082018E+0
-3.096718E+0
-3.111418E+0
-3.123178E+0
-3.133468E+0
-3.137878E+0
-3.134938E+0
-3.126118E+0
-3.111418E+0
-3.089368E+0
-3.061438E+0
-3.032038E+0
-2.999698E+0
-2.968828E+0
-2.939428E+0
-2.914438E+0
-2.893858E+0
-2.880628E+0
-2.874748E+0
-2.874748E+0
-2.882098E+0
-2.895328E+0
-2.912968E+0
-2.936488E+0
-2.961478E+0
-2.989408E+0
-3.018808E+0
-3.049678E+0
-3.080548E+0
-3.111418E+0
-3.137878E+0
-3.159928E+0
-3.179038E+0
-3.192268E+0
-3.199618E+0
-3.205498E+0
-3.206968E+0
-3.208438E+0
-3.208438E+0
-3.208438E+0
-3.208438E+0
-3.208438E+0
-3.205498E+0
-3.202558E+0
-3.195208E+0
-3.186388E+0
-3.171688E+0
-3.152578E+0
-3.126118E+0
-3.090838E+0
-3.048208E+0
-2.995288E+0
-2.933548E+0
-2.865928E+0
-2.793898E+0
-2.723338E+0
-2.658658E+0
-2.605738E+0
-2.568988E+0
-2.551348E+0
-2.557228E+0
-2.586628E+0
-2.635138E+0
-2.708638E+0
-2.824768E+0
-2.998228E+0
-3.226078E+0
-3.493618E+0
-3.780268E+0
-4.080148E+0
-4.393258E+0
-4.716658E+0
-5.045938E+0
-5.384038E+0
-5.725078E+0
-6.063178E+0
-6.393928E+0
-6.701158E+0
-6.973108E+0
-7.189198E+0
-7.342078E+0
-7.434688E+0
-7.489078E+0
-7.527298E+0
-7.577278E+0
-7.664008E+0
-7.803658E+0
-8.007988E+0
-8.271118E+0
-8.588638E+0
-8.950258E+0
-9.333928E+0
-9.738178E+0
-1.013949E+1
-1.056579E+1
-1.101120E+1
-1.157274E+1
-1.233273E+1
-1.351020E+1
-1.572843E+1
-2.050005E+1
-2.050005E+1
-2.050005E+1
-2.050005E+1
-2.050005E+1
-2.050005E+1
-2.050005E+1
-2.050005E+1
-2.050005E+1
-2.050005E+1
-2.050005E+1
-2.050005E+1
-2.050005E+1
-2.050005E+1
-2.050005E+1
-2.050005E+1
-2.050005E+1
-2.050005E+1
-2.050005E+1
-2.050005E+1
-2.050005E+1
-2.050005E+1
-2.050005E+1
-1.700439E+1
-1.326324E+1
-1.209312E+1
-1.146837E+1
-1.106706E+1
-1.080099E+1
-1.060989E+1
-1.043496E+1
-1.029237E+1
-1.017624E+1
-1.008510E+1
-1.004982E+1
-1.008510E+1
-1.019535E+1
-1.043496E+1
-1.082745E+1
-1.133607E+1
-1.191966E+1
-1.238271E+1
-1.248855E+1
-1.209312E+1
-1.140222E+1
-1.065693E+1
-1.003218E+1
-9.561778E+0
-9.235438E+0
-9.048748E+0
-8.972308E+0
-9.016408E+0
-9.151648E+0
-9.347158E+0
-9.589708E+0
-9.846958E+0
-1.010274E+1
-1.029237E+1
-1.043496E+1
-1.052169E+1
-1.058784E+1
-1.065693E+1
-1.070397E+1
-1.077747E+1
-1.087743E+1
-1.101120E+1
-1.121259E+1
-1.146837E+1
-1.171974E+1
-1.200492E+1
-1.223277E+1
-1.238271E+1
-1.228275E+1
-1.209312E+1
-1.175796E+1
-1.143456E+1
-1.115379E+1
-1.101120E+1
-1.101120E+1
-1.118319E+1
-1.157274E+1
-1.233273E+1
-1.378803E+1
-2.050005E+1
-2.050005E+1
-2.050005E+1
-2.050005E+1
-2.050005E+1
-2.050005E+1
-2.050005E+1
-2.050005E+1
-2.050005E+1
-2.050005E+1
-1.572843E+1
-1.410555E+1
-1.359840E+1
-1.369101E+1
-1.434663E+1
-1.700439E+1
-2.050005E+1
-2.050005E+1
-2.050005E+1
-2.050005E+1
-2.050005E+1
-2.050005E+1
-2.050005E+1
-2.050005E+1
-2.050005E+1
-2.050005E+1
-1.748949E+1
-1.271787E+1
-1.136841E+1
-1.065693E+1
-1.025268E+1
-1.010274E+1
-1.013949E+1
-1.043496E+1
-1.101120E+1
-1.213869E+1
-1.510368E+1
-2.050005E+1
-2.050005E+1
-2.050005E+1
-2.050005E+1
-2.050005E+1
-2.050005E+1
-2.050005E+1
-2.050005E+1
-1.510368E+1
-1.238271E+1
-1.124346E+1
-1.054374E+1
-1.003218E+1
-9.663208E+0
-9.347158E+0
-9.082558E+0
-8.878228E+0
-8.738578E+0
-8.681248E+0
-8.719468E+0
-8.867938E+0
-9.128128E+0
-9.547078E+0
-1.012185E+1
-1.090389E+1
-1.200492E+1
-1.351020E+1
-1.627380E+1
-2.050005E+1
-2.050005E+1
-2.050005E+1
-2.050005E+1
-2.050005E+1
-2.050005E+1
-2.050005E+1
-2.050005E+1
-2.050005E+1
-2.050005E+1
-2.050005E+1
-2.050005E+1
-2.050005E+1
-2.050005E+1
-2.050005E+1
-2.050005E+1
-2.050005E+1
-2.050005E+1
-2.050005E+1
-2.050005E+1
-1.899477E+1
-1.899477E+1
-2.050005E+1
-2.050005E+1
-2.050005E+1
-2.050005E+1
-2.050005E+1
-2.050005E+1
-2.050005E+1
-2.050005E+1
-2.050005E+1
-2.050005E+1
-2.050005E+1
-2.050005E+1
-2.050005E+1
-2.050005E+1
-2.050005E+1
-2.050005E+1
-2.050005E+1
-2.050005E+1
-2.050005E+1
-2.050005E+1
-2.050005E+1
-2.050005E+1
-2.050005E+1
-2.050005E+1
-2.050005E+1
-2.050005E+1
-2.050005E+1
-2.050005E+1
-2.050005E+1
-2.050005E+1
-2.050005E+1
-2.050005E+1
-2.050005E+1
-2.050005E+1
-2.050005E+1
-2.050005E+1
-2.050005E+1
-2.050005E+1
-2.050005E+1
-2.050005E+1
-2.050005E+1
-2.050005E+1
-2.050005E+1
-1.572843E+1
-1.342494E+1
-1.228275E+1
-1.153746E+1
-1.103913E+1
-1.070397E+1
-1.049964E+1
-1.045554E+1
-1.054374E+1
-1.080099E+1
-1.124346E+1
-1.187850E+1
-1.290750E+1
-1.461858E+1
-2.050005E+1
-2.050005E+1
-2.050005E+1
-2.050005E+1
-2.050005E+1
-2.050005E+1
-2.050005E+1
-2.050005E+1
-1.899477E+1
-1.627380E+1
-1.572843E+1
-1.572843E+1
-1.660896E+1
-1.899477E+1
-2.050005E+1
-2.050005E+1
-2.050005E+1
-2.050005E+1
-1.549911E+1
-1.351020E+1
-1.238271E+1
-1.160802E+1
-1.103913E+1
-1.065693E+1
-1.041438E+1
-1.029237E+1
-1.027326E+1
-1.031148E+1
-1.041438E+1
-1.052169E+1
-1.060989E+1
-1.065693E+1
-1.065693E+1
-1.060989E+1
-1.054374E+1
-1.052169E+1
-1.052169E+1
-1.060989E+1
-1.080099E+1
-1.109499E+1
-1.150218E+1
-1.200492E+1
-1.254441E+1
-1.304274E+1
-1.311330E+1
-1.271787E+1
-1.204902E+1
-1.136841E+1
-1.075248E+1
-1.023357E+1
-9.830788E+0
-9.519148E+0
-9.295708E+0
-9.116368E+0
-8.972308E+0
-8.857648E+0
-8.747398E+0
-8.634208E+0
-8.526898E+0
-8.423998E+0
-8.341678E+0
-8.294638E+0
-8.278468E+0
-8.301988E+0
-8.357848E+0
-8.448988E+0
-8.588638E+0
-8.738578E+0
-8.909098E+0
-9.060508E+0
-9.186928E+0
-9.283948E+0
-9.322168E+0
-9.308938E+0
-9.258958E+0
-9.186928E+0
-9.116368E+0
-9.070798E+0
-9.060508E+0
-9.070798E+0
-9.139888E+0
-9.235438E+0
-9.358918E+0
-9.519148E+0
-9.707308E+0
-9.896938E+0
-1.008510E+1
-1.023357E+1
-1.035264E+1
-1.041438E+1
-1.041438E+1
-1.037322E+1
-1.029237E+1
-1.019535E+1
-1.012185E+1
-1.004982E+1
-9.996898E+0
-9.929278E+0
-9.863128E+0
-9.769048E+0
-9.648508E+0
-9.477988E+0
-9.295708E+0
-9.104608E+0
-8.939968E+0
-8.806198E+0
-8.719468E+0
-8.690068E+0
-8.719468E+0
-8.806198E+0
-8.929678E+0
-9.060508E+0
-9.175168E+0
-9.247198E+0
-9.272188E+0
-9.210448E+0
-9.104608E+0
-8.982598E+0
-8.847358E+0
-8.709178E+0
-8.588638E+0
-8.466628E+0
-8.341678E+0
-8.209378E+0
-8.084428E+0
-7.966828E+0
-7.866868E+0
-7.816888E+0
-7.809538E+0
-7.874218E+0
-8.013868E+0
-8.247598E+0
-8.597458E+0
-9.094318E+0
-9.816088E+0
-1.098327E+1
-1.351020E+1
-2.050005E+1
-2.050005E+1
-2.050005E+1
-2.050005E+1
-2.050005E+1
-2.050005E+1
-2.050005E+1
-2.050005E+1
-2.050005E+1
-2.050005E+1
-2.050005E+1
-2.050005E+1
-2.050005E+1
-2.050005E+1
-2.050005E+1
-2.050005E+1
-1.700439E+1
-1.388799E+1
-1.277961E+1
-1.218573E+1
-1.179765E+1
-1.157274E+1
-1.146837E+1
-1.143456E+1
-1.146837E+1
-1.146837E+1
-1.143456E+1
-1.136841E+1
-1.127433E+1
-1.112439E+1
-1.095681E+1
-1.077747E+1
-1.063341E+1
-1.054374E+1
-1.049964E+1
-1.054374E+1
-1.065693E+1
-1.093035E+1
-1.140222E+1
-1.218573E+1
-1.369101E+1
-2.050005E+1
-2.050005E+1
-2.050005E+1
-2.050005E+1
-2.050005E+1
-2.050005E+1
-2.050005E+1
-2.050005E+1
-1.549911E+1
-1.284135E+1
-1.164477E+1
-1.087743E+1
-1.035264E+1
-9.996898E+0
-9.783748E+0
-9.663208E+0
-9.663208E+0
-9.738178E+0
-9.879298E+0
-1.004982E+1
-1.021446E+1
-1.033206E+1
-1.037322E+1
-1.031148E+1
-1.019535E+1
-1.006746E+1
-9.980728E+0
-9.946918E+0
-9.996898E+0
-1.015860E+1
-1.039380E+1
-1.072749E+1
-1.112439E+1
-1.157274E+1
-1.204902E+1
-1.243563E+1
-1.265907E+1
-1.277961E+1
-1.277961E+1
-1.271787E+1
-1.265907E+1
-1.265907E+1
-1.271787E+1
-1.277961E+1
-1.290750E+1
-1.290750E+1
-1.265907E+1
-1.223277E+1
-1.160802E+1
-1.093035E+1
-1.025268E+1
-9.633808E+0
-9.104608E+0
-8.653318E+0
-8.301988E+0
-8.028568E+0
-7.841878E+0
-7.716928E+0
-7.658128E+0
-7.646368E+0
-7.675768E+0
-7.722808E+0
-7.772788E+0
-7.790428E+0
-7.772788E+0
-7.730158E+0
-7.669888E+0
-7.599328E+0
-7.549348E+0
-7.533178E+0
-7.565518E+0
-7.664008E+0
-7.828648E+0
-8.056498E+0
-8.350498E+0
-8.690068E+0
-9.070798E+0
-9.451528E+0
-9.783748E+0
-1.004982E+1
-1.017624E+1
-1.023357E+1
-1.021446E+1
-1.015860E+1
-1.008510E+1
-1.001454E+1
-9.946918E+0
-9.863128E+0
-9.722008E+0
-9.533848E+0
-9.283948E+0
-9.004648E+0
-8.728288E+0
-8.491618E+0
-8.310808E+0
-8.187328E+0
-8.128528E+0
-8.150578E+0
-8.240248E+0
-8.391658E+0
-8.607748E+0
-8.878228E+0
-9.210448E+0
-9.619108E+0
-1.008510E+1
-1.065693E+1
-1.136841E+1
-1.228275E+1
-1.369101E+1
-1.627380E+1
-2.050005E+1
-2.050005E+1
-2.050005E+1
-1.660896E+1
-1.342494E+1
-1.191966E+1
-1.085244E+1
-1.010274E+1
-9.547078E+0
-9.128128E+0
-8.826778E+0
-8.634208E+0
-8.526898E+0
-8.491618E+0
-8.518078E+0
-8.607748E+0
-8.738578E+0
-8.909098E+0
-9.082558E+0
-9.247198E+0
-9.385378E+0
-9.451528E+0
-9.451528E+0
-9.372148E+0
-9.247198E+0
-9.104608E+0
-8.962018E+0
-8.847358E+0
-8.776798E+0
-8.747398E+0
-8.767978E+0
-8.816488E+0
-8.878228E+0
-8.929678E+0
-8.939968E+0
-8.909098E+0
-8.826778E+0
-8.690068E+0
-8.535718E+0
-8.374018E+0
-8.216728E+0
-8.091778E+0
-8.000638E+0
-7.953598E+0
-7.946248E+0
-7.993288E+0
-8.091778E+0
-8.247598E+0
-8.466628E+0
-8.747398E+0
-9.082558E+0
-9.464758E+0
-9.863128E+0
-1.023357E+1
-1.052169E+1
-1.070397E+1
-1.075248E+1
-1.065693E+1
-1.049964E+1
-1.029237E+1
-1.008510E+1
-9.896938E+0
-9.722008E+0
-9.589708E+0
-9.519148E+0
-9.533848E+0
-9.663208E+0
-9.946918E+0
-1.043496E+1
-1.124346E+1
-1.277961E+1
-2.050005E+1
-2.050005E+1
-2.050005E+1
-2.050005E+1
-2.050005E+1
-2.050005E+1
-2.050005E+1
-2.050005E+1
-2.050005E+1
-1.422315E+1
-1.233273E+1
-1.124346E+1
-1.047759E+1
-9.879298E+0
-9.438298E+0
-9.104608E+0
-8.898808E+0
-8.806198E+0
-8.847358E+0
-9.026698E+0
-9.358918E+0
-9.896938E+0
-1.075248E+1
-1.223277E+1
-1.899477E+1
-2.050005E+1
-2.050005E+1
-2.050005E+1
-2.050005E+1
-2.050005E+1
-2.050005E+1
-2.050005E+1
-2.050005E+1
-2.050005E+1
-1.572843E+1
-1.183734E+1
-1.056579E+1
-9.879298E+0
-9.505918E+0
-9.322168E+0
-9.308938E+0
-9.438298E+0
-9.692608E+0
-1.003218E+1
-1.045554E+1
-1.087743E+1
-1.124346E+1
-1.150218E+1
-1.160802E+1
-1.157274E+1
-1.146837E+1
-1.143456E+1
-1.150218E+1
-1.171974E+1
-1.209312E+1
-1.277961E+1
-1.399383E+1
-1.660896E+1
-2.050005E+1
-2.050005E+1
-2.050005E+1
-2.050005E+1
-2.050005E+1
-2.050005E+1
-2.050005E+1
-2.050005E+1
-2.050005E+1
-2.050005E+1
-2.050005E+1
-2.050005E+1
-2.050005E+1
-2.050005E+1
-2.050005E+1
-2.050005E+1
-2.050005E+1
-2.050005E+1
-2.050005E+1
-2.050005E+1
-2.050005E+1
-2.050005E+1
-2.050005E+1
-2.050005E+1
-2.050005E+1
-2.050005E+1
-1.410555E+1
-1.143456E+1
-1.029237E+1
-9.619108E+0
-9.210448E+0
-9.004648E+0
-8.939968E+0
-9.004648E+0
-9.186928E+0
-9.464758E+0
-9.830788E+0
-1.025268E+1
-1.072749E+1
-1.121259E+1
-1.164477E+1
-1.204902E+1
-1.243563E+1
-1.265907E+1
-1.290750E+1
-1.318680E+1
-1.369101E+1
-1.447893E+1
-1.627380E+1
-2.050005E+1
-2.050005E+1
-2.050005E+1
-2.050005E+1
-2.050005E+1
-2.050005E+1
-2.050005E+1
-2.050005E+1
-2.050005E+1
-2.050005E+1
-2.050005E+1
-2.050005E+1
-2.050005E+1
-2.050005E+1
-2.050005E+1
-2.050005E+1
-2.050005E+1
-2.050005E+1
-2.050005E+1
-2.050005E+1
-2.050005E+1
-2.050005E+1
-2.050005E+1
-2.050005E+1
-2.050005E+1
-2.050005E+1
-2.050005E+1
-1.218573E+1
-1.056579E+1
-9.677908E+0
-9.139888E+0
-8.816488E+0
-8.653318E+0
-8.634208E+0
-8.738578E+0
-8.962018E+0
-9.322168E+0
-9.830788E+0
-1.049964E+1
-1.133607E+1
-1.233273E+1
-1.326324E+1
-1.351020E+1
-1.284135E+1
-1.183734E+1
-1.095681E+1
-1.027326E+1
-9.799918E+0
-9.464758E+0
-9.283948E+0
-9.235438E+0
-9.283948E+0
-9.398608E+0
-9.533848E+0
-9.663208E+0
-9.738178E+0
-9.738178E+0
-9.648508E+0
-9.519148E+0
-9.385378E+0
-9.295708E+0
-9.272188E+0
-9.322168E+0
-9.477988E+0
-9.752878E+0
-1.017624E+1
-1.075248E+1
-1.160802E+1
-1.284135E+1
-1.549911E+1
-2.050005E+1
-2.050005E+1
-2.050005E+1
-2.050005E+1
-2.050005E+1
-2.050005E+1
-2.050005E+1
-2.050005E+1
-1.700439E+1
-1.598421E+1
-1.529331E+1
-1.461858E+1
-1.359840E+1
-1.271787E+1
-1.196082E+1
-1.130520E+1
-1.077747E+1
-1.041438E+1
-1.019535E+1
-1.010274E+1
-1.013949E+1
-1.029237E+1
-1.058784E+1
-1.101120E+1
-1.160802E+1
-1.233273E+1
-1.318680E+1
-1.434663E+1
-1.660896E+1
-2.050005E+1
-2.050005E+1
-2.050005E+1
-2.050005E+1
-2.050005E+1
-2.050005E+1
-2.050005E+1
-2.050005E+1
-2.050005E+1
-2.050005E+1
-2.050005E+1
-2.050005E+1
-2.050005E+1
-2.050005E+1
-2.050005E+1
-2.050005E+1
-2.050005E+1
-2.050005E+1
-2.050005E+1
-2.050005E+1
-2.050005E+1
-2.050005E+1
-2.050005E+1
-2.050005E+1
-2.050005E+1
-1.476852E+1
-1.277961E+1
-1.191966E+1
-1.140222E+1
-1.106706E+1
-1.080099E+1
-1.058784E+1
-1.039380E+1
-1.021446E+1
-1.006746E+1
-9.913108E+0
-9.752878E+0
-9.619108E+0
-9.477988E+0
-9.333928E+0
-9.198688E+0
-9.060508E+0
-8.929678E+0
-8.816488E+0
-8.728288E+0
-8.662138E+0
-8.625388E+0
-8.616568E+0
-8.653318E+0
-8.719468E+0
-8.806198E+0
-8.909098E+0
-9.016408E+0
-9.104608E+0
-9.175168E+0
-9.222208E+0
-9.235438E+0
-9.222208E+0
-9.198688E+0
-9.163408E+0
-9.139888E+0
-9.128128E+0
-9.128128E+0
-9.151648E+0
-9.198688E+0
-9.247198E+0
-9.308938E+0
-9.372148E+0
-9.425068E+0
-9.477988E+0
-9.547078E+0
-9.663208E+0
-9.816088E+0
-1.003218E+1
-1.029237E+1
-1.063341E+1
-1.098327E+1
-1.127433E+1
-1.140222E+1
-1.130520E+1
-1.101120E+1
-1.058784E+1
-1.017624E+1
-9.799918E+0
-9.492688E+0
-9.272188E+0
-9.151648E+0
-9.128128E+0
-9.198688E+0
-9.372148E+0
-9.677908E+0
-1.012185E+1
-1.080099E+1
-1.183734E+1
-1.378803E+1
-2.050005E+1
-2.050005E+1
-2.050005E+1
-2.050005E+1
-2.050005E+1
-2.050005E+1
-2.050005E+1
-2.050005E+1
-2.050005E+1
-2.050005E+1
-2.050005E+1
-2.050005E+1
-2.050005E+1
-2.050005E+1
-2.050005E+1
-2.050005E+1
-2.050005E+1
-2.050005E+1
-2.050005E+1
-1.359840E+1
-1.171974E+1
-1.082745E+1
-1.031148E+1
-1.008510E+1
-1.008510E+1
-1.029237E+1
-1.077747E+1
-1.168152E+1
-1.359840E+1
-2.050005E+1
-2.050005E+1
-2.050005E+1
-2.050005E+1
-2.050005E+1
-2.050005E+1
-2.050005E+1
-2.050005E+1
-2.050005E+1
-2.050005E+1
-2.050005E+1
-2.050005E+1
-2.050005E+1
-2.050005E+1
-2.050005E+1
-2.050005E+1
-2.050005E+1
-2.050005E+1
-2.050005E+1
-2.050005E+1
-2.050005E+1
-2.050005E+1
-2.050005E+1
-1.700439E+1
-1.200492E+1
-1.063341E+1
-9.830788E+0
-9.295708E+0
-8.929678E+0
-8.670958E+0
-8.509258E+0
-8.423998E+0
-8.441638E+0
-8.553358E+0
-8.767978E+0
-9.116368E+0
-9.648508E+0
-1.047759E+1
-1.200492E+1
-2.050005E+1
-2.050005E+1
-2.050005E+1
-2.050005E+1
-2.050005E+1
-2.050005E+1
-2.050005E+1
-2.050005E+1
-2.050005E+1
-2.050005E+1
-1.493022E+1
-1.164477E+1
-1.045554E+1
-9.799918E+0
-9.425068E+0
-9.222208E+0
-9.163408E+0
-9.210448E+0
-9.372148E+0
-9.619108E+0
-9.913108E+0
-1.023357E+1
-1.056579E+1
-1.085244E+1
-1.109499E+1
-1.130520E+1
-1.153746E+1
-1.183734E+1
-1.233273E+1
-1.326324E+1
-1.529331E+1
-2.050005E+1
-2.050005E+1
-2.050005E+1
-2.050005E+1
-2.050005E+1
-2.050005E+1
-2.050005E+1
-2.050005E+1
-2.050005E+1
-2.050005E+1
-1.811424E+1
-1.388799E+1
-1.265907E+1
-1.209312E+1
-1.179765E+1
-1.168152E+1
-1.171974E+1
-1.187850E+1
-1.209312E+1
-1.238271E+1
-1.260027E+1
-1.284135E+1
-1.297365E+1
-1.318680E+1
-1.359840E+1
-1.410555E+1
-1.510368E+1
-1.899477E+1
-2.050005E+1
-2.050005E+1
-2.050005E+1
-2.050005E+1
-2.050005E+1
-2.050005E+1
-2.050005E+1
-2.050005E+1
-2.050005E+1
-2.050005E+1
-2.050005E+1
-2.050005E+1
-2.050005E+1
-2.050005E+1
-2.050005E+1
-2.050005E+1
-2.050005E+1
-2.050005E+1
-2.050005E+1
-2.050005E+1
-2.050005E+1
-2.050005E+1
-2.050005E+1
-2.050005E+1
-2.050005E+1
-2.050005E+1
-2.050005E+1
-2.050005E+1
-2.050005E+1
-2.050005E+1
-2.050005E+1
-2.050005E+1
-2.050005E+1
-2.050005E+1
-2.050005E+1
-2.050005E+1
-2.050005E+1
-2.050005E+1
-2.050005E+1
-2.050005E+1
-2.050005E+1
-2.050005E+1
-2.050005E+1
-2.050005E+1
-2.050005E+1
-2.050005E+1
-1.493022E+1
-1.191966E+1
-1.068045E+1
-9.913108E+0
-9.372148E+0
-8.962018E+0
-8.662138E+0
-8.432818E+0
-8.271118E+0
-8.157928E+0
-8.084428E+0
-8.049148E+0
-8.056498E+0
-8.106478E+0
-8.187328E+0
-8.301988E+0
-8.448988E+0
-8.653318E+0
-8.888518E+0
-9.151648E+0
-9.438298E+0
-9.738178E+0
-1.003218E+1
-1.025268E+1
-1.041438E+1
-1.043496E+1
-1.035264E+1
-1.019535E+1
-9.996898E+0
-9.769048E+0
-9.561778E+0
-9.385378E+0
-9.272188E+0
-9.210448E+0
-9.222208E+0
-9.283948E+0
-9.411838E+0
-9.589708E+0
-9.816088E+0
-1.004982E+1
-1.033206E+1
-1.068045E+1
-1.112439E+1
-1.171974E+1
-1.271787E+1
-1.510368E+1
-2.050005E+1
-2.050005E+1
-2.050005E+1
-2.050005E+1
-2.050005E+1
-2.050005E+1
-2.050005E+1
-2.050005E+1
-2.050005E+1
-2.050005E+1
-2.050005E+1
-2.050005E+1
-2.050005E+1
-2.050005E+1
-2.050005E+1
-2.050005E+1
-2.050005E+1
-2.050005E+1
-2.050005E+1
-2.050005E+1
-2.050005E+1
-2.050005E+1
-2.050005E+1
-2.050005E+1
-2.050005E+1
-2.050005E+1
-2.050005E+1
-2.050005E+1
-2.050005E+1
-2.050005E+1
-2.050005E+1
-2.050005E+1
-2.050005E+1
-2.050005E+1
-2.050005E+1
-2.050005E+1
-2.050005E+1
-1.811424E+1
-1.572843E+1
-1.461858E+1
-1.378803E+1
-1.311330E+1
-1.265907E+1
-1.218573E+1
-1.175796E+1
-1.140222E+1
-1.112439E+1
-1.090389E+1
-1.077747E+1
-1.070397E+1
-1.072749E+1
-1.080099E+1
-1.098327E+1
-1.124346E+1
-1.164477E+1
-1.223277E+1
-1.318680E+1
-1.510368E+1
-2.050005E+1
-2.050005E+1
-2.050005E+1
-2.050005E+1
-2.050005E+1
-2.050005E+1
-2.050005E+1
-2.050005E+1
-2.050005E+1
-2.050005E+1
-1.399383E+1
-1.164477E+1
-1.047759E+1
-9.707308E+0
-9.163408E+0
-8.787088E+0
-8.535718E+0
-8.399008E+0
-8.357848E+0
-8.407828E+0
-8.544538E+0
-8.757688E+0
-9.048748E+0
-9.398608E+0
-9.783748E+0
-1.019535E+1
-1.060989E+1
-1.101120E+1
-1.140222E+1
-1.171974E+1
-1.204902E+1
-1.238271E+1
-1.260027E+1
-1.271787E+1
-1.284135E+1
-1.277961E+1
-1.277961E+1
-1.265907E+1
-1.260027E+1
-1.254441E+1
-1.248855E+1
-1.238271E+1
-1.223277E+1
-1.191966E+1
-1.153746E+1
-1.109499E+1
-1.070397E+1
-1.035264E+1
-1.008510E+1
-9.913108E+0
-9.830788E+0
-9.846958E+0
-9.929278E+0
-1.004982E+1
-1.021446E+1
-1.033206E+1
-1.039380E+1
-1.039380E+1
-1.033206E+1
-1.027326E+1
-1.027326E+1
-1.037322E+1
-1.060989E+1
-1.112439E+1
-1.204902E+1
-1.422315E+1
-2.050005E+1
-2.050005E+1
-2.050005E+1
-2.050005E+1
-2.050005E+1
-2.050005E+1
-2.050005E+1
-2.050005E+1
-2.050005E+1
-2.050005E+1
-2.050005E+1
-2.050005E+1
-2.050005E+1
-2.050005E+1
-2.050005E+1
-2.050005E+1
-2.050005E+1
-2.050005E+1
-1.899477E+1
-1.660896E+1
-1.660896E+1
-1.700439E+1
-1.748949E+1
-1.627380E+1
-1.434663E+1
-1.284135E+1
-1.160802E+1
-1.065693E+1
-9.946918E+0
-9.385378E+0
-8.982598E+0
-8.700358E+0
-8.509258E+0
-8.407828E+0
-8.391658E+0
-8.448988E+0
-8.570998E+0
-8.767978E+0
-9.038458E+0
-9.398608E+0
-9.863128E+0
-1.047759E+1
-1.127433E+1
-1.243563E+1
-1.447893E+1
-2.050005E+1
-2.050005E+1
-2.050005E+1
-2.050005E+1
-2.050005E+1
-2.050005E+1
-2.050005E+1
-2.050005E+1
-2.050005E+1
-2.050005E+1
-2.050005E+1
-2.050005E+1
-2.050005E+1
-2.050005E+1
-2.050005E+1
-2.050005E+1
-2.050005E+1
-2.050005E+1
-2.050005E+1
-2.050005E+1
-2.050005E+1
-2.050005E+1
-2.050005E+1
-1.660896E+1
-1.218573E+1
-1.068045E+1
-9.752878E+0
-9.104608E+0
-8.643028E+0
-8.310808E+0
-8.077078E+0
-7.925668E+0
-7.847758E+0
-7.841878E+0
-7.887448E+0
-7.987408E+0
-8.128528E+0
-8.325508E+0
-8.579818E+0
-8.909098E+0
-9.333928E+0
-9.929278E+0
-1.077747E+1
-1.228275E+1
-2.050005E+1
-2.050005E+1
-2.050005E+1
-2.050005E+1
-2.050005E+1
-2.050005E+1
-2.050005E+1
-2.050005E+1
-2.050005E+1
-2.050005E+1
-2.050005E+1
-2.050005E+1
-2.050005E+1
-2.050005E+1
-2.050005E+1
-2.050005E+1
-2.050005E+1
-2.050005E+1
-2.050005E+1
-2.050005E+1
-2.050005E+1
-2.050005E+1
-1.627380E+1
-1.342494E+1
-1.248855E+1
-1.200492E+1
-1.171974E+1
-1.153746E+1
-1.130520E+1
-1.103913E+1
-1.072749E+1
-1.039380E+1
-1.008510E+1
-9.816088E+0
-9.619108E+0
-9.477988E+0
-9.438298E+0
-9.477988E+0
-9.589708E+0
-9.769048E+0
-1.001454E+1
-1.031148E+1
-1.065693E+1
-1.101120E+1
-1.136841E+1
-1.171974E+1
-1.196082E+1
-1.209312E+1
-1.213869E+1
-1.204902E+1
-1.183734E+1
-1.153746E+1
-1.121259E+1
-1.090389E+1
-1.063341E+1
-1.043496E+1
-1.029237E+1
-1.021446E+1
-1.023357E+1
-1.031148E+1
-1.047759E+1
-1.063341E+1
-1.080099E+1
-1.087743E+1
-1.080099E+1
-1.063341E+1
-1.039380E+1
-1.012185E+1
-9.896938E+0
-9.738178E+0
-9.633808E+0
-9.589708E+0
-9.604408E+0
-9.648508E+0
-9.677908E+0
-9.692608E+0
-9.663208E+0
-9.589708E+0
-9.492688E+0
-9.372148E+0
-9.272188E+0
-9.163408E+0
-9.060508E+0
-8.962018E+0
-8.847358E+0
-8.719468E+0
-8.579818E+0
-8.441638E+0
-8.318158E+0
-8.216728E+0
-8.143228E+0
-8.091778E+0
-8.077078E+0
-8.077078E+0
-8.099128E+0
-8.135878E+0
-8.194678E+0
-8.287288E+0
-8.423998E+0
-8.625388E+0
-8.919388E+0
-9.333928E+0
-9.929278E+0
-1.080099E+1
-1.223277E+1
-1.660896E+1
-2.050005E+1
-2.050005E+1
-2.050005E+1
-2.050005E+1
-2.050005E+1
-2.050005E+1
-2.050005E+1
-2.050005E+1
-2.050005E+1
-2.050005E+1
-2.050005E+1
-2.050005E+1
-2.050005E+1
-2.050005E+1
-2.050005E+1
-2.050005E+1
-1.422315E+1
-1.271787E+1
-1.191966E+1
-1.143456E+1
-1.109499E+1
-1.085244E+1
-1.063341E+1
-1.039380E+1
-1.015860E+1
-9.929278E+0
-9.722008E+0
-9.533848E+0
-9.385378E+0
-9.295708E+0
-9.258958E+0
-9.272188E+0
-9.333928E+0
-9.438298E+0
-9.575008E+0
-9.752878E+0
-9.929278E+0
-1.013949E+1
-1.033206E+1
-1.054374E+1
-1.075248E+1
-1.095681E+1
-1.115379E+1
-1.133607E+1
-1.146837E+1
-1.157274E+1
-1.160802E+1
-1.160802E+1
-1.164477E+1
-1.171974E+1
-1.187850E+1
-1.218573E+1
-1.277961E+1
-1.388799E+1
-1.811424E+1
-2.050005E+1
-2.050005E+1
-2.050005E+1
-2.050005E+1
-2.050005E+1
-2.050005E+1
-2.050005E+1
-2.050005E+1
-2.050005E+1
-2.050005E+1
-2.050005E+1
-2.050005E+1
-2.050005E+1
-1.461858E+1
-1.204902E+1
-1.101120E+1
-1.041438E+1
-1.001454E+1
-9.707308E+0
-9.438298E+0
-9.210448E+0
-8.994358E+0
-8.816488E+0
-8.670958E+0
-8.579818E+0
-8.544538E+0
-8.570998E+0
-8.662138E+0
-8.806198E+0
-9.004648E+0
-9.235438E+0
-9.505918E+0
-9.752878E+0
-9.996898E+0
-1.021446E+1
-1.043496E+1
-1.063341E+1
-1.087743E+1
-1.121259E+1
-1.168152E+1
-1.238271E+1
-1.334262E+1
-1.510368E+1
-2.050005E+1
-2.050005E+1
-2.050005E+1
-2.050005E+1
-2.050005E+1
-2.050005E+1
-2.050005E+1
-2.050005E+1
-2.050005E+1
-2.050005E+1
-2.050005E+1
-2.050005E+1
-2.050005E+1
-2.050005E+1
-2.050005E+1
-2.050005E+1
-2.050005E+1
-2.050005E+1
-2.050005E+1
-2.050005E+1
-2.050005E+1
-2.050005E+1
-2.050005E+1
-1.899477E+1
-1.447893E+1
-1.290750E+1
-1.191966E+1
-1.124346E+1
-1.072749E+1
-1.031148E+1
-9.996898E+0
-9.722008E+0
-9.505918E+0
-9.333928E+0
-9.210448E+0
-9.139888E+0
-9.139888E+0
-9.186928E+0
-9.308938E+0
-9.492688E+0
-9.722008E+0
-9.963088E+0
-1.015860E+1
-1.025268E+1
-1.015860E+1
-9.913108E+0
-9.575008E+0
-9.186928E+0
-8.816488E+0
-8.518078E+0
-8.301988E+0
-8.187328E+0
-8.172628E+0
-8.263768E+0
-8.475448E+0
-8.806198E+0
-9.283948E+0
-9.946918E+0
-1.080099E+1
-1.200492E+1
-1.378803E+1
-1.899477E+1
-2.050005E+1
-2.050005E+1
-2.050005E+1
-2.050005E+1
-2.050005E+1
-2.050005E+1
-2.050005E+1
-2.050005E+1
-2.050005E+1
-2.050005E+1
-2.050005E+1
-2.050005E+1
-2.050005E+1
-2.050005E+1
-2.050005E+1
-2.050005E+1
-2.050005E+1
-2.050005E+1
-2.050005E+1
-2.050005E+1
-1.748949E+1
-1.899477E+1
-2.050005E+1
-2.050005E+1
-2.050005E+1
-2.050005E+1
-2.050005E+1
-2.050005E+1
-2.050005E+1
-2.050005E+1
-2.050005E+1
-2.050005E+1
-2.050005E+1
-2.050005E+1
-2.050005E+1
-2.050005E+1
-2.050005E+1
-2.050005E+1
-2.050005E+1
-2.050005E+1
-2.050005E+1
-2.050005E+1
-2.050005E+1
-2.050005E+1
-2.050005E+1
-2.050005E+1
-2.050005E+1
-2.050005E+1
-2.050005E+1
-2.050005E+1
-2.050005E+1
-2.050005E+1
-2.050005E+1
-2.050005E+1
-1.529331E+1
-1.351020E+1
-1.260027E+1
-1.204902E+1
-1.183734E+1
-1.183734E+1
-1.213869E+1
-1.284135E+1
-1.461858E+1
-2.050005E+1
-2.050005E+1
-2.050005E+1
-2.050005E+1
-2.050005E+1
-2.050005E+1
-2.050005E+1
-2.050005E+1
-2.050005E+1
-1.304274E+1
-1.160802E+1
-1.087743E+1
-1.049964E+1
-1.035264E+1
-1.043496E+1
-1.070397E+1
-1.121259E+1
-1.200492E+1
-1.326324E+1
-1.529331E+1
-2.050005E+1
-2.050005E+1
-2.050005E+1
-1.549911E+1
-1.388799E+1
-1.304274E+1
-1.284135E+1
-1.311330E+1
-1.461858E+1
-2.050005E+1
-2.050005E+1
-2.050005E+1
-2.050005E+1
-2.050005E+1
-2.050005E+1
-2.050005E+1
-2.050005E+1
-2.050005E+1
-2.050005E+1
-2.050005E+1
-2.050005E+1
-2.050005E+1
-2.050005E+1
-2.050005E+1
-2.050005E+1
-2.050005E+1
-2.050005E+1
-2.050005E+1
-2.050005E+1
-2.050005E+1
-2.050005E+1
-2.050005E+1
-2.050005E+1
-2.050005E+1
-2.050005E+1
-2.050005E+1
-2.050005E+1
-2.050005E+1
-2.050005E+1
-2.050005E+1
-1.318680E+1
-1.164477E+1
-1.082745E+1
-1.035264E+1
-1.013949E+1
-1.010274E+1
-1.021446E+1
-1.052169E+1
-1.103913E+1
-1.171974E+1
-1.243563E+1
-1.297365E+1
-1.284135E+1
-1.223277E+1
-1.140222E+1
-1.063341E+1
-9.980728E+0
-9.477988E+0
-9.094318E+0
-8.816488E+0
-8.625388E+0
-8.500438E+0
-8.423998E+0
-8.391658E+0
-8.391658E+0
-8.415178E+0
-8.475448E+0
-8.562178E+0
-8.681248E+0
-8.837068E+0
-9.026698E+0
-9.258958E+0
-9.505918E+0
-9.769048E+0
-1.003218E+1
-1.027326E+1
-1.047759E+1
-1.058784E+1
-1.058784E+1
-1.052169E+1
-1.039380E+1
-1.021446E+1
-1.003218E+1
-9.863128E+0
-9.722008E+0
-9.633808E+0
-9.589708E+0
-9.561778E+0
-9.575008E+0
-9.604408E+0
-9.633808E+0
-9.677908E+0
-9.752878E+0
-9.830788E+0
-9.980728E+0
-1.017624E+1
-1.041438E+1
-1.072749E+1
-1.106706E+1
-1.136841E+1
-1.160802E+1
-1.171974E+1
-1.164477E+1
-1.153746E+1
-1.140222E+1
-1.130520E+1
-1.127433E+1
-1.130520E+1
-1.143456E+1
-1.157274E+1
-1.164477E+1
-1.157274E+1
-1.133607E+1
-1.093035E+1
-1.054374E+1
-1.017624E+1
-9.879298E+0
-9.692608E+0
-9.604408E+0
-9.663208E+0
-9.830788E+0
-1.012185E+1
-1.049964E+1
-1.095681E+1
-1.146837E+1
-1.200492E+1
-1.238271E+1
-1.265907E+1
-1.271787E+1
-1.271787E+1
-1.260027E+1
-1.243563E+1
-1.228275E+1
-1.213869E+1
-1.196082E+1
-1.179765E+1
-1.164477E+1
-1.146837E+1
-1.133607E+1
-1.109499E+1
-1.080099E+1
-1.041438E+1
-9.996898E+0
-9.547078E+0
-9.139888E+0
-8.787088E+0
-8.518078E+0
-8.341678E+0
-8.263768E+0
-8.271118E+0
-8.366668E+0
-8.544538E+0
-8.767978E+0
-9.026698E+0
-9.258958E+0
-9.438298E+0
-9.533848E+0
-9.575008E+0
-9.561778E+0
-9.519148E+0
-9.464758E+0
-9.438298E+0
-9.425068E+0
-9.425068E+0
-9.411838E+0
-9.372148E+0
-9.283948E+0
-9.163408E+0
-9.016408E+0
-8.837068E+0
-8.643028E+0
-8.457808E+0
-8.301988E+0
-8.187328E+0
-8.135878E+0
-8.143228E+0
-8.216728E+0
-8.357848E+0
-8.562178E+0
-8.806198E+0
-9.038458E+0
-9.247198E+0
-9.358918E+0
-9.385378E+0
-9.333928E+0
-9.222208E+0
-9.116368E+0
-9.038458E+0
-8.982598E+0
-8.972308E+0
-8.994358E+0
-9.026698E+0
-9.070798E+0
-9.139888E+0
-9.247198E+0
-9.425068E+0
-9.707308E+0
-1.019535E+1
-1.103913E+1
-1.284135E+1
-2.050005E+1
-2.050005E+1
-2.050005E+1
-2.050005E+1
-2.050005E+1
-2.050005E+1
-2.050005E+1
-2.050005E+1
-2.050005E+1
-2.050005E+1
-1.369101E+1
-1.140222E+1
-1.043496E+1
-9.896938E+0
-9.575008E+0
-9.411838E+0
-9.347158E+0
-9.347158E+0
-9.385378E+0
-9.438298E+0
-9.477988E+0
-9.519148E+0
-9.547078E+0
-9.575008E+0
-9.619108E+0
-9.692608E+0
-9.799918E+0
-9.980728E+0
-1.021446E+1
-1.049964E+1
-1.080099E+1
-1.112439E+1
-1.140222E+1
-1.160802E+1
-1.164477E+1
-1.157274E+1
-1.143456E+1
-1.130520E+1
-1.121259E+1
-1.118319E+1
-1.124346E+1
-1.140222E+1
-1.168152E+1
-1.209312E+1
-1.248855E+1
-1.277961E+1
-1.284135E+1
-1.254441E+1
-1.200492E+1
-1.136841E+1
-1.075248E+1
-1.021446E+1
-9.769048E+0
-9.411838E+0
-9.128128E+0
-8.929678E+0
-8.806198E+0
-8.767978E+0
-8.797378E+0
-8.898808E+0
-9.104608E+0
-9.385378E+0
