Date/Time	2022-06-27 21:11:27
Line location	3
Line name	C1
OTDR wavelength [nm]	1625
OTDR pulse duration [ns]	2
OTDR scan time [s]	10
OTDR scan length [m]	1.500000E+2
Length offset [m]	0.000000E+0
Length increment [m]	3.996806E-2
Switch ID	VIAVI Solutions,OTU 8000E,11654,FO,16.76
OTDR ID	JDSU,OTU 8000E,11654,OTU(SmartOTU),V7.22

Reflected amplitude [dB]
1.266442E+0
1.206172E+0
1.140022E+0
1.082692E+0
1.035652E+0
9.974320E-1
9.827320E-1
1.043002E+0
1.198822E+0
1.416382E+0
1.673632E+0
1.938232E+0
2.180782E+0
2.382172E+0
2.532112E+0
2.640892E+0
2.712922E+0
2.745262E+0
2.732032E+0
2.679112E+0
2.587972E+0
2.461552E+0
2.299852E+0
2.101402E+0
1.876492E+0
1.644232E+0
1.417852E+0
1.207642E+0
1.016542E+0
8.357320E-1
6.696220E-1
5.270320E-1
4.109020E-1
3.153520E-1
2.345020E-1
1.668820E-1
1.066120E-1
5.222200E-2
2.242000E-3
-4.185800E-2
-8.154800E-2
-1.138880E-1
-1.418180E-1
-1.623980E-1
-1.756280E-1
-1.844480E-1
-1.873880E-1
-1.888580E-1
-1.873880E-1
-1.859180E-1
-1.859180E-1
-1.873880E-1
-1.932680E-1
-2.035580E-1
-2.182580E-1
-2.373680E-1
-2.608880E-1
-2.888180E-1
-3.196880E-1
-3.520280E-1
-3.858380E-1
-4.167080E-1
-4.461080E-1
-4.681580E-1
-4.843280E-1
-4.931480E-1
-4.946180E-1
-4.902080E-1
-4.799180E-1
-4.652180E-1
-4.461080E-1
-4.240580E-1
-3.990680E-1
-3.726080E-1
-3.461480E-1
-3.211580E-1
-2.976380E-1
-2.755880E-1
-2.594180E-1
-2.461880E-1
-2.388380E-1
-2.358980E-1
-2.388380E-1
-2.432480E-1
-2.520680E-1
-2.623580E-1
-2.726480E-1
-2.844080E-1
-2.991080E-1
-3.138080E-1
-3.314480E-1
-3.520280E-1
-3.770180E-1
-4.049480E-1
-4.372880E-1
-4.725680E-1
-5.093180E-1
-5.475380E-1
-5.857580E-1
-6.210380E-1
-6.548480E-1
-6.827780E-1
-7.077680E-1
-7.298180E-1
-7.474580E-1
-7.606880E-1
-7.724480E-1
-7.812680E-1
-7.886180E-1
-7.944980E-1
-7.989080E-1
-8.018480E-1
-8.018480E-1
-8.003780E-1
-7.974380E-1
-7.915580E-1
-7.842080E-1
-7.739180E-1
-7.650980E-1
-7.548080E-1
-7.474580E-1
-7.415780E-1
-7.386380E-1
-7.401080E-1
-7.445180E-1
-7.503980E-1
-7.577480E-1
-7.650980E-1
-7.709780E-1
-7.739180E-1
-7.739180E-1
-7.695080E-1
-7.621580E-1
-7.518680E-1
-7.401080E-1
-7.283480E-1
-7.151180E-1
-7.018880E-1
-6.886580E-1
-6.768980E-1
-6.651380E-1
-6.533780E-1
-6.401480E-1
-6.254480E-1
-6.063380E-1
-5.857580E-1
-5.622380E-1
-5.357780E-1
-4.975580E-1
-4.314080E-1
-3.490880E-1
-2.638280E-1
-1.741580E-1
-8.154800E-2
5.182000E-3
7.721200E-2
1.330720E-1
1.742320E-1
2.036320E-1
2.198020E-1
2.286220E-1
2.198020E-1
1.845220E-1
1.301320E-1
6.839200E-2
8.122000E-3
-5.067800E-2
-1.080080E-1
-1.653380E-1
-2.226680E-1
-2.770580E-1
-3.270380E-1
-3.726080E-1
-4.137680E-1
-4.475780E-1
-4.740380E-1
-4.946180E-1
-5.093180E-1
-5.196080E-1
-5.254880E-1
-5.269580E-1
-5.269580E-1
-5.254880E-1
-5.240180E-1
-5.210780E-1
-5.181380E-1
-5.166680E-1
-5.181380E-1
-5.210780E-1
-5.269580E-1
-5.357780E-1
-5.460680E-1
-5.592980E-1
-5.725280E-1
-5.872280E-1
-5.989880E-1
-6.107480E-1
-6.195680E-1
-6.269180E-1
-6.327980E-1
-6.386780E-1
-6.430880E-1
-6.474980E-1
-6.504380E-1
-6.533780E-1
-6.533780E-1
-6.519080E-1
-6.474980E-1
-6.430880E-1
-6.357380E-1
-6.283880E-1
-6.195680E-1
-6.107480E-1
-6.004580E-1
-5.901680E-1
-5.784080E-1
-5.651780E-1
-5.504780E-1
-5.328380E-1
-5.151980E-1
-4.960880E-1
-4.784480E-1
-4.608080E-1
-4.446380E-1
-4.328780E-1
-4.225880E-1
-4.181780E-1
-4.181780E-1
-4.225880E-1
-4.299380E-1
-4.416980E-1
-4.563980E-1
-4.755080E-1
-4.946180E-1
-5.166680E-1
-5.387180E-1
-5.592980E-1
-5.798780E-1
-5.975180E-1
-6.122180E-1
-6.225080E-1
-6.313280E-1
-6.357380E-1
-6.372080E-1
-6.372080E-1
-6.357380E-1
-6.327980E-1
-6.298580E-1
-6.254480E-1
-6.210380E-1
-6.180980E-1
-6.166280E-1
-6.180980E-1
-6.210380E-1
-6.254480E-1
-6.327980E-1
-6.401480E-1
-6.474980E-1
-6.533780E-1
-6.563180E-1
-6.548480E-1
-6.474980E-1
-6.372080E-1
-6.239780E-1
-6.078080E-1
-5.916380E-1
-5.754680E-1
-5.637080E-1
-5.534180E-1
-5.475380E-1
-5.460680E-1
-5.490080E-1
-5.534180E-1
-5.592980E-1
-5.651780E-1
-5.725280E-1
-5.784080E-1
-5.842880E-1
-5.901680E-1
-5.931080E-1
-5.960480E-1
-5.960480E-1
-5.960480E-1
-5.945780E-1
-5.916380E-1
-5.886980E-1
-5.857580E-1
-5.842880E-1
-5.842880E-1
-5.872280E-1
-5.916380E-1
-5.989880E-1
-6.063380E-1
-6.166280E-1
-6.269180E-1
-6.372080E-1
-6.474980E-1
-6.563180E-1
-6.636680E-1
-6.710180E-1
-6.754280E-1
-6.798380E-1
-6.827780E-1
-6.857180E-1
-6.871880E-1
-6.871880E-1
-6.886580E-1
-6.886580E-1
-6.901280E-1
-6.886580E-1
-6.871880E-1
-6.827780E-1
-6.768980E-1
-6.680780E-1
-6.577880E-1
-6.474980E-1
-6.372080E-1
-6.298580E-1
-6.239780E-1
-6.210380E-1
-6.195680E-1
-6.225080E-1
-6.269180E-1
-6.327980E-1
-6.401480E-1
-6.474980E-1
-6.548480E-1
-6.607280E-1
-6.666080E-1
-6.724880E-1
-6.768980E-1
-6.798380E-1
-6.813080E-1
-6.827780E-1
-6.813080E-1
-6.813080E-1
-6.798380E-1
-6.783680E-1
-6.783680E-1
-6.768980E-1
-6.739580E-1
-6.710180E-1
-6.651380E-1
-6.592580E-1
-6.519080E-1
-6.416180E-1
-6.313280E-1
-6.180980E-1
-6.048680E-1
-5.901680E-1
-5.739980E-1
-5.578280E-1
-5.431280E-1
-5.298980E-1
-5.210780E-1
-5.151980E-1
-5.151980E-1
-5.196080E-1
-5.269580E-1
-5.372480E-1
-5.490080E-1
-5.607680E-1
-5.710580E-1
-5.784080E-1
-5.828180E-1
-5.872280E-1
-5.901680E-1
-5.916380E-1
-5.945780E-1
-5.975180E-1
-6.019280E-1
-6.063380E-1
-6.092780E-1
-6.107480E-1
-6.107480E-1
-6.078080E-1
-6.033980E-1
-5.960480E-1
-5.901680E-1
-5.828180E-1
-5.784080E-1
-5.769380E-1
-5.798780E-1
-5.842880E-1
-5.931080E-1
-6.033980E-1
-6.136880E-1
-6.239780E-1
-6.313280E-1
-6.342680E-1
-6.327980E-1
-6.269180E-1
-6.180980E-1
-6.078080E-1
-5.945780E-1
-5.813480E-1
-5.695880E-1
-5.592980E-1
-5.504780E-1
-5.416580E-1
-5.357780E-1
-5.298980E-1
-5.269580E-1
-5.240180E-1
-5.240180E-1
-5.240180E-1
-5.240180E-1
-5.254880E-1
-5.269580E-1
-5.284280E-1
-5.284280E-1
-5.284280E-1
-5.269580E-1
-5.225480E-1
-5.181380E-1
-5.122580E-1
-5.078480E-1
-5.034380E-1
-4.990280E-1
-4.975580E-1
-4.990280E-1
-5.004980E-1
-5.049080E-1
-5.093180E-1
-5.151980E-1
-5.210780E-1
-5.269580E-1
-5.313680E-1
-5.372480E-1
-5.431280E-1
-5.504780E-1
-5.578280E-1
-5.651780E-1
-5.739980E-1
-5.842880E-1
-5.931080E-1
-6.033980E-1
-6.122180E-1
-6.210380E-1
-6.283880E-1
-6.342680E-1
-6.386780E-1
-6.430880E-1
-6.445580E-1
-6.460280E-1
-6.460280E-1
-6.460280E-1
-6.460280E-1
-6.460280E-1
-6.460280E-1
-6.474980E-1
-6.489680E-1
-6.504380E-1
-6.519080E-1
-6.533780E-1
-6.548480E-1
-6.563180E-1
-6.577880E-1
-6.577880E-1
-6.577880E-1
-6.577880E-1
-6.592580E-1
-6.592580E-1
-6.592580E-1
-6.577880E-1
-6.563180E-1
-6.519080E-1
-6.460280E-1
-6.401480E-1
-6.313280E-1
-6.239780E-1
-6.136880E-1
-6.048680E-1
-5.960480E-1
-5.857580E-1
-5.754680E-1
-5.666480E-1
-5.592980E-1
-5.534180E-1
-5.504780E-1
-5.504780E-1
-5.548880E-1
-5.622380E-1
-5.725280E-1
-5.842880E-1
-5.945780E-1
-6.048680E-1
-6.136880E-1
-6.210380E-1
-6.254480E-1
-6.283880E-1
-6.283880E-1
-6.298580E-1
-6.298580E-1
-6.298580E-1
-6.298580E-1
-6.298580E-1
-6.298580E-1
-6.298580E-1
-6.313280E-1
-6.327980E-1
-6.357380E-1
-6.401480E-1
-6.445580E-1
-6.504380E-1
-6.577880E-1
-6.621980E-1
-6.666080E-1
-6.666080E-1
-6.621980E-1
-6.548480E-1
-6.430880E-1
-6.298580E-1
-6.166280E-1
-6.033980E-1
-5.945780E-1
-5.886980E-1
-5.872280E-1
-5.916380E-1
-6.004580E-1
-6.122180E-1
-6.269180E-1
-6.416180E-1
-6.577880E-1
-6.710180E-1
-6.827780E-1
-6.930680E-1
-7.004180E-1
-7.062980E-1
-7.107080E-1
-7.136480E-1
-7.165880E-1
-7.180580E-1
-7.209980E-1
-7.239380E-1
-7.268780E-1
-7.283480E-1
-7.298180E-1
-7.283480E-1
-7.254080E-1
-7.195280E-1
-7.107080E-1
-7.004180E-1
-6.901280E-1
-6.798380E-1
-6.724880E-1
-6.666080E-1
-6.651380E-1
-6.651380E-1
-6.695480E-1
-6.739580E-1
-6.768980E-1
-6.798380E-1
-6.798380E-1
-6.783680E-1
-6.724880E-1
-6.651380E-1
-6.577880E-1
-6.489680E-1
-6.416180E-1
-6.342680E-1
-6.283880E-1
-6.239780E-1
-6.210380E-1
-6.195680E-1
-6.195680E-1
-6.195680E-1
-6.225080E-1
-6.254480E-1
-6.283880E-1
-6.313280E-1
-6.342680E-1
-6.357380E-1
-6.372080E-1
-6.372080E-1
-6.357380E-1
-6.327980E-1
-6.313280E-1
-6.283880E-1
-6.254480E-1
-6.239780E-1
-6.225080E-1
-6.239780E-1
-6.254480E-1
-6.283880E-1
-6.327980E-1
-6.357380E-1
-6.386780E-1
-6.401480E-1
-6.401480E-1
-6.386780E-1
-6.342680E-1
-6.313280E-1
-6.269180E-1
-6.239780E-1
-6.239780E-1
-6.239780E-1
-6.269180E-1
-6.313280E-1
-6.357380E-1
-6.401480E-1
-6.460280E-1
-6.504380E-1
-6.548480E-1
-6.592580E-1
-6.651380E-1
-6.724880E-1
-6.813080E-1
-6.886580E-1
-6.974780E-1
-7.062980E-1
-7.136480E-1
-7.180580E-1
-7.195280E-1
-7.180580E-1
-7.151180E-1
-7.077680E-1
-7.004180E-1
-6.901280E-1
-6.798380E-1
-6.695480E-1
-6.592580E-1
-6.504380E-1
-6.430880E-1
-6.372080E-1
-6.327980E-1
-6.283880E-1
-6.239780E-1
-6.210380E-1
-6.166280E-1
-6.136880E-1
-6.122180E-1
-6.107480E-1
-6.107480E-1
-6.107480E-1
-6.122180E-1
-6.151580E-1
-6.166280E-1
-6.180980E-1
-6.195680E-1
-6.195680E-1
-6.195680E-1
-6.180980E-1
-6.195680E-1
-6.195680E-1
-6.225080E-1
-6.254480E-1
-6.283880E-1
-6.327980E-1
-6.372080E-1
-6.401480E-1
-6.430880E-1
-6.460280E-1
-6.460280E-1
-6.460280E-1
-6.460280E-1
-6.445580E-1
-6.430880E-1
-6.430880E-1
-6.430880E-1
-6.430880E-1
-6.445580E-1
-6.460280E-1
-6.460280E-1
-6.445580E-1
-6.401480E-1
-6.327980E-1
-6.239780E-1
-6.136880E-1
-6.004580E-1
-5.886980E-1
-5.769380E-1
-5.681180E-1
-5.622380E-1
-5.592980E-1
-5.607680E-1
-5.666480E-1
-5.739980E-1
-5.842880E-1
-5.945780E-1
-6.048680E-1
-6.136880E-1
-6.210380E-1
-6.239780E-1
-6.239780E-1
-6.195680E-1
-6.122180E-1
-6.019280E-1
-5.931080E-1
-5.828180E-1
-5.739980E-1
-5.681180E-1
-5.637080E-1
-5.622380E-1
-5.622380E-1
-5.637080E-1
-5.651780E-1
-5.681180E-1
-5.710580E-1
-5.725280E-1
-5.739980E-1
-5.769380E-1
-5.784080E-1
-5.798780E-1
-5.813480E-1
-5.828180E-1
-5.842880E-1
-5.857580E-1
-5.872280E-1
-5.886980E-1
-5.901680E-1
-5.931080E-1
-5.960480E-1
-5.975180E-1
-6.004580E-1
-6.019280E-1
-6.019280E-1
-6.019280E-1
-6.004580E-1
-5.989880E-1
-5.960480E-1
-5.916380E-1
-5.886980E-1
-5.872280E-1
-5.872280E-1
-5.886980E-1
-5.916380E-1
-5.960480E-1
-6.019280E-1
-6.078080E-1
-6.122180E-1
-6.166280E-1
-6.166280E-1
-6.166280E-1
-6.122180E-1
-6.078080E-1
-6.033980E-1
-5.989880E-1
-5.975180E-1
-5.989880E-1
-6.033980E-1
-6.107480E-1
-6.195680E-1
-6.313280E-1
-6.401480E-1
-6.489680E-1
-6.533780E-1
-6.563180E-1
-6.548480E-1
-6.504380E-1
-6.460280E-1
-6.401480E-1
-6.357380E-1
-6.342680E-1
-6.357380E-1
-6.386780E-1
-6.460280E-1
-6.533780E-1
-6.621980E-1
-6.695480E-1
-6.783680E-1
-6.842480E-1
-6.901280E-1
-6.930680E-1
-6.945380E-1
-6.945380E-1
-6.915980E-1
-6.886580E-1
-6.827780E-1
-6.754280E-1
-6.680780E-1
-6.592580E-1
-6.489680E-1
-6.386780E-1
-6.298580E-1
-6.225080E-1
-6.166280E-1
-6.136880E-1
-6.136880E-1
-6.151580E-1
-6.195680E-1
-6.254480E-1
-6.327980E-1
-6.416180E-1
-6.519080E-1
-6.607280E-1
-6.710180E-1
-6.827780E-1
-6.930680E-1
-7.033580E-1
-7.121780E-1
-7.195280E-1
-7.239380E-1
-7.268780E-1
-7.254080E-1
-7.209980E-1
-7.136480E-1
-7.033580E-1
-6.930680E-1
-6.798380E-1
-6.680780E-1
-6.548480E-1
-6.430880E-1
-6.313280E-1
-6.239780E-1
-6.166280E-1
-6.122180E-1
-6.092780E-1
-6.092780E-1
-6.078080E-1
-6.078080E-1
-6.048680E-1
-6.033980E-1
-6.004580E-1
-5.960480E-1
-5.931080E-1
-5.916380E-1
-5.901680E-1
-5.916380E-1
-5.960480E-1
-6.019280E-1
-6.092780E-1
-6.166280E-1
-6.254480E-1
-6.327980E-1
-6.416180E-1
-6.474980E-1
-6.519080E-1
-6.548480E-1
-6.577880E-1
-6.592580E-1
-6.607280E-1
-6.607280E-1
-6.621980E-1
-6.636680E-1
-6.636680E-1
-6.636680E-1
-6.621980E-1
-6.607280E-1
-6.577880E-1
-6.533780E-1
-6.489680E-1
-6.430880E-1
-6.386780E-1
-6.342680E-1
-6.313280E-1
-6.298580E-1
-6.283880E-1
-6.283880E-1
-6.313280E-1
-6.342680E-1
-6.401480E-1
-6.474980E-1
-6.563180E-1
-6.680780E-1
-6.783680E-1
-6.901280E-1
-7.018880E-1
-7.121780E-1
-7.209980E-1
-7.283480E-1
-7.327580E-1
-7.356980E-1
-7.356980E-1
-7.342280E-1
-7.298180E-1
-7.224680E-1
-7.136480E-1
-7.033580E-1
-6.915980E-1
-6.798380E-1
-6.666080E-1
-6.519080E-1
-6.386780E-1
-6.269180E-1
-6.151580E-1
-6.063380E-1
-6.004580E-1
-5.975180E-1
-5.989880E-1
-6.048680E-1
-6.136880E-1
-6.239780E-1
-6.357380E-1
-6.474980E-1
-6.577880E-1
-6.651380E-1
-6.695480E-1
-6.695480E-1
-6.666080E-1
-6.607280E-1
-6.533780E-1
-6.460280E-1
-6.386780E-1
-6.327980E-1
-6.283880E-1
-6.269180E-1
-6.269180E-1
-6.283880E-1
-6.327980E-1
-6.372080E-1
-6.416180E-1
-6.474980E-1
-6.519080E-1
-6.563180E-1
-6.607280E-1
-6.636680E-1
-6.666080E-1
-6.666080E-1
-6.651380E-1
-6.621980E-1
-6.563180E-1
-6.489680E-1
-6.386780E-1
-6.283880E-1
-6.180980E-1
-6.078080E-1
-5.975180E-1
-5.901680E-1
-5.842880E-1
-5.813480E-1
-5.798780E-1
-5.813480E-1
-5.842880E-1
-5.886980E-1
-5.945780E-1
-6.019280E-1
-6.107480E-1
-6.210380E-1
-6.313280E-1
-6.401480E-1
-6.489680E-1
-6.563180E-1
-6.607280E-1
-6.636680E-1
-6.636680E-1
-6.621980E-1
-6.607280E-1
-6.592580E-1
-6.607280E-1
-6.636680E-1
-6.666080E-1
-6.724880E-1
-6.783680E-1
-6.827780E-1
-6.857180E-1
-6.857180E-1
-6.827780E-1
-6.754280E-1
-6.666080E-1
-6.563180E-1
-6.430880E-1
-6.313280E-1
-6.210380E-1
-6.122180E-1
-6.048680E-1
-6.004580E-1
-6.004580E-1
-6.019280E-1
-6.048680E-1
-6.092780E-1
-6.136880E-1
-6.195680E-1
-6.225080E-1
-6.239780E-1
-6.239780E-1
-6.210380E-1
-6.151580E-1
-6.078080E-1
-5.975180E-1
-5.872280E-1
-5.769380E-1
-5.666480E-1
-5.592980E-1
-5.519480E-1
-5.475380E-1
-5.460680E-1
-5.460680E-1
-5.475380E-1
-5.504780E-1
-5.548880E-1
-5.592980E-1
-5.637080E-1
-5.681180E-1
-5.725280E-1
-5.769380E-1
-5.798780E-1
-5.842880E-1
-5.872280E-1
-5.886980E-1
-5.901680E-1
-5.886980E-1
-5.857580E-1
-5.828180E-1
-5.798780E-1
-5.754680E-1
-5.739980E-1
-5.725280E-1
-5.739980E-1
-5.754680E-1
-5.798780E-1
-5.842880E-1
-5.916380E-1
-5.989880E-1
-6.078080E-1
-6.151580E-1
-6.239780E-1
-6.327980E-1
-6.401480E-1
-6.460280E-1
-6.504380E-1
-6.533780E-1
-6.563180E-1
-6.592580E-1
-6.621980E-1
-6.666080E-1
-6.724880E-1
-6.783680E-1
-6.857180E-1
-6.930680E-1
-6.974780E-1
-6.989480E-1
-6.960080E-1
-6.901280E-1
-6.813080E-1
-6.695480E-1
-6.577880E-1
-6.460280E-1
-6.386780E-1
-6.357380E-1
-6.386780E-1
-6.489680E-1
-6.666080E-1
-6.915980E-1
-7.254080E-1
-7.665680E-1
-8.150780E-1
-8.694680E-1
-9.297380E-1
-9.929480E-1
-1.060568E+0
-1.126718E+0
-1.192868E+0
-1.254608E+0
-1.311938E+0
-1.364858E+0
-1.411898E+0
-1.454528E+0
-1.491278E+0
-1.525088E+0
-1.555958E+0
-1.585358E+0
-1.611818E+0
-1.635338E+0
-1.657388E+0
-1.677968E+0
-1.697078E+0
-1.714718E+0
-1.730888E+0
-1.748528E+0
-1.764698E+0
-1.779398E+0
-1.792628E+0
-1.805858E+0
-1.816148E+0
-1.826438E+0
-1.835258E+0
-1.842608E+0
-1.849958E+0
-1.858778E+0
-1.867598E+0
-1.877888E+0
-1.891118E+0
-1.902878E+0
-1.916108E+0
-1.930808E+0
-1.944038E+0
-1.954328E+0
-1.963148E+0
-1.967558E+0
-1.969028E+0
-1.966088E+0
-1.958738E+0
-1.946978E+0
-1.932278E+0
-1.916108E+0
-1.898468E+0
-1.879358E+0
-1.861718E+0
-1.845548E+0
-1.829378E+0
-1.816148E+0
-1.804388E+0
-1.794098E+0
-1.785278E+0
-1.777928E+0
-1.773518E+0
-1.770578E+0
-1.770578E+0
-1.773518E+0
-1.777928E+0
-1.785278E+0
-1.795568E+0
-1.805858E+0
-1.819088E+0
-1.832318E+0
-1.844078E+0
-1.855838E+0
-1.870538E+0
-1.883768E+0
-1.898468E+0
-1.913168E+0
-1.930808E+0
-1.948448E+0
-1.967558E+0
-1.988138E+0
-2.007248E+0
-2.024888E+0
-2.038118E+0
-2.049878E+0
-2.057228E+0
-2.058698E+0
-2.058698E+0
-2.054288E+0
-2.048408E+0
-2.042528E+0
-2.036648E+0
-2.033708E+0
-2.030768E+0
-2.032238E+0
-2.033708E+0
-2.038118E+0
-2.042528E+0
-2.046938E+0
-2.052818E+0
-2.055758E+0
-2.057228E+0
-2.057228E+0
-2.052818E+0
-2.046938E+0
-2.039588E+0
-2.030768E+0
-2.020478E+0
-2.010188E+0
-1.999898E+0
-1.992548E+0
-1.986668E+0
-1.983728E+0
-1.982258E+0
-1.982258E+0
-1.980788E+0
-1.980788E+0
-1.977848E+0
-1.973438E+0
-1.967558E+0
-1.960208E+0
-1.952858E+0
-1.945508E+0
-1.939628E+0
-1.935218E+0
-1.935218E+0
-1.936688E+0
-1.942568E+0
-1.951388E+0
-1.961678E+0
-1.973438E+0
-1.983728E+0
-1.994018E+0
-2.001368E+0
-2.007248E+0
-2.011658E+0
-2.016068E+0
-2.021948E+0
-2.030768E+0
-2.041058E+0
-2.054288E+0
-2.070458E+0
-2.086628E+0
-2.102798E+0
-2.116028E+0
-2.127788E+0
-2.135138E+0
-2.141018E+0
-2.143958E+0
-2.145428E+0
-2.145428E+0
-2.143958E+0
-2.141018E+0
-2.135138E+0
-2.124848E+0
-2.110148E+0
-2.093978E+0
-2.073398E+0
-2.052818E+0
-2.032238E+0
-2.013128E+0
-1.995488E+0
-1.980788E+0
-1.969028E+0
-1.958738E+0
-1.951388E+0
-1.944038E+0
-1.939628E+0
-1.938158E+0
-1.941098E+0
-1.945508E+0
-1.955798E+0
-1.969028E+0
-1.986668E+0
-2.007248E+0
-2.027828E+0
-2.048408E+0
-2.068988E+0
-2.086628E+0
-2.102798E+0
-2.114558E+0
-2.123378E+0
-2.129258E+0
-2.132198E+0
-2.133668E+0
-2.135138E+0
-2.135138E+0
-2.133668E+0
-2.132198E+0
-2.129258E+0
-2.124848E+0
-2.120438E+0
-2.114558E+0
-2.108678E+0
-2.104268E+0
-2.101328E+0
-2.099858E+0
-2.101328E+0
-2.104268E+0
-2.110148E+0
-2.118968E+0
-2.127788E+0
-2.136608E+0
-2.146898E+0
-2.158658E+0
-2.170418E+0
-2.183648E+0
-2.198348E+0
-2.213048E+0
-2.227748E+0
-2.242448E+0
-2.257148E+0
-2.268908E+0
-2.277728E+0
-2.285078E+0
-2.288018E+0
-2.289488E+0
-2.288018E+0
-2.286548E+0
-2.283608E+0
-2.280668E+0
-2.277728E+0
-2.276258E+0
-2.279198E+0
-2.282138E+0
-2.288018E+0
-2.296838E+0
-2.308598E+0
-2.318888E+0
-2.332118E+0
-2.342408E+0
-2.352698E+0
-2.360048E+0
-2.365928E+0
-2.367398E+0
-2.364458E+0
-2.358578E+0
-2.349758E+0
-2.336528E+0
-2.321828E+0
-2.305658E+0
-2.289488E+0
-2.274788E+0
-2.261558E+0
-2.251268E+0
-2.242448E+0
-2.238038E+0
-2.233628E+0
-2.230688E+0
-2.224808E+0
-2.218928E+0
-2.210108E+0
-2.198348E+0
-2.185118E+0
-2.171888E+0
-2.160128E+0
-2.152778E+0
-2.148368E+0
-2.149838E+0
-2.157188E+0
-2.168948E+0
-2.182178E+0
-2.198348E+0
-2.214518E+0
-2.226278E+0
-2.235098E+0
-2.238038E+0
-2.236568E+0
-2.230688E+0
-2.221868E+0
-2.210108E+0
-2.198348E+0
-2.188058E+0
-2.177768E+0
-2.171888E+0
-2.168948E+0
-2.173358E+0
-2.182178E+0
-2.199818E+0
-2.224808E+0
-2.254208E+0
-2.288018E+0
-2.323298E+0
-2.357108E+0
-2.385038E+0
-2.402678E+0
-2.411498E+0
-2.410028E+0
-2.401208E+0
-2.386508E+0
-2.368868E+0
-2.352698E+0
-2.342408E+0
-2.336528E+0
-2.336528E+0
-2.342408E+0
-2.354168E+0
-2.368868E+0
-2.385038E+0
-2.401208E+0
-2.415908E+0
-2.426198E+0
-2.435018E+0
-2.439428E+0
-2.439428E+0
-2.436488E+0
-2.429138E+0
-2.420318E+0
-2.405618E+0
-2.389448E+0
-2.371808E+0
-2.351228E+0
-2.330648E+0
-2.311538E+0
-2.293898E+0
-2.279198E+0
-2.267438E+0
-2.258618E+0
-2.254208E+0
-2.252738E+0
-2.254208E+0
-2.261558E+0
-2.268908E+0
-2.279198E+0
-2.290958E+0
-2.305658E+0
-2.321828E+0
-2.339468E+0
-2.358578E+0
-2.382098E+0
-2.407088E+0
-2.432078E+0
-2.458538E+0
-2.483528E+0
-2.505578E+0
-2.524688E+0
-2.536448E+0
-2.543798E+0
-2.543798E+0
-2.540858E+0
-2.534978E+0
-2.529098E+0
-2.526158E+0
-2.526158E+0
-2.532038E+0
-2.543798E+0
-2.559968E+0
-2.580548E+0
-2.601128E+0
-2.621708E+0
-2.637878E+0
-2.645228E+0
-2.645228E+0
-2.634938E+0
-2.615828E+0
-2.586428E+0
-2.552618E+0
-2.514398E+0
-2.476178E+0
-2.442368E+0
-2.414438E+0
-2.393858E+0
-2.382098E+0
-2.380628E+0
-2.385038E+0
-2.398268E+0
-2.414438E+0
-2.432078E+0
-2.448248E+0
-2.460008E+0
-2.468828E+0
-2.473238E+0
-2.474708E+0
-2.476178E+0
-2.476178E+0
-2.479118E+0
-2.484998E+0
-2.495288E+0
-2.505578E+0
-2.518808E+0
-2.533508E+0
-2.548208E+0
-2.561438E+0
-2.570258E+0
-2.576138E+0
-2.574668E+0
-2.567318E+0
-2.555558E+0
-2.539388E+0
-2.520278E+0
-2.501168E+0
-2.486468E+0
-2.476178E+0
-2.473238E+0
-2.477648E+0
-2.486468E+0
-2.501168E+0
-2.517338E+0
-2.532038E+0
-2.545268E+0
-2.554088E+0
-2.561438E+0
-2.564378E+0
-2.568788E+0
-2.573198E+0
-2.579078E+0
-2.587898E+0
-2.599658E+0
-2.611418E+0
-2.620238E+0
-2.626118E+0
-2.627588E+0
-2.623178E+0
-2.612888E+0
-2.598188E+0
-2.582018E+0
-2.565848E+0
-2.552618E+0
-2.545268E+0
-2.540858E+0
-2.543798E+0
-2.549678E+0
-2.558498E+0
-2.568788E+0
-2.579078E+0
-2.586428E+0
-2.592308E+0
-2.593778E+0
-2.593778E+0
-2.590838E+0
-2.586428E+0
-2.580548E+0
-2.571728E+0
-2.559968E+0
-2.543798E+0
-2.524688E+0
-2.501168E+0
-2.477648E+0
-2.454128E+0
-2.433548E+0
-2.417378E+0
-2.407088E+0
-2.402678E+0
-2.402678E+0
-2.408558E+0
-2.417378E+0
-2.429138E+0
-2.440898E+0
-2.455598E+0
-2.471768E+0
-2.489408E+0
-2.511458E+0
-2.536448E+0
-2.565848E+0
-2.596718E+0
-2.630528E+0
-2.664338E+0
-2.696678E+0
-2.726078E+0
-2.754008E+0
-2.777528E+0
-2.798108E+0
-2.815748E+0
-2.828978E+0
-2.839268E+0
-2.846618E+0
-2.851028E+0
-2.853968E+0
-2.855438E+0
-2.858378E+0
-2.862788E+0
-2.868668E+0
-2.877488E+0
-2.887778E+0
-2.899538E+0
-2.909828E+0
-2.917178E+0
-2.920118E+0
-2.915708E+0
-2.906888E+0
-2.889248E+0
-2.868668E+0
-2.848088E+0
-2.826038E+0
-2.808398E+0
-2.793698E+0
-2.784878E+0
-2.778998E+0
-2.778998E+0
-2.780468E+0
-2.783408E+0
-2.789288E+0
-2.796638E+0
-2.806928E+0
-2.818688E+0
-2.831918E+0
-2.843678E+0
-2.852498E+0
-2.858378E+0
-2.855438E+0
-2.845148E+0
-2.826038E+0
-2.802518E+0
-2.773118E+0
-2.745188E+0
-2.718728E+0
-2.696678E+0
-2.681978E+0
-2.673158E+0
-2.670218E+0
-2.673158E+0
-2.681978E+0
-2.692268E+0
-2.704028E+0
-2.717258E+0
-2.730488E+0
-2.740778E+0
-2.751068E+0
-2.758418E+0
-2.767238E+0
-2.773118E+0
-2.780468E+0
-2.787818E+0
-2.796638E+0
-2.806928E+0
-2.817218E+0
-2.828978E+0
-2.839268E+0
-2.849558E+0
-2.856908E+0
-2.862788E+0
-2.867198E+0
-2.873078E+0
-2.878958E+0
-2.887778E+0
-2.898068E+0
-2.912768E+0
-2.927468E+0
-2.943638E+0
-2.959808E+0
-2.971568E+0
-2.978918E+0
-2.981858E+0
-2.978918E+0
-2.968628E+0
-2.955398E+0
-2.937758E+0
-2.918648E+0
-2.898068E+0
-2.878958E+0
-2.859848E+0
-2.842208E+0
-2.827508E+0
-2.815748E+0
-2.805458E+0
-2.798108E+0
-2.792228E+0
-2.786348E+0
-2.783408E+0
-2.780468E+0
-2.777528E+0
-2.773118E+0
-2.768708E+0
-2.761358E+0
-2.755478E+0
-2.745188E+0
-2.737838E+0
-2.729018E+0
-2.724608E+0
-2.721668E+0
-2.723138E+0
-2.729018E+0
-2.737838E+0
-2.749598E+0
-2.761358E+0
-2.774588E+0
-2.787818E+0
-2.801048E+0
-2.812808E+0
-2.824568E+0
-2.834858E+0
-2.845148E+0
-2.856908E+0
-2.867198E+0
-2.878958E+0
-2.890718E+0
-2.903948E+0
-2.920118E+0
-2.937758E+0
-2.959808E+0
-2.981858E+0
-3.006848E+0
-3.031838E+0
-3.055358E+0
-3.075938E+0
-3.093578E+0
-3.105338E+0
-3.112688E+0
-3.117098E+0
-3.120038E+0
-3.121508E+0
-3.121508E+0
-3.120038E+0
-3.117098E+0
-3.112688E+0
-3.105338E+0
-3.093578E+0
-3.078878E+0
-3.064178E+0
-3.048008E+0
-3.030368E+0
-3.012728E+0
-2.995088E+0
-2.977448E+0
-2.956868E+0
-2.934818E+0
-2.909828E+0
-2.881898E+0
-2.853968E+0
-2.826038E+0
-2.802518E+0
-2.783408E+0
-2.771648E+0
-2.771648E+0
-2.780468E+0
-2.798108E+0
-2.824568E+0
-2.855438E+0
-2.887778E+0
-2.915708E+0
-2.939228E+0
-2.953928E+0
-2.959808E+0
-2.958338E+0
-2.950988E+0
-2.940698E+0
-2.933348E+0
-2.927468E+0
-2.927468E+0
-2.933348E+0
-2.945108E+0
-2.962748E+0
-2.983328E+0
-3.006848E+0
-3.030368E+0
-3.052418E+0
-3.074468E+0
-3.093578E+0
-3.109748E+0
-3.124448E+0
-3.139148E+0
-3.150908E+0
-3.159728E+0
-3.167078E+0
-3.167078E+0
-3.161198E+0
-3.146498E+0
-3.124448E+0
-3.096518E+0
-3.067118E+0
-3.039188E+0
-3.017138E+0
-3.002438E+0
-2.999498E+0
-3.008318E+0
-3.027428E+0
-3.049478E+0
-3.074468E+0
-3.096518E+0
-3.112688E+0
-3.120038E+0
-3.117098E+0
-3.103868E+0
-3.083288E+0
-3.058298E+0
-3.030368E+0
-2.999498E+0
-2.973038E+0
-2.948048E+0
-2.925998E+0
-2.909828E+0
-2.895128E+0
-2.886308E+0
-2.878958E+0
-2.876018E+0
-2.878958E+0
-2.881898E+0
-2.889248E+0
-2.896598E+0
-2.905418E+0
-2.914238E+0
-2.918648E+0
-2.921588E+0
-2.921588E+0
-2.920118E+0
-2.918648E+0
-2.920118E+0
-2.924528E+0
-2.934818E+0
-2.950988E+0
-2.974508E+0
-3.000968E+0
-3.031838E+0
-3.064178E+0
-3.095048E+0
-3.124448E+0
-3.149438E+0
-3.172958E+0
-3.190598E+0
-3.205298E+0
-3.214118E+0
-3.219998E+0
-3.222938E+0
-3.222938E+0
-3.219998E+0
-3.215588E+0
-3.212648E+0
-3.211178E+0
-3.211178E+0
-3.214118E+0
-3.217058E+0
-3.222938E+0
-3.228818E+0
-3.237638E+0
-3.249398E+0
-3.265568E+0
-3.283208E+0
-3.308198E+0
-3.336128E+0
-3.369938E+0
-3.405218E+0
-3.441968E+0
-3.475778E+0
-3.508118E+0
-3.531638E+0
-3.547808E+0
-3.553688E+0
-3.549278E+0
-3.534578E+0
-3.512528E+0
-3.483128E+0
-3.447848E+0
-3.408158E+0
-3.365528E+0
-3.318488E+0
-3.268508E+0
-3.218528E+0
-3.170018E+0
-3.124448E+0
-3.031838E+0
-2.743718E+0
-2.193938E+0
-1.539788E+0
-8.650580E-1
-2.050280E-1
3.888520E-1
9.254020E-1
1.382572E+0
1.728022E+0
1.972042E+0
2.141092E+0
2.255752E+0
2.332192E+0
2.368942E+0
2.354242E+0
2.279272E+0
2.145502E+0
1.963222E+0
1.736842E+0
1.466362E+0
1.147372E+0
7.828120E-1
3.741520E-1
-8.301800E-2
-5.681180E-1
-1.066448E+0
-1.583888E+0
-2.121908E+0
-2.658458E+0
-3.172958E+0
-3.656588E+0
-4.101998E+0
-4.507718E+0
-4.872278E+0
-5.201558E+0
-5.502908E+0
-5.779268E+0
-6.043868E+0
-6.293768E+0
-6.534848E+0
-6.771518E+0
-7.015538E+0
-7.266908E+0
-7.534448E+0
-7.825508E+0
-8.143028E+0
-8.516408E+0
-8.911838E+0
-9.316088E+0
-9.695348E+0
-9.999638E+0
-1.025248E+1
-1.040389E+1
-1.048327E+1
-1.056706E+1
-1.068319E+1
-1.086841E+1
-1.118152E+1
-1.159312E+1
-1.204441E+1
-1.247365E+1
-1.276324E+1
-1.276324E+1
-1.247365E+1
-1.198855E+1
-1.141966E+1
-1.093456E+1
-1.045681E+1
-1.008784E+1
-9.733568E+0
-9.446918E+0
-9.192608E+0
-8.977988E+0
-8.822168E+0
-8.710448E+0
-8.651648E+0
-8.663408E+0
-8.722208E+0
-8.833928E+0
-8.992688E+0
-9.192608E+0
-9.413108E+0
-9.639488E+0
-9.852638E+0
-1.006579E+1
-1.025248E+1
-1.043035E+1
-1.059499E+1
-1.074346E+1
-1.086841E+1
-1.103746E+1
-1.118152E+1
-1.137850E+1
-1.163869E+1
-1.204441E+1
-1.268680E+1
-1.384663E+1
-1.761424E+1
-2.000005E+1
-2.000005E+1
-2.000005E+1
-2.000005E+1
-2.000005E+1
-2.000005E+1
-2.000005E+1
-2.000005E+1
-2.000005E+1
-1.577380E+1
-1.215907E+1
-1.080520E+1
-9.977588E+0
-9.396938E+0
-8.977988E+0
-8.698688E+0
-8.526698E+0
-8.450258E+0
-8.450258E+0
-8.494358E+0
-8.548748E+0
-8.604608E+0
-8.616368E+0
-8.548748E+0
-8.398808E+0
-8.181248E+0
-7.957808E+0
-7.740248E+0
-7.563848E+0
-7.438898E+0
-7.380098E+0
-7.393328E+0
-7.472708E+0
-7.606478E+0
-7.787288E+0
-8.000438E+0
-8.247398E+0
-8.482598E+0
-8.698688E+0
-8.898608E+0
-9.047078E+0
-9.163208E+0
-9.222008E+0
-9.252878E+0
-9.269048E+0
-9.269048E+0
-9.299918E+0
-9.379298E+0
-9.496898E+0
-9.695348E+0
-9.999638E+0
-1.043035E+1
-1.103746E+1
-1.193563E+1
-1.328803E+1
-1.610896E+1
-2.000005E+1
-2.000005E+1
-2.000005E+1
-2.000005E+1
-2.000005E+1
-2.000005E+1
-2.000005E+1
-2.000005E+1
-2.000005E+1
-2.000005E+1
-2.000005E+1
-2.000005E+1
-2.000005E+1
-1.384663E+1
-1.118152E+1
-1.006579E+1
-9.446918E+0
-9.104408E+0
-8.951528E+0
-8.951528E+0
-9.089708E+0
-9.346958E+0
-9.733568E+0
-1.025248E+1
-1.100218E+1
-1.210027E+1
-1.443022E+1
-2.000005E+1
-2.000005E+1
-2.000005E+1
-2.000005E+1
-2.000005E+1
-2.000005E+1
-2.000005E+1
-2.000005E+1
-2.000005E+1
-2.000005E+1
-2.000005E+1
-2.000005E+1
-2.000005E+1
-2.000005E+1
-2.000005E+1
-2.000005E+1
-2.000005E+1
-1.261330E+1
-1.141966E+1
-1.093456E+1
-1.080520E+1
-1.096837E+1
-1.133734E+1
-1.198855E+1
-1.301020E+1
-1.522843E+1
-2.000005E+1
-2.000005E+1
-2.000005E+1
-2.000005E+1
-2.000005E+1
-2.000005E+1
-2.000005E+1
-2.000005E+1
-2.000005E+1
-2.000005E+1
-2.000005E+1
-2.000005E+1
-2.000005E+1
-2.000005E+1
-2.000005E+1
-2.000005E+1
-2.000005E+1
-2.000005E+1
-2.000005E+1
-2.000005E+1
-2.000005E+1
-2.000005E+1
-2.000005E+1
-1.761424E+1
-1.328803E+1
-1.215907E+1
-1.173277E+1
-1.163869E+1
-1.193563E+1
-1.268680E+1
-1.499911E+1
-2.000005E+1
-2.000005E+1
-2.000005E+1
-2.000005E+1
-2.000005E+1
-2.000005E+1
-2.000005E+1
-2.000005E+1
-2.000005E+1
-2.000005E+1
-2.000005E+1
-2.000005E+1
-2.000005E+1
-2.000005E+1
-2.000005E+1
-2.000005E+1
-2.000005E+1
-1.426852E+1
-1.198855E+1
-1.090222E+1
-1.025248E+1
-9.832058E+0
-9.549818E+0
-9.379298E+0
-9.269048E+0
-9.222008E+0
-9.192608E+0
-9.163208E+0
-9.104408E+0
-9.047078E+0
-8.977988E+0
-8.925068E+0
-8.885378E+0
-8.872148E+0
-8.872148E+0
-8.911838E+0
-8.951528E+0
-8.992688E+0
-8.992688E+0
-8.951528E+0
-8.872148E+0
-8.772188E+0
-8.663408E+0
-8.560508E+0
-8.494358E+0
-8.494358E+0
-8.582558E+0
-8.772188E+0
-9.089708E+0
-9.567458E+0
-1.030099E+1
-1.150492E+1
-1.426852E+1
-2.000005E+1
-2.000005E+1
-2.000005E+1
-2.000005E+1
-2.000005E+1
-2.000005E+1
-2.000005E+1
-2.000005E+1
-2.000005E+1
-2.000005E+1
-2.000005E+1
-2.000005E+1
-2.000005E+1
-2.000005E+1
-2.000005E+1
-2.000005E+1
-2.000005E+1
-2.000005E+1
-1.650439E+1
-1.499911E+1
-1.426852E+1
-1.349383E+1
-1.292494E+1
-1.240750E+1
-1.198855E+1
-1.168573E+1
-1.154902E+1
-1.154902E+1
-1.168573E+1
-1.210027E+1
-1.284262E+1
-1.443022E+1
-2.000005E+1
-2.000005E+1
-2.000005E+1
-2.000005E+1
-2.000005E+1
-2.000005E+1
-2.000005E+1
-2.000005E+1
-2.000005E+1
-2.000005E+1
-1.522843E+1
-1.319101E+1
-1.247365E+1
-1.215907E+1
-1.227961E+1
-1.292494E+1
-1.499911E+1
-2.000005E+1
-2.000005E+1
-2.000005E+1
-2.000005E+1
-2.000005E+1
-2.000005E+1
-2.000005E+1
-2.000005E+1
-2.000005E+1
-2.000005E+1
-2.000005E+1
-2.000005E+1
-2.000005E+1
-2.000005E+1
-2.000005E+1
-1.548421E+1
-1.215907E+1
-1.107274E+1
-1.053913E+1
-1.030099E+1
-1.020397E+1
-1.027747E+1
-1.043035E+1
-1.068319E+1
-1.103746E+1
-1.150492E+1
-1.210027E+1
-1.292494E+1
-1.411858E+1
-1.650439E+1
-2.000005E+1
-2.000005E+1
-2.000005E+1
-2.000005E+1
-2.000005E+1
-2.000005E+1
-2.000005E+1
-2.000005E+1
-2.000005E+1
-2.000005E+1
-2.000005E+1
-1.372315E+1
-1.210027E+1
-1.110802E+1
-1.045681E+1
-1.004374E+1
-9.773258E+0
-9.639488E+0
-9.602738E+0
-9.658598E+0
-9.792368E+0
-9.999638E+0
-1.027747E+1
-1.062439E+1
-1.103746E+1
-1.154902E+1
-1.227961E+1
-1.338799E+1
-1.577380E+1
-2.000005E+1
-2.000005E+1
-2.000005E+1
-2.000005E+1
-2.000005E+1
-2.000005E+1
-2.000005E+1
-2.000005E+1
-2.000005E+1
-2.000005E+1
-2.000005E+1
-1.577380E+1
-1.240750E+1
-1.114477E+1
-1.043035E+1
-9.955538E+0
-9.676238E+0
-9.514538E+0
-9.446918E+0
-9.496898E+0
-9.639488E+0
-9.914378E+0
-1.035244E+1
-1.100218E+1
-1.198855E+1
-1.384663E+1
-2.000005E+1
-2.000005E+1
-2.000005E+1
-2.000005E+1
-2.000005E+1
-2.000005E+1
-2.000005E+1
-1.698949E+1
-1.522843E+1
-1.499911E+1
-1.548421E+1
-1.761424E+1
-2.000005E+1
-2.000005E+1
-2.000005E+1
-2.000005E+1
-2.000005E+1
-2.000005E+1
-2.000005E+1
-2.000005E+1
-2.000005E+1
-2.000005E+1
-2.000005E+1
-2.000005E+1
-2.000005E+1
-2.000005E+1
-2.000005E+1
-2.000005E+1
-2.000005E+1
-2.000005E+1
-2.000005E+1
-2.000005E+1
-2.000005E+1
-2.000005E+1
-2.000005E+1
-2.000005E+1
-2.000005E+1
-2.000005E+1
-2.000005E+1
-2.000005E+1
-2.000005E+1
-2.000005E+1
-2.000005E+1
-2.000005E+1
-2.000005E+1
-2.000005E+1
-2.000005E+1
-2.000005E+1
-2.000005E+1
-2.000005E+1
-2.000005E+1
-2.000005E+1
-2.000005E+1
-2.000005E+1
-1.610896E+1
-1.479331E+1
-1.522843E+1
-1.698949E+1
-2.000005E+1
-2.000005E+1
-2.000005E+1
-2.000005E+1
-1.522843E+1
-1.360555E+1
-1.268680E+1
-1.240750E+1
-1.261330E+1
-1.360555E+1
-2.000005E+1
-2.000005E+1
-2.000005E+1
-2.000005E+1
-2.000005E+1
-2.000005E+1
-2.000005E+1
-2.000005E+1
-2.000005E+1
-1.301020E+1
-1.121974E+1
-1.037743E+1
-9.934958E+0
-9.752678E+0
-9.773258E+0
-9.977588E+0
-1.040389E+1
-1.121974E+1
-1.292494E+1
-2.000005E+1
-2.000005E+1
-2.000005E+1
-2.000005E+1
-2.000005E+1
-2.000005E+1
-2.000005E+1
-2.000005E+1
-2.000005E+1
-2.000005E+1
-2.000005E+1
-2.000005E+1
-2.000005E+1
-2.000005E+1
-2.000005E+1
-2.000005E+1
-2.000005E+1
-2.000005E+1
-2.000005E+1
-2.000005E+1
-2.000005E+1
-2.000005E+1
-2.000005E+1
-2.000005E+1
-2.000005E+1
-2.000005E+1
-2.000005E+1
-2.000005E+1
-2.000005E+1
-2.000005E+1
-2.000005E+1
-2.000005E+1
-2.000005E+1
-2.000005E+1
-2.000005E+1
-2.000005E+1
-2.000005E+1
-2.000005E+1
-2.000005E+1
-2.000005E+1
-2.000005E+1
-2.000005E+1
-2.000005E+1
-1.548421E+1
-1.137850E+1
-1.008784E+1
-9.346958E+0
-8.872148E+0
-8.582558E+0
-8.419388E+0
-8.357648E+0
-8.367938E+0
-8.439968E+0
-8.560508E+0
-8.686928E+0
-8.808938E+0
-8.911838E+0
-8.992688E+0
-9.019148E+0
-9.033848E+0
-9.047078E+0
-9.075008E+0
-9.148508E+0
-9.283748E+0
-9.480728E+0
-9.792368E+0
-1.020397E+1
-1.077433E+1
-1.159312E+1
-1.301020E+1
-1.761424E+1
-2.000005E+1
-2.000005E+1
-2.000005E+1
-2.000005E+1
-2.000005E+1
-2.000005E+1
-2.000005E+1
-2.000005E+1
-2.000005E+1
-1.761424E+1
-1.397893E+1
-1.301020E+1
-1.240750E+1
-1.215907E+1
-1.210027E+1
-1.210027E+1
-1.221787E+1
-1.240750E+1
-1.268680E+1
-1.301020E+1
-1.338799E+1
-1.349383E+1
-1.319101E+1
-1.261330E+1
-1.193563E+1
-1.121974E+1
-1.065379E+1
-1.022749E+1
-9.955538E+0
-9.852638E+0
-9.893798E+0
-1.018045E+1
-1.077433E+1
-1.198855E+1
-1.610896E+1
-2.000005E+1
-2.000005E+1
-2.000005E+1
-2.000005E+1
-2.000005E+1
-2.000005E+1
-2.000005E+1
-2.000005E+1
-2.000005E+1
-2.000005E+1
-2.000005E+1
-2.000005E+1
-2.000005E+1
-2.000005E+1
-2.000005E+1
-2.000005E+1
-2.000005E+1
-2.000005E+1
-2.000005E+1
-2.000005E+1
-2.000005E+1
-2.000005E+1
-2.000005E+1
-2.000005E+1
-2.000005E+1
-2.000005E+1
-1.268680E+1
-1.107274E+1
-1.037743E+1
-1.006579E+1
-9.955538E+0
-9.934958E+0
-9.977588E+0
-1.002169E+1
-1.004374E+1
-1.004374E+1
-1.004374E+1
-1.004374E+1
-1.006579E+1
-1.018045E+1
-1.040389E+1
-1.077433E+1
-1.129765E+1
-1.210027E+1
-1.328803E+1
-1.548421E+1
-2.000005E+1
-2.000005E+1
-2.000005E+1
-2.000005E+1
-2.000005E+1
-2.000005E+1
-2.000005E+1
-2.000005E+1
-2.000005E+1
-2.000005E+1
-2.000005E+1
-2.000005E+1
-2.000005E+1
-2.000005E+1
-2.000005E+1
-2.000005E+1
-2.000005E+1
-2.000005E+1
-1.522843E+1
-1.411858E+1
-1.372315E+1
-1.384663E+1
-1.384663E+1
-1.372315E+1
-1.319101E+1
-1.254274E+1
-1.183273E+1
-1.121974E+1
-1.074346E+1
-1.045681E+1
-1.032745E+1
-1.035244E+1
-1.056706E+1
-1.100218E+1
-1.168573E+1
-1.276324E+1
-1.460368E+1
-2.000005E+1
-2.000005E+1
-2.000005E+1
-1.698949E+1
-1.372315E+1
-1.210027E+1
-1.107274E+1
-1.035244E+1
-9.811478E+0
-9.379298E+0
-9.033848E+0
-8.747198E+0
-8.504648E+0
-8.276798E+0
-8.062178E+0
-7.850498E+0
-7.650578E+0
-7.472708E+0
-7.322768E+0
-7.211048E+0
-7.146368E+0
-7.134608E+0
-7.187528E+0
-7.297778E+0
-7.453598E+0
-7.657928E+0
-7.882838E+0
-8.125388E+0
-8.357648E+0
-8.560508E+0
-8.722208E+0
-8.872148E+0
-9.033848E+0
-9.207308E+0
-9.463088E+0
-9.792368E+0
-1.025248E+1
-1.086841E+1
-1.173277E+1
-1.284262E+1
-1.443022E+1
-1.761424E+1
-2.000005E+1
-2.000005E+1
-2.000005E+1
-2.000005E+1
-2.000005E+1
-2.000005E+1
-2.000005E+1
-2.000005E+1
-1.849477E+1
-1.577380E+1
-1.460368E+1
-1.397893E+1
-1.384663E+1
-1.443022E+1
-1.698949E+1
-2.000005E+1
-2.000005E+1
-2.000005E+1
-2.000005E+1
-2.000005E+1
-2.000005E+1
-2.000005E+1
-2.000005E+1
-2.000005E+1
-2.000005E+1
-2.000005E+1
-2.000005E+1
-2.000005E+1
-2.000005E+1
-2.000005E+1
-2.000005E+1
-2.000005E+1
-2.000005E+1
-2.000005E+1
-2.000005E+1
-2.000005E+1
-2.000005E+1
-2.000005E+1
-2.000005E+1
-2.000005E+1
-2.000005E+1
-2.000005E+1
-2.000005E+1
-2.000005E+1
-2.000005E+1
-2.000005E+1
-2.000005E+1
-2.000005E+1
-2.000005E+1
-2.000005E+1
-2.000005E+1
-2.000005E+1
-2.000005E+1
-2.000005E+1
-2.000005E+1
-2.000005E+1
-2.000005E+1
-2.000005E+1
-2.000005E+1
-2.000005E+1
-2.000005E+1
-2.000005E+1
-2.000005E+1
-2.000005E+1
-2.000005E+1
-2.000005E+1
-2.000005E+1
-2.000005E+1
-2.000005E+1
-2.000005E+1
-2.000005E+1
-2.000005E+1
-2.000005E+1
-2.000005E+1
-2.000005E+1
-2.000005E+1
-1.522843E+1
-1.360555E+1
-1.276324E+1
-1.227961E+1
-1.204441E+1
-1.193563E+1
-1.188271E+1
-1.188271E+1
-1.188271E+1
-1.193563E+1
-1.198855E+1
-1.204441E+1
-1.204441E+1
-1.198855E+1
-1.178275E+1
-1.154902E+1
-1.133734E+1
-1.114477E+1
-1.107274E+1
-1.121974E+1
-1.159312E+1
-1.234135E+1
-1.397893E+1
-2.000005E+1
-2.000005E+1
-2.000005E+1
-2.000005E+1
-2.000005E+1
-2.000005E+1
-2.000005E+1
-2.000005E+1
-1.522843E+1
-1.443022E+1
-1.499911E+1
-2.000005E+1
-2.000005E+1
-2.000005E+1
-2.000005E+1
-2.000005E+1
-2.000005E+1
-2.000005E+1
-2.000005E+1
-2.000005E+1
-2.000005E+1
-2.000005E+1
-2.000005E+1
-2.000005E+1
-2.000005E+1
-2.000005E+1
-2.000005E+1
-2.000005E+1
-2.000005E+1
-2.000005E+1
-2.000005E+1
-2.000005E+1
-2.000005E+1
-2.000005E+1
-2.000005E+1
-2.000005E+1
-2.000005E+1
-2.000005E+1
-2.000005E+1
-2.000005E+1
-2.000005E+1
-2.000005E+1
-2.000005E+1
-2.000005E+1
-2.000005E+1
-1.849477E+1
-1.397893E+1
-1.309840E+1
-1.292494E+1
-1.301020E+1
-1.319101E+1
-1.328803E+1
-1.301020E+1
-1.261330E+1
-1.210027E+1
-1.163869E+1
-1.137850E+1
-1.121974E+1
-1.125796E+1
-1.150492E+1
-1.204441E+1
-1.292494E+1
-1.460368E+1
-2.000005E+1
-2.000005E+1
-2.000005E+1
-2.000005E+1
-2.000005E+1
-2.000005E+1
-1.397893E+1
-1.240750E+1
-1.146082E+1
-1.077433E+1
-1.027747E+1
-9.934958E+0
-9.695348E+0
-9.532178E+0
-9.463088E+0
-9.446918E+0
-9.532178E+0
-9.676238E+0
-9.893798E+0
-1.018045E+1
-1.056706E+1
-1.107274E+1
-1.183273E+1
-1.301020E+1
-1.577380E+1
-2.000005E+1
-2.000005E+1
-2.000005E+1
-2.000005E+1
-2.000005E+1
-2.000005E+1
-2.000005E+1
-2.000005E+1
-2.000005E+1
-2.000005E+1
-1.426852E+1
-1.268680E+1
-1.178275E+1
-1.118152E+1
-1.074346E+1
-1.043035E+1
-1.025248E+1
-1.018045E+1
-1.025248E+1
-1.051120E+1
-1.093456E+1
-1.163869E+1
-1.284262E+1
-1.577380E+1
-2.000005E+1
-2.000005E+1
-2.000005E+1
-2.000005E+1
-2.000005E+1
-2.000005E+1
-2.000005E+1
-2.000005E+1
-2.000005E+1
-2.000005E+1
-2.000005E+1
-2.000005E+1
-2.000005E+1
-2.000005E+1
-2.000005E+1
-2.000005E+1
-2.000005E+1
-2.000005E+1
-1.240750E+1
-1.071259E+1
-9.773258E+0
-9.119108E+0
-8.663408E+0
-8.347358E+0
-8.153318E+0
-8.053358E+0
-8.062178E+0
-8.170958E+0
-8.367938E+0
-8.675168E+0
-9.075008E+0
-9.585098E+0
-1.015693E+1
-1.080520E+1
-1.141966E+1
-1.183273E+1
-1.193563E+1
-1.173277E+1
-1.137850E+1
-1.096837E+1
-1.062439E+1
-1.037743E+1
-1.020397E+1
-1.010989E+1
-1.004374E+1
-1.002169E+1
-1.002169E+1
-1.002169E+1
-1.002169E+1
-1.004374E+1
-1.008784E+1
-1.015693E+1
-1.022749E+1
-1.032745E+1
-1.040389E+1
-1.043035E+1
-1.037743E+1
-1.025248E+1
-1.008784E+1
-9.914378E+0
-9.752678E+0
-9.567458E+0
-9.363128E+0
-9.163208E+0
-8.938298E+0
-8.686928E+0
-8.439968E+0
-8.228288E+0
-8.079818E+0
-7.982798E+0
-7.975448E+0
-8.053358E+0
-8.238578E+0
-8.504648E+0
-8.833928E+0
-9.192608E+0
-9.496898E+0
-9.658598E+0
-9.585098E+0
-9.299918E+0
-8.911838E+0
-8.494358E+0
-8.116568E+0
-7.794638E+0
-7.541798E+0
-7.374218E+0
-7.278668E+0
-7.266908E+0
-7.328648E+0
-7.472708E+0
-7.716728E+0
-8.053358E+0
-8.494358E+0
-9.089708E+0
-9.873218E+0
-1.100218E+1
-1.301020E+1
-2.000005E+1
-2.000005E+1
-2.000005E+1
-2.000005E+1
-2.000005E+1
-2.000005E+1
-2.000005E+1
-2.000005E+1
-2.000005E+1
-2.000005E+1
-1.849477E+1
-1.292494E+1
-1.154902E+1
-1.077433E+1
-1.030099E+1
-1.004374E+1
-9.934958E+0
-9.955538E+0
-1.008784E+1
-1.035244E+1
-1.074346E+1
-1.133734E+1
-1.221787E+1
-1.384663E+1
-2.000005E+1
-2.000005E+1
-2.000005E+1
-2.000005E+1
-2.000005E+1
-2.000005E+1
-2.000005E+1
-2.000005E+1
-2.000005E+1
-2.000005E+1
-2.000005E+1
-2.000005E+1
-2.000005E+1
-2.000005E+1
-1.268680E+1
-1.059499E+1
-9.621848E+0
-9.061778E+0
-8.735438E+0
-8.538458E+0
-8.439968E+0
-8.388518E+0
-8.357648E+0
-8.326778E+0
-8.267978E+0
-8.209178E+0
-8.143028E+0
-8.088638E+0
-8.070998E+0
-8.079818E+0
-8.134208E+0
-8.247398E+0
-8.409098E+0
-8.628128E+0
-8.898608E+0
-9.238178E+0
-9.658598E+0
-1.013341E+1
-1.068319E+1
-1.129765E+1
-1.198855E+1
-1.261330E+1
-1.301020E+1
-1.292494E+1
-1.247365E+1
-1.188271E+1
-1.121974E+1
-1.059499E+1
-9.977588E+0
-9.463088E+0
-9.033848E+0
-8.675168E+0
-8.378228E+0
-8.134208E+0
-7.941638E+0
-7.801988E+0
-7.694678E+0
-7.621178E+0
-7.563848E+0
-7.521218E+0
-7.487408E+0
-7.453598E+0
-7.419788E+0
-7.387448E+0
-7.353638E+0
-7.322768E+0
-7.303658E+0
-7.297778E+0
-7.303658E+0
-7.334528E+0
-7.387448E+0
-7.466828E+0
-7.584428E+0
-7.740248E+0
-7.957808E+0
-8.247398E+0
-8.628128E+0
-9.148508E+0
-9.873218E+0
-1.100218E+1
-1.328803E+1
-2.000005E+1
-2.000005E+1
-2.000005E+1
-2.000005E+1
-2.000005E+1
-2.000005E+1
-2.000005E+1
-2.000005E+1
-2.000005E+1
-2.000005E+1
-2.000005E+1
-1.479331E+1
-1.372315E+1
-1.328803E+1
-1.319101E+1
-1.338799E+1
-1.372315E+1
-1.384663E+1
-1.360555E+1
-1.284262E+1
-1.204441E+1
-1.129765E+1
-1.065379E+1
-1.008784E+1
-9.658598E+0
-9.346958E+0
-9.148508E+0
-9.033848E+0
-9.019148E+0
-9.104408E+0
-9.283748E+0
-9.567458E+0
-9.999638E+0
-1.062439E+1
-1.159312E+1
-1.349383E+1
-2.000005E+1
-2.000005E+1
-2.000005E+1
-2.000005E+1
-2.000005E+1
-2.000005E+1
-2.000005E+1
-2.000005E+1
-2.000005E+1
-1.849477E+1
-1.349383E+1
-1.247365E+1
-1.215907E+1
-1.227961E+1
-1.292494E+1
-1.426852E+1
-2.000005E+1
-2.000005E+1
-2.000005E+1
-2.000005E+1
-2.000005E+1
-2.000005E+1
-2.000005E+1
-2.000005E+1
-2.000005E+1
-2.000005E+1
-2.000005E+1
-2.000005E+1
-1.479331E+1
-1.349383E+1
-1.301020E+1
-1.309840E+1
-1.384663E+1
-1.650439E+1
-2.000005E+1
-2.000005E+1
-2.000005E+1
-2.000005E+1
-2.000005E+1
-2.000005E+1
-2.000005E+1
-2.000005E+1
-2.000005E+1
-2.000005E+1
-2.000005E+1
-2.000005E+1
-2.000005E+1
-2.000005E+1
-1.522843E+1
-1.309840E+1
-1.254274E+1
-1.240750E+1
-1.268680E+1
-1.349383E+1
-1.610896E+1
-2.000005E+1
-2.000005E+1
-2.000005E+1
-2.000005E+1
-2.000005E+1
-2.000005E+1
-2.000005E+1
-2.000005E+1
-2.000005E+1
-2.000005E+1
-2.000005E+1
-2.000005E+1
-2.000005E+1
-2.000005E+1
-1.479331E+1
-1.188271E+1
-1.071259E+1
-1.004374E+1
-9.621848E+0
-9.413108E+0
-9.379298E+0
-9.514538E+0
-9.852638E+0
-1.045681E+1
-1.146082E+1
-1.397893E+1
-2.000005E+1
-2.000005E+1
-2.000005E+1
-2.000005E+1
-2.000005E+1
-2.000005E+1
-2.000005E+1
-2.000005E+1
-2.000005E+1
-2.000005E+1
-2.000005E+1
-2.000005E+1
-2.000005E+1
-2.000005E+1
-2.000005E+1
-2.000005E+1
-2.000005E+1
-2.000005E+1
-2.000005E+1
-2.000005E+1
-1.309840E+1
-1.188271E+1
-1.141966E+1
-1.129765E+1
-1.137850E+1
-1.168573E+1
-1.221787E+1
-1.309840E+1
-1.479331E+1
-2.000005E+1
-2.000005E+1
-2.000005E+1
-2.000005E+1
-2.000005E+1
-2.000005E+1
-2.000005E+1
-2.000005E+1
-2.000005E+1
-1.698949E+1
-1.460368E+1
-1.411858E+1
-1.426852E+1
-1.577380E+1
-2.000005E+1
-2.000005E+1
-2.000005E+1
-2.000005E+1
-2.000005E+1
-2.000005E+1
-2.000005E+1
-2.000005E+1
-2.000005E+1
-2.000005E+1
-2.000005E+1
-2.000005E+1
-1.499911E+1
-1.240750E+1
-1.125796E+1
-1.045681E+1
-9.852638E+0
-9.346958E+0
-8.911838E+0
-8.526698E+0
-8.219468E+0
-7.982798E+0
-7.801988E+0
-7.702028E+0
-7.665278E+0
-7.709378E+0
-7.850498E+0
-8.079818E+0
-8.429678E+0
-8.938298E+0
-9.658598E+0
-1.077433E+1
-1.292494E+1
-2.000005E+1
-2.000005E+1
-2.000005E+1
-2.000005E+1
-2.000005E+1
-2.000005E+1
-2.000005E+1
-2.000005E+1
-2.000005E+1
-2.000005E+1
-2.000005E+1
-2.000005E+1
-2.000005E+1
-2.000005E+1
-1.548421E+1
-1.360555E+1
-1.254274E+1
-1.188271E+1
-1.137850E+1
-1.093456E+1
-1.059499E+1
-1.030099E+1
-1.002169E+1
-9.792368E+0
-9.602738E+0
-9.480728E+0
-9.446918E+0
-9.532178E+0
-9.733568E+0
-1.015693E+1
-1.086841E+1
-1.227961E+1
-2.000005E+1
-2.000005E+1
-2.000005E+1
-2.000005E+1
-2.000005E+1
-2.000005E+1
-2.000005E+1
-2.000005E+1
-2.000005E+1
-2.000005E+1
-2.000005E+1
-2.000005E+1
-2.000005E+1
-2.000005E+1
-2.000005E+1
-2.000005E+1
-1.522843E+1
-1.198855E+1
-1.062439E+1
-9.733568E+0
-9.075008E+0
-8.548748E+0
-8.162138E+0
-7.857848E+0
-7.643228E+0
-7.500638E+0
-7.419788E+0
-7.406558E+0
-7.453598E+0
-7.556498E+0
-7.716728E+0
-7.948988E+0
-8.238578E+0
-8.594318E+0
-9.005918E+0
-9.480728E+0
-9.999638E+0
-1.051120E+1
-1.090222E+1
-1.110802E+1
-1.110802E+1
-1.090222E+1
-1.062439E+1
-1.032745E+1
-1.008784E+1
-9.934958E+0
-9.852638E+0
-9.873218E+0
-9.977588E+0
-1.018045E+1
-1.048327E+1
-1.086841E+1
-1.150492E+1
-1.247365E+1
-1.443022E+1
-2.000005E+1
-2.000005E+1
-2.000005E+1
-2.000005E+1
-2.000005E+1
-2.000005E+1
-2.000005E+1
-2.000005E+1
-2.000005E+1
-1.443022E+1
-1.210027E+1
-1.107274E+1
-1.043035E+1
-1.004374E+1
-9.811478E+0
-9.695348E+0
-9.658598E+0
-9.658598E+0
-9.733568E+0
-9.832058E+0
-9.999638E+0
-1.020397E+1
-1.045681E+1
-1.077433E+1
-1.114477E+1
-1.150492E+1
-1.183273E+1
-1.193563E+1
-1.183273E+1
-1.150492E+1
-1.110802E+1
-1.071259E+1
-1.040389E+1
-1.018045E+1
-1.010989E+1
-1.020397E+1
-1.051120E+1
-1.103746E+1
-1.204441E+1
-1.426852E+1
-2.000005E+1
-2.000005E+1
-2.000005E+1
-2.000005E+1
-2.000005E+1
-2.000005E+1
-2.000005E+1
-2.000005E+1
-2.000005E+1
-2.000005E+1
-2.000005E+1
-1.443022E+1
-1.292494E+1
-1.188271E+1
-1.103746E+1
-1.035244E+1
-9.752678E+0
-9.283748E+0
-8.911838E+0
-8.639888E+0
-8.462018E+0
-8.398808E+0
-8.450258E+0
-8.628128E+0
-8.925068E+0
-9.363128E+0
-9.999638E+0
-1.083607E+1
-1.198855E+1
-1.338799E+1
-1.460368E+1
-1.443022E+1
-1.319101E+1
-1.204441E+1
-1.118152E+1
-1.059499E+1
-1.027747E+1
-1.020397E+1
-1.037743E+1
-1.090222E+1
-1.204441E+1
-1.650439E+1
-2.000005E+1
-2.000005E+1
-2.000005E+1
-2.000005E+1
-2.000005E+1
-2.000005E+1
-2.000005E+1
-2.000005E+1
-2.000005E+1
-1.411858E+1
-1.178275E+1
-1.080520E+1
-1.032745E+1
-1.008784E+1
-1.002169E+1
-1.004374E+1
-1.015693E+1
-1.030099E+1
-1.048327E+1
-1.068319E+1
-1.090222E+1
-1.110802E+1
-1.133734E+1
-1.159312E+1
-1.188271E+1
-1.215907E+1
-1.227961E+1
-1.227961E+1
-1.204441E+1
-1.163869E+1
-1.118152E+1
-1.068319E+1
-1.025248E+1
-9.914378E+0
-9.676238E+0
-9.567458E+0
-9.585098E+0
-9.733568E+0
-1.008784E+1
-1.074346E+1
-1.188271E+1
-1.499911E+1
-2.000005E+1
-2.000005E+1
-2.000005E+1
-2.000005E+1
-2.000005E+1
-2.000005E+1
-2.000005E+1
-2.000005E+1
-2.000005E+1
-2.000005E+1
-2.000005E+1
-2.000005E+1
-2.000005E+1
-2.000005E+1
-2.000005E+1
-2.000005E+1
-2.000005E+1
-1.650439E+1
-1.397893E+1
-1.372315E+1
-1.499911E+1
-2.000005E+1
-2.000005E+1
-2.000005E+1
-2.000005E+1
-2.000005E+1
-2.000005E+1
-2.000005E+1
-2.000005E+1
-2.000005E+1
-2.000005E+1
-1.849477E+1
-1.650439E+1
-2.000005E+1
-2.000005E+1
-2.000005E+1
-2.000005E+1
-2.000005E+1
-2.000005E+1
-2.000005E+1
-2.000005E+1
-2.000005E+1
-2.000005E+1
-2.000005E+1
-2.000005E+1
-2.000005E+1
-2.000005E+1
-2.000005E+1
-2.000005E+1
-2.000005E+1
-2.000005E+1
-2.000005E+1
-1.397893E+1
-1.247365E+1
-1.173277E+1
-1.129765E+1
-1.103746E+1
-1.093456E+1
-1.093456E+1
-1.100218E+1
-1.110802E+1
-1.121974E+1
-1.125796E+1
-1.121974E+1
-1.110802E+1
-1.090222E+1
-1.068319E+1
-1.051120E+1
-1.043035E+1
-1.043035E+1
-1.053913E+1
-1.077433E+1
-1.114477E+1
-1.163869E+1
-1.234135E+1
-1.319101E+1
-1.397893E+1
-1.479331E+1
-1.499911E+1
-1.499911E+1
-1.460368E+1
-1.426852E+1
-1.443022E+1
-1.499911E+1
-1.650439E+1
-2.000005E+1
-2.000005E+1
-2.000005E+1
-2.000005E+1
-2.000005E+1
-2.000005E+1
-2.000005E+1
-2.000005E+1
-2.000005E+1
-2.000005E+1
-2.000005E+1
-2.000005E+1
-2.000005E+1
-2.000005E+1
-2.000005E+1
-2.000005E+1
-2.000005E+1
-2.000005E+1
-2.000005E+1
-2.000005E+1
-2.000005E+1
-2.000005E+1
-1.548421E+1
-1.254274E+1
-1.141966E+1
-1.080520E+1
-1.048327E+1
-1.030099E+1
-1.020397E+1
-1.022749E+1
-1.030099E+1
-1.040389E+1
-1.053913E+1
-1.068319E+1
-1.083607E+1
-1.100218E+1
-1.114477E+1
-1.121974E+1
-1.129765E+1
-1.125796E+1
-1.114477E+1
-1.103746E+1
-1.090222E+1
-1.086841E+1
-1.090222E+1
-1.107274E+1
-1.146082E+1
-1.221787E+1
-1.384663E+1
-2.000005E+1
-2.000005E+1
-2.000005E+1
-2.000005E+1
-2.000005E+1
-2.000005E+1
-2.000005E+1
-2.000005E+1
-2.000005E+1
-2.000005E+1
-2.000005E+1
-2.000005E+1
-2.000005E+1
-2.000005E+1
-2.000005E+1
-2.000005E+1
-2.000005E+1
-2.000005E+1
-2.000005E+1
-2.000005E+1
-1.168573E+1
-1.010989E+1
-9.222008E+0
-8.628128E+0
-8.219468E+0
-7.915178E+0
-7.694678E+0
-7.534448E+0
-7.419788E+0
-7.341878E+0
-7.309538E+0
-7.316888E+0
-7.380098E+0
-7.500638E+0
-7.702028E+0
-7.975448E+0
-8.347358E+0
-8.822168E+0
-9.413108E+0
-1.008784E+1
-1.074346E+1
-1.129765E+1
-1.159312E+1
-1.150492E+1
-1.114477E+1
-1.080520E+1
-1.056706E+1
-1.048327E+1
-1.059499E+1
-1.090222E+1
-1.146082E+1
-1.240750E+1
-1.443022E+1
-2.000005E+1
-2.000005E+1
-2.000005E+1
-2.000005E+1
-2.000005E+1
-2.000005E+1
-2.000005E+1
-2.000005E+1
-2.000005E+1
-2.000005E+1
-2.000005E+1
-2.000005E+1
-2.000005E+1
-2.000005E+1
-2.000005E+1
-2.000005E+1
-2.000005E+1
-2.000005E+1
-2.000005E+1
-2.000005E+1
-2.000005E+1
-1.548421E+1
-1.397893E+1
-1.338799E+1
-1.292494E+1
-1.247365E+1
-1.204441E+1
-1.159312E+1
-1.110802E+1
-1.062439E+1
-1.020397E+1
-9.852638E+0
-9.585098E+0
-9.413108E+0
-9.283748E+0
-9.222008E+0
-9.207308E+0
-9.252878E+0
-9.330788E+0
-9.413108E+0
-9.532178E+0
-9.658598E+0
-9.811478E+0
-9.999638E+0
-1.020397E+1
-1.048327E+1
-1.080520E+1
-1.121974E+1
-1.183273E+1
-1.261330E+1
-1.372315E+1
-1.577380E+1
-2.000005E+1
-2.000005E+1
-1.610896E+1
-1.360555E+1
-1.210027E+1
-1.103746E+1
-1.027747E+1
-9.752678E+0
-9.413108E+0
-9.269048E+0
-9.283748E+0
-9.496898E+0
-9.955538E+0
-1.077433E+1
-1.254274E+1
-2.000005E+1
-2.000005E+1
-2.000005E+1
-2.000005E+1
-2.000005E+1
-2.000005E+1
-2.000005E+1
-2.000005E+1
-2.000005E+1
-2.000005E+1
-2.000005E+1
-2.000005E+1
-2.000005E+1
-2.000005E+1
-1.372315E+1
-1.178275E+1
-1.107274E+1
-1.090222E+1
-1.107274E+1
-1.173277E+1
-1.328803E+1
-2.000005E+1
-2.000005E+1
-2.000005E+1
-2.000005E+1
-2.000005E+1
-2.000005E+1
-2.000005E+1
-2.000005E+1
-2.000005E+1
-2.000005E+1
-2.000005E+1
-2.000005E+1
-2.000005E+1
-2.000005E+1
-2.000005E+1
-2.000005E+1
-1.650439E+1
-1.309840E+1
-1.178275E+1
-1.090222E+1
-1.030099E+1
-9.852638E+0
-9.514538E+0
-9.222008E+0
-8.992688E+0
-8.795708E+0
-8.628128E+0
-8.504648E+0
-8.419388E+0
-8.367938E+0
-8.378228E+0
-8.429678E+0
-8.548748E+0
-8.710448E+0
-8.938298E+0
-9.238178E+0
-9.621848E+0
-1.010989E+1
-1.077433E+1
-1.168573E+1
-1.319101E+1
-1.761424E+1
-2.000005E+1
-2.000005E+1
-2.000005E+1
-2.000005E+1
-2.000005E+1
-2.000005E+1
-2.000005E+1
-2.000005E+1
-2.000005E+1
-2.000005E+1
-2.000005E+1
-2.000005E+1
-2.000005E+1
-2.000005E+1
-2.000005E+1
-2.000005E+1
-2.000005E+1
-2.000005E+1
-2.000005E+1
-2.000005E+1
-2.000005E+1
-2.000005E+1
-2.000005E+1
-2.000005E+1
-2.000005E+1
-2.000005E+1
-2.000005E+1
-2.000005E+1
-2.000005E+1
-2.000005E+1
-2.000005E+1
-2.000005E+1
-2.000005E+1
-2.000005E+1
-2.000005E+1
-1.849477E+1
-1.577380E+1
-1.384663E+1
-1.268680E+1
-1.183273E+1
-1.114477E+1
-1.068319E+1
-1.035244E+1
-1.015693E+1
-1.004374E+1
-9.934958E+0
-9.832058E+0
-9.695348E+0
-9.532178E+0
-9.316088E+0
-9.104408E+0
-8.925068E+0
-8.783948E+0
-8.710448E+0
-8.686928E+0
-8.735438E+0
-8.833928E+0
-8.992688E+0
-9.192608E+0
-9.413108E+0
-9.621848E+0
-9.811478E+0
-9.977588E+0
-1.010989E+1
-1.015693E+1
-1.015693E+1
-1.002169E+1
-9.811478E+0
-9.496898E+0
-9.119108E+0
-8.710448E+0
-8.297378E+0
-7.923998E+0
-7.599128E+0
-7.334528E+0
-7.140488E+0
-7.015538E+0
-6.961148E+0
-6.967028E+0
-7.037588E+0
-7.152248E+0
-7.309538E+0
-7.500638E+0
-7.716728E+0
-7.957808E+0
-8.238578E+0
-8.560508E+0
-8.938298E+0
-9.446918E+0
-1.013341E+1
-1.114477E+1
