Date/Time	2022-06-22 19:30:24
Line location	3
Line name	C1
OTDR wavelength [nm]	1625
OTDR pulse duration [ns]	2
OTDR scan time [s]	10
OTDR scan length [m]	1.500000E+2
Length offset [m]	0.000000E+0
Length increment [m]	3.996806E-2
Switch ID	VIAVI Solutions,OTU 8000E,11654,FO,16.76
OTDR ID	JDSU,OTU 8000E,11654,OTU(SmartOTU),V7.22

Reflected amplitude [dB]
1.256152E+0
1.187062E+0
1.116502E+0
1.051822E+0
9.974320E-1
9.533320E-1
9.503920E-1
1.020952E+0
1.159132E+0
1.361992E+0
1.620712E+0
1.886782E+0
2.123452E+0
2.311612E+0
2.451262E+0
2.551222E+0
2.618842E+0
2.662942E+0
2.682052E+0
2.668822E+0
2.617372E+0
2.510062E+0
2.342482E+0
2.148442E+0
1.952932E+0
1.758892E+0
1.556032E+0
1.338472E+0
1.116502E+0
9.062920E-1
7.166620E-1
5.534920E-1
4.167820E-1
3.050620E-1
2.109820E-1
1.330720E-1
6.839200E-2
1.400200E-2
-3.009800E-2
-6.684800E-2
-9.624800E-2
-1.197680E-1
-1.403480E-1
-1.565180E-1
-1.712180E-1
-1.859180E-1
-1.976780E-1
-2.079680E-1
-2.182580E-1
-2.270780E-1
-2.344280E-1
-2.417780E-1
-2.520680E-1
-2.623580E-1
-2.770580E-1
-2.946980E-1
-3.167480E-1
-3.417380E-1
-3.711380E-1
-4.020080E-1
-4.328780E-1
-4.637480E-1
-4.916780E-1
-5.151980E-1
-5.357780E-1
-5.490080E-1
-5.548880E-1
-5.534180E-1
-5.445980E-1
-5.284280E-1
-5.049080E-1
-4.740380E-1
-4.387580E-1
-4.005380E-1
-3.608480E-1
-3.226280E-1
-2.858780E-1
-2.535380E-1
-2.256080E-1
-2.050280E-1
-1.903280E-1
-1.815080E-1
-1.785680E-1
-1.829780E-1
-1.917980E-1
-2.050280E-1
-2.226680E-1
-2.432480E-1
-2.667680E-1
-2.946980E-1
-3.240980E-1
-3.564380E-1
-3.917180E-1
-4.269980E-1
-4.608080E-1
-4.931480E-1
-5.240180E-1
-5.490080E-1
-5.710580E-1
-5.901680E-1
-6.048680E-1
-6.166280E-1
-6.283880E-1
-6.386780E-1
-6.474980E-1
-6.563180E-1
-6.651380E-1
-6.739580E-1
-6.827780E-1
-6.901280E-1
-6.974780E-1
-7.062980E-1
-7.151180E-1
-7.254080E-1
-7.342280E-1
-7.430480E-1
-7.503980E-1
-7.577480E-1
-7.650980E-1
-7.695080E-1
-7.739180E-1
-7.783280E-1
-7.797980E-1
-7.797980E-1
-7.753880E-1
-7.695080E-1
-7.592180E-1
-7.459880E-1
-7.312880E-1
-7.151180E-1
-6.974780E-1
-6.827780E-1
-6.680780E-1
-6.563180E-1
-6.460280E-1
-6.386780E-1
-6.327980E-1
-6.283880E-1
-6.269180E-1
-6.239780E-1
-6.239780E-1
-6.225080E-1
-6.195680E-1
-6.151580E-1
-6.063380E-1
-5.931080E-1
-5.754680E-1
-5.519480E-1
-5.196080E-1
-4.637480E-1
-3.740780E-1
-2.535380E-1
-1.256480E-1
-1.539800E-2
7.427200E-2
1.418920E-1
1.933420E-1
2.286220E-1
2.477320E-1
2.521420E-1
2.447920E-1
2.300920E-1
2.036320E-1
1.639420E-1
1.124920E-1
5.222200E-2
-8.048000E-3
-6.831800E-2
-1.300580E-1
-1.888580E-1
-2.461880E-1
-3.005780E-1
-3.520280E-1
-3.975980E-1
-4.387580E-1
-4.725680E-1
-5.019680E-1
-5.240180E-1
-5.416580E-1
-5.548880E-1
-5.651780E-1
-5.710580E-1
-5.754680E-1
-5.784080E-1
-5.798780E-1
-5.813480E-1
-5.813480E-1
-5.798780E-1
-5.798780E-1
-5.813480E-1
-5.828180E-1
-5.872280E-1
-5.916380E-1
-5.989880E-1
-6.063380E-1
-6.151580E-1
-6.239780E-1
-6.313280E-1
-6.386780E-1
-6.430880E-1
-6.430880E-1
-6.401480E-1
-6.313280E-1
-6.180980E-1
-6.004580E-1
-5.798780E-1
-5.578280E-1
-5.343080E-1
-5.122580E-1
-4.931480E-1
-4.755080E-1
-4.593380E-1
-4.461080E-1
-4.343480E-1
-4.240580E-1
-4.137680E-1
-4.049480E-1
-3.961280E-1
-3.887780E-1
-3.828980E-1
-3.770180E-1
-3.740780E-1
-3.711380E-1
-3.711380E-1
-3.726080E-1
-3.770180E-1
-3.828980E-1
-3.917180E-1
-4.020080E-1
-4.152380E-1
-4.284680E-1
-4.431680E-1
-4.578680E-1
-4.725680E-1
-4.857980E-1
-4.975580E-1
-5.093180E-1
-5.210780E-1
-5.343080E-1
-5.460680E-1
-5.592980E-1
-5.710580E-1
-5.828180E-1
-5.945780E-1
-6.033980E-1
-6.122180E-1
-6.195680E-1
-6.254480E-1
-6.313280E-1
-6.372080E-1
-6.416180E-1
-6.445580E-1
-6.474980E-1
-6.474980E-1
-6.460280E-1
-6.430880E-1
-6.386780E-1
-6.342680E-1
-6.283880E-1
-6.239780E-1
-6.195680E-1
-6.151580E-1
-6.107480E-1
-6.063380E-1
-6.004580E-1
-5.945780E-1
-5.886980E-1
-5.828180E-1
-5.769380E-1
-5.739980E-1
-5.725280E-1
-5.739980E-1
-5.784080E-1
-5.842880E-1
-5.916380E-1
-5.989880E-1
-6.063380E-1
-6.122180E-1
-6.166280E-1
-6.195680E-1
-6.210380E-1
-6.195680E-1
-6.166280E-1
-6.136880E-1
-6.078080E-1
-6.004580E-1
-5.931080E-1
-5.872280E-1
-5.798780E-1
-5.754680E-1
-5.710580E-1
-5.695880E-1
-5.695880E-1
-5.710580E-1
-5.754680E-1
-5.813480E-1
-5.901680E-1
-5.989880E-1
-6.107480E-1
-6.225080E-1
-6.342680E-1
-6.460280E-1
-6.563180E-1
-6.651380E-1
-6.724880E-1
-6.754280E-1
-6.783680E-1
-6.768980E-1
-6.739580E-1
-6.695480E-1
-6.636680E-1
-6.577880E-1
-6.519080E-1
-6.474980E-1
-6.430880E-1
-6.401480E-1
-6.386780E-1
-6.357380E-1
-6.342680E-1
-6.342680E-1
-6.327980E-1
-6.313280E-1
-6.313280E-1
-6.298580E-1
-6.298580E-1
-6.298580E-1
-6.283880E-1
-6.298580E-1
-6.298580E-1
-6.298580E-1
-6.313280E-1
-6.327980E-1
-6.342680E-1
-6.372080E-1
-6.386780E-1
-6.416180E-1
-6.430880E-1
-6.416180E-1
-6.401480E-1
-6.357380E-1
-6.283880E-1
-6.195680E-1
-6.092780E-1
-5.989880E-1
-5.901680E-1
-5.813480E-1
-5.769380E-1
-5.725280E-1
-5.725280E-1
-5.725280E-1
-5.754680E-1
-5.769380E-1
-5.784080E-1
-5.798780E-1
-5.798780E-1
-5.798780E-1
-5.784080E-1
-5.769380E-1
-5.754680E-1
-5.754680E-1
-5.769380E-1
-5.798780E-1
-5.828180E-1
-5.872280E-1
-5.931080E-1
-6.004580E-1
-6.092780E-1
-6.166280E-1
-6.254480E-1
-6.327980E-1
-6.386780E-1
-6.430880E-1
-6.460280E-1
-6.460280E-1
-6.445580E-1
-6.416180E-1
-6.386780E-1
-6.327980E-1
-6.283880E-1
-6.210380E-1
-6.136880E-1
-6.048680E-1
-5.945780E-1
-5.828180E-1
-5.725280E-1
-5.637080E-1
-5.563580E-1
-5.519480E-1
-5.519480E-1
-5.563580E-1
-5.651780E-1
-5.754680E-1
-5.901680E-1
-6.063380E-1
-6.225080E-1
-6.372080E-1
-6.504380E-1
-6.607280E-1
-6.666080E-1
-6.695480E-1
-6.695480E-1
-6.651380E-1
-6.592580E-1
-6.504380E-1
-6.386780E-1
-6.283880E-1
-6.166280E-1
-6.048680E-1
-5.916380E-1
-5.798780E-1
-5.681180E-1
-5.563580E-1
-5.445980E-1
-5.328380E-1
-5.210780E-1
-5.093180E-1
-4.990280E-1
-4.902080E-1
-4.813880E-1
-4.755080E-1
-4.710980E-1
-4.696280E-1
-4.696280E-1
-4.725680E-1
-4.784480E-1
-4.887380E-1
-5.004980E-1
-5.166680E-1
-5.357780E-1
-5.563580E-1
-5.798780E-1
-6.033980E-1
-6.254480E-1
-6.460280E-1
-6.621980E-1
-6.739580E-1
-6.813080E-1
-6.842480E-1
-6.842480E-1
-6.813080E-1
-6.754280E-1
-6.695480E-1
-6.651380E-1
-6.592580E-1
-6.548480E-1
-6.519080E-1
-6.504380E-1
-6.489680E-1
-6.504380E-1
-6.519080E-1
-6.548480E-1
-6.577880E-1
-6.607280E-1
-6.621980E-1
-6.651380E-1
-6.666080E-1
-6.666080E-1
-6.651380E-1
-6.621980E-1
-6.577880E-1
-6.519080E-1
-6.460280E-1
-6.372080E-1
-6.298580E-1
-6.225080E-1
-6.136880E-1
-6.063380E-1
-5.989880E-1
-5.916380E-1
-5.828180E-1
-5.739980E-1
-5.637080E-1
-5.519480E-1
-5.401880E-1
-5.284280E-1
-5.166680E-1
-5.078480E-1
-5.004980E-1
-4.975580E-1
-4.975580E-1
-5.004980E-1
-5.049080E-1
-5.122580E-1
-5.210780E-1
-5.313680E-1
-5.431280E-1
-5.548880E-1
-5.695880E-1
-5.828180E-1
-5.989880E-1
-6.136880E-1
-6.269180E-1
-6.401480E-1
-6.519080E-1
-6.621980E-1
-6.710180E-1
-6.768980E-1
-6.813080E-1
-6.842480E-1
-6.871880E-1
-6.871880E-1
-6.871880E-1
-6.857180E-1
-6.813080E-1
-6.754280E-1
-6.680780E-1
-6.592580E-1
-6.519080E-1
-6.430880E-1
-6.357380E-1
-6.313280E-1
-6.254480E-1
-6.225080E-1
-6.195680E-1
-6.180980E-1
-6.151580E-1
-6.122180E-1
-6.078080E-1
-6.019280E-1
-5.975180E-1
-5.916380E-1
-5.872280E-1
-5.842880E-1
-5.828180E-1
-5.842880E-1
-5.872280E-1
-5.916380E-1
-5.989880E-1
-6.063380E-1
-6.151580E-1
-6.239780E-1
-6.313280E-1
-6.372080E-1
-6.401480E-1
-6.401480E-1
-6.372080E-1
-6.327980E-1
-6.269180E-1
-6.195680E-1
-6.122180E-1
-6.048680E-1
-5.989880E-1
-5.945780E-1
-5.901680E-1
-5.901680E-1
-5.901680E-1
-5.931080E-1
-5.989880E-1
-6.063380E-1
-6.136880E-1
-6.195680E-1
-6.254480E-1
-6.269180E-1
-6.239780E-1
-6.180980E-1
-6.092780E-1
-5.975180E-1
-5.857580E-1
-5.739980E-1
-5.637080E-1
-5.563580E-1
-5.504780E-1
-5.490080E-1
-5.490080E-1
-5.519480E-1
-5.563580E-1
-5.622380E-1
-5.681180E-1
-5.739980E-1
-5.813480E-1
-5.872280E-1
-5.916380E-1
-5.975180E-1
-6.033980E-1
-6.078080E-1
-6.136880E-1
-6.166280E-1
-6.195680E-1
-6.210380E-1
-6.210380E-1
-6.180980E-1
-6.122180E-1
-6.048680E-1
-5.975180E-1
-5.886980E-1
-5.798780E-1
-5.725280E-1
-5.681180E-1
-5.651780E-1
-5.651780E-1
-5.666480E-1
-5.695880E-1
-5.739980E-1
-5.813480E-1
-5.886980E-1
-5.960480E-1
-6.033980E-1
-6.107480E-1
-6.166280E-1
-6.225080E-1
-6.283880E-1
-6.327980E-1
-6.372080E-1
-6.416180E-1
-6.445580E-1
-6.460280E-1
-6.489680E-1
-6.504380E-1
-6.533780E-1
-6.577880E-1
-6.621980E-1
-6.680780E-1
-6.739580E-1
-6.827780E-1
-6.901280E-1
-6.974780E-1
-7.033580E-1
-7.077680E-1
-7.107080E-1
-7.107080E-1
-7.092380E-1
-7.033580E-1
-6.960080E-1
-6.871880E-1
-6.739580E-1
-6.592580E-1
-6.430880E-1
-6.283880E-1
-6.136880E-1
-6.004580E-1
-5.886980E-1
-5.813480E-1
-5.769380E-1
-5.739980E-1
-5.754680E-1
-5.769380E-1
-5.798780E-1
-5.828180E-1
-5.857580E-1
-5.886980E-1
-5.916380E-1
-5.931080E-1
-5.960480E-1
-5.975180E-1
-5.989880E-1
-6.004580E-1
-6.019280E-1
-6.019280E-1
-6.019280E-1
-6.019280E-1
-6.019280E-1
-6.004580E-1
-6.004580E-1
-6.004580E-1
-6.004580E-1
-6.019280E-1
-6.033980E-1
-6.063380E-1
-6.092780E-1
-6.136880E-1
-6.166280E-1
-6.210380E-1
-6.239780E-1
-6.269180E-1
-6.298580E-1
-6.313280E-1
-6.327980E-1
-6.342680E-1
-6.342680E-1
-6.342680E-1
-6.357380E-1
-6.357380E-1
-6.372080E-1
-6.386780E-1
-6.401480E-1
-6.430880E-1
-6.474980E-1
-6.504380E-1
-6.548480E-1
-6.577880E-1
-6.607280E-1
-6.621980E-1
-6.621980E-1
-6.607280E-1
-6.592580E-1
-6.548480E-1
-6.504380E-1
-6.430880E-1
-6.357380E-1
-6.269180E-1
-6.180980E-1
-6.078080E-1
-6.004580E-1
-5.916380E-1
-5.872280E-1
-5.828180E-1
-5.813480E-1
-5.813480E-1
-5.828180E-1
-5.872280E-1
-5.901680E-1
-5.945780E-1
-5.989880E-1
-6.019280E-1
-6.033980E-1
-6.033980E-1
-6.004580E-1
-5.975180E-1
-5.931080E-1
-5.872280E-1
-5.828180E-1
-5.769380E-1
-5.739980E-1
-5.710580E-1
-5.710580E-1
-5.710580E-1
-5.739980E-1
-5.769380E-1
-5.798780E-1
-5.842880E-1
-5.872280E-1
-5.916380E-1
-5.945780E-1
-5.975180E-1
-6.019280E-1
-6.063380E-1
-6.107480E-1
-6.166280E-1
-6.225080E-1
-6.283880E-1
-6.342680E-1
-6.401480E-1
-6.445580E-1
-6.474980E-1
-6.504380E-1
-6.504380E-1
-6.504380E-1
-6.489680E-1
-6.474980E-1
-6.460280E-1
-6.430880E-1
-6.401480E-1
-6.357380E-1
-6.313280E-1
-6.283880E-1
-6.225080E-1
-6.180980E-1
-6.122180E-1
-6.078080E-1
-6.019280E-1
-5.960480E-1
-5.916380E-1
-5.857580E-1
-5.828180E-1
-5.784080E-1
-5.769380E-1
-5.754680E-1
-5.739980E-1
-5.739980E-1
-5.754680E-1
-5.769380E-1
-5.813480E-1
-5.842880E-1
-5.901680E-1
-5.945780E-1
-6.004580E-1
-6.078080E-1
-6.136880E-1
-6.195680E-1
-6.254480E-1
-6.313280E-1
-6.357380E-1
-6.386780E-1
-6.416180E-1
-6.445580E-1
-6.474980E-1
-6.489680E-1
-6.504380E-1
-6.519080E-1
-6.533780E-1
-6.533780E-1
-6.533780E-1
-6.519080E-1
-6.489680E-1
-6.445580E-1
-6.386780E-1
-6.313280E-1
-6.225080E-1
-6.122180E-1
-6.033980E-1
-5.960480E-1
-5.901680E-1
-5.872280E-1
-5.872280E-1
-5.901680E-1
-5.960480E-1
-6.033980E-1
-6.122180E-1
-6.195680E-1
-6.254480E-1
-6.313280E-1
-6.357380E-1
-6.386780E-1
-6.416180E-1
-6.416180E-1
-6.430880E-1
-6.416180E-1
-6.416180E-1
-6.401480E-1
-6.386780E-1
-6.372080E-1
-6.342680E-1
-6.327980E-1
-6.298580E-1
-6.283880E-1
-6.254480E-1
-6.225080E-1
-6.210380E-1
-6.180980E-1
-6.151580E-1
-6.122180E-1
-6.107480E-1
-6.092780E-1
-6.092780E-1
-6.092780E-1
-6.107480E-1
-6.122180E-1
-6.136880E-1
-6.151580E-1
-6.166280E-1
-6.180980E-1
-6.210380E-1
-6.239780E-1
-6.283880E-1
-6.327980E-1
-6.386780E-1
-6.445580E-1
-6.504380E-1
-6.563180E-1
-6.607280E-1
-6.636680E-1
-6.651380E-1
-6.651380E-1
-6.636680E-1
-6.607280E-1
-6.563180E-1
-6.519080E-1
-6.474980E-1
-6.416180E-1
-6.372080E-1
-6.342680E-1
-6.313280E-1
-6.283880E-1
-6.283880E-1
-6.283880E-1
-6.283880E-1
-6.298580E-1
-6.313280E-1
-6.327980E-1
-6.342680E-1
-6.342680E-1
-6.342680E-1
-6.342680E-1
-6.342680E-1
-6.327980E-1
-6.313280E-1
-6.283880E-1
-6.239780E-1
-6.195680E-1
-6.136880E-1
-6.078080E-1
-6.004580E-1
-5.931080E-1
-5.872280E-1
-5.813480E-1
-5.769380E-1
-5.754680E-1
-5.754680E-1
-5.769380E-1
-5.828180E-1
-5.901680E-1
-5.989880E-1
-6.107480E-1
-6.210380E-1
-6.327980E-1
-6.430880E-1
-6.519080E-1
-6.577880E-1
-6.621980E-1
-6.636680E-1
-6.621980E-1
-6.607280E-1
-6.577880E-1
-6.563180E-1
-6.533780E-1
-6.504380E-1
-6.489680E-1
-6.474980E-1
-6.460280E-1
-6.445580E-1
-6.416180E-1
-6.372080E-1
-6.327980E-1
-6.298580E-1
-6.254480E-1
-6.225080E-1
-6.210380E-1
-6.210380E-1
-6.239780E-1
-6.283880E-1
-6.342680E-1
-6.416180E-1
-6.489680E-1
-6.563180E-1
-6.607280E-1
-6.651380E-1
-6.651380E-1
-6.621980E-1
-6.563180E-1
-6.489680E-1
-6.416180E-1
-6.327980E-1
-6.254480E-1
-6.195680E-1
-6.166280E-1
-6.166280E-1
-6.195680E-1
-6.239780E-1
-6.298580E-1
-6.372080E-1
-6.430880E-1
-6.474980E-1
-6.519080E-1
-6.548480E-1
-6.577880E-1
-6.577880E-1
-6.577880E-1
-6.563180E-1
-6.548480E-1
-6.519080E-1
-6.474980E-1
-6.430880E-1
-6.372080E-1
-6.313280E-1
-6.239780E-1
-6.180980E-1
-6.136880E-1
-6.107480E-1
-6.092780E-1
-6.107480E-1
-6.151580E-1
-6.225080E-1
-6.313280E-1
-6.430880E-1
-6.548480E-1
-6.651380E-1
-6.754280E-1
-6.813080E-1
-6.842480E-1
-6.827780E-1
-6.768980E-1
-6.695480E-1
-6.607280E-1
-6.519080E-1
-6.430880E-1
-6.357380E-1
-6.283880E-1
-6.225080E-1
-6.166280E-1
-6.107480E-1
-6.048680E-1
-6.004580E-1
-5.945780E-1
-5.901680E-1
-5.901680E-1
-5.901680E-1
-5.945780E-1
-6.004580E-1
-6.063380E-1
-6.136880E-1
-6.195680E-1
-6.239780E-1
-6.269180E-1
-6.298580E-1
-6.313280E-1
-6.342680E-1
-6.386780E-1
-6.445580E-1
-6.504380E-1
-6.577880E-1
-6.651380E-1
-6.695480E-1
-6.710180E-1
-6.695480E-1
-6.666080E-1
-6.607280E-1
-6.548480E-1
-6.504380E-1
-6.460280E-1
-6.460280E-1
-6.474980E-1
-6.519080E-1
-6.577880E-1
-6.636680E-1
-6.710180E-1
-6.783680E-1
-6.842480E-1
-6.871880E-1
-6.871880E-1
-6.842480E-1
-6.783680E-1
-6.710180E-1
-6.621980E-1
-6.519080E-1
-6.416180E-1
-6.313280E-1
-6.239780E-1
-6.180980E-1
-6.136880E-1
-6.107480E-1
-6.092780E-1
-6.092780E-1
-6.092780E-1
-6.092780E-1
-6.092780E-1
-6.078080E-1
-6.048680E-1
-6.033980E-1
-6.033980E-1
-6.048680E-1
-6.107480E-1
-6.225080E-1
-6.401480E-1
-6.666080E-1
-6.989480E-1
-7.401080E-1
-7.871480E-1
-8.400680E-1
-8.988680E-1
-9.606080E-1
-1.023818E+0
-1.087028E+0
-1.150238E+0
-1.211978E+0
-1.270778E+0
-1.326638E+0
-1.381028E+0
-1.429538E+0
-1.473638E+0
-1.513328E+0
-1.548608E+0
-1.579478E+0
-1.607408E+0
-1.632398E+0
-1.654448E+0
-1.676498E+0
-1.697078E+0
-1.716188E+0
-1.733828E+0
-1.752938E+0
-1.772048E+0
-1.789688E+0
-1.808798E+0
-1.829378E+0
-1.849958E+0
-1.870538E+0
-1.889648E+0
-1.907288E+0
-1.921988E+0
-1.932278E+0
-1.941098E+0
-1.944038E+0
-1.944038E+0
-1.941098E+0
-1.936688E+0
-1.930808E+0
-1.921988E+0
-1.913168E+0
-1.901408E+0
-1.886708E+0
-1.867598E+0
-1.848488E+0
-1.826438E+0
-1.805858E+0
-1.789688E+0
-1.777928E+0
-1.773518E+0
-1.776458E+0
-1.788218E+0
-1.807328E+0
-1.830848E+0
-1.857308E+0
-1.883768E+0
-1.908758E+0
-1.927868E+0
-1.942568E+0
-1.952858E+0
-1.960208E+0
-1.963148E+0
-1.966088E+0
-1.970498E+0
-1.974908E+0
-1.980788E+0
-1.985198E+0
-1.989608E+0
-1.992548E+0
-1.991078E+0
-1.988138E+0
-1.980788E+0
-1.973438E+0
-1.966088E+0
-1.960208E+0
-1.957268E+0
-1.958738E+0
-1.966088E+0
-1.977848E+0
-1.992548E+0
-2.011658E+0
-2.029298E+0
-2.046938E+0
-2.063108E+0
-2.073398E+0
-2.079278E+0
-2.080748E+0
-2.076338E+0
-2.068988E+0
-2.057228E+0
-2.043998E+0
-2.029298E+0
-2.016068E+0
-2.002838E+0
-1.994018E+0
-1.989608E+0
-1.989608E+0
-1.994018E+0
-2.002838E+0
-2.013128E+0
-2.026358E+0
-2.038118E+0
-2.049878E+0
-2.061638E+0
-2.073398E+0
-2.085158E+0
-2.095448E+0
-2.107208E+0
-2.117498E+0
-2.127788E+0
-2.133668E+0
-2.136608E+0
-2.136608E+0
-2.133668E+0
-2.127788E+0
-2.121908E+0
-2.114558E+0
-2.108678E+0
-2.104268E+0
-2.101328E+0
-2.101328E+0
-2.101328E+0
-2.101328E+0
-2.101328E+0
-2.098388E+0
-2.093978E+0
-2.088098E+0
-2.080748E+0
-2.071928E+0
-2.064578E+0
-2.061638E+0
-2.060168E+0
-2.064578E+0
-2.071928E+0
-2.082218E+0
-2.095448E+0
-2.111618E+0
-2.126318E+0
-2.141018E+0
-2.155718E+0
-2.168948E+0
-2.180708E+0
-2.189528E+0
-2.196878E+0
-2.201288E+0
-2.202758E+0
-2.201288E+0
-2.198348E+0
-2.195408E+0
-2.189528E+0
-2.186588E+0
-2.185118E+0
-2.186588E+0
-2.192468E+0
-2.201288E+0
-2.213048E+0
-2.229218E+0
-2.248328E+0
-2.270378E+0
-2.293898E+0
-2.317418E+0
-2.337998E+0
-2.355638E+0
-2.367398E+0
-2.373278E+0
-2.370338E+0
-2.360048E+0
-2.343878E+0
-2.323298E+0
-2.301248E+0
-2.279198E+0
-2.260088E+0
-2.245388E+0
-2.235098E+0
-2.230688E+0
-2.232158E+0
-2.235098E+0
-2.242448E+0
-2.251268E+0
-2.260088E+0
-2.265968E+0
-2.270378E+0
-2.271848E+0
-2.271848E+0
-2.270378E+0
-2.271848E+0
-2.274788E+0
-2.280668E+0
-2.292428E+0
-2.307128E+0
-2.323298E+0
-2.337998E+0
-2.351228E+0
-2.357108E+0
-2.355638E+0
-2.345348E+0
-2.326238E+0
-2.301248E+0
-2.271848E+0
-2.240978E+0
-2.211578E+0
-2.185118E+0
-2.166008E+0
-2.152778E+0
-2.146898E+0
-2.149838E+0
-2.158658E+0
-2.173358E+0
-2.192468E+0
-2.214518E+0
-2.239508E+0
-2.264498E+0
-2.288018E+0
-2.313008E+0
-2.336528E+0
-2.357108E+0
-2.376218E+0
-2.395328E+0
-2.412968E+0
-2.429138E+0
-2.446778E+0
-2.464418E+0
-2.482058E+0
-2.498228E+0
-2.512928E+0
-2.523218E+0
-2.529098E+0
-2.529098E+0
-2.520278E+0
-2.505578E+0
-2.484998E+0
-2.461478E+0
-2.436488E+0
-2.414438E+0
-2.393858E+0
-2.377688E+0
-2.365928E+0
-2.358578E+0
-2.354168E+0
-2.352698E+0
-2.349758E+0
-2.346818E+0
-2.343878E+0
-2.340938E+0
-2.336528E+0
-2.332118E+0
-2.330648E+0
-2.330648E+0
-2.332118E+0
-2.337998E+0
-2.342408E+0
-2.349758E+0
-2.358578E+0
-2.367398E+0
-2.377688E+0
-2.386508E+0
-2.393858E+0
-2.401208E+0
-2.407088E+0
-2.408558E+0
-2.410028E+0
-2.408558E+0
-2.408558E+0
-2.407088E+0
-2.410028E+0
-2.417378E+0
-2.430608E+0
-2.449718E+0
-2.474708E+0
-2.504108E+0
-2.536448E+0
-2.570258E+0
-2.604068E+0
-2.634938E+0
-2.664338E+0
-2.692268E+0
-2.715788E+0
-2.734898E+0
-2.749598E+0
-2.756948E+0
-2.754008E+0
-2.740778E+0
-2.717258E+0
-2.683448E+0
-2.643758E+0
-2.602598E+0
-2.562908E+0
-2.530568E+0
-2.507048E+0
-2.495288E+0
-2.493818E+0
-2.502638E+0
-2.518808E+0
-2.540858E+0
-2.562908E+0
-2.584958E+0
-2.604068E+0
-2.617298E+0
-2.627588E+0
-2.631998E+0
-2.634938E+0
-2.637878E+0
-2.639348E+0
-2.640818E+0
-2.645228E+0
-2.648168E+0
-2.649638E+0
-2.649638E+0
-2.645228E+0
-2.636408E+0
-2.623178E+0
-2.607008E+0
-2.587898E+0
-2.568788E+0
-2.551148E+0
-2.534978E+0
-2.523218E+0
-2.515868E+0
-2.512928E+0
-2.512928E+0
-2.515868E+0
-2.521748E+0
-2.530568E+0
-2.537918E+0
-2.548208E+0
-2.559968E+0
-2.573198E+0
-2.589368E+0
-2.609948E+0
-2.634938E+0
-2.665808E+0
-2.702558E+0
-2.740778E+0
-2.780468E+0
-2.817218E+0
-2.846618E+0
-2.868668E+0
-2.881898E+0
-2.887778E+0
-2.889248E+0
-2.889248E+0
-2.889248E+0
-2.893658E+0
-2.901008E+0
-2.908358E+0
-2.912768E+0
-2.912768E+0
-2.903948E+0
-2.884838E+0
-2.858378E+0
-2.827508E+0
-2.798108E+0
-2.773118E+0
-2.758418E+0
-2.752538E+0
-2.756948E+0
-2.768708E+0
-2.786348E+0
-2.803988E+0
-2.818688E+0
-2.830448E+0
-2.833388E+0
-2.831918E+0
-2.824568E+0
-2.812808E+0
-2.799578E+0
-2.784878E+0
-2.773118E+0
-2.761358E+0
-2.754008E+0
-2.748128E+0
-2.745188E+0
-2.745188E+0
-2.746658E+0
-2.751068E+0
-2.756948E+0
-2.762828E+0
-2.770178E+0
-2.776058E+0
-2.783408E+0
-2.790758E+0
-2.798108E+0
-2.806928E+0
-2.817218E+0
-2.827508E+0
-2.842208E+0
-2.856908E+0
-2.871608E+0
-2.886308E+0
-2.898068E+0
-2.906888E+0
-2.909828E+0
-2.906888E+0
-2.896598E+0
-2.881898E+0
-2.864258E+0
-2.845148E+0
-2.830448E+0
-2.818688E+0
-2.812808E+0
-2.811338E+0
-2.814278E+0
-2.818688E+0
-2.823098E+0
-2.827508E+0
-2.827508E+0
-2.824568E+0
-2.820158E+0
-2.815748E+0
-2.812808E+0
-2.811338E+0
-2.814278E+0
-2.820158E+0
-2.831918E+0
-2.845148E+0
-2.859848E+0
-2.873078E+0
-2.884838E+0
-2.893658E+0
-2.896598E+0
-2.898068E+0
-2.895128E+0
-2.892188E+0
-2.890718E+0
-2.890718E+0
-2.893658E+0
-2.901008E+0
-2.912768E+0
-2.927468E+0
-2.946578E+0
-2.971568E+0
-2.998028E+0
-3.027428E+0
-3.059768E+0
-3.090638E+0
-3.121508E+0
-3.146498E+0
-3.164138E+0
-3.174428E+0
-3.171488E+0
-3.161198E+0
-3.145028E+0
-3.125918E+0
-3.106808E+0
-3.092108E+0
-3.083288E+0
-3.081818E+0
-3.087698E+0
-3.097988E+0
-3.111218E+0
-3.124448E+0
-3.134738E+0
-3.140618E+0
-3.139148E+0
-3.131798E+0
-3.117098E+0
-3.099458E+0
-3.078878E+0
-3.058298E+0
-3.042128E+0
-3.031838E+0
-3.025958E+0
-3.028898E+0
-3.037718E+0
-3.052418E+0
-3.071528E+0
-3.092108E+0
-3.112688E+0
-3.130328E+0
-3.145028E+0
-3.158258E+0
-3.168548E+0
-3.174428E+0
-3.180308E+0
-3.187658E+0
-3.195008E+0
-3.206768E+0
-3.218528E+0
-3.233228E+0
-3.249398E+0
-3.265568E+0
-3.281738E+0
-3.294968E+0
-3.302318E+0
-3.305258E+0
-3.303788E+0
-3.297908E+0
-3.292028E+0
-3.287618E+0
-3.286148E+0
-3.292028E+0
-3.300848E+0
-3.312608E+0
-3.328778E+0
-3.340538E+0
-3.347888E+0
-3.349358E+0
-3.343478E+0
-3.331718E+0
-3.318488E+0
-3.303788E+0
-3.292028E+0
-3.281738E+0
-3.274388E+0
-3.269978E+0
-3.265568E+0
-3.259688E+0
-3.250868E+0
-3.240578E+0
-3.227348E+0
-3.214118E+0
-3.203828E+0
-3.193538E+0
-3.187658E+0
-3.184718E+0
-3.187658E+0
-3.192068E+0
-3.199418E+0
-3.206768E+0
-3.211178E+0
-3.214118E+0
-3.211178E+0
-3.203828E+0
-3.190598E+0
-3.174428E+0
-3.161198E+0
-3.150908E+0
-3.146498E+0
-3.149438E+0
-3.161198E+0
-3.181778E+0
-3.208238E+0
-3.236168E+0
-3.267038E+0
-3.292028E+0
-3.314078E+0
-3.328778E+0
-3.337598E+0
-3.339068E+0
-3.333188E+0
-3.322898E+0
-3.305258E+0
-3.284678E+0
-3.262628E+0
-3.239108E+0
-3.218528E+0
-3.200888E+0
-3.190598E+0
-3.189128E+0
-3.197948E+0
-3.217058E+0
-3.244988E+0
-3.281738E+0
-3.325838E+0
-3.374348E+0
-3.425798E+0
-3.474308E+0
-3.516938E+0
-3.547808E+0
-3.569858E+0
-3.577208E+0
-3.572798E+0
-3.558098E+0
-3.538988E+0
-3.518408E+0
-3.500768E+0
-3.487538E+0
-3.478718E+0
-3.471368E+0
-3.465488E+0
-3.456668E+0
-3.443438E+0
-3.425798E+0
-3.400808E+0
-3.372878E+0
-3.346418E+0
-3.324368E+0
-3.306728E+0
-3.297908E+0
-3.294968E+0
-3.297908E+0
-3.305258E+0
-3.312608E+0
-3.317018E+0
-3.315548E+0
-3.309668E+0
-3.299378E+0
-3.283208E+0
-3.265568E+0
-3.246458E+0
-3.228818E+0
-3.214118E+0
-3.202358E+0
-3.195008E+0
-3.193538E+0
-3.197948E+0
-3.205298E+0
-3.217058E+0
-3.233228E+0
-3.256748E+0
-3.284678E+0
-3.317018E+0
-3.353768E+0
-3.393458E+0
-3.434618E+0
-3.472838E+0
-3.505178E+0
-3.530168E+0
-3.547808E+0
-3.555158E+0
-3.555158E+0
-3.550748E+0
-3.543398E+0
-3.534578E+0
-3.525758E+0
-3.518408E+0
-3.512528E+0
-3.506648E+0
-3.500768E+0
-3.496358E+0
-3.490478E+0
-3.487538E+0
-3.483128E+0
-3.481658E+0
-3.483128E+0
-3.486068E+0
-3.491948E+0
-3.500768E+0
-3.512528E+0
-3.527228E+0
-3.543398E+0
-3.561038E+0
-3.575738E+0
-3.588968E+0
-3.599258E+0
-3.605138E+0
-3.606608E+0
-3.602198E+0
-3.593378E+0
-3.580148E+0
-3.562508E+0
-3.543398E+0
-3.522818E+0
-3.502238E+0
-3.484598E+0
-3.474308E+0
-3.471368E+0
-3.480188E+0
-3.499298E+0
-3.530168E+0
-3.571328E+0
-3.621308E+0
-3.672758E+0
-3.724208E+0
-3.771248E+0
-3.809468E+0
-3.838868E+0
-3.856508E+0
-3.863858E+0
-3.865328E+0
-3.862388E+0
-3.859448E+0
-3.857978E+0
-3.859448E+0
-3.863858E+0
-3.874148E+0
-3.888848E+0
-3.907958E+0
-3.925598E+0
-3.944708E+0
-3.962348E+0
-3.972638E+0
-3.978518E+0
-3.975578E+0
-3.963818E+0
-3.944708E+0
-3.919718E+0
-3.890318E+0
-3.862388E+0
-3.834458E+0
-3.813878E+0
-3.800648E+0
-3.796238E+0
-3.800648E+0
-3.815348E+0
-3.834458E+0
-3.856508E+0
-3.878558E+0
-3.897668E+0
-3.910898E+0
-3.918248E+0
-3.916778E+0
-3.909428E+0
-3.899138E+0
-3.887378E+0
-3.877088E+0
-3.868268E+0
-3.860918E+0
-3.853568E+0
-3.849158E+0
-3.844748E+0
-3.840338E+0
-3.832988E+0
-3.825638E+0
-3.816818E+0
-3.807998E+0
-3.797708E+0
-3.790358E+0
-3.781538E+0
-3.774188E+0
-3.772718E+0
-3.772718E+0
-3.774188E+0
-3.777128E+0
-3.781538E+0
-3.790358E+0
-3.797708E+0
-3.803588E+0
-3.812408E+0
-3.822698E+0
-3.834458E+0
-3.850628E+0
-3.868268E+0
-3.888848E+0
-3.916778E+0
-3.947648E+0
-3.981458E+0
-4.018208E+0
-4.053488E+0
-4.088768E+0
-4.119638E+0
-4.141688E+0
-4.154918E+0
-4.156388E+0
-4.149038E+0
-4.132868E+0
-4.110818E+0
-4.085828E+0
-4.056428E+0
-4.025558E+0
-3.987338E+0
-3.943238E+0
-3.888848E+0
-3.819758E+0
-3.733028E+0
-3.633068E+0
-3.530168E+0
-3.431678E+0
-3.214118E+0
-2.583488E+0
-1.586828E+0
-5.666480E-1
3.271120E-1
1.090042E+0
1.739782E+0
2.273392E+0
2.699692E+0
3.030442E+0
3.275932E+0
3.450862E+0
3.568462E+0
3.630202E+0
3.631672E+0
3.577282E+0
3.468502E+0
3.305332E+0
3.090712E+0
2.829052E+0
2.529172E+0
2.188132E+0
1.807402E+0
1.386982E+0
9.151120E-1
4.079620E-1
-1.168280E-1
-6.504380E-1
-1.181108E+0
-1.695608E+0
-2.186588E+0
-2.654048E+0
-3.102398E+0
-3.534578E+0
-3.959408E+0
-4.376888E+0
-4.789958E+0
-5.201558E+0
-5.617568E+0
-6.051218E+0
-6.508388E+0
-7.015538E+0
-7.599128E+0
-8.306198E+0
-9.207308E+0
-1.045681E+1
-1.254274E+1
-2.000005E+1
-2.000005E+1
-2.000005E+1
-2.000005E+1
-2.000005E+1
-2.000005E+1
-1.443022E+1
-1.261330E+1
-1.183273E+1
-1.137850E+1
-1.118152E+1
-1.118152E+1
-1.129765E+1
-1.150492E+1
-1.183273E+1
-1.221787E+1
-1.254274E+1
-1.276324E+1
-1.268680E+1
-1.240750E+1
-1.198855E+1
-1.150492E+1
-1.103746E+1
-1.062439E+1
-1.035244E+1
-1.020397E+1
-1.018045E+1
-1.025248E+1
-1.048327E+1
-1.093456E+1
-1.163869E+1
-1.284262E+1
-1.577380E+1
-2.000005E+1
-2.000005E+1
-2.000005E+1
-2.000005E+1
-2.000005E+1
-2.000005E+1
-2.000005E+1
-1.328803E+1
-1.150492E+1
-1.048327E+1
-9.792368E+0
-9.299918E+0
-8.951528E+0
-8.722208E+0
-8.594318E+0
-8.538458E+0
-8.538458E+0
-8.570798E+0
-8.604608E+0
-8.651648E+0
-8.675168E+0
-8.710448E+0
-8.758958E+0
-8.847158E+0
-9.005918E+0
-9.316088E+0
-9.832058E+0
-1.074346E+1
-1.254274E+1
-2.000005E+1
-2.000005E+1
-2.000005E+1
-2.000005E+1
-2.000005E+1
-2.000005E+1
-2.000005E+1
-2.000005E+1
-2.000005E+1
-2.000005E+1
-2.000005E+1
-2.000005E+1
-2.000005E+1
-2.000005E+1
-2.000005E+1
-2.000005E+1
-1.522843E+1
-1.261330E+1
-1.154902E+1
-1.103746E+1
-1.080520E+1
-1.086841E+1
-1.129765E+1
-1.234135E+1
-1.698949E+1
-2.000005E+1
-2.000005E+1
-2.000005E+1
-2.000005E+1
-2.000005E+1
-2.000005E+1
-2.000005E+1
-2.000005E+1
-2.000005E+1
-2.000005E+1
-2.000005E+1
-2.000005E+1
-2.000005E+1
-1.548421E+1
-1.146082E+1
-1.035244E+1
-9.792368E+0
-9.549818E+0
-9.496898E+0
-9.639488E+0
-9.934958E+0
-1.040389E+1
-1.103746E+1
-1.183273E+1
-1.268680E+1
-1.338799E+1
-1.360555E+1
-1.309840E+1
-1.234135E+1
-1.163869E+1
-1.114477E+1
-1.083607E+1
-1.068319E+1
-1.065379E+1
-1.080520E+1
-1.118152E+1
-1.178275E+1
-1.268680E+1
-1.411858E+1
-1.761424E+1
-2.000005E+1
-2.000005E+1
-2.000005E+1
-2.000005E+1
-2.000005E+1
-1.698949E+1
-1.761424E+1
-2.000005E+1
-2.000005E+1
-2.000005E+1
-2.000005E+1
-2.000005E+1
-2.000005E+1
-2.000005E+1
-2.000005E+1
-2.000005E+1
-2.000005E+1
-2.000005E+1
-2.000005E+1
-2.000005E+1
-2.000005E+1
-1.522843E+1
-1.268680E+1
-1.173277E+1
-1.125796E+1
-1.103746E+1
-1.100218E+1
-1.118152E+1
-1.150492E+1
-1.198855E+1
-1.254274E+1
-1.301020E+1
-1.309840E+1
-1.261330E+1
-1.183273E+1
-1.100218E+1
-1.027747E+1
-9.676238E+0
-9.192608E+0
-8.795708E+0
-8.482598E+0
-8.247398E+0
-8.062178E+0
-7.932818E+0
-7.834328E+0
-7.771118E+0
-7.747598E+0
-7.754948E+0
-7.794638E+0
-7.857848E+0
-7.948988E+0
-8.062178E+0
-8.190068E+0
-8.337068E+0
-8.504648E+0
-8.675168E+0
-8.858918E+0
-9.075008E+0
-9.330788E+0
-9.658598E+0
-1.004374E+1
-1.048327E+1
-1.100218E+1
-1.154902E+1
-1.215907E+1
-1.261330E+1
-1.292494E+1
-1.301020E+1
-1.292494E+1
-1.276324E+1
-1.261330E+1
-1.247365E+1
-1.234135E+1
-1.234135E+1
-1.247365E+1
-1.268680E+1
-1.319101E+1
-1.426852E+1
-1.698949E+1
-2.000005E+1
-2.000005E+1
-2.000005E+1
-2.000005E+1
-2.000005E+1
-2.000005E+1
-2.000005E+1
-2.000005E+1
-2.000005E+1
-2.000005E+1
-2.000005E+1
-2.000005E+1
-2.000005E+1
-2.000005E+1
-2.000005E+1
-2.000005E+1
-1.650439E+1
-1.328803E+1
-1.193563E+1
-1.107274E+1
-1.043035E+1
-9.934958E+0
-9.549818E+0
-9.238178E+0
-9.005918E+0
-8.822168E+0
-8.686928E+0
-8.616368E+0
-8.594318E+0
-8.616368E+0
-8.686928E+0
-8.795708E+0
-8.938298E+0
-9.089708E+0
-9.238178E+0
-9.363128E+0
-9.429278E+0
-9.463088E+0
-9.446918E+0
-9.396938E+0
-9.363128E+0
-9.379298E+0
-9.446918E+0
-9.567458E+0
-9.773258E+0
-1.004374E+1
-1.037743E+1
-1.068319E+1
-1.090222E+1
-1.096837E+1
-1.093456E+1
-1.083607E+1
-1.077433E+1
-1.080520E+1
-1.100218E+1
-1.154902E+1
-1.276324E+1
-2.000005E+1
-2.000005E+1
-2.000005E+1
-2.000005E+1
-2.000005E+1
-2.000005E+1
-2.000005E+1
-2.000005E+1
-2.000005E+1
-2.000005E+1
-2.000005E+1
-2.000005E+1
-2.000005E+1
-2.000005E+1
-2.000005E+1
-2.000005E+1
-2.000005E+1
-2.000005E+1
-2.000005E+1
-2.000005E+1
-2.000005E+1
-2.000005E+1
-2.000005E+1
-2.000005E+1
-2.000005E+1
-2.000005E+1
-2.000005E+1
-2.000005E+1
-2.000005E+1
-2.000005E+1
-2.000005E+1
-2.000005E+1
-2.000005E+1
-1.338799E+1
-1.103746E+1
-9.955538E+0
-9.222008E+0
-8.710448E+0
-8.337068E+0
-8.062178E+0
-7.882838E+0
-7.763768E+0
-7.716728E+0
-7.724078E+0
-7.794638E+0
-7.899008E+0
-8.053358E+0
-8.238578E+0
-8.439968E+0
-8.686928E+0
-8.951528E+0
-9.238178E+0
-9.549818E+0
-9.914378E+0
-1.035244E+1
-1.090222E+1
-1.163869E+1
-1.276324E+1
-1.499911E+1
-2.000005E+1
-2.000005E+1
-2.000005E+1
-2.000005E+1
-2.000005E+1
-2.000005E+1
-2.000005E+1
-2.000005E+1
-2.000005E+1
-2.000005E+1
-2.000005E+1
-2.000005E+1
-2.000005E+1
-2.000005E+1
-2.000005E+1
-2.000005E+1
-2.000005E+1
-2.000005E+1
-2.000005E+1
-2.000005E+1
-2.000005E+1
-2.000005E+1
-2.000005E+1
-2.000005E+1
-2.000005E+1
-2.000005E+1
-2.000005E+1
-2.000005E+1
-2.000005E+1
-2.000005E+1
-2.000005E+1
-2.000005E+1
-2.000005E+1
-2.000005E+1
-2.000005E+1
-2.000005E+1
-2.000005E+1
-1.698949E+1
-1.168573E+1
-1.056706E+1
-1.008784E+1
-9.934958E+0
-1.006579E+1
-1.040389E+1
-1.107274E+1
-1.234135E+1
-1.610896E+1
-2.000005E+1
-2.000005E+1
-2.000005E+1
-2.000005E+1
-2.000005E+1
-2.000005E+1
-2.000005E+1
-2.000005E+1
-2.000005E+1
-2.000005E+1
-2.000005E+1
-2.000005E+1
-2.000005E+1
-2.000005E+1
-2.000005E+1
-2.000005E+1
-2.000005E+1
-2.000005E+1
-2.000005E+1
-2.000005E+1
-2.000005E+1
-2.000005E+1
-2.000005E+1
-2.000005E+1
-2.000005E+1
-2.000005E+1
-2.000005E+1
-2.000005E+1
-2.000005E+1
-2.000005E+1
-2.000005E+1
-2.000005E+1
-2.000005E+1
-2.000005E+1
-2.000005E+1
-2.000005E+1
-2.000005E+1
-2.000005E+1
-2.000005E+1
-1.849477E+1
-1.240750E+1
-1.107274E+1
-1.035244E+1
-9.852638E+0
-9.496898E+0
-9.252878E+0
-9.089708E+0
-8.977988E+0
-8.911838E+0
-8.847158E+0
-8.808938E+0
-8.735438E+0
-8.639888E+0
-8.516408E+0
-8.357648E+0
-8.200358E+0
-8.053358E+0
-7.948988E+0
-7.891658E+0
-7.899008E+0
-7.966628E+0
-8.116568E+0
-8.326778E+0
-8.604608E+0
-8.938298E+0
-9.299918E+0
-9.676238E+0
-1.002169E+1
-1.032745E+1
-1.056706E+1
-1.068319E+1
-1.068319E+1
-1.059499E+1
-1.043035E+1
-1.022749E+1
-9.999638E+0
-9.752678E+0
-9.567458E+0
-9.413108E+0
-9.346958E+0
-9.346958E+0
-9.429278E+0
-9.621848E+0
-9.893798E+0
-1.025248E+1
-1.071259E+1
-1.118152E+1
-1.159312E+1
-1.183273E+1
-1.193563E+1
-1.188271E+1
-1.178275E+1
-1.173277E+1
-1.188271E+1
-1.221787E+1
-1.309840E+1
-1.548421E+1
-2.000005E+1
-2.000005E+1
-2.000005E+1
-2.000005E+1
-2.000005E+1
-2.000005E+1
-2.000005E+1
-2.000005E+1
-2.000005E+1
-2.000005E+1
-2.000005E+1
-2.000005E+1
-2.000005E+1
-2.000005E+1
-2.000005E+1
-1.610896E+1
-1.338799E+1
-1.215907E+1
-1.129765E+1
-1.071259E+1
-1.027747E+1
-9.955538E+0
-9.733568E+0
-9.585098E+0
-9.480728E+0
-9.413108E+0
-9.379298E+0
-9.330788E+0
-9.316088E+0
-9.299918E+0
-9.330788E+0
-9.413108E+0
-9.585098E+0
-9.811478E+0
-1.018045E+1
-1.068319E+1
-1.137850E+1
-1.234135E+1
-1.372315E+1
-1.650439E+1
-2.000005E+1
-2.000005E+1
-2.000005E+1
-2.000005E+1
-2.000005E+1
-2.000005E+1
-2.000005E+1
-2.000005E+1
-2.000005E+1
-2.000005E+1
-2.000005E+1
-2.000005E+1
-2.000005E+1
-2.000005E+1
-2.000005E+1
-2.000005E+1
-2.000005E+1
-2.000005E+1
-1.698949E+1
-1.301020E+1
-1.146082E+1
-1.053913E+1
-9.873218E+0
-9.429278E+0
-9.177908E+0
-9.104408E+0
-9.192608E+0
-9.463088E+0
-9.977588E+0
-1.083607E+1
-1.234135E+1
-1.650439E+1
-2.000005E+1
-2.000005E+1
-2.000005E+1
-1.610896E+1
-1.240750E+1
-1.096837E+1
-1.010989E+1
-9.585098E+0
-9.299918E+0
-9.148508E+0
-9.133808E+0
-9.207308E+0
-9.346958E+0
-9.549818E+0
-9.773258E+0
-9.977588E+0
-1.013341E+1
-1.022749E+1
-1.027747E+1
-1.025248E+1
-1.020397E+1
-1.013341E+1
-1.010989E+1
-1.013341E+1
-1.020397E+1
-1.035244E+1
-1.056706E+1
-1.086841E+1
-1.129765E+1
-1.178275E+1
-1.227961E+1
-1.284262E+1
-1.338799E+1
-1.397893E+1
-1.460368E+1
-1.577380E+1
-2.000005E+1
-2.000005E+1
-2.000005E+1
-2.000005E+1
-2.000005E+1
-2.000005E+1
-2.000005E+1
-2.000005E+1
-2.000005E+1
-2.000005E+1
-2.000005E+1
-2.000005E+1
-2.000005E+1
-2.000005E+1
-2.000005E+1
-2.000005E+1
-2.000005E+1
-2.000005E+1
-2.000005E+1
-2.000005E+1
-1.698949E+1
-1.154902E+1
-1.004374E+1
-9.148508E+0
-8.560508E+0
-8.143028E+0
-7.850498E+0
-7.657928E+0
-7.549148E+0
-7.507988E+0
-7.528568E+0
-7.591778E+0
-7.687328E+0
-7.818158E+0
-7.957808E+0
-8.107748E+0
-8.228288E+0
-8.306198E+0
-8.316488E+0
-8.276798E+0
-8.181248E+0
-8.044538E+0
-7.882838E+0
-7.732898E+0
-7.606478E+0
-7.513868E+0
-7.459478E+0
-7.446248E+0
-7.472708E+0
-7.528568E+0
-7.606478E+0
-7.702028E+0
-7.794638E+0
-7.866668E+0
-7.915178E+0
-7.966628E+0
-8.000438E+0
-8.026898E+0
-8.053358E+0
-8.097458E+0
-8.170958E+0
-8.267978E+0
-8.398808E+0
-8.526698E+0
-8.686928E+0
-8.847158E+0
-8.992688E+0
-9.119108E+0
-9.207308E+0
-9.252878E+0
-9.269048E+0
-9.252878E+0
-9.207308E+0
-9.133808E+0
-9.047078E+0
-8.938298E+0
-8.822168E+0
-8.710448E+0
-8.616368E+0
-8.560508E+0
-8.570798E+0
-8.686928E+0
-8.938298E+0
-9.363128E+0
-1.004374E+1
-1.118152E+1
-1.360555E+1
-2.000005E+1
-2.000005E+1
-2.000005E+1
-2.000005E+1
-2.000005E+1
-1.215907E+1
-1.040389E+1
-9.396938E+0
-8.710448E+0
-8.228288E+0
-7.882838E+0
-7.628528E+0
-7.453598E+0
-7.334528E+0
-7.259558E+0
-7.222808E+0
-7.216928E+0
-7.241918E+0
-7.297778E+0
-7.360988E+0
-7.425668E+0
-7.487408E+0
-7.534448E+0
-7.569728E+0
-7.599128E+0
-7.613828E+0
-7.635878E+0
-7.679978E+0
-7.763768E+0
-7.891658E+0
-8.088638E+0
-8.367938E+0
-8.772188E+0
-9.346958E+0
-1.025248E+1
-1.188271E+1
-2.000005E+1
-2.000005E+1
-2.000005E+1
-2.000005E+1
-2.000005E+1
-2.000005E+1
-2.000005E+1
-2.000005E+1
-2.000005E+1
-2.000005E+1
-2.000005E+1
-2.000005E+1
-2.000005E+1
-1.338799E+1
-1.107274E+1
-9.999638E+0
-9.346958E+0
-8.925068E+0
-8.675168E+0
-8.560508E+0
-8.560508E+0
-8.663408E+0
-8.898608E+0
-9.252878E+0
-9.733568E+0
-1.037743E+1
-1.118152E+1
-1.215907E+1
-1.338799E+1
-1.460368E+1
-1.522843E+1
-1.479331E+1
-1.384663E+1
-1.284262E+1
-1.198855E+1
-1.129765E+1
-1.074346E+1
-1.027747E+1
-9.893798E+0
-9.602738E+0
-9.396938E+0
-9.252878E+0
-9.177908E+0
-9.163208E+0
-9.192608E+0
-9.283748E+0
-9.413108E+0
-9.585098E+0
-9.752678E+0
-9.955538E+0
-1.013341E+1
-1.030099E+1
-1.040389E+1
-1.045681E+1
-1.048327E+1
-1.051120E+1
-1.056706E+1
-1.065379E+1
-1.086841E+1
-1.121974E+1
-1.193563E+1
-1.338799E+1
-2.000005E+1
-2.000005E+1
-2.000005E+1
-2.000005E+1
-2.000005E+1
-2.000005E+1
-2.000005E+1
-2.000005E+1
-2.000005E+1
-2.000005E+1
-2.000005E+1
-2.000005E+1
-2.000005E+1
-2.000005E+1
-2.000005E+1
-2.000005E+1
-2.000005E+1
-2.000005E+1
-2.000005E+1
-2.000005E+1
-2.000005E+1
-2.000005E+1
-2.000005E+1
-2.000005E+1
-2.000005E+1
-1.499911E+1
-1.221787E+1
-1.125796E+1
-1.080520E+1
-1.062439E+1
-1.062439E+1
-1.077433E+1
-1.100218E+1
-1.121974E+1
-1.137850E+1
-1.133734E+1
-1.118152E+1
-1.093456E+1
-1.068319E+1
-1.045681E+1
-1.027747E+1
-1.015693E+1
-9.999638E+0
-9.811478E+0
-9.549818E+0
-9.238178E+0
-8.898608E+0
-8.570798E+0
-8.267978E+0
-8.035718E+0
-7.874018E+0
-7.801988E+0
-7.825508E+0
-7.941638E+0
-8.143028E+0
-8.439968E+0
-8.822168E+0
-9.252878E+0
-9.676238E+0
-9.999638E+0
-1.015693E+1
-1.015693E+1
-9.999638E+0
-9.811478E+0
-9.676238E+0
-9.621848E+0
-9.695348E+0
-9.873218E+0
-1.022749E+1
-1.077433E+1
-1.168573E+1
-1.349383E+1
-2.000005E+1
-2.000005E+1
-2.000005E+1
-2.000005E+1
-2.000005E+1
-2.000005E+1
-2.000005E+1
-2.000005E+1
-2.000005E+1
-2.000005E+1
-2.000005E+1
-2.000005E+1
-2.000005E+1
-2.000005E+1
-2.000005E+1
-2.000005E+1
-2.000005E+1
-2.000005E+1
-2.000005E+1
-2.000005E+1
-2.000005E+1
-2.000005E+1
-2.000005E+1
-1.577380E+1
-1.338799E+1
-1.276324E+1
-1.292494E+1
-1.443022E+1
-2.000005E+1
-2.000005E+1
-2.000005E+1
-2.000005E+1
-2.000005E+1
-2.000005E+1
-2.000005E+1
-2.000005E+1
-2.000005E+1
-2.000005E+1
-2.000005E+1
-2.000005E+1
-2.000005E+1
-2.000005E+1
-2.000005E+1
-2.000005E+1
-2.000005E+1
-1.426852E+1
-1.150492E+1
-1.059499E+1
-1.015693E+1
-9.999638E+0
-9.977588E+0
-1.006579E+1
-1.020397E+1
-1.043035E+1
-1.077433E+1
-1.125796E+1
-1.210027E+1
-1.397893E+1
-2.000005E+1
-2.000005E+1
-2.000005E+1
-2.000005E+1
-2.000005E+1
-2.000005E+1
-2.000005E+1
-2.000005E+1
-2.000005E+1
-2.000005E+1
-1.328803E+1
-1.121974E+1
-1.035244E+1
-9.893798E+0
-9.658598E+0
-9.549818E+0
-9.496898E+0
-9.446918E+0
-9.346958E+0
-9.207308E+0
-9.033848E+0
-8.858918E+0
-8.710448E+0
-8.582558E+0
-8.504648E+0
-8.450258E+0
-8.409098E+0
-8.357648E+0
-8.287088E+0
-8.200358E+0
-8.107748E+0
-8.018078E+0
-7.948988E+0
-7.915178E+0
-7.932818E+0
-8.009258E+0
-8.162138E+0
-8.398808E+0
-8.747198E+0
-9.238178E+0
-9.977588E+0
-1.114477E+1
-1.384663E+1
-2.000005E+1
-2.000005E+1
-2.000005E+1
-2.000005E+1
-2.000005E+1
-2.000005E+1
-2.000005E+1
-2.000005E+1
-2.000005E+1
-2.000005E+1
-2.000005E+1
-2.000005E+1
-2.000005E+1
-2.000005E+1
-1.372315E+1
-1.261330E+1
-1.215907E+1
-1.198855E+1
-1.204441E+1
-1.215907E+1
-1.234135E+1
-1.254274E+1
-1.276324E+1
-1.301020E+1
-1.338799E+1
-1.384663E+1
-1.479331E+1
-2.000005E+1
-2.000005E+1
-2.000005E+1
-2.000005E+1
-2.000005E+1
-2.000005E+1
-2.000005E+1
-2.000005E+1
-2.000005E+1
-2.000005E+1
-2.000005E+1
-2.000005E+1
-2.000005E+1
-2.000005E+1
-2.000005E+1
-2.000005E+1
-2.000005E+1
-2.000005E+1
-2.000005E+1
-2.000005E+1
-2.000005E+1
-2.000005E+1
-2.000005E+1
-2.000005E+1
-2.000005E+1
-2.000005E+1
-2.000005E+1
-2.000005E+1
-2.000005E+1
-2.000005E+1
-2.000005E+1
-2.000005E+1
-2.000005E+1
-1.761424E+1
-1.292494E+1
-1.178275E+1
-1.133734E+1
-1.137850E+1
-1.188271E+1
-1.328803E+1
-2.000005E+1
-2.000005E+1
-2.000005E+1
-2.000005E+1
-2.000005E+1
-2.000005E+1
-2.000005E+1
-2.000005E+1
-2.000005E+1
-2.000005E+1
-2.000005E+1
-2.000005E+1
-1.577380E+1
-1.178275E+1
-1.048327E+1
-9.752678E+0
-9.346958E+0
-9.148508E+0
-9.148508E+0
-9.363128E+0
-9.832058E+0
-1.065379E+1
-1.221787E+1
-2.000005E+1
-2.000005E+1
-2.000005E+1
-2.000005E+1
-2.000005E+1
-2.000005E+1
-2.000005E+1
-2.000005E+1
-2.000005E+1
-2.000005E+1
-1.650439E+1
-1.301020E+1
-1.168573E+1
-1.077433E+1
-1.006579E+1
-9.532178E+0
-9.119108E+0
-8.822168E+0
-8.616368E+0
-8.516408E+0
-8.504648E+0
-8.570798E+0
-8.675168E+0
-8.795708E+0
-8.898608E+0
-8.977988E+0
-8.992688E+0
-8.964758E+0
-8.925068E+0
-8.885378E+0
-8.898608E+0
-8.992688E+0
-9.163208E+0
-9.446918E+0
-9.893798E+0
-1.053913E+1
-1.150492E+1
-1.328803E+1
-2.000005E+1
-2.000005E+1
-2.000005E+1
-2.000005E+1
-2.000005E+1
-2.000005E+1
-2.000005E+1
-2.000005E+1
-2.000005E+1
-2.000005E+1
-2.000005E+1
-2.000005E+1
-2.000005E+1
-2.000005E+1
-2.000005E+1
-1.698949E+1
-1.276324E+1
-1.150492E+1
-1.074346E+1
-1.025248E+1
-9.893798E+0
-9.621848E+0
-9.413108E+0
-9.252878E+0
-9.119108E+0
-9.019148E+0
-8.938298E+0
-8.885378E+0
-8.858918E+0
-8.858918E+0
-8.898608E+0
-8.992688E+0
-9.133808E+0
-9.363128E+0
-9.695348E+0
-1.018045E+1
-1.086841E+1
-1.183273E+1
-1.338799E+1
-1.650439E+1
-2.000005E+1
-2.000005E+1
-2.000005E+1
-1.443022E+1
-1.254274E+1
-1.141966E+1
-1.068319E+1
-1.020397E+1
-9.893798E+0
-9.676238E+0
-9.567458E+0
-9.532178E+0
-9.549818E+0
-9.567458E+0
-9.602738E+0
-9.602738E+0
-9.567458E+0
-9.480728E+0
-9.346958E+0
-9.177908E+0
-8.977988E+0
-8.758958E+0
-8.548748E+0
-8.357648E+0
-8.209178E+0
-8.116568E+0
-8.070998E+0
-8.107748E+0
-8.209178E+0
-8.388518E+0
-8.639888E+0
-8.964758E+0
-9.379298E+0
-9.873218E+0
-1.051120E+1
-1.129765E+1
-1.254274E+1
-1.522843E+1
-2.000005E+1
-2.000005E+1
-2.000005E+1
-2.000005E+1
-2.000005E+1
-2.000005E+1
-2.000005E+1
-2.000005E+1
-2.000005E+1
-2.000005E+1
-2.000005E+1
-2.000005E+1
-2.000005E+1
-2.000005E+1
-2.000005E+1
-2.000005E+1
-2.000005E+1
-2.000005E+1
-2.000005E+1
-2.000005E+1
-2.000005E+1
-2.000005E+1
-2.000005E+1
-1.173277E+1
-1.013341E+1
-9.283748E+0
-8.722208E+0
-8.337068E+0
-8.079818E+0
-7.923998E+0
-7.834328E+0
-7.818158E+0
-7.866668E+0
-7.975448E+0
-8.153318E+0
-8.367938E+0
-8.628128E+0
-8.911838E+0
-9.177908E+0
-9.413108E+0
-9.602738E+0
-9.773258E+0
-9.934958E+0
-1.018045E+1
-1.056706E+1
-1.129765E+1
-1.276324E+1
-2.000005E+1
-2.000005E+1
-2.000005E+1
-2.000005E+1
-2.000005E+1
-2.000005E+1
-2.000005E+1
-2.000005E+1
-2.000005E+1
-2.000005E+1
-2.000005E+1
-2.000005E+1
-2.000005E+1
-1.284262E+1
-1.114477E+1
-1.032745E+1
-9.852638E+0
-9.602738E+0
-9.514538E+0
-9.549818E+0
-9.733568E+0
-1.006579E+1
-1.062439E+1
-1.150492E+1
-1.309840E+1
-2.000005E+1
-2.000005E+1
-2.000005E+1
-2.000005E+1
-2.000005E+1
-2.000005E+1
-2.000005E+1
-2.000005E+1
-2.000005E+1
-2.000005E+1
-2.000005E+1
-2.000005E+1
-2.000005E+1
-1.443022E+1
-1.261330E+1
-1.168573E+1
-1.110802E+1
-1.080520E+1
-1.068319E+1
-1.071259E+1
-1.093456E+1
-1.133734E+1
-1.193563E+1
-1.261330E+1
-1.309840E+1
-1.301020E+1
-1.234135E+1
-1.150492E+1
-1.068319E+1
-9.977588E+0
-9.446918E+0
-9.061778E+0
-8.795708E+0
-8.628128E+0
-8.526698E+0
-8.482598E+0
-8.494358E+0
-8.526698E+0
-8.570798E+0
-8.628128E+0
-8.698688E+0
-8.795708E+0
-8.938298E+0
-9.104408E+0
-9.316088E+0
-9.585098E+0
-9.934958E+0
-1.032745E+1
-1.077433E+1
-1.125796E+1
-1.173277E+1
-1.227961E+1
-1.284262E+1
-1.338799E+1
-1.384663E+1
-1.426852E+1
-1.426852E+1
-1.426852E+1
-1.426852E+1
-1.426852E+1
-1.460368E+1
-1.610896E+1
-2.000005E+1
-2.000005E+1
-2.000005E+1
-2.000005E+1
-2.000005E+1
-2.000005E+1
-2.000005E+1
-2.000005E+1
-2.000005E+1
-2.000005E+1
-2.000005E+1
-2.000005E+1
-2.000005E+1
-2.000005E+1
-2.000005E+1
-1.650439E+1
-1.150492E+1
-1.010989E+1
-9.283748E+0
-8.747198E+0
-8.367938E+0
-8.125388E+0
-7.975448E+0
-7.923998E+0
-7.948988E+0
-8.035718E+0
-8.153318E+0
-8.287088E+0
-8.439968E+0
-8.570798E+0
-8.675168E+0
-8.735438E+0
-8.783948E+0
-8.822168E+0
-8.885378E+0
-8.977988E+0
-9.133808E+0
-9.413108E+0
-9.811478E+0
-1.045681E+1
-1.150492E+1
-1.372315E+1
-2.000005E+1
-2.000005E+1
-2.000005E+1
-2.000005E+1
-2.000005E+1
-2.000005E+1
-2.000005E+1
-2.000005E+1
-2.000005E+1
-2.000005E+1
-2.000005E+1
-2.000005E+1
-1.650439E+1
-1.338799E+1
-1.221787E+1
-1.146082E+1
-1.100218E+1
-1.068319E+1
-1.051120E+1
-1.045681E+1
-1.051120E+1
-1.065379E+1
-1.093456E+1
-1.133734E+1
-1.178275E+1
-1.234135E+1
-1.292494E+1
-1.349383E+1
-1.397893E+1
-1.443022E+1
-1.426852E+1
-1.384663E+1
-1.309840E+1
-1.221787E+1
-1.133734E+1
-1.059499E+1
-9.934958E+0
-9.413108E+0
-8.992688E+0
-8.675168E+0
-8.462018E+0
-8.326778E+0
-8.267978E+0
-8.247398E+0
-8.257688E+0
-8.287088E+0
-8.306198E+0
-8.326778E+0
-8.347358E+0
-8.367938E+0
-8.439968E+0
-8.560508E+0
-8.783948E+0
-9.119108E+0
-9.621848E+0
-1.040389E+1
-1.173277E+1
-1.522843E+1
-2.000005E+1
-2.000005E+1
-2.000005E+1
-2.000005E+1
-2.000005E+1
-2.000005E+1
-2.000005E+1
-2.000005E+1
-1.349383E+1
-1.118152E+1
-1.004374E+1
-9.346958E+0
-8.898608E+0
-8.616368E+0
-8.482598E+0
-8.472308E+0
-8.594318E+0
-8.847158E+0
-9.222008E+0
-9.714458E+0
-1.035244E+1
-1.107274E+1
-1.193563E+1
-1.276324E+1
-1.338799E+1
-1.372315E+1
-1.397893E+1
-1.460368E+1
-1.610896E+1
-2.000005E+1
-2.000005E+1
-2.000005E+1
-2.000005E+1
-2.000005E+1
-2.000005E+1
-2.000005E+1
-2.000005E+1
-2.000005E+1
-2.000005E+1
-2.000005E+1
-2.000005E+1
-2.000005E+1
-2.000005E+1
-1.460368E+1
-1.240750E+1
-1.154902E+1
-1.114477E+1
-1.100218E+1
-1.107274E+1
-1.133734E+1
-1.188271E+1
-1.276324E+1
-1.460368E+1
-2.000005E+1
-2.000005E+1
-2.000005E+1
-2.000005E+1
-2.000005E+1
-2.000005E+1
-1.384663E+1
-1.178275E+1
-1.065379E+1
-9.832058E+0
-9.222008E+0
-8.758958E+0
-8.388518E+0
-8.116568E+0
-7.907828E+0
-7.778468E+0
-7.716728E+0
-7.732898E+0
-7.841678E+0
-8.044538E+0
-8.357648E+0
-8.808938E+0
-9.446918E+0
-1.035244E+1
-1.183273E+1
-1.577380E+1
-2.000005E+1
-2.000005E+1
-2.000005E+1
-2.000005E+1
-2.000005E+1
-2.000005E+1
-2.000005E+1
-2.000005E+1
-2.000005E+1
-1.411858E+1
-1.204441E+1
-1.100218E+1
-1.027747E+1
-9.752678E+0
-9.346958E+0
-9.019148E+0
-8.747198E+0
-8.516408E+0
-8.306198E+0
-8.107748E+0
-7.948988E+0
-7.825508E+0
-7.754948E+0
-7.747598E+0
-7.825508E+0
-8.000438E+0
-8.306198E+0
-8.772188E+0
-9.446918E+0
-1.048327E+1
-1.240750E+1
-2.000005E+1
-2.000005E+1
-2.000005E+1
-2.000005E+1
-2.000005E+1
-2.000005E+1
-2.000005E+1
-2.000005E+1
-2.000005E+1
-2.000005E+1
-2.000005E+1
-2.000005E+1
-2.000005E+1
-1.548421E+1
-1.319101E+1
-1.198855E+1
-1.118152E+1
-1.059499E+1
-1.013341E+1
-9.773258E+0
-9.480728E+0
-9.252878E+0
-9.075008E+0
-8.925068E+0
-8.795708E+0
-8.686928E+0
-8.594318E+0
-8.526698E+0
-8.472308E+0
-8.450258E+0
-8.472308E+0
-8.548748E+0
-8.686928E+0
-8.911838E+0
-9.252878E+0
-9.752678E+0
-1.048327E+1
-1.173277E+1
-1.479331E+1
-2.000005E+1
-2.000005E+1
-2.000005E+1
-2.000005E+1
-2.000005E+1
-2.000005E+1
-2.000005E+1
-1.548421E+1
-1.141966E+1
-1.004374E+1
-9.269048E+0
-8.822168E+0
-8.594318E+0
-8.560508E+0
-8.675168E+0
-8.964758E+0
-9.413108E+0
-1.002169E+1
-1.083607E+1
-1.188271E+1
-1.309840E+1
-1.426852E+1
-1.460368E+1
-1.397893E+1
-1.284262E+1
-1.193563E+1
-1.121974E+1
-1.065379E+1
-1.022749E+1
-9.955538E+0
-9.792368E+0
-9.773258E+0
-9.873218E+0
-1.010989E+1
-1.048327E+1
-1.100218E+1
-1.168573E+1
-1.240750E+1
-1.301020E+1
-1.319101E+1
-1.276324E+1
-1.221787E+1
-1.168573E+1
-1.129765E+1
-1.114477E+1
-1.118152E+1
-1.154902E+1
-1.240750E+1
-1.460368E+1
-2.000005E+1
-2.000005E+1
-2.000005E+1
-2.000005E+1
-2.000005E+1
-2.000005E+1
-2.000005E+1
-2.000005E+1
-2.000005E+1
-2.000005E+1
-2.000005E+1
-2.000005E+1
-2.000005E+1
-2.000005E+1
-2.000005E+1
-2.000005E+1
-2.000005E+1
-2.000005E+1
-2.000005E+1
-2.000005E+1
-2.000005E+1
-2.000005E+1
-2.000005E+1
-1.548421E+1
-1.522843E+1
-1.849477E+1
-2.000005E+1
-2.000005E+1
-2.000005E+1
-2.000005E+1
-2.000005E+1
-2.000005E+1
-2.000005E+1
-2.000005E+1
-2.000005E+1
-2.000005E+1
-2.000005E+1
-2.000005E+1
-1.426852E+1
-1.215907E+1
-1.133734E+1
-1.093456E+1
-1.077433E+1
-1.083607E+1
-1.103746E+1
-1.133734E+1
-1.178275E+1
-1.221787E+1
-1.261330E+1
-1.284262E+1
-1.292494E+1
-1.284262E+1
-1.276324E+1
-1.261330E+1
-1.247365E+1
-1.227961E+1
-1.204441E+1
-1.168573E+1
-1.121974E+1
-1.074346E+1
-1.022749E+1
-9.752678E+0
-9.330788E+0
-8.992688E+0
-8.735438E+0
-8.560508E+0
-8.482598E+0
-8.482598E+0
-8.582558E+0
-8.758958E+0
-9.047078E+0
-9.429278E+0
-9.955538E+0
-1.065379E+1
-1.168573E+1
-1.349383E+1
-2.000005E+1
-2.000005E+1
-2.000005E+1
-2.000005E+1
-2.000005E+1
-2.000005E+1
-2.000005E+1
-1.577380E+1
-1.188271E+1
-1.035244E+1
-9.396938E+0
-8.710448E+0
-8.209178E+0
-7.834328E+0
-7.563848E+0
-7.374218E+0
-7.253678E+0
-7.205168E+0
-7.216928E+0
-7.284548E+0
-7.406558E+0
-7.569728E+0
-7.771118E+0
-8.009258E+0
-8.267978E+0
-8.516408E+0
-8.735438E+0
-8.911838E+0
-9.019148E+0
-9.089708E+0
-9.089708E+0
-9.075008E+0
-9.047078E+0
-9.033848E+0
-9.019148E+0
-9.019148E+0
-8.992688E+0
-8.964758E+0
-8.925068E+0
-8.858918E+0
-8.783948E+0
-8.735438E+0
-8.722208E+0
-8.772188E+0
-8.872148E+0
-9.047078E+0
-9.299918E+0
-9.621848E+0
-9.977588E+0
-1.030099E+1
-1.053913E+1
-1.065379E+1
-1.065379E+1
-1.053913E+1
-1.035244E+1
-1.013341E+1
-9.934958E+0
-9.733568E+0
-9.532178E+0
-9.330788E+0
-9.133808E+0
-8.951528E+0
-8.783948E+0
-8.651648E+0
-8.548748E+0
-8.494358E+0
-8.494358E+0
-8.538458E+0
-8.651648E+0
-8.833928E+0
-9.104408E+0
-9.496898E+0
-1.004374E+1
-1.090222E+1
-1.247365E+1
-2.000005E+1
-2.000005E+1
-2.000005E+1
-2.000005E+1
-2.000005E+1
-2.000005E+1
-2.000005E+1
-2.000005E+1
-2.000005E+1
-2.000005E+1
-2.000005E+1
-2.000005E+1
-2.000005E+1
-2.000005E+1
-2.000005E+1
-2.000005E+1
-2.000005E+1
-2.000005E+1
-1.411858E+1
-1.234135E+1
-1.133734E+1
-1.062439E+1
-1.013341E+1
-9.792368E+0
-9.621848E+0
-9.585098E+0
-9.695348E+0
-9.955538E+0
-1.045681E+1
-1.129765E+1
-1.309840E+1
-2.000005E+1
-2.000005E+1
-2.000005E+1
-2.000005E+1
-2.000005E+1
-2.000005E+1
-2.000005E+1
-2.000005E+1
-2.000005E+1
-2.000005E+1
-2.000005E+1
-2.000005E+1
-2.000005E+1
-2.000005E+1
-2.000005E+1
-2.000005E+1
-2.000005E+1
-2.000005E+1
-2.000005E+1
-2.000005E+1
-2.000005E+1
-2.000005E+1
-2.000005E+1
-2.000005E+1
-2.000005E+1
-2.000005E+1
-2.000005E+1
-2.000005E+1
-2.000005E+1
-2.000005E+1
-2.000005E+1
-2.000005E+1
-1.349383E+1
-1.110802E+1
-9.955538E+0
-9.238178E+0
-8.772188E+0
-8.462018E+0
-8.287088E+0
-8.209178E+0
-8.209178E+0
-8.257688E+0
-8.326778E+0
-8.419388E+0
-8.538458E+0
-8.639888E+0
-8.735438E+0
-8.808938E+0
-8.872148E+0
-8.938298E+0
-8.977988E+0
-9.019148E+0
-9.047078E+0
-9.104408E+0
-9.177908E+0
-9.283748E+0
-9.429278E+0
-9.621848E+0
-9.893798E+0
-1.025248E+1
-1.074346E+1
-1.146082E+1
-1.261330E+1
-1.499911E+1
-2.000005E+1
-2.000005E+1
-2.000005E+1
-2.000005E+1
-2.000005E+1
-2.000005E+1
-2.000005E+1
-2.000005E+1
-2.000005E+1
-2.000005E+1
-2.000005E+1
-2.000005E+1
-2.000005E+1
-2.000005E+1
-2.000005E+1
-2.000005E+1
-2.000005E+1
-1.577380E+1
-1.276324E+1
-1.168573E+1
-1.110802E+1
-1.074346E+1
-1.053913E+1
-1.043035E+1
-1.040389E+1
-1.045681E+1
-1.059499E+1
-1.083607E+1
-1.121974E+1
-1.178275E+1
-1.268680E+1
-1.411858E+1
-1.610896E+1
-1.849477E+1
-1.698949E+1
-1.443022E+1
-1.292494E+1
-1.178275E+1
-1.107274E+1
-1.059499E+1
-1.035244E+1
-1.032745E+1
-1.051120E+1
-1.090222E+1
-1.159312E+1
-1.268680E+1
-1.460368E+1
-2.000005E+1
-2.000005E+1
-2.000005E+1
-1.650439E+1
-1.397893E+1
-1.284262E+1
-1.221787E+1
-1.188271E+1
-1.173277E+1
-1.168573E+1
-1.163869E+1
-1.146082E+1
-1.114477E+1
-1.071259E+1
-1.027747E+1
-9.873218E+0
-9.549818E+0
-9.269048E+0
-9.075008E+0
-8.938298E+0
-8.847158E+0
-8.783948E+0
-8.722208E+0
-8.639888E+0
-8.548748E+0
-8.429678E+0
-8.287088E+0
-8.143028E+0
-8.000438E+0
-7.874018E+0
-7.771118E+0
-7.687328E+0
-7.643228E+0
-7.621178E+0
-7.628528E+0
-7.650578E+0
-7.687328E+0
-7.732898E+0
-7.778468E+0
-7.841678E+0
-7.899008E+0
-7.957808E+0
-7.991618E+0
-8.000438E+0
-7.957808E+0
-7.850498E+0
-7.687328E+0
-7.480058E+0
-7.259558E+0
-7.061108E+0
-6.908228E+0
-6.811208E+0
-6.792098E+0
-6.856778E+0
-7.011128E+0
-7.247798E+0
-7.563848E+0
-7.948988E+0
