Date/Time	2022-06-03 06:57:34
Line location	3
Line name	C1
OTDR wavelength [nm]	1310
OTDR pulse duration [ns]	2
OTDR scan time [s]	10
OTDR scan length [m]	1.500000E+2
Length offset [m]	0.000000E+0
Length increment [m]	3.996806E-2
Switch ID	VIAVI Solutions,OTU 8000E,11654,FO,16.76
OTDR ID	JDSU,OTU 8000E,11654,OTU(SmartOTU),V7.22

Reflected amplitude [dB]
6.620720E-1
6.547220E-1
6.282620E-1
5.915120E-1
5.547620E-1
5.224220E-1
4.959620E-1
4.768520E-1
4.650920E-1
4.621520E-1
4.724420E-1
5.003720E-1
5.430020E-1
5.915120E-1
6.341420E-1
6.679520E-1
6.929420E-1
7.091120E-1
7.194020E-1
7.194020E-1
7.017620E-1
6.650120E-1
6.047420E-1
5.327120E-1
4.577420E-1
3.754220E-1
2.901620E-1
2.078420E-1
1.343420E-1
6.819200E-2
9.392000E-3
-4.205800E-2
-8.762800E-2
-1.287880E-1
-1.640680E-1
-1.949380E-1
-2.199280E-1
-2.405080E-1
-2.566780E-1
-2.684380E-1
-2.772580E-1
-2.846080E-1
-2.904880E-1
-2.948980E-1
-2.993080E-1
-3.037180E-1
-3.095980E-1
-3.154780E-1
-3.228280E-1
-3.301780E-1
-3.389980E-1
-3.478180E-1
-3.581080E-1
-3.683980E-1
-3.786880E-1
-3.904480E-1
-4.022080E-1
-4.154380E-1
-4.286680E-1
-4.433680E-1
-4.610080E-1
-4.786480E-1
-4.962880E-1
-5.139280E-1
-5.286280E-1
-5.418580E-1
-5.492080E-1
-5.506780E-1
-5.462680E-1
-5.345080E-1
-5.183380E-1
-4.977580E-1
-4.654180E-1
-4.124980E-1
-3.389980E-1
-2.537380E-1
-1.596580E-1
-6.998800E-2
4.982000E-3
6.378200E-2
1.078820E-1
1.402220E-1
1.608020E-1
1.725620E-1
1.769720E-1
1.755020E-1
1.563920E-1
1.020020E-1
1.821200E-2
-7.586800E-2
-1.655380E-1
-2.449180E-1
-3.154780E-1
-3.772180E-1
-4.316080E-1
-4.815880E-1
-5.242180E-1
-5.609680E-1
-5.918380E-1
-6.168280E-1
-6.359380E-1
-6.506380E-1
-6.623980E-1
-6.726880E-1
-6.800380E-1
-6.873880E-1
-6.947380E-1
-7.006180E-1
-7.050280E-1
-7.079680E-1
-7.094380E-1
-7.094380E-1
-7.094380E-1
-7.079680E-1
-7.094380E-1
-7.123780E-1
-7.167880E-1
-7.241380E-1
-7.314880E-1
-7.417780E-1
-7.491280E-1
-7.564780E-1
-7.608880E-1
-7.638280E-1
-7.638280E-1
-7.652980E-1
-7.652980E-1
-7.682380E-1
-7.726480E-1
-7.785280E-1
-7.858780E-1
-7.946980E-1
-8.035180E-1
-8.108680E-1
-8.152780E-1
-8.182180E-1
-8.167480E-1
-8.138080E-1
-8.079280E-1
-7.991080E-1
-7.888180E-1
-7.785280E-1
-7.682380E-1
-7.579480E-1
-7.476580E-1
-7.373680E-1
-7.285480E-1
-7.197280E-1
-7.109080E-1
-6.991480E-1
-6.873880E-1
-6.712180E-1
-6.535780E-1
-6.344680E-1
-6.124180E-1
-5.903680E-1
-5.683180E-1
-5.477380E-1
-5.315680E-1
-5.168680E-1
-5.080480E-1
-5.036380E-1
-5.021680E-1
-5.051080E-1
-5.109880E-1
-5.183380E-1
-5.286280E-1
-5.389180E-1
-5.492080E-1
-5.609680E-1
-5.741980E-1
-5.859580E-1
-6.006580E-1
-6.138880E-1
-6.285880E-1
-6.418180E-1
-6.550480E-1
-6.668080E-1
-6.770980E-1
-6.859180E-1
-6.903280E-1
-6.932680E-1
-6.917980E-1
-6.873880E-1
-6.815080E-1
-6.726880E-1
-6.653380E-1
-6.579880E-1
-6.521080E-1
-6.476980E-1
-6.476980E-1
-6.506380E-1
-6.550480E-1
-6.638680E-1
-6.726880E-1
-6.815080E-1
-6.888580E-1
-6.962080E-1
-7.006180E-1
-7.050280E-1
-7.064980E-1
-7.064980E-1
-7.064980E-1
-7.064980E-1
-7.050280E-1
-7.050280E-1
-7.035580E-1
-7.006180E-1
-6.976780E-1
-6.932680E-1
-6.873880E-1
-6.800380E-1
-6.756280E-1
-6.712180E-1
-6.712180E-1
-6.741580E-1
-6.800380E-1
-6.888580E-1
-7.006180E-1
-7.138480E-1
-7.241380E-1
-7.344280E-1
-7.403080E-1
-7.447180E-1
-7.461880E-1
-7.447180E-1
-7.417780E-1
-7.388380E-1
-7.358980E-1
-7.344280E-1
-7.329580E-1
-7.329580E-1
-7.344280E-1
-7.373680E-1
-7.403080E-1
-7.432480E-1
-7.447180E-1
-7.447180E-1
-7.447180E-1
-7.432480E-1
-7.403080E-1
-7.358980E-1
-7.314880E-1
-7.256080E-1
-7.197280E-1
-7.138480E-1
-7.064980E-1
-6.991480E-1
-6.917980E-1
-6.844480E-1
-6.756280E-1
-6.682780E-1
-6.609280E-1
-6.550480E-1
-6.521080E-1
-6.491680E-1
-6.476980E-1
-6.476980E-1
-6.491680E-1
-6.521080E-1
-6.550480E-1
-6.594580E-1
-6.638680E-1
-6.682780E-1
-6.726880E-1
-6.770980E-1
-6.815080E-1
-6.844480E-1
-6.859180E-1
-6.844480E-1
-6.829780E-1
-6.815080E-1
-6.785680E-1
-6.785680E-1
-6.785680E-1
-6.815080E-1
-6.873880E-1
-6.962080E-1
-7.050280E-1
-7.138480E-1
-7.211980E-1
-7.270780E-1
-7.300180E-1
-7.285480E-1
-7.256080E-1
-7.197280E-1
-7.138480E-1
-7.064980E-1
-7.006180E-1
-6.947380E-1
-6.903280E-1
-6.873880E-1
-6.859180E-1
-6.859180E-1
-6.859180E-1
-6.888580E-1
-6.917980E-1
-6.947380E-1
-6.976780E-1
-7.020880E-1
-7.050280E-1
-7.064980E-1
-7.079680E-1
-7.079680E-1
-7.079680E-1
-7.064980E-1
-7.050280E-1
-7.050280E-1
-7.050280E-1
-7.050280E-1
-7.064980E-1
-7.079680E-1
-7.109080E-1
-7.138480E-1
-7.167880E-1
-7.182580E-1
-7.197280E-1
-7.211980E-1
-7.197280E-1
-7.182580E-1
-7.153180E-1
-7.094380E-1
-7.035580E-1
-6.962080E-1
-6.888580E-1
-6.815080E-1
-6.756280E-1
-6.682780E-1
-6.638680E-1
-6.579880E-1
-6.550480E-1
-6.521080E-1
-6.491680E-1
-6.491680E-1
-6.491680E-1
-6.506380E-1
-6.550480E-1
-6.623980E-1
-6.726880E-1
-6.829780E-1
-6.947380E-1
-7.064980E-1
-7.167880E-1
-7.241380E-1
-7.270780E-1
-7.285480E-1
-7.256080E-1
-7.211980E-1
-7.167880E-1
-7.138480E-1
-7.123780E-1
-7.138480E-1
-7.167880E-1
-7.241380E-1
-7.314880E-1
-7.388380E-1
-7.461880E-1
-7.520680E-1
-7.535380E-1
-7.535380E-1
-7.505980E-1
-7.461880E-1
-7.403080E-1
-7.329580E-1
-7.241380E-1
-7.153180E-1
-7.064980E-1
-6.962080E-1
-6.873880E-1
-6.785680E-1
-6.697480E-1
-6.638680E-1
-6.594580E-1
-6.579880E-1
-6.565180E-1
-6.594580E-1
-6.609280E-1
-6.653380E-1
-6.682780E-1
-6.712180E-1
-6.726880E-1
-6.741580E-1
-6.756280E-1
-6.770980E-1
-6.785680E-1
-6.800380E-1
-6.815080E-1
-6.829780E-1
-6.829780E-1
-6.815080E-1
-6.800380E-1
-6.770980E-1
-6.712180E-1
-6.653380E-1
-6.594580E-1
-6.506380E-1
-6.432880E-1
-6.344680E-1
-6.256480E-1
-6.182980E-1
-6.109480E-1
-6.065380E-1
-6.035980E-1
-6.035980E-1
-6.065380E-1
-6.138880E-1
-6.227080E-1
-6.329980E-1
-6.447580E-1
-6.550480E-1
-6.638680E-1
-6.712180E-1
-6.770980E-1
-6.800380E-1
-6.815080E-1
-6.829780E-1
-6.844480E-1
-6.859180E-1
-6.873880E-1
-6.888580E-1
-6.903280E-1
-6.932680E-1
-6.947380E-1
-6.962080E-1
-6.976780E-1
-6.991480E-1
-7.020880E-1
-7.050280E-1
-7.079680E-1
-7.123780E-1
-7.153180E-1
-7.182580E-1
-7.197280E-1
-7.182580E-1
-7.138480E-1
-7.079680E-1
-6.991480E-1
-6.903280E-1
-6.815080E-1
-6.726880E-1
-6.668080E-1
-6.638680E-1
-6.623980E-1
-6.668080E-1
-6.726880E-1
-6.815080E-1
-6.917980E-1
-7.035580E-1
-7.123780E-1
-7.197280E-1
-7.226680E-1
-7.226680E-1
-7.182580E-1
-7.109080E-1
-7.035580E-1
-6.962080E-1
-6.888580E-1
-6.844480E-1
-6.829780E-1
-6.829780E-1
-6.829780E-1
-6.844480E-1
-6.844480E-1
-6.844480E-1
-6.829780E-1
-6.815080E-1
-6.800380E-1
-6.815080E-1
-6.844480E-1
-6.903280E-1
-6.991480E-1
-7.079680E-1
-7.167880E-1
-7.241380E-1
-7.300180E-1
-7.329580E-1
-7.344280E-1
-7.314880E-1
-7.285480E-1
-7.241380E-1
-7.197280E-1
-7.153180E-1
-7.138480E-1
-7.123780E-1
-7.138480E-1
-7.167880E-1
-7.197280E-1
-7.226680E-1
-7.241380E-1
-7.256080E-1
-7.241380E-1
-7.211980E-1
-7.167880E-1
-7.094380E-1
-7.035580E-1
-6.962080E-1
-6.903280E-1
-6.844480E-1
-6.815080E-1
-6.785680E-1
-6.785680E-1
-6.785680E-1
-6.800380E-1
-6.800380E-1
-6.815080E-1
-6.815080E-1
-6.815080E-1
-6.815080E-1
-6.800380E-1
-6.800380E-1
-6.800380E-1
-6.800380E-1
-6.829780E-1
-6.859180E-1
-6.903280E-1
-6.962080E-1
-7.020880E-1
-7.079680E-1
-7.138480E-1
-7.182580E-1
-7.226680E-1
-7.241380E-1
-7.256080E-1
-7.256080E-1
-7.226680E-1
-7.197280E-1
-7.138480E-1
-7.079680E-1
-7.020880E-1
-6.947380E-1
-6.873880E-1
-6.815080E-1
-6.785680E-1
-6.756280E-1
-6.756280E-1
-6.785680E-1
-6.800380E-1
-6.844480E-1
-6.873880E-1
-6.888580E-1
-6.873880E-1
-6.859180E-1
-6.815080E-1
-6.756280E-1
-6.682780E-1
-6.594580E-1
-6.506380E-1
-6.432880E-1
-6.359380E-1
-6.300580E-1
-6.256480E-1
-6.241780E-1
-6.227080E-1
-6.256480E-1
-6.285880E-1
-6.344680E-1
-6.403480E-1
-6.476980E-1
-6.535780E-1
-6.579880E-1
-6.623980E-1
-6.638680E-1
-6.653380E-1
-6.668080E-1
-6.668080E-1
-6.668080E-1
-6.697480E-1
-6.726880E-1
-6.785680E-1
-6.873880E-1
-6.962080E-1
-7.079680E-1
-7.197280E-1
-7.314880E-1
-7.417780E-1
-7.491280E-1
-7.535380E-1
-7.550080E-1
-7.535380E-1
-7.491280E-1
-7.432480E-1
-7.373680E-1
-7.300180E-1
-7.226680E-1
-7.167880E-1
-7.123780E-1
-7.079680E-1
-7.064980E-1
-7.050280E-1
-7.035580E-1
-7.020880E-1
-6.991480E-1
-6.976780E-1
-6.947380E-1
-6.903280E-1
-6.888580E-1
-6.859180E-1
-6.859180E-1
-6.859180E-1
-6.888580E-1
-6.917980E-1
-6.962080E-1
-7.020880E-1
-7.079680E-1
-7.123780E-1
-7.167880E-1
-7.182580E-1
-7.197280E-1
-7.197280E-1
-7.182580E-1
-7.153180E-1
-7.123780E-1
-7.079680E-1
-7.020880E-1
-6.962080E-1
-6.917980E-1
-6.859180E-1
-6.829780E-1
-6.800380E-1
-6.800380E-1
-6.815080E-1
-6.859180E-1
-6.917980E-1
-6.991480E-1
-7.050280E-1
-7.109080E-1
-7.138480E-1
-7.153180E-1
-7.123780E-1
-7.079680E-1
-7.020880E-1
-6.962080E-1
-6.888580E-1
-6.829780E-1
-6.770980E-1
-6.741580E-1
-6.726880E-1
-6.712180E-1
-6.712180E-1
-6.712180E-1
-6.697480E-1
-6.668080E-1
-6.638680E-1
-6.594580E-1
-6.550480E-1
-6.521080E-1
-6.476980E-1
-6.462280E-1
-6.447580E-1
-6.447580E-1
-6.447580E-1
-6.447580E-1
-6.432880E-1
-6.403480E-1
-6.359380E-1
-6.300580E-1
-6.227080E-1
-6.153580E-1
-6.094780E-1
-6.050680E-1
-6.035980E-1
-6.050680E-1
-6.094780E-1
-6.168280E-1
-6.256480E-1
-6.359380E-1
-6.462280E-1
-6.565180E-1
-6.638680E-1
-6.697480E-1
-6.756280E-1
-6.785680E-1
-6.800380E-1
-6.815080E-1
-6.815080E-1
-6.800380E-1
-6.785680E-1
-6.770980E-1
-6.770980E-1
-6.770980E-1
-6.785680E-1
-6.800380E-1
-6.844480E-1
-6.903280E-1
-6.962080E-1
-7.006180E-1
-7.064980E-1
-7.094380E-1
-7.109080E-1
-7.109080E-1
-7.079680E-1
-7.035580E-1
-6.976780E-1
-6.888580E-1
-6.815080E-1
-6.712180E-1
-6.623980E-1
-6.535780E-1
-6.447580E-1
-6.374080E-1
-6.329980E-1
-6.315280E-1
-6.315280E-1
-6.344680E-1
-6.403480E-1
-6.462280E-1
-6.550480E-1
-6.623980E-1
-6.712180E-1
-6.785680E-1
-6.859180E-1
-6.932680E-1
-6.991480E-1
-7.050280E-1
-7.094380E-1
-7.138480E-1
-7.167880E-1
-7.167880E-1
-7.153180E-1
-7.109080E-1
-7.064980E-1
-6.991480E-1
-6.917980E-1
-6.859180E-1
-6.800380E-1
-6.770980E-1
-6.770980E-1
-6.800380E-1
-6.829780E-1
-6.888580E-1
-6.932680E-1
-6.976780E-1
-7.020880E-1
-7.035580E-1
-7.050280E-1
-7.064980E-1
-7.064980E-1
-7.094380E-1
-7.109080E-1
-7.138480E-1
-7.153180E-1
-7.182580E-1
-7.182580E-1
-7.182580E-1
-7.153180E-1
-7.123780E-1
-7.079680E-1
-7.035580E-1
-6.991480E-1
-6.962080E-1
-6.962080E-1
-6.962080E-1
-6.976780E-1
-7.006180E-1
-7.035580E-1
-7.050280E-1
-7.079680E-1
-7.079680E-1
-7.079680E-1
-7.050280E-1
-7.006180E-1
-6.947380E-1
-6.873880E-1
-6.800380E-1
-6.697480E-1
-6.609280E-1
-6.535780E-1
-6.462280E-1
-6.403480E-1
-6.374080E-1
-6.359380E-1
-6.359380E-1
-6.388780E-1
-6.418180E-1
-6.447580E-1
-6.491680E-1
-6.521080E-1
-6.550480E-1
-6.579880E-1
-6.594580E-1
-6.623980E-1
-6.653380E-1
-6.697480E-1
-6.741580E-1
-6.800380E-1
-6.859180E-1
-6.917980E-1
-6.991480E-1
-7.050280E-1
-7.109080E-1
-7.167880E-1
-7.226680E-1
-7.285480E-1
-7.329580E-1
-7.388380E-1
-7.432480E-1
-7.476580E-1
-7.520680E-1
-7.535380E-1
-7.550080E-1
-7.550080E-1
-7.535380E-1
-7.505980E-1
-7.461880E-1
-7.417780E-1
-7.358980E-1
-7.314880E-1
-7.270780E-1
-7.226680E-1
-7.182580E-1
-7.167880E-1
-7.153180E-1
-7.138480E-1
-7.138480E-1
-7.123780E-1
-7.123780E-1
-7.109080E-1
-7.079680E-1
-7.050280E-1
-7.035580E-1
-7.020880E-1
-7.006180E-1
-7.020880E-1
-7.050280E-1
-7.109080E-1
-7.153180E-1
-7.226680E-1
-7.285480E-1
-7.329580E-1
-7.388380E-1
-7.417780E-1
-7.461880E-1
-7.491280E-1
-7.505980E-1
-7.535380E-1
-7.550080E-1
-7.550080E-1
-7.535380E-1
-7.520680E-1
-7.476580E-1
-7.432480E-1
-7.373680E-1
-7.314880E-1
-7.241380E-1
-7.182580E-1
-7.138480E-1
-7.094380E-1
-7.079680E-1
-7.079680E-1
-7.094380E-1
-7.138480E-1
-7.197280E-1
-7.270780E-1
-7.344280E-1
-7.432480E-1
-7.505980E-1
-7.579480E-1
-7.623580E-1
-7.667680E-1
-7.697080E-1
-7.726480E-1
-7.741180E-1
-7.755880E-1
-7.755880E-1
-7.770580E-1
-7.755880E-1
-7.755880E-1
-7.726480E-1
-7.682380E-1
-7.623580E-1
-7.550080E-1
-7.447180E-1
-7.344280E-1
-7.226680E-1
-7.123780E-1
-7.020880E-1
-6.917980E-1
-6.844480E-1
-6.800380E-1
-6.770980E-1
-6.770980E-1
-6.800380E-1
-6.859180E-1
-6.917980E-1
-6.991480E-1
-7.079680E-1
-7.153180E-1
-7.211980E-1
-7.256080E-1
-7.285480E-1
-7.270780E-1
-7.256080E-1
-7.197280E-1
-7.138480E-1
-7.050280E-1
-6.962080E-1
-6.873880E-1
-6.785680E-1
-6.712180E-1
-6.638680E-1
-6.565180E-1
-6.506380E-1
-6.476980E-1
-6.447580E-1
-6.462280E-1
-6.476980E-1
-6.506380E-1
-6.565180E-1
-6.609280E-1
-6.668080E-1
-6.697480E-1
-6.712180E-1
-6.712180E-1
-6.712180E-1
-6.682780E-1
-6.668080E-1
-6.653380E-1
-6.653380E-1
-6.668080E-1
-6.682780E-1
-6.726880E-1
-6.756280E-1
-6.770980E-1
-6.785680E-1
-6.785680E-1
-6.770980E-1
-6.741580E-1
-6.726880E-1
-6.712180E-1
-6.697480E-1
-6.697480E-1
-6.712180E-1
-6.726880E-1
-6.741580E-1
-6.741580E-1
-6.741580E-1
-6.741580E-1
-6.726880E-1
-6.726880E-1
-6.741580E-1
-6.770980E-1
-6.815080E-1
-6.888580E-1
-6.962080E-1
-7.050280E-1
-7.109080E-1
-7.153180E-1
-7.167880E-1
-7.138480E-1
-7.094380E-1
-7.035580E-1
-6.962080E-1
-6.888580E-1
-6.815080E-1
-6.726880E-1
-6.668080E-1
-6.594580E-1
-6.535780E-1
-6.476980E-1
-6.432880E-1
-6.403480E-1
-6.403480E-1
-6.432880E-1
-6.491680E-1
-6.565180E-1
-6.653380E-1
-6.741580E-1
-6.815080E-1
-6.873880E-1
-6.888580E-1
-6.903280E-1
-6.873880E-1
-6.844480E-1
-6.800380E-1
-6.756280E-1
-6.712180E-1
-6.682780E-1
-6.653380E-1
-6.638680E-1
-6.653380E-1
-6.668080E-1
-6.697480E-1
-6.726880E-1
-6.756280E-1
-6.770980E-1
-6.770980E-1
-6.756280E-1
-6.741580E-1
-6.712180E-1
-6.682780E-1
-6.653380E-1
-6.638680E-1
-6.653380E-1
-6.682780E-1
-6.726880E-1
-6.785680E-1
-6.844480E-1
-6.903280E-1
-6.962080E-1
-7.020880E-1
-7.050280E-1
-7.064980E-1
-7.064980E-1
-7.050280E-1
-7.006180E-1
-6.962080E-1
-6.888580E-1
-6.815080E-1
-6.756280E-1
-6.682780E-1
-6.638680E-1
-6.594580E-1
-6.579880E-1
-6.609280E-1
-6.653380E-1
-6.726880E-1
-6.815080E-1
-6.903280E-1
-7.006180E-1
-7.094380E-1
-7.153180E-1
-7.197280E-1
-7.211980E-1
-7.197280E-1
-7.182580E-1
-7.182580E-1
-7.182580E-1
-7.226680E-1
-7.300180E-1
-7.432480E-1
-7.608880E-1
-7.844080E-1
-8.138080E-1
-8.505580E-1
-8.931880E-1
-9.416980E-1
-9.946180E-1
-1.053418E+0
-1.115158E+0
-1.178368E+0
-1.241578E+0
-1.303318E+0
-1.363588E+0
-1.419448E+0
-1.473838E+0
-1.525288E+0
-1.573798E+0
-1.620838E+0
-1.663468E+0
-1.704628E+0
-1.742848E+0
-1.776658E+0
-1.807528E+0
-1.833988E+0
-1.858978E+0
-1.881028E+0
-1.903078E+0
-1.923658E+0
-1.944238E+0
-1.964818E+0
-1.986868E+0
-2.008918E+0
-2.030968E+0
-2.050078E+0
-2.067718E+0
-2.079478E+0
-2.088298E+0
-2.089768E+0
-2.086828E+0
-2.079478E+0
-2.070658E+0
-2.061838E+0
-2.054488E+0
-2.051548E+0
-2.051548E+0
-2.057428E+0
-2.067718E+0
-2.080948E+0
-2.098588E+0
-2.117698E+0
-2.136808E+0
-2.154448E+0
-2.172088E+0
-2.185318E+0
-2.194138E+0
-2.200018E+0
-2.201488E+0
-2.201488E+0
-2.198548E+0
-2.197078E+0
-2.195608E+0
-2.197078E+0
-2.200018E+0
-2.202958E+0
-2.204428E+0
-2.205898E+0
-2.204428E+0
-2.200018E+0
-2.194138E+0
-2.188258E+0
-2.183848E+0
-2.183848E+0
-2.186788E+0
-2.194138E+0
-2.205898E+0
-2.223538E+0
-2.242648E+0
-2.264698E+0
-2.286748E+0
-2.308798E+0
-2.332318E+0
-2.352898E+0
-2.372008E+0
-2.389648E+0
-2.402878E+0
-2.414638E+0
-2.423458E+0
-2.430808E+0
-2.433748E+0
-2.435218E+0
-2.435218E+0
-2.432278E+0
-2.429338E+0
-2.423458E+0
-2.417578E+0
-2.408758E+0
-2.399938E+0
-2.391118E+0
-2.382298E+0
-2.377888E+0
-2.376418E+0
-2.380828E+0
-2.388178E+0
-2.399938E+0
-2.411698E+0
-2.424928E+0
-2.438158E+0
-2.449918E+0
-2.460208E+0
-2.470498E+0
-2.483728E+0
-2.501368E+0
-2.524888E+0
-2.551348E+0
-2.582218E+0
-2.616028E+0
-2.648368E+0
-2.676298E+0
-2.696878E+0
-2.708638E+0
-2.713048E+0
-2.710108E+0
-2.701288E+0
-2.689528E+0
-2.677768E+0
-2.668948E+0
-2.664538E+0
-2.666008E+0
-2.671888E+0
-2.685118E+0
-2.702758E+0
-2.724808E+0
-2.746858E+0
-2.768908E+0
-2.789488E+0
-2.805658E+0
-2.817418E+0
-2.823298E+0
-2.823298E+0
-2.820358E+0
-2.814478E+0
-2.808598E+0
-2.801248E+0
-2.796838E+0
-2.796838E+0
-2.801248E+0
-2.811538E+0
-2.824768E+0
-2.843878E+0
-2.867398E+0
-2.893858E+0
-2.921788E+0
-2.951188E+0
-2.980588E+0
-3.008518E+0
-3.033508E+0
-3.055558E+0
-3.071728E+0
-3.083488E+0
-3.090838E+0
-3.093778E+0
-3.095248E+0
-3.096718E+0
-3.101128E+0
-3.107008E+0
-3.117298E+0
-3.131998E+0
-3.148168E+0
-3.165808E+0
-3.180508E+0
-3.189328E+0
-3.195208E+0
-3.193738E+0
-3.186388E+0
-3.173158E+0
-3.158458E+0
-3.142288E+0
-3.127588E+0
-3.114358E+0
-3.104068E+0
-3.096718E+0
-3.092308E+0
-3.089368E+0
-3.089368E+0
-3.090838E+0
-3.093778E+0
-3.096718E+0
-3.102598E+0
-3.109948E+0
-3.117298E+0
-3.129058E+0
-3.142288E+0
-3.158458E+0
-3.176098E+0
-3.196678E+0
-3.220198E+0
-3.245188E+0
-3.274588E+0
-3.306928E+0
-3.342208E+0
-3.378958E+0
-3.415708E+0
-3.450988E+0
-3.483328E+0
-3.514198E+0
-3.540658E+0
-3.565648E+0
-3.584758E+0
-3.599458E+0
-3.608278E+0
-3.609748E+0
-3.600928E+0
-3.583288E+0
-3.558298E+0
-3.525958E+0
-3.489208E+0
-3.455398E+0
-3.425998E+0
-3.406888E+0
-3.401008E+0
-3.409828E+0
-3.433348E+0
-3.471568E+0
-3.518608E+0
-3.570058E+0
-3.621508E+0
-3.665608E+0
-3.697948E+0
-3.714118E+0
-3.717058E+0
-3.706768E+0
-3.686188E+0
-3.662668E+0
-3.642088E+0
-3.627388E+0
-3.620038E+0
-3.622978E+0
-3.634738E+0
-3.653848E+0
-3.674428E+0
-3.696478E+0
-3.715588E+0
-3.730288E+0
-3.742048E+0
-3.749398E+0
-3.755278E+0
-3.761158E+0
-3.768508E+0
-3.780268E+0
-3.794968E+0
-3.812608E+0
-3.831718E+0
-3.852298E+0
-3.871408E+0
-3.889048E+0
-3.902278E+0
-3.912568E+0
-3.921388E+0
-3.925798E+0
-3.925798E+0
-3.921388E+0
-3.914038E+0
-3.902278E+0
-3.886108E+0
-3.868468E+0
-3.850828E+0
-3.834658E+0
-3.822898E+0
-3.818488E+0
-3.822898E+0
-3.834658E+0
-3.856708E+0
-3.889048E+0
-3.925798E+0
-3.966958E+0
-4.008118E+0
-4.044868E+0
-4.077208E+0
-4.097788E+0
-4.109548E+0
-4.113958E+0
-4.113958E+0
-4.111018E+0
-4.111018E+0
-4.111018E+0
-4.116898E+0
-4.127188E+0
-4.141888E+0
-4.158058E+0
-4.175698E+0
-4.194808E+0
-4.213918E+0
-4.235968E+0
-4.259488E+0
-4.283008E+0
-4.306528E+0
-4.327108E+0
-4.343278E+0
-4.350628E+0
-4.349158E+0
-4.337398E+0
-4.322698E+0
-4.306528E+0
-4.291828E+0
-4.283008E+0
-4.281538E+0
-4.290358E+0
-4.307998E+0
-4.331518E+0
-4.357978E+0
-4.384438E+0
-4.410898E+0
-4.432948E+0
-4.449118E+0
-4.459408E+0
-4.465288E+0
-4.471168E+0
-4.478518E+0
-4.485868E+0
-4.499098E+0
-4.512328E+0
-4.528498E+0
-4.544668E+0
-4.557898E+0
-4.569658E+0
-4.577008E+0
-4.582888E+0
-4.585828E+0
-4.587298E+0
-4.591708E+0
-4.597588E+0
-4.604938E+0
-4.613758E+0
-4.622578E+0
-4.628458E+0
-4.634338E+0
-4.637278E+0
-4.637278E+0
-4.635808E+0
-4.634338E+0
-4.634338E+0
-4.637278E+0
-4.643158E+0
-4.650508E+0
-4.659328E+0
-4.666678E+0
-4.669618E+0
-4.666678E+0
-4.657858E+0
-4.643158E+0
-4.625518E+0
-4.607878E+0
-4.596118E+0
-4.594648E+0
-4.609348E+0
-4.640218E+0
-4.684318E+0
-4.741648E+0
-4.803388E+0
-4.865128E+0
-4.919518E+0
-4.956268E+0
-4.976848E+0
-4.978318E+0
-4.966558E+0
-4.943038E+0
-4.915108E+0
-4.887178E+0
-4.863658E+0
-4.846018E+0
-4.832788E+0
-4.823968E+0
-4.819558E+0
-4.818088E+0
-4.819558E+0
-4.822498E+0
-4.828378E+0
-4.834258E+0
-4.843078E+0
-4.854838E+0
-4.868068E+0
-4.884238E+0
-4.903348E+0
-4.925398E+0
-4.950388E+0
-4.978318E+0
-5.010658E+0
-5.047408E+0
-5.090038E+0
-5.140018E+0
-5.192938E+0
-5.253208E+0
-5.312008E+0
-5.373748E+0
-5.434018E+0
-5.494288E+0
-5.551618E+0
-5.607478E+0
-5.658928E+0
-5.703028E+0
-5.736838E+0
-5.757418E+0
-5.757418E+0
-5.739778E+0
-5.708908E+0
-5.667748E+0
-5.623648E+0
-5.582488E+0
-5.548678E+0
-5.526628E+0
-5.516338E+0
-5.513398E+0
-5.520748E+0
-5.531038E+0
-5.548678E+0
-5.572198E+0
-5.603068E+0
-5.644228E+0
-5.694208E+0
-5.751538E+0
-5.823568E+0
-5.901478E+0
-5.980858E+0
-6.055828E+0
-6.120508E+0
-6.173428E+0
-6.199888E+0
-6.202828E+0
-6.179308E+0
-6.132268E+0
-6.060238E+0
-5.977918E+0
-5.889718E+0
-5.802988E+0
-5.722138E+0
-5.651578E+0
-5.597188E+0
-5.557498E+0
-5.535448E+0
-5.522218E+0
-5.517808E+0
-5.513398E+0
-5.511928E+0
-5.503108E+0
-5.488408E+0
-5.466358E+0
-5.441368E+0
-5.417848E+0
-5.401678E+0
-5.394328E+0
-5.401678E+0
-5.419318E+0
-5.453128E+0
-5.498698E+0
-5.548678E+0
-5.606008E+0
-5.663338E+0
-5.716258E+0
-5.769178E+0
-5.819158E+0
-5.867668E+0
-5.913238E+0
-5.958808E+0
-5.997028E+0
-6.027898E+0
-6.041128E+0
-6.038188E+0
-6.013198E+0
-5.967628E+0
-5.905888E+0
-5.838268E+0
-5.772118E+0
-5.717728E+0
-5.682448E+0
-5.672158E+0
-5.697148E+0
-5.757418E+0
-5.848558E+0
-5.974978E+0
-6.117568E+0
-6.273388E+0
-6.424798E+0
-6.543868E+0
-6.623248E+0
-6.652648E+0
-6.630598E+0
-6.571798E+0
-6.492418E+0
-6.407158E+0
-6.333658E+0
-6.276328E+0
-6.242518E+0
-6.224878E+0
-6.227818E+0
-6.239578E+0
-6.257218E+0
-6.279268E+0
-6.298378E+0
-6.314548E+0
-6.329248E+0
-6.345418E+0
-6.361588E+0
-6.388048E+0
-6.417448E+0
-6.457138E+0
-6.498298E+0
-6.536518E+0
-6.579148E+0
-6.626188E+0
-6.677638E+0
-6.730558E+0
-6.796708E+0
-6.881968E+0
-6.986338E+0
-7.106878E+0
-7.237708E+0
-7.377358E+0
-7.515538E+0
-7.652248E+0
-7.759558E+0
-7.834528E+0
-7.874218E+0
-7.866868E+0
-7.809538E+0
-7.705168E+0
-7.565518E+0
-7.408228E+0
-7.242118E+0
-7.087768E+0
-6.956938E+0
-6.849628E+0
-6.782008E+0
-6.749668E+0
-6.746728E+0
-6.765838E+0
-6.801118E+0
-6.840808E+0
-6.861388E+0
-6.865798E+0
-6.836398E+0
-6.789358E+0
-6.734968E+0
-6.677638E+0
-6.640888E+0
-6.630598E+0
-6.655588E+0
-6.718798E+0
-6.820228E+0
-6.952528E+0
-7.102468E+0
-7.252408E+0
-7.393528E+0
-7.493488E+0
-7.543468E+0
-7.543468E+0
-7.499368E+0
-7.424398E+0
-7.331788E+0
-7.247998E+0
-7.171558E+0
-7.115698E+0
-7.083358E+0
-7.070128E+0
-7.078948E+0
-7.106878E+0
-7.143628E+0
-7.189198E+0
-7.237708E+0
-7.292098E+0
-7.356778E+0
-7.424398E+0
-7.511128E+0
-7.611088E+0
-7.741918E+0
-7.906558E+0
-8.091778E+0
-8.301988E+0
-8.518078E+0
-8.700358E+0
-8.816488E+0
-8.826778E+0
-8.719468E+0
-8.518078E+0
-8.254948E+0
-7.972708E+0
-7.716928E+0
-7.505248E+0
-7.336198E+0
-7.208308E+0
-7.128928E+0
-7.083358E+0
-7.061308E+0
-7.052488E+0
-7.039258E+0
-7.026028E+0
-7.003978E+0
-6.973108E+0
-6.936358E+0
-6.898138E+0
-6.865798E+0
-6.845218E+0
-6.836398E+0
-6.845218E+0
-6.865798E+0
-6.898138E+0
-6.936358E+0
-6.977518E+0
-7.017208E+0
-7.056898E+0
-7.102468E+0
-7.152448E+0
-7.223008E+0
-7.321498E+0
-7.450858E+0
-7.611088E+0
-7.803658E+0
-8.021218E+0
-8.247598E+0
-8.475448E+0
-8.662138E+0
-8.816488E+0
-8.929678E+0
-9.004648E+0
-9.038458E+0
-9.026698E+0
-8.982598E+0
-8.898808E+0
-8.767978E+0
-8.588638E+0
-8.374018E+0
-8.157928E+0
-7.933018E+0
-7.730158E+0
-7.543468E+0
-7.387648E+0
-7.262698E+0
-7.156858E+0
-7.070128E+0
-7.003978E+0
-6.948118E+0
-6.918718E+0
-6.906958E+0
-6.918718E+0
-6.956938E+0
-7.026028E+0
-7.124518E+0
-7.247998E+0
-7.383238E+0
-7.521418E+0
-7.652248E+0
-7.759558E+0
-7.853638E+0
-7.925668E+0
-7.993288E+0
-8.056498E+0
-8.135878E+0
-8.232898E+0
-8.350498E+0
-8.491618E+0
-8.643028E+0
-8.816488E+0
-8.994358E+0
-9.163408E+0
-9.308938E+0
-9.425068E+0
-9.492688E+0
-9.519148E+0
-9.505918E+0
-9.451528E+0
-9.358918E+0
-9.283948E+0
-9.210448E+0
-9.175168E+0
-9.151648E+0
-9.151648E+0
-9.151648E+0
-9.163408E+0
-9.151648E+0
-9.116368E+0
-9.038458E+0
-8.939968E+0
-8.837068E+0
-8.738578E+0
-8.670958E+0
-8.625388E+0
-8.616568E+0
-8.643028E+0
-8.690068E+0
-8.776798E+0
-8.878228E+0
-8.994358E+0
-9.116368E+0
-9.210448E+0
-9.272188E+0
-9.283948E+0
-9.258958E+0
-9.175168E+0
-9.070798E+0
-8.962018E+0
-8.888518E+0
-8.857648E+0
-8.878228E+0
-8.962018E+0
-9.082558E+0
-9.235438E+0
-9.398608E+0
-9.505918E+0
-9.547078E+0
-9.492688E+0
-9.358918E+0
-9.163408E+0
-8.929678E+0
-8.690068E+0
-8.457808E+0
-8.254948E+0
-8.084428E+0
-7.946248E+0
-7.853638E+0
-7.816888E+0
-7.822768E+0
-7.874218E+0
-7.972708E+0
-8.106478E+0
-8.271118E+0
-8.448988E+0
-8.643028E+0
-8.837068E+0
-9.016408E+0
-9.210448E+0
-9.411838E+0
-9.663208E+0
-9.946918E+0
-1.027326E+1
-1.070397E+1
-1.124346E+1
-1.191966E+1
-1.265907E+1
-1.351020E+1
-1.422315E+1
-1.447893E+1
-1.422315E+1
-1.351020E+1
-1.277961E+1
-1.213869E+1
-1.164477E+1
-1.118319E+1
-1.077747E+1
-1.043496E+1
-1.013949E+1
-9.879298E+0
-9.648508E+0
-9.411838E+0
-9.210448E+0
-9.048748E+0
-8.909098E+0
-8.806198E+0
-8.728288E+0
-8.670958E+0
-8.643028E+0
-8.625388E+0
-8.597458E+0
-8.544538E+0
-8.448988E+0
-8.310808E+0
-8.143228E+0
-7.953598E+0
-7.759558E+0
-7.594918E+0
-7.467028E+0
-7.397938E+0
-7.387648E+0
-7.444978E+0
-7.571398E+0
-7.759558E+0
-8.007988E+0
-8.287288E+0
-8.579818E+0
-8.857648E+0
-9.070798E+0
-9.222208E+0
-9.322168E+0
-9.372148E+0
-9.411838E+0
-9.464758E+0
-9.547078E+0
-9.677908E+0
-9.879298E+0
-1.012185E+1
-1.043496E+1
-1.082745E+1
-1.133607E+1
-1.209312E+1
-1.342494E+1
-2.050005E+1
-2.050005E+1
-2.050005E+1
-2.050005E+1
-2.050005E+1
-2.050005E+1
-2.050005E+1
-2.050005E+1
-2.050005E+1
-2.050005E+1
-2.050005E+1
-2.050005E+1
-1.811424E+1
-1.200492E+1
-1.058784E+1
-9.783748E+0
-9.247198E+0
-8.847358E+0
-8.535718E+0
-8.287288E+0
-8.077078E+0
-7.912438E+0
-7.778668E+0
-7.681648E+0
-7.634608E+0
-7.628728E+0
-7.681648E+0
-7.784548E+0
-7.938898E+0
-8.135878E+0
-8.374018E+0
-8.634208E+0
-8.919388E+0
-9.186928E+0
-9.451528E+0
-9.692608E+0
-9.896938E+0
-1.010274E+1
-1.029237E+1
-1.047759E+1
-1.063341E+1
-1.077747E+1
-1.090389E+1
-1.101120E+1
-1.106706E+1
-1.103913E+1
-1.095681E+1
-1.080099E+1
-1.056579E+1
-1.031148E+1
-1.003218E+1
-9.752878E+0
-9.492688E+0
-9.295708E+0
-9.163408E+0
-9.104608E+0
-9.116368E+0
-9.210448E+0
-9.385378E+0
-9.663208E+0
-1.003218E+1
-1.049964E+1
-1.106706E+1
-1.175796E+1
-1.260027E+1
-1.359840E+1
-1.493022E+1
-1.748949E+1
-2.050005E+1
-2.050005E+1
-2.050005E+1
-2.050005E+1
-2.050005E+1
-2.050005E+1
-2.050005E+1
-2.050005E+1
-2.050005E+1
-2.050005E+1
-1.660896E+1
-1.297365E+1
-1.157274E+1
-1.075248E+1
-1.023357E+1
-9.913108E+0
-9.769048E+0
-9.799918E+0
-1.003218E+1
-1.052169E+1
-1.143456E+1
-1.342494E+1
-2.050005E+1
-2.050005E+1
-2.050005E+1
-2.050005E+1
-2.050005E+1
-2.050005E+1
-2.050005E+1
-2.050005E+1
-1.311330E+1
-1.109499E+1
-1.013949E+1
-9.604408E+0
-9.295708E+0
-9.139888E+0
-9.094318E+0
-9.116368E+0
-9.186928E+0
-9.272188E+0
-9.358918E+0
-9.438298E+0
-9.533848E+0
-9.619108E+0
-9.722008E+0
-9.863128E+0
-1.004982E+1
-1.027326E+1
-1.056579E+1
-1.085244E+1
-1.118319E+1
-1.143456E+1
-1.153746E+1
-1.150218E+1
-1.130520E+1
-1.101120E+1
-1.075248E+1
-1.052169E+1
-1.041438E+1
-1.045554E+1
-1.068045E+1
-1.118319E+1
-1.218573E+1
-1.493022E+1
-2.050005E+1
-2.050005E+1
-2.050005E+1
-2.050005E+1
-2.050005E+1
-2.050005E+1
-2.050005E+1
-2.050005E+1
-2.050005E+1
-2.050005E+1
-2.050005E+1
-2.050005E+1
-2.050005E+1
-1.351020E+1
-1.213869E+1
-1.164477E+1
-1.168152E+1
-1.223277E+1
-1.388799E+1
-2.050005E+1
-2.050005E+1
-2.050005E+1
-2.050005E+1
-2.050005E+1
-2.050005E+1
-2.050005E+1
-2.050005E+1
-2.050005E+1
-2.050005E+1
-2.050005E+1
-2.050005E+1
-2.050005E+1
-2.050005E+1
-1.447893E+1
-1.248855E+1
-1.171974E+1
-1.136841E+1
-1.121259E+1
-1.127433E+1
-1.150218E+1
-1.191966E+1
-1.248855E+1
-1.326324E+1
-1.422315E+1
-1.572843E+1
-1.899477E+1
-2.050005E+1
-2.050005E+1
-2.050005E+1
-2.050005E+1
-2.050005E+1
-2.050005E+1
-2.050005E+1
-2.050005E+1
-2.050005E+1
-2.050005E+1
-2.050005E+1
-2.050005E+1
-2.050005E+1
-2.050005E+1
-2.050005E+1
-2.050005E+1
-2.050005E+1
-2.050005E+1
-2.050005E+1
-2.050005E+1
-2.050005E+1
-2.050005E+1
-2.050005E+1
-2.050005E+1
-2.050005E+1
-2.050005E+1
-2.050005E+1
-2.050005E+1
-2.050005E+1
-1.388799E+1
-1.146837E+1
-1.039380E+1
-9.722008E+0
-9.283948E+0
-9.004648E+0
-8.857648E+0
-8.816488E+0
-8.898808E+0
-9.104608E+0
-9.492688E+0
-1.008510E+1
-1.109499E+1
-1.311330E+1
-2.050005E+1
-2.050005E+1
-2.050005E+1
-2.050005E+1
-2.050005E+1
-2.050005E+1
-2.050005E+1
-2.050005E+1
-2.050005E+1
-2.050005E+1
-2.050005E+1
-2.050005E+1
-1.700439E+1
-1.660896E+1
-1.748949E+1
-2.050005E+1
-2.050005E+1
-1.899477E+1
-1.572843E+1
-1.378803E+1
-1.254441E+1
-1.160802E+1
-1.090389E+1
-1.037322E+1
-9.963088E+0
-9.707308E+0
-9.547078E+0
-9.492688E+0
-9.547078E+0
-9.707308E+0
-9.980728E+0
-1.035264E+1
-1.085244E+1
-1.146837E+1
-1.213869E+1
-1.271787E+1
-1.290750E+1
-1.260027E+1
-1.196082E+1
-1.124346E+1
-1.060989E+1
-1.010274E+1
-9.677908E+0
-9.372148E+0
-9.151648E+0
-9.026698E+0
-8.982598E+0
-9.026698E+0
-9.139888E+0
-9.333928E+0
-9.633808E+0
-1.001454E+1
-1.052169E+1
-1.112439E+1
-1.175796E+1
-1.233273E+1
-1.260027E+1
-1.248855E+1
-1.204902E+1
-1.146837E+1
-1.093035E+1
-1.047759E+1
-1.008510E+1
-9.769048E+0
-9.519148E+0
-9.308938E+0
-9.151648E+0
-9.048748E+0
-8.962018E+0
-8.919388E+0
-8.909098E+0
-8.939968E+0
-9.016408E+0
-9.116368E+0
-9.247198E+0
-9.425068E+0
-9.619108E+0
-9.816088E+0
-9.996898E+0
-1.012185E+1
-1.015860E+1
-1.010274E+1
-9.980728E+0
-9.816088E+0
-9.648508E+0
-9.519148E+0
-9.425068E+0
-9.385378E+0
-9.372148E+0
-9.398608E+0
-9.411838E+0
-9.411838E+0
-9.358918E+0
-9.272188E+0
-9.163408E+0
-9.048748E+0
-8.962018E+0
-8.929678E+0
-8.950258E+0
-9.060508E+0
-9.258958E+0
-9.561778E+0
-1.001454E+1
-1.063341E+1
-1.153746E+1
-1.311330E+1
-2.050005E+1
-2.050005E+1
-2.050005E+1
-2.050005E+1
-2.050005E+1
-2.050005E+1
-2.050005E+1
-2.050005E+1
-2.050005E+1
-2.050005E+1
-2.050005E+1
-2.050005E+1
-2.050005E+1
-2.050005E+1
-2.050005E+1
-2.050005E+1
-1.277961E+1
-1.136841E+1
-1.065693E+1
-1.029237E+1
-1.010274E+1
-1.008510E+1
-1.019535E+1
-1.041438E+1
-1.077747E+1
-1.124346E+1
-1.179765E+1
-1.243563E+1
-1.311330E+1
-1.378803E+1
-1.461858E+1
-1.572843E+1
-1.899477E+1
-2.050005E+1
-2.050005E+1
-2.050005E+1
-2.050005E+1
-2.050005E+1
-2.050005E+1
-2.050005E+1
-2.050005E+1
-2.050005E+1
-1.529331E+1
-1.399383E+1
-1.359840E+1
-1.378803E+1
-1.493022E+1
-2.050005E+1
-2.050005E+1
-2.050005E+1
-2.050005E+1
-2.050005E+1
-2.050005E+1
-2.050005E+1
-2.050005E+1
-2.050005E+1
-1.529331E+1
-1.388799E+1
-1.359840E+1
-1.388799E+1
-1.476852E+1
-1.748949E+1
-2.050005E+1
-2.050005E+1
-2.050005E+1
-1.748949E+1
-1.410555E+1
-1.271787E+1
-1.179765E+1
-1.121259E+1
-1.085244E+1
-1.065693E+1
-1.056579E+1
-1.054374E+1
-1.056579E+1
-1.065693E+1
-1.075248E+1
-1.085244E+1
-1.101120E+1
-1.127433E+1
-1.171974E+1
-1.248855E+1
-1.434663E+1
-2.050005E+1
-2.050005E+1
-2.050005E+1
-2.050005E+1
-2.050005E+1
-2.050005E+1
-2.050005E+1
-2.050005E+1
-2.050005E+1
-2.050005E+1
-2.050005E+1
-2.050005E+1
-2.050005E+1
-1.660896E+1
-1.549911E+1
-1.811424E+1
-2.050005E+1
-2.050005E+1
-2.050005E+1
-2.050005E+1
-2.050005E+1
-2.050005E+1
-2.050005E+1
-2.050005E+1
-2.050005E+1
-2.050005E+1
-2.050005E+1
-2.050005E+1
-2.050005E+1
-2.050005E+1
-2.050005E+1
-2.050005E+1
-2.050005E+1
-2.050005E+1
-2.050005E+1
-2.050005E+1
-2.050005E+1
-2.050005E+1
-2.050005E+1
-2.050005E+1
-2.050005E+1
-2.050005E+1
-2.050005E+1
-1.899477E+1
-1.510368E+1
-1.410555E+1
-1.378803E+1
-1.378803E+1
-1.447893E+1
-1.660896E+1
-2.050005E+1
-2.050005E+1
-2.050005E+1
-2.050005E+1
-2.050005E+1
-2.050005E+1
-2.050005E+1
-2.050005E+1
-2.050005E+1
-2.050005E+1
-2.050005E+1
-1.700439E+1
-1.447893E+1
-1.369101E+1
-1.351020E+1
-1.351020E+1
-1.351020E+1
-1.334262E+1
-1.284135E+1
-1.218573E+1
-1.146837E+1
-1.085244E+1
-1.039380E+1
-1.006746E+1
-9.863128E+0
-9.783748E+0
-9.846958E+0
-1.003218E+1
-1.033206E+1
-1.077747E+1
-1.133607E+1
-1.204902E+1
-1.284135E+1
-1.369101E+1
-1.447893E+1
-1.493022E+1
-1.493022E+1
-1.461858E+1
-1.422315E+1
-1.388799E+1
-1.359840E+1
-1.351020E+1
-1.359840E+1
-1.388799E+1
-1.434663E+1
-1.529331E+1
-1.899477E+1
-2.050005E+1
-2.050005E+1
-2.050005E+1
-2.050005E+1
-2.050005E+1
-2.050005E+1
-2.050005E+1
-2.050005E+1
-2.050005E+1
-2.050005E+1
-2.050005E+1
-2.050005E+1
-2.050005E+1
-2.050005E+1
-2.050005E+1
-2.050005E+1
-2.050005E+1
-2.050005E+1
-2.050005E+1
-2.050005E+1
-2.050005E+1
-2.050005E+1
-2.050005E+1
-2.050005E+1
-2.050005E+1
-2.050005E+1
-2.050005E+1
-2.050005E+1
-2.050005E+1
-2.050005E+1
-2.050005E+1
-2.050005E+1
-2.050005E+1
-1.811424E+1
-1.627380E+1
-1.461858E+1
-1.334262E+1
-1.238271E+1
-1.157274E+1
-1.103913E+1
-1.068045E+1
-1.049964E+1
-1.045554E+1
-1.058784E+1
-1.085244E+1
-1.133607E+1
-1.200492E+1
-1.290750E+1
-1.422315E+1
-1.660896E+1
-2.050005E+1
-2.050005E+1
-2.050005E+1
-2.050005E+1
-2.050005E+1
-2.050005E+1
-2.050005E+1
-2.050005E+1
-2.050005E+1
-2.050005E+1
-2.050005E+1
-2.050005E+1
-2.050005E+1
-2.050005E+1
-1.476852E+1
-1.271787E+1
-1.164477E+1
-1.098327E+1
-1.054374E+1
-1.025268E+1
-1.010274E+1
-1.006746E+1
-1.015860E+1
-1.039380E+1
-1.080099E+1
-1.150218E+1
-1.277961E+1
-1.811424E+1
-2.050005E+1
-2.050005E+1
-2.050005E+1
-2.050005E+1
-2.050005E+1
-2.050005E+1
-2.050005E+1
-2.050005E+1
-2.050005E+1
-2.050005E+1
-1.529331E+1
-1.218573E+1
-1.109499E+1
-1.052169E+1
-1.023357E+1
-1.017624E+1
-1.031148E+1
-1.068045E+1
-1.127433E+1
-1.213869E+1
-1.351020E+1
-1.627380E+1
-2.050005E+1
-2.050005E+1
-2.050005E+1
-2.050005E+1
-2.050005E+1
-2.050005E+1
-2.050005E+1
-2.050005E+1
-2.050005E+1
-2.050005E+1
-2.050005E+1
-2.050005E+1
-2.050005E+1
-2.050005E+1
-2.050005E+1
-2.050005E+1
-2.050005E+1
-2.050005E+1
-2.050005E+1
-2.050005E+1
-2.050005E+1
-2.050005E+1
-2.050005E+1
-2.050005E+1
-2.050005E+1
-2.050005E+1
-2.050005E+1
-2.050005E+1
-2.050005E+1
-2.050005E+1
-2.050005E+1
-2.050005E+1
-2.050005E+1
-2.050005E+1
-2.050005E+1
-2.050005E+1
-2.050005E+1
-2.050005E+1
-1.369101E+1
-1.204902E+1
-1.115379E+1
-1.060989E+1
-1.027326E+1
-1.010274E+1
-1.013949E+1
-1.033206E+1
-1.072749E+1
-1.140222E+1
-1.248855E+1
-1.461858E+1
-2.050005E+1
-2.050005E+1
-2.050005E+1
-2.050005E+1
-2.050005E+1
-2.050005E+1
-2.050005E+1
-2.050005E+1
-2.050005E+1
-2.050005E+1
-2.050005E+1
-2.050005E+1
-2.050005E+1
-2.050005E+1
-2.050005E+1
-2.050005E+1
-2.050005E+1
-2.050005E+1
-2.050005E+1
-2.050005E+1
-2.050005E+1
-2.050005E+1
-2.050005E+1
-2.050005E+1
-2.050005E+1
-2.050005E+1
-2.050005E+1
-2.050005E+1
-2.050005E+1
-2.050005E+1
-2.050005E+1
-1.461858E+1
-1.146837E+1
-1.031148E+1
-9.663208E+0
-9.295708E+0
-9.128128E+0
-9.094318E+0
-9.186928E+0
-9.372148E+0
-9.648508E+0
-1.001454E+1
-1.045554E+1
-1.103913E+1
-1.183734E+1
-1.334262E+1
-2.050005E+1
-2.050005E+1
-2.050005E+1
-2.050005E+1
-2.050005E+1
-2.050005E+1
-2.050005E+1
-2.050005E+1
-2.050005E+1
-2.050005E+1
-2.050005E+1
-2.050005E+1
-2.050005E+1
-2.050005E+1
-2.050005E+1
-2.050005E+1
-2.050005E+1
-2.050005E+1
-2.050005E+1
-2.050005E+1
-2.050005E+1
-2.050005E+1
-2.050005E+1
-2.050005E+1
-2.050005E+1
-2.050005E+1
-2.050005E+1
-2.050005E+1
-2.050005E+1
-2.050005E+1
-2.050005E+1
-2.050005E+1
-2.050005E+1
-2.050005E+1
-2.050005E+1
-2.050005E+1
-2.050005E+1
-2.050005E+1
-2.050005E+1
-2.050005E+1
-2.050005E+1
-2.050005E+1
-2.050005E+1
-2.050005E+1
-2.050005E+1
-2.050005E+1
-2.050005E+1
-2.050005E+1
-2.050005E+1
-2.050005E+1
-2.050005E+1
-2.050005E+1
-2.050005E+1
-2.050005E+1
-2.050005E+1
-2.050005E+1
-2.050005E+1
-2.050005E+1
-2.050005E+1
-2.050005E+1
-2.050005E+1
-2.050005E+1
-2.050005E+1
-2.050005E+1
-2.050005E+1
-2.050005E+1
-2.050005E+1
-2.050005E+1
-2.050005E+1
-2.050005E+1
-2.050005E+1
-2.050005E+1
-2.050005E+1
-2.050005E+1
-2.050005E+1
-2.050005E+1
-2.050005E+1
-2.050005E+1
-2.050005E+1
-2.050005E+1
-2.050005E+1
-2.050005E+1
-2.050005E+1
-2.050005E+1
-2.050005E+1
-2.050005E+1
-2.050005E+1
-2.050005E+1
-2.050005E+1
-2.050005E+1
-2.050005E+1
-2.050005E+1
-2.050005E+1
-1.700439E+1
-1.265907E+1
-1.118319E+1
-1.031148E+1
-9.769048E+0
-9.451528E+0
-9.308938E+0
-9.322168E+0
-9.505918E+0
-9.830788E+0
-1.035264E+1
-1.106706E+1
-1.209312E+1
-1.378803E+1
-1.811424E+1
-2.050005E+1
-2.050005E+1
-2.050005E+1
-2.050005E+1
-1.811424E+1
-1.422315E+1
-1.277961E+1
-1.187850E+1
-1.127433E+1
-1.087743E+1
-1.070397E+1
-1.068045E+1
-1.082745E+1
-1.121259E+1
-1.191966E+1
-1.334262E+1
-2.050005E+1
-2.050005E+1
-2.050005E+1
-2.050005E+1
-2.050005E+1
-2.050005E+1
-2.050005E+1
-2.050005E+1
-2.050005E+1
-2.050005E+1
-2.050005E+1
-2.050005E+1
-1.660896E+1
-1.378803E+1
-1.277961E+1
-1.209312E+1
-1.164477E+1
-1.127433E+1
-1.101120E+1
-1.085244E+1
-1.080099E+1
-1.090389E+1
-1.118319E+1
-1.175796E+1
-1.290750E+1
-1.700439E+1
-2.050005E+1
-2.050005E+1
-2.050005E+1
-2.050005E+1
-2.050005E+1
-2.050005E+1
-2.050005E+1
-2.050005E+1
-2.050005E+1
-2.050005E+1
-2.050005E+1
-2.050005E+1
-2.050005E+1
-2.050005E+1
-2.050005E+1
-2.050005E+1
-2.050005E+1
-1.700439E+1
-1.277961E+1
-1.140222E+1
-1.056579E+1
-1.003218E+1
-9.677908E+0
-9.477988E+0
-9.398608E+0
-9.425068E+0
-9.547078E+0
-9.722008E+0
-9.913108E+0
-1.008510E+1
-1.019535E+1
-1.021446E+1
-1.015860E+1
-1.003218E+1
-9.913108E+0
-9.816088E+0
-9.783748E+0
-9.799918E+0
-9.879298E+0
-1.001454E+1
-1.023357E+1
-1.049964E+1
-1.082745E+1
-1.121259E+1
-1.160802E+1
-1.200492E+1
-1.233273E+1
-1.254441E+1
-1.260027E+1
-1.248855E+1
-1.233273E+1
-1.218573E+1
-1.213869E+1
-1.223277E+1
-1.248855E+1
-1.297365E+1
-1.378803E+1
-1.493022E+1
-1.748949E+1
-2.050005E+1
-2.050005E+1
-2.050005E+1
-2.050005E+1
-2.050005E+1
-2.050005E+1
-2.050005E+1
-2.050005E+1
-1.899477E+1
-1.598421E+1
-1.422315E+1
-1.284135E+1
-1.179765E+1
-1.103913E+1
-1.043496E+1
-9.980728E+0
-9.648508E+0
-9.411838E+0
-9.272188E+0
-9.235438E+0
-9.272188E+0
-9.398608E+0
-9.648508E+0
-1.004982E+1
-1.072749E+1
-1.187850E+1
-1.493022E+1
-2.050005E+1
-2.050005E+1
-2.050005E+1
-2.050005E+1
-2.050005E+1
-2.050005E+1
-2.050005E+1
-2.050005E+1
-2.050005E+1
-2.050005E+1
-2.050005E+1
-2.050005E+1
-2.050005E+1
-2.050005E+1
-2.050005E+1
-2.050005E+1
-2.050005E+1
-2.050005E+1
-2.050005E+1
-2.050005E+1
-2.050005E+1
-2.050005E+1
-2.050005E+1
-2.050005E+1
-1.598421E+1
-1.461858E+1
-1.399383E+1
-1.378803E+1
-1.359840E+1
-1.351020E+1
-1.334262E+1
-1.326324E+1
-1.304274E+1
-1.284135E+1
-1.254441E+1
-1.228275E+1
-1.204902E+1
-1.183734E+1
-1.168152E+1
-1.150218E+1
-1.133607E+1
-1.124346E+1
-1.121259E+1
-1.121259E+1
-1.127433E+1
-1.140222E+1
-1.160802E+1
-1.196082E+1
-1.243563E+1
-1.304274E+1
-1.388799E+1
-1.549911E+1
-2.050005E+1
-2.050005E+1
-2.050005E+1
-2.050005E+1
-2.050005E+1
-2.050005E+1
-2.050005E+1
-2.050005E+1
-1.434663E+1
-1.260027E+1
-1.164477E+1
-1.103913E+1
-1.063341E+1
-1.041438E+1
-1.033206E+1
-1.037322E+1
-1.047759E+1
-1.065693E+1
-1.090389E+1
-1.121259E+1
-1.153746E+1
-1.200492E+1
-1.271787E+1
-1.422315E+1
-2.050005E+1
-2.050005E+1
-2.050005E+1
-2.050005E+1
-2.050005E+1
-2.050005E+1
-2.050005E+1
-2.050005E+1
-2.050005E+1
-2.050005E+1
-2.050005E+1
-2.050005E+1
-2.050005E+1
-1.351020E+1
-1.233273E+1
-1.183734E+1
-1.179765E+1
-1.213869E+1
-1.311330E+1
-1.748949E+1
-2.050005E+1
-2.050005E+1
-2.050005E+1
-2.050005E+1
-2.050005E+1
-2.050005E+1
-2.050005E+1
-2.050005E+1
-2.050005E+1
-2.050005E+1
-2.050005E+1
-2.050005E+1
-2.050005E+1
-2.050005E+1
-2.050005E+1
-2.050005E+1
-2.050005E+1
-1.572843E+1
-1.510368E+1
-1.549911E+1
-1.748949E+1
-2.050005E+1
-2.050005E+1
-2.050005E+1
-2.050005E+1
-2.050005E+1
-2.050005E+1
-2.050005E+1
-2.050005E+1
-2.050005E+1
-2.050005E+1
-2.050005E+1
-1.700439E+1
-1.461858E+1
-1.359840E+1
-1.311330E+1
-1.284135E+1
-1.271787E+1
-1.265907E+1
-1.271787E+1
-1.277961E+1
-1.290750E+1
-1.311330E+1
-1.326324E+1
-1.342494E+1
-1.359840E+1
-1.369101E+1
-1.359840E+1
-1.334262E+1
-1.311330E+1
-1.290750E+1
-1.284135E+1
-1.290750E+1
-1.326324E+1
-1.422315E+1
-1.748949E+1
-2.050005E+1
-2.050005E+1
-2.050005E+1
-2.050005E+1
-2.050005E+1
-2.050005E+1
-2.050005E+1
-2.050005E+1
-2.050005E+1
-2.050005E+1
-2.050005E+1
-1.410555E+1
-1.164477E+1
-1.058784E+1
-9.980728E+0
-9.633808E+0
-9.477988E+0
-9.505918E+0
-9.677908E+0
-9.980728E+0
-1.043496E+1
-1.109499E+1
-1.200492E+1
-1.334262E+1
-1.598421E+1
-2.050005E+1
-2.050005E+1
-2.050005E+1
-2.050005E+1
-2.050005E+1
-2.050005E+1
-2.050005E+1
-2.050005E+1
-2.050005E+1
-2.050005E+1
-2.050005E+1
-2.050005E+1
-2.050005E+1
-1.572843E+1
-1.297365E+1
-1.171974E+1
-1.095681E+1
-1.043496E+1
-1.012185E+1
-9.980728E+0
-9.996898E+0
-1.019535E+1
-1.060989E+1
-1.143456E+1
-1.326324E+1
-2.050005E+1
-2.050005E+1
-2.050005E+1
-2.050005E+1
-2.050005E+1
-2.050005E+1
-2.050005E+1
-2.050005E+1
-2.050005E+1
-2.050005E+1
-2.050005E+1
-1.399383E+1
-1.213869E+1
-1.143456E+1
-1.124346E+1
-1.136841E+1
-1.175796E+1
-1.238271E+1
-1.334262E+1
-1.493022E+1
-2.050005E+1
-2.050005E+1
-2.050005E+1
-2.050005E+1
-2.050005E+1
-2.050005E+1
-2.050005E+1
-2.050005E+1
-2.050005E+1
-2.050005E+1
-2.050005E+1
-2.050005E+1
-2.050005E+1
-2.050005E+1
-2.050005E+1
-2.050005E+1
-2.050005E+1
-2.050005E+1
-1.493022E+1
-1.248855E+1
-1.168152E+1
-1.133607E+1
-1.130520E+1
-1.140222E+1
-1.164477E+1
-1.196082E+1
-1.233273E+1
-1.271787E+1
-1.326324E+1
-1.399383E+1
-1.549911E+1
-2.050005E+1
-2.050005E+1
-2.050005E+1
-2.050005E+1
-2.050005E+1
-2.050005E+1
-2.050005E+1
-2.050005E+1
-2.050005E+1
-1.549911E+1
-1.277961E+1
-1.157274E+1
-1.080099E+1
-1.027326E+1
-9.896938E+0
-9.648508E+0
-9.505918E+0
-9.464758E+0
-9.505918E+0
-9.633808E+0
-9.830788E+0
-1.010274E+1
-1.049964E+1
-1.101120E+1
-1.168152E+1
-1.265907E+1
-1.447893E+1
-2.050005E+1
-2.050005E+1
-2.050005E+1
-2.050005E+1
-2.050005E+1
-2.050005E+1
-2.050005E+1
-2.050005E+1
-2.050005E+1
-2.050005E+1
-1.660896E+1
-1.399383E+1
-1.290750E+1
-1.218573E+1
-1.164477E+1
-1.118319E+1
-1.075248E+1
-1.035264E+1
-1.001454E+1
-9.722008E+0
-9.492688E+0
-9.283948E+0
-9.116368E+0
-8.972308E+0
-8.847358E+0
-8.719468E+0
-8.597458E+0
-8.475448E+0
-8.366668E+0
-8.278468E+0
-8.202028E+0
-8.150578E+0
-8.121178E+0
-8.106478E+0
-8.106478E+0
-8.113828E+0
-8.128528E+0
-8.135878E+0
-8.150578E+0
-8.165278E+0
-8.172628E+0
-8.187328E+0
-8.202028E+0
-8.232898E+0
-8.278468E+0
-8.357848E+0
-8.466628E+0
-8.616568E+0
-8.806198E+0
-9.038458E+0
-9.295708E+0
-9.533848E+0
-9.692608E+0
-9.722008E+0
-9.604408E+0
-9.358918E+0
-9.038458E+0
-8.709178E+0
-8.407828E+0
-8.172628E+0
-8.000638E+0
-7.912438E+0
-7.893328E+0
-7.946248E+0
-8.063848E+0
-8.240248E+0
-8.475448E+0
-8.747398E+0
-9.048748E+0
-9.372148E+0
-9.752878E+0
-1.017624E+1
-1.072749E+1
-1.143456E+1
-1.260027E+1
-1.549911E+1
-2.050005E+1
-2.050005E+1
-2.050005E+1
-2.050005E+1
-2.050005E+1
-2.050005E+1
-2.050005E+1
-2.050005E+1
-1.811424E+1
-1.284135E+1
-1.146837E+1
-1.072749E+1
-1.027326E+1
-1.001454E+1
-9.896938E+0
-9.879298E+0
-9.929278E+0
-1.004982E+1
-1.019535E+1
-1.037322E+1
-1.052169E+1
-1.065693E+1
-1.075248E+1
-1.082745E+1
-1.087743E+1
-1.087743E+1
-1.087743E+1
-1.085244E+1
-1.080099E+1
-1.072749E+1
-1.058784E+1
-1.045554E+1
-1.031148E+1
-1.017624E+1
-1.006746E+1
-1.001454E+1
-1.004982E+1
-1.017624E+1
-1.043496E+1
-1.087743E+1
-1.160802E+1
-1.284135E+1
-1.598421E+1
-2.050005E+1
-2.050005E+1
-2.050005E+1
-2.050005E+1
-2.050005E+1
-2.050005E+1
-1.627380E+1
-1.284135E+1
-1.157274E+1
-1.082745E+1
-1.037322E+1
-1.013949E+1
-1.006746E+1
-1.013949E+1
-1.035264E+1
-1.070397E+1
-1.124346E+1
-1.200492E+1
-1.311330E+1
-1.529331E+1
-2.050005E+1
-2.050005E+1
-2.050005E+1
-2.050005E+1
-2.050005E+1
-2.050005E+1
-2.050005E+1
-2.050005E+1
-1.700439E+1
-1.422315E+1
-1.318680E+1
-1.260027E+1
-1.233273E+1
-1.233273E+1
-1.254441E+1
-1.311330E+1
-1.410555E+1
-1.660896E+1
-2.050005E+1
-2.050005E+1
-2.050005E+1
-2.050005E+1
-2.050005E+1
-2.050005E+1
-1.549911E+1
-1.297365E+1
-1.179765E+1
-1.103913E+1
-1.056579E+1
-1.031148E+1
-1.027326E+1
-1.043496E+1
-1.087743E+1
-1.175796E+1
-1.388799E+1
-2.050005E+1
-2.050005E+1
-2.050005E+1
-2.050005E+1
-2.050005E+1
-2.050005E+1
-2.050005E+1
-2.050005E+1
-2.050005E+1
-2.050005E+1
-2.050005E+1
-1.899477E+1
-1.218573E+1
-1.070397E+1
-9.830788E+0
-9.247198E+0
-8.847358E+0
-8.570998E+0
-8.407828E+0
-8.350498E+0
-8.399008E+0
-8.553358E+0
-8.816488E+0
-9.210448E+0
-9.752878E+0
-1.052169E+1
-1.160802E+1
-1.334262E+1
-1.899477E+1
-2.050005E+1
-2.050005E+1
-2.050005E+1
-2.050005E+1
-2.050005E+1
-1.572843E+1
-1.342494E+1
-1.238271E+1
-1.168152E+1
-1.124346E+1
-1.098327E+1
-1.085244E+1
-1.085244E+1
-1.095681E+1
-1.121259E+1
-1.160802E+1
-1.218573E+1
-1.304274E+1
-1.447893E+1
-1.899477E+1
-2.050005E+1
-2.050005E+1
-2.050005E+1
-2.050005E+1
-2.050005E+1
-2.050005E+1
-2.050005E+1
-2.050005E+1
-2.050005E+1
-2.050005E+1
-2.050005E+1
-2.050005E+1
-2.050005E+1
-2.050005E+1
-2.050005E+1
-2.050005E+1
-2.050005E+1
-2.050005E+1
-2.050005E+1
-2.050005E+1
-1.461858E+1
-1.179765E+1
-1.075248E+1
-1.017624E+1
-9.863128E+0
-9.722008E+0
-9.722008E+0
-9.846958E+0
-1.010274E+1
-1.054374E+1
-1.127433E+1
-1.248855E+1
-1.572843E+1
-2.050005E+1
-2.050005E+1
-2.050005E+1
-2.050005E+1
-2.050005E+1
-2.050005E+1
-2.050005E+1
-2.050005E+1
-2.050005E+1
-2.050005E+1
-2.050005E+1
-2.050005E+1
-2.050005E+1
-2.050005E+1
-2.050005E+1
-2.050005E+1
-2.050005E+1
-2.050005E+1
-2.050005E+1
-2.050005E+1
-2.050005E+1
-2.050005E+1
-2.050005E+1
-2.050005E+1
-2.050005E+1
-2.050005E+1
-2.050005E+1
-2.050005E+1
-2.050005E+1
-1.627380E+1
-1.248855E+1
-1.133607E+1
-1.065693E+1
-1.023357E+1
-9.963088E+0
-9.799918E+0
-9.722008E+0
-9.692608E+0
-9.677908E+0
-9.677908E+0
-9.692608E+0
-9.752878E+0
-9.816088E+0
-9.896938E+0
-9.980728E+0
-1.004982E+1
-1.010274E+1
-1.010274E+1
-1.006746E+1
-9.963088E+0
-9.816088E+0
-9.663208E+0
-9.492688E+0
-9.333928E+0
-9.175168E+0
-9.026698E+0
-8.919388E+0
-8.847358E+0
-8.816488E+0
-8.826778E+0
-8.909098E+0
-9.060508E+0
-9.295708E+0
-9.619108E+0
-1.004982E+1
-1.058784E+1
-1.121259E+1
-1.183734E+1
-1.233273E+1
-1.243563E+1
-1.209312E+1
-1.153746E+1
-1.101120E+1
-1.056579E+1
-1.027326E+1
-1.010274E+1
-1.006746E+1
-1.012185E+1
-1.029237E+1
-1.049964E+1
-1.075248E+1
-1.095681E+1
-1.106706E+1
-1.109499E+1
-1.103913E+1
-1.095681E+1
-1.087743E+1
-1.085244E+1
-1.087743E+1
-1.095681E+1
-1.112439E+1
-1.130520E+1
-1.150218E+1
-1.171974E+1
-1.187850E+1
-1.204902E+1
-1.223277E+1
-1.248855E+1
-1.304274E+1
-1.410555E+1
-1.811424E+1
-2.050005E+1
-2.050005E+1
-2.050005E+1
-2.050005E+1
-2.050005E+1
-2.050005E+1
-2.050005E+1
-2.050005E+1
-2.050005E+1
-2.050005E+1
-2.050005E+1
-2.050005E+1
-2.050005E+1
-2.050005E+1
-2.050005E+1
-2.050005E+1
-2.050005E+1
-2.050005E+1
-2.050005E+1
-2.050005E+1
-2.050005E+1
-2.050005E+1
-2.050005E+1
-2.050005E+1
-2.050005E+1
-1.369101E+1
-1.196082E+1
-1.098327E+1
-1.031148E+1
-9.816088E+0
-9.438298E+0
-9.139888E+0
-8.929678E+0
-8.787088E+0
-8.709178E+0
-8.709178E+0
-8.776798E+0
-8.929678E+0
-9.175168E+0
-9.547078E+0
-1.004982E+1
-1.075248E+1
-1.179765E+1
-1.369101E+1
-2.050005E+1
-2.050005E+1
-2.050005E+1
-2.050005E+1
-2.050005E+1
-2.050005E+1
-2.050005E+1
-2.050005E+1
-2.050005E+1
-2.050005E+1
-2.050005E+1
-2.050005E+1
-2.050005E+1
-2.050005E+1
-2.050005E+1
-2.050005E+1
-2.050005E+1
-2.050005E+1
-2.050005E+1
-2.050005E+1
-2.050005E+1
-2.050005E+1
-2.050005E+1
-2.050005E+1
-1.811424E+1
-1.627380E+1
-1.627380E+1
-1.899477E+1
-2.050005E+1
-2.050005E+1
-2.050005E+1
-2.050005E+1
-2.050005E+1
-2.050005E+1
-2.050005E+1
-2.050005E+1
-2.050005E+1
-2.050005E+1
-2.050005E+1
-2.050005E+1
-2.050005E+1
-2.050005E+1
-2.050005E+1
-2.050005E+1
-2.050005E+1
-2.050005E+1
-2.050005E+1
-2.050005E+1
-2.050005E+1
-2.050005E+1
-2.050005E+1
-2.050005E+1
-2.050005E+1
-2.050005E+1
-2.050005E+1
-2.050005E+1
-1.529331E+1
-1.351020E+1
-1.271787E+1
-1.228275E+1
-1.196082E+1
-1.175796E+1
-1.168152E+1
-1.171974E+1
-1.183734E+1
-1.218573E+1
-1.265907E+1
-1.334262E+1
-1.434663E+1
-1.549911E+1
-1.660896E+1
-1.700439E+1
-1.660896E+1
-1.549911E+1
-1.493022E+1
-1.476852E+1
-1.461858E+1
-1.493022E+1
-1.549911E+1
-1.700439E+1
-2.050005E+1
-2.050005E+1
-2.050005E+1
-2.050005E+1
-2.050005E+1
-2.050005E+1
-2.050005E+1
-2.050005E+1
-2.050005E+1
-2.050005E+1
-2.050005E+1
-2.050005E+1
-2.050005E+1
-2.050005E+1
-2.050005E+1
-2.050005E+1
-1.549911E+1
-1.422315E+1
-1.410555E+1
-1.510368E+1
-2.050005E+1
-2.050005E+1
-2.050005E+1
-2.050005E+1
-2.050005E+1
-2.050005E+1
-2.050005E+1
-2.050005E+1
-2.050005E+1
-2.050005E+1
-2.050005E+1
-2.050005E+1
-2.050005E+1
-2.050005E+1
-2.050005E+1
-2.050005E+1
-2.050005E+1
-1.388799E+1
-1.284135E+1
-1.265907E+1
-1.311330E+1
-1.476852E+1
-2.050005E+1
-2.050005E+1
-2.050005E+1
-2.050005E+1
-2.050005E+1
-2.050005E+1
-2.050005E+1
-2.050005E+1
-2.050005E+1
-2.050005E+1
-1.290750E+1
-1.118319E+1
-1.027326E+1
-9.707308E+0
-9.333928E+0
-9.104608E+0
-8.994358E+0
-8.962018E+0
-9.004648E+0
-9.082558E+0
-9.175168E+0
-9.258958E+0
-9.308938E+0
-9.308938E+0
-9.258958E+0
-9.139888E+0
-9.004648E+0
-8.837068E+0
-8.681248E+0
-8.518078E+0
-8.374018E+0
-8.247598E+0
-8.143228E+0
-8.069728E+0
-8.028568E+0
-8.013868E+0
-8.041798E+0
-8.121178E+0
-8.247598E+0
-8.423998E+0
-8.653318E+0
-8.939968E+0
-9.283948E+0
-9.663208E+0
-1.004982E+1
-1.041438E+1
-1.080099E+1
-1.118319E+1
-1.160802E+1
-1.218573E+1
-1.311330E+1
-1.529331E+1
-2.050005E+1
-2.050005E+1
-2.050005E+1
-2.050005E+1
-2.050005E+1
-2.050005E+1
-2.050005E+1
-2.050005E+1
-2.050005E+1
-2.050005E+1
-2.050005E+1
-2.050005E+1
-2.050005E+1
-2.050005E+1
-2.050005E+1
-1.399383E+1
-1.238271E+1
-1.140222E+1
-1.070397E+1
-1.021446E+1
-9.830788E+0
-9.561778E+0
-9.385378E+0
-9.308938E+0
-9.295708E+0
-9.372148E+0
-9.519148E+0
-9.738178E+0
-1.006746E+1
-1.049964E+1
-1.112439E+1
-1.209312E+1
-1.378803E+1
-2.050005E+1
-2.050005E+1
-2.050005E+1
-2.050005E+1
-2.050005E+1
-2.050005E+1
-2.050005E+1
-2.050005E+1
-1.461858E+1
-1.179765E+1
-1.060989E+1
-9.929278E+0
-9.492688E+0
-9.247198E+0
-9.128128E+0
-9.128128E+0
-9.222208E+0
-9.385378E+0
-9.604408E+0
-9.879298E+0
-1.021446E+1
-1.058784E+1
-1.103913E+1
-1.153746E+1
-1.204902E+1
-1.254441E+1
-1.290750E+1
-1.304274E+1
-1.290750E+1
-1.271787E+1
-1.248855E+1
-1.238271E+1
-1.254441E+1
-1.311330E+1
-1.493022E+1
-2.050005E+1
-2.050005E+1
-2.050005E+1
-2.050005E+1
-2.050005E+1
-2.050005E+1
-2.050005E+1
-2.050005E+1
-2.050005E+1
-2.050005E+1
-2.050005E+1
-2.050005E+1
-2.050005E+1
-2.050005E+1
-1.434663E+1
-1.168152E+1
-1.060989E+1
-1.001454E+1
-9.663208E+0
-9.492688E+0
-9.425068E+0
-9.438298E+0
-9.533848E+0
-9.677908E+0
-9.846958E+0
-1.006746E+1
-1.033206E+1
-1.070397E+1
-1.118319E+1
-1.183734E+1
-1.284135E+1
-1.493022E+1
-2.050005E+1
-2.050005E+1
-2.050005E+1
-2.050005E+1
-2.050005E+1
-2.050005E+1
-2.050005E+1
-2.050005E+1
-1.700439E+1
-1.529331E+1
-1.549911E+1
-1.899477E+1
-2.050005E+1
-2.050005E+1
-2.050005E+1
-2.050005E+1
-2.050005E+1
-2.050005E+1
-2.050005E+1
-2.050005E+1
-2.050005E+1
-2.050005E+1
-2.050005E+1
-2.050005E+1
-2.050005E+1
-2.050005E+1
-2.050005E+1
-1.476852E+1
-1.271787E+1
-1.171974E+1
-1.112439E+1
-1.075248E+1
-1.049964E+1
-1.033206E+1
-1.027326E+1
-1.029237E+1
