Date/Time	2022-06-27 07:50:45
Line location	3
Line name	C1
OTDR wavelength [nm]	1625
OTDR pulse duration [ns]	2
OTDR scan time [s]	10
OTDR scan length [m]	1.500000E+2
Length offset [m]	0.000000E+0
Length increment [m]	3.996806E-2
Switch ID	VIAVI Solutions,OTU 8000E,11654,FO,16.76
OTDR ID	JDSU,OTU 8000E,11654,OTU(SmartOTU),V7.22

Reflected amplitude [dB]
1.219402E+0
1.142962E+0
1.065052E+0
9.974320E-1
9.430420E-1
9.151120E-1
9.489220E-1
1.073872E+0
1.276732E+0
1.526632E+0
1.794172E+0
2.045542E+0
2.264572E+0
2.439502E+0
2.570332E+0
2.664412E+0
2.721742E+0
2.736442E+0
2.707042E+0
2.645302E+0
2.548282E+0
2.407162E+0
2.238112E+0
2.054362E+0
1.851502E+0
1.636882E+0
1.420792E+0
1.212052E+0
1.010662E+0
8.180920E-1
6.402220E-1
4.858720E-1
3.594520E-1
2.536120E-1
1.654120E-1
9.044200E-2
2.723200E-2
-2.862800E-2
-7.419800E-2
-1.138880E-1
-1.447580E-1
-1.682780E-1
-1.859180E-1
-1.962080E-1
-2.020880E-1
-2.050280E-1
-2.064980E-1
-2.079680E-1
-2.109080E-1
-2.167880E-1
-2.270780E-1
-2.417780E-1
-2.608880E-1
-2.844080E-1
-3.108680E-1
-3.402680E-1
-3.681980E-1
-3.961280E-1
-4.225880E-1
-4.461080E-1
-4.681580E-1
-4.872680E-1
-5.049080E-1
-5.210780E-1
-5.357780E-1
-5.475380E-1
-5.578280E-1
-5.651780E-1
-5.666480E-1
-5.622380E-1
-5.504780E-1
-5.328380E-1
-5.078480E-1
-4.755080E-1
-4.387580E-1
-3.990680E-1
-3.608480E-1
-3.226280E-1
-2.902880E-1
-2.652980E-1
-2.476580E-1
-2.388380E-1
-2.388380E-1
-2.476580E-1
-2.623580E-1
-2.829380E-1
-3.064580E-1
-3.329180E-1
-3.593780E-1
-3.873080E-1
-4.122980E-1
-4.358180E-1
-4.578680E-1
-4.784480E-1
-4.946180E-1
-5.107880E-1
-5.240180E-1
-5.372480E-1
-5.490080E-1
-5.622380E-1
-5.739980E-1
-5.886980E-1
-6.033980E-1
-6.180980E-1
-6.342680E-1
-6.504380E-1
-6.651380E-1
-6.768980E-1
-6.886580E-1
-6.974780E-1
-7.048280E-1
-7.092380E-1
-7.136480E-1
-7.165880E-1
-7.195280E-1
-7.209980E-1
-7.239380E-1
-7.254080E-1
-7.254080E-1
-7.224680E-1
-7.180580E-1
-7.121780E-1
-7.033580E-1
-6.930680E-1
-6.827780E-1
-6.754280E-1
-6.695480E-1
-6.695480E-1
-6.739580E-1
-6.857180E-1
-7.018880E-1
-7.209980E-1
-7.430480E-1
-7.650980E-1
-7.827380E-1
-7.974380E-1
-8.062580E-1
-8.091980E-1
-8.047880E-1
-7.959680E-1
-7.812680E-1
-7.650980E-1
-7.445180E-1
-7.239380E-1
-7.018880E-1
-6.768980E-1
-6.533780E-1
-6.269180E-1
-5.945780E-1
-5.519480E-1
-4.740380E-1
-3.461480E-1
-2.035580E-1
-8.007800E-2
1.694200E-2
8.897200E-2
1.404220E-1
1.742320E-1
1.933420E-1
2.021620E-1
1.992220E-1
1.830520E-1
1.536520E-1
1.110220E-1
5.810200E-2
-2.168000E-3
-6.537800E-2
-1.271180E-1
-1.859180E-1
-2.417780E-1
-2.946980E-1
-3.432080E-1
-3.873080E-1
-4.255280E-1
-4.578680E-1
-4.843280E-1
-5.049080E-1
-5.225480E-1
-5.357780E-1
-5.475380E-1
-5.563580E-1
-5.637080E-1
-5.695880E-1
-5.754680E-1
-5.798780E-1
-5.842880E-1
-5.872280E-1
-5.886980E-1
-5.901680E-1
-5.916380E-1
-5.916380E-1
-5.916380E-1
-5.916380E-1
-5.901680E-1
-5.886980E-1
-5.872280E-1
-5.857580E-1
-5.842880E-1
-5.813480E-1
-5.798780E-1
-5.798780E-1
-5.784080E-1
-5.784080E-1
-5.798780E-1
-5.798780E-1
-5.813480E-1
-5.828180E-1
-5.842880E-1
-5.828180E-1
-5.813480E-1
-5.784080E-1
-5.710580E-1
-5.622380E-1
-5.519480E-1
-5.372480E-1
-5.225480E-1
-5.063780E-1
-4.902080E-1
-4.755080E-1
-4.637480E-1
-4.534580E-1
-4.475780E-1
-4.446380E-1
-4.446380E-1
-4.461080E-1
-4.505180E-1
-4.549280E-1
-4.593380E-1
-4.637480E-1
-4.696280E-1
-4.755080E-1
-4.828580E-1
-4.916780E-1
-5.034380E-1
-5.166680E-1
-5.328380E-1
-5.504780E-1
-5.666480E-1
-5.828180E-1
-5.989880E-1
-6.107480E-1
-6.180980E-1
-6.239780E-1
-6.254480E-1
-6.225080E-1
-6.180980E-1
-6.107480E-1
-6.033980E-1
-5.960480E-1
-5.886980E-1
-5.828180E-1
-5.784080E-1
-5.754680E-1
-5.754680E-1
-5.784080E-1
-5.813480E-1
-5.857580E-1
-5.901680E-1
-5.945780E-1
-6.004580E-1
-6.048680E-1
-6.092780E-1
-6.136880E-1
-6.195680E-1
-6.239780E-1
-6.283880E-1
-6.313280E-1
-6.342680E-1
-6.372080E-1
-6.386780E-1
-6.401480E-1
-6.401480E-1
-6.386780E-1
-6.386780E-1
-6.372080E-1
-6.342680E-1
-6.327980E-1
-6.313280E-1
-6.283880E-1
-6.283880E-1
-6.283880E-1
-6.298580E-1
-6.313280E-1
-6.357380E-1
-6.401480E-1
-6.460280E-1
-6.519080E-1
-6.577880E-1
-6.636680E-1
-6.666080E-1
-6.680780E-1
-6.695480E-1
-6.680780E-1
-6.651380E-1
-6.621980E-1
-6.577880E-1
-6.533780E-1
-6.474980E-1
-6.416180E-1
-6.372080E-1
-6.313280E-1
-6.239780E-1
-6.166280E-1
-6.092780E-1
-6.004580E-1
-5.916380E-1
-5.813480E-1
-5.725280E-1
-5.651780E-1
-5.592980E-1
-5.563580E-1
-5.548880E-1
-5.578280E-1
-5.637080E-1
-5.710580E-1
-5.813480E-1
-5.945780E-1
-6.078080E-1
-6.210380E-1
-6.327980E-1
-6.430880E-1
-6.519080E-1
-6.592580E-1
-6.651380E-1
-6.695480E-1
-6.724880E-1
-6.754280E-1
-6.768980E-1
-6.768980E-1
-6.754280E-1
-6.710180E-1
-6.636680E-1
-6.548480E-1
-6.445580E-1
-6.313280E-1
-6.166280E-1
-6.004580E-1
-5.857580E-1
-5.710580E-1
-5.563580E-1
-5.431280E-1
-5.328380E-1
-5.225480E-1
-5.166680E-1
-5.122580E-1
-5.093180E-1
-5.093180E-1
-5.093180E-1
-5.122580E-1
-5.166680E-1
-5.196080E-1
-5.240180E-1
-5.269580E-1
-5.313680E-1
-5.357780E-1
-5.416580E-1
-5.475380E-1
-5.534180E-1
-5.622380E-1
-5.710580E-1
-5.798780E-1
-5.901680E-1
-6.019280E-1
-6.122180E-1
-6.225080E-1
-6.327980E-1
-6.416180E-1
-6.489680E-1
-6.563180E-1
-6.621980E-1
-6.666080E-1
-6.710180E-1
-6.739580E-1
-6.739580E-1
-6.739580E-1
-6.695480E-1
-6.636680E-1
-6.563180E-1
-6.474980E-1
-6.372080E-1
-6.269180E-1
-6.166280E-1
-6.078080E-1
-5.975180E-1
-5.872280E-1
-5.754680E-1
-5.637080E-1
-5.519480E-1
-5.387180E-1
-5.269580E-1
-5.181380E-1
-5.122580E-1
-5.107880E-1
-5.137280E-1
-5.210780E-1
-5.328380E-1
-5.460680E-1
-5.607680E-1
-5.725280E-1
-5.828180E-1
-5.901680E-1
-5.931080E-1
-5.916380E-1
-5.872280E-1
-5.813480E-1
-5.725280E-1
-5.622380E-1
-5.519480E-1
-5.387180E-1
-5.240180E-1
-5.093180E-1
-4.931480E-1
-4.784480E-1
-4.652180E-1
-4.534580E-1
-4.461080E-1
-4.431680E-1
-4.446380E-1
-4.490480E-1
-4.578680E-1
-4.681580E-1
-4.813880E-1
-4.946180E-1
-5.093180E-1
-5.225480E-1
-5.357780E-1
-5.475380E-1
-5.592980E-1
-5.695880E-1
-5.813480E-1
-5.916380E-1
-6.019280E-1
-6.136880E-1
-6.225080E-1
-6.313280E-1
-6.357380E-1
-6.372080E-1
-6.357380E-1
-6.298580E-1
-6.195680E-1
-6.078080E-1
-5.931080E-1
-5.784080E-1
-5.637080E-1
-5.504780E-1
-5.416580E-1
-5.357780E-1
-5.328380E-1
-5.357780E-1
-5.416580E-1
-5.519480E-1
-5.651780E-1
-5.798780E-1
-5.945780E-1
-6.078080E-1
-6.210380E-1
-6.313280E-1
-6.386780E-1
-6.445580E-1
-6.489680E-1
-6.519080E-1
-6.533780E-1
-6.533780E-1
-6.519080E-1
-6.519080E-1
-6.504380E-1
-6.489680E-1
-6.474980E-1
-6.445580E-1
-6.416180E-1
-6.386780E-1
-6.342680E-1
-6.298580E-1
-6.225080E-1
-6.151580E-1
-6.078080E-1
-5.975180E-1
-5.886980E-1
-5.784080E-1
-5.695880E-1
-5.622380E-1
-5.563580E-1
-5.534180E-1
-5.519480E-1
-5.534180E-1
-5.578280E-1
-5.637080E-1
-5.710580E-1
-5.798780E-1
-5.886980E-1
-5.975180E-1
-6.063380E-1
-6.166280E-1
-6.254480E-1
-6.327980E-1
-6.401480E-1
-6.460280E-1
-6.504380E-1
-6.533780E-1
-6.533780E-1
-6.533780E-1
-6.533780E-1
-6.519080E-1
-6.533780E-1
-6.533780E-1
-6.548480E-1
-6.563180E-1
-6.577880E-1
-6.563180E-1
-6.548480E-1
-6.489680E-1
-6.416180E-1
-6.327980E-1
-6.225080E-1
-6.122180E-1
-6.004580E-1
-5.916380E-1
-5.842880E-1
-5.798780E-1
-5.769380E-1
-5.769380E-1
-5.784080E-1
-5.813480E-1
-5.842880E-1
-5.872280E-1
-5.901680E-1
-5.931080E-1
-5.945780E-1
-5.975180E-1
-6.004580E-1
-6.048680E-1
-6.107480E-1
-6.166280E-1
-6.239780E-1
-6.313280E-1
-6.372080E-1
-6.416180E-1
-6.460280E-1
-6.489680E-1
-6.504380E-1
-6.504380E-1
-6.519080E-1
-6.533780E-1
-6.548480E-1
-6.592580E-1
-6.636680E-1
-6.695480E-1
-6.768980E-1
-6.827780E-1
-6.871880E-1
-6.886580E-1
-6.886580E-1
-6.857180E-1
-6.783680E-1
-6.680780E-1
-6.548480E-1
-6.401480E-1
-6.254480E-1
-6.078080E-1
-5.916380E-1
-5.769380E-1
-5.637080E-1
-5.519480E-1
-5.416580E-1
-5.357780E-1
-5.313680E-1
-5.298980E-1
-5.313680E-1
-5.328380E-1
-5.372480E-1
-5.416580E-1
-5.460680E-1
-5.490080E-1
-5.519480E-1
-5.534180E-1
-5.534180E-1
-5.519480E-1
-5.519480E-1
-5.504780E-1
-5.519480E-1
-5.548880E-1
-5.607680E-1
-5.681180E-1
-5.798780E-1
-5.916380E-1
-6.063380E-1
-6.195680E-1
-6.327980E-1
-6.445580E-1
-6.563180E-1
-6.651380E-1
-6.724880E-1
-6.783680E-1
-6.842480E-1
-6.886580E-1
-6.930680E-1
-6.960080E-1
-6.974780E-1
-6.989480E-1
-6.974780E-1
-6.945380E-1
-6.901280E-1
-6.842480E-1
-6.798380E-1
-6.739580E-1
-6.680780E-1
-6.651380E-1
-6.621980E-1
-6.607280E-1
-6.621980E-1
-6.666080E-1
-6.710180E-1
-6.768980E-1
-6.842480E-1
-6.901280E-1
-6.945380E-1
-6.989480E-1
-7.004180E-1
-7.004180E-1
-6.989480E-1
-6.960080E-1
-6.915980E-1
-6.871880E-1
-6.798380E-1
-6.710180E-1
-6.621980E-1
-6.504380E-1
-6.386780E-1
-6.254480E-1
-6.122180E-1
-5.989880E-1
-5.857580E-1
-5.739980E-1
-5.637080E-1
-5.548880E-1
-5.475380E-1
-5.445980E-1
-5.431280E-1
-5.460680E-1
-5.504780E-1
-5.578280E-1
-5.681180E-1
-5.798780E-1
-5.945780E-1
-6.078080E-1
-6.225080E-1
-6.357380E-1
-6.460280E-1
-6.533780E-1
-6.577880E-1
-6.592580E-1
-6.563180E-1
-6.519080E-1
-6.460280E-1
-6.386780E-1
-6.313280E-1
-6.239780E-1
-6.151580E-1
-6.078080E-1
-5.989880E-1
-5.886980E-1
-5.784080E-1
-5.681180E-1
-5.592980E-1
-5.519480E-1
-5.475380E-1
-5.460680E-1
-5.490080E-1
-5.534180E-1
-5.622380E-1
-5.710580E-1
-5.798780E-1
-5.901680E-1
-5.975180E-1
-6.048680E-1
-6.107480E-1
-6.151580E-1
-6.166280E-1
-6.180980E-1
-6.180980E-1
-6.166280E-1
-6.151580E-1
-6.136880E-1
-6.122180E-1
-6.107480E-1
-6.107480E-1
-6.107480E-1
-6.122180E-1
-6.122180E-1
-6.136880E-1
-6.166280E-1
-6.195680E-1
-6.225080E-1
-6.269180E-1
-6.298580E-1
-6.327980E-1
-6.357380E-1
-6.357380E-1
-6.357380E-1
-6.342680E-1
-6.313280E-1
-6.298580E-1
-6.283880E-1
-6.283880E-1
-6.313280E-1
-6.342680E-1
-6.386780E-1
-6.416180E-1
-6.460280E-1
-6.489680E-1
-6.519080E-1
-6.519080E-1
-6.519080E-1
-6.504380E-1
-6.489680E-1
-6.460280E-1
-6.445580E-1
-6.416180E-1
-6.386780E-1
-6.357380E-1
-6.327980E-1
-6.283880E-1
-6.239780E-1
-6.210380E-1
-6.180980E-1
-6.151580E-1
-6.151580E-1
-6.166280E-1
-6.180980E-1
-6.225080E-1
-6.254480E-1
-6.298580E-1
-6.313280E-1
-6.327980E-1
-6.327980E-1
-6.327980E-1
-6.313280E-1
-6.298580E-1
-6.298580E-1
-6.298580E-1
-6.298580E-1
-6.313280E-1
-6.342680E-1
-6.357380E-1
-6.372080E-1
-6.386780E-1
-6.372080E-1
-6.357380E-1
-6.342680E-1
-6.313280E-1
-6.298580E-1
-6.269180E-1
-6.254480E-1
-6.254480E-1
-6.254480E-1
-6.254480E-1
-6.254480E-1
-6.239780E-1
-6.210380E-1
-6.166280E-1
-6.122180E-1
-6.048680E-1
-5.989880E-1
-5.931080E-1
-5.901680E-1
-5.872280E-1
-5.872280E-1
-5.901680E-1
-5.931080E-1
-6.004580E-1
-6.078080E-1
-6.180980E-1
-6.283880E-1
-6.386780E-1
-6.489680E-1
-6.577880E-1
-6.666080E-1
-6.739580E-1
-6.783680E-1
-6.827780E-1
-6.871880E-1
-6.901280E-1
-6.930680E-1
-6.974780E-1
-7.033580E-1
-7.077680E-1
-7.136480E-1
-7.180580E-1
-7.224680E-1
-7.239380E-1
-7.224680E-1
-7.165880E-1
-7.092380E-1
-6.974780E-1
-6.857180E-1
-6.710180E-1
-6.563180E-1
-6.430880E-1
-6.327980E-1
-6.239780E-1
-6.180980E-1
-6.136880E-1
-6.136880E-1
-6.166280E-1
-6.195680E-1
-6.239780E-1
-6.298580E-1
-6.342680E-1
-6.372080E-1
-6.386780E-1
-6.401480E-1
-6.386780E-1
-6.372080E-1
-6.357380E-1
-6.342680E-1
-6.327980E-1
-6.327980E-1
-6.327980E-1
-6.357380E-1
-6.386780E-1
-6.445580E-1
-6.533780E-1
-6.636680E-1
-6.754280E-1
-6.901280E-1
-7.048280E-1
-7.180580E-1
-7.298180E-1
-7.386380E-1
-7.430480E-1
-7.430480E-1
-7.386380E-1
-7.298180E-1
-7.195280E-1
-7.092380E-1
-6.974780E-1
-6.886580E-1
-6.813080E-1
-6.768980E-1
-6.739580E-1
-6.739580E-1
-6.739580E-1
-6.739580E-1
-6.739580E-1
-6.724880E-1
-6.710180E-1
-6.666080E-1
-6.636680E-1
-6.592580E-1
-6.577880E-1
-6.563180E-1
-6.577880E-1
-6.621980E-1
-6.695480E-1
-6.768980E-1
-6.857180E-1
-6.930680E-1
-7.004180E-1
-7.033580E-1
-7.048280E-1
-7.048280E-1
-7.004180E-1
-6.960080E-1
-6.901280E-1
-6.827780E-1
-6.754280E-1
-6.695480E-1
-6.636680E-1
-6.577880E-1
-6.519080E-1
-6.460280E-1
-6.401480E-1
-6.357380E-1
-6.327980E-1
-6.313280E-1
-6.313280E-1
-6.327980E-1
-6.372080E-1
-6.416180E-1
-6.445580E-1
-6.474980E-1
-6.474980E-1
-6.445580E-1
-6.416180E-1
-6.357380E-1
-6.283880E-1
-6.225080E-1
-6.166280E-1
-6.136880E-1
-6.122180E-1
-6.136880E-1
-6.166280E-1
-6.225080E-1
-6.298580E-1
-6.357380E-1
-6.416180E-1
-6.460280E-1
-6.489680E-1
-6.489680E-1
-6.474980E-1
-6.430880E-1
-6.386780E-1
-6.327980E-1
-6.283880E-1
-6.239780E-1
-6.210380E-1
-6.195680E-1
-6.195680E-1
-6.225080E-1
-6.254480E-1
-6.298580E-1
-6.342680E-1
-6.401480E-1
-6.445580E-1
-6.474980E-1
-6.504380E-1
-6.504380E-1
-6.504380E-1
-6.504380E-1
-6.489680E-1
-6.489680E-1
-6.489680E-1
-6.489680E-1
-6.504380E-1
-6.533780E-1
-6.563180E-1
-6.577880E-1
-6.607280E-1
-6.621980E-1
-6.636680E-1
-6.636680E-1
-6.621980E-1
-6.592580E-1
-6.548480E-1
-6.489680E-1
-6.416180E-1
-6.342680E-1
-6.269180E-1
-6.180980E-1
-6.122180E-1
-6.078080E-1
-6.063380E-1
-6.078080E-1
-6.122180E-1
-6.180980E-1
-6.254480E-1
-6.327980E-1
-6.401480E-1
-6.474980E-1
-6.519080E-1
-6.563180E-1
-6.577880E-1
-6.577880E-1
-6.563180E-1
-6.533780E-1
-6.489680E-1
-6.445580E-1
-6.416180E-1
-6.372080E-1
-6.342680E-1
-6.342680E-1
-6.342680E-1
-6.357380E-1
-6.401480E-1
-6.460280E-1
-6.533780E-1
-6.607280E-1
-6.680780E-1
-6.754280E-1
-6.813080E-1
-6.842480E-1
-6.857180E-1
-6.827780E-1
-6.783680E-1
-6.695480E-1
-6.592580E-1
-6.460280E-1
-6.313280E-1
-6.180980E-1
-6.048680E-1
-5.931080E-1
-5.828180E-1
-5.754680E-1
-5.710580E-1
-5.695880E-1
-5.695880E-1
-5.710580E-1
-5.725280E-1
-5.769380E-1
-5.798780E-1
-5.842880E-1
-5.901680E-1
-5.945780E-1
-5.989880E-1
-6.048680E-1
-6.092780E-1
-6.136880E-1
-6.166280E-1
-6.195680E-1
-6.210380E-1
-6.225080E-1
-6.239780E-1
-6.239780E-1
-6.239780E-1
-6.239780E-1
-6.254480E-1
-6.269180E-1
-6.283880E-1
-6.313280E-1
-6.327980E-1
-6.357380E-1
-6.357380E-1
-6.357380E-1
-6.342680E-1
-6.313280E-1
-6.269180E-1
-6.210380E-1
-6.136880E-1
-6.048680E-1
-5.945780E-1
-5.842880E-1
-5.739980E-1
-5.637080E-1
-5.548880E-1
-5.475380E-1
-5.445980E-1
-5.431280E-1
-5.475380E-1
-5.578280E-1
-5.725280E-1
-5.916380E-1
-6.180980E-1
-6.489680E-1
-6.857180E-1
-7.268780E-1
-7.724480E-1
-8.224280E-1
-8.753480E-1
-9.312080E-1
-9.900080E-1
-1.048808E+0
-1.107608E+0
-1.166408E+0
-1.223738E+0
-1.279598E+0
-1.333988E+0
-1.389848E+0
-1.444238E+0
-1.498628E+0
-1.554488E+0
-1.608878E+0
-1.663268E+0
-1.711778E+0
-1.757348E+0
-1.794098E+0
-1.824968E+0
-1.847018E+0
-1.861718E+0
-1.867598E+0
-1.870538E+0
-1.867598E+0
-1.864658E+0
-1.860248E+0
-1.855838E+0
-1.854368E+0
-1.852898E+0
-1.854368E+0
-1.855838E+0
-1.858778E+0
-1.863188E+0
-1.866128E+0
-1.872008E+0
-1.877888E+0
-1.883768E+0
-1.889648E+0
-1.895528E+0
-1.902878E+0
-1.910228E+0
-1.916108E+0
-1.923458E+0
-1.930808E+0
-1.939628E+0
-1.946978E+0
-1.951388E+0
-1.954328E+0
-1.952858E+0
-1.945508E+0
-1.935218E+0
-1.917578E+0
-1.899938E+0
-1.882298E+0
-1.864658E+0
-1.854368E+0
-1.848488E+0
-1.851428E+0
-1.858778E+0
-1.872008E+0
-1.888178E+0
-1.904348E+0
-1.917578E+0
-1.927868E+0
-1.932278E+0
-1.932278E+0
-1.927868E+0
-1.921988E+0
-1.914638E+0
-1.908758E+0
-1.902878E+0
-1.901408E+0
-1.901408E+0
-1.905818E+0
-1.911698E+0
-1.920518E+0
-1.930808E+0
-1.942568E+0
-1.954328E+0
-1.964618E+0
-1.971968E+0
-1.974908E+0
-1.973438E+0
-1.967558E+0
-1.957268E+0
-1.944038E+0
-1.929338E+0
-1.914638E+0
-1.902878E+0
-1.892588E+0
-1.885238E+0
-1.880828E+0
-1.880828E+0
-1.883768E+0
-1.889648E+0
-1.898468E+0
-1.908758E+0
-1.920518E+0
-1.935218E+0
-1.949918E+0
-1.964618E+0
-1.977848E+0
-1.989608E+0
-1.998428E+0
-2.004308E+0
-2.007248E+0
-2.007248E+0
-2.007248E+0
-2.007248E+0
-2.010188E+0
-2.016068E+0
-2.024888E+0
-2.036648E+0
-2.051348E+0
-2.066048E+0
-2.082218E+0
-2.098388E+0
-2.111618E+0
-2.123378E+0
-2.133668E+0
-2.142488E+0
-2.149838E+0
-2.155718E+0
-2.158658E+0
-2.161598E+0
-2.161598E+0
-2.160128E+0
-2.155718E+0
-2.152778E+0
-2.148368E+0
-2.143958E+0
-2.139548E+0
-2.133668E+0
-2.126318E+0
-2.117498E+0
-2.105738E+0
-2.093978E+0
-2.080748E+0
-2.067518E+0
-2.057228E+0
-2.049878E+0
-2.048408E+0
-2.049878E+0
-2.058698E+0
-2.071928E+0
-2.091038E+0
-2.113088E+0
-2.138078E+0
-2.166008E+0
-2.192468E+0
-2.218928E+0
-2.239508E+0
-2.254208E+0
-2.263028E+0
-2.264498E+0
-2.257148E+0
-2.243918E+0
-2.227748E+0
-2.210108E+0
-2.192468E+0
-2.176298E+0
-2.164538E+0
-2.155718E+0
-2.152778E+0
-2.152778E+0
-2.155718E+0
-2.158658E+0
-2.161598E+0
-2.164538E+0
-2.166008E+0
-2.164538E+0
-2.163068E+0
-2.158658E+0
-2.154248E+0
-2.151308E+0
-2.148368E+0
-2.146898E+0
-2.148368E+0
-2.152778E+0
-2.157188E+0
-2.164538E+0
-2.173358E+0
-2.185118E+0
-2.198348E+0
-2.215988E+0
-2.235098E+0
-2.258618E+0
-2.285078E+0
-2.311538E+0
-2.339468E+0
-2.365928E+0
-2.390918E+0
-2.410028E+0
-2.426198E+0
-2.435018E+0
-2.436488E+0
-2.432078E+0
-2.420318E+0
-2.402678E+0
-2.379158E+0
-2.354168E+0
-2.327708E+0
-2.304188E+0
-2.282138E+0
-2.264498E+0
-2.254208E+0
-2.248328E+0
-2.248328E+0
-2.254208E+0
-2.263028E+0
-2.273318E+0
-2.286548E+0
-2.299778E+0
-2.313008E+0
-2.326238E+0
-2.339468E+0
-2.352698E+0
-2.365928E+0
-2.379158E+0
-2.389448E+0
-2.396798E+0
-2.399738E+0
-2.399738E+0
-2.396798E+0
-2.392388E+0
-2.385038E+0
-2.376218E+0
-2.368868E+0
-2.362988E+0
-2.357108E+0
-2.354168E+0
-2.351228E+0
-2.351228E+0
-2.352698E+0
-2.355638E+0
-2.360048E+0
-2.362988E+0
-2.362988E+0
-2.362988E+0
-2.360048E+0
-2.357108E+0
-2.351228E+0
-2.346818E+0
-2.343878E+0
-2.343878E+0
-2.346818E+0
-2.354168E+0
-2.362988E+0
-2.373278E+0
-2.385038E+0
-2.395328E+0
-2.402678E+0
-2.410028E+0
-2.414438E+0
-2.417378E+0
-2.421788E+0
-2.424728E+0
-2.430608E+0
-2.437958E+0
-2.446778E+0
-2.458538E+0
-2.470298E+0
-2.483528E+0
-2.495288E+0
-2.505578E+0
-2.517338E+0
-2.527628E+0
-2.539388E+0
-2.551148E+0
-2.564378E+0
-2.579078E+0
-2.593778E+0
-2.609948E+0
-2.623178E+0
-2.633468E+0
-2.642288E+0
-2.648168E+0
-2.652578E+0
-2.655518E+0
-2.656988E+0
-2.656988E+0
-2.655518E+0
-2.654048E+0
-2.651108E+0
-2.646698E+0
-2.642288E+0
-2.637878E+0
-2.634938E+0
-2.630528E+0
-2.627588E+0
-2.624648E+0
-2.618768E+0
-2.612888E+0
-2.604068E+0
-2.592308E+0
-2.579078E+0
-2.564378E+0
-2.549678E+0
-2.536448E+0
-2.526158E+0
-2.517338E+0
-2.512928E+0
-2.514398E+0
-2.518808E+0
-2.529098E+0
-2.540858E+0
-2.554088E+0
-2.565848E+0
-2.576138E+0
-2.579078E+0
-2.577608E+0
-2.568788E+0
-2.555558E+0
-2.540858E+0
-2.526158E+0
-2.511458E+0
-2.499698E+0
-2.490878E+0
-2.484998E+0
-2.483528E+0
-2.480588E+0
-2.477648E+0
-2.476178E+0
-2.476178E+0
-2.476178E+0
-2.479118E+0
-2.484998E+0
-2.492348E+0
-2.501168E+0
-2.511458E+0
-2.523218E+0
-2.532038E+0
-2.539388E+0
-2.545268E+0
-2.548208E+0
-2.551148E+0
-2.554088E+0
-2.559968E+0
-2.568788E+0
-2.582018E+0
-2.598188E+0
-2.618768E+0
-2.643758E+0
-2.670218E+0
-2.696678E+0
-2.718728E+0
-2.734898E+0
-2.745188E+0
-2.746658E+0
-2.743718E+0
-2.736368E+0
-2.730488E+0
-2.727548E+0
-2.733428E+0
-2.746658E+0
-2.768708E+0
-2.796638E+0
-2.828978E+0
-2.859848E+0
-2.883368E+0
-2.898068E+0
-2.903948E+0
-2.898068E+0
-2.886308E+0
-2.867198E+0
-2.845148E+0
-2.824568E+0
-2.803988E+0
-2.786348E+0
-2.771648E+0
-2.761358E+0
-2.752538E+0
-2.748128E+0
-2.746658E+0
-2.748128E+0
-2.752538E+0
-2.758418E+0
-2.765768E+0
-2.774588E+0
-2.786348E+0
-2.796638E+0
-2.811338E+0
-2.826038E+0
-2.843678E+0
-2.864258E+0
-2.883368E+0
-2.901008E+0
-2.914238E+0
-2.923058E+0
-2.923058E+0
-2.917178E+0
-2.906888E+0
-2.890718E+0
-2.876018E+0
-2.864258E+0
-2.856908E+0
-2.855438E+0
-2.859848E+0
-2.870138E+0
-2.883368E+0
-2.898068E+0
-2.911298E+0
-2.921588E+0
-2.931878E+0
-2.939228E+0
-2.946578E+0
-2.950988E+0
-2.955398E+0
-2.956868E+0
-2.959808E+0
-2.958338E+0
-2.953928E+0
-2.948048E+0
-2.942168E+0
-2.937758E+0
-2.934818E+0
-2.933348E+0
-2.937758E+0
-2.943638E+0
-2.953928E+0
-2.965688E+0
-2.977448E+0
-2.989208E+0
-2.999498E+0
-3.008318E+0
-3.015668E+0
-3.015668E+0
-3.014198E+0
-3.008318E+0
-3.000968E+0
-2.993618E+0
-2.986268E+0
-2.980388E+0
-2.978918E+0
-2.981858E+0
-2.987738E+0
-2.996558E+0
-3.008318E+0
-3.021548E+0
-3.036248E+0
-3.053888E+0
-3.072998E+0
-3.093578E+0
-3.117098E+0
-3.139148E+0
-3.159728E+0
-3.177368E+0
-3.190598E+0
-3.199418E+0
-3.203828E+0
-3.202358E+0
-3.197948E+0
-3.195008E+0
-3.190598E+0
-3.190598E+0
-3.190598E+0
-3.190598E+0
-3.193538E+0
-3.196478E+0
-3.197948E+0
-3.197948E+0
-3.195008E+0
-3.192068E+0
-3.187658E+0
-3.181778E+0
-3.177368E+0
-3.174428E+0
-3.171488E+0
-3.174428E+0
-3.180308E+0
-3.190598E+0
-3.203828E+0
-3.218528E+0
-3.233228E+0
-3.244988E+0
-3.250868E+0
-3.247928E+0
-3.236168E+0
-3.214118E+0
-3.187658E+0
-3.159728E+0
-3.128858E+0
-3.103868E+0
-3.084758E+0
-3.074468E+0
-3.070058E+0
-3.074468E+0
-3.086228E+0
-3.099458E+0
-3.115628E+0
-3.131798E+0
-3.146498E+0
-3.156788E+0
-3.167078E+0
-3.172958E+0
-3.177368E+0
-3.180308E+0
-3.181778E+0
-3.183248E+0
-3.184718E+0
-3.186188E+0
-3.187658E+0
-3.187658E+0
-3.187658E+0
-3.184718E+0
-3.181778E+0
-3.178838E+0
-3.175898E+0
-3.175898E+0
-3.180308E+0
-3.187658E+0
-3.202358E+0
-3.222938E+0
-3.250868E+0
-3.281738E+0
-3.314078E+0
-3.347888E+0
-3.378758E+0
-3.403748E+0
-3.422858E+0
-3.433148E+0
-3.436088E+0
-3.434618E+0
-3.427268E+0
-3.416978E+0
-3.405218E+0
-3.396398E+0
-3.389048E+0
-3.387578E+0
-3.389048E+0
-3.391988E+0
-3.400808E+0
-3.411098E+0
-3.421388E+0
-3.428738E+0
-3.436088E+0
-3.441968E+0
-3.443438E+0
-3.443438E+0
-3.439028E+0
-3.433148E+0
-3.425798E+0
-3.418448E+0
-3.411098E+0
-3.403748E+0
-3.396398E+0
-3.389048E+0
-3.383168E+0
-3.380228E+0
-3.378758E+0
-3.381698E+0
-3.389048E+0
-3.397868E+0
-3.406688E+0
-3.414038E+0
-3.418448E+0
-3.414038E+0
-3.403748E+0
-3.386108E+0
-3.364058E+0
-3.339068E+0
-3.317018E+0
-3.296438E+0
-3.280268E+0
-3.269978E+0
-3.264098E+0
-3.261158E+0
-3.261158E+0
-3.262628E+0
-3.264098E+0
-3.268508E+0
-3.271448E+0
-3.277328E+0
-3.284678E+0
-3.293498E+0
-3.302318E+0
-3.309668E+0
-3.318488E+0
-3.325838E+0
-3.331718E+0
-3.339068E+0
-3.346418E+0
-3.355238E+0
-3.364058E+0
-3.374348E+0
-3.383168E+0
-3.391988E+0
-3.397868E+0
-3.400808E+0
-3.399338E+0
-3.396398E+0
-3.391988E+0
-3.386108E+0
-3.381698E+0
-3.381698E+0
-3.386108E+0
-3.397868E+0
-3.415508E+0
-3.439028E+0
-3.468428E+0
-3.500768E+0
-3.534578E+0
-3.566918E+0
-3.596318E+0
-3.621308E+0
-3.637478E+0
-3.643358E+0
-3.641888E+0
-3.628658E+0
-3.609548E+0
-3.583088E+0
-3.553688E+0
-3.525758E+0
-3.500768E+0
-3.483128E+0
-3.471368E+0
-3.465488E+0
-3.466958E+0
-3.474308E+0
-3.484598E+0
-3.497828E+0
-3.512528E+0
-3.527228E+0
-3.541928E+0
-3.558098E+0
-3.571328E+0
-3.586028E+0
-3.600728E+0
-3.611018E+0
-3.618368E+0
-3.621308E+0
-3.618368E+0
-3.611018E+0
-3.603668E+0
-3.596318E+0
-3.593378E+0
-3.596318E+0
-3.605138E+0
-3.621308E+0
-3.643358E+0
-3.666878E+0
-3.690398E+0
-3.706568E+0
-3.713918E+0
-3.712448E+0
-3.703628E+0
-3.690398E+0
-3.672758E+0
-3.658058E+0
-3.647768E+0
-3.643358E+0
-3.647768E+0
-3.656588E+0
-3.671288E+0
-3.688928E+0
-3.708038E+0
-3.727148E+0
-3.744788E+0
-3.759488E+0
-3.774188E+0
-3.788888E+0
-3.803588E+0
-3.818288E+0
-3.832988E+0
-3.847688E+0
-3.860918E+0
-3.868268E+0
-3.872678E+0
-3.868268E+0
-3.857978E+0
-3.840338E+0
-3.821228E+0
-3.802118E+0
-3.787418E+0
-3.781538E+0
-3.784478E+0
-3.800648E+0
-3.828578E+0
-3.863858E+0
-3.903548E+0
-3.943238E+0
-3.977048E+0
-4.000568E+0
-4.010858E+0
-4.004978E+0
-3.984398E+0
-3.952058E+0
-3.912368E+0
-3.866798E+0
-3.824168E+0
-3.784478E+0
-3.752138E+0
-3.730088E+0
-3.716858E+0
-3.710978E+0
-3.710978E+0
-3.713918E+0
-3.716858E+0
-3.719798E+0
-3.719798E+0
-3.716858E+0
-3.716858E+0
-3.713918E+0
-3.715388E+0
-3.716858E+0
-3.722738E+0
-3.728618E+0
-3.737438E+0
-3.744788E+0
-3.752138E+0
-3.758018E+0
-3.760958E+0
-3.765368E+0
-3.769778E+0
-3.774188E+0
-3.783008E+0
-3.797708E+0
-3.816818E+0
-3.843278E+0
-3.872678E+0
-3.907958E+0
-3.943238E+0
-3.978518E+0
-4.010858E+0
-4.038788E+0
-4.062308E+0
-4.081418E+0
-4.093178E+0
-4.101998E+0
-4.106408E+0
-4.107878E+0
-4.104938E+0
-4.101998E+0
-4.096118E+0
-4.091708E+0
-4.087298E+0
-4.081418E+0
-4.072598E+0
-4.059368E+0
-4.040258E+0
-4.004978E+0
-3.956468E+0
-3.891788E+0
-3.809468E+0
-3.719798E+0
-3.627188E+0
-3.537518E+0
-3.389048E+0
-3.025958E+0
-2.451188E+0
-1.802918E+0
-1.113488E+0
-4.240580E-1
2.080420E-1
7.460620E-1
1.176772E+0
1.504582E+0
1.744192E+0
1.911772E+0
2.029372E+0
2.098462E+0
2.110222E+0
2.063182E+0
1.961752E+0
1.811812E+0
1.616302E+0
1.378162E+0
1.097392E+0
7.695820E-1
3.800320E-1
-6.831800E-2
-5.490080E-1
-1.035578E+0
-1.525088E+0
-2.020478E+0
-2.512928E+0
-2.987738E+0
-3.443438E+0
-3.888848E+0
-4.323968E+0
-4.754678E+0
-5.178038E+0
-5.592578E+0
-6.002708E+0
-6.406958E+0
-6.821498E+0
-7.266908E+0
-7.771118E+0
-8.388518E+0
-9.207308E+0
-1.043035E+1
-1.284262E+1
-2.000005E+1
-2.000005E+1
-2.000005E+1
-2.000005E+1
-2.000005E+1
-2.000005E+1
-2.000005E+1
-2.000005E+1
-1.384663E+1
-1.159312E+1
-1.062439E+1
-1.008784E+1
-9.773258E+0
-9.676238E+0
-9.752678E+0
-1.006579E+1
-1.062439E+1
-1.163869E+1
-1.397893E+1
-2.000005E+1
-2.000005E+1
-2.000005E+1
-2.000005E+1
-2.000005E+1
-2.000005E+1
-2.000005E+1
-1.276324E+1
-1.114477E+1
-1.037743E+1
-9.999638E+0
-9.873218E+0
-9.955538E+0
-1.025248E+1
-1.086841E+1
-1.193563E+1
-1.460368E+1
-2.000005E+1
-2.000005E+1
-2.000005E+1
-2.000005E+1
-2.000005E+1
-2.000005E+1
-2.000005E+1
-2.000005E+1
-2.000005E+1
-2.000005E+1
-2.000005E+1
-2.000005E+1
-2.000005E+1
-2.000005E+1
-2.000005E+1
-2.000005E+1
-2.000005E+1
-2.000005E+1
-1.240750E+1
-1.093456E+1
-1.013341E+1
-9.639488E+0
-9.346958E+0
-9.238178E+0
-9.269048E+0
-9.480728E+0
-9.893798E+0
-1.062439E+1
-1.204441E+1
-2.000005E+1
-2.000005E+1
-2.000005E+1
-2.000005E+1
-2.000005E+1
-2.000005E+1
-2.000005E+1
-2.000005E+1
-2.000005E+1
-2.000005E+1
-1.548421E+1
-1.137850E+1
-1.010989E+1
-9.446918E+0
-9.089708E+0
-8.925068E+0
-8.925068E+0
-9.089708E+0
-9.396938E+0
-9.852638E+0
-1.045681E+1
-1.125796E+1
-1.221787E+1
-1.338799E+1
-1.460368E+1
-1.548421E+1
-1.610896E+1
-1.650439E+1
-1.761424E+1
-2.000005E+1
-2.000005E+1
-2.000005E+1
-2.000005E+1
-1.849477E+1
-1.397893E+1
-1.215907E+1
-1.100218E+1
-1.020397E+1
-9.695348E+0
-9.379298E+0
-9.222008E+0
-9.222008E+0
-9.379298E+0
-9.658598E+0
-1.008784E+1
-1.059499E+1
-1.121974E+1
-1.188271E+1
-1.254274E+1
-1.319101E+1
-1.397893E+1
-1.522843E+1
-2.000005E+1
-2.000005E+1
-2.000005E+1
-2.000005E+1
-2.000005E+1
-2.000005E+1
-2.000005E+1
-2.000005E+1
-2.000005E+1
-2.000005E+1
-2.000005E+1
-2.000005E+1
-2.000005E+1
-2.000005E+1
-2.000005E+1
-2.000005E+1
-2.000005E+1
-2.000005E+1
-2.000005E+1
-2.000005E+1
-2.000005E+1
-2.000005E+1
-2.000005E+1
-2.000005E+1
-2.000005E+1
-1.397893E+1
-1.183273E+1
-1.080520E+1
-1.006579E+1
-9.496898E+0
-9.033848E+0
-8.675168E+0
-8.398808E+0
-8.219468E+0
-8.153318E+0
-8.200358E+0
-8.378228E+0
-8.710448E+0
-9.283748E+0
-1.025248E+1
-1.240750E+1
-2.000005E+1
-2.000005E+1
-2.000005E+1
-2.000005E+1
-2.000005E+1
-2.000005E+1
-2.000005E+1
-2.000005E+1
-2.000005E+1
-2.000005E+1
-2.000005E+1
-2.000005E+1
-2.000005E+1
-2.000005E+1
-2.000005E+1
-2.000005E+1
-2.000005E+1
-2.000005E+1
-2.000005E+1
-2.000005E+1
-2.000005E+1
-2.000005E+1
-2.000005E+1
-1.240750E+1
-1.068319E+1
-9.714458E+0
-9.061778E+0
-8.628128E+0
-8.357648E+0
-8.238578E+0
-8.247398E+0
-8.388518E+0
-8.651648E+0
-9.019148E+0
-9.480728E+0
-9.999638E+0
-1.051120E+1
-1.086841E+1
-1.096837E+1
-1.083607E+1
-1.059499E+1
-1.030099E+1
-1.002169E+1
-9.773258E+0
-9.549818E+0
-9.330788E+0
-9.104408E+0
-8.858918E+0
-8.616368E+0
-8.388518E+0
-8.181248E+0
-8.026898E+0
-7.941638E+0
-7.915178E+0
-7.975448E+0
-8.107748E+0
-8.306198E+0
-8.582558E+0
-8.938298E+0
-9.346958E+0
-9.811478E+0
-1.032745E+1
-1.086841E+1
-1.146082E+1
-1.198855E+1
-1.240750E+1
-1.276324E+1
-1.301020E+1
-1.319101E+1
-1.328803E+1
-1.319101E+1
-1.309840E+1
-1.276324E+1
-1.240750E+1
-1.188271E+1
-1.129765E+1
-1.077433E+1
-1.035244E+1
-9.999638E+0
-9.752678E+0
-9.602738E+0
-9.567458E+0
-9.658598E+0
-9.852638E+0
-1.020397E+1
-1.074346E+1
-1.159312E+1
-1.319101E+1
-2.000005E+1
-2.000005E+1
-2.000005E+1
-2.000005E+1
-2.000005E+1
-2.000005E+1
-2.000005E+1
-2.000005E+1
-2.000005E+1
-2.000005E+1
-2.000005E+1
-2.000005E+1
-1.411858E+1
-1.137850E+1
-1.025248E+1
-9.585098E+0
-9.207308E+0
-9.005918E+0
-8.951528E+0
-9.019148E+0
-9.192608E+0
-9.429278E+0
-9.695348E+0
-9.893798E+0
-9.977588E+0
-9.914378E+0
-9.695348E+0
-9.396938E+0
-9.061778E+0
-8.758958E+0
-8.516408E+0
-8.326778E+0
-8.209178E+0
-8.143028E+0
-8.125388E+0
-8.162138E+0
-8.228288E+0
-8.326778E+0
-8.450258E+0
-8.594318E+0
-8.758958E+0
-8.925068E+0
-9.119108E+0
-9.316088E+0
-9.514538E+0
-9.714458E+0
-9.914378E+0
-1.008784E+1
-1.020397E+1
-1.030099E+1
-1.032745E+1
-1.035244E+1
-1.040389E+1
-1.045681E+1
-1.059499E+1
-1.086841E+1
-1.125796E+1
-1.188271E+1
-1.292494E+1
-1.522843E+1
-2.000005E+1
-2.000005E+1
-2.000005E+1
-2.000005E+1
-2.000005E+1
-2.000005E+1
-2.000005E+1
-2.000005E+1
-2.000005E+1
-2.000005E+1
-2.000005E+1
-2.000005E+1
-2.000005E+1
-2.000005E+1
-2.000005E+1
-2.000005E+1
-2.000005E+1
-2.000005E+1
-2.000005E+1
-2.000005E+1
-2.000005E+1
-2.000005E+1
-2.000005E+1
-2.000005E+1
-2.000005E+1
-2.000005E+1
-1.522843E+1
-1.372315E+1
-1.319101E+1
-1.309840E+1
-1.360555E+1
-1.522843E+1
-2.000005E+1
-2.000005E+1
-2.000005E+1
-2.000005E+1
-2.000005E+1
-2.000005E+1
-2.000005E+1
-1.698949E+1
-1.227961E+1
-1.086841E+1
-1.010989E+1
-9.676238E+0
-9.480728E+0
-9.463088E+0
-9.639488E+0
-9.977588E+0
-1.048327E+1
-1.121974E+1
-1.227961E+1
-1.397893E+1
-1.849477E+1
-2.000005E+1
-2.000005E+1
-2.000005E+1
-2.000005E+1
-2.000005E+1
-2.000005E+1
-1.479331E+1
-1.328803E+1
-1.240750E+1
-1.188271E+1
-1.159312E+1
-1.146082E+1
-1.146082E+1
-1.163869E+1
-1.188271E+1
-1.215907E+1
-1.234135E+1
-1.221787E+1
-1.178275E+1
-1.118152E+1
-1.051120E+1
-9.852638E+0
-9.283748E+0
-8.808938E+0
-8.439968E+0
-8.162138E+0
-7.975448E+0
-7.857848E+0
-7.818158E+0
-7.841678E+0
-7.923998E+0
-8.053358E+0
-8.209178E+0
-8.378228E+0
-8.548748E+0
-8.722208E+0
-8.898608E+0
-9.075008E+0
-9.283748E+0
-9.532178E+0
-9.832058E+0
-1.025248E+1
-1.074346E+1
-1.129765E+1
-1.178275E+1
-1.204441E+1
-1.198855E+1
-1.168573E+1
-1.125796E+1
-1.086841E+1
-1.062439E+1
-1.056706E+1
-1.074346E+1
-1.129765E+1
-1.261330E+1
-2.000005E+1
-2.000005E+1
-2.000005E+1
-2.000005E+1
-2.000005E+1
-2.000005E+1
-2.000005E+1
-2.000005E+1
-2.000005E+1
-2.000005E+1
-2.000005E+1
-2.000005E+1
-2.000005E+1
-2.000005E+1
-1.349383E+1
-1.096837E+1
-9.999638E+0
-9.496898E+0
-9.222008E+0
-9.104408E+0
-9.089708E+0
-9.119108E+0
-9.177908E+0
-9.238178E+0
-9.269048E+0
-9.299918E+0
-9.330788E+0
-9.379298E+0
-9.480728E+0
-9.676238E+0
-9.955538E+0
-1.035244E+1
-1.090222E+1
-1.154902E+1
-1.210027E+1
-1.234135E+1
-1.198855E+1
-1.133734E+1
-1.059499E+1
-9.934958E+0
-9.446918E+0
-9.075008E+0
-8.847158E+0
-8.735438E+0
-8.722208E+0
-8.795708E+0
-8.925068E+0
-9.133808E+0
-9.363128E+0
-9.658598E+0
-1.002169E+1
-1.053913E+1
-1.129765E+1
-1.268680E+1
-2.000005E+1
-2.000005E+1
-2.000005E+1
-2.000005E+1
-2.000005E+1
-2.000005E+1
-2.000005E+1
-2.000005E+1
-2.000005E+1
-2.000005E+1
-2.000005E+1
-1.610896E+1
-1.254274E+1
-1.173277E+1
-1.168573E+1
-1.227961E+1
-1.426852E+1
-2.000005E+1
-2.000005E+1
-2.000005E+1
-2.000005E+1
-2.000005E+1
-2.000005E+1
-2.000005E+1
-2.000005E+1
-2.000005E+1
-2.000005E+1
-2.000005E+1
-2.000005E+1
-2.000005E+1
-2.000005E+1
-2.000005E+1
-2.000005E+1
-2.000005E+1
-2.000005E+1
-2.000005E+1
-2.000005E+1
-2.000005E+1
-2.000005E+1
-2.000005E+1
-2.000005E+1
-2.000005E+1
-2.000005E+1
-2.000005E+1
-2.000005E+1
-2.000005E+1
-2.000005E+1
-2.000005E+1
-2.000005E+1
-2.000005E+1
-2.000005E+1
-2.000005E+1
-2.000005E+1
-2.000005E+1
-2.000005E+1
-1.522843E+1
-1.360555E+1
-1.301020E+1
-1.276324E+1
-1.284262E+1
-1.309840E+1
-1.309840E+1
-1.276324E+1
-1.193563E+1
-1.100218E+1
-1.008784E+1
-9.299918E+0
-8.663408E+0
-8.170958E+0
-7.818158E+0
-7.599128E+0
-7.507988E+0
-7.549148E+0
-7.716728E+0
-8.018078E+0
-8.472308E+0
-9.075008E+0
-9.852638E+0
-1.080520E+1
-1.188271E+1
-1.292494E+1
-1.360555E+1
-1.360555E+1
-1.319101E+1
-1.292494E+1
-1.284262E+1
-1.309840E+1
-1.384663E+1
-1.577380E+1
-2.000005E+1
-2.000005E+1
-2.000005E+1
-2.000005E+1
-2.000005E+1
-2.000005E+1
-2.000005E+1
-2.000005E+1
-1.426852E+1
-1.210027E+1
-1.103746E+1
-1.037743E+1
-1.002169E+1
-9.893798E+0
-9.977588E+0
-1.030099E+1
-1.093456E+1
-1.215907E+1
-1.577380E+1
-2.000005E+1
-2.000005E+1
-2.000005E+1
-2.000005E+1
-2.000005E+1
-2.000005E+1
-1.309840E+1
-1.107274E+1
-1.002169E+1
-9.330788E+0
-8.847158E+0
-8.516408E+0
-8.287088E+0
-8.125388E+0
-8.009258E+0
-7.907828E+0
-7.825508E+0
-7.740248E+0
-7.679978E+0
-7.650578E+0
-7.665278E+0
-7.763768E+0
-7.957808E+0
-8.297378E+0
-8.833928E+0
-9.676238E+0
-1.121974E+1
-2.000005E+1
-2.000005E+1
-2.000005E+1
-2.000005E+1
-2.000005E+1
-2.000005E+1
-2.000005E+1
-2.000005E+1
-2.000005E+1
-2.000005E+1
-2.000005E+1
-2.000005E+1
-2.000005E+1
-2.000005E+1
-2.000005E+1
-1.479331E+1
-1.154902E+1
-1.032745E+1
-9.585098E+0
-9.089708E+0
-8.795708E+0
-8.651648E+0
-8.651648E+0
-8.783948E+0
-9.047078E+0
-9.463088E+0
-1.008784E+1
-1.093456E+1
-1.221787E+1
-1.443022E+1
-2.000005E+1
-2.000005E+1
-2.000005E+1
-2.000005E+1
-2.000005E+1
-2.000005E+1
-2.000005E+1
-1.698949E+1
-1.397893E+1
-1.261330E+1
-1.173277E+1
-1.107274E+1
-1.062439E+1
-1.032745E+1
-1.018045E+1
-1.018045E+1
-1.030099E+1
-1.053913E+1
-1.093456E+1
-1.146082E+1
-1.210027E+1
-1.276324E+1
-1.338799E+1
-1.372315E+1
-1.349383E+1
-1.301020E+1
-1.240750E+1
-1.188271E+1
-1.141966E+1
-1.103746E+1
-1.080520E+1
-1.071259E+1
-1.080520E+1
-1.114477E+1
-1.193563E+1
-1.384663E+1
-2.000005E+1
-2.000005E+1
-2.000005E+1
-2.000005E+1
-2.000005E+1
-2.000005E+1
-2.000005E+1
-2.000005E+1
-2.000005E+1
-2.000005E+1
-2.000005E+1
-2.000005E+1
-2.000005E+1
-2.000005E+1
-2.000005E+1
-2.000005E+1
-2.000005E+1
-2.000005E+1
-2.000005E+1
-2.000005E+1
-2.000005E+1
-2.000005E+1
-2.000005E+1
-2.000005E+1
-2.000005E+1
-2.000005E+1
-2.000005E+1
-2.000005E+1
-2.000005E+1
-2.000005E+1
-2.000005E+1
-2.000005E+1
-2.000005E+1
-2.000005E+1
-2.000005E+1
-2.000005E+1
-2.000005E+1
-2.000005E+1
-2.000005E+1
-2.000005E+1
-2.000005E+1
-2.000005E+1
-2.000005E+1
-2.000005E+1
-2.000005E+1
-2.000005E+1
-2.000005E+1
-2.000005E+1
-2.000005E+1
-1.479331E+1
-1.309840E+1
-1.215907E+1
-1.146082E+1
-1.086841E+1
-1.040389E+1
-9.999638E+0
-9.658598E+0
-9.396938E+0
-9.177908E+0
-9.019148E+0
-8.872148E+0
-8.758958E+0
-8.663408E+0
-8.560508E+0
-8.450258E+0
-8.326778E+0
-8.190068E+0
-8.044538E+0
-7.907828E+0
-7.794638E+0
-7.709378E+0
-7.687328E+0
-7.732898E+0
-7.874018E+0
-8.134208E+0
-8.548748E+0
-9.177908E+0
-1.015693E+1
-1.204441E+1
-2.000005E+1
-2.000005E+1
-2.000005E+1
-2.000005E+1
-2.000005E+1
-2.000005E+1
-2.000005E+1
-2.000005E+1
-2.000005E+1
-2.000005E+1
-2.000005E+1
-2.000005E+1
-2.000005E+1
-2.000005E+1
-2.000005E+1
-2.000005E+1
-2.000005E+1
-2.000005E+1
-2.000005E+1
-2.000005E+1
-2.000005E+1
-2.000005E+1
-2.000005E+1
-2.000005E+1
-2.000005E+1
-2.000005E+1
-1.548421E+1
-1.411858E+1
-1.372315E+1
-1.397893E+1
-1.479331E+1
-1.698949E+1
-2.000005E+1
-2.000005E+1
-2.000005E+1
-2.000005E+1
-2.000005E+1
-1.548421E+1
-1.360555E+1
-1.254274E+1
-1.188271E+1
-1.133734E+1
-1.090222E+1
-1.059499E+1
-1.032745E+1
-1.008784E+1
-9.914378E+0
-9.792368E+0
-9.695348E+0
-9.658598E+0
-9.639488E+0
-9.621848E+0
-9.621848E+0
-9.585098E+0
-9.532178E+0
-9.463088E+0
-9.396938E+0
-9.346958E+0
-9.363128E+0
-9.413108E+0
-9.549818E+0
-9.733568E+0
-9.977588E+0
-1.022749E+1
-1.040389E+1
-1.053913E+1
-1.056706E+1
-1.056706E+1
-1.051120E+1
-1.053913E+1
-1.065379E+1
-1.093456E+1
-1.146082E+1
-1.234135E+1
-1.411858E+1
-2.000005E+1
-2.000005E+1
-2.000005E+1
-2.000005E+1
-2.000005E+1
-2.000005E+1
-2.000005E+1
-2.000005E+1
-2.000005E+1
-2.000005E+1
-2.000005E+1
-2.000005E+1
-1.372315E+1
-1.137850E+1
-1.030099E+1
-9.639488E+0
-9.207308E+0
-8.951528E+0
-8.808938E+0
-8.783948E+0
-8.847158E+0
-9.005918E+0
-9.283748E+0
-9.714458E+0
-1.032745E+1
-1.121974E+1
-1.261330E+1
-1.577380E+1
-2.000005E+1
-2.000005E+1
-2.000005E+1
-2.000005E+1
-1.548421E+1
-1.284262E+1
-1.173277E+1
-1.103746E+1
-1.062439E+1
-1.040389E+1
-1.025248E+1
-1.013341E+1
-9.977588E+0
-9.733568E+0
-9.413108E+0
-9.047078E+0
-8.675168E+0
-8.347358E+0
-8.079818E+0
-7.907828E+0
-7.818158E+0
-7.825508E+0
-7.941638E+0
-8.153318E+0
-8.462018E+0
-8.858918E+0
-9.330788E+0
-9.873218E+0
-1.043035E+1
-1.096837E+1
-1.137850E+1
-1.168573E+1
-1.183273E+1
-1.183273E+1
-1.178275E+1
-1.168573E+1
-1.173277E+1
-1.178275E+1
-1.193563E+1
-1.210027E+1
-1.234135E+1
-1.247365E+1
-1.240750E+1
-1.215907E+1
-1.173277E+1
-1.121974E+1
-1.074346E+1
-1.032745E+1
-1.002169E+1
-9.852638E+0
-9.792368E+0
-9.893798E+0
-1.013341E+1
-1.059499E+1
-1.129765E+1
-1.247365E+1
-1.522843E+1
-2.000005E+1
-2.000005E+1
-2.000005E+1
-2.000005E+1
-2.000005E+1
-2.000005E+1
-2.000005E+1
-2.000005E+1
-2.000005E+1
-2.000005E+1
-2.000005E+1
-2.000005E+1
-2.000005E+1
-2.000005E+1
-2.000005E+1
-2.000005E+1
-2.000005E+1
-2.000005E+1
-2.000005E+1
-2.000005E+1
-2.000005E+1
-2.000005E+1
-2.000005E+1
-2.000005E+1
-2.000005E+1
-2.000005E+1
-2.000005E+1
-2.000005E+1
-1.426852E+1
-1.221787E+1
-1.133734E+1
-1.074346E+1
-1.032745E+1
-9.977588E+0
-9.676238E+0
-9.446918E+0
-9.299918E+0
-9.238178E+0
-9.269048E+0
-9.396938E+0
-9.639488E+0
-9.999638E+0
-1.045681E+1
-1.100218E+1
-1.163869E+1
-1.234135E+1
-1.309840E+1
-1.397893E+1
-1.548421E+1
-2.000005E+1
-2.000005E+1
-2.000005E+1
-2.000005E+1
-2.000005E+1
-2.000005E+1
-2.000005E+1
-1.443022E+1
-1.215907E+1
-1.090222E+1
-1.002169E+1
-9.379298E+0
-8.885378E+0
-8.494358E+0
-8.170958E+0
-7.907828E+0
-7.672628E+0
-7.472708E+0
-7.303658E+0
-7.169888E+0
-7.077278E+0
-7.043468E+0
-7.065518E+0
-7.158128E+0
-7.322768E+0
-7.577078E+0
-7.923998E+0
-8.388518E+0
-8.977988E+0
-9.773258E+0
-1.096837E+1
-1.338799E+1
-2.000005E+1
-2.000005E+1
-2.000005E+1
-2.000005E+1
-2.000005E+1
-2.000005E+1
-2.000005E+1
-2.000005E+1
-2.000005E+1
-2.000005E+1
-2.000005E+1
-2.000005E+1
-2.000005E+1
-2.000005E+1
-2.000005E+1
-2.000005E+1
-2.000005E+1
-2.000005E+1
-2.000005E+1
-1.204441E+1
-1.053913E+1
-9.832058E+0
-9.413108E+0
-9.192608E+0
-9.104408E+0
-9.119108E+0
-9.222008E+0
-9.379298E+0
-9.621848E+0
-9.934958E+0
-1.032745E+1
-1.083607E+1
-1.154902E+1
-1.261330E+1
-1.479331E+1
-2.000005E+1
-2.000005E+1
-2.000005E+1
-2.000005E+1
-2.000005E+1
-2.000005E+1
-2.000005E+1
-2.000005E+1
-2.000005E+1
-2.000005E+1
-2.000005E+1
-2.000005E+1
-2.000005E+1
-2.000005E+1
-2.000005E+1
-2.000005E+1
-2.000005E+1
-2.000005E+1
-2.000005E+1
-2.000005E+1
-2.000005E+1
-2.000005E+1
-2.000005E+1
-2.000005E+1
-2.000005E+1
-2.000005E+1
-2.000005E+1
-2.000005E+1
-2.000005E+1
-2.000005E+1
-2.000005E+1
-2.000005E+1
-1.372315E+1
-1.150492E+1
-1.045681E+1
-9.832058E+0
-9.496898E+0
-9.330788E+0
-9.330788E+0
-9.463088E+0
-9.676238E+0
-9.934958E+0
-1.020397E+1
-1.037743E+1
-1.045681E+1
-1.040389E+1
-1.027747E+1
-1.013341E+1
-1.006579E+1
-1.010989E+1
-1.030099E+1
-1.062439E+1
-1.118152E+1
-1.204441E+1
-1.338799E+1
-1.610896E+1
-2.000005E+1
-2.000005E+1
-2.000005E+1
-2.000005E+1
-2.000005E+1
-2.000005E+1
-2.000005E+1
-2.000005E+1
-2.000005E+1
-2.000005E+1
-2.000005E+1
-2.000005E+1
-2.000005E+1
-2.000005E+1
-2.000005E+1
-2.000005E+1
-2.000005E+1
-2.000005E+1
-2.000005E+1
-2.000005E+1
-1.349383E+1
-1.178275E+1
-1.086841E+1
-1.032745E+1
-1.002169E+1
-9.893798E+0
-9.893798E+0
-9.999638E+0
-1.018045E+1
-1.048327E+1
-1.086841E+1
-1.137850E+1
-1.210027E+1
-1.328803E+1
-1.761424E+1
-2.000005E+1
-2.000005E+1
-2.000005E+1
-2.000005E+1
-2.000005E+1
-2.000005E+1
-2.000005E+1
-2.000005E+1
-2.000005E+1
-2.000005E+1
-2.000005E+1
-2.000005E+1
-2.000005E+1
-2.000005E+1
-2.000005E+1
-2.000005E+1
-2.000005E+1
-2.000005E+1
-1.349383E+1
-1.193563E+1
-1.118152E+1
-1.074346E+1
-1.048327E+1
-1.043035E+1
-1.053913E+1
-1.090222E+1
-1.154902E+1
-1.284262E+1
-1.761424E+1
-2.000005E+1
-2.000005E+1
-2.000005E+1
-2.000005E+1
-2.000005E+1
-2.000005E+1
-2.000005E+1
-2.000005E+1
-1.650439E+1
-1.173277E+1
-1.022749E+1
-9.330788E+0
-8.722208E+0
-8.287088E+0
-8.009258E+0
-7.850498E+0
-7.801988E+0
-7.841678E+0
-7.975448E+0
-8.200358E+0
-8.516408E+0
-8.911838E+0
-9.396938E+0
-9.914378E+0
-1.048327E+1
-1.096837E+1
-1.125796E+1
-1.129765E+1
-1.110802E+1
-1.083607E+1
-1.053913E+1
-1.032745E+1
-1.018045E+1
-1.013341E+1
-1.015693E+1
-1.025248E+1
-1.037743E+1
-1.048327E+1
-1.051120E+1
-1.045681E+1
-1.032745E+1
-1.013341E+1
-9.934958E+0
-9.792368E+0
-9.695348E+0
-9.733568E+0
-9.893798E+0
-1.022749E+1
-1.080520E+1
-1.183273E+1
-1.411858E+1
-2.000005E+1
-2.000005E+1
-2.000005E+1
-2.000005E+1
-2.000005E+1
-2.000005E+1
-2.000005E+1
-2.000005E+1
-2.000005E+1
-2.000005E+1
-2.000005E+1
-1.349383E+1
-1.150492E+1
-1.053913E+1
-9.934958E+0
-9.567458E+0
-9.363128E+0
-9.316088E+0
-9.396938E+0
-9.621848E+0
-9.999638E+0
-1.059499E+1
-1.150492E+1
-1.319101E+1
-2.000005E+1
-2.000005E+1
-2.000005E+1
-2.000005E+1
-2.000005E+1
-2.000005E+1
-2.000005E+1
-2.000005E+1
-2.000005E+1
-2.000005E+1
-2.000005E+1
-2.000005E+1
-2.000005E+1
-2.000005E+1
-2.000005E+1
-2.000005E+1
-2.000005E+1
-2.000005E+1
-2.000005E+1
-2.000005E+1
-1.577380E+1
-1.309840E+1
-1.210027E+1
-1.168573E+1
-1.154902E+1
-1.173277E+1
-1.240750E+1
-1.426852E+1
-2.000005E+1
-2.000005E+1
-2.000005E+1
-2.000005E+1
-2.000005E+1
-2.000005E+1
-2.000005E+1
-2.000005E+1
-2.000005E+1
-2.000005E+1
-2.000005E+1
-2.000005E+1
-2.000005E+1
-2.000005E+1
-2.000005E+1
-2.000005E+1
-2.000005E+1
-1.301020E+1
-1.146082E+1
-1.059499E+1
-9.999638E+0
-9.549818E+0
-9.222008E+0
-8.964758E+0
-8.747198E+0
-8.570798E+0
-8.439968E+0
-8.347358E+0
-8.287088E+0
-8.257688E+0
-8.267978E+0
-8.297378E+0
-8.347358E+0
-8.409098E+0
-8.482598E+0
-8.538458E+0
-8.594318E+0
-8.639888E+0
-8.675168E+0
-8.735438E+0
-8.795708E+0
-8.885378E+0
-9.019148E+0
-9.192608E+0
-9.413108E+0
-9.695348E+0
-1.004374E+1
-1.048327E+1
-1.100218E+1
-1.163869E+1
-1.240750E+1
-1.349383E+1
-1.522843E+1
-2.000005E+1
-2.000005E+1
-2.000005E+1
-2.000005E+1
-2.000005E+1
-2.000005E+1
-2.000005E+1
-2.000005E+1
-2.000005E+1
-2.000005E+1
-2.000005E+1
-2.000005E+1
-2.000005E+1
-2.000005E+1
-1.372315E+1
-1.221787E+1
-1.137850E+1
-1.074346E+1
-1.027747E+1
-9.893798E+0
-9.585098E+0
-9.330788E+0
-9.163208E+0
-9.047078E+0
-9.047078E+0
-9.177908E+0
-9.480728E+0
-1.006579E+1
-1.114477E+1
-1.397893E+1
-2.000005E+1
-2.000005E+1
-2.000005E+1
-2.000005E+1
-2.000005E+1
-2.000005E+1
-2.000005E+1
-2.000005E+1
-2.000005E+1
-2.000005E+1
-2.000005E+1
-2.000005E+1
-2.000005E+1
-2.000005E+1
-2.000005E+1
-2.000005E+1
-2.000005E+1
-2.000005E+1
-2.000005E+1
-2.000005E+1
-2.000005E+1
-2.000005E+1
-2.000005E+1
-2.000005E+1
-2.000005E+1
-2.000005E+1
-1.849477E+1
-1.411858E+1
-1.301020E+1
-1.240750E+1
-1.193563E+1
-1.150492E+1
-1.107274E+1
-1.065379E+1
-1.027747E+1
-9.955538E+0
-9.752678E+0
-9.676238E+0
-9.792368E+0
-1.010989E+1
-1.071259E+1
-1.188271E+1
-1.522843E+1
-2.000005E+1
-2.000005E+1
-2.000005E+1
-2.000005E+1
-2.000005E+1
-2.000005E+1
-2.000005E+1
-2.000005E+1
-2.000005E+1
-2.000005E+1
-2.000005E+1
-2.000005E+1
-2.000005E+1
-1.460368E+1
-1.328803E+1
-1.268680E+1
-1.227961E+1
-1.193563E+1
-1.163869E+1
-1.129765E+1
-1.100218E+1
-1.065379E+1
-1.025248E+1
-9.873218E+0
-9.463088E+0
-9.089708E+0
-8.747198E+0
-8.429678E+0
-8.143028E+0
-7.907828E+0
-7.716728E+0
-7.569728E+0
-7.472708E+0
-7.438898E+0
-7.466828E+0
-7.563848E+0
-7.747598E+0
-8.026898E+0
-8.439968E+0
-9.047078E+0
-9.955538E+0
-1.159312E+1
-2.000005E+1
-2.000005E+1
-2.000005E+1
-2.000005E+1
-2.000005E+1
-2.000005E+1
-2.000005E+1
-2.000005E+1
-2.000005E+1
-2.000005E+1
-2.000005E+1
-2.000005E+1
-2.000005E+1
-2.000005E+1
-2.000005E+1
-2.000005E+1
-1.610896E+1
-1.328803E+1
-1.240750E+1
-1.198855E+1
-1.173277E+1
-1.154902E+1
-1.137850E+1
-1.118152E+1
-1.093456E+1
-1.071259E+1
-1.048327E+1
-1.035244E+1
-1.030099E+1
-1.040389E+1
-1.068319E+1
-1.129765E+1
-1.247365E+1
-1.610896E+1
-2.000005E+1
-2.000005E+1
-2.000005E+1
-2.000005E+1
-2.000005E+1
-2.000005E+1
-1.548421E+1
-1.178275E+1
-1.043035E+1
-9.676238E+0
-9.207308E+0
-8.964758E+0
-8.898608E+0
-8.977988E+0
-9.207308E+0
-9.621848E+0
-1.020397E+1
-1.100218E+1
-1.210027E+1
-1.338799E+1
-1.479331E+1
-1.522843E+1
-1.426852E+1
-1.319101E+1
-1.227961E+1
-1.159312E+1
-1.114477E+1
-1.086841E+1
-1.068319E+1
-1.056706E+1
-1.048327E+1
-1.040389E+1
-1.032745E+1
-1.020397E+1
-1.002169E+1
-9.811478E+0
-9.567458E+0
-9.330788E+0
-9.119108E+0
-8.925068E+0
-8.772188E+0
-8.663408E+0
-8.570798E+0
-8.494358E+0
-8.419388E+0
-8.347358E+0
-8.267978E+0
-8.181248E+0
-8.097458E+0
-8.035718E+0
-7.991618E+0
-7.991618E+0
-8.044538E+0
-8.125388E+0
-8.247398E+0
-8.398808E+0
-8.548748E+0
-8.686928E+0
-8.772188E+0
-8.822168E+0
-8.847158E+0
-8.858918E+0
-8.898608E+0
-8.977988E+0
-9.119108E+0
-9.379298E+0
-9.733568E+0
-1.020397E+1
-1.077433E+1
-1.146082E+1
-1.210027E+1
-1.261330E+1
-1.276324E+1
-1.254274E+1
-1.221787E+1
-1.188271E+1
-1.168573E+1
-1.168573E+1
-1.183273E+1
-1.234135E+1
-1.349383E+1
-1.761424E+1
-2.000005E+1
-2.000005E+1
-2.000005E+1
-2.000005E+1
-2.000005E+1
-2.000005E+1
-2.000005E+1
-2.000005E+1
-2.000005E+1
-2.000005E+1
-2.000005E+1
-2.000005E+1
-2.000005E+1
-2.000005E+1
-2.000005E+1
-2.000005E+1
-2.000005E+1
-2.000005E+1
-2.000005E+1
-2.000005E+1
-2.000005E+1
-2.000005E+1
-2.000005E+1
-2.000005E+1
-1.849477E+1
-1.221787E+1
-1.071259E+1
-9.832058E+0
-9.299918E+0
-8.964758E+0
-8.808938E+0
-8.795708E+0
-8.925068E+0
-9.207308E+0
-9.639488E+0
-1.027747E+1
-1.121974E+1
-1.284262E+1
-2.000005E+1
-2.000005E+1
-2.000005E+1
-2.000005E+1
-2.000005E+1
-2.000005E+1
-2.000005E+1
-2.000005E+1
-2.000005E+1
-2.000005E+1
-2.000005E+1
-2.000005E+1
-2.000005E+1
-2.000005E+1
-2.000005E+1
-2.000005E+1
-2.000005E+1
-2.000005E+1
-2.000005E+1
-2.000005E+1
-2.000005E+1
-2.000005E+1
-2.000005E+1
-2.000005E+1
-2.000005E+1
-1.610896E+1
-1.460368E+1
-1.443022E+1
-1.460368E+1
-1.548421E+1
-1.698949E+1
-1.761424E+1
-1.577380E+1
-1.397893E+1
-1.247365E+1
-1.129765E+1
-1.037743E+1
-9.658598E+0
-9.119108E+0
-8.710448E+0
-8.409098E+0
-8.181248E+0
-8.026898E+0
-7.907828E+0
-7.818158E+0
-7.747598E+0
-7.694678E+0
-7.650578E+0
-7.606478E+0
-7.577078E+0
-7.563848E+0
-7.563848E+0
-7.577078E+0
-7.613828E+0
-7.672628E+0
-7.740248E+0
-7.841678E+0
-7.982798E+0
-8.170958E+0
-8.419388E+0
-8.735438E+0
-9.163208E+0
-9.695348E+0
-1.037743E+1
-1.125796E+1
-1.234135E+1
-1.349383E+1
-1.443022E+1
-1.443022E+1
-1.360555E+1
-1.254274E+1
-1.173277E+1
-1.114477E+1
-1.071259E+1
-1.037743E+1
-1.018045E+1
-1.006579E+1
-9.999638E+0
-9.999638E+0
-1.002169E+1
-1.002169E+1
-9.999638E+0
-9.955538E+0
-9.873218E+0
-9.792368E+0
-9.676238E+0
-9.585098E+0
-9.496898E+0
-9.413108E+0
-9.316088E+0
-9.207308E+0
-9.075008E+0
-8.925068E+0
-8.795708E+0
-8.675168E+0
-8.594318E+0
-8.548748E+0
-8.570798E+0
-8.663408E+0
-8.808938E+0
-9.005918E+0
-9.222008E+0
-9.463088E+0
-9.676238E+0
-9.811478E+0
-9.852638E+0
-9.752678E+0
-9.585098E+0
-9.363128E+0
-9.119108E+0
-8.885378E+0
-8.686928E+0
-8.526698E+0
-8.419388E+0
-8.357648E+0
-8.337068E+0
-8.357648E+0
-8.409098E+0
-8.504648E+0
-8.639888E+0
-8.808938E+0
-9.033848E+0
-9.330788E+0
-9.733568E+0
-1.030099E+1
-1.107274E+1
-1.215907E+1
-1.384663E+1
-1.650439E+1
-1.698949E+1
-1.411858E+1
-1.204441E+1
-1.065379E+1
-9.695348E+0
-8.992688E+0
-8.494358E+0
-8.162138E+0
-7.975448E+0
-7.915178E+0
-7.957808E+0
-8.097458E+0
-8.306198E+0
-8.570798E+0
-8.847158E+0
-9.119108E+0
-9.316088E+0
-9.446918E+0
-9.532178E+0
-9.567458E+0
-9.621848E+0
-9.733568E+0
-9.955538E+0
-1.035244E+1
-1.110802E+1
-1.284262E+1
-2.000005E+1
-2.000005E+1
-2.000005E+1
-2.000005E+1
-2.000005E+1
-2.000005E+1
-2.000005E+1
-2.000005E+1
-2.000005E+1
-2.000005E+1
-2.000005E+1
-2.000005E+1
-2.000005E+1
-2.000005E+1
-2.000005E+1
-2.000005E+1
-2.000005E+1
-2.000005E+1
-2.000005E+1
-1.499911E+1
-1.276324E+1
-1.163869E+1
-1.086841E+1
-1.032745E+1
-9.955538E+0
-9.714458E+0
-9.602738E+0
-9.621848E+0
-9.773258E+0
-1.015693E+1
-1.090222E+1
-1.254274E+1
-2.000005E+1
-2.000005E+1
-2.000005E+1
-2.000005E+1
-2.000005E+1
-2.000005E+1
-2.000005E+1
-2.000005E+1
-2.000005E+1
-2.000005E+1
-2.000005E+1
-2.000005E+1
-2.000005E+1
-2.000005E+1
-2.000005E+1
-2.000005E+1
-2.000005E+1
-2.000005E+1
-2.000005E+1
-2.000005E+1
-1.292494E+1
-1.159312E+1
-1.093456E+1
-1.065379E+1
-1.059499E+1
-1.071259E+1
-1.107274E+1
-1.183273E+1
-1.372315E+1
-2.000005E+1
-2.000005E+1
-2.000005E+1
-2.000005E+1
-2.000005E+1
-2.000005E+1
-2.000005E+1
-2.000005E+1
-2.000005E+1
-2.000005E+1
-2.000005E+1
-2.000005E+1
-2.000005E+1
-1.338799E+1
-1.159312E+1
-1.077433E+1
-1.027747E+1
-9.955538E+0
-9.714458E+0
-9.514538E+0
-9.363128E+0
-9.269048E+0
-9.238178E+0
-9.299918E+0
-9.463088E+0
-9.714458E+0
-1.006579E+1
-1.051120E+1
-1.096837E+1
-1.133734E+1
-1.150492E+1
-1.137850E+1
-1.110802E+1
-1.074346E+1
-1.040389E+1
-1.010989E+1
-9.914378E+0
-9.792368E+0
-9.752678E+0
-9.752678E+0
-9.792368E+0
-9.852638E+0
-9.914378E+0
-9.955538E+0
-9.955538E+0
-9.914378E+0
-9.811478E+0
-9.695348E+0
-9.585098E+0
-9.463088E+0
-9.413108E+0
-9.429278E+0
-9.532178E+0
-9.733568E+0
-1.010989E+1
-1.074346E+1
-1.188271E+1
-1.522843E+1
-2.000005E+1
-2.000005E+1
-2.000005E+1
-2.000005E+1
-2.000005E+1
-2.000005E+1
-2.000005E+1
-2.000005E+1
-2.000005E+1
-2.000005E+1
-2.000005E+1
-2.000005E+1
-2.000005E+1
-2.000005E+1
-2.000005E+1
-2.000005E+1
-2.000005E+1
-2.000005E+1
-2.000005E+1
-2.000005E+1
-2.000005E+1
-2.000005E+1
-2.000005E+1
-2.000005E+1
-2.000005E+1
-2.000005E+1
-2.000005E+1
-2.000005E+1
-1.133734E+1
-9.832058E+0
-9.033848E+0
-8.538458E+0
-8.219468E+0
-8.035718E+0
-7.948988E+0
-7.932818E+0
-7.966628E+0
-8.035718E+0
-8.107748E+0
-8.181248E+0
-8.247398E+0
-8.306198E+0
-8.378228E+0
-8.472308E+0
-8.628128E+0
-8.872148E+0
-9.252878E+0
-9.832058E+0
-1.080520E+1
-1.276324E+1
-2.000005E+1
-2.000005E+1
-2.000005E+1
-2.000005E+1
-2.000005E+1
-2.000005E+1
-2.000005E+1
-2.000005E+1
-2.000005E+1
-1.610896E+1
-1.159312E+1
-1.025248E+1
-9.480728E+0
-9.019148E+0
-8.772188E+0
-8.686928E+0
-8.772188E+0
-9.019148E+0
-9.429278E+0
-1.008784E+1
-1.103746E+1
-1.254274E+1
-1.577380E+1
-2.000005E+1
-2.000005E+1
-2.000005E+1
-2.000005E+1
-1.479331E+1
-1.319101E+1
-1.254274E+1
-1.234135E+1
