Date/Time	2022-06-13 05:22:25
Line location	3
Line name	C1
OTDR wavelength [nm]	1550
OTDR pulse duration [ns]	2
OTDR scan time [s]	10
OTDR scan length [m]	1.500000E+2
Length offset [m]	0.000000E+0
Length increment [m]	3.996806E-2
Switch ID	VIAVI Solutions,OTU 8000E,11654,FO,16.76
OTDR ID	JDSU,OTU 8000E,11654,OTU(SmartOTU),V7.22

Reflected amplitude [dB]
8.436120E-1
8.362620E-1
8.098020E-1
7.657020E-1
7.157220E-1
6.686820E-1
6.304620E-1
6.010620E-1
5.893020E-1
6.231120E-1
7.201320E-1
8.744820E-1
1.052352E+0
1.219932E+0
1.358112E+0
1.463952E+0
1.541862E+0
1.597722E+0
1.634472E+0
1.657992E+0
1.659462E+0
1.619772E+0
1.543332E+0
1.444842E+0
1.333122E+0
1.202292E+0
1.056762E+0
9.082920E-1
7.730520E-1
6.510420E-1
5.319720E-1
4.173120E-1
3.188220E-1
2.365020E-1
1.718220E-1
1.203720E-1
7.774200E-2
4.540200E-2
1.747200E-2
-4.578000E-3
-2.515800E-2
-4.132800E-2
-5.749800E-2
-7.219800E-2
-8.836800E-2
-1.045380E-1
-1.207080E-1
-1.383480E-1
-1.559880E-1
-1.750980E-1
-1.942080E-1
-2.133180E-1
-2.309580E-1
-2.485980E-1
-2.632980E-1
-2.765280E-1
-2.882880E-1
-2.956380E-1
-3.029880E-1
-3.073980E-1
-3.103380E-1
-3.118080E-1
-3.132780E-1
-3.132780E-1
-3.147480E-1
-3.147480E-1
-3.132780E-1
-3.103380E-1
-3.059280E-1
-2.971080E-1
-2.853480E-1
-2.706480E-1
-2.530080E-1
-2.280180E-1
-1.942080E-1
-1.545180E-1
-1.089480E-1
-6.190800E-2
-1.927800E-2
1.894200E-2
4.981200E-2
7.333200E-2
8.950200E-2
9.979200E-2
1.042020E-1
9.685200E-2
7.333200E-2
3.658200E-2
-6.048000E-3
-5.161800E-2
-9.865800E-2
-1.442280E-1
-1.883280E-1
-2.309580E-1
-2.706480E-1
-3.088680E-1
-3.426780E-1
-3.750180E-1
-4.029480E-1
-4.294080E-1
-4.514580E-1
-4.720380E-1
-4.896780E-1
-5.043780E-1
-5.190780E-1
-5.308380E-1
-5.411280E-1
-5.499480E-1
-5.572980E-1
-5.646480E-1
-5.690580E-1
-5.719980E-1
-5.749380E-1
-5.764080E-1
-5.749380E-1
-5.734680E-1
-5.705280E-1
-5.675880E-1
-5.631780E-1
-5.572980E-1
-5.514180E-1
-5.440680E-1
-5.367180E-1
-5.293680E-1
-5.205480E-1
-5.131980E-1
-5.073180E-1
-5.014380E-1
-4.984980E-1
-4.970280E-1
-4.970280E-1
-4.999680E-1
-5.043780E-1
-5.087880E-1
-5.146680E-1
-5.205480E-1
-5.249580E-1
-5.293680E-1
-5.323080E-1
-5.337780E-1
-5.337780E-1
-5.323080E-1
-5.278980E-1
-5.205480E-1
-5.102580E-1
-4.970280E-1
-4.808580E-1
-4.602780E-1
-4.396980E-1
-4.161780E-1
-3.853080E-1
-3.397380E-1
-2.794680E-1
-2.103780E-1
-1.354080E-1
-6.190800E-2
1.302000E-3
5.275200E-2
9.244200E-2
1.174320E-1
1.336020E-1
1.409520E-1
1.394820E-1
1.306620E-1
1.100820E-1
7.333200E-2
2.482200E-2
-2.809800E-2
-7.954800E-2
-1.280580E-1
-1.721580E-1
-2.133180E-1
-2.500680E-1
-2.838780E-1
-3.118080E-1
-3.353280E-1
-3.544380E-1
-3.691380E-1
-3.794280E-1
-3.867780E-1
-3.941280E-1
-3.985380E-1
-4.029480E-1
-4.073580E-1
-4.102980E-1
-4.132380E-1
-4.147080E-1
-4.147080E-1
-4.117680E-1
-4.088280E-1
-4.044180E-1
-3.985380E-1
-3.941280E-1
-3.911880E-1
-3.882480E-1
-3.867780E-1
-3.867780E-1
-3.867780E-1
-3.882480E-1
-3.897180E-1
-3.911880E-1
-3.941280E-1
-3.955980E-1
-3.985380E-1
-4.014780E-1
-4.058880E-1
-4.088280E-1
-4.117680E-1
-4.147080E-1
-4.147080E-1
-4.132380E-1
-4.088280E-1
-4.044180E-1
-3.985380E-1
-3.911880E-1
-3.867780E-1
-3.823680E-1
-3.794280E-1
-3.779580E-1
-3.764880E-1
-3.764880E-1
-3.779580E-1
-3.779580E-1
-3.779580E-1
-3.779580E-1
-3.794280E-1
-3.794280E-1
-3.808980E-1
-3.823680E-1
-3.838380E-1
-3.853080E-1
-3.882480E-1
-3.897180E-1
-3.897180E-1
-3.897180E-1
-3.897180E-1
-3.867780E-1
-3.838380E-1
-3.779580E-1
-3.720780E-1
-3.647280E-1
-3.573780E-1
-3.500280E-1
-3.441480E-1
-3.397380E-1
-3.367980E-1
-3.353280E-1
-3.353280E-1
-3.367980E-1
-3.382680E-1
-3.412080E-1
-3.426780E-1
-3.456180E-1
-3.485580E-1
-3.500280E-1
-3.529680E-1
-3.573780E-1
-3.603180E-1
-3.647280E-1
-3.676680E-1
-3.720780E-1
-3.750180E-1
-3.779580E-1
-3.808980E-1
-3.823680E-1
-3.823680E-1
-3.808980E-1
-3.794280E-1
-3.750180E-1
-3.691380E-1
-3.617880E-1
-3.544380E-1
-3.456180E-1
-3.382680E-1
-3.323880E-1
-3.279780E-1
-3.265080E-1
-3.279780E-1
-3.323880E-1
-3.382680E-1
-3.470880E-1
-3.559080E-1
-3.632580E-1
-3.720780E-1
-3.779580E-1
-3.808980E-1
-3.838380E-1
-3.867780E-1
-3.867780E-1
-3.897180E-1
-3.926580E-1
-3.970680E-1
-4.029480E-1
-4.102980E-1
-4.191180E-1
-4.279380E-1
-4.367580E-1
-4.455780E-1
-4.514580E-1
-4.558680E-1
-4.573380E-1
-4.558680E-1
-4.514580E-1
-4.470480E-1
-4.396980E-1
-4.338180E-1
-4.264680E-1
-4.191180E-1
-4.147080E-1
-4.088280E-1
-4.058880E-1
-4.029480E-1
-4.029480E-1
-4.029480E-1
-4.029480E-1
-4.058880E-1
-4.088280E-1
-4.117680E-1
-4.161780E-1
-4.205880E-1
-4.235280E-1
-4.264680E-1
-4.279380E-1
-4.294080E-1
-4.294080E-1
-4.279380E-1
-4.249980E-1
-4.205880E-1
-4.161780E-1
-4.102980E-1
-4.058880E-1
-4.014780E-1
-3.970680E-1
-3.941280E-1
-3.911880E-1
-3.897180E-1
-3.882480E-1
-3.867780E-1
-3.853080E-1
-3.808980E-1
-3.779580E-1
-3.735480E-1
-3.691380E-1
-3.661980E-1
-3.647280E-1
-3.632580E-1
-3.647280E-1
-3.661980E-1
-3.706080E-1
-3.750180E-1
-3.794280E-1
-3.838380E-1
-3.882480E-1
-3.897180E-1
-3.911880E-1
-3.911880E-1
-3.882480E-1
-3.853080E-1
-3.823680E-1
-3.779580E-1
-3.750180E-1
-3.720780E-1
-3.720780E-1
-3.735480E-1
-3.764880E-1
-3.808980E-1
-3.867780E-1
-3.941280E-1
-4.014780E-1
-4.088280E-1
-4.176480E-1
-4.235280E-1
-4.294080E-1
-4.338180E-1
-4.382280E-1
-4.396980E-1
-4.396980E-1
-4.382280E-1
-4.352880E-1
-4.308780E-1
-4.235280E-1
-4.176480E-1
-4.088280E-1
-4.000080E-1
-3.911880E-1
-3.838380E-1
-3.764880E-1
-3.720780E-1
-3.691380E-1
-3.691380E-1
-3.706080E-1
-3.750180E-1
-3.794280E-1
-3.853080E-1
-3.911880E-1
-3.955980E-1
-3.985380E-1
-4.000080E-1
-4.000080E-1
-4.000080E-1
-3.985380E-1
-3.970680E-1
-3.970680E-1
-3.985380E-1
-4.014780E-1
-4.044180E-1
-4.102980E-1
-4.147080E-1
-4.191180E-1
-4.235280E-1
-4.249980E-1
-4.235280E-1
-4.220580E-1
-4.161780E-1
-4.102980E-1
-4.029480E-1
-3.941280E-1
-3.853080E-1
-3.779580E-1
-3.706080E-1
-3.632580E-1
-3.588480E-1
-3.544380E-1
-3.529680E-1
-3.514980E-1
-3.529680E-1
-3.559080E-1
-3.588480E-1
-3.632580E-1
-3.676680E-1
-3.706080E-1
-3.735480E-1
-3.779580E-1
-3.808980E-1
-3.838380E-1
-3.867780E-1
-3.911880E-1
-3.955980E-1
-4.000080E-1
-4.029480E-1
-4.058880E-1
-4.073580E-1
-4.058880E-1
-4.029480E-1
-4.000080E-1
-3.941280E-1
-3.897180E-1
-3.838380E-1
-3.779580E-1
-3.735480E-1
-3.706080E-1
-3.706080E-1
-3.706080E-1
-3.720780E-1
-3.750180E-1
-3.794280E-1
-3.838380E-1
-3.882480E-1
-3.926580E-1
-3.941280E-1
-3.955980E-1
-3.941280E-1
-3.911880E-1
-3.882480E-1
-3.853080E-1
-3.823680E-1
-3.808980E-1
-3.794280E-1
-3.808980E-1
-3.808980E-1
-3.823680E-1
-3.823680E-1
-3.808980E-1
-3.779580E-1
-3.720780E-1
-3.647280E-1
-3.559080E-1
-3.470880E-1
-3.382680E-1
-3.309180E-1
-3.250380E-1
-3.206280E-1
-3.191580E-1
-3.206280E-1
-3.235680E-1
-3.279780E-1
-3.323880E-1
-3.382680E-1
-3.426780E-1
-3.470880E-1
-3.500280E-1
-3.514980E-1
-3.514980E-1
-3.500280E-1
-3.485580E-1
-3.456180E-1
-3.426780E-1
-3.412080E-1
-3.412080E-1
-3.412080E-1
-3.426780E-1
-3.441480E-1
-3.470880E-1
-3.514980E-1
-3.559080E-1
-3.603180E-1
-3.647280E-1
-3.691380E-1
-3.720780E-1
-3.764880E-1
-3.808980E-1
-3.838380E-1
-3.867780E-1
-3.897180E-1
-3.911880E-1
-3.897180E-1
-3.882480E-1
-3.853080E-1
-3.808980E-1
-3.764880E-1
-3.720780E-1
-3.661980E-1
-3.617880E-1
-3.603180E-1
-3.588480E-1
-3.588480E-1
-3.603180E-1
-3.647280E-1
-3.691380E-1
-3.750180E-1
-3.808980E-1
-3.853080E-1
-3.911880E-1
-3.955980E-1
-3.985380E-1
-4.014780E-1
-4.029480E-1
-4.044180E-1
-4.044180E-1
-4.029480E-1
-4.014780E-1
-3.985380E-1
-3.970680E-1
-3.941280E-1
-3.911880E-1
-3.897180E-1
-3.897180E-1
-3.897180E-1
-3.911880E-1
-3.926580E-1
-3.955980E-1
-3.985380E-1
-4.029480E-1
-4.058880E-1
-4.088280E-1
-4.117680E-1
-4.147080E-1
-4.147080E-1
-4.147080E-1
-4.132380E-1
-4.088280E-1
-4.044180E-1
-4.000080E-1
-3.941280E-1
-3.897180E-1
-3.853080E-1
-3.823680E-1
-3.808980E-1
-3.808980E-1
-3.823680E-1
-3.823680E-1
-3.838380E-1
-3.867780E-1
-3.882480E-1
-3.897180E-1
-3.897180E-1
-3.911880E-1
-3.911880E-1
-3.926580E-1
-3.926580E-1
-3.926580E-1
-3.926580E-1
-3.911880E-1
-3.897180E-1
-3.867780E-1
-3.838380E-1
-3.808980E-1
-3.764880E-1
-3.720780E-1
-3.676680E-1
-3.617880E-1
-3.573780E-1
-3.514980E-1
-3.470880E-1
-3.426780E-1
-3.382680E-1
-3.367980E-1
-3.353280E-1
-3.353280E-1
-3.367980E-1
-3.397380E-1
-3.426780E-1
-3.470880E-1
-3.514980E-1
-3.559080E-1
-3.603180E-1
-3.647280E-1
-3.706080E-1
-3.764880E-1
-3.838380E-1
-3.897180E-1
-3.970680E-1
-4.029480E-1
-4.102980E-1
-4.147080E-1
-4.176480E-1
-4.205880E-1
-4.220580E-1
-4.220580E-1
-4.220580E-1
-4.205880E-1
-4.176480E-1
-4.147080E-1
-4.117680E-1
-4.073580E-1
-4.029480E-1
-3.970680E-1
-3.911880E-1
-3.867780E-1
-3.838380E-1
-3.823680E-1
-3.823680E-1
-3.853080E-1
-3.897180E-1
-3.970680E-1
-4.044180E-1
-4.132380E-1
-4.220580E-1
-4.294080E-1
-4.367580E-1
-4.411680E-1
-4.455780E-1
-4.470480E-1
-4.470480E-1
-4.470480E-1
-4.441080E-1
-4.426380E-1
-4.382280E-1
-4.352880E-1
-4.323480E-1
-4.294080E-1
-4.264680E-1
-4.235280E-1
-4.220580E-1
-4.220580E-1
-4.220580E-1
-4.235280E-1
-4.249980E-1
-4.279380E-1
-4.308780E-1
-4.352880E-1
-4.382280E-1
-4.426380E-1
-4.470480E-1
-4.514580E-1
-4.543980E-1
-4.558680E-1
-4.573380E-1
-4.558680E-1
-4.543980E-1
-4.514580E-1
-4.470480E-1
-4.426380E-1
-4.382280E-1
-4.338180E-1
-4.308780E-1
-4.279380E-1
-4.249980E-1
-4.235280E-1
-4.235280E-1
-4.235280E-1
-4.249980E-1
-4.279380E-1
-4.294080E-1
-4.323480E-1
-4.352880E-1
-4.367580E-1
-4.396980E-1
-4.396980E-1
-4.396980E-1
-4.382280E-1
-4.352880E-1
-4.294080E-1
-4.235280E-1
-4.147080E-1
-4.044180E-1
-3.941280E-1
-3.838380E-1
-3.735480E-1
-3.647280E-1
-3.559080E-1
-3.500280E-1
-3.470880E-1
-3.441480E-1
-3.441480E-1
-3.470880E-1
-3.514980E-1
-3.559080E-1
-3.617880E-1
-3.691380E-1
-3.750180E-1
-3.808980E-1
-3.867780E-1
-3.897180E-1
-3.926580E-1
-3.941280E-1
-3.941280E-1
-3.941280E-1
-3.911880E-1
-3.882480E-1
-3.853080E-1
-3.808980E-1
-3.779580E-1
-3.735480E-1
-3.706080E-1
-3.706080E-1
-3.720780E-1
-3.750180E-1
-3.794280E-1
-3.853080E-1
-3.926580E-1
-4.000080E-1
-4.058880E-1
-4.102980E-1
-4.117680E-1
-4.102980E-1
-4.073580E-1
-4.000080E-1
-3.926580E-1
-3.838380E-1
-3.764880E-1
-3.691380E-1
-3.647280E-1
-3.617880E-1
-3.617880E-1
-3.647280E-1
-3.691380E-1
-3.735480E-1
-3.794280E-1
-3.838380E-1
-3.882480E-1
-3.897180E-1
-3.897180E-1
-3.867780E-1
-3.838380E-1
-3.794280E-1
-3.735480E-1
-3.676680E-1
-3.632580E-1
-3.603180E-1
-3.603180E-1
-3.632580E-1
-3.676680E-1
-3.764880E-1
-3.853080E-1
-3.970680E-1
-4.073580E-1
-4.161780E-1
-4.220580E-1
-4.264680E-1
-4.279380E-1
-4.249980E-1
-4.205880E-1
-4.147080E-1
-4.088280E-1
-4.029480E-1
-3.985380E-1
-3.955980E-1
-3.941280E-1
-3.926580E-1
-3.941280E-1
-3.941280E-1
-3.955980E-1
-3.955980E-1
-3.955980E-1
-3.941280E-1
-3.926580E-1
-3.897180E-1
-3.867780E-1
-3.823680E-1
-3.794280E-1
-3.764880E-1
-3.735480E-1
-3.720780E-1
-3.706080E-1
-3.691380E-1
-3.676680E-1
-3.691380E-1
-3.706080E-1
-3.720780E-1
-3.764880E-1
-3.808980E-1
-3.867780E-1
-3.926580E-1
-3.985380E-1
-4.029480E-1
-4.073580E-1
-4.102980E-1
-4.117680E-1
-4.117680E-1
-4.117680E-1
-4.102980E-1
-4.088280E-1
-4.073580E-1
-4.058880E-1
-4.029480E-1
-4.014780E-1
-4.000080E-1
-4.000080E-1
-3.985380E-1
-3.985380E-1
-3.985380E-1
-4.000080E-1
-4.029480E-1
-4.058880E-1
-4.088280E-1
-4.132380E-1
-4.176480E-1
-4.205880E-1
-4.235280E-1
-4.264680E-1
-4.294080E-1
-4.308780E-1
-4.308780E-1
-4.294080E-1
-4.279380E-1
-4.235280E-1
-4.176480E-1
-4.102980E-1
-4.029480E-1
-3.955980E-1
-3.867780E-1
-3.794280E-1
-3.706080E-1
-3.632580E-1
-3.573780E-1
-3.514980E-1
-3.470880E-1
-3.426780E-1
-3.397380E-1
-3.382680E-1
-3.382680E-1
-3.412080E-1
-3.441480E-1
-3.485580E-1
-3.544380E-1
-3.617880E-1
-3.676680E-1
-3.750180E-1
-3.794280E-1
-3.823680E-1
-3.838380E-1
-3.838380E-1
-3.808980E-1
-3.779580E-1
-3.750180E-1
-3.720780E-1
-3.706080E-1
-3.706080E-1
-3.720780E-1
-3.750180E-1
-3.808980E-1
-3.867780E-1
-3.941280E-1
-4.000080E-1
-4.058880E-1
-4.088280E-1
-4.102980E-1
-4.102980E-1
-4.088280E-1
-4.044180E-1
-3.985380E-1
-3.926580E-1
-3.867780E-1
-3.808980E-1
-3.750180E-1
-3.706080E-1
-3.676680E-1
-3.647280E-1
-3.632580E-1
-3.617880E-1
-3.617880E-1
-3.617880E-1
-3.617880E-1
-3.632580E-1
-3.647280E-1
-3.661980E-1
-3.706080E-1
-3.735480E-1
-3.779580E-1
-3.808980E-1
-3.853080E-1
-3.867780E-1
-3.867780E-1
-3.867780E-1
-3.853080E-1
-3.838380E-1
-3.808980E-1
-3.794280E-1
-3.794280E-1
-3.794280E-1
-3.823680E-1
-3.853080E-1
-3.882480E-1
-3.926580E-1
-3.955980E-1
-3.970680E-1
-3.985380E-1
-3.970680E-1
-3.941280E-1
-3.897180E-1
-3.838380E-1
-3.779580E-1
-3.720780E-1
-3.661980E-1
-3.603180E-1
-3.559080E-1
-3.529680E-1
-3.500280E-1
-3.485580E-1
-3.485580E-1
-3.485580E-1
-3.500280E-1
-3.529680E-1
-3.559080E-1
-3.617880E-1
-3.691380E-1
-3.779580E-1
-3.867780E-1
-3.955980E-1
-4.044180E-1
-4.102980E-1
-4.147080E-1
-4.161780E-1
-4.147080E-1
-4.117680E-1
-4.058880E-1
-3.985380E-1
-3.911880E-1
-3.838380E-1
-3.764880E-1
-3.691380E-1
-3.632580E-1
-3.573780E-1
-3.529680E-1
-3.485580E-1
-3.456180E-1
-3.441480E-1
-3.441480E-1
-3.456180E-1
-3.470880E-1
-3.500280E-1
-3.544380E-1
-3.588480E-1
-3.647280E-1
-3.691380E-1
-3.735480E-1
-3.764880E-1
-3.794280E-1
-3.808980E-1
-3.823680E-1
-3.838380E-1
-3.838380E-1
-3.838380E-1
-3.838380E-1
-3.853080E-1
-3.867780E-1
-3.867780E-1
-3.882480E-1
-3.897180E-1
-3.897180E-1
-3.911880E-1
-3.911880E-1
-3.926580E-1
-3.941280E-1
-3.970680E-1
-3.985380E-1
-4.014780E-1
-4.044180E-1
-4.073580E-1
-4.088280E-1
-4.102980E-1
-4.117680E-1
-4.117680E-1
-4.102980E-1
-4.102980E-1
-4.088280E-1
-4.073580E-1
-4.073580E-1
-4.088280E-1
-4.102980E-1
-4.117680E-1
-4.147080E-1
-4.176480E-1
-4.205880E-1
-4.235280E-1
-4.249980E-1
-4.264680E-1
-4.264680E-1
-4.264680E-1
-4.249980E-1
-4.249980E-1
-4.249980E-1
-4.264680E-1
-4.279380E-1
-4.294080E-1
-4.308780E-1
-4.323480E-1
-4.338180E-1
-4.338180E-1
-4.323480E-1
-4.294080E-1
-4.264680E-1
-4.220580E-1
-4.191180E-1
-4.161780E-1
-4.147080E-1
-4.147080E-1
-4.161780E-1
-4.220580E-1
-4.308780E-1
-4.441080E-1
-4.588080E-1
-4.793880E-1
-5.073180E-1
-5.425980E-1
-5.881680E-1
-6.425580E-1
-7.028280E-1
-7.689780E-1
-8.351280E-1
-8.983380E-1
-9.586080E-1
-1.015938E+0
-1.071798E+0
-1.126188E+0
-1.177638E+0
-1.224678E+0
-1.268778E+0
-1.308468E+0
-1.343748E+0
-1.374618E+0
-1.401078E+0
-1.424598E+0
-1.443708E+0
-1.461348E+0
-1.477518E+0
-1.493688E+0
-1.508388E+0
-1.523088E+0
-1.536318E+0
-1.549548E+0
-1.562778E+0
-1.574538E+0
-1.586298E+0
-1.596588E+0
-1.606878E+0
-1.615698E+0
-1.625988E+0
-1.636278E+0
-1.646568E+0
-1.655388E+0
-1.665678E+0
-1.674498E+0
-1.681848E+0
-1.686258E+0
-1.689198E+0
-1.689198E+0
-1.686258E+0
-1.680378E+0
-1.673028E+0
-1.664208E+0
-1.655388E+0
-1.645098E+0
-1.636278E+0
-1.625988E+0
-1.618638E+0
-1.612758E+0
-1.609818E+0
-1.608348E+0
-1.609818E+0
-1.614228E+0
-1.621578E+0
-1.631868E+0
-1.645098E+0
-1.659798E+0
-1.675968E+0
-1.690668E+0
-1.703898E+0
-1.715658E+0
-1.724478E+0
-1.730358E+0
-1.733298E+0
-1.734768E+0
-1.733298E+0
-1.733298E+0
-1.731828E+0
-1.733298E+0
-1.736238E+0
-1.740648E+0
-1.746528E+0
-1.753878E+0
-1.761228E+0
-1.768578E+0
-1.772988E+0
-1.777398E+0
-1.778868E+0
-1.777398E+0
-1.775928E+0
-1.771518E+0
-1.768578E+0
-1.765638E+0
-1.762698E+0
-1.762698E+0
-1.764168E+0
-1.767108E+0
-1.771518E+0
-1.777398E+0
-1.783278E+0
-1.789158E+0
-1.795038E+0
-1.799448E+0
-1.805328E+0
-1.811208E+0
-1.815618E+0
-1.821498E+0
-1.825908E+0
-1.830318E+0
-1.836198E+0
-1.840608E+0
-1.845018E+0
-1.847958E+0
-1.850898E+0
-1.852368E+0
-1.855308E+0
-1.855308E+0
-1.856778E+0
-1.856778E+0
-1.858248E+0
-1.858248E+0
-1.858248E+0
-1.858248E+0
-1.856778E+0
-1.858248E+0
-1.858248E+0
-1.859718E+0
-1.859718E+0
-1.861188E+0
-1.861188E+0
-1.861188E+0
-1.861188E+0
-1.861188E+0
-1.859718E+0
-1.859718E+0
-1.859718E+0
-1.859718E+0
-1.862658E+0
-1.867068E+0
-1.871478E+0
-1.877358E+0
-1.883238E+0
-1.890588E+0
-1.897938E+0
-1.903818E+0
-1.909698E+0
-1.915578E+0
-1.921458E+0
-1.927338E+0
-1.934688E+0
-1.942038E+0
-1.950858E+0
-1.961148E+0
-1.972908E+0
-1.986138E+0
-1.997898E+0
-2.008188E+0
-2.017008E+0
-2.022888E+0
-2.024358E+0
-2.021418E+0
-2.018478E+0
-2.012598E+0
-2.006718E+0
-2.003778E+0
-2.002308E+0
-2.003778E+0
-2.008188E+0
-2.014068E+0
-2.021418E+0
-2.030238E+0
-2.036118E+0
-2.040528E+0
-2.043468E+0
-2.041998E+0
-2.037588E+0
-2.033178E+0
-2.025828E+0
-2.019948E+0
-2.014068E+0
-2.011128E+0
-2.008188E+0
-2.009658E+0
-2.011128E+0
-2.014068E+0
-2.018478E+0
-2.022888E+0
-2.025828E+0
-2.028768E+0
-2.030238E+0
-2.031708E+0
-2.033178E+0
-2.034648E+0
-2.036118E+0
-2.040528E+0
-2.044938E+0
-2.050818E+0
-2.058168E+0
-2.065518E+0
-2.074338E+0
-2.083158E+0
-2.093448E+0
-2.102268E+0
-2.112558E+0
-2.121378E+0
-2.131668E+0
-2.141958E+0
-2.150778E+0
-2.158128E+0
-2.165478E+0
-2.168418E+0
-2.168418E+0
-2.166948E+0
-2.162538E+0
-2.155188E+0
-2.146368E+0
-2.139018E+0
-2.133138E+0
-2.128728E+0
-2.128728E+0
-2.131668E+0
-2.137548E+0
-2.147838E+0
-2.159598E+0
-2.174298E+0
-2.188998E+0
-2.203698E+0
-2.218398E+0
-2.230158E+0
-2.240448E+0
-2.246328E+0
-2.247798E+0
-2.246328E+0
-2.238978E+0
-2.228688E+0
-2.215458E+0
-2.203698E+0
-2.191938E+0
-2.183118E+0
-2.178708E+0
-2.178708E+0
-2.183118E+0
-2.191938E+0
-2.202228E+0
-2.213988E+0
-2.227218E+0
-2.238978E+0
-2.247798E+0
-2.256618E+0
-2.262498E+0
-2.268378E+0
-2.272788E+0
-2.275728E+0
-2.278668E+0
-2.281608E+0
-2.280138E+0
-2.278668E+0
-2.275728E+0
-2.269848E+0
-2.263968E+0
-2.258088E+0
-2.253678E+0
-2.250738E+0
-2.252208E+0
-2.255148E+0
-2.261028E+0
-2.269848E+0
-2.281608E+0
-2.293368E+0
-2.306598E+0
-2.319828E+0
-2.333058E+0
-2.344818E+0
-2.356578E+0
-2.365398E+0
-2.372748E+0
-2.378628E+0
-2.384508E+0
-2.388918E+0
-2.393328E+0
-2.397738E+0
-2.402148E+0
-2.408028E+0
-2.415378E+0
-2.422728E+0
-2.428608E+0
-2.434488E+0
-2.438898E+0
-2.440368E+0
-2.438898E+0
-2.435958E+0
-2.430078E+0
-2.424198E+0
-2.419788E+0
-2.415378E+0
-2.412438E+0
-2.413908E+0
-2.416848E+0
-2.422728E+0
-2.428608E+0
-2.437428E+0
-2.446248E+0
-2.455068E+0
-2.462418E+0
-2.468298E+0
-2.474178E+0
-2.477118E+0
-2.477118E+0
-2.477118E+0
-2.477118E+0
-2.477118E+0
-2.478588E+0
-2.481528E+0
-2.488878E+0
-2.500638E+0
-2.513868E+0
-2.530038E+0
-2.546208E+0
-2.562378E+0
-2.577078E+0
-2.588838E+0
-2.596188E+0
-2.599128E+0
-2.596188E+0
-2.587368E+0
-2.574138E+0
-2.557968E+0
-2.538858E+0
-2.518278E+0
-2.497698E+0
-2.477118E+0
-2.459478E+0
-2.446248E+0
-2.435958E+0
-2.431548E+0
-2.430078E+0
-2.434488E+0
-2.443308E+0
-2.456538E+0
-2.472708E+0
-2.493288E+0
-2.516808E+0
-2.543268E+0
-2.571198E+0
-2.597658E+0
-2.624118E+0
-2.646168E+0
-2.662338E+0
-2.672628E+0
-2.675568E+0
-2.671158E+0
-2.663808E+0
-2.652048E+0
-2.640288E+0
-2.631468E+0
-2.625588E+0
-2.625588E+0
-2.631468E+0
-2.640288E+0
-2.652048E+0
-2.663808E+0
-2.674098E+0
-2.681448E+0
-2.682918E+0
-2.681448E+0
-2.675568E+0
-2.666748E+0
-2.657928E+0
-2.652048E+0
-2.647638E+0
-2.647638E+0
-2.652048E+0
-2.659398E+0
-2.668218E+0
-2.679978E+0
-2.691738E+0
-2.702028E+0
-2.709378E+0
-2.713788E+0
-2.716728E+0
-2.715258E+0
-2.712318E+0
-2.704968E+0
-2.697618E+0
-2.688798E+0
-2.679978E+0
-2.671158E+0
-2.663808E+0
-2.657928E+0
-2.653518E+0
-2.653518E+0
-2.654988E+0
-2.659398E+0
-2.665278E+0
-2.671158E+0
-2.675568E+0
-2.678508E+0
-2.679978E+0
-2.678508E+0
-2.675568E+0
-2.674098E+0
-2.672628E+0
-2.675568E+0
-2.679978E+0
-2.688798E+0
-2.700558E+0
-2.716728E+0
-2.734368E+0
-2.752008E+0
-2.768178E+0
-2.782878E+0
-2.794638E+0
-2.804928E+0
-2.810808E+0
-2.812278E+0
-2.813748E+0
-2.812278E+0
-2.809338E+0
-2.807868E+0
-2.806398E+0
-2.807868E+0
-2.812278E+0
-2.822568E+0
-2.835798E+0
-2.851968E+0
-2.871078E+0
-2.891658E+0
-2.909298E+0
-2.925468E+0
-2.937228E+0
-2.944578E+0
-2.950458E+0
-2.953398E+0
-2.956338E+0
-2.959278E+0
-2.966628E+0
-2.975448E+0
-2.987208E+0
-3.003378E+0
-3.021018E+0
-3.038658E+0
-3.054828E+0
-3.069528E+0
-3.081288E+0
-3.088638E+0
-3.094518E+0
-3.095988E+0
-3.095988E+0
-3.094518E+0
-3.093048E+0
-3.088638E+0
-3.084228E+0
-3.075408E+0
-3.066588E+0
-3.053358E+0
-3.037188E+0
-3.021018E+0
-3.003378E+0
-2.985738E+0
-2.968098E+0
-2.954868E+0
-2.944578E+0
-2.935758E+0
-2.929878E+0
-2.926938E+0
-2.925468E+0
-2.923998E+0
-2.921058E+0
-2.916648E+0
-2.912238E+0
-2.907828E+0
-2.904888E+0
-2.906358E+0
-2.913708E+0
-2.926938E+0
-2.947518E+0
-2.972508E+0
-3.000438E+0
-3.026898E+0
-3.050418E+0
-3.066588E+0
-3.075408E+0
-3.075408E+0
-3.069528E+0
-3.057768E+0
-3.044538E+0
-3.031308E+0
-3.021018E+0
-3.013668E+0
-3.006318E+0
-3.003378E+0
-3.001908E+0
-3.001908E+0
-3.000438E+0
-3.000438E+0
-2.998968E+0
-2.998968E+0
-2.998968E+0
-2.998968E+0
-2.998968E+0
-2.998968E+0
-2.998968E+0
-2.998968E+0
-3.000438E+0
-3.003378E+0
-3.009258E+0
-3.016608E+0
-3.026898E+0
-3.038658E+0
-3.053358E+0
-3.069528E+0
-3.088638E+0
-3.107748E+0
-3.126858E+0
-3.144498E+0
-3.162138E+0
-3.176838E+0
-3.188598E+0
-3.194478E+0
-3.197418E+0
-3.194478E+0
-3.188598E+0
-3.179778E+0
-3.169488E+0
-3.160668E+0
-3.153318E+0
-3.150378E+0
-3.151848E+0
-3.156258E+0
-3.165078E+0
-3.176838E+0
-3.190068E+0
-3.204768E+0
-3.220938E+0
-3.235638E+0
-3.251808E+0
-3.266508E+0
-3.282678E+0
-3.295908E+0
-3.307668E+0
-3.316488E+0
-3.323838E+0
-3.328248E+0
-3.331188E+0
-3.332658E+0
-3.335598E+0
-3.338538E+0
-3.341478E+0
-3.347358E+0
-3.350298E+0
-3.354708E+0
-3.354708E+0
-3.353238E+0
-3.348828E+0
-3.341478E+0
-3.331188E+0
-3.320898E+0
-3.309138E+0
-3.298848E+0
-3.287088E+0
-3.275328E+0
-3.263568E+0
-3.251808E+0
-3.238578E+0
-3.226818E+0
-3.217998E+0
-3.212118E+0
-3.209178E+0
-3.213588E+0
-3.222408E+0
-3.237108E+0
-3.254748E+0
-3.275328E+0
-3.295908E+0
-3.317958E+0
-3.337068E+0
-3.353238E+0
-3.367938E+0
-3.382638E+0
-3.394398E+0
-3.404688E+0
-3.412038E+0
-3.417918E+0
-3.419388E+0
-3.416448E+0
-3.410568E+0
-3.403218E+0
-3.397338E+0
-3.392928E+0
-3.392928E+0
-3.397338E+0
-3.409098E+0
-3.425268E+0
-3.444378E+0
-3.464958E+0
-3.487008E+0
-3.506118E+0
-3.523758E+0
-3.538458E+0
-3.548748E+0
-3.556098E+0
-3.560508E+0
-3.561978E+0
-3.560508E+0
-3.554628E+0
-3.550218E+0
-3.542868E+0
-3.536988E+0
-3.531108E+0
-3.526698E+0
-3.525228E+0
-3.522288E+0
-3.522288E+0
-3.520818E+0
-3.519348E+0
-3.517878E+0
-3.514938E+0
-3.510528E+0
-3.506118E+0
-3.503178E+0
-3.501708E+0
-3.501708E+0
-3.506118E+0
-3.514938E+0
-3.528168E+0
-3.545808E+0
-3.564918E+0
-3.585498E+0
-3.604608E+0
-3.623718E+0
-3.638418E+0
-3.648708E+0
-3.654588E+0
-3.656058E+0
-3.653118E+0
-3.648708E+0
-3.641358E+0
-3.632538E+0
-3.623718E+0
-3.614898E+0
-3.607548E+0
-3.600198E+0
-3.594318E+0
-3.586968E+0
-3.582558E+0
-3.579618E+0
-3.576678E+0
-3.575208E+0
-3.576678E+0
-3.579618E+0
-3.585498E+0
-3.594318E+0
-3.603138E+0
-3.614898E+0
-3.626658E+0
-3.638418E+0
-3.650178E+0
-3.658998E+0
-3.667818E+0
-3.675168E+0
-3.681048E+0
-3.685458E+0
-3.691338E+0
-3.694278E+0
-3.698688E+0
-3.703098E+0
-3.710448E+0
-3.716328E+0
-3.725148E+0
-3.736908E+0
-3.748668E+0
-3.760428E+0
-3.772188E+0
-3.782478E+0
-3.792768E+0
-3.801588E+0
-3.810408E+0
-3.819228E+0
-3.829518E+0
-3.836868E+0
-3.844218E+0
-3.848628E+0
-3.848628E+0
-3.842748E+0
-3.833928E+0
-3.822168E+0
-3.808938E+0
-3.795708E+0
-3.786888E+0
-3.779538E+0
-3.775128E+0
-3.770718E+0
-3.767778E+0
-3.763368E+0
-3.756018E+0
-3.748668E+0
-3.739848E+0
-3.732498E+0
-3.731028E+0
-3.732498E+0
-3.739848E+0
-3.751608E+0
-3.766308E+0
-3.779538E+0
-3.792768E+0
-3.800118E+0
-3.803058E+0
-3.805998E+0
-3.805998E+0
-3.807468E+0
-3.813348E+0
-3.825108E+0
-3.845688E+0
-3.870678E+0
-3.898608E+0
-3.929478E+0
-3.958878E+0
-3.982398E+0
-4.001508E+0
-4.014738E+0
-4.022088E+0
-4.026498E+0
-4.029438E+0
-4.030908E+0
-4.030908E+0
-4.033848E+0
-4.038258E+0
-4.044138E+0
-4.051488E+0
-4.060308E+0
-4.070598E+0
-4.077948E+0
-4.083828E+0
-4.086768E+0
-4.083828E+0
-4.077948E+0
-4.066188E+0
-4.051488E+0
-4.038258E+0
-4.026498E+0
-4.017678E+0
-4.011798E+0
-4.010328E+0
-4.011798E+0
-4.011798E+0
-4.011798E+0
-4.008858E+0
-4.002978E+0
-3.991218E+0
-3.975048E+0
-3.952998E+0
-3.925068E+0
-3.891258E+0
-3.853038E+0
-3.813348E+0
-3.775128E+0
-3.663408E+0
-3.220938E+0
-2.299248E+0
-1.149708E+0
-4.720800E-2
9.082920E-1
1.705032E+0
2.359182E+0
2.894262E+0
3.327912E+0
3.668952E+0
3.927672E+0
4.109952E+0
4.226082E+0
4.279002E+0
4.268712E+0
4.199622E+0
4.077612E+0
3.905622E+0
3.688062E+0
3.427872E+0
3.123582E+0
2.779602E+0
2.394462E+0
1.968162E+0
1.500702E+0
9.964920E-1
4.643520E-1
-1.015980E-1
-6.925380E-1
-1.292298E+0
-1.880298E+0
-2.438898E+0
-2.956338E+0
-3.425268E+0
-3.844218E+0
-4.211718E+0
-4.532178E+0
-4.811478E+0
-5.055498E+0
-5.275998E+0
-5.480328E+0
-5.683188E+0
-5.893398E+0
-6.122718E+0
-6.374088E+0
-6.659268E+0
-6.988548E+0
-7.361928E+0
-7.794108E+0
-8.279208E+0
-8.821638E+0
-9.396408E+0
-1.001381E+1
-1.061357E+1
-1.113248E+1
-1.159259E+1
-1.195274E+1
-1.221734E+1
-1.247312E+1
-1.276271E+1
-1.303907E+1
-1.335365E+1
-1.349330E+1
-1.356680E+1
-1.342274E+1
-1.322135E+1
-1.309787E+1
-1.309787E+1
-1.335365E+1
-1.407101E+1
-1.665380E+1
-2.088005E+1
-2.088005E+1
-2.088005E+1
-2.088005E+1
-2.088005E+1
-2.088005E+1
-2.088005E+1
-2.088005E+1
-2.088005E+1
-2.088005E+1
-2.088005E+1
-2.088005E+1
-2.088005E+1
-2.088005E+1
-2.088005E+1
-2.088005E+1
-2.088005E+1
-2.088005E+1
-2.088005E+1
-2.088005E+1
-2.088005E+1
-2.088005E+1
-2.088005E+1
-2.088005E+1
-2.088005E+1
-2.088005E+1
-2.088005E+1
-2.088005E+1
-2.088005E+1
-1.937477E+1
-1.303907E+1
-1.165433E+1
-1.090169E+1
-1.044746E+1
-1.016375E+1
-9.999108E+0
-9.899148E+0
-9.844758E+0
-9.818298E+0
-9.805068E+0
-9.778608E+0
-9.765378E+0
-9.752148E+0
-9.778608E+0
-9.844758E+0
-9.984408E+0
-1.022696E+1
-1.061357E+1
-1.120745E+1
-1.221734E+1
-1.426799E+1
-2.088005E+1
-2.088005E+1
-2.088005E+1
-2.088005E+1
-2.088005E+1
-2.088005E+1
-2.088005E+1
-2.088005E+1
-2.088005E+1
-2.088005E+1
-2.088005E+1
-2.088005E+1
-2.088005E+1
-2.088005E+1
-2.088005E+1
-2.088005E+1
-2.088005E+1
-2.088005E+1
-2.088005E+1
-2.088005E+1
-2.088005E+1
-2.088005E+1
-2.088005E+1
-2.088005E+1
-2.088005E+1
-2.088005E+1
-2.088005E+1
-2.088005E+1
-2.088005E+1
-2.088005E+1
-2.088005E+1
-2.088005E+1
-1.937477E+1
-1.937477E+1
-2.088005E+1
-2.088005E+1
-2.088005E+1
-2.088005E+1
-2.088005E+1
-2.088005E+1
-2.088005E+1
-2.088005E+1
-2.088005E+1
-2.088005E+1
-2.088005E+1
-2.088005E+1
-2.088005E+1
-2.088005E+1
-2.088005E+1
-2.088005E+1
-2.088005E+1
-2.088005E+1
-2.088005E+1
-2.088005E+1
-2.088005E+1
-2.088005E+1
-2.088005E+1
-2.088005E+1
-2.088005E+1
-2.088005E+1
-2.088005E+1
-2.088005E+1
-2.088005E+1
-2.088005E+1
-2.088005E+1
-1.416803E+1
-1.261277E+1
-1.195274E+1
-1.159259E+1
-1.141913E+1
-1.133681E+1
-1.125743E+1
-1.120745E+1
-1.115747E+1
-1.110749E+1
-1.106045E+1
-1.103693E+1
-1.106045E+1
-1.115747E+1
-1.128389E+1
-1.139120E+1
-1.144706E+1
-1.141913E+1
-1.125743E+1
-1.106045E+1
-1.081496E+1
-1.061357E+1
-1.046510E+1
-1.037690E+1
-1.036073E+1
-1.039454E+1
-1.048274E+1
-1.061357E+1
-1.073264E+1
-1.083554E+1
-1.092374E+1
-1.098989E+1
-1.108397E+1
-1.118099E+1
-1.133681E+1
-1.156319E+1
-1.195274E+1
-1.251869E+1
-1.342274E+1
-1.514852E+1
-2.088005E+1
-2.088005E+1
-2.088005E+1
-2.088005E+1
-2.088005E+1
-2.088005E+1
-2.088005E+1
-2.088005E+1
-2.088005E+1
-2.088005E+1
-2.088005E+1
-2.088005E+1
-2.088005E+1
-1.485893E+1
-1.322135E+1
-1.217765E+1
-1.139120E+1
-1.073264E+1
-1.017992E+1
-9.688938E+0
-9.278808E+0
-8.933358E+0
-8.667288E+0
-8.471778E+0
-8.367408E+0
-8.352708E+0
-8.443848E+0
-8.643768E+0
-8.950998E+0
-9.384648E+0
-9.913848E+0
-1.051949E+1
-1.108397E+1
-1.139120E+1
-1.128389E+1
-1.083554E+1
-1.027694E+1
-9.727158E+0
-9.278808E+0
-8.933358E+0
-8.690808E+0
-8.552628E+0
-8.515878E+0
-8.567328E+0
-8.705508E+0
-8.942178E+0
-9.258228E+0
-9.675708E+0
-1.021079E+1
-1.085759E+1
-1.168520E+1
-1.276271E+1
-1.448555E+1
-2.088005E+1
-2.088005E+1
-2.088005E+1
-2.088005E+1
-2.088005E+1
-2.088005E+1
-2.088005E+1
-2.088005E+1
-2.088005E+1
-2.088005E+1
-2.088005E+1
-2.088005E+1
-2.088005E+1
-2.088005E+1
-1.397840E+1
-1.271273E+1
-1.217765E+1
-1.206152E+1
-1.242902E+1
-1.356680E+1
-2.088005E+1
-2.088005E+1
-2.088005E+1
-2.088005E+1
-2.088005E+1
-2.088005E+1
-2.088005E+1
-2.088005E+1
-2.088005E+1
-2.088005E+1
-2.088005E+1
-2.088005E+1
-1.380494E+1
-1.234082E+1
-1.171607E+1
-1.144706E+1
-1.144706E+1
-1.165433E+1
-1.202477E+1
-1.266275E+1
-1.356680E+1
-1.485893E+1
-1.610843E+1
-1.698896E+1
-1.665380E+1
-1.567331E+1
-1.485893E+1
-1.437383E+1
-1.437383E+1
-1.472663E+1
-1.587911E+1
-2.088005E+1
-2.088005E+1
-2.088005E+1
-2.088005E+1
-2.088005E+1
-2.088005E+1
-2.088005E+1
-2.088005E+1
-2.088005E+1
-2.088005E+1
-2.088005E+1
-2.088005E+1
-2.088005E+1
-2.088005E+1
-2.088005E+1
-2.088005E+1
-2.088005E+1
-2.088005E+1
-2.088005E+1
-2.088005E+1
-2.088005E+1
-2.088005E+1
-2.088005E+1
-2.088005E+1
-2.088005E+1
-2.088005E+1
-2.088005E+1
-2.088005E+1
-2.088005E+1
-2.088005E+1
-2.088005E+1
-2.088005E+1
-2.088005E+1
-2.088005E+1
-2.088005E+1
-2.088005E+1
-2.088005E+1
-2.088005E+1
-2.088005E+1
-2.088005E+1
-2.088005E+1
-2.088005E+1
-2.088005E+1
-1.548368E+1
-1.286855E+1
-1.188218E+1
-1.133681E+1
-1.113248E+1
-1.113248E+1
-1.136327E+1
-1.191746E+1
-1.292441E+1
-1.531022E+1
-2.088005E+1
-2.088005E+1
-2.088005E+1
-2.088005E+1
-2.088005E+1
-2.088005E+1
-2.088005E+1
-1.349330E+1
-1.165433E+1
-1.065326E+1
-1.001381E+1
-9.590448E+0
-9.330258E+0
-9.186198E+0
-9.147978E+0
-9.177378E+0
-9.278808E+0
-9.406698E+0
-9.555168E+0
-9.675708E+0
-9.778608E+0
-9.831528E+0
-9.844758E+0
-9.831528E+0
-9.844758E+0
-9.872688E+0
-9.941778E+0
-1.007261E+1
-1.025930E+1
-1.053860E+1
-1.087964E+1
-1.128389E+1
-1.178222E+1
-1.234082E+1
-1.298027E+1
-1.364324E+1
-1.426799E+1
-1.472663E+1
-1.514852E+1
-1.567331E+1
-1.636421E+1
-1.698896E+1
-1.849424E+1
-2.088005E+1
-2.088005E+1
-2.088005E+1
-2.088005E+1
-1.587911E+1
-1.407101E+1
-1.271273E+1
-1.168520E+1
-1.085759E+1
-1.017992E+1
-9.602208E+0
-9.137688E+0
-8.762838E+0
-8.457078E+0
-8.227758E+0
-8.061648E+0
-7.969038E+0
-7.929348E+0
-7.951398E+0
-8.026368E+0
-8.146908E+0
-8.305668E+0
-8.486478E+0
-8.681988E+0
-8.862798E+0
-9.005388E+0
-9.099468E+0
-9.137688E+0
-9.108288E+0
-9.033318E+0
-8.942178E+0
-8.846628E+0
-8.771658E+0
-8.730498E+0
-8.737848E+0
-8.812818E+0
-8.950998E+0
-9.177378E+0
-9.484608E+0
-9.913848E+0
-1.050185E+1
-1.131035E+1
-1.247312E+1
-1.460315E+1
-2.088005E+1
-2.088005E+1
-2.088005E+1
-2.088005E+1
-2.088005E+1
-2.088005E+1
-2.088005E+1
-2.088005E+1
-2.088005E+1
-1.531022E+1
-1.389020E+1
-1.315961E+1
-1.298027E+1
-1.322135E+1
-1.407101E+1
-1.698896E+1
-2.088005E+1
-2.088005E+1
-2.088005E+1
-2.088005E+1
-2.088005E+1
-2.088005E+1
-2.088005E+1
-2.088005E+1
-2.088005E+1
-2.088005E+1
-2.088005E+1
-2.088005E+1
-2.088005E+1
-2.088005E+1
-2.088005E+1
-2.088005E+1
-2.088005E+1
-2.088005E+1
-2.088005E+1
-2.088005E+1
-2.088005E+1
-2.088005E+1
-2.088005E+1
-2.088005E+1
-1.738439E+1
-1.548368E+1
-1.485893E+1
-1.460315E+1
-1.485893E+1
-1.636421E+1
-2.088005E+1
-2.088005E+1
-2.088005E+1
-2.088005E+1
-2.088005E+1
-2.088005E+1
-2.088005E+1
-2.088005E+1
-2.088005E+1
-2.088005E+1
-2.088005E+1
-2.088005E+1
-1.437383E+1
-1.349330E+1
-1.342274E+1
-1.380494E+1
-1.472663E+1
-1.567331E+1
-1.567331E+1
-1.437383E+1
-1.286855E+1
-1.168520E+1
-1.075322E+1
-1.007261E+1
-9.566928E+0
-9.217068E+0
-8.996568E+0
-8.898078E+0
-8.906898E+0
-9.023028E+0
-9.268518E+0
-9.663948E+0
-1.025930E+1
-1.120745E+1
-1.286855E+1
-2.088005E+1
-2.088005E+1
-2.088005E+1
-2.088005E+1
-2.088005E+1
-2.088005E+1
-2.088005E+1
-2.088005E+1
-2.088005E+1
-2.088005E+1
-2.088005E+1
-2.088005E+1
-2.088005E+1
-2.088005E+1
-2.088005E+1
-2.088005E+1
-2.088005E+1
-2.088005E+1
-2.088005E+1
-2.088005E+1
-2.088005E+1
-2.088005E+1
-2.088005E+1
-2.088005E+1
-2.088005E+1
-2.088005E+1
-2.088005E+1
-2.088005E+1
-2.088005E+1
-2.088005E+1
-2.088005E+1
-1.636421E+1
-1.389020E+1
-1.298027E+1
-1.247312E+1
-1.221734E+1
-1.206152E+1
-1.195274E+1
-1.191746E+1
-1.188218E+1
-1.191746E+1
-1.191746E+1
-1.188218E+1
-1.178222E+1
-1.156319E+1
-1.123244E+1
-1.079438E+1
-1.032692E+1
-9.844758E+0
-9.396408E+0
-9.023028E+0
-8.721678E+0
-8.501178E+0
-8.360058E+0
-8.305668E+0
-8.326248E+0
-8.421798E+0
-8.582028E+0
-8.787828E+0
-9.042138E+0
-9.309678E+0
-9.578688E+0
-9.844758E+0
-1.010201E+1
-1.036073E+1
-1.067237E+1
-1.103693E+1
-1.156319E+1
-1.238492E+1
-1.397840E+1
-2.088005E+1
-2.088005E+1
-2.088005E+1
-2.088005E+1
-2.088005E+1
-2.088005E+1
-2.088005E+1
-2.088005E+1
-2.088005E+1
-2.088005E+1
-2.088005E+1
-1.514852E+1
-1.162346E+1
-1.030928E+1
-9.508128E+0
-8.987748E+0
-8.634948E+0
-8.414448E+0
-8.305668E+0
-8.299788E+0
-8.373288E+0
-8.545278E+0
-8.812818E+0
-9.167088E+0
-9.638958E+0
-1.021079E+1
-1.092374E+1
-1.181456E+1
-1.286855E+1
-1.397840E+1
-1.472663E+1
-1.472663E+1
-1.416803E+1
-1.342274E+1
-1.276271E+1
-1.221734E+1
-1.181456E+1
-1.147499E+1
-1.115747E+1
-1.085759E+1
-1.051949E+1
-1.017992E+1
-9.844758E+0
-9.543408E+0
-9.299388E+0
-9.127398E+0
-9.033318E+0
-9.033318E+0
-9.127398E+0
-9.330258E+0
-9.675708E+0
-1.017992E+1
-1.092374E+1
-1.206152E+1
-1.448555E+1
-2.088005E+1
-2.088005E+1
-2.088005E+1
-2.088005E+1
-2.088005E+1
-2.088005E+1
-2.088005E+1
-2.088005E+1
-2.088005E+1
-2.088005E+1
-1.698896E+1
-1.397840E+1
-1.303907E+1
-1.256573E+1
-1.247312E+1
-1.256573E+1
-1.298027E+1
-1.364324E+1
-1.485893E+1
-1.786949E+1
-2.088005E+1
-2.088005E+1
-2.088005E+1
-2.088005E+1
-2.088005E+1
-2.088005E+1
-1.665380E+1
-1.426799E+1
-1.315961E+1
-1.251869E+1
-1.213796E+1
-1.198802E+1
-1.202477E+1
-1.221734E+1
-1.266275E+1
-1.342274E+1
-1.485893E+1
-2.088005E+1
-2.088005E+1
-2.088005E+1
-2.088005E+1
-2.088005E+1
-2.088005E+1
-2.088005E+1
-1.567331E+1
-1.349330E+1
-1.242902E+1
-1.181456E+1
-1.141913E+1
-1.120745E+1
-1.113248E+1
-1.118099E+1
-1.133681E+1
-1.159259E+1
-1.191746E+1
-1.234082E+1
-1.292441E+1
-1.372262E+1
-1.499858E+1
-1.849424E+1
-2.088005E+1
-2.088005E+1
-2.088005E+1
-2.088005E+1
-2.088005E+1
-2.088005E+1
-2.088005E+1
-2.088005E+1
-2.088005E+1
-2.088005E+1
-2.088005E+1
-2.088005E+1
-2.088005E+1
-2.088005E+1
-1.786949E+1
-1.514852E+1
-1.397840E+1
-1.328750E+1
-1.281563E+1
-1.242902E+1
-1.213796E+1
-1.191746E+1
-1.174841E+1
-1.162346E+1
-1.150439E+1
-1.141913E+1
-1.131035E+1
-1.123244E+1
-1.110749E+1
-1.098989E+1
-1.085759E+1
-1.077380E+1
-1.073264E+1
-1.075322E+1
-1.081496E+1
-1.092374E+1
-1.103693E+1
-1.110749E+1
-1.113248E+1
-1.101341E+1
-1.077380E+1
-1.046510E+1
-1.014905E+1
-9.872688E+0
-9.638958E+0
-9.496368E+0
-9.450798E+0
-9.531648E+0
-9.727158E+0
-1.007261E+1
-1.061357E+1
-1.144706E+1
-1.292441E+1
-1.849424E+1
-2.088005E+1
-2.088005E+1
-2.088005E+1
-2.088005E+1
-2.088005E+1
-2.088005E+1
-2.088005E+1
-2.088005E+1
-2.088005E+1
-2.088005E+1
-2.088005E+1
-2.088005E+1
-2.088005E+1
-2.088005E+1
-2.088005E+1
-2.088005E+1
-2.088005E+1
-2.088005E+1
-2.088005E+1
-2.088005E+1
-2.088005E+1
-1.665380E+1
-1.416803E+1
-1.315961E+1
-1.271273E+1
-1.266275E+1
-1.292441E+1
-1.372262E+1
-1.610843E+1
-2.088005E+1
-2.088005E+1
-2.088005E+1
-2.088005E+1
-2.088005E+1
-2.088005E+1
-2.088005E+1
-2.088005E+1
-2.088005E+1
-2.088005E+1
-2.088005E+1
-2.088005E+1
-2.088005E+1
-2.088005E+1
-2.088005E+1
-2.088005E+1
-2.088005E+1
-2.088005E+1
-2.088005E+1
-2.088005E+1
-2.088005E+1
-2.088005E+1
-2.088005E+1
-1.738439E+1
-1.356680E+1
-1.256573E+1
-1.217765E+1
-1.217765E+1
-1.251869E+1
-1.322135E+1
-1.472663E+1
-2.088005E+1
-2.088005E+1
-2.088005E+1
-2.088005E+1
-2.088005E+1
-2.088005E+1
-2.088005E+1
-2.088005E+1
-2.088005E+1
-1.849424E+1
-1.437383E+1
-1.328750E+1
-1.276271E+1
-1.256573E+1
-1.251869E+1
-1.251869E+1
-1.261277E+1
-1.266275E+1
-1.261277E+1
-1.251869E+1
-1.242902E+1
-1.242902E+1
-1.251869E+1
-1.276271E+1
-1.322135E+1
-1.407101E+1
-1.610843E+1
-2.088005E+1
-2.088005E+1
-2.088005E+1
-2.088005E+1
-2.088005E+1
-2.088005E+1
-2.088005E+1
-2.088005E+1
-1.567331E+1
-1.322135E+1
-1.198802E+1
-1.118099E+1
-1.057535E+1
-1.013288E+1
-9.791838E+0
-9.543408E+0
-9.342018E+0
-9.196488E+0
-9.080358E+0
-9.005388E+0
-8.942178E+0
-8.880438E+0
-8.828988E+0
-8.779008E+0
-8.730498E+0
-8.714328E+0
-8.721678E+0
-8.787828E+0
-8.915718E+0
-9.137688E+0
-9.462558E+0
-9.913848E+0
-1.048274E+1
-1.120745E+1
-1.198802E+1
-1.261277E+1
-1.281563E+1
-1.238492E+1
-1.171607E+1
-1.103693E+1
-1.046510E+1
-1.002851E+1
-9.713928E+0
-9.474318E+0
-9.319968E+0
-9.206778E+0
-9.127398E+0
-9.070068E+0
-9.023028E+0
-8.977458E+0
-8.950998E+0
-8.933358E+0
-8.924538E+0
-8.942178E+0
-8.977458E+0
-9.042138E+0
-9.137688E+0
-9.278808E+0
-9.474318E+0
-9.727158E+0
-1.004321E+1
-1.044746E+1
-1.090169E+1
-1.139120E+1
-1.178222E+1
-1.198802E+1
-1.195274E+1
-1.171607E+1
-1.136327E+1
-1.101341E+1
-1.069148E+1
-1.048274E+1
-1.037690E+1
-1.037690E+1
-1.046510E+1
-1.067237E+1
-1.098989E+1
-1.144706E+1
-1.206152E+1
-1.286855E+1
-1.397840E+1
-1.587911E+1
-2.088005E+1
-2.088005E+1
-2.088005E+1
-2.088005E+1
-2.088005E+1
-2.088005E+1
-2.088005E+1
-2.088005E+1
-2.088005E+1
-2.088005E+1
-2.088005E+1
-2.088005E+1
-2.088005E+1
-2.088005E+1
-2.088005E+1
-2.088005E+1
-2.088005E+1
-2.088005E+1
-2.088005E+1
-2.088005E+1
-2.088005E+1
-2.088005E+1
-2.088005E+1
-2.088005E+1
-2.088005E+1
-2.088005E+1
-2.088005E+1
-2.088005E+1
-2.088005E+1
-2.088005E+1
-2.088005E+1
-2.088005E+1
-2.088005E+1
-2.088005E+1
-2.088005E+1
-2.088005E+1
-2.088005E+1
-2.088005E+1
-1.567331E+1
-1.217765E+1
-1.101341E+1
-1.039454E+1
-1.005791E+1
-9.872688E+0
-9.791838E+0
-9.805068E+0
-9.857988E+0
-9.927078E+0
-9.984408E+0
-1.002851E+1
-1.002851E+1
-9.999108E+0
-9.927078E+0
-9.844758E+0
-9.752148E+0
-9.663948E+0
-9.578688E+0
-9.508128E+0
-9.428748E+0
-9.362598E+0
-9.299388E+0
-9.237648E+0
-9.167088E+0
-9.089178E+0
-9.014208E+0
-8.950998E+0
-8.898078E+0
-8.855448E+0
-8.846628E+0
-8.862798E+0
-8.915718E+0
-9.014208E+0
-9.167088E+0
-9.362598E+0
-9.615438E+0
-9.913848E+0
-1.022696E+1
-1.053860E+1
-1.085759E+1
-1.110749E+1
-1.131035E+1
-1.141913E+1
-1.150439E+1
-1.156319E+1
-1.165433E+1
-1.174841E+1
-1.188218E+1
-1.213796E+1
-1.251869E+1
-1.315961E+1
-1.426799E+1
-1.849424E+1
-2.088005E+1
-2.088005E+1
-2.088005E+1
-2.088005E+1
-2.088005E+1
-2.088005E+1
-2.088005E+1
-2.088005E+1
-2.088005E+1
-2.088005E+1
-2.088005E+1
-2.088005E+1
-2.088005E+1
-2.088005E+1
-2.088005E+1
-2.088005E+1
-2.088005E+1
-2.088005E+1
-2.088005E+1
-1.499858E+1
-1.181456E+1
-1.073264E+1
-1.016375E+1
-9.831528E+0
-9.663948E+0
-9.590448E+0
-9.602208E+0
-9.638958E+0
-9.688938E+0
-9.727158E+0
-9.738918E+0
-9.702168E+0
-9.615438E+0
-9.462558E+0
-9.278808E+0
-9.099468E+0
-8.950998E+0
-8.846628E+0
-8.837808E+0
-8.942178E+0
-9.186198E+0
-9.638958E+0
-1.037690E+1
-1.168520E+1
-1.567331E+1
-2.088005E+1
-2.088005E+1
-2.088005E+1
-2.088005E+1
-2.088005E+1
-2.088005E+1
-2.088005E+1
-2.088005E+1
-2.088005E+1
-2.088005E+1
-2.088005E+1
-1.636421E+1
-1.276271E+1
-1.150439E+1
-1.079438E+1
-1.032692E+1
-1.008731E+1
-1.001381E+1
-1.013288E+1
-1.046510E+1
-1.101341E+1
-1.188218E+1
-1.328750E+1
-1.665380E+1
-2.088005E+1
-2.088005E+1
-2.088005E+1
-2.088005E+1
-1.460315E+1
-1.322135E+1
-1.247312E+1
-1.221734E+1
-1.229966E+1
-1.298027E+1
-1.514852E+1
-2.088005E+1
-2.088005E+1
-2.088005E+1
-2.088005E+1
-2.088005E+1
-2.088005E+1
-2.088005E+1
-2.088005E+1
-2.088005E+1
-2.088005E+1
-2.088005E+1
-2.088005E+1
-2.088005E+1
-2.088005E+1
-2.088005E+1
-1.610843E+1
-1.335365E+1
-1.247312E+1
-1.213796E+1
-1.206152E+1
-1.225850E+1
-1.261277E+1
-1.315961E+1
-1.380494E+1
-1.416803E+1
-1.407101E+1
-1.342274E+1
-1.256573E+1
-1.178222E+1
-1.115747E+1
-1.067237E+1
-1.032692E+1
-1.008731E+1
-9.955008E+0
-9.927078E+0
-9.969708E+0
-1.005791E+1
-1.019609E+1
-1.037690E+1
-1.059446E+1
-1.085759E+1
-1.118099E+1
-1.162346E+1
-1.229966E+1
-1.349330E+1
-1.636421E+1
-2.088005E+1
-2.088005E+1
-2.088005E+1
-2.088005E+1
-2.088005E+1
-2.088005E+1
-2.088005E+1
-2.088005E+1
-2.088005E+1
-2.088005E+1
-2.088005E+1
-2.088005E+1
-2.088005E+1
-1.610843E+1
-1.437383E+1
-1.380494E+1
-1.364324E+1
-1.389020E+1
-1.460315E+1
-1.636421E+1
-2.088005E+1
-2.088005E+1
-2.088005E+1
-2.088005E+1
-2.088005E+1
-2.088005E+1
-2.088005E+1
-2.088005E+1
-2.088005E+1
-2.088005E+1
-2.088005E+1
-2.088005E+1
-2.088005E+1
-2.088005E+1
-2.088005E+1
-2.088005E+1
-2.088005E+1
-2.088005E+1
-2.088005E+1
-2.088005E+1
-2.088005E+1
-2.088005E+1
-2.088005E+1
-2.088005E+1
-2.088005E+1
-2.088005E+1
-2.088005E+1
-2.088005E+1
-2.088005E+1
-2.088005E+1
-1.849424E+1
-1.587911E+1
-1.514852E+1
-1.514852E+1
-1.548368E+1
-1.587911E+1
-1.665380E+1
-1.738439E+1
-1.698896E+1
-1.610843E+1
-1.548368E+1
-1.531022E+1
-1.567331E+1
-1.698896E+1
-2.088005E+1
-2.088005E+1
-2.088005E+1
-2.088005E+1
-2.088005E+1
-2.088005E+1
-2.088005E+1
-2.088005E+1
-2.088005E+1
-2.088005E+1
-2.088005E+1
-2.088005E+1
-2.088005E+1
-2.088005E+1
-2.088005E+1
-2.088005E+1
-2.088005E+1
-2.088005E+1
-2.088005E+1
-2.088005E+1
-2.088005E+1
-1.937477E+1
-1.315961E+1
-1.191746E+1
-1.131035E+1
-1.108397E+1
-1.108397E+1
-1.131035E+1
-1.178222E+1
-1.247312E+1
-1.356680E+1
-1.514852E+1
-1.786949E+1
-1.937477E+1
-1.636421E+1
-1.416803E+1
-1.276271E+1
-1.178222E+1
-1.103693E+1
-1.051949E+1
-1.014905E+1
-9.913848E+0
-9.791838E+0
-9.765378E+0
-9.844758E+0
-1.004321E+1
-1.032692E+1
-1.071206E+1
-1.118099E+1
-1.178222E+1
-1.251869E+1
-1.335365E+1
-1.426799E+1
-1.548368E+1
-1.665380E+1
-1.738439E+1
-1.786949E+1
-1.786949E+1
-1.738439E+1
-1.738439E+1
-1.738439E+1
-1.786949E+1
-1.849424E+1
-1.849424E+1
-1.786949E+1
-1.665380E+1
-1.567331E+1
-1.499858E+1
-1.460315E+1
-1.437383E+1
-1.460315E+1
-1.531022E+1
-1.786949E+1
-2.088005E+1
-2.088005E+1
-2.088005E+1
-2.088005E+1
-2.088005E+1
-2.088005E+1
-2.088005E+1
-2.088005E+1
-2.088005E+1
-2.088005E+1
-2.088005E+1
-2.088005E+1
-2.088005E+1
-2.088005E+1
-2.088005E+1
-2.088005E+1
-2.088005E+1
-2.088005E+1
-2.088005E+1
-2.088005E+1
-2.088005E+1
-2.088005E+1
-2.088005E+1
-2.088005E+1
-2.088005E+1
-2.088005E+1
-2.088005E+1
-2.088005E+1
-2.088005E+1
-2.088005E+1
-2.088005E+1
-2.088005E+1
-2.088005E+1
-2.088005E+1
-2.088005E+1
-2.088005E+1
-2.088005E+1
-2.088005E+1
-2.088005E+1
-2.088005E+1
-2.088005E+1
-2.088005E+1
-2.088005E+1
-2.088005E+1
-2.088005E+1
-2.088005E+1
-2.088005E+1
-2.088005E+1
-1.416803E+1
-1.238492E+1
-1.141913E+1
-1.075322E+1
-1.030928E+1
-1.001381E+1
-9.844758E+0
-9.791838E+0
-9.857988E+0
-1.007261E+1
-1.044746E+1
-1.103693E+1
-1.191746E+1
-1.349330E+1
-2.088005E+1
-2.088005E+1
-2.088005E+1
-2.088005E+1
-2.088005E+1
-2.088005E+1
-2.088005E+1
-2.088005E+1
-2.088005E+1
-2.088005E+1
-2.088005E+1
-2.088005E+1
-2.088005E+1
-1.849424E+1
-1.303907E+1
-1.165433E+1
-1.085759E+1
-1.036073E+1
-1.004321E+1
-9.885918E+0
-9.844758E+0
-9.899148E+0
-1.004321E+1
-1.025930E+1
-1.053860E+1
-1.085759E+1
-1.115747E+1
-1.136327E+1
-1.139120E+1
-1.123244E+1
-1.092374E+1
-1.055624E+1
-1.017992E+1
-9.872688E+0
-9.627198E+0
-9.462558E+0
-9.384648E+0
-9.384648E+0
-9.462558E+0
-9.627198E+0
-9.872688E+0
-1.019609E+1
-1.061357E+1
-1.115747E+1
-1.191746E+1
-1.303907E+1
-1.514852E+1
-2.088005E+1
-2.088005E+1
-2.088005E+1
-2.088005E+1
-2.088005E+1
-2.088005E+1
-2.088005E+1
-2.088005E+1
-1.567331E+1
-1.426799E+1
-1.342274E+1
-1.276271E+1
-1.217765E+1
-1.162346E+1
-1.113248E+1
-1.067237E+1
-1.025930E+1
-9.899148E+0
-9.602208E+0
-9.362598E+0
-9.186198E+0
-9.070068E+0
-9.023028E+0
-9.050958E+0
-9.156798E+0
-9.352308E+0
-9.615438E+0
-9.969708E+0
-1.039454E+1
-1.090169E+1
-1.144706E+1
-1.195274E+1
-1.238492E+1
-1.266275E+1
-1.276271E+1
-1.271273E+1
-1.266275E+1
-1.266275E+1
-1.276271E+1
-1.303907E+1
-1.349330E+1
-1.426799E+1
-1.567331E+1
-1.849424E+1
-2.088005E+1
-2.088005E+1
-1.665380E+1
-1.472663E+1
-1.342274E+1
-1.247312E+1
-1.178222E+1
-1.125743E+1
-1.087964E+1
-1.059446E+1
-1.039454E+1
-1.024313E+1
-1.014905E+1
-1.013288E+1
-1.017992E+1
-1.025930E+1
-1.036073E+1
-1.042982E+1
-1.048274E+1
-1.048274E+1
-1.041218E+1
-1.029311E+1
-1.016375E+1
-1.007261E+1
-1.004321E+1
-1.010201E+1
-1.025930E+1
-1.051949E+1
-1.096784E+1
-1.165433E+1
-1.281563E+1
-1.531022E+1
-2.088005E+1
-2.088005E+1
-2.088005E+1
-2.088005E+1
-2.088005E+1
-2.088005E+1
-2.088005E+1
-2.088005E+1
-2.088005E+1
-1.665380E+1
-1.448555E+1
-1.372262E+1
-1.372262E+1
-1.426799E+1
-1.610843E+1
-2.088005E+1
-2.088005E+1
-2.088005E+1
-2.088005E+1
-2.088005E+1
-2.088005E+1
-2.088005E+1
-2.088005E+1
-2.088005E+1
-2.088005E+1
-1.636421E+1
-1.364324E+1
-1.256573E+1
-1.202477E+1
-1.178222E+1
-1.188218E+1
-1.242902E+1
-1.397840E+1
-2.088005E+1
-2.088005E+1
-2.088005E+1
-2.088005E+1
-2.088005E+1
-2.088005E+1
-2.088005E+1
-2.088005E+1
-2.088005E+1
-2.088005E+1
-2.088005E+1
-2.088005E+1
-2.088005E+1
-2.088005E+1
-2.088005E+1
-2.088005E+1
-2.088005E+1
-2.088005E+1
-2.088005E+1
-2.088005E+1
-2.088005E+1
-1.587911E+1
-1.303907E+1
-1.174841E+1
-1.094579E+1
-1.039454E+1
-1.005791E+1
-9.899148E+0
-9.927078E+0
-1.016375E+1
-1.059446E+1
-1.131035E+1
-1.251869E+1
-1.499858E+1
-2.088005E+1
-2.088005E+1
-2.088005E+1
-2.088005E+1
-2.088005E+1
-2.088005E+1
-2.088005E+1
-2.088005E+1
-2.088005E+1
-2.088005E+1
-2.088005E+1
-2.088005E+1
-2.088005E+1
-2.088005E+1
-2.088005E+1
-2.088005E+1
-2.088005E+1
-2.088005E+1
-2.088005E+1
-2.088005E+1
-2.088005E+1
-2.088005E+1
-2.088005E+1
-2.088005E+1
-2.088005E+1
-2.088005E+1
-2.088005E+1
-2.088005E+1
-2.088005E+1
-2.088005E+1
-1.786949E+1
-1.448555E+1
-1.298027E+1
-1.206152E+1
-1.144706E+1
-1.108397E+1
-1.087964E+1
-1.085759E+1
-1.101341E+1
-1.136327E+1
-1.198802E+1
-1.315961E+1
-1.665380E+1
-2.088005E+1
-2.088005E+1
-2.088005E+1
-2.088005E+1
-2.088005E+1
-2.088005E+1
-2.088005E+1
-2.088005E+1
-2.088005E+1
-1.636421E+1
-1.234082E+1
-1.103693E+1
-1.027694E+1
-9.805068E+0
-9.519888E+0
-9.396408E+0
-9.384648E+0
-9.496368E+0
-9.727158E+0
-1.008731E+1
-1.057535E+1
-1.125743E+1
-1.217765E+1
-1.380494E+1
-2.088005E+1
-2.088005E+1
-2.088005E+1
-2.088005E+1
-2.088005E+1
-2.088005E+1
-2.088005E+1
-2.088005E+1
-2.088005E+1
-2.088005E+1
-2.088005E+1
-2.088005E+1
-2.088005E+1
-2.088005E+1
-2.088005E+1
-2.088005E+1
-2.088005E+1
-2.088005E+1
-2.088005E+1
-1.698896E+1
-1.281563E+1
-1.159259E+1
-1.098989E+1
-1.069148E+1
-1.063268E+1
-1.077380E+1
-1.108397E+1
-1.156319E+1
-1.225850E+1
-1.322135E+1
-1.460315E+1
-1.698896E+1
-2.088005E+1
-2.088005E+1
-2.088005E+1
-2.088005E+1
-2.088005E+1
-2.088005E+1
-2.088005E+1
-2.088005E+1
-2.088005E+1
-2.088005E+1
-2.088005E+1
-2.088005E+1
-2.088005E+1
-2.088005E+1
-2.088005E+1
-2.088005E+1
-2.088005E+1
-2.088005E+1
-2.088005E+1
-2.088005E+1
-2.088005E+1
-2.088005E+1
-2.088005E+1
-2.088005E+1
-2.088005E+1
-2.088005E+1
-2.088005E+1
-2.088005E+1
-2.088005E+1
-2.088005E+1
-2.088005E+1
-2.088005E+1
-2.088005E+1
-2.088005E+1
-2.088005E+1
-1.567331E+1
-1.242902E+1
-1.123244E+1
-1.051949E+1
-1.007261E+1
-9.765378E+0
-9.590448E+0
-9.519888E+0
-9.531648E+0
-9.602208E+0
-9.727158E+0
-9.857988E+0
-9.955008E+0
-9.999108E+0
-9.969708E+0
-9.857988E+0
-9.713928E+0
-9.543408E+0
-9.396408E+0
-9.278808E+0
-9.217068E+0
-9.196488E+0
-9.217068E+0
-9.268518E+0
-9.352308E+0
-9.462558E+0
-9.578688E+0
-9.688938E+0
-9.791838E+0
-9.885918E+0
-9.999108E+0
-1.010201E+1
-1.024313E+1
-1.037690E+1
-1.053860E+1
-1.067237E+1
-1.075322E+1
-1.077380E+1
-1.073264E+1
-1.063268E+1
-1.051949E+1
-1.041218E+1
-1.034309E+1
-1.036073E+1
-1.044746E+1
-1.061357E+1
-1.085759E+1
-1.120745E+1
-1.168520E+1
-1.234082E+1
-1.328750E+1
-1.485893E+1
-2.088005E+1
-2.088005E+1
-2.088005E+1
-2.088005E+1
-2.088005E+1
-2.088005E+1
-2.088005E+1
-2.088005E+1
-2.088005E+1
-2.088005E+1
-2.088005E+1
-2.088005E+1
-2.088005E+1
-2.088005E+1
-2.088005E+1
-2.088005E+1
-2.088005E+1
-2.088005E+1
-2.088005E+1
-2.088005E+1
-2.088005E+1
-2.088005E+1
-2.088005E+1
-2.088005E+1
-2.088005E+1
-2.088005E+1
-2.088005E+1
-2.088005E+1
-2.088005E+1
-2.088005E+1
-2.088005E+1
-2.088005E+1
-2.088005E+1
-2.088005E+1
-2.088005E+1
-2.088005E+1
-2.088005E+1
-2.088005E+1
-2.088005E+1
-2.088005E+1
-2.088005E+1
-2.088005E+1
-2.088005E+1
-2.088005E+1
-2.088005E+1
-2.088005E+1
-2.088005E+1
-2.088005E+1
-2.088005E+1
-2.088005E+1
-2.088005E+1
-2.088005E+1
-2.088005E+1
-2.088005E+1
-2.088005E+1
-1.698896E+1
-1.567331E+1
-1.499858E+1
-1.448555E+1
-1.380494E+1
-1.309787E+1
-1.247312E+1
-1.198802E+1
-1.168520E+1
-1.156319E+1
-1.171607E+1
-1.217765E+1
-1.322135E+1
-1.636421E+1
-2.088005E+1
-2.088005E+1
-2.088005E+1
-2.088005E+1
-2.088005E+1
-2.088005E+1
-2.088005E+1
-2.088005E+1
-2.088005E+1
-2.088005E+1
-1.587911E+1
-1.437383E+1
-1.372262E+1
-1.349330E+1
-1.349330E+1
-1.380494E+1
-1.426799E+1
-1.514852E+1
-1.636421E+1
-1.698896E+1
-1.636421E+1
-1.460315E+1
-1.322135E+1
-1.221734E+1
-1.147499E+1
-1.098989E+1
-1.069148E+1
-1.061357E+1
-1.073264E+1
-1.106045E+1
-1.162346E+1
-1.251869E+1
-1.397840E+1
-1.636421E+1
-2.088005E+1
-2.088005E+1
-1.738439E+1
-1.460315E+1
-1.315961E+1
-1.217765E+1
-1.147499E+1
-1.094579E+1
-1.051949E+1
-1.019609E+1
-9.927078E+0
-9.713928E+0
-9.566928E+0
-9.462558E+0
-9.384648E+0
-9.330258E+0
-9.299388E+0
-9.289098E+0
-9.299388E+0
-9.342018E+0
-9.428748E+0
-9.578688E+0
-9.818298E+0
-1.016375E+1
-1.065326E+1
-1.133681E+1
-1.225850E+1
-1.356680E+1
-1.548368E+1
-2.088005E+1
-2.088005E+1
-1.738439E+1
-1.472663E+1
-1.322135E+1
-1.221734E+1
-1.150439E+1
-1.098989E+1
-1.063268E+1
-1.039454E+1
-1.029311E+1
-1.029311E+1
-1.042982E+1
-1.073264E+1
-1.120745E+1
-1.195274E+1
-1.315961E+1
-1.567331E+1
-2.088005E+1
-2.088005E+1
-2.088005E+1
-2.088005E+1
-2.088005E+1
-1.437383E+1
-1.271273E+1
-1.168520E+1
-1.101341E+1
-1.055624E+1
-1.022696E+1
-1.001381E+1
-9.885918E+0
-9.844758E+0
-9.913848E+0
-1.010201E+1
-1.041218E+1
-1.090169E+1
-1.168520E+1
-1.298027E+1
-1.698896E+1
-2.088005E+1
-2.088005E+1
-2.088005E+1
-2.088005E+1
-2.088005E+1
-2.088005E+1
-2.088005E+1
-2.088005E+1
-2.088005E+1
-2.088005E+1
-2.088005E+1
-1.587911E+1
-1.251869E+1
-1.110749E+1
-1.019609E+1
-9.543408E+0
-9.061248E+0
-8.714328E+0
-8.479128E+0
-8.352708E+0
-8.326248E+0
-8.393868E+0
-8.559978E+0
-8.821638E+0
-9.206778E+0
-9.727158E+0
-1.041218E+1
-1.136327E+1
-1.276271E+1
-1.610843E+1
-2.088005E+1
-2.088005E+1
-2.088005E+1
-2.088005E+1
-2.088005E+1
-2.088005E+1
-2.088005E+1
-2.088005E+1
-2.088005E+1
-2.088005E+1
-2.088005E+1
-2.088005E+1
-2.088005E+1
