Date/Time	2022-06-28 00:30:59
Line location	1
Line name	A1
OTDR wavelength [nm]	1625
OTDR pulse duration [ns]	2
OTDR scan time [s]	10
OTDR scan length [m]	1.500000E+2
Length offset [m]	0.000000E+0
Length increment [m]	3.996806E-2
Switch ID	VIAVI Solutions,OTU 8000E,11654,FO,16.76
OTDR ID	JDSU,OTU 8000E,11654,OTU(SmartOTU),V7.22

Reflected amplitude [dB]
1.200292E+0
1.154722E+0
1.109152E+0
1.069462E+0
1.038592E+0
1.015072E+0
1.020952E+0
1.088572E+0
1.237042E+0
1.457542E+0
1.703032E+0
1.941172E+0
2.160202E+0
2.342482E+0
2.479192E+0
2.577682E+0
2.637952E+0
2.657062E+0
2.646772E+0
2.610022E+0
2.530642E+0
2.408632E+0
2.248402E+0
2.063182E+0
1.864732E+0
1.647172E+0
1.411972E+0
1.173832E+0
9.489220E-1
7.504720E-1
5.799520E-1
4.358920E-1
3.138820E-1
2.124520E-1
1.286620E-1
5.957200E-2
7.720000E-4
-4.773800E-2
-9.036800E-2
-1.256480E-1
-1.579880E-1
-1.859180E-1
-2.109080E-1
-2.344280E-1
-2.535380E-1
-2.711780E-1
-2.858780E-1
-2.961680E-1
-3.035180E-1
-3.079280E-1
-3.108680E-1
-3.123380E-1
-3.152780E-1
-3.182180E-1
-3.240980E-1
-3.314480E-1
-3.446780E-1
-3.608480E-1
-3.799580E-1
-4.020080E-1
-4.255280E-1
-4.490480E-1
-4.710980E-1
-4.887380E-1
-5.019680E-1
-5.078480E-1
-5.093180E-1
-5.034380E-1
-4.931480E-1
-4.784480E-1
-4.593380E-1
-4.402280E-1
-4.181780E-1
-3.975980E-1
-3.770180E-1
-3.564380E-1
-3.373280E-1
-3.211580E-1
-3.049880E-1
-2.917580E-1
-2.799980E-1
-2.711780E-1
-2.652980E-1
-2.623580E-1
-2.608880E-1
-2.623580E-1
-2.667680E-1
-2.755880E-1
-2.858780E-1
-2.991080E-1
-3.138080E-1
-3.314480E-1
-3.505580E-1
-3.696680E-1
-3.902480E-1
-4.122980E-1
-4.358180E-1
-4.593380E-1
-4.828580E-1
-5.049080E-1
-5.254880E-1
-5.445980E-1
-5.578280E-1
-5.681180E-1
-5.754680E-1
-5.813480E-1
-5.842880E-1
-5.886980E-1
-5.960480E-1
-6.063380E-1
-6.195680E-1
-6.372080E-1
-6.577880E-1
-6.783680E-1
-6.989480E-1
-7.151180E-1
-7.283480E-1
-7.342280E-1
-7.356980E-1
-7.298180E-1
-7.209980E-1
-7.107080E-1
-6.989480E-1
-6.886580E-1
-6.798380E-1
-6.739580E-1
-6.724880E-1
-6.739580E-1
-6.768980E-1
-6.813080E-1
-6.857180E-1
-6.915980E-1
-6.974780E-1
-7.033580E-1
-7.092380E-1
-7.151180E-1
-7.224680E-1
-7.298180E-1
-7.386380E-1
-7.459880E-1
-7.518680E-1
-7.592180E-1
-7.445180E-1
-5.916380E-1
-9.477800E-2
7.989820E-1
1.897072E+0
3.001042E+0
4.012402E+0
4.898812E+0
5.651452E+0
6.276202E+0
6.783352E+0
7.190542E+0
7.509532E+0
7.749142E+0
7.918192E+0
8.022562E+0
8.065192E+0
8.050492E+0
7.982872E+0
7.863802E+0
7.699162E+0
7.488952E+0
7.239052E+0
6.952402E+0
6.630472E+0
6.274732E+0
5.885182E+0
5.466232E+0
5.020822E+0
4.556302E+0
4.077082E+0
3.591982E+0
3.117172E+0
2.676172E+0
2.279272E+0
1.929412E+0
1.633942E+0
1.389922E+0
1.188532E+0
1.009192E+0
8.372020E-1
6.637420E-1
4.858720E-1
3.050620E-1
1.330720E-1
-1.833800E-2
-1.432880E-1
-2.447180E-1
-3.270380E-1
-3.917180E-1
-4.431680E-1
-4.857980E-1
-5.210780E-1
-5.504780E-1
-5.769380E-1
-6.019280E-1
-6.254480E-1
-6.489680E-1
-6.724880E-1
-6.930680E-1
-7.121780E-1
-7.298180E-1
-7.430480E-1
-7.533380E-1
-7.606880E-1
-7.636280E-1
-7.621580E-1
-7.562780E-1
-7.474580E-1
-7.356980E-1
-7.224680E-1
-7.062980E-1
-6.901280E-1
-6.739580E-1
-6.577880E-1
-6.416180E-1
-6.269180E-1
-6.092780E-1
-5.931080E-1
-5.769380E-1
-5.607680E-1
-5.460680E-1
-5.343080E-1
-5.254880E-1
-5.196080E-1
-5.181380E-1
-5.196080E-1
-5.269580E-1
-5.357780E-1
-5.490080E-1
-5.637080E-1
-5.813480E-1
-5.989880E-1
-6.166280E-1
-6.342680E-1
-6.504380E-1
-6.666080E-1
-6.783680E-1
-6.886580E-1
-6.960080E-1
-7.018880E-1
-7.033580E-1
-7.048280E-1
-7.048280E-1
-7.048280E-1
-7.048280E-1
-7.048280E-1
-7.048280E-1
-7.062980E-1
-7.062980E-1
-7.048280E-1
-7.033580E-1
-6.989480E-1
-6.945380E-1
-6.886580E-1
-6.813080E-1
-6.739580E-1
-6.680780E-1
-6.636680E-1
-6.592580E-1
-6.563180E-1
-6.548480E-1
-6.548480E-1
-6.563180E-1
-6.563180E-1
-6.577880E-1
-6.577880E-1
-6.577880E-1
-6.592580E-1
-6.577880E-1
-6.563180E-1
-6.519080E-1
-6.474980E-1
-6.386780E-1
-6.283880E-1
-6.166280E-1
-6.004580E-1
-5.842880E-1
-5.666480E-1
-5.490080E-1
-5.328380E-1
-5.181380E-1
-5.078480E-1
-5.004980E-1
-4.960880E-1
-4.975580E-1
-5.049080E-1
-5.151980E-1
-5.284280E-1
-5.431280E-1
-5.592980E-1
-5.754680E-1
-5.886980E-1
-5.989880E-1
-6.078080E-1
-6.151580E-1
-6.210380E-1
-6.254480E-1
-6.298580E-1
-6.357380E-1
-6.416180E-1
-6.489680E-1
-6.577880E-1
-6.651380E-1
-6.724880E-1
-6.798380E-1
-6.857180E-1
-6.886580E-1
-6.915980E-1
-6.915980E-1
-6.901280E-1
-6.871880E-1
-6.842480E-1
-6.798380E-1
-6.739580E-1
-6.695480E-1
-6.636680E-1
-6.592580E-1
-6.548480E-1
-6.519080E-1
-6.504380E-1
-6.504380E-1
-6.519080E-1
-6.548480E-1
-6.577880E-1
-6.621980E-1
-6.666080E-1
-6.710180E-1
-6.739580E-1
-6.754280E-1
-6.739580E-1
-6.724880E-1
-6.695480E-1
-6.651380E-1
-6.607280E-1
-6.548480E-1
-6.489680E-1
-6.401480E-1
-6.298580E-1
-6.151580E-1
-5.975180E-1
-5.769380E-1
-5.548880E-1
-5.313680E-1
-5.078480E-1
-4.872680E-1
-4.681580E-1
-4.534580E-1
-4.431680E-1
-4.372880E-1
-4.372880E-1
-4.416980E-1
-4.519880E-1
-4.666880E-1
-4.857980E-1
-5.063780E-1
-5.284280E-1
-5.504780E-1
-5.695880E-1
-5.857580E-1
-5.989880E-1
-6.092780E-1
-6.166280E-1
-6.239780E-1
-6.298580E-1
-6.386780E-1
-6.474980E-1
-6.592580E-1
-6.724880E-1
-6.871880E-1
-7.004180E-1
-7.121780E-1
-7.239380E-1
-7.312880E-1
-7.371680E-1
-7.401080E-1
-7.415780E-1
-7.401080E-1
-7.386380E-1
-7.342280E-1
-7.312880E-1
-7.254080E-1
-7.195280E-1
-7.136480E-1
-7.048280E-1
-6.960080E-1
-6.871880E-1
-6.783680E-1
-6.695480E-1
-6.636680E-1
-6.607280E-1
-6.607280E-1
-6.636680E-1
-6.680780E-1
-6.768980E-1
-6.857180E-1
-6.945380E-1
-7.018880E-1
-7.062980E-1
-7.092380E-1
-7.062980E-1
-7.004180E-1
-6.901280E-1
-6.754280E-1
-6.592580E-1
-6.386780E-1
-6.151580E-1
-5.916380E-1
-5.695880E-1
-5.475380E-1
-5.269580E-1
-5.107880E-1
-4.990280E-1
-4.931480E-1
-4.902080E-1
-4.946180E-1
-5.004980E-1
-5.107880E-1
-5.210780E-1
-5.328380E-1
-5.445980E-1
-5.548880E-1
-5.637080E-1
-5.710580E-1
-5.769380E-1
-5.842880E-1
-5.916380E-1
-6.004580E-1
-6.107480E-1
-6.225080E-1
-6.357380E-1
-6.504380E-1
-6.651380E-1
-6.783680E-1
-6.886580E-1
-6.974780E-1
-7.033580E-1
-7.048280E-1
-7.048280E-1
-7.004180E-1
-6.945380E-1
-6.886580E-1
-6.813080E-1
-6.724880E-1
-6.651380E-1
-6.577880E-1
-6.519080E-1
-6.489680E-1
-6.460280E-1
-6.460280E-1
-6.474980E-1
-6.489680E-1
-6.504380E-1
-6.519080E-1
-6.533780E-1
-6.519080E-1
-6.504380E-1
-6.474980E-1
-6.430880E-1
-6.386780E-1
-6.342680E-1
-6.283880E-1
-6.239780E-1
-6.180980E-1
-6.136880E-1
-6.092780E-1
-6.063380E-1
-6.048680E-1
-6.033980E-1
-6.019280E-1
-6.019280E-1
-6.019280E-1
-6.019280E-1
-6.019280E-1
-6.019280E-1
-6.033980E-1
-6.048680E-1
-6.063380E-1
-6.107480E-1
-6.151580E-1
-6.210380E-1
-6.269180E-1
-6.327980E-1
-6.372080E-1
-6.401480E-1
-6.416180E-1
-6.416180E-1
-6.416180E-1
-6.401480E-1
-6.401480E-1
-6.401480E-1
-6.430880E-1
-6.474980E-1
-6.519080E-1
-6.548480E-1
-6.592580E-1
-6.621980E-1
-6.636680E-1
-6.636680E-1
-6.636680E-1
-6.621980E-1
-6.592580E-1
-6.577880E-1
-6.533780E-1
-6.489680E-1
-6.445580E-1
-6.372080E-1
-6.313280E-1
-6.239780E-1
-6.180980E-1
-6.151580E-1
-6.136880E-1
-6.151580E-1
-6.195680E-1
-6.269180E-1
-6.357380E-1
-6.460280E-1
-6.563180E-1
-6.666080E-1
-6.739580E-1
-6.798380E-1
-6.857180E-1
-6.886580E-1
-6.930680E-1
-6.974780E-1
-7.033580E-1
-7.107080E-1
-7.195280E-1
-7.283480E-1
-7.371680E-1
-7.445180E-1
-7.503980E-1
-7.533380E-1
-7.548080E-1
-7.518680E-1
-7.459880E-1
-7.386380E-1
-7.283480E-1
-7.165880E-1
-7.033580E-1
-6.915980E-1
-6.813080E-1
-6.739580E-1
-6.695480E-1
-6.680780E-1
-6.680780E-1
-6.695480E-1
-6.724880E-1
-6.754280E-1
-6.783680E-1
-6.783680E-1
-6.783680E-1
-6.783680E-1
-6.768980E-1
-6.768980E-1
-6.783680E-1
-6.798380E-1
-6.842480E-1
-6.901280E-1
-6.974780E-1
-7.077680E-1
-7.180580E-1
-7.283480E-1
-7.386380E-1
-7.459880E-1
-7.518680E-1
-7.533380E-1
-7.518680E-1
-7.445180E-1
-7.342280E-1
-7.195280E-1
-7.048280E-1
-6.886580E-1
-6.739580E-1
-6.592580E-1
-6.489680E-1
-6.386780E-1
-6.313280E-1
-6.269180E-1
-6.225080E-1
-6.210380E-1
-6.195680E-1
-6.180980E-1
-6.195680E-1
-6.195680E-1
-6.210380E-1
-6.225080E-1
-6.239780E-1
-6.254480E-1
-6.283880E-1
-6.298580E-1
-6.313280E-1
-6.327980E-1
-6.342680E-1
-6.357380E-1
-6.357380E-1
-6.342680E-1
-6.313280E-1
-6.269180E-1
-6.210380E-1
-6.151580E-1
-6.092780E-1
-6.048680E-1
-6.019280E-1
-6.019280E-1
-6.063380E-1
-6.151580E-1
-6.283880E-1
-6.445580E-1
-6.636680E-1
-6.842480E-1
-7.048280E-1
-7.209980E-1
-7.356980E-1
-7.445180E-1
-7.503980E-1
-7.518680E-1
-7.489280E-1
-7.459880E-1
-7.415780E-1
-7.371680E-1
-7.342280E-1
-7.327580E-1
-7.327580E-1
-7.342280E-1
-7.386380E-1
-7.430480E-1
-7.474580E-1
-7.503980E-1
-7.533380E-1
-7.533380E-1
-7.518680E-1
-7.459880E-1
-7.386380E-1
-7.312880E-1
-7.224680E-1
-7.136480E-1
-7.062980E-1
-7.018880E-1
-6.989480E-1
-6.974780E-1
-7.004180E-1
-7.033580E-1
-7.077680E-1
-7.136480E-1
-7.195280E-1
-7.268780E-1
-7.312880E-1
-7.356980E-1
-7.386380E-1
-7.415780E-1
-7.415780E-1
-7.415780E-1
-7.415780E-1
-7.401080E-1
-7.371680E-1
-7.356980E-1
-7.312880E-1
-7.283480E-1
-7.239380E-1
-7.195280E-1
-7.151180E-1
-7.092380E-1
-7.033580E-1
-6.974780E-1
-6.901280E-1
-6.827780E-1
-6.754280E-1
-6.695480E-1
-6.636680E-1
-6.592580E-1
-6.563180E-1
-6.563180E-1
-6.563180E-1
-6.592580E-1
-6.621980E-1
-6.666080E-1
-6.695480E-1
-6.695480E-1
-6.695480E-1
-6.680780E-1
-6.636680E-1
-6.592580E-1
-6.519080E-1
-6.460280E-1
-6.401480E-1
-6.357380E-1
-6.313280E-1
-6.283880E-1
-6.254480E-1
-6.239780E-1
-6.239780E-1
-6.239780E-1
-6.254480E-1
-6.283880E-1
-6.313280E-1
-6.357380E-1
-6.416180E-1
-6.460280E-1
-6.519080E-1
-6.577880E-1
-6.621980E-1
-6.666080E-1
-6.710180E-1
-6.768980E-1
-6.827780E-1
-6.886580E-1
-6.945380E-1
-7.018880E-1
-7.077680E-1
-7.136480E-1
-7.195280E-1
-7.254080E-1
-7.312880E-1
-7.386380E-1
-7.445180E-1
-7.518680E-1
-7.592180E-1
-7.665680E-1
-7.739180E-1
-7.797980E-1
-7.827380E-1
-7.856780E-1
-7.856780E-1
-7.842080E-1
-7.797980E-1
-7.739180E-1
-7.665680E-1
-7.577480E-1
-7.503980E-1
-7.430480E-1
-7.371680E-1
-7.342280E-1
-7.327580E-1
-7.356980E-1
-7.386380E-1
-7.445180E-1
-7.518680E-1
-7.592180E-1
-7.650980E-1
-7.709780E-1
-7.753880E-1
-7.768580E-1
-7.768580E-1
-7.753880E-1
-7.724480E-1
-7.665680E-1
-7.592180E-1
-7.489280E-1
-7.371680E-1
-7.254080E-1
-7.121780E-1
-7.004180E-1
-6.901280E-1
-6.827780E-1
-6.768980E-1
-6.724880E-1
-6.710180E-1
-6.710180E-1
-6.724880E-1
-6.739580E-1
-6.754280E-1
-6.768980E-1
-6.798380E-1
-6.827780E-1
-6.857180E-1
-6.886580E-1
-6.901280E-1
-6.915980E-1
-6.930680E-1
-6.945380E-1
-6.930680E-1
-6.930680E-1
-6.901280E-1
-6.886580E-1
-6.871880E-1
-6.857180E-1
-6.857180E-1
-6.871880E-1
-6.915980E-1
-6.989480E-1
-7.062980E-1
-7.165880E-1
-7.254080E-1
-7.342280E-1
-7.415780E-1
-7.474580E-1
-7.503980E-1
-7.503980E-1
-7.474580E-1
-7.430480E-1
-7.356980E-1
-7.268780E-1
-7.165880E-1
-7.077680E-1
-6.989480E-1
-6.915980E-1
-6.857180E-1
-6.813080E-1
-6.798380E-1
-6.798380E-1
-6.813080E-1
-6.827780E-1
-6.871880E-1
-6.901280E-1
-6.960080E-1
-7.004180E-1
-7.048280E-1
-7.077680E-1
-7.107080E-1
-7.136480E-1
-7.151180E-1
-7.151180E-1
-7.151180E-1
-7.136480E-1
-7.121780E-1
-7.092380E-1
-7.062980E-1
-7.048280E-1
-7.018880E-1
-7.018880E-1
-7.033580E-1
-7.062980E-1
-7.121780E-1
-7.195280E-1
-7.268780E-1
-7.356980E-1
-7.430480E-1
-7.474580E-1
-7.503980E-1
-7.518680E-1
-7.503980E-1
-7.474580E-1
-7.430480E-1
-7.356980E-1
-7.298180E-1
-7.224680E-1
-7.151180E-1
-7.092380E-1
-7.018880E-1
-6.960080E-1
-6.901280E-1
-6.842480E-1
-6.798380E-1
-6.754280E-1
-6.710180E-1
-6.680780E-1
-6.651380E-1
-6.621980E-1
-6.607280E-1
-6.577880E-1
-6.548480E-1
-6.519080E-1
-6.489680E-1
-6.445580E-1
-6.416180E-1
-6.386780E-1
-6.372080E-1
-6.357380E-1
-6.372080E-1
-6.401480E-1
-6.445580E-1
-6.504380E-1
-6.577880E-1
-6.666080E-1
-6.754280E-1
-6.857180E-1
-6.945380E-1
-7.018880E-1
-7.092380E-1
-7.136480E-1
-7.151180E-1
-7.151180E-1
-7.121780E-1
-7.092380E-1
-7.033580E-1
-6.989480E-1
-6.930680E-1
-6.886580E-1
-6.857180E-1
-6.842480E-1
-6.842480E-1
-6.842480E-1
-6.871880E-1
-6.915980E-1
-6.974780E-1
-7.018880E-1
-7.077680E-1
-7.136480E-1
-7.165880E-1
-7.195280E-1
-7.195280E-1
-7.195280E-1
-7.180580E-1
-7.151180E-1
-7.121780E-1
-7.077680E-1
-7.033580E-1
-6.989480E-1
-6.945380E-1
-6.901280E-1
-6.857180E-1
-6.827780E-1
-6.813080E-1
-6.798380E-1
-6.798380E-1
-6.813080E-1
-6.827780E-1
-6.857180E-1
-6.871880E-1
-6.886580E-1
-6.901280E-1
-6.901280E-1
-6.886580E-1
-6.857180E-1
-6.813080E-1
-6.754280E-1
-6.680780E-1
-6.592580E-1
-6.504380E-1
-6.416180E-1
-6.342680E-1
-6.283880E-1
-6.254480E-1
-6.239780E-1
-6.269180E-1
-6.313280E-1
-6.386780E-1
-6.489680E-1
-6.592580E-1
-6.710180E-1
-6.827780E-1
-6.945380E-1
-7.048280E-1
-7.121780E-1
-7.180580E-1
-7.209980E-1
-7.209980E-1
-7.180580E-1
-7.107080E-1
-7.033580E-1
-6.930680E-1
-6.827780E-1
-6.754280E-1
-6.695480E-1
-6.680780E-1
-6.710180E-1
-6.783680E-1
-6.886580E-1
-7.033580E-1
-7.195280E-1
-7.356980E-1
-7.503980E-1
-7.621580E-1
-7.724480E-1
-7.797980E-1
-7.842080E-1
-7.856780E-1
-7.827380E-1
-7.797980E-1
-7.739180E-1
-7.680380E-1
-7.606880E-1
-7.548080E-1
-7.503980E-1
-7.459880E-1
-7.445180E-1
-7.430480E-1
-7.430480E-1
-7.430480E-1
-7.415780E-1
-7.386380E-1
-7.342280E-1
-7.283480E-1
-7.209980E-1
-7.136480E-1
-7.062980E-1
-6.989480E-1
-6.930680E-1
-6.871880E-1
-6.813080E-1
-6.754280E-1
-6.695480E-1
-6.651380E-1
-6.607280E-1
-6.577880E-1
-6.577880E-1
-6.592580E-1
-6.651380E-1
-6.739580E-1
-6.886580E-1
-7.048280E-1
-7.224680E-1
-7.401080E-1
-7.562780E-1
-7.665680E-1
-7.709780E-1
-7.680380E-1
-7.577480E-1
-7.401080E-1
-7.195280E-1
-6.960080E-1
-6.739580E-1
-6.563180E-1
-6.416180E-1
-6.313280E-1
-6.269180E-1
-6.283880E-1
-6.313280E-1
-6.372080E-1
-6.430880E-1
-6.489680E-1
-6.548480E-1
-6.577880E-1
-6.577880E-1
-6.577880E-1
-6.548480E-1
-6.533780E-1
-6.504380E-1
-6.474980E-1
-6.460280E-1
-6.445580E-1
-6.430880E-1
-6.430880E-1
-6.460280E-1
-6.489680E-1
-6.548480E-1
-6.621980E-1
-6.739580E-1
-6.901280E-1
-7.092380E-1
-7.312880E-1
-7.577480E-1
-7.871480E-1
-8.194880E-1
-8.532980E-1
-8.871080E-1
-9.223880E-1
-9.576680E-1
-9.929480E-1
-1.028228E+0
-1.062038E+0
-1.095848E+0
-1.128188E+0
-1.160528E+0
-1.192868E+0
-1.222268E+0
-1.248728E+0
-1.273718E+0
-1.295768E+0
-1.316348E+0
-1.332518E+0
-1.347218E+0
-1.360448E+0
-1.372208E+0
-1.382498E+0
-1.394258E+0
-1.406018E+0
-1.416308E+0
-1.428068E+0
-1.438358E+0
-1.448648E+0
-1.457468E+0
-1.464818E+0
-1.472168E+0
-1.476578E+0
-1.480988E+0
-1.483928E+0
-1.483928E+0
-1.483928E+0
-1.480988E+0
-1.476578E+0
-1.470698E+0
-1.464818E+0
-1.458938E+0
-1.453058E+0
-1.450118E+0
-1.448648E+0
-1.451588E+0
-1.457468E+0
-1.463348E+0
-1.473638E+0
-1.482458E+0
-1.491278E+0
-1.497158E+0
-1.501568E+0
-1.501568E+0
-1.498628E+0
-1.492748E+0
-1.485398E+0
-1.478048E+0
-1.473638E+0
-1.470698E+0
-1.470698E+0
-1.475108E+0
-1.480988E+0
-1.489808E+0
-1.498628E+0
-1.505978E+0
-1.513328E+0
-1.519208E+0
-1.523618E+0
-1.528028E+0
-1.533908E+0
-1.539788E+0
-1.550078E+0
-1.560368E+0
-1.572128E+0
-1.582418E+0
-1.594178E+0
-1.602998E+0
-1.613288E+0
-1.622108E+0
-1.633868E+0
-1.647098E+0
-1.663268E+0
-1.682378E+0
-1.702958E+0
-1.726478E+0
-1.749998E+0
-1.772048E+0
-1.792628E+0
-1.807328E+0
-1.817618E+0
-1.822028E+0
-1.820558E+0
-1.811738E+0
-1.795568E+0
-1.776458E+0
-1.754408E+0
-1.730888E+0
-1.710308E+0
-1.691198E+0
-1.679438E+0
-1.670618E+0
-1.667678E+0
-1.667678E+0
-1.667678E+0
-1.669148E+0
-1.670618E+0
-1.669148E+0
-1.666208E+0
-1.663268E+0
-1.660328E+0
-1.660328E+0
-1.663268E+0
-1.669148E+0
-1.680908E+0
-1.694138E+0
-1.711778E+0
-1.730888E+0
-1.749998E+0
-1.770578E+0
-1.788218E+0
-1.804388E+0
-1.820558E+0
-1.833788E+0
-1.845548E+0
-1.854368E+0
-1.860248E+0
-1.864658E+0
-1.864658E+0
-1.864658E+0
-1.861718E+0
-1.858778E+0
-1.854368E+0
-1.852898E+0
-1.852898E+0
-1.854368E+0
-1.858778E+0
-1.863188E+0
-1.867598E+0
-1.873478E+0
-1.877888E+0
-1.882298E+0
-1.886708E+0
-1.892588E+0
-1.899938E+0
-1.911698E+0
-1.926398E+0
-1.946978E+0
-1.970498E+0
-1.996958E+0
-2.024888E+0
-2.052818E+0
-2.076338E+0
-2.098388E+0
-2.113088E+0
-2.124848E+0
-2.130728E+0
-2.133668E+0
-2.133668E+0
-2.132198E+0
-2.129258E+0
-2.123378E+0
-2.114558E+0
-2.099858E+0
-2.080748E+0
-2.058698E+0
-2.032238E+0
-2.007248E+0
-1.983728E+0
-1.966088E+0
-1.955798E+0
-1.954328E+0
-1.961678E+0
-1.976378E+0
-1.995488E+0
-2.016068E+0
-2.038118E+0
-2.055758E+0
-2.068988E+0
-2.077808E+0
-2.085158E+0
-2.086628E+0
-2.086628E+0
-2.085158E+0
-2.080748E+0
-2.076338E+0
-2.071928E+0
-2.068988E+0
-2.066048E+0
-2.067518E+0
-2.073398E+0
-2.085158E+0
-2.099858E+0
-2.118968E+0
-2.139548E+0
-2.161598E+0
-2.180708E+0
-2.196878E+0
-2.207168E+0
-2.210108E+0
-2.207168E+0
-2.198348E+0
-2.183648E+0
-2.167478E+0
-2.148368E+0
-2.130728E+0
-2.117498E+0
-2.108678E+0
-2.105738E+0
-2.110148E+0
-2.118968E+0
-2.132198E+0
-2.148368E+0
-2.164538E+0
-2.177768E+0
-2.189528E+0
-2.198348E+0
-2.201288E+0
-2.204228E+0
-2.202758E+0
-2.201288E+0
-2.198348E+0
-2.195408E+0
-2.192468E+0
-2.189528E+0
-2.186588E+0
-2.186588E+0
-2.186588E+0
-2.189528E+0
-2.196878E+0
-2.205698E+0
-2.217458E+0
-2.229218E+0
-2.242448E+0
-2.252738E+0
-2.261558E+0
-2.265968E+0
-2.268908E+0
-2.270378E+0
-2.271848E+0
-2.274788E+0
-2.279198E+0
-2.286548E+0
-2.296838E+0
-2.310068E+0
-2.324768E+0
-2.342408E+0
-2.360048E+0
-2.377688E+0
-2.393858E+0
-2.411498E+0
-2.427668E+0
-2.440898E+0
-2.454128E+0
-2.467358E+0
-2.477648E+0
-2.489408E+0
-2.499698E+0
-2.509988E+0
-2.518808E+0
-2.527628E+0
-2.532038E+0
-2.533508E+0
-2.529098E+0
-2.517338E+0
-2.502638E+0
-2.483528E+0
-2.464418E+0
-2.443838E+0
-2.429138E+0
-2.417378E+0
-2.412968E+0
-2.415908E+0
-2.421788E+0
-2.435018E+0
-2.451188E+0
-2.468828E+0
-2.487938E+0
-2.505578E+0
-2.523218E+0
-2.537918E+0
-2.551148E+0
-2.561438E+0
-2.573198E+0
-2.582018E+0
-2.590838E+0
-2.599658E+0
-2.608478E+0
-2.618768E+0
-2.629058E+0
-2.639348E+0
-2.649638E+0
-2.658458E+0
-2.664338E+0
-2.665808E+0
-2.662868E+0
-2.655518E+0
-2.643758E+0
-2.627588E+0
-2.607008E+0
-2.584958E+0
-2.561438E+0
-2.537918E+0
-2.515868E+0
-2.493818E+0
-2.474708E+0
-2.458538E+0
-2.445308E+0
-2.439428E+0
-2.440898E+0
-2.446778E+0
-2.461478E+0
-2.482058E+0
-2.508518E+0
-2.539388E+0
-2.571728E+0
-2.605538E+0
-2.639348E+0
-2.671688E+0
-2.701088E+0
-2.729018E+0
-2.754008E+0
-2.778998E+0
-2.801048E+0
-2.823098E+0
-2.842208E+0
-2.858378E+0
-2.871608E+0
-2.880428E+0
-2.880428E+0
-2.874548E+0
-2.861318E+0
-2.843678E+0
-2.821628E+0
-2.798108E+0
-2.777528E+0
-2.759888E+0
-2.746658E+0
-2.737838E+0
-2.730488E+0
-2.726078E+0
-2.721668E+0
-2.715788E+0
-2.706968E+0
-2.696678E+0
-2.684918E+0
-2.670218E+0
-2.655518E+0
-2.640818E+0
-2.629058E+0
-2.621708E+0
-2.617298E+0
-2.620238E+0
-2.627588E+0
-2.642288E+0
-2.662868E+0
-2.690798E+0
-2.723138E+0
-2.759888E+0
-2.801048E+0
-2.842208E+0
-2.884838E+0
-2.923058E+0
-2.959808E+0
-2.989208E+0
-3.012728E+0
-3.028898E+0
-3.039188E+0
-3.043598E+0
-3.043598E+0
-3.039188E+0
-3.030368E+0
-3.021548E+0
-3.009788E+0
-2.998028E+0
-2.984798E+0
-2.973038E+0
-2.965688E+0
-2.959808E+0
-2.956868E+0
-2.959808E+0
-2.965688E+0
-2.973038E+0
-2.984798E+0
-2.998028E+0
-3.011258E+0
-3.024488E+0
-3.039188E+0
-3.055358E+0
-3.074468E+0
-3.097988E+0
-3.124448E+0
-3.153848E+0
-3.186188E+0
-3.218528E+0
-3.246458E+0
-3.268508E+0
-3.281738E+0
-3.284678E+0
-3.277328E+0
-3.262628E+0
-3.244988E+0
-3.222938E+0
-3.203828E+0
-3.183248E+0
-3.167078E+0
-3.152378E+0
-3.139148E+0
-3.130328E+0
-3.124448E+0
-3.121508E+0
-3.125918E+0
-3.136208E+0
-3.156788E+0
-3.181778E+0
-3.211178E+0
-3.243518E+0
-3.272918E+0
-3.296438E+0
-3.309668E+0
-3.315548E+0
-3.311138E+0
-3.300848E+0
-3.287618E+0
-3.274388E+0
-3.262628E+0
-3.253808E+0
-3.244988E+0
-3.237638E+0
-3.225878E+0
-3.209708E+0
-3.187658E+0
-3.159728E+0
-3.128858E+0
-3.100928E+0
-3.074468E+0
-3.053888E+0
-3.042128E+0
-3.040658E+0
-3.046538E+0
-3.059768E+0
-3.077408E+0
-3.097988E+0
-3.121508E+0
-3.143558E+0
-3.167078E+0
-3.192068E+0
-3.219998E+0
-3.250868E+0
-3.283208E+0
-3.318488E+0
-3.352298E+0
-3.386108E+0
-3.414038E+0
-3.434618E+0
-3.446378E+0
-3.447848E+0
-3.440498E+0
-3.425798E+0
-3.405218E+0
-3.378758E+0
-3.352298E+0
-3.325838E+0
-3.300848E+0
-3.281738E+0
-3.267038E+0
-3.259688E+0
-3.258218E+0
-3.262628E+0
-3.274388E+0
-3.292028E+0
-3.312608E+0
-3.337598E+0
-3.362588E+0
-3.389048E+0
-3.415508E+0
-3.440498E+0
-3.462548E+0
-3.484598E+0
-3.503708E+0
-3.525758E+0
-3.544868E+0
-3.563978E+0
-3.581618E+0
-3.596318E+0
-3.605138E+0
-3.605138E+0
-3.594848E+0
-3.575738E+0
-3.550748E+0
-3.525758E+0
-3.503708E+0
-3.487538E+0
-3.487538E+0
-3.499298E+0
-3.525758E+0
-3.563978E+0
-3.606608E+0
-3.652178E+0
-3.694808E+0
-3.728618E+0
-3.752138E+0
-3.762428E+0
-3.763898E+0
-3.753608E+0
-3.735968E+0
-3.708038E+0
-3.677168E+0
-3.641888E+0
-3.606608E+0
-3.574268E+0
-3.546338E+0
-3.525758E+0
-3.515468E+0
-3.512528E+0
-3.516938E+0
-3.525758E+0
-3.536048E+0
-3.547808E+0
-3.558098E+0
-3.566918E+0
-3.575738E+0
-3.581618E+0
-3.591908E+0
-3.602198E+0
-3.616898E+0
-3.628658E+0
-3.640418E+0
-3.649238E+0
-3.655118E+0
-3.658058E+0
-3.658058E+0
-3.659528E+0
-3.663938E+0
-3.672758E+0
-3.687458E+0
-3.705098E+0
-3.724208E+0
-3.741848E+0
-3.752138E+0
-3.750668E+0
-3.737438E+0
-3.715388E+0
-3.680108E+0
-3.640418E+0
-3.600728E+0
-3.561038E+0
-3.525758E+0
-3.497828E+0
-3.478718E+0
-3.469898E+0
-3.471368E+0
-3.481658E+0
-3.499298E+0
-3.528698E+0
-3.565448E+0
-3.606608E+0
-3.647768E+0
-3.687458E+0
-3.722738E+0
-3.746258E+0
-3.758018E+0
-3.753608E+0
-3.737438E+0
-3.710978E+0
-3.677168E+0
-3.638948E+0
-3.605138E+0
-3.577208E+0
-3.556628E+0
-3.547808E+0
-3.546338E+0
-3.556628E+0
-3.574268E+0
-3.600728E+0
-3.628658E+0
-3.659528E+0
-3.688928E+0
-3.718328E+0
-3.744788E+0
-3.769778E+0
-3.791828E+0
-3.812408E+0
-3.832988E+0
-3.852098E+0
-3.872678E+0
-3.890318E+0
-3.907958E+0
-3.924128E+0
-3.938828E+0
-3.950588E+0
-3.962348E+0
-3.969698E+0
-3.977048E+0
-3.981458E+0
-3.988808E+0
-3.999098E+0
-4.009388E+0
-4.024088E+0
-4.041728E+0
-4.060838E+0
-4.081418E+0
-4.096118E+0
-4.106408E+0
-4.109348E+0
-4.106408E+0
-4.099058E+0
-4.087298E+0
-4.078478E+0
-4.071128E+0
-4.071128E+0
-4.078478E+0
-4.093178E+0
-4.113758E+0
-4.140218E+0
-4.168148E+0
-4.196078E+0
-4.221068E+0
-4.237238E+0
-4.246058E+0
-4.246058E+0
-4.234298E+0
-4.210778E+0
-4.178438E+0
-4.138748E+0
-4.096118E+0
-4.059368E+0
-4.031438E+0
-4.016738E+0
-4.018208E+0
-4.037318E+0
-4.071128E+0
-4.118168E+0
-4.172558E+0
-4.228418E+0
-4.276928E+0
-4.318088E+0
-4.343078E+0
-4.356308E+0
-4.356308E+0
-4.347488E+0
-4.328378E+0
-4.301918E+0
-4.268108E+0
-4.228418E+0
-4.181378E+0
-4.129928E+0
-4.074068E+0
-4.019678E+0
-3.969698E+0
-3.928538E+0
-3.897668E+0
-3.880028E+0
-3.875618E+0
-3.882968E+0
-3.899138E+0
-3.922658E+0
-3.950588E+0
-3.981458E+0
-4.010858E+0
-4.041728E+0
-4.072598E+0
-4.104938E+0
-4.140218E+0
-4.174028E+0
-4.207838E+0
-4.243118E+0
-4.276928E+0
-4.309268E+0
-4.334258E+0
-4.356308E+0
-4.373948E+0
-4.388648E+0
-4.401878E+0
-4.410698E+0
-4.415108E+0
-4.420988E+0
-4.425398E+0
-4.428338E+0
-4.432748E+0
-4.438628E+0
-4.445978E+0
-4.456268E+0
-4.469498E+0
-4.484198E+0
-4.500368E+0
-4.516538E+0
-4.528298E+0
-4.537118E+0
-4.540058E+0
-4.537118E+0
-4.529768E+0
-4.518008E+0
-4.507718E+0
-4.494488E+0
-4.487138E+0
-4.481258E+0
-4.478318E+0
-4.478318E+0
-4.476848E+0
-4.473908E+0
-4.473908E+0
-4.473908E+0
-4.476848E+0
-4.481258E+0
-4.488608E+0
-4.500368E+0
-4.516538E+0
-4.529768E+0
-4.544468E+0
-4.553288E+0
-4.557698E+0
-4.556228E+0
-4.547408E+0
-4.532708E+0
-4.516538E+0
-4.497428E+0
-4.479788E+0
-4.462148E+0
-4.450388E+0
-4.443038E+0
-4.435688E+0
-4.435688E+0
-4.437158E+0
-4.444508E+0
-4.456268E+0
-4.473908E+0
-4.501838E+0
-4.537118E+0
-4.579748E+0
-4.625318E+0
-4.670888E+0
-4.709108E+0
-4.729688E+0
-4.729688E+0
-4.703228E+0
-4.648838E+0
-4.570928E+0
-4.470968E+0
-4.359248E+0
-4.243118E+0
-4.126988E+0
-4.018208E+0
-3.921188E+0
-3.841808E+0
-3.780068E+0
-3.737438E+0
-3.721268E+0
-3.727148E+0
-3.759488E+0
-3.816818E+0
-3.905018E+0
-4.021148E+0
-4.169618E+0
-4.350428E+0
-4.566518E+0
-4.817888E+0
-5.103068E+0
-5.424998E+0
-5.779268E+0
-6.177638E+0
-6.620108E+0
-7.128728E+0
-7.724078E+0
-8.472308E+0
-9.480728E+0
-1.114477E+1
-2.000005E+1
-2.000005E+1
-2.000005E+1
-2.000005E+1
-2.000005E+1
-2.000005E+1
-2.000005E+1
-2.000005E+1
-1.443022E+1
-1.146082E+1
-1.040389E+1
-9.873218E+0
-9.676238E+0
-9.752678E+0
-1.013341E+1
-1.093456E+1
-1.276324E+1
-2.000005E+1
-2.000005E+1
-2.000005E+1
-2.000005E+1
-2.000005E+1
-2.000005E+1
-2.000005E+1
-2.000005E+1
-2.000005E+1
-2.000005E+1
-2.000005E+1
-2.000005E+1
-2.000005E+1
-2.000005E+1
-2.000005E+1
-1.397893E+1
-1.096837E+1
-9.934958E+0
-9.396938E+0
-9.119108E+0
-9.047078E+0
-9.133808E+0
-9.346958E+0
-9.695348E+0
-1.015693E+1
-1.065379E+1
-1.110802E+1
-1.141966E+1
-1.150492E+1
-1.133734E+1
-1.100218E+1
-1.068319E+1
-1.043035E+1
-1.025248E+1
-1.020397E+1
-1.025248E+1
-1.045681E+1
-1.080520E+1
-1.141966E+1
-1.254274E+1
-1.577380E+1
-2.000005E+1
-2.000005E+1
-2.000005E+1
-2.000005E+1
-2.000005E+1
-2.000005E+1
-2.000005E+1
-2.000005E+1
-2.000005E+1
-2.000005E+1
-2.000005E+1
-2.000005E+1
-2.000005E+1
-2.000005E+1
-2.000005E+1
-2.000005E+1
-2.000005E+1
-2.000005E+1
-2.000005E+1
-2.000005E+1
-2.000005E+1
-2.000005E+1
-2.000005E+1
-2.000005E+1
-1.698949E+1
-1.188271E+1
-1.056706E+1
-9.914378E+0
-9.567458E+0
-9.463088E+0
-9.549818E+0
-9.832058E+0
-1.035244E+1
-1.118152E+1
-1.261330E+1
-1.650439E+1
-2.000005E+1
-2.000005E+1
-2.000005E+1
-2.000005E+1
-2.000005E+1
-1.397893E+1
-1.215907E+1
-1.118152E+1
-1.056706E+1
-1.018045E+1
-9.914378E+0
-9.752678E+0
-9.714458E+0
-9.792368E+0
-9.999638E+0
-1.040389E+1
-1.103746E+1
-1.227961E+1
-1.650439E+1
-2.000005E+1
-2.000005E+1
-2.000005E+1
-2.000005E+1
-2.000005E+1
-2.000005E+1
-2.000005E+1
-2.000005E+1
-2.000005E+1
-2.000005E+1
-2.000005E+1
-1.849477E+1
-1.384663E+1
-1.301020E+1
-1.292494E+1
-1.360555E+1
-1.610896E+1
-2.000005E+1
-2.000005E+1
-2.000005E+1
-2.000005E+1
-2.000005E+1
-2.000005E+1
-2.000005E+1
-2.000005E+1
-1.349383E+1
-1.141966E+1
-1.035244E+1
-9.733568E+0
-9.379298E+0
-9.222008E+0
-9.252878E+0
-9.514538E+0
-1.004374E+1
-1.107274E+1
-1.360555E+1
-2.000005E+1
-2.000005E+1
-2.000005E+1
-2.000005E+1
-2.000005E+1
-2.000005E+1
-2.000005E+1
-2.000005E+1
-2.000005E+1
-2.000005E+1
-2.000005E+1
-2.000005E+1
-2.000005E+1
-2.000005E+1
-2.000005E+1
-2.000005E+1
-2.000005E+1
-2.000005E+1
-1.761424E+1
-1.443022E+1
-1.319101E+1
-1.247365E+1
-1.198855E+1
-1.163869E+1
-1.150492E+1
-1.150492E+1
-1.173277E+1
-1.227961E+1
-1.349383E+1
-1.698949E+1
-2.000005E+1
-2.000005E+1
-2.000005E+1
-2.000005E+1
-2.000005E+1
-1.479331E+1
-1.227961E+1
-1.107274E+1
-1.032745E+1
-9.852638E+0
-9.549818E+0
-9.379298E+0
-9.299918E+0
-9.269048E+0
-9.299918E+0
-9.363128E+0
-9.480728E+0
-9.621848E+0
-9.792368E+0
-9.999638E+0
-1.022749E+1
-1.048327E+1
-1.065379E+1
-1.074346E+1
-1.065379E+1
-1.043035E+1
-1.013341E+1
-9.811478E+0
-9.514538E+0
-9.283748E+0
-9.133808E+0
-9.089708E+0
-9.177908E+0
-9.429278E+0
-9.893798E+0
-1.074346E+1
-1.268680E+1
-2.000005E+1
-2.000005E+1
-2.000005E+1
-2.000005E+1
-2.000005E+1
-2.000005E+1
-2.000005E+1
-2.000005E+1
-2.000005E+1
-2.000005E+1
-2.000005E+1
-2.000005E+1
-2.000005E+1
-2.000005E+1
-2.000005E+1
-2.000005E+1
-2.000005E+1
-2.000005E+1
-2.000005E+1
-2.000005E+1
-2.000005E+1
-2.000005E+1
-2.000005E+1
-1.411858E+1
-1.188271E+1
-1.093456E+1
-1.048327E+1
-1.035244E+1
-1.045681E+1
-1.086841E+1
-1.173277E+1
-1.360555E+1
-2.000005E+1
-2.000005E+1
-2.000005E+1
-2.000005E+1
-2.000005E+1
-2.000005E+1
-2.000005E+1
-2.000005E+1
-2.000005E+1
-2.000005E+1
-2.000005E+1
-2.000005E+1
-2.000005E+1
-2.000005E+1
-2.000005E+1
-2.000005E+1
-2.000005E+1
-2.000005E+1
-2.000005E+1
-2.000005E+1
-2.000005E+1
-2.000005E+1
-2.000005E+1
-2.000005E+1
-2.000005E+1
-2.000005E+1
-2.000005E+1
-2.000005E+1
-2.000005E+1
-2.000005E+1
-2.000005E+1
-2.000005E+1
-2.000005E+1
-2.000005E+1
-2.000005E+1
-2.000005E+1
-2.000005E+1
-2.000005E+1
-2.000005E+1
-2.000005E+1
-2.000005E+1
-1.761424E+1
-1.129765E+1
-9.977588E+0
-9.283748E+0
-8.898608E+0
-8.686928E+0
-8.604608E+0
-8.628128E+0
-8.710448E+0
-8.858918E+0
-9.061778E+0
-9.330788E+0
-9.695348E+0
-1.018045E+1
-1.090222E+1
-1.215907E+1
-1.577380E+1
-2.000005E+1
-2.000005E+1
-2.000005E+1
-2.000005E+1
-2.000005E+1
-2.000005E+1
-2.000005E+1
-2.000005E+1
-2.000005E+1
-2.000005E+1
-2.000005E+1
-2.000005E+1
-2.000005E+1
-2.000005E+1
-2.000005E+1
-2.000005E+1
-2.000005E+1
-2.000005E+1
-2.000005E+1
-2.000005E+1
-2.000005E+1
-2.000005E+1
-2.000005E+1
-2.000005E+1
-1.761424E+1
-1.284262E+1
-1.188271E+1
-1.168573E+1
-1.210027E+1
-1.328803E+1
-2.000005E+1
-2.000005E+1
-2.000005E+1
-2.000005E+1
-2.000005E+1
-2.000005E+1
-2.000005E+1
-2.000005E+1
-2.000005E+1
-2.000005E+1
-2.000005E+1
-2.000005E+1
-2.000005E+1
-2.000005E+1
-2.000005E+1
-2.000005E+1
-2.000005E+1
-2.000005E+1
-2.000005E+1
-2.000005E+1
-2.000005E+1
-2.000005E+1
-2.000005E+1
-2.000005E+1
-2.000005E+1
-2.000005E+1
-2.000005E+1
-2.000005E+1
-2.000005E+1
-2.000005E+1
-1.522843E+1
-1.411858E+1
-1.338799E+1
-1.292494E+1
-1.247365E+1
-1.210027E+1
-1.163869E+1
-1.118152E+1
-1.071259E+1
-1.025248E+1
-9.852638E+0
-9.480728E+0
-9.207308E+0
-8.992688E+0
-8.858918E+0
-8.808938E+0
-8.858918E+0
-9.033848E+0
-9.379298E+0
-9.955538E+0
-1.086841E+1
-1.261330E+1
-2.000005E+1
-2.000005E+1
-2.000005E+1
-2.000005E+1
-2.000005E+1
-2.000005E+1
-2.000005E+1
-2.000005E+1
-1.284262E+1
-1.141966E+1
-1.065379E+1
-1.025248E+1
-1.006579E+1
-1.004374E+1
-1.025248E+1
-1.068319E+1
-1.159312E+1
-1.397893E+1
-2.000005E+1
-2.000005E+1
-2.000005E+1
-2.000005E+1
-2.000005E+1
-2.000005E+1
-2.000005E+1
-2.000005E+1
-2.000005E+1
-2.000005E+1
-2.000005E+1
-2.000005E+1
-2.000005E+1
-2.000005E+1
-2.000005E+1
-2.000005E+1
-2.000005E+1
-2.000005E+1
-2.000005E+1
-2.000005E+1
-2.000005E+1
-2.000005E+1
-2.000005E+1
-2.000005E+1
-2.000005E+1
-1.397893E+1
-1.240750E+1
-1.178275E+1
-1.150492E+1
-1.150492E+1
-1.168573E+1
-1.198855E+1
-1.254274E+1
-1.328803E+1
-1.426852E+1
-1.499911E+1
-1.499911E+1
-1.443022E+1
-1.360555E+1
-1.276324E+1
-1.215907E+1
-1.173277E+1
-1.146082E+1
-1.133734E+1
-1.125796E+1
-1.129765E+1
-1.129765E+1
-1.133734E+1
-1.133734E+1
-1.137850E+1
-1.146082E+1
-1.173277E+1
-1.215907E+1
-1.301020E+1
-1.479331E+1
-2.000005E+1
-2.000005E+1
-2.000005E+1
-2.000005E+1
-2.000005E+1
-2.000005E+1
-2.000005E+1
-2.000005E+1
-2.000005E+1
-2.000005E+1
-2.000005E+1
-2.000005E+1
-2.000005E+1
-2.000005E+1
-2.000005E+1
-2.000005E+1
-2.000005E+1
-2.000005E+1
-2.000005E+1
-2.000005E+1
-2.000005E+1
-2.000005E+1
-2.000005E+1
-2.000005E+1
-2.000005E+1
-1.360555E+1
-1.240750E+1
-1.188271E+1
-1.183273E+1
-1.210027E+1
-1.284262E+1
-1.460368E+1
-2.000005E+1
-2.000005E+1
-2.000005E+1
-2.000005E+1
-2.000005E+1
-2.000005E+1
-1.499911E+1
-1.292494E+1
-1.204441E+1
-1.154902E+1
-1.133734E+1
-1.129765E+1
-1.137850E+1
-1.150492E+1
-1.173277E+1
-1.198855E+1
-1.234135E+1
-1.276324E+1
-1.349383E+1
-1.443022E+1
-1.610896E+1
-2.000005E+1
-2.000005E+1
-2.000005E+1
-2.000005E+1
-1.610896E+1
-1.397893E+1
-1.292494E+1
-1.215907E+1
-1.163869E+1
-1.129765E+1
-1.107274E+1
-1.093456E+1
-1.086841E+1
-1.083607E+1
-1.080520E+1
-1.080520E+1
-1.083607E+1
-1.093456E+1
-1.114477E+1
-1.150492E+1
-1.227961E+1
-1.411858E+1
-2.000005E+1
-2.000005E+1
-2.000005E+1
-2.000005E+1
-2.000005E+1
-2.000005E+1
-2.000005E+1
-2.000005E+1
-2.000005E+1
-2.000005E+1
-2.000005E+1
-2.000005E+1
-2.000005E+1
-2.000005E+1
-2.000005E+1
-2.000005E+1
-2.000005E+1
-2.000005E+1
-2.000005E+1
-2.000005E+1
-2.000005E+1
-2.000005E+1
-2.000005E+1
-2.000005E+1
-2.000005E+1
-2.000005E+1
-2.000005E+1
-2.000005E+1
-2.000005E+1
-2.000005E+1
-2.000005E+1
-2.000005E+1
-2.000005E+1
-2.000005E+1
-2.000005E+1
-2.000005E+1
-2.000005E+1
-2.000005E+1
-2.000005E+1
-2.000005E+1
-2.000005E+1
-2.000005E+1
-2.000005E+1
-2.000005E+1
-2.000005E+1
-2.000005E+1
-2.000005E+1
-2.000005E+1
-2.000005E+1
-2.000005E+1
-2.000005E+1
-2.000005E+1
-2.000005E+1
-2.000005E+1
-2.000005E+1
-2.000005E+1
-2.000005E+1
-2.000005E+1
-1.577380E+1
-1.247365E+1
-1.129765E+1
-1.068319E+1
-1.037743E+1
-1.022749E+1
-1.025248E+1
-1.035244E+1
-1.056706E+1
-1.086841E+1
-1.125796E+1
-1.173277E+1
-1.227961E+1
-1.301020E+1
-1.426852E+1
-1.849477E+1
-2.000005E+1
-2.000005E+1
-2.000005E+1
-2.000005E+1
-2.000005E+1
-2.000005E+1
-2.000005E+1
-2.000005E+1
-2.000005E+1
-2.000005E+1
-2.000005E+1
-2.000005E+1
-2.000005E+1
-2.000005E+1
-2.000005E+1
-2.000005E+1
-2.000005E+1
-2.000005E+1
-2.000005E+1
-2.000005E+1
-2.000005E+1
-2.000005E+1
-2.000005E+1
-2.000005E+1
-2.000005E+1
-2.000005E+1
-2.000005E+1
-2.000005E+1
-2.000005E+1
-2.000005E+1
-2.000005E+1
-2.000005E+1
-2.000005E+1
-2.000005E+1
-2.000005E+1
-2.000005E+1
-2.000005E+1
-2.000005E+1
-1.360555E+1
-1.137850E+1
-1.032745E+1
-9.676238E+0
-9.269048E+0
-9.033848E+0
-8.938298E+0
-8.938298E+0
-9.033848E+0
-9.192608E+0
-9.379298E+0
-9.585098E+0
-9.832058E+0
-1.008784E+1
-1.043035E+1
-1.086841E+1
-1.150492E+1
-1.254274E+1
-1.548421E+1
-2.000005E+1
-2.000005E+1
-2.000005E+1
-2.000005E+1
-2.000005E+1
-2.000005E+1
-2.000005E+1
-2.000005E+1
-2.000005E+1
-2.000005E+1
-2.000005E+1
-2.000005E+1
-1.426852E+1
-1.284262E+1
-1.234135E+1
-1.227961E+1
-1.240750E+1
-1.261330E+1
-1.276324E+1
-1.268680E+1
-1.234135E+1
-1.193563E+1
-1.154902E+1
-1.129765E+1
-1.121974E+1
-1.129765E+1
-1.154902E+1
-1.198855E+1
-1.247365E+1
-1.284262E+1
-1.276324E+1
-1.221787E+1
-1.146082E+1
-1.074346E+1
-1.013341E+1
-9.676238E+0
-9.330788E+0
-9.104408E+0
-8.964758E+0
-8.872148E+0
-8.795708E+0
-8.710448E+0
-8.604608E+0
-8.482598E+0
-8.337068E+0
-8.200358E+0
-8.088638E+0
-8.026898E+0
-8.018078E+0
-8.079818E+0
-8.209178E+0
-8.409098E+0
-8.686928E+0
-9.061778E+0
-9.532178E+0
-1.010989E+1
-1.086841E+1
-1.198855E+1
-1.426852E+1
-2.000005E+1
-2.000005E+1
-2.000005E+1
-2.000005E+1
-2.000005E+1
-2.000005E+1
-2.000005E+1
-2.000005E+1
-2.000005E+1
-2.000005E+1
-2.000005E+1
-2.000005E+1
-2.000005E+1
-2.000005E+1
-2.000005E+1
-2.000005E+1
-2.000005E+1
-2.000005E+1
-2.000005E+1
-2.000005E+1
-2.000005E+1
-2.000005E+1
-2.000005E+1
-2.000005E+1
-2.000005E+1
-2.000005E+1
-1.761424E+1
-1.479331E+1
-1.397893E+1
-1.384663E+1
-1.411858E+1
-1.499911E+1
-2.000005E+1
-2.000005E+1
-2.000005E+1
-2.000005E+1
-2.000005E+1
-2.000005E+1
-2.000005E+1
-2.000005E+1
-2.000005E+1
-2.000005E+1
-2.000005E+1
-2.000005E+1
-2.000005E+1
-2.000005E+1
-2.000005E+1
-2.000005E+1
-2.000005E+1
-2.000005E+1
-2.000005E+1
-2.000005E+1
-2.000005E+1
-2.000005E+1
-2.000005E+1
-2.000005E+1
-2.000005E+1
-2.000005E+1
-1.761424E+1
-1.522843E+1
-1.479331E+1
-1.610896E+1
-2.000005E+1
-2.000005E+1
-2.000005E+1
-2.000005E+1
-2.000005E+1
-2.000005E+1
-2.000005E+1
-2.000005E+1
-2.000005E+1
-2.000005E+1
-2.000005E+1
-2.000005E+1
-2.000005E+1
-2.000005E+1
-2.000005E+1
-2.000005E+1
-2.000005E+1
-2.000005E+1
-2.000005E+1
-2.000005E+1
-2.000005E+1
-2.000005E+1
-2.000005E+1
-2.000005E+1
-2.000005E+1
-2.000005E+1
-2.000005E+1
-2.000005E+1
-2.000005E+1
-2.000005E+1
-2.000005E+1
-2.000005E+1
-2.000005E+1
-2.000005E+1
-2.000005E+1
-2.000005E+1
-2.000005E+1
-2.000005E+1
-2.000005E+1
-2.000005E+1
-2.000005E+1
-2.000005E+1
-2.000005E+1
-2.000005E+1
-2.000005E+1
-2.000005E+1
-2.000005E+1
-2.000005E+1
-2.000005E+1
-2.000005E+1
-2.000005E+1
-1.384663E+1
-1.178275E+1
-1.080520E+1
-1.027747E+1
-1.006579E+1
-1.006579E+1
-1.032745E+1
-1.083607E+1
-1.173277E+1
-1.328803E+1
-1.761424E+1
-2.000005E+1
-2.000005E+1
-2.000005E+1
-2.000005E+1
-2.000005E+1
-2.000005E+1
-2.000005E+1
-2.000005E+1
-2.000005E+1
-2.000005E+1
-2.000005E+1
-2.000005E+1
-2.000005E+1
-2.000005E+1
-2.000005E+1
-2.000005E+1
-2.000005E+1
-2.000005E+1
-1.349383E+1
-1.110802E+1
-1.002169E+1
-9.379298E+0
-8.992688E+0
-8.795708E+0
-8.747198E+0
-8.858918E+0
-9.148508E+0
-9.676238E+0
-1.059499E+1
-1.240750E+1
-2.000005E+1
-2.000005E+1
-2.000005E+1
-2.000005E+1
-2.000005E+1
-2.000005E+1
-2.000005E+1
-2.000005E+1
-2.000005E+1
-2.000005E+1
-2.000005E+1
-2.000005E+1
-2.000005E+1
-1.577380E+1
-1.372315E+1
-1.254274E+1
-1.173277E+1
-1.114477E+1
-1.074346E+1
-1.048327E+1
-1.043035E+1
-1.056706E+1
-1.100218E+1
-1.183273E+1
-1.372315E+1
-2.000005E+1
-2.000005E+1
-2.000005E+1
-2.000005E+1
-2.000005E+1
-2.000005E+1
-2.000005E+1
-2.000005E+1
-2.000005E+1
-2.000005E+1
-2.000005E+1
-2.000005E+1
-2.000005E+1
-2.000005E+1
-2.000005E+1
-2.000005E+1
-2.000005E+1
-2.000005E+1
-2.000005E+1
-2.000005E+1
-1.610896E+1
-1.227961E+1
-1.080520E+1
-9.893798E+0
-9.316088E+0
-8.951528E+0
-8.772188E+0
-8.747198E+0
-8.885378E+0
-9.177908E+0
-9.658598E+0
-1.035244E+1
-1.137850E+1
-1.309840E+1
-2.000005E+1
-2.000005E+1
-2.000005E+1
-2.000005E+1
-2.000005E+1
-2.000005E+1
-2.000005E+1
-2.000005E+1
-2.000005E+1
-2.000005E+1
-1.761424E+1
-1.372315E+1
-1.221787E+1
-1.125796E+1
-1.053913E+1
-9.977588E+0
-9.532178E+0
-9.177908E+0
-8.885378E+0
-8.651648E+0
-8.462018E+0
-8.297378E+0
-8.162138E+0
-8.044538E+0
-7.948988E+0
-7.882838E+0
-7.850498E+0
-7.834328E+0
-7.834328E+0
-7.850498E+0
-7.857848E+0
-7.874018E+0
-7.891658E+0
-7.907828E+0
-7.948988E+0
-8.035718E+0
-8.162138E+0
-8.357648E+0
-8.639888E+0
-9.019148E+0
-9.514538E+0
-1.013341E+1
-1.096837E+1
-1.227961E+1
-1.499911E+1
-2.000005E+1
-2.000005E+1
-2.000005E+1
-2.000005E+1
-2.000005E+1
-2.000005E+1
-2.000005E+1
-2.000005E+1
-2.000005E+1
-2.000005E+1
-2.000005E+1
-2.000005E+1
-2.000005E+1
-2.000005E+1
-2.000005E+1
-2.000005E+1
-1.443022E+1
-1.292494E+1
-1.268680E+1
-1.309840E+1
-1.460368E+1
-2.000005E+1
-2.000005E+1
-2.000005E+1
-2.000005E+1
-2.000005E+1
-2.000005E+1
-2.000005E+1
-2.000005E+1
-2.000005E+1
-2.000005E+1
-2.000005E+1
-2.000005E+1
-1.761424E+1
-1.188271E+1
-1.045681E+1
-9.639488E+0
-9.119108E+0
-8.758958E+0
-8.516408E+0
-8.357648E+0
-8.276798E+0
-8.276798E+0
-8.378228E+0
-8.570798E+0
-8.898608E+0
-9.379298E+0
-1.013341E+1
-1.137850E+1
-1.411858E+1
-2.000005E+1
-2.000005E+1
-2.000005E+1
-2.000005E+1
-2.000005E+1
-1.328803E+1
-1.137850E+1
-1.043035E+1
-9.955538E+0
-9.752678E+0
-9.773258E+0
-9.999638E+0
-1.045681E+1
-1.121974E+1
-1.247365E+1
-1.499911E+1
-2.000005E+1
-2.000005E+1
-2.000005E+1
-2.000005E+1
-2.000005E+1
-2.000005E+1
-2.000005E+1
-2.000005E+1
-2.000005E+1
-2.000005E+1
-2.000005E+1
-2.000005E+1
-2.000005E+1
-2.000005E+1
-2.000005E+1
-2.000005E+1
-2.000005E+1
-2.000005E+1
-2.000005E+1
-2.000005E+1
-2.000005E+1
-2.000005E+1
-2.000005E+1
-2.000005E+1
-2.000005E+1
-2.000005E+1
-2.000005E+1
-2.000005E+1
-2.000005E+1
-2.000005E+1
-2.000005E+1
-2.000005E+1
-2.000005E+1
-1.372315E+1
-1.210027E+1
-1.137850E+1
-1.100218E+1
-1.090222E+1
-1.100218E+1
-1.133734E+1
-1.198855E+1
-1.301020E+1
-1.460368E+1
-1.761424E+1
-2.000005E+1
-1.650439E+1
-1.426852E+1
-1.292494E+1
-1.210027E+1
-1.168573E+1
-1.159312E+1
-1.188271E+1
-1.284262E+1
-1.610896E+1
-2.000005E+1
-2.000005E+1
-2.000005E+1
-2.000005E+1
-2.000005E+1
-2.000005E+1
-2.000005E+1
-2.000005E+1
-2.000005E+1
-2.000005E+1
-2.000005E+1
-2.000005E+1
-2.000005E+1
-2.000005E+1
-2.000005E+1
-2.000005E+1
-2.000005E+1
-2.000005E+1
-2.000005E+1
-2.000005E+1
-2.000005E+1
-2.000005E+1
-2.000005E+1
-2.000005E+1
-2.000005E+1
-2.000005E+1
-2.000005E+1
-2.000005E+1
-2.000005E+1
-2.000005E+1
-2.000005E+1
-2.000005E+1
-2.000005E+1
-2.000005E+1
-2.000005E+1
-2.000005E+1
-2.000005E+1
-2.000005E+1
-2.000005E+1
-2.000005E+1
-2.000005E+1
-2.000005E+1
-2.000005E+1
-2.000005E+1
-2.000005E+1
-2.000005E+1
-2.000005E+1
-2.000005E+1
-2.000005E+1
-2.000005E+1
-2.000005E+1
-1.360555E+1
-1.125796E+1
-1.025248E+1
-9.639488E+0
-9.252878E+0
-9.019148E+0
-8.898608E+0
-8.833928E+0
-8.847158E+0
-8.898608E+0
-9.005918E+0
-9.177908E+0
-9.413108E+0
-9.733568E+0
-1.018045E+1
-1.086841E+1
-1.193563E+1
-1.411858E+1
-2.000005E+1
-2.000005E+1
-2.000005E+1
-2.000005E+1
-2.000005E+1
-2.000005E+1
-2.000005E+1
-2.000005E+1
-2.000005E+1
-2.000005E+1
-2.000005E+1
-2.000005E+1
-2.000005E+1
-2.000005E+1
-2.000005E+1
-2.000005E+1
-2.000005E+1
-2.000005E+1
-2.000005E+1
-2.000005E+1
-2.000005E+1
-2.000005E+1
-2.000005E+1
-2.000005E+1
-2.000005E+1
-2.000005E+1
-2.000005E+1
-2.000005E+1
-2.000005E+1
-2.000005E+1
-1.548421E+1
-1.426852E+1
-1.460368E+1
-1.650439E+1
-2.000005E+1
-2.000005E+1
-2.000005E+1
-2.000005E+1
-2.000005E+1
-2.000005E+1
-2.000005E+1
-2.000005E+1
-2.000005E+1
-2.000005E+1
-2.000005E+1
-2.000005E+1
-2.000005E+1
-2.000005E+1
-2.000005E+1
-2.000005E+1
-2.000005E+1
-2.000005E+1
-2.000005E+1
-2.000005E+1
-2.000005E+1
-2.000005E+1
-2.000005E+1
-2.000005E+1
-2.000005E+1
-2.000005E+1
-1.548421E+1
-1.411858E+1
-1.360555E+1
-1.338799E+1
-1.328803E+1
-1.309840E+1
-1.276324E+1
-1.240750E+1
-1.193563E+1
-1.159312E+1
-1.133734E+1
-1.125796E+1
-1.129765E+1
-1.150492E+1
-1.193563E+1
-1.268680E+1
-1.397893E+1
-1.761424E+1
-2.000005E+1
-2.000005E+1
-2.000005E+1
-2.000005E+1
-1.761424E+1
-1.338799E+1
-1.178275E+1
-1.071259E+1
-9.977588E+0
-9.446918E+0
-9.075008E+0
-8.833928E+0
-8.710448E+0
-8.686928E+0
-8.758958E+0
-8.911838E+0
-9.089708E+0
-9.269048E+0
-9.396938E+0
-9.413108E+0
-9.299918E+0
-9.075008E+0
-8.783948E+0
-8.494358E+0
-8.228288E+0
-8.009258E+0
-7.850498E+0
-7.754948E+0
-7.732898E+0
-7.763768E+0
-7.857848E+0
-8.000438E+0
-8.190068E+0
-8.409098E+0
-8.651648E+0
-8.911838E+0
-9.207308E+0
-9.549818E+0
-9.977588E+0
-1.056706E+1
-1.146082E+1
-1.319101E+1
-2.000005E+1
-2.000005E+1
-2.000005E+1
-2.000005E+1
-2.000005E+1
-2.000005E+1
-2.000005E+1
-2.000005E+1
-2.000005E+1
-2.000005E+1
-2.000005E+1
-1.577380E+1
-1.426852E+1
-1.397893E+1
-1.460368E+1
-1.650439E+1
-2.000005E+1
-2.000005E+1
-2.000005E+1
-2.000005E+1
-2.000005E+1
-2.000005E+1
-2.000005E+1
-2.000005E+1
-2.000005E+1
-2.000005E+1
-2.000005E+1
-2.000005E+1
-2.000005E+1
-2.000005E+1
-2.000005E+1
-2.000005E+1
-2.000005E+1
-2.000005E+1
-2.000005E+1
-2.000005E+1
-2.000005E+1
-2.000005E+1
-2.000005E+1
-2.000005E+1
-2.000005E+1
-2.000005E+1
-2.000005E+1
-2.000005E+1
-2.000005E+1
-2.000005E+1
-2.000005E+1
-2.000005E+1
-2.000005E+1
-2.000005E+1
-1.849477E+1
-1.479331E+1
-1.338799E+1
-1.247365E+1
-1.178275E+1
-1.137850E+1
-1.114477E+1
-1.110802E+1
-1.133734E+1
-1.188271E+1
-1.319101E+1
-2.000005E+1
-2.000005E+1
-2.000005E+1
-2.000005E+1
-2.000005E+1
-2.000005E+1
-2.000005E+1
-2.000005E+1
-2.000005E+1
-1.284262E+1
-1.118152E+1
-1.030099E+1
-9.792368E+0
-9.496898E+0
-9.346958E+0
-9.316088E+0
-9.396938E+0
-9.585098E+0
-9.873218E+0
-1.027747E+1
-1.080520E+1
-1.146082E+1
-1.234135E+1
-1.349383E+1
-1.522843E+1
-1.849477E+1
-2.000005E+1
-1.849477E+1
-1.522843E+1
-1.328803E+1
-1.204441E+1
-1.114477E+1
-1.048327E+1
-9.999638E+0
-9.639488E+0
-9.429278E+0
-9.346958E+0
-9.379298E+0
-9.514538E+0
-9.733568E+0
-1.004374E+1
-1.043035E+1
-1.083607E+1
-1.125796E+1
-1.159312E+1
-1.188271E+1
-1.221787E+1
-1.254274E+1
-1.309840E+1
-1.384663E+1
-1.499911E+1
-1.761424E+1
-2.000005E+1
-2.000005E+1
-2.000005E+1
-2.000005E+1
-2.000005E+1
-2.000005E+1
-2.000005E+1
-2.000005E+1
-2.000005E+1
-2.000005E+1
-2.000005E+1
-2.000005E+1
-2.000005E+1
-2.000005E+1
-2.000005E+1
-2.000005E+1
-2.000005E+1
-2.000005E+1
-2.000005E+1
-2.000005E+1
-2.000005E+1
-2.000005E+1
-2.000005E+1
-2.000005E+1
-2.000005E+1
-2.000005E+1
-2.000005E+1
-2.000005E+1
-2.000005E+1
-2.000005E+1
-2.000005E+1
-2.000005E+1
-2.000005E+1
-2.000005E+1
-2.000005E+1
-2.000005E+1
-2.000005E+1
-2.000005E+1
-2.000005E+1
-2.000005E+1
-2.000005E+1
-2.000005E+1
-2.000005E+1
-2.000005E+1
-2.000005E+1
-2.000005E+1
-2.000005E+1
-2.000005E+1
-1.319101E+1
-1.159312E+1
-1.100218E+1
-1.090222E+1
-1.121974E+1
-1.204441E+1
-1.443022E+1
-2.000005E+1
-2.000005E+1
-2.000005E+1
-2.000005E+1
-2.000005E+1
-2.000005E+1
-2.000005E+1
-2.000005E+1
-2.000005E+1
-2.000005E+1
-2.000005E+1
-2.000005E+1
-2.000005E+1
-2.000005E+1
-2.000005E+1
-1.328803E+1
-1.146082E+1
-1.053913E+1
-9.955538E+0
-9.549818E+0
-9.252878E+0
-9.047078E+0
-8.872148E+0
-8.747198E+0
-8.651648E+0
-8.582558E+0
-8.538458E+0
-8.516408E+0
-8.504648E+0
-8.494358E+0
-8.472308E+0
-8.450258E+0
-8.409098E+0
-8.367938E+0
-8.347358E+0
-8.378228E+0
-8.462018E+0
-8.651648E+0
-8.938298E+0
-9.396938E+0
-1.008784E+1
-1.118152E+1
-1.360555E+1
-2.000005E+1
-2.000005E+1
-2.000005E+1
-2.000005E+1
-2.000005E+1
-2.000005E+1
-2.000005E+1
-2.000005E+1
-2.000005E+1
-2.000005E+1
-2.000005E+1
-2.000005E+1
-2.000005E+1
-2.000005E+1
-2.000005E+1
-2.000005E+1
-2.000005E+1
-1.650439E+1
-1.268680E+1
-1.133734E+1
-1.056706E+1
-1.018045E+1
-1.006579E+1
-1.025248E+1
-1.083607E+1
-1.210027E+1
-1.849477E+1
-2.000005E+1
-2.000005E+1
-2.000005E+1
-2.000005E+1
-2.000005E+1
-2.000005E+1
-2.000005E+1
-1.328803E+1
-1.093456E+1
-9.852638E+0
-9.238178E+0
-8.872148E+0
-8.663408E+0
-8.594318E+0
-8.616368E+0
-8.735438E+0
-8.938298E+0
-9.238178E+0
-9.658598E+0
-1.025248E+1
-1.114477E+1
-1.268680E+1
-2.000005E+1
-2.000005E+1
-2.000005E+1
-2.000005E+1
-2.000005E+1
-2.000005E+1
-2.000005E+1
-2.000005E+1
-2.000005E+1
-2.000005E+1
-2.000005E+1
-2.000005E+1
-2.000005E+1
-2.000005E+1
-1.460368E+1
-1.268680E+1
-1.159312E+1
-1.080520E+1
-1.025248E+1
-9.893798E+0
-9.676238E+0
-9.585098E+0
-9.639488E+0
-9.811478E+0
-1.013341E+1
-1.059499E+1
-1.129765E+1
-1.240750E+1
-1.479331E+1
-2.000005E+1
-2.000005E+1
-2.000005E+1
-2.000005E+1
-2.000005E+1
-2.000005E+1
-2.000005E+1
-2.000005E+1
-2.000005E+1
-2.000005E+1
-2.000005E+1
-2.000005E+1
-2.000005E+1
-2.000005E+1
-2.000005E+1
-2.000005E+1
-2.000005E+1
-2.000005E+1
-2.000005E+1
-2.000005E+1
-2.000005E+1
-2.000005E+1
-2.000005E+1
-2.000005E+1
-2.000005E+1
-2.000005E+1
-1.188271E+1
-1.037743E+1
-9.549818E+0
-9.005918E+0
-8.639888E+0
-8.398808E+0
-8.228288E+0
-8.134208E+0
-8.097458E+0
-8.097458E+0
-8.143028E+0
-8.209178E+0
-8.316488E+0
-8.439968E+0
-8.594318E+0
-8.783948E+0
-9.005918E+0
-9.283748E+0
-9.621848E+0
-1.004374E+1
-1.059499E+1
-1.133734E+1
-1.240750E+1
-1.479331E+1
-2.000005E+1
-2.000005E+1
-2.000005E+1
-2.000005E+1
-2.000005E+1
-2.000005E+1
-2.000005E+1
-2.000005E+1
-2.000005E+1
-2.000005E+1
-2.000005E+1
-2.000005E+1
-2.000005E+1
-2.000005E+1
-2.000005E+1
-2.000005E+1
-2.000005E+1
-2.000005E+1
-2.000005E+1
-2.000005E+1
-2.000005E+1
-2.000005E+1
-2.000005E+1
-2.000005E+1
-2.000005E+1
-2.000005E+1
-2.000005E+1
-2.000005E+1
-2.000005E+1
-2.000005E+1
-2.000005E+1
-2.000005E+1
-2.000005E+1
-2.000005E+1
-2.000005E+1
-2.000005E+1
-1.234135E+1
-1.071259E+1
-9.773258E+0
-9.148508E+0
-8.686928E+0
-8.347358E+0
-8.097458E+0
-7.923998E+0
-7.818158E+0
-7.778468E+0
-7.787288E+0
-7.841678E+0
-7.948988E+0
-8.116568E+0
-8.347358E+0
-8.663408E+0
-9.075008E+0
-9.602738E+0
-1.027747E+1
-1.121974E+1
-1.261330E+1
-1.610896E+1
-2.000005E+1
-2.000005E+1
-2.000005E+1
-2.000005E+1
-2.000005E+1
-2.000005E+1
-2.000005E+1
-2.000005E+1
-2.000005E+1
-2.000005E+1
-2.000005E+1
-1.349383E+1
-1.173277E+1
-1.083607E+1
-1.027747E+1
-9.893798E+0
-9.658598E+0
-9.514538E+0
-9.446918E+0
-9.429278E+0
-9.463088E+0
-9.549818E+0
-9.714458E+0
-9.955538E+0
-1.030099E+1
-1.077433E+1
-1.150492E+1
-1.261330E+1
-1.522843E+1
-2.000005E+1
-2.000005E+1
-2.000005E+1
-2.000005E+1
-2.000005E+1
-2.000005E+1
-2.000005E+1
-2.000005E+1
-2.000005E+1
-2.000005E+1
-2.000005E+1
-2.000005E+1
-2.000005E+1
-2.000005E+1
-2.000005E+1
-2.000005E+1
-2.000005E+1
-2.000005E+1
-2.000005E+1
-2.000005E+1
-2.000005E+1
-2.000005E+1
-2.000005E+1
-2.000005E+1
-2.000005E+1
-2.000005E+1
-2.000005E+1
-2.000005E+1
-1.610896E+1
-1.411858E+1
-1.338799E+1
-1.328803E+1
-1.349383E+1
-1.460368E+1
-2.000005E+1
-2.000005E+1
-2.000005E+1
-2.000005E+1
-2.000005E+1
-2.000005E+1
-2.000005E+1
-2.000005E+1
-2.000005E+1
-2.000005E+1
-2.000005E+1
-2.000005E+1
-2.000005E+1
-2.000005E+1
-2.000005E+1
-2.000005E+1
-2.000005E+1
-2.000005E+1
-2.000005E+1
-2.000005E+1
-2.000005E+1
-2.000005E+1
-2.000005E+1
-1.849477E+1
-1.650439E+1
-1.548421E+1
-1.479331E+1
-1.426852E+1
-1.384663E+1
-1.338799E+1
-1.309840E+1
-1.284262E+1
-1.292494E+1
-1.338799E+1
-1.479331E+1
-2.000005E+1
-2.000005E+1
-2.000005E+1
-2.000005E+1
-2.000005E+1
-2.000005E+1
-2.000005E+1
-2.000005E+1
-2.000005E+1
-2.000005E+1
-2.000005E+1
-2.000005E+1
-2.000005E+1
-2.000005E+1
-2.000005E+1
-2.000005E+1
-2.000005E+1
-2.000005E+1
-2.000005E+1
-2.000005E+1
-2.000005E+1
-2.000005E+1
-2.000005E+1
-2.000005E+1
-2.000005E+1
-2.000005E+1
-2.000005E+1
-2.000005E+1
-2.000005E+1
-2.000005E+1
-2.000005E+1
-2.000005E+1
-2.000005E+1
-2.000005E+1
-2.000005E+1
-2.000005E+1
-2.000005E+1
-2.000005E+1
-2.000005E+1
-2.000005E+1
-2.000005E+1
-2.000005E+1
-2.000005E+1
-2.000005E+1
-2.000005E+1
-2.000005E+1
-2.000005E+1
-2.000005E+1
-2.000005E+1
-2.000005E+1
-2.000005E+1
-2.000005E+1
-2.000005E+1
-2.000005E+1
-1.397893E+1
-1.193563E+1
-1.090222E+1
-1.020397E+1
-9.676238E+0
-9.299918E+0
-8.992688E+0
-8.772188E+0
-8.604608E+0
-8.516408E+0
-8.494358E+0
-8.560508E+0
-8.710448E+0
-8.964758E+0
-9.346958E+0
-9.893798E+0
-1.065379E+1
-1.173277E+1
-1.372315E+1
-2.000005E+1
-2.000005E+1
-2.000005E+1
-2.000005E+1
-2.000005E+1
-2.000005E+1
-2.000005E+1
-1.610896E+1
-1.292494E+1
-1.163869E+1
-1.077433E+1
-1.015693E+1
-9.676238E+0
-9.316088E+0
-9.061778E+0
-8.898608E+0
-8.808938E+0
-8.783948E+0
-8.847158E+0
-8.992688E+0
-9.252878E+0
-9.658598E+0
-1.020397E+1
-1.100218E+1
-1.227961E+1
-1.577380E+1
-2.000005E+1
-2.000005E+1
-2.000005E+1
-2.000005E+1
-2.000005E+1
-2.000005E+1
-2.000005E+1
-2.000005E+1
-2.000005E+1
-2.000005E+1
-2.000005E+1
-2.000005E+1
-2.000005E+1
-2.000005E+1
-2.000005E+1
-2.000005E+1
-2.000005E+1
-2.000005E+1
-2.000005E+1
-2.000005E+1
-2.000005E+1
-2.000005E+1
-2.000005E+1
-2.000005E+1
-2.000005E+1
-2.000005E+1
-2.000005E+1
-2.000005E+1
-2.000005E+1
-2.000005E+1
-1.479331E+1
-1.173277E+1
-1.056706E+1
-9.873218E+0
-9.413108E+0
-9.089708E+0
-8.872148E+0
-8.722208E+0
-8.651648E+0
-8.639888E+0
-8.663408E+0
-8.698688E+0
-8.758958E+0
-8.822168E+0
-8.898608E+0
-8.977988E+0
-9.089708E+0
-9.222008E+0
-9.396938E+0
-9.602738E+0
-9.832058E+0
-1.004374E+1
-1.020397E+1
-1.035244E+1
-1.045681E+1
-1.056706E+1
-1.068319E+1
-1.090222E+1
-1.129765E+1
-1.210027E+1
-1.372315E+1
-2.000005E+1
-2.000005E+1
-2.000005E+1
