Date/Time	2022-06-08 10:23:52
Line location	1
Line name	A1
OTDR wavelength [nm]	1625
OTDR pulse duration [ns]	2
OTDR scan time [s]	10
OTDR scan length [m]	1.500000E+2
Length offset [m]	0.000000E+0
Length increment [m]	3.996806E-2
Switch ID	VIAVI Solutions,OTU 8000E,11654,FO,16.76
OTDR ID	JDSU,OTU 8000E,11654,OTU(SmartOTU),V7.22

Reflected amplitude [dB]
1.244392E+0
1.198822E+0
1.153252E+0
1.113562E+0
1.079752E+0
1.062112E+0
1.078282E+0
1.165012E+0
1.339942E+0
1.554562E+0
1.782412E+0
2.016142E+0
2.227822E+0
2.390992E+0
2.511532E+0
2.596792E+0
2.648242E+0
2.662942E+0
2.649712E+0
2.598262E+0
2.496832E+0
2.360122E+0
2.198422E+0
2.007322E+0
1.798582E+0
1.586902E+0
1.376692E+0
1.170892E+0
9.753820E-1
7.945720E-1
6.387520E-1
5.079220E-1
3.991420E-1
3.094720E-1
2.345020E-1
1.698220E-1
1.154320E-1
6.839200E-2
2.870200E-2
-5.108000E-3
-3.450800E-2
-5.949800E-2
-8.154800E-2
-9.918800E-2
-1.168280E-1
-1.344680E-1
-1.491680E-1
-1.653380E-1
-1.800380E-1
-1.947380E-1
-2.109080E-1
-2.256080E-1
-2.403080E-1
-2.564780E-1
-2.726480E-1
-2.902880E-1
-3.064580E-1
-3.240980E-1
-3.402680E-1
-3.579080E-1
-3.740780E-1
-3.902480E-1
-4.064180E-1
-4.211180E-1
-4.343480E-1
-4.446380E-1
-4.505180E-1
-4.519880E-1
-4.461080E-1
-4.314080E-1
-4.093580E-1
-3.799580E-1
-3.446780E-1
-3.064580E-1
-2.667680E-1
-2.285480E-1
-1.947380E-1
-1.668080E-1
-1.447580E-1
-1.285880E-1
-1.197680E-1
-1.153580E-1
-1.168280E-1
-1.212380E-1
-1.285880E-1
-1.388780E-1
-1.491680E-1
-1.623980E-1
-1.756280E-1
-1.917980E-1
-2.079680E-1
-2.270780E-1
-2.461880E-1
-2.667680E-1
-2.873480E-1
-3.079280E-1
-3.255680E-1
-3.432080E-1
-3.579080E-1
-3.726080E-1
-3.858380E-1
-3.990680E-1
-4.137680E-1
-4.299380E-1
-4.475780E-1
-4.652180E-1
-4.843280E-1
-5.019680E-1
-5.196080E-1
-5.357780E-1
-5.490080E-1
-5.622380E-1
-5.725280E-1
-5.813480E-1
-5.886980E-1
-5.945780E-1
-5.989880E-1
-6.004580E-1
-6.004580E-1
-5.975180E-1
-5.931080E-1
-5.872280E-1
-5.813480E-1
-5.754680E-1
-5.710580E-1
-5.710580E-1
-5.739980E-1
-5.813480E-1
-5.901680E-1
-6.033980E-1
-6.180980E-1
-6.313280E-1
-6.430880E-1
-6.504380E-1
-6.533780E-1
-6.519080E-1
-6.460280E-1
-6.372080E-1
-6.283880E-1
-6.195680E-1
-6.107480E-1
-6.033980E-1
-5.416580E-1
-2.505980E-1
4.535320E-1
1.519282E+0
2.712922E+0
3.853642E+0
4.872352E+0
5.749942E+0
6.489352E+0
7.096462E+0
7.588912E+0
7.979932E+0
8.282752E+0
8.509132E+0
8.664952E+0
8.757562E+0
8.788432E+0
8.761972E+0
8.682592E+0
8.554702E+0
8.379772E+0
8.160742E+0
7.902022E+0
7.605082E+0
7.275802E+0
6.911242E+0
6.512872E+0
6.083632E+0
5.627932E+0
5.150182E+0
4.660672E+0
4.168222E+0
3.690472E+0
3.233302E+0
2.811412E+0
2.438032E+0
2.117572E+0
1.841212E+0
1.607482E+0
1.409032E+0
1.223812E+0
1.041532E+0
8.607220E-1
6.857920E-1
5.226220E-1
3.623920E-1
2.080420E-1
6.986200E-2
-4.773800E-2
-1.462280E-1
-2.285480E-1
-2.976380E-1
-3.549680E-1
-4.020080E-1
-4.387580E-1
-4.666880E-1
-4.857980E-1
-4.990280E-1
-5.049080E-1
-5.078480E-1
-5.049080E-1
-5.004980E-1
-4.960880E-1
-4.916780E-1
-4.887380E-1
-4.857980E-1
-4.857980E-1
-4.872680E-1
-4.902080E-1
-4.916780E-1
-4.916780E-1
-4.887380E-1
-4.828580E-1
-4.725680E-1
-4.578680E-1
-4.387580E-1
-4.167080E-1
-3.917180E-1
-3.681980E-1
-3.446780E-1
-3.255680E-1
-3.108680E-1
-3.020480E-1
-2.991080E-1
-3.020480E-1
-3.123380E-1
-3.255680E-1
-3.417380E-1
-3.608480E-1
-3.799580E-1
-3.990680E-1
-4.167080E-1
-4.343480E-1
-4.490480E-1
-4.622780E-1
-4.740380E-1
-4.843280E-1
-4.946180E-1
-5.034380E-1
-5.107880E-1
-5.196080E-1
-5.284280E-1
-5.372480E-1
-5.475380E-1
-5.563580E-1
-5.637080E-1
-5.695880E-1
-5.725280E-1
-5.725280E-1
-5.695880E-1
-5.637080E-1
-5.548880E-1
-5.460680E-1
-5.357780E-1
-5.269580E-1
-5.196080E-1
-5.151980E-1
-5.122580E-1
-5.122580E-1
-5.151980E-1
-5.181380E-1
-5.240180E-1
-5.298980E-1
-5.372480E-1
-5.431280E-1
-5.475380E-1
-5.519480E-1
-5.563580E-1
-5.592980E-1
-5.607680E-1
-5.607680E-1
-5.592980E-1
-5.563580E-1
-5.490080E-1
-5.401880E-1
-5.284280E-1
-5.166680E-1
-5.049080E-1
-4.931480E-1
-4.828580E-1
-4.740380E-1
-4.696280E-1
-4.652180E-1
-4.637480E-1
-4.622780E-1
-4.622780E-1
-4.622780E-1
-4.637480E-1
-4.652180E-1
-4.681580E-1
-4.710980E-1
-4.784480E-1
-4.857980E-1
-4.960880E-1
-5.063780E-1
-5.166680E-1
-5.269580E-1
-5.328380E-1
-5.372480E-1
-5.372480E-1
-5.357780E-1
-5.328380E-1
-5.284280E-1
-5.254880E-1
-5.240180E-1
-5.240180E-1
-5.284280E-1
-5.357780E-1
-5.431280E-1
-5.519480E-1
-5.592980E-1
-5.651780E-1
-5.666480E-1
-5.666480E-1
-5.607680E-1
-5.534180E-1
-5.445980E-1
-5.357780E-1
-5.284280E-1
-5.225480E-1
-5.210780E-1
-5.225480E-1
-5.284280E-1
-5.357780E-1
-5.460680E-1
-5.578280E-1
-5.710580E-1
-5.828180E-1
-5.931080E-1
-6.004580E-1
-6.063380E-1
-6.078080E-1
-6.048680E-1
-5.975180E-1
-5.842880E-1
-5.666480E-1
-5.460680E-1
-5.196080E-1
-4.916780E-1
-4.622780E-1
-4.328780E-1
-4.049480E-1
-3.799580E-1
-3.564380E-1
-3.373280E-1
-3.226280E-1
-3.108680E-1
-3.035180E-1
-3.005780E-1
-3.005780E-1
-3.020480E-1
-3.079280E-1
-3.152780E-1
-3.240980E-1
-3.358580E-1
-3.490880E-1
-3.652580E-1
-3.828980E-1
-4.020080E-1
-4.225880E-1
-4.446380E-1
-4.652180E-1
-4.857980E-1
-5.049080E-1
-5.196080E-1
-5.328380E-1
-5.431280E-1
-5.490080E-1
-5.534180E-1
-5.534180E-1
-5.548880E-1
-5.534180E-1
-5.534180E-1
-5.548880E-1
-5.563580E-1
-5.607680E-1
-5.637080E-1
-5.695880E-1
-5.739980E-1
-5.769380E-1
-5.784080E-1
-5.784080E-1
-5.769380E-1
-5.725280E-1
-5.681180E-1
-5.622380E-1
-5.563580E-1
-5.534180E-1
-5.504780E-1
-5.490080E-1
-5.504780E-1
-5.534180E-1
-5.578280E-1
-5.637080E-1
-5.681180E-1
-5.710580E-1
-5.710580E-1
-5.681180E-1
-5.607680E-1
-5.504780E-1
-5.343080E-1
-5.151980E-1
-4.916780E-1
-4.652180E-1
-4.372880E-1
-4.093580E-1
-3.828980E-1
-3.593780E-1
-3.387980E-1
-3.226280E-1
-3.108680E-1
-3.049880E-1
-3.020480E-1
-3.020480E-1
-3.064580E-1
-3.108680E-1
-3.182180E-1
-3.270380E-1
-3.373280E-1
-3.490880E-1
-3.623180E-1
-3.755480E-1
-3.902480E-1
-4.049480E-1
-4.181780E-1
-4.328780E-1
-4.446380E-1
-4.563980E-1
-4.666880E-1
-4.769780E-1
-4.857980E-1
-4.931480E-1
-5.004980E-1
-5.063780E-1
-5.107880E-1
-5.137280E-1
-5.137280E-1
-5.137280E-1
-5.122580E-1
-5.093180E-1
-5.078480E-1
-5.063780E-1
-5.049080E-1
-5.049080E-1
-5.063780E-1
-5.078480E-1
-5.093180E-1
-5.107880E-1
-5.137280E-1
-5.181380E-1
-5.240180E-1
-5.298980E-1
-5.401880E-1
-5.504780E-1
-5.622380E-1
-5.739980E-1
-5.857580E-1
-5.945780E-1
-6.019280E-1
-6.078080E-1
-6.092780E-1
-6.092780E-1
-6.048680E-1
-5.989880E-1
-5.901680E-1
-5.784080E-1
-5.637080E-1
-5.475380E-1
-5.298980E-1
-5.093180E-1
-4.902080E-1
-4.696280E-1
-4.505180E-1
-4.328780E-1
-4.167080E-1
-4.049480E-1
-3.946580E-1
-3.902480E-1
-3.902480E-1
-3.931880E-1
-4.005380E-1
-4.093580E-1
-4.225880E-1
-4.372880E-1
-4.519880E-1
-4.681580E-1
-4.813880E-1
-4.946180E-1
-5.063780E-1
-5.151980E-1
-5.210780E-1
-5.240180E-1
-5.254880E-1
-5.254880E-1
-5.225480E-1
-5.196080E-1
-5.151980E-1
-5.122580E-1
-5.093180E-1
-5.078480E-1
-5.078480E-1
-5.107880E-1
-5.137280E-1
-5.181380E-1
-5.240180E-1
-5.313680E-1
-5.372480E-1
-5.416580E-1
-5.445980E-1
-5.431280E-1
-5.401880E-1
-5.357780E-1
-5.284280E-1
-5.210780E-1
-5.166680E-1
-5.137280E-1
-5.137280E-1
-5.181380E-1
-5.240180E-1
-5.313680E-1
-5.401880E-1
-5.475380E-1
-5.534180E-1
-5.563580E-1
-5.563580E-1
-5.548880E-1
-5.519480E-1
-5.460680E-1
-5.416580E-1
-5.372480E-1
-5.328380E-1
-5.298980E-1
-5.269580E-1
-5.240180E-1
-5.225480E-1
-5.210780E-1
-5.196080E-1
-5.166680E-1
-5.166680E-1
-5.151980E-1
-5.137280E-1
-5.137280E-1
-5.151980E-1
-5.151980E-1
-5.166680E-1
-5.196080E-1
-5.210780E-1
-5.225480E-1
-5.240180E-1
-5.254880E-1
-5.269580E-1
-5.269580E-1
-5.284280E-1
-5.284280E-1
-5.284280E-1
-5.284280E-1
-5.298980E-1
-5.298980E-1
-5.313680E-1
-5.328380E-1
-5.357780E-1
-5.416580E-1
-5.475380E-1
-5.563580E-1
-5.651780E-1
-5.739980E-1
-5.813480E-1
-5.886980E-1
-5.945780E-1
-5.989880E-1
-6.019280E-1
-6.033980E-1
-6.063380E-1
-6.078080E-1
-6.107480E-1
-6.122180E-1
-6.136880E-1
-6.136880E-1
-6.122180E-1
-6.092780E-1
-6.048680E-1
-6.004580E-1
-5.945780E-1
-5.886980E-1
-5.842880E-1
-5.813480E-1
-5.798780E-1
-5.769380E-1
-5.739980E-1
-5.725280E-1
-5.681180E-1
-5.637080E-1
-5.592980E-1
-5.548880E-1
-5.519480E-1
-5.490080E-1
-5.460680E-1
-5.445980E-1
-5.416580E-1
-5.401880E-1
-5.387180E-1
-5.357780E-1
-5.313680E-1
-5.254880E-1
-5.181380E-1
-5.122580E-1
-5.034380E-1
-4.946180E-1
-4.872680E-1
-4.799180E-1
-4.740380E-1
-4.696280E-1
-4.666880E-1
-4.652180E-1
-4.666880E-1
-4.696280E-1
-4.755080E-1
-4.828580E-1
-4.931480E-1
-5.034380E-1
-5.151980E-1
-5.269580E-1
-5.372480E-1
-5.475380E-1
-5.534180E-1
-5.592980E-1
-5.637080E-1
-5.666480E-1
-5.710580E-1
-5.769380E-1
-5.842880E-1
-5.931080E-1
-6.033980E-1
-6.136880E-1
-6.254480E-1
-6.342680E-1
-6.430880E-1
-6.489680E-1
-6.504380E-1
-6.504380E-1
-6.474980E-1
-6.430880E-1
-6.372080E-1
-6.327980E-1
-6.283880E-1
-6.269180E-1
-6.269180E-1
-6.283880E-1
-6.313280E-1
-6.342680E-1
-6.386780E-1
-6.416180E-1
-6.416180E-1
-6.401480E-1
-6.372080E-1
-6.313280E-1
-6.239780E-1
-6.151580E-1
-6.063380E-1
-5.960480E-1
-5.872280E-1
-5.784080E-1
-5.710580E-1
-5.637080E-1
-5.578280E-1
-5.519480E-1
-5.460680E-1
-5.401880E-1
-5.343080E-1
-5.284280E-1
-5.225480E-1
-5.166680E-1
-5.122580E-1
-5.093180E-1
-5.063780E-1
-5.063780E-1
-5.063780E-1
-5.078480E-1
-5.107880E-1
-5.137280E-1
-5.166680E-1
-5.181380E-1
-5.196080E-1
-5.196080E-1
-5.181380E-1
-5.151980E-1
-5.107880E-1
-5.078480E-1
-5.049080E-1
-5.049080E-1
-5.063780E-1
-5.107880E-1
-5.196080E-1
-5.313680E-1
-5.431280E-1
-5.563580E-1
-5.666480E-1
-5.754680E-1
-5.828180E-1
-5.857580E-1
-5.872280E-1
-5.872280E-1
-5.872280E-1
-5.857580E-1
-5.828180E-1
-5.813480E-1
-5.798780E-1
-5.784080E-1
-5.769380E-1
-5.739980E-1
-5.725280E-1
-5.725280E-1
-5.725280E-1
-5.754680E-1
-5.784080E-1
-5.813480E-1
-5.872280E-1
-5.916380E-1
-5.975180E-1
-6.019280E-1
-6.048680E-1
-6.078080E-1
-6.078080E-1
-6.063380E-1
-6.033980E-1
-5.989880E-1
-5.945780E-1
-5.886980E-1
-5.842880E-1
-5.798780E-1
-5.784080E-1
-5.769380E-1
-5.784080E-1
-5.813480E-1
-5.857580E-1
-5.931080E-1
-6.004580E-1
-6.092780E-1
-6.180980E-1
-6.239780E-1
-6.283880E-1
-6.298580E-1
-6.283880E-1
-6.210380E-1
-6.107480E-1
-5.960480E-1
-5.813480E-1
-5.637080E-1
-5.475380E-1
-5.328380E-1
-5.210780E-1
-5.122580E-1
-5.078480E-1
-5.049080E-1
-5.049080E-1
-5.063780E-1
-5.093180E-1
-5.137280E-1
-5.196080E-1
-5.254880E-1
-5.313680E-1
-5.372480E-1
-5.416580E-1
-5.460680E-1
-5.490080E-1
-5.519480E-1
-5.534180E-1
-5.563580E-1
-5.592980E-1
-5.651780E-1
-5.710580E-1
-5.798780E-1
-5.886980E-1
-5.989880E-1
-6.092780E-1
-6.180980E-1
-6.269180E-1
-6.342680E-1
-6.401480E-1
-6.445580E-1
-6.460280E-1
-6.460280E-1
-6.460280E-1
-6.445580E-1
-6.430880E-1
-6.430880E-1
-6.445580E-1
-6.489680E-1
-6.548480E-1
-6.621980E-1
-6.710180E-1
-6.768980E-1
-6.827780E-1
-6.842480E-1
-6.827780E-1
-6.768980E-1
-6.695480E-1
-6.592580E-1
-6.474980E-1
-6.357380E-1
-6.239780E-1
-6.136880E-1
-6.019280E-1
-5.931080E-1
-5.857580E-1
-5.798780E-1
-5.739980E-1
-5.710580E-1
-5.681180E-1
-5.681180E-1
-5.681180E-1
-5.695880E-1
-5.710580E-1
-5.725280E-1
-5.754680E-1
-5.769380E-1
-5.798780E-1
-5.813480E-1
-5.842880E-1
-5.872280E-1
-5.901680E-1
-5.945780E-1
-5.989880E-1
-6.019280E-1
-6.063380E-1
-6.092780E-1
-6.107480E-1
-6.122180E-1
-6.122180E-1
-6.122180E-1
-6.122180E-1
-6.122180E-1
-6.122180E-1
-6.107480E-1
-6.107480E-1
-6.092780E-1
-6.092780E-1
-6.107480E-1
-6.136880E-1
-6.166280E-1
-6.210380E-1
-6.254480E-1
-6.298580E-1
-6.342680E-1
-6.386780E-1
-6.401480E-1
-6.416180E-1
-6.416180E-1
-6.401480E-1
-6.386780E-1
-6.357380E-1
-6.342680E-1
-6.298580E-1
-6.254480E-1
-6.180980E-1
-6.092780E-1
-5.989880E-1
-5.872280E-1
-5.739980E-1
-5.607680E-1
-5.490080E-1
-5.372480E-1
-5.284280E-1
-5.240180E-1
-5.225480E-1
-5.240180E-1
-5.298980E-1
-5.372480E-1
-5.460680E-1
-5.563580E-1
-5.651780E-1
-5.739980E-1
-5.813480E-1
-5.872280E-1
-5.916380E-1
-5.975180E-1
-6.019280E-1
-6.063380E-1
-6.107480E-1
-6.151580E-1
-6.195680E-1
-6.239780E-1
-6.283880E-1
-6.298580E-1
-6.313280E-1
-6.313280E-1
-6.283880E-1
-6.239780E-1
-6.166280E-1
-6.063380E-1
-5.960480E-1
-5.842880E-1
-5.739980E-1
-5.637080E-1
-5.563580E-1
-5.490080E-1
-5.445980E-1
-5.416580E-1
-5.401880E-1
-5.401880E-1
-5.431280E-1
-5.475380E-1
-5.519480E-1
-5.578280E-1
-5.651780E-1
-5.725280E-1
-5.784080E-1
-5.857580E-1
-5.916380E-1
-5.989880E-1
-6.033980E-1
-6.078080E-1
-6.107480E-1
-6.122180E-1
-6.122180E-1
-6.092780E-1
-6.033980E-1
-5.975180E-1
-5.901680E-1
-5.828180E-1
-5.754680E-1
-5.710580E-1
-5.666480E-1
-5.651780E-1
-5.651780E-1
-5.666480E-1
-5.725280E-1
-5.784080E-1
-5.857580E-1
-5.931080E-1
-6.019280E-1
-6.078080E-1
-6.122180E-1
-6.136880E-1
-6.122180E-1
-6.063380E-1
-5.960480E-1
-5.828180E-1
-5.681180E-1
-5.519480E-1
-5.343080E-1
-5.181380E-1
-5.034380E-1
-4.916780E-1
-4.843280E-1
-4.799180E-1
-4.799180E-1
-4.857980E-1
-4.946180E-1
-5.063780E-1
-5.196080E-1
-5.343080E-1
-5.475380E-1
-5.592980E-1
-5.681180E-1
-5.754680E-1
-5.813480E-1
-5.857580E-1
-5.916380E-1
-5.960480E-1
-6.004580E-1
-6.048680E-1
-6.078080E-1
-6.092780E-1
-6.092780E-1
-6.063380E-1
-6.033980E-1
-5.975180E-1
-5.901680E-1
-5.842880E-1
-5.784080E-1
-5.725280E-1
-5.695880E-1
-5.651780E-1
-5.637080E-1
-5.607680E-1
-5.592980E-1
-5.563580E-1
-5.534180E-1
-5.504780E-1
-5.475380E-1
-5.475380E-1
-5.475380E-1
-5.475380E-1
-5.519480E-1
-5.548880E-1
-5.607680E-1
-5.681180E-1
-5.769380E-1
-5.857580E-1
-5.960480E-1
-6.078080E-1
-6.180980E-1
-6.283880E-1
-6.372080E-1
-6.445580E-1
-6.489680E-1
-6.519080E-1
-6.533780E-1
-6.548480E-1
-6.533780E-1
-6.533780E-1
-6.519080E-1
-6.504380E-1
-6.474980E-1
-6.445580E-1
-6.386780E-1
-6.327980E-1
-6.269180E-1
-6.195680E-1
-6.136880E-1
-6.107480E-1
-6.092780E-1
-6.078080E-1
-6.092780E-1
-6.122180E-1
-6.151580E-1
-6.166280E-1
-6.195680E-1
-6.210380E-1
-6.210380E-1
-6.225080E-1
-6.239780E-1
-6.269180E-1
-6.298580E-1
-6.342680E-1
-6.401480E-1
-6.460280E-1
-6.533780E-1
-6.636680E-1
-6.754280E-1
-6.901280E-1
-7.077680E-1
-7.312880E-1
-7.592180E-1
-7.900880E-1
-8.253680E-1
-8.635880E-1
-9.018080E-1
-9.400280E-1
-9.767780E-1
-1.010588E+0
-1.039988E+0
-1.066448E+0
-1.088498E+0
-1.107608E+0
-1.120838E+0
-1.129658E+0
-1.134068E+0
-1.134068E+0
-1.131128E+0
-1.126718E+0
-1.120838E+0
-1.114958E+0
-1.112018E+0
-1.110548E+0
-1.114958E+0
-1.120838E+0
-1.131128E+0
-1.144358E+0
-1.157588E+0
-1.172288E+0
-1.185518E+0
-1.197278E+0
-1.206098E+0
-1.211978E+0
-1.217858E+0
-1.222268E+0
-1.228148E+0
-1.234028E+0
-1.242848E+0
-1.254608E+0
-1.267838E+0
-1.281068E+0
-1.294298E+0
-1.306058E+0
-1.316348E+0
-1.325168E+0
-1.332518E+0
-1.338398E+0
-1.342808E+0
-1.348688E+0
-1.351628E+0
-1.354568E+0
-1.356038E+0
-1.353098E+0
-1.350158E+0
-1.344278E+0
-1.338398E+0
-1.332518E+0
-1.329578E+0
-1.328108E+0
-1.329578E+0
-1.335458E+0
-1.341338E+0
-1.348688E+0
-1.356038E+0
-1.363388E+0
-1.367798E+0
-1.372208E+0
-1.375148E+0
-1.376618E+0
-1.376618E+0
-1.376618E+0
-1.375148E+0
-1.372208E+0
-1.367798E+0
-1.360448E+0
-1.350158E+0
-1.338398E+0
-1.326638E+0
-1.313408E+0
-1.304588E+0
-1.297238E+0
-1.294298E+0
-1.297238E+0
-1.304588E+0
-1.317818E+0
-1.335458E+0
-1.354568E+0
-1.376618E+0
-1.398668E+0
-1.420718E+0
-1.438358E+0
-1.454528E+0
-1.466288E+0
-1.473638E+0
-1.478048E+0
-1.479518E+0
-1.478048E+0
-1.475108E+0
-1.470698E+0
-1.467758E+0
-1.464818E+0
-1.461878E+0
-1.461878E+0
-1.463348E+0
-1.464818E+0
-1.466288E+0
-1.469228E+0
-1.470698E+0
-1.473638E+0
-1.475108E+0
-1.476578E+0
-1.478048E+0
-1.480988E+0
-1.483928E+0
-1.488338E+0
-1.494218E+0
-1.500098E+0
-1.505978E+0
-1.511858E+0
-1.517738E+0
-1.520678E+0
-1.522148E+0
-1.522148E+0
-1.520678E+0
-1.517738E+0
-1.514798E+0
-1.513328E+0
-1.511858E+0
-1.511858E+0
-1.514798E+0
-1.520678E+0
-1.528028E+0
-1.536848E+0
-1.548608E+0
-1.560368E+0
-1.573598E+0
-1.588298E+0
-1.601528E+0
-1.616228E+0
-1.627988E+0
-1.636808E+0
-1.642688E+0
-1.644158E+0
-1.639748E+0
-1.633868E+0
-1.623578E+0
-1.611818E+0
-1.601528E+0
-1.591238E+0
-1.583888E+0
-1.579478E+0
-1.579478E+0
-1.582418E+0
-1.588298E+0
-1.597118E+0
-1.605938E+0
-1.616228E+0
-1.626518E+0
-1.636808E+0
-1.647098E+0
-1.657388E+0
-1.667678E+0
-1.677968E+0
-1.686788E+0
-1.694138E+0
-1.701488E+0
-1.705898E+0
-1.708838E+0
-1.710308E+0
-1.711778E+0
-1.713248E+0
-1.714718E+0
-1.716188E+0
-1.719128E+0
-1.722068E+0
-1.725008E+0
-1.727948E+0
-1.729418E+0
-1.729418E+0
-1.727948E+0
-1.723538E+0
-1.719128E+0
-1.713248E+0
-1.707368E+0
-1.701488E+0
-1.697078E+0
-1.692668E+0
-1.689728E+0
-1.686788E+0
-1.683848E+0
-1.680908E+0
-1.677968E+0
-1.675028E+0
-1.670618E+0
-1.669148E+0
-1.667678E+0
-1.666208E+0
-1.669148E+0
-1.672088E+0
-1.676498E+0
-1.683848E+0
-1.692668E+0
-1.701488E+0
-1.713248E+0
-1.726478E+0
-1.741178E+0
-1.757348E+0
-1.773518E+0
-1.789688E+0
-1.805858E+0
-1.820558E+0
-1.833788E+0
-1.844078E+0
-1.852898E+0
-1.858778E+0
-1.863188E+0
-1.867598E+0
-1.870538E+0
-1.872008E+0
-1.874948E+0
-1.876418E+0
-1.877888E+0
-1.880828E+0
-1.883768E+0
-1.888178E+0
-1.894058E+0
-1.902878E+0
-1.911698E+0
-1.920518E+0
-1.927868E+0
-1.933748E+0
-1.936688E+0
-1.938158E+0
-1.935218E+0
-1.929338E+0
-1.919048E+0
-1.908758E+0
-1.895528E+0
-1.882298E+0
-1.869068E+0
-1.855838E+0
-1.845548E+0
-1.835258E+0
-1.826438E+0
-1.822028E+0
-1.817618E+0
-1.816148E+0
-1.816148E+0
-1.817618E+0
-1.822028E+0
-1.826438E+0
-1.835258E+0
-1.845548E+0
-1.858778E+0
-1.873478E+0
-1.889648E+0
-1.905818E+0
-1.920518E+0
-1.933748E+0
-1.945508E+0
-1.955798E+0
-1.963148E+0
-1.970498E+0
-1.977848E+0
-1.985198E+0
-1.994018E+0
-2.004308E+0
-2.014598E+0
-2.023418E+0
-2.030768E+0
-2.035178E+0
-2.035178E+0
-2.032238E+0
-2.026358E+0
-2.019008E+0
-2.010188E+0
-2.002838E+0
-1.995488E+0
-1.992548E+0
-1.992548E+0
-1.996958E+0
-2.005778E+0
-2.016068E+0
-2.027828E+0
-2.041058E+0
-2.054288E+0
-2.067518E+0
-2.080748E+0
-2.095448E+0
-2.108678E+0
-2.123378E+0
-2.136608E+0
-2.151308E+0
-2.164538E+0
-2.174828E+0
-2.182178E+0
-2.186588E+0
-2.186588E+0
-2.182178E+0
-2.173358E+0
-2.158658E+0
-2.141018E+0
-2.121908E+0
-2.098388E+0
-2.077808E+0
-2.057228E+0
-2.039588E+0
-2.026358E+0
-2.016068E+0
-2.011658E+0
-2.011658E+0
-2.014598E+0
-2.021948E+0
-2.032238E+0
-2.042528E+0
-2.055758E+0
-2.068988E+0
-2.082218E+0
-2.093978E+0
-2.104268E+0
-2.111618E+0
-2.116028E+0
-2.118968E+0
-2.117498E+0
-2.116028E+0
-2.111618E+0
-2.105738E+0
-2.099858E+0
-2.092508E+0
-2.085158E+0
-2.077808E+0
-2.068988E+0
-2.060168E+0
-2.051348E+0
-2.041058E+0
-2.030768E+0
-2.020478E+0
-2.010188E+0
-2.002838E+0
-1.996958E+0
-1.996958E+0
-1.999898E+0
-2.007248E+0
-2.020478E+0
-2.036648E+0
-2.054288E+0
-2.073398E+0
-2.091038E+0
-2.108678E+0
-2.124848E+0
-2.139548E+0
-2.152778E+0
-2.164538E+0
-2.173358E+0
-2.182178E+0
-2.189528E+0
-2.193938E+0
-2.196878E+0
-2.198348E+0
-2.201288E+0
-2.201288E+0
-2.201288E+0
-2.199818E+0
-2.198348E+0
-2.192468E+0
-2.185118E+0
-2.173358E+0
-2.163068E+0
-2.149838E+0
-2.139548E+0
-2.132198E+0
-2.129258E+0
-2.133668E+0
-2.143958E+0
-2.160128E+0
-2.182178E+0
-2.210108E+0
-2.239508E+0
-2.267438E+0
-2.295368E+0
-2.318888E+0
-2.337998E+0
-2.354168E+0
-2.367398E+0
-2.377688E+0
-2.386508E+0
-2.393858E+0
-2.402678E+0
-2.408558E+0
-2.412968E+0
-2.414438E+0
-2.414438E+0
-2.411498E+0
-2.408558E+0
-2.405618E+0
-2.404148E+0
-2.405618E+0
-2.408558E+0
-2.415908E+0
-2.421788E+0
-2.430608E+0
-2.437958E+0
-2.443838E+0
-2.449718E+0
-2.451188E+0
-2.451188E+0
-2.449718E+0
-2.448248E+0
-2.443838E+0
-2.440898E+0
-2.436488E+0
-2.432078E+0
-2.429138E+0
-2.426198E+0
-2.423258E+0
-2.421788E+0
-2.421788E+0
-2.423258E+0
-2.424728E+0
-2.427668E+0
-2.430608E+0
-2.433548E+0
-2.437958E+0
-2.442368E+0
-2.446778E+0
-2.449718E+0
-2.451188E+0
-2.449718E+0
-2.446778E+0
-2.443838E+0
-2.436488E+0
-2.430608E+0
-2.424728E+0
-2.420318E+0
-2.417378E+0
-2.417378E+0
-2.420318E+0
-2.426198E+0
-2.435018E+0
-2.445308E+0
-2.460008E+0
-2.476178E+0
-2.493818E+0
-2.512928E+0
-2.532038E+0
-2.551148E+0
-2.567318E+0
-2.582018E+0
-2.592308E+0
-2.601128E+0
-2.607008E+0
-2.611418E+0
-2.611418E+0
-2.612888E+0
-2.611418E+0
-2.608478E+0
-2.602598E+0
-2.595248E+0
-2.583488E+0
-2.570258E+0
-2.552618E+0
-2.534978E+0
-2.517338E+0
-2.501168E+0
-2.490878E+0
-2.484998E+0
-2.484998E+0
-2.492348E+0
-2.504108E+0
-2.518808E+0
-2.534978E+0
-2.549678E+0
-2.562908E+0
-2.574668E+0
-2.583488E+0
-2.589368E+0
-2.595248E+0
-2.601128E+0
-2.605538E+0
-2.608478E+0
-2.609948E+0
-2.609948E+0
-2.607008E+0
-2.604068E+0
-2.601128E+0
-2.598188E+0
-2.596718E+0
-2.596718E+0
-2.598188E+0
-2.599658E+0
-2.602598E+0
-2.604068E+0
-2.605538E+0
-2.609948E+0
-2.617298E+0
-2.630528E+0
-2.648168E+0
-2.671688E+0
-2.699618E+0
-2.727548E+0
-2.755478E+0
-2.778998E+0
-2.795168E+0
-2.802518E+0
-2.802518E+0
-2.793698E+0
-2.781938E+0
-2.767238E+0
-2.755478E+0
-2.745188E+0
-2.742248E+0
-2.746658E+0
-2.758418E+0
-2.774588E+0
-2.796638E+0
-2.820158E+0
-2.843678E+0
-2.864258E+0
-2.881898E+0
-2.896598E+0
-2.906888E+0
-2.914238E+0
-2.917178E+0
-2.917178E+0
-2.914238E+0
-2.906888E+0
-2.896598E+0
-2.881898E+0
-2.864258E+0
-2.842208E+0
-2.821628E+0
-2.802518E+0
-2.784878E+0
-2.771648E+0
-2.762828E+0
-2.761358E+0
-2.767238E+0
-2.778998E+0
-2.792228E+0
-2.809868E+0
-2.827508E+0
-2.843678E+0
-2.855438E+0
-2.859848E+0
-2.859848E+0
-2.851028E+0
-2.836328E+0
-2.817218E+0
-2.792228E+0
-2.767238E+0
-2.740778E+0
-2.715788E+0
-2.693738E+0
-2.677568E+0
-2.665808E+0
-2.661398E+0
-2.662868E+0
-2.673158E+0
-2.689328E+0
-2.711378E+0
-2.737838E+0
-2.768708E+0
-2.799578E+0
-2.830448E+0
-2.859848E+0
-2.884838E+0
-2.902478E+0
-2.912768E+0
-2.912768E+0
-2.906888E+0
-2.893658E+0
-2.874548E+0
-2.855438E+0
-2.834858E+0
-2.817218E+0
-2.802518E+0
-2.789288E+0
-2.778998E+0
-2.771648E+0
-2.768708E+0
-2.771648E+0
-2.778998E+0
-2.793698E+0
-2.814278E+0
-2.843678E+0
-2.881898E+0
-2.924528E+0
-2.971568E+0
-3.021548E+0
-3.071528E+0
-3.117098E+0
-3.156788E+0
-3.187658E+0
-3.208238E+0
-3.217058E+0
-3.214118E+0
-3.200888E+0
-3.177368E+0
-3.150908E+0
-3.121508E+0
-3.093578E+0
-3.065648E+0
-3.039188E+0
-3.012728E+0
-2.986268E+0
-2.959808E+0
-2.931878E+0
-2.902478E+0
-2.876018E+0
-2.852498E+0
-2.834858E+0
-2.824568E+0
-2.823098E+0
-2.827508E+0
-2.839268E+0
-2.856908E+0
-2.878958E+0
-2.903948E+0
-2.930408E+0
-2.956868E+0
-2.978918E+0
-2.999498E+0
-3.012728E+0
-3.018608E+0
-3.015668E+0
-3.002438E+0
-2.980388E+0
-2.952458E+0
-2.920118E+0
-2.887778E+0
-2.861318E+0
-2.842208E+0
-2.833388E+0
-2.837798E+0
-2.853968E+0
-2.881898E+0
-2.920118E+0
-2.962748E+0
-3.008318E+0
-3.052418E+0
-3.095048E+0
-3.131798E+0
-3.161198E+0
-3.187658E+0
-3.208238E+0
-3.227348E+0
-3.247928E+0
-3.269978E+0
-3.293498E+0
-3.318488E+0
-3.342008E+0
-3.365528E+0
-3.383168E+0
-3.394928E+0
-3.397868E+0
-3.393458E+0
-3.381698E+0
-3.368468E+0
-3.350828E+0
-3.333188E+0
-3.318488E+0
-3.306728E+0
-3.297908E+0
-3.292028E+0
-3.287618E+0
-3.284678E+0
-3.283208E+0
-3.277328E+0
-3.271448E+0
-3.259688E+0
-3.244988E+0
-3.227348E+0
-3.208238E+0
-3.193538E+0
-3.183248E+0
-3.180308E+0
-3.184718E+0
-3.196478E+0
-3.215588E+0
-3.236168E+0
-3.256748E+0
-3.274388E+0
-3.283208E+0
-3.283208E+0
-3.274388E+0
-3.259688E+0
-3.242048E+0
-3.222938E+0
-3.206768E+0
-3.195008E+0
-3.189128E+0
-3.187658E+0
-3.192068E+0
-3.197948E+0
-3.205298E+0
-3.214118E+0
-3.221468E+0
-3.227348E+0
-3.230288E+0
-3.230288E+0
-3.227348E+0
-3.222938E+0
-3.215588E+0
-3.206768E+0
-3.197948E+0
-3.189128E+0
-3.184718E+0
-3.183248E+0
-3.187658E+0
-3.197948E+0
-3.214118E+0
-3.236168E+0
-3.261158E+0
-3.289088E+0
-3.315548E+0
-3.342008E+0
-3.365528E+0
-3.384638E+0
-3.399338E+0
-3.411098E+0
-3.418448E+0
-3.419918E+0
-3.415508E+0
-3.406688E+0
-3.394928E+0
-3.378758E+0
-3.362588E+0
-3.349358E+0
-3.339068E+0
-3.336128E+0
-3.337598E+0
-3.342008E+0
-3.350828E+0
-3.355238E+0
-3.347888E+0
-3.325838E+0
-3.277328E+0
-3.203828E+0
-3.100928E+0
-2.973038E+0
-2.826038E+0
-2.673158E+0
-2.520278E+0
-2.379158E+0
-2.255678E+0
-2.157188E+0
-2.085158E+0
-2.045468E+0
-2.038118E+0
-2.064578E+0
-2.121908E+0
-2.210108E+0
-2.336528E+0
-2.508518E+0
-2.727548E+0
-2.981858E+0
-3.265568E+0
-3.583088E+0
-3.937358E+0
-4.329848E+0
-4.762028E+0
-5.242718E+0
-5.770448E+0
-6.349628E+0
-6.983198E+0
-7.665278E+0
-8.388518E+0
-9.104408E+0
-9.752678E+0
-1.022749E+1
-1.051120E+1
-1.056706E+1
-1.051120E+1
-1.043035E+1
-1.040389E+1
-1.051120E+1
-1.080520E+1
-1.133734E+1
-1.240750E+1
-1.548421E+1
-2.000005E+1
-2.000005E+1
-2.000005E+1
-2.000005E+1
-2.000005E+1
-2.000005E+1
-2.000005E+1
-2.000005E+1
-2.000005E+1
-2.000005E+1
-2.000005E+1
-2.000005E+1
-2.000005E+1
-1.360555E+1
-1.204441E+1
-1.114477E+1
-1.059499E+1
-1.022749E+1
-1.004374E+1
-1.002169E+1
-1.020397E+1
-1.068319E+1
-1.163869E+1
-1.411858E+1
-2.000005E+1
-2.000005E+1
-2.000005E+1
-2.000005E+1
-2.000005E+1
-2.000005E+1
-2.000005E+1
-2.000005E+1
-2.000005E+1
-2.000005E+1
-2.000005E+1
-2.000005E+1
-2.000005E+1
-2.000005E+1
-2.000005E+1
-2.000005E+1
-2.000005E+1
-2.000005E+1
-2.000005E+1
-2.000005E+1
-2.000005E+1
-2.000005E+1
-2.000005E+1
-2.000005E+1
-2.000005E+1
-2.000005E+1
-2.000005E+1
-2.000005E+1
-2.000005E+1
-2.000005E+1
-2.000005E+1
-2.000005E+1
-2.000005E+1
-2.000005E+1
-2.000005E+1
-2.000005E+1
-2.000005E+1
-2.000005E+1
-2.000005E+1
-2.000005E+1
-2.000005E+1
-2.000005E+1
-2.000005E+1
-2.000005E+1
-2.000005E+1
-2.000005E+1
-2.000005E+1
-2.000005E+1
-2.000005E+1
-2.000005E+1
-2.000005E+1
-2.000005E+1
-2.000005E+1
-2.000005E+1
-2.000005E+1
-2.000005E+1
-2.000005E+1
-2.000005E+1
-2.000005E+1
-2.000005E+1
-2.000005E+1
-2.000005E+1
-2.000005E+1
-2.000005E+1
-1.499911E+1
-1.168573E+1
-1.056706E+1
-9.977588E+0
-9.658598E+0
-9.480728E+0
-9.429278E+0
-9.480728E+0
-9.658598E+0
-9.934958E+0
-1.037743E+1
-1.103746E+1
-1.215907E+1
-1.479331E+1
-2.000005E+1
-2.000005E+1
-2.000005E+1
-2.000005E+1
-2.000005E+1
-2.000005E+1
-2.000005E+1
-2.000005E+1
-2.000005E+1
-2.000005E+1
-2.000005E+1
-2.000005E+1
-2.000005E+1
-2.000005E+1
-2.000005E+1
-2.000005E+1
-2.000005E+1
-2.000005E+1
-2.000005E+1
-2.000005E+1
-2.000005E+1
-2.000005E+1
-2.000005E+1
-2.000005E+1
-1.328803E+1
-1.125796E+1
-1.043035E+1
-9.999638E+0
-9.792368E+0
-9.695348E+0
-9.676238E+0
-9.676238E+0
-9.639488E+0
-9.585098E+0
-9.532178E+0
-9.532178E+0
-9.639488E+0
-9.934958E+0
-1.053913E+1
-1.183273E+1
-2.000005E+1
-2.000005E+1
-2.000005E+1
-2.000005E+1
-2.000005E+1
-2.000005E+1
-2.000005E+1
-2.000005E+1
-2.000005E+1
-2.000005E+1
-2.000005E+1
-2.000005E+1
-1.577380E+1
-1.198855E+1
-1.083607E+1
-1.025248E+1
-9.914378E+0
-9.733568E+0
-9.676238E+0
-9.714458E+0
-9.873218E+0
-1.013341E+1
-1.051120E+1
-1.103746E+1
-1.178275E+1
-1.284262E+1
-1.443022E+1
-2.000005E+1
-2.000005E+1
-2.000005E+1
-2.000005E+1
-2.000005E+1
-1.698949E+1
-1.384663E+1
-1.247365E+1
-1.159312E+1
-1.100218E+1
-1.059499E+1
-1.040389E+1
-1.035244E+1
-1.048327E+1
-1.083607E+1
-1.150492E+1
-1.284262E+1
-1.849477E+1
-2.000005E+1
-2.000005E+1
-2.000005E+1
-2.000005E+1
-2.000005E+1
-2.000005E+1
-2.000005E+1
-2.000005E+1
-2.000005E+1
-2.000005E+1
-2.000005E+1
-2.000005E+1
-2.000005E+1
-2.000005E+1
-2.000005E+1
-2.000005E+1
-2.000005E+1
-2.000005E+1
-2.000005E+1
-2.000005E+1
-2.000005E+1
-2.000005E+1
-2.000005E+1
-2.000005E+1
-2.000005E+1
-2.000005E+1
-2.000005E+1
-2.000005E+1
-2.000005E+1
-2.000005E+1
-2.000005E+1
-2.000005E+1
-2.000005E+1
-2.000005E+1
-2.000005E+1
-2.000005E+1
-2.000005E+1
-2.000005E+1
-2.000005E+1
-2.000005E+1
-2.000005E+1
-2.000005E+1
-2.000005E+1
-2.000005E+1
-2.000005E+1
-2.000005E+1
-2.000005E+1
-2.000005E+1
-2.000005E+1
-2.000005E+1
-2.000005E+1
-2.000005E+1
-2.000005E+1
-2.000005E+1
-2.000005E+1
-2.000005E+1
-2.000005E+1
-1.849477E+1
-1.360555E+1
-1.210027E+1
-1.114477E+1
-1.053913E+1
-1.015693E+1
-9.914378E+0
-9.792368E+0
-9.773258E+0
-9.893798E+0
-1.015693E+1
-1.062439E+1
-1.137850E+1
-1.268680E+1
-1.650439E+1
-2.000005E+1
-2.000005E+1
-2.000005E+1
-2.000005E+1
-2.000005E+1
-2.000005E+1
-2.000005E+1
-2.000005E+1
-2.000005E+1
-2.000005E+1
-2.000005E+1
-2.000005E+1
-2.000005E+1
-2.000005E+1
-2.000005E+1
-2.000005E+1
-2.000005E+1
-2.000005E+1
-2.000005E+1
-2.000005E+1
-2.000005E+1
-2.000005E+1
-2.000005E+1
-2.000005E+1
-2.000005E+1
-2.000005E+1
-1.698949E+1
-1.338799E+1
-1.221787E+1
-1.159312E+1
-1.121974E+1
-1.110802E+1
-1.118152E+1
-1.154902E+1
-1.227961E+1
-1.411858E+1
-2.000005E+1
-2.000005E+1
-2.000005E+1
-2.000005E+1
-2.000005E+1
-2.000005E+1
-2.000005E+1
-2.000005E+1
-2.000005E+1
-2.000005E+1
-2.000005E+1
-2.000005E+1
-2.000005E+1
-2.000005E+1
-1.460368E+1
-1.261330E+1
-1.159312E+1
-1.083607E+1
-1.022749E+1
-9.676238E+0
-9.207308E+0
-8.808938E+0
-8.482598E+0
-8.228288E+0
-8.053358E+0
-7.957808E+0
-7.948988E+0
-8.018078E+0
-8.170958E+0
-8.439968E+0
-8.858918E+0
-9.549818E+0
-1.077433E+1
-1.522843E+1
-2.000005E+1
-2.000005E+1
-2.000005E+1
-2.000005E+1
-2.000005E+1
-2.000005E+1
-2.000005E+1
-2.000005E+1
-2.000005E+1
-2.000005E+1
-2.000005E+1
-2.000005E+1
-2.000005E+1
-2.000005E+1
-1.499911E+1
-1.093456E+1
-9.832058E+0
-9.346958E+0
-9.133808E+0
-9.119108E+0
-9.252878E+0
-9.496898E+0
-9.852638E+0
-1.030099E+1
-1.086841E+1
-1.159312E+1
-1.261330E+1
-1.479331E+1
-2.000005E+1
-2.000005E+1
-2.000005E+1
-2.000005E+1
-2.000005E+1
-2.000005E+1
-2.000005E+1
-2.000005E+1
-2.000005E+1
-2.000005E+1
-2.000005E+1
-2.000005E+1
-2.000005E+1
-1.577380E+1
-1.150492E+1
-1.030099E+1
-9.676238E+0
-9.330788E+0
-9.177908E+0
-9.177908E+0
-9.283748E+0
-9.480728E+0
-9.752678E+0
-1.008784E+1
-1.043035E+1
-1.077433E+1
-1.100218E+1
-1.114477E+1
-1.114477E+1
-1.107274E+1
-1.093456E+1
-1.074346E+1
-1.056706E+1
-1.043035E+1
-1.032745E+1
-1.027747E+1
-1.030099E+1
-1.043035E+1
-1.065379E+1
-1.100218E+1
-1.150492E+1
-1.221787E+1
-1.319101E+1
-1.460368E+1
-2.000005E+1
-2.000005E+1
-2.000005E+1
-2.000005E+1
-2.000005E+1
-2.000005E+1
-2.000005E+1
-2.000005E+1
-2.000005E+1
-2.000005E+1
-2.000005E+1
-2.000005E+1
-2.000005E+1
-2.000005E+1
-2.000005E+1
-2.000005E+1
-2.000005E+1
-2.000005E+1
-2.000005E+1
-2.000005E+1
-2.000005E+1
-1.372315E+1
-1.159312E+1
-1.053913E+1
-9.873218E+0
-9.446918E+0
-9.207308E+0
-9.104408E+0
-9.148508E+0
-9.330788E+0
-9.695348E+0
-1.025248E+1
-1.110802E+1
-1.254274E+1
-1.698949E+1
-2.000005E+1
-2.000005E+1
-2.000005E+1
-2.000005E+1
-2.000005E+1
-2.000005E+1
-1.328803E+1
-1.183273E+1
-1.107274E+1
-1.065379E+1
-1.043035E+1
-1.035244E+1
-1.040389E+1
-1.053913E+1
-1.077433E+1
-1.114477E+1
-1.168573E+1
-1.254274E+1
-1.443022E+1
-2.000005E+1
-2.000005E+1
-2.000005E+1
-2.000005E+1
-2.000005E+1
-2.000005E+1
-2.000005E+1
-2.000005E+1
-2.000005E+1
-2.000005E+1
-2.000005E+1
-2.000005E+1
-2.000005E+1
-2.000005E+1
-2.000005E+1
-1.849477E+1
-1.328803E+1
-1.240750E+1
-1.227961E+1
-1.261330E+1
-1.349383E+1
-1.577380E+1
-2.000005E+1
-2.000005E+1
-2.000005E+1
-2.000005E+1
-2.000005E+1
-1.384663E+1
-1.188271E+1
-1.074346E+1
-9.955538E+0
-9.396938E+0
-9.019148E+0
-8.747198E+0
-8.570798E+0
-8.462018E+0
-8.398808E+0
-8.367938E+0
-8.337068E+0
-8.316488E+0
-8.276798E+0
-8.228288E+0
-8.170958E+0
-8.116568E+0
-8.070998E+0
-8.044538E+0
-8.044538E+0
-8.070998E+0
-8.143028E+0
-8.247398E+0
-8.388518E+0
-8.560508E+0
-8.758958E+0
-8.992688E+0
-9.222008E+0
-9.480728E+0
-9.752678E+0
-1.004374E+1
-1.032745E+1
-1.062439E+1
-1.086841E+1
-1.100218E+1
-1.096837E+1
-1.077433E+1
-1.043035E+1
-1.006579E+1
-9.714458E+0
-9.396938E+0
-9.148508E+0
-8.977988E+0
-8.885378E+0
-8.847158E+0
-8.847158E+0
-8.885378E+0
-8.951528E+0
-9.061778E+0
-9.207308E+0
-9.446918E+0
-9.773258E+0
-1.032745E+1
-1.125796E+1
-1.328803E+1
-2.000005E+1
-2.000005E+1
-2.000005E+1
-2.000005E+1
-2.000005E+1
-2.000005E+1
-2.000005E+1
-2.000005E+1
-2.000005E+1
-2.000005E+1
-2.000005E+1
-2.000005E+1
-2.000005E+1
-2.000005E+1
-2.000005E+1
-2.000005E+1
-2.000005E+1
-2.000005E+1
-2.000005E+1
-2.000005E+1
-2.000005E+1
-2.000005E+1
-2.000005E+1
-1.650439E+1
-1.443022E+1
-1.328803E+1
-1.234135E+1
-1.159312E+1
-1.096837E+1
-1.051120E+1
-1.015693E+1
-9.893798E+0
-9.733568E+0
-9.639488E+0
-9.621848E+0
-9.639488E+0
-9.676238E+0
-9.733568E+0
-9.773258E+0
-9.832058E+0
-9.852638E+0
-9.852638E+0
-9.832058E+0
-9.832058E+0
-9.832058E+0
-9.852638E+0
-9.893798E+0
-1.002169E+1
-1.027747E+1
-1.074346E+1
-1.163869E+1
-1.372315E+1
-2.000005E+1
-2.000005E+1
-2.000005E+1
-2.000005E+1
-2.000005E+1
-2.000005E+1
-2.000005E+1
-2.000005E+1
-2.000005E+1
-2.000005E+1
-2.000005E+1
-2.000005E+1
-2.000005E+1
-1.372315E+1
-1.210027E+1
-1.133734E+1
-1.090222E+1
-1.065379E+1
-1.051120E+1
-1.045681E+1
-1.048327E+1
-1.062439E+1
-1.086841E+1
-1.125796E+1
-1.183273E+1
-1.276324E+1
-1.411858E+1
-1.610896E+1
-1.761424E+1
-1.577380E+1
-1.372315E+1
-1.221787E+1
-1.118152E+1
-1.043035E+1
-9.914378E+0
-9.585098E+0
-9.413108E+0
-9.379298E+0
-9.463088E+0
-9.695348E+0
-1.004374E+1
-1.053913E+1
-1.114477E+1
-1.188271E+1
-1.261330E+1
-1.319101E+1
-1.338799E+1
-1.301020E+1
-1.240750E+1
-1.173277E+1
-1.121974E+1
-1.083607E+1
-1.059499E+1
-1.053913E+1
-1.071259E+1
-1.118152E+1
-1.234135E+1
-1.849477E+1
-2.000005E+1
-2.000005E+1
-2.000005E+1
-2.000005E+1
-2.000005E+1
-2.000005E+1
-2.000005E+1
-2.000005E+1
-2.000005E+1
-2.000005E+1
-2.000005E+1
-2.000005E+1
-2.000005E+1
-1.384663E+1
-1.163869E+1
-1.077433E+1
-1.032745E+1
-1.015693E+1
-1.018045E+1
-1.037743E+1
-1.071259E+1
-1.118152E+1
-1.173277E+1
-1.227961E+1
-1.268680E+1
-1.268680E+1
-1.234135E+1
-1.183273E+1
-1.137850E+1
-1.103746E+1
-1.090222E+1
-1.090222E+1
-1.114477E+1
-1.163869E+1
-1.254274E+1
-1.411858E+1
-2.000005E+1
-2.000005E+1
-2.000005E+1
-2.000005E+1
-1.610896E+1
-1.309840E+1
-1.168573E+1
-1.083607E+1
-1.032745E+1
-1.006579E+1
-1.004374E+1
-1.027747E+1
-1.086841E+1
-1.227961E+1
-2.000005E+1
-2.000005E+1
-2.000005E+1
-2.000005E+1
-2.000005E+1
-2.000005E+1
-2.000005E+1
-2.000005E+1
-2.000005E+1
-2.000005E+1
-2.000005E+1
-2.000005E+1
-2.000005E+1
-2.000005E+1
-2.000005E+1
-1.227961E+1
-1.086841E+1
-1.015693E+1
-9.811478E+0
-9.676238E+0
-9.695348E+0
-9.852638E+0
-1.006579E+1
-1.030099E+1
-1.051120E+1
-1.062439E+1
-1.062439E+1
-1.045681E+1
-1.025248E+1
-1.004374E+1
-9.852638E+0
-9.714458E+0
-9.621848E+0
-9.621848E+0
-9.695348E+0
-9.852638E+0
-1.010989E+1
-1.040389E+1
-1.074346E+1
-1.107274E+1
-1.133734E+1
-1.141966E+1
-1.141966E+1
-1.133734E+1
-1.125796E+1
-1.125796E+1
-1.141966E+1
-1.173277E+1
-1.240750E+1
-1.372315E+1
-2.000005E+1
-2.000005E+1
-2.000005E+1
-2.000005E+1
-2.000005E+1
-2.000005E+1
-2.000005E+1
-2.000005E+1
-2.000005E+1
-2.000005E+1
-2.000005E+1
-2.000005E+1
-2.000005E+1
-2.000005E+1
-2.000005E+1
-1.426852E+1
-1.137850E+1
-1.025248E+1
-9.585098E+0
-9.133808E+0
-8.833928E+0
-8.651648E+0
-8.560508E+0
-8.560508E+0
-8.628128E+0
-8.772188E+0
-8.992688E+0
-9.299918E+0
-9.695348E+0
-1.020397E+1
-1.086841E+1
-1.183273E+1
-1.349383E+1
-2.000005E+1
-2.000005E+1
-2.000005E+1
-2.000005E+1
-2.000005E+1
-2.000005E+1
-2.000005E+1
-1.426852E+1
-1.221787E+1
-1.125796E+1
-1.068319E+1
-1.043035E+1
-1.035244E+1
-1.051120E+1
-1.090222E+1
-1.163869E+1
-1.319101E+1
-2.000005E+1
-2.000005E+1
-2.000005E+1
-2.000005E+1
-2.000005E+1
-2.000005E+1
-2.000005E+1
-2.000005E+1
-2.000005E+1
-2.000005E+1
-2.000005E+1
-2.000005E+1
-2.000005E+1
-2.000005E+1
-2.000005E+1
-2.000005E+1
-2.000005E+1
-2.000005E+1
-2.000005E+1
-2.000005E+1
-2.000005E+1
-1.499911E+1
-1.154902E+1
-1.030099E+1
-9.549818E+0
-9.047078E+0
-8.722208E+0
-8.516408E+0
-8.419388E+0
-8.429678E+0
-8.526698E+0
-8.710448E+0
-8.964758E+0
-9.283748E+0
-9.621848E+0
-9.934958E+0
-1.015693E+1
-1.025248E+1
-1.018045E+1
-9.999638E+0
-9.752678E+0
-9.514538E+0
-9.316088E+0
-9.222008E+0
-9.252878E+0
-9.446918E+0
-9.893798E+0
-1.080520E+1
-1.301020E+1
-2.000005E+1
-2.000005E+1
-2.000005E+1
-2.000005E+1
-2.000005E+1
-2.000005E+1
-2.000005E+1
-2.000005E+1
-2.000005E+1
-2.000005E+1
-2.000005E+1
-2.000005E+1
-1.292494E+1
-1.137850E+1
-1.071259E+1
-1.043035E+1
-1.040389E+1
-1.062439E+1
-1.107274E+1
-1.193563E+1
-1.372315E+1
-2.000005E+1
-2.000005E+1
-2.000005E+1
-2.000005E+1
-2.000005E+1
-2.000005E+1
-2.000005E+1
-2.000005E+1
-2.000005E+1
-2.000005E+1
-2.000005E+1
-2.000005E+1
-2.000005E+1
-1.426852E+1
-1.254274E+1
-1.173277E+1
-1.121974E+1
-1.083607E+1
-1.056706E+1
-1.032745E+1
-1.013341E+1
-9.955538E+0
-9.792368E+0
-9.676238E+0
-9.585098E+0
-9.549818E+0
-9.567458E+0
-9.639488E+0
-9.773258E+0
-9.955538E+0
-1.018045E+1
-1.048327E+1
-1.080520E+1
-1.118152E+1
-1.154902E+1
-1.193563E+1
-1.234135E+1
-1.261330E+1
-1.268680E+1
-1.261330E+1
-1.247365E+1
-1.210027E+1
-1.168573E+1
-1.118152E+1
-1.062439E+1
-1.013341E+1
-9.676238E+0
-9.283748E+0
-8.964758E+0
-8.747198E+0
-8.628128E+0
-8.628128E+0
-8.758958E+0
-9.047078E+0
-9.514538E+0
-1.027747E+1
-1.154902E+1
-1.522843E+1
-2.000005E+1
-2.000005E+1
-2.000005E+1
-2.000005E+1
-2.000005E+1
-2.000005E+1
-2.000005E+1
-2.000005E+1
-2.000005E+1
-2.000005E+1
-2.000005E+1
-2.000005E+1
-2.000005E+1
-2.000005E+1
-2.000005E+1
-2.000005E+1
-2.000005E+1
-2.000005E+1
-2.000005E+1
-2.000005E+1
-2.000005E+1
-2.000005E+1
-2.000005E+1
-2.000005E+1
-2.000005E+1
-2.000005E+1
-2.000005E+1
-2.000005E+1
-2.000005E+1
-2.000005E+1
-2.000005E+1
-1.610896E+1
-1.426852E+1
-1.338799E+1
-1.284262E+1
-1.240750E+1
-1.210027E+1
-1.183273E+1
-1.168573E+1
-1.163869E+1
-1.183273E+1
-1.247365E+1
-1.443022E+1
-2.000005E+1
-2.000005E+1
-2.000005E+1
-2.000005E+1
-2.000005E+1
-2.000005E+1
-2.000005E+1
-2.000005E+1
-2.000005E+1
-2.000005E+1
-2.000005E+1
-2.000005E+1
-2.000005E+1
-2.000005E+1
-1.411858E+1
-1.240750E+1
-1.204441E+1
-1.215907E+1
-1.284262E+1
-1.443022E+1
-2.000005E+1
-2.000005E+1
-2.000005E+1
-2.000005E+1
-2.000005E+1
-2.000005E+1
-2.000005E+1
-2.000005E+1
-2.000005E+1
-2.000005E+1
-2.000005E+1
-2.000005E+1
-2.000005E+1
-2.000005E+1
-1.698949E+1
-1.349383E+1
-1.234135E+1
-1.168573E+1
-1.125796E+1
-1.096837E+1
-1.080520E+1
-1.074346E+1
-1.077433E+1
-1.090222E+1
-1.118152E+1
-1.159312E+1
-1.221787E+1
-1.338799E+1
-1.650439E+1
-2.000005E+1
-2.000005E+1
-2.000005E+1
-2.000005E+1
-2.000005E+1
-2.000005E+1
-2.000005E+1
-1.479331E+1
-1.193563E+1
-1.074346E+1
-9.977588E+0
-9.514538E+0
-9.222008E+0
-9.089708E+0
-9.061778E+0
-9.133808E+0
-9.283748E+0
-9.496898E+0
-9.792368E+0
-1.010989E+1
-1.040389E+1
-1.065379E+1
-1.074346E+1
-1.065379E+1
-1.043035E+1
-1.008784E+1
-9.752678E+0
-9.429278E+0
-9.192608E+0
-9.019148E+0
-8.951528E+0
-8.977988E+0
-9.119108E+0
-9.379298E+0
-9.773258E+0
-1.030099E+1
-1.103746E+1
-1.204441E+1
-1.328803E+1
-1.499911E+1
-1.650439E+1
-1.698949E+1
-1.610896E+1
-1.522843E+1
-1.479331E+1
-1.460368E+1
-1.479331E+1
-1.548421E+1
-1.610896E+1
-1.650439E+1
-1.577380E+1
-1.479331E+1
-1.397893E+1
-1.338799E+1
-1.292494E+1
-1.268680E+1
-1.268680E+1
-1.301020E+1
-1.372315E+1
-1.577380E+1
-2.000005E+1
-2.000005E+1
-2.000005E+1
-2.000005E+1
-2.000005E+1
-2.000005E+1
-2.000005E+1
-2.000005E+1
-2.000005E+1
-2.000005E+1
-2.000005E+1
-2.000005E+1
-2.000005E+1
-2.000005E+1
-2.000005E+1
-2.000005E+1
-2.000005E+1
-2.000005E+1
-2.000005E+1
-2.000005E+1
-2.000005E+1
-1.372315E+1
-1.268680E+1
-1.240750E+1
-1.268680E+1
-1.338799E+1
-1.479331E+1
-1.698949E+1
-1.849477E+1
-1.577380E+1
-1.349383E+1
-1.198855E+1
-1.090222E+1
-1.015693E+1
-9.658598E+0
-9.330788E+0
-9.163208E+0
-9.104408E+0
-9.177908E+0
-9.346958E+0
-9.602738E+0
-9.914378E+0
-1.025248E+1
-1.062439E+1
-1.103746E+1
-1.146082E+1
-1.193563E+1
-1.261330E+1
-1.360555E+1
-1.577380E+1
-2.000005E+1
-2.000005E+1
-2.000005E+1
-2.000005E+1
-2.000005E+1
-2.000005E+1
-2.000005E+1
-2.000005E+1
-2.000005E+1
-2.000005E+1
-2.000005E+1
-2.000005E+1
-2.000005E+1
-2.000005E+1
-2.000005E+1
-2.000005E+1
-2.000005E+1
-1.698949E+1
-2.000005E+1
-2.000005E+1
-2.000005E+1
-2.000005E+1
-2.000005E+1
-2.000005E+1
-2.000005E+1
-2.000005E+1
-2.000005E+1
-2.000005E+1
-2.000005E+1
-2.000005E+1
-2.000005E+1
-2.000005E+1
-2.000005E+1
-2.000005E+1
-2.000005E+1
-2.000005E+1
-2.000005E+1
-2.000005E+1
-2.000005E+1
-2.000005E+1
-2.000005E+1
-2.000005E+1
-2.000005E+1
-2.000005E+1
-2.000005E+1
-2.000005E+1
-1.292494E+1
-1.114477E+1
-1.013341E+1
-9.429278E+0
-8.911838E+0
-8.526698E+0
-8.238578E+0
-8.035718E+0
-7.907828E+0
-7.866668E+0
-7.915178E+0
-8.053358E+0
-8.297378E+0
-8.686928E+0
-9.252878E+0
-1.010989E+1
-1.154902E+1
-1.577380E+1
-2.000005E+1
-2.000005E+1
-2.000005E+1
-2.000005E+1
-2.000005E+1
-2.000005E+1
-2.000005E+1
-2.000005E+1
-2.000005E+1
-2.000005E+1
-2.000005E+1
-2.000005E+1
-2.000005E+1
-2.000005E+1
-2.000005E+1
-2.000005E+1
-1.499911E+1
-1.261330E+1
-1.154902E+1
-1.086841E+1
-1.032745E+1
-9.893798E+0
-9.514538E+0
-9.177908E+0
-8.898608E+0
-8.698688E+0
-8.560508E+0
-8.504648E+0
-8.526698E+0
-8.639888E+0
-8.822168E+0
-9.075008E+0
-9.396938E+0
-9.792368E+0
-1.025248E+1
-1.077433E+1
-1.141966E+1
-1.221787E+1
-1.328803E+1
-1.499911E+1
-2.000005E+1
-2.000005E+1
-2.000005E+1
-2.000005E+1
-2.000005E+1
-2.000005E+1
-2.000005E+1
-2.000005E+1
-2.000005E+1
-2.000005E+1
-2.000005E+1
-2.000005E+1
-2.000005E+1
-2.000005E+1
-2.000005E+1
-2.000005E+1
-2.000005E+1
-2.000005E+1
-2.000005E+1
-2.000005E+1
-2.000005E+1
-2.000005E+1
-2.000005E+1
-2.000005E+1
-2.000005E+1
-1.443022E+1
-1.276324E+1
-1.210027E+1
-1.193563E+1
-1.215907E+1
-1.301020E+1
-1.650439E+1
-2.000005E+1
-2.000005E+1
-2.000005E+1
-2.000005E+1
-2.000005E+1
-2.000005E+1
-2.000005E+1
-2.000005E+1
-2.000005E+1
-2.000005E+1
-2.000005E+1
-2.000005E+1
-2.000005E+1
-2.000005E+1
-2.000005E+1
-2.000005E+1
-2.000005E+1
-2.000005E+1
-2.000005E+1
-2.000005E+1
-2.000005E+1
-2.000005E+1
-2.000005E+1
-2.000005E+1
-2.000005E+1
-2.000005E+1
-2.000005E+1
-2.000005E+1
-2.000005E+1
-2.000005E+1
-2.000005E+1
-2.000005E+1
-2.000005E+1
-2.000005E+1
-2.000005E+1
-2.000005E+1
-2.000005E+1
-2.000005E+1
-2.000005E+1
-2.000005E+1
-2.000005E+1
-2.000005E+1
-2.000005E+1
-2.000005E+1
-2.000005E+1
-2.000005E+1
-2.000005E+1
-2.000005E+1
-2.000005E+1
-2.000005E+1
-2.000005E+1
-2.000005E+1
-2.000005E+1
-2.000005E+1
-2.000005E+1
-2.000005E+1
-2.000005E+1
-2.000005E+1
-1.163869E+1
-9.955538E+0
-9.033848E+0
-8.439968E+0
-8.026898E+0
-7.747598E+0
-7.584428E+0
-7.513868E+0
-7.521218E+0
-7.599128E+0
-7.747598E+0
-7.948988E+0
-8.200358E+0
-8.494358E+0
-8.833928E+0
-9.222008E+0
-9.658598E+0
-1.015693E+1
-1.071259E+1
-1.146082E+1
-1.254274E+1
-1.443022E+1
-2.000005E+1
-2.000005E+1
-2.000005E+1
-2.000005E+1
-2.000005E+1
-2.000005E+1
-2.000005E+1
-2.000005E+1
-2.000005E+1
-2.000005E+1
-2.000005E+1
-2.000005E+1
-2.000005E+1
-2.000005E+1
-2.000005E+1
-2.000005E+1
-2.000005E+1
-2.000005E+1
-2.000005E+1
-1.254274E+1
-1.074346E+1
-9.773258E+0
-9.133808E+0
-8.722208E+0
-8.462018E+0
-8.337068E+0
-8.337068E+0
-8.450258E+0
-8.663408E+0
-8.977988E+0
-9.379298E+0
-9.914378E+0
-1.056706E+1
-1.137850E+1
-1.247365E+1
-1.426852E+1
-2.000005E+1
-2.000005E+1
-2.000005E+1
-2.000005E+1
-2.000005E+1
-2.000005E+1
-1.650439E+1
-1.254274E+1
-1.100218E+1
-1.006579E+1
-9.429278E+0
-8.992688E+0
-8.698688E+0
-8.538458E+0
-8.482598E+0
-8.504648E+0
-8.604608E+0
-8.783948E+0
-9.005918E+0
-9.283748E+0
-9.621848E+0
-1.002169E+1
-1.045681E+1
-1.090222E+1
-1.125796E+1
-1.137850E+1
-1.121974E+1
-1.083607E+1
-1.030099E+1
-9.773258E+0
-9.330788E+0
-9.005918E+0
-8.808938E+0
-8.710448E+0
-8.747198E+0
-8.911838E+0
-9.238178E+0
-9.752678E+0
-1.048327E+1
-1.163869E+1
-1.443022E+1
-2.000005E+1
-2.000005E+1
-2.000005E+1
-2.000005E+1
-2.000005E+1
-2.000005E+1
-2.000005E+1
-2.000005E+1
-2.000005E+1
-2.000005E+1
-1.173277E+1
-1.006579E+1
-9.177908E+0
-8.639888E+0
-8.337068E+0
-8.190068E+0
-8.181248E+0
-8.287088E+0
-8.504648E+0
-8.808938E+0
-9.207308E+0
-9.639488E+0
-1.006579E+1
-1.037743E+1
-1.045681E+1
-1.027747E+1
-9.914378E+0
-9.514538E+0
-9.163208E+0
-8.911838E+0
-8.783948E+0
-8.783948E+0
-8.964758E+0
-9.330788E+0
-9.955538E+0
-1.096837E+1
-1.284262E+1
-2.000005E+1
-2.000005E+1
-2.000005E+1
-2.000005E+1
-2.000005E+1
-2.000005E+1
-2.000005E+1
-2.000005E+1
-2.000005E+1
-2.000005E+1
-2.000005E+1
-2.000005E+1
-2.000005E+1
-2.000005E+1
-2.000005E+1
-2.000005E+1
-2.000005E+1
-2.000005E+1
-2.000005E+1
-2.000005E+1
-2.000005E+1
-2.000005E+1
-2.000005E+1
-2.000005E+1
-2.000005E+1
-2.000005E+1
-2.000005E+1
-2.000005E+1
-2.000005E+1
-2.000005E+1
-2.000005E+1
-2.000005E+1
-2.000005E+1
-2.000005E+1
-2.000005E+1
-2.000005E+1
-1.499911E+1
-1.227961E+1
-1.114477E+1
-1.045681E+1
-1.002169E+1
-9.733568E+0
-9.567458E+0
-9.514538E+0
-9.514538E+0
-9.585098E+0
-9.695348E+0
-9.811478E+0
-9.934958E+0
-1.002169E+1
-1.013341E+1
-1.020397E+1
-1.030099E+1
-1.037743E+1
-1.045681E+1
-1.048327E+1
-1.051120E+1
-1.051120E+1
-1.045681E+1
-1.043035E+1
-1.043035E+1
-1.053913E+1
-1.077433E+1
-1.118152E+1
-1.183273E+1
-1.309840E+1
-1.698949E+1
-2.000005E+1
-2.000005E+1
-2.000005E+1
-2.000005E+1
-2.000005E+1
-2.000005E+1
-2.000005E+1
-2.000005E+1
-2.000005E+1
-2.000005E+1
-2.000005E+1
-2.000005E+1
-2.000005E+1
-2.000005E+1
-2.000005E+1
-2.000005E+1
-2.000005E+1
-2.000005E+1
-2.000005E+1
-2.000005E+1
-2.000005E+1
-2.000005E+1
-1.319101E+1
-1.133734E+1
-1.037743E+1
-9.773258E+0
-9.379298E+0
-9.163208E+0
-9.119108E+0
-9.252878E+0
-9.585098E+0
-1.020397E+1
-1.129765E+1
-1.426852E+1
-2.000005E+1
-2.000005E+1
-2.000005E+1
-2.000005E+1
-2.000005E+1
-2.000005E+1
-2.000005E+1
-2.000005E+1
-2.000005E+1
-2.000005E+1
-2.000005E+1
-2.000005E+1
-2.000005E+1
-2.000005E+1
-2.000005E+1
-2.000005E+1
-2.000005E+1
-2.000005E+1
-2.000005E+1
-2.000005E+1
-2.000005E+1
-2.000005E+1
-2.000005E+1
-2.000005E+1
-1.443022E+1
-1.221787E+1
-1.129765E+1
-1.080520E+1
-1.059499E+1
-1.065379E+1
-1.100218E+1
-1.168573E+1
-1.309840E+1
-2.000005E+1
-2.000005E+1
-2.000005E+1
-2.000005E+1
-2.000005E+1
-2.000005E+1
-2.000005E+1
-2.000005E+1
-2.000005E+1
-2.000005E+1
-2.000005E+1
-2.000005E+1
-2.000005E+1
-2.000005E+1
-2.000005E+1
-2.000005E+1
-2.000005E+1
-2.000005E+1
-2.000005E+1
-2.000005E+1
-2.000005E+1
-2.000005E+1
-2.000005E+1
-2.000005E+1
-2.000005E+1
-2.000005E+1
-2.000005E+1
-2.000005E+1
-2.000005E+1
-2.000005E+1
-2.000005E+1
-2.000005E+1
-2.000005E+1
-2.000005E+1
-2.000005E+1
-1.360555E+1
-1.159312E+1
-1.059499E+1
-9.999638E+0
-9.639488E+0
-9.413108E+0
-9.316088E+0
-9.330788E+0
-9.480728E+0
-9.792368E+0
-1.027747E+1
-1.103746E+1
-1.221787E+1
-1.460368E+1
-2.000005E+1
-2.000005E+1
-2.000005E+1
-2.000005E+1
-1.479331E+1
-1.234135E+1
-1.118152E+1
-1.048327E+1
-1.008784E+1
-9.914378E+0
-9.977588E+0
-1.025248E+1
-1.080520E+1
-1.183273E+1
-1.397893E+1
-2.000005E+1
-2.000005E+1
-2.000005E+1
-2.000005E+1
-2.000005E+1
-1.610896E+1
-1.261330E+1
-1.137850E+1
-1.077433E+1
-1.045681E+1
-1.037743E+1
-1.043035E+1
-1.062439E+1
-1.086841E+1
-1.107274E+1
-1.118152E+1
-1.121974E+1
-1.118152E+1
-1.125796E+1
-1.146082E+1
-1.193563E+1
-1.276324E+1
-1.460368E+1
-2.000005E+1
-2.000005E+1
-2.000005E+1
-2.000005E+1
-2.000005E+1
-2.000005E+1
-1.548421E+1
-1.460368E+1
-1.522843E+1
-2.000005E+1
-2.000005E+1
-2.000005E+1
-2.000005E+1
-2.000005E+1
-2.000005E+1
-2.000005E+1
-2.000005E+1
-2.000005E+1
-2.000005E+1
-1.384663E+1
-1.198855E+1
-1.110802E+1
-1.065379E+1
-1.043035E+1
-1.043035E+1
-1.062439E+1
-1.110802E+1
-1.210027E+1
-1.479331E+1
-2.000005E+1
-2.000005E+1
-2.000005E+1
-2.000005E+1
-2.000005E+1
-2.000005E+1
-2.000005E+1
-2.000005E+1
-2.000005E+1
-2.000005E+1
-2.000005E+1
-2.000005E+1
-2.000005E+1
-2.000005E+1
-2.000005E+1
-2.000005E+1
-2.000005E+1
-2.000005E+1
-2.000005E+1
-2.000005E+1
-2.000005E+1
-2.000005E+1
-1.460368E+1
-1.178275E+1
-1.056706E+1
-9.811478E+0
-9.346958E+0
-9.047078E+0
-8.911838E+0
-8.911838E+0
-9.047078E+0
-9.299918E+0
-9.714458E+0
-1.032745E+1
-1.125796E+1
-1.284262E+1
-2.000005E+1
-2.000005E+1
-2.000005E+1
-2.000005E+1
-2.000005E+1
-2.000005E+1
-2.000005E+1
-2.000005E+1
-2.000005E+1
-2.000005E+1
-2.000005E+1
-2.000005E+1
-2.000005E+1
-2.000005E+1
-2.000005E+1
-2.000005E+1
-1.460368E+1
-1.183273E+1
-1.059499E+1
-9.792368E+0
-9.238178E+0
-8.847158E+0
-8.582558E+0
-8.429678E+0
-8.367938E+0
-8.388518E+0
-8.482598E+0
-8.663408E+0
-8.938298E+0
-9.316088E+0
-9.832058E+0
-1.051120E+1
-1.150492E+1
-1.319101E+1
-2.000005E+1
-2.000005E+1
-2.000005E+1
-2.000005E+1
-2.000005E+1
-2.000005E+1
-2.000005E+1
-2.000005E+1
-2.000005E+1
-2.000005E+1
-2.000005E+1
-2.000005E+1
-2.000005E+1
-2.000005E+1
-2.000005E+1
-2.000005E+1
-2.000005E+1
-2.000005E+1
-2.000005E+1
-2.000005E+1
-2.000005E+1
-2.000005E+1
-2.000005E+1
-2.000005E+1
-2.000005E+1
-2.000005E+1
-2.000005E+1
-2.000005E+1
-2.000005E+1
-2.000005E+1
-2.000005E+1
-2.000005E+1
-2.000005E+1
-1.411858E+1
-1.215907E+1
-1.114477E+1
-1.048327E+1
-9.977588E+0
-9.602738E+0
-9.299918E+0
-9.033848E+0
-8.795708E+0
-8.594318E+0
-8.450258E+0
-8.347358E+0
-8.287088E+0
-8.276798E+0
-8.316488E+0
-8.419388E+0
-8.582558E+0
-8.808938E+0
-9.089708E+0
-9.429278E+0
-9.852638E+0
-1.032745E+1
-1.090222E+1
-1.150492E+1
-1.221787E+1
-1.284262E+1
-1.349383E+1
-1.372315E+1
-1.360555E+1
-1.292494E+1
-1.210027E+1
-1.133734E+1
-1.068319E+1
-1.008784E+1
-9.639488E+0
-9.283748E+0
-9.047078E+0
-8.911838E+0
-8.872148E+0
-8.911838E+0
-9.047078E+0
-9.269048E+0
-9.567458E+0
-9.977588E+0
-1.053913E+1
-1.141966E+1
-1.301020E+1
-2.000005E+1
-2.000005E+1
-2.000005E+1
-2.000005E+1
-2.000005E+1
-2.000005E+1
-2.000005E+1
-2.000005E+1
-2.000005E+1
-2.000005E+1
-2.000005E+1
-1.284262E+1
-1.065379E+1
-9.621848E+0
-8.992688E+0
-8.594318E+0
-8.357648E+0
-8.238578E+0
-8.219468E+0
-8.247398E+0
-8.306198E+0
-8.347358E+0
-8.357648E+0
-8.297378E+0
-8.170958E+0
-8.018078E+0
-7.850498E+0
-7.709378E+0
-7.606478E+0
-7.556498E+0
-7.563848E+0
-7.643228E+0
-7.794638E+0
-8.009258E+0
-8.297378E+0
-8.651648E+0
-9.104408E+0
-9.658598E+0
-1.040389E+1
-1.150492E+1
-1.384663E+1
-2.000005E+1
-2.000005E+1
-2.000005E+1
-2.000005E+1
-2.000005E+1
-2.000005E+1
-2.000005E+1
-2.000005E+1
-2.000005E+1
-2.000005E+1
-2.000005E+1
-2.000005E+1
-2.000005E+1
-2.000005E+1
-2.000005E+1
-2.000005E+1
-2.000005E+1
-2.000005E+1
-2.000005E+1
-2.000005E+1
-2.000005E+1
-2.000005E+1
-2.000005E+1
-2.000005E+1
-2.000005E+1
-2.000005E+1
-2.000005E+1
-2.000005E+1
-2.000005E+1
-2.000005E+1
-2.000005E+1
-2.000005E+1
-2.000005E+1
-2.000005E+1
-1.499911E+1
-1.309840E+1
-1.210027E+1
-1.146082E+1
-1.103746E+1
-1.071259E+1
