Date/Time	2022-06-04 04:37:09
Line location	1
Line name	A1
OTDR wavelength [nm]	1310
OTDR pulse duration [ns]	2
OTDR scan time [s]	10
OTDR scan length [m]	1.500000E+2
Length offset [m]	0.000000E+0
Length increment [m]	3.996806E-2
Switch ID	VIAVI Solutions,OTU 8000E,11654,FO,16.76
OTDR ID	JDSU,OTU 8000E,11654,OTU(SmartOTU),V7.22

Reflected amplitude [dB]
6.488420E-1
6.385520E-1
6.135620E-1
5.782820E-1
5.415320E-1
5.091920E-1
4.827320E-1
4.636220E-1
4.503920E-1
4.445120E-1
4.533320E-1
4.827320E-1
5.253620E-1
5.694620E-1
6.062120E-1
6.356120E-1
6.561920E-1
6.708920E-1
6.782420E-1
6.797120E-1
6.723620E-1
6.414920E-1
5.738720E-1
4.827320E-1
3.871820E-1
2.975120E-1
2.181320E-1
1.461020E-1
8.289200E-2
2.556200E-2
-2.588800E-2
-7.292800E-2
-1.155580E-1
-1.552480E-1
-1.905280E-1
-2.213980E-1
-2.478580E-1
-2.728480E-1
-2.934280E-1
-3.110680E-1
-3.272380E-1
-3.419380E-1
-3.522280E-1
-3.625180E-1
-3.698680E-1
-3.772180E-1
-3.830980E-1
-3.889780E-1
-3.963280E-1
-4.036780E-1
-4.139680E-1
-4.257280E-1
-4.389580E-1
-4.551280E-1
-4.712980E-1
-4.889380E-1
-5.051080E-1
-5.198080E-1
-5.315680E-1
-5.433280E-1
-5.506780E-1
-5.580280E-1
-5.624380E-1
-5.668480E-1
-5.697880E-1
-5.727280E-1
-5.756680E-1
-5.786080E-1
-5.830180E-1
-5.874280E-1
-5.918380E-1
-5.977180E-1
-6.035980E-1
-6.094780E-1
-6.124180E-1
-6.153580E-1
-6.168280E-1
-6.168280E-1
-6.138880E-1
-6.109480E-1
-6.065380E-1
-6.035980E-1
-6.006580E-1
-5.991880E-1
-6.006580E-1
-6.035980E-1
-6.065380E-1
-6.124180E-1
-6.168280E-1
-6.212380E-1
-6.241780E-1
-6.271180E-1
-6.285880E-1
-6.315280E-1
-6.315280E-1
-6.344680E-1
-6.359380E-1
-6.403480E-1
-6.447580E-1
-6.491680E-1
-6.550480E-1
-6.594580E-1
-6.638680E-1
-6.682780E-1
-6.712180E-1
-6.712180E-1
-6.712180E-1
-6.697480E-1
-6.653380E-1
-6.623980E-1
-6.594580E-1
-6.565180E-1
-6.565180E-1
-6.579880E-1
-6.609280E-1
-6.653380E-1
-6.697480E-1
-6.741580E-1
-6.770980E-1
-6.785680E-1
-6.770980E-1
-6.756280E-1
-6.726880E-1
-6.697480E-1
-6.653380E-1
-6.623980E-1
-6.594580E-1
-6.579880E-1
-6.550480E-1
-6.535780E-1
-6.521080E-1
-6.491680E-1
-6.476980E-1
-6.462280E-1
-6.462280E-1
-6.491680E-1
-6.521080E-1
-6.579880E-1
-6.653380E-1
-6.741580E-1
-6.815080E-1
-6.888580E-1
-6.947380E-1
-7.006180E-1
-6.344680E-1
-2.846080E-1
5.033120E-1
1.601402E+0
2.772992E+0
3.868142E+0
4.835402E+0
5.657132E+0
6.340682E+0
6.906632E+0
7.372622E+0
7.747472E+0
8.041472E+0
8.257562E+0
8.403092E+0
8.481002E+0
8.500112E+0
8.463362E+0
8.375162E+0
8.236982E+0
8.050292E+0
7.815092E+0
7.535792E+0
7.213862E+0
6.850772E+0
6.450932E+0
6.015812E+0
5.552762E+0
5.069132E+0
4.570802E+0
4.066592E+0
3.571202E+0
3.093452E+0
2.648042E+0
2.251142E+0
1.914512E+0
1.633742E+0
1.395602E+0
1.189802E+0
1.013402E+0
8.546420E-1
6.914720E-1
5.209520E-1
3.533720E-1
1.916720E-1
4.026200E-2
-9.938800E-2
-2.258080E-1
-3.389980E-1
-4.345480E-1
-5.153980E-1
-5.830180E-1
-6.374080E-1
-6.800380E-1
-7.123780E-1
-7.358980E-1
-7.535380E-1
-7.623580E-1
-7.682380E-1
-7.697080E-1
-7.682380E-1
-7.652980E-1
-7.608880E-1
-7.535380E-1
-7.461880E-1
-7.373680E-1
-7.285480E-1
-7.182580E-1
-7.109080E-1
-7.035580E-1
-6.991480E-1
-6.962080E-1
-6.947380E-1
-6.947380E-1
-6.962080E-1
-7.006180E-1
-7.035580E-1
-7.079680E-1
-7.109080E-1
-7.138480E-1
-7.167880E-1
-7.182580E-1
-7.197280E-1
-7.211980E-1
-7.241380E-1
-7.285480E-1
-7.329580E-1
-7.388380E-1
-7.461880E-1
-7.535380E-1
-7.594180E-1
-7.638280E-1
-7.667680E-1
-7.667680E-1
-7.667680E-1
-7.652980E-1
-7.638280E-1
-7.623580E-1
-7.638280E-1
-7.652980E-1
-7.697080E-1
-7.755880E-1
-7.829380E-1
-7.902880E-1
-7.976380E-1
-8.035180E-1
-8.093980E-1
-8.138080E-1
-8.182180E-1
-8.196880E-1
-8.196880E-1
-8.167480E-1
-8.138080E-1
-8.093980E-1
-8.035180E-1
-7.976380E-1
-7.902880E-1
-7.829380E-1
-7.770580E-1
-7.697080E-1
-7.652980E-1
-7.608880E-1
-7.579480E-1
-7.564780E-1
-7.579480E-1
-7.608880E-1
-7.652980E-1
-7.726480E-1
-7.814680E-1
-7.932280E-1
-8.035180E-1
-8.152780E-1
-8.255680E-1
-8.329180E-1
-8.387980E-1
-8.387980E-1
-8.358580E-1
-8.285080E-1
-8.182180E-1
-8.049880E-1
-7.902880E-1
-7.755880E-1
-7.608880E-1
-7.476580E-1
-7.373680E-1
-7.300180E-1
-7.270780E-1
-7.270780E-1
-7.285480E-1
-7.344280E-1
-7.403080E-1
-7.476580E-1
-7.535380E-1
-7.579480E-1
-7.608880E-1
-7.623580E-1
-7.623580E-1
-7.608880E-1
-7.594180E-1
-7.579480E-1
-7.564780E-1
-7.564780E-1
-7.564780E-1
-7.579480E-1
-7.608880E-1
-7.638280E-1
-7.667680E-1
-7.711780E-1
-7.741180E-1
-7.785280E-1
-7.814680E-1
-7.844080E-1
-7.858780E-1
-7.873480E-1
-7.873480E-1
-7.873480E-1
-7.858780E-1
-7.844080E-1
-7.829380E-1
-7.799980E-1
-7.785280E-1
-7.755880E-1
-7.726480E-1
-7.697080E-1
-7.682380E-1
-7.667680E-1
-7.667680E-1
-7.682380E-1
-7.682380E-1
-7.697080E-1
-7.711780E-1
-7.697080E-1
-7.667680E-1
-7.623580E-1
-7.564780E-1
-7.476580E-1
-7.388380E-1
-7.300180E-1
-7.211980E-1
-7.123780E-1
-7.050280E-1
-6.962080E-1
-6.888580E-1
-6.829780E-1
-6.756280E-1
-6.697480E-1
-6.623980E-1
-6.565180E-1
-6.521080E-1
-6.476980E-1
-6.462280E-1
-6.462280E-1
-6.491680E-1
-6.550480E-1
-6.638680E-1
-6.726880E-1
-6.844480E-1
-6.976780E-1
-7.094380E-1
-7.197280E-1
-7.285480E-1
-7.344280E-1
-7.388380E-1
-7.403080E-1
-7.417780E-1
-7.432480E-1
-7.447180E-1
-7.476580E-1
-7.535380E-1
-7.608880E-1
-7.697080E-1
-7.814680E-1
-7.946980E-1
-8.093980E-1
-8.211580E-1
-8.329180E-1
-8.417380E-1
-8.476180E-1
-8.476180E-1
-8.461480E-1
-8.402680E-1
-8.314480E-1
-8.240980E-1
-8.152780E-1
-8.079280E-1
-8.020480E-1
-7.991080E-1
-7.961680E-1
-7.961680E-1
-7.961680E-1
-7.961680E-1
-7.961680E-1
-7.961680E-1
-7.976380E-1
-7.991080E-1
-8.005780E-1
-8.035180E-1
-8.064580E-1
-8.079280E-1
-8.049880E-1
-7.991080E-1
-7.902880E-1
-7.755880E-1
-7.564780E-1
-7.358980E-1
-7.123780E-1
-6.903280E-1
-6.712180E-1
-6.535780E-1
-6.403480E-1
-6.315280E-1
-6.271180E-1
-6.256480E-1
-6.285880E-1
-6.359380E-1
-6.447580E-1
-6.550480E-1
-6.668080E-1
-6.800380E-1
-6.932680E-1
-7.079680E-1
-7.226680E-1
-7.403080E-1
-7.564780E-1
-7.726480E-1
-7.873480E-1
-8.020480E-1
-8.123380E-1
-8.196880E-1
-8.240980E-1
-8.255680E-1
-8.240980E-1
-8.211580E-1
-8.167480E-1
-8.123380E-1
-8.079280E-1
-8.035180E-1
-7.991080E-1
-7.961680E-1
-7.932280E-1
-7.932280E-1
-7.932280E-1
-7.946980E-1
-7.961680E-1
-7.991080E-1
-8.035180E-1
-8.064580E-1
-8.093980E-1
-8.123380E-1
-8.138080E-1
-8.138080E-1
-8.152780E-1
-8.152780E-1
-8.167480E-1
-8.167480E-1
-8.167480E-1
-8.167480E-1
-8.152780E-1
-8.123380E-1
-8.093980E-1
-8.035180E-1
-7.976380E-1
-7.917580E-1
-7.873480E-1
-7.829380E-1
-7.814680E-1
-7.799980E-1
-7.814680E-1
-7.829380E-1
-7.844080E-1
-7.844080E-1
-7.858780E-1
-7.858780E-1
-7.844080E-1
-7.829380E-1
-7.814680E-1
-7.799980E-1
-7.799980E-1
-7.814680E-1
-7.844080E-1
-7.917580E-1
-7.991080E-1
-8.093980E-1
-8.211580E-1
-8.343880E-1
-8.461480E-1
-8.564380E-1
-8.637880E-1
-8.696680E-1
-8.711380E-1
-8.711380E-1
-8.681980E-1
-8.652580E-1
-8.623180E-1
-8.593780E-1
-8.564380E-1
-8.534980E-1
-8.505580E-1
-8.461480E-1
-8.417380E-1
-8.343880E-1
-8.255680E-1
-8.167480E-1
-8.079280E-1
-7.991080E-1
-7.917580E-1
-7.858780E-1
-7.829380E-1
-7.814680E-1
-7.799980E-1
-7.814680E-1
-7.829380E-1
-7.858780E-1
-7.888180E-1
-7.917580E-1
-7.946980E-1
-7.976380E-1
-8.005780E-1
-8.020480E-1
-8.035180E-1
-8.035180E-1
-8.005780E-1
-7.961680E-1
-7.888180E-1
-7.785280E-1
-7.667680E-1
-7.550080E-1
-7.403080E-1
-7.270780E-1
-7.167880E-1
-7.064980E-1
-7.006180E-1
-6.962080E-1
-6.962080E-1
-6.962080E-1
-6.991480E-1
-7.020880E-1
-7.035580E-1
-7.050280E-1
-7.064980E-1
-7.064980E-1
-7.064980E-1
-7.064980E-1
-7.094380E-1
-7.138480E-1
-7.197280E-1
-7.285480E-1
-7.403080E-1
-7.535380E-1
-7.682380E-1
-7.814680E-1
-7.932280E-1
-8.035180E-1
-8.093980E-1
-8.123380E-1
-8.123380E-1
-8.093980E-1
-8.035180E-1
-7.976380E-1
-7.917580E-1
-7.858780E-1
-7.814680E-1
-7.785280E-1
-7.785280E-1
-7.785280E-1
-7.799980E-1
-7.814680E-1
-7.829380E-1
-7.829380E-1
-7.799980E-1
-7.755880E-1
-7.697080E-1
-7.638280E-1
-7.579480E-1
-7.520680E-1
-7.476580E-1
-7.447180E-1
-7.432480E-1
-7.432480E-1
-7.417780E-1
-7.432480E-1
-7.432480E-1
-7.447180E-1
-7.461880E-1
-7.491280E-1
-7.535380E-1
-7.579480E-1
-7.638280E-1
-7.682380E-1
-7.726480E-1
-7.755880E-1
-7.755880E-1
-7.755880E-1
-7.741180E-1
-7.711780E-1
-7.697080E-1
-7.682380E-1
-7.667680E-1
-7.667680E-1
-7.682380E-1
-7.682380E-1
-7.682380E-1
-7.667680E-1
-7.638280E-1
-7.594180E-1
-7.550080E-1
-7.505980E-1
-7.476580E-1
-7.461880E-1
-7.476580E-1
-7.535380E-1
-7.608880E-1
-7.697080E-1
-7.785280E-1
-7.888180E-1
-7.961680E-1
-8.020480E-1
-8.064580E-1
-8.079280E-1
-8.093980E-1
-8.093980E-1
-8.108680E-1
-8.108680E-1
-8.123380E-1
-8.123380E-1
-8.123380E-1
-8.123380E-1
-8.093980E-1
-8.064580E-1
-8.020480E-1
-7.961680E-1
-7.888180E-1
-7.829380E-1
-7.770580E-1
-7.726480E-1
-7.697080E-1
-7.697080E-1
-7.697080E-1
-7.726480E-1
-7.755880E-1
-7.814680E-1
-7.858780E-1
-7.917580E-1
-7.961680E-1
-8.005780E-1
-8.035180E-1
-8.079280E-1
-8.093980E-1
-8.108680E-1
-8.123380E-1
-8.123380E-1
-8.123380E-1
-8.138080E-1
-8.138080E-1
-8.138080E-1
-8.152780E-1
-8.152780E-1
-8.167480E-1
-8.167480E-1
-8.167480E-1
-8.167480E-1
-8.138080E-1
-8.108680E-1
-8.079280E-1
-8.020480E-1
-7.976380E-1
-7.932280E-1
-7.873480E-1
-7.829380E-1
-7.799980E-1
-7.785280E-1
-7.799980E-1
-7.814680E-1
-7.858780E-1
-7.917580E-1
-7.976380E-1
-8.020480E-1
-8.079280E-1
-8.123380E-1
-8.152780E-1
-8.182180E-1
-8.211580E-1
-8.255680E-1
-8.285080E-1
-8.314480E-1
-8.358580E-1
-8.402680E-1
-8.417380E-1
-8.432080E-1
-8.417380E-1
-8.373280E-1
-8.314480E-1
-8.240980E-1
-8.167480E-1
-8.079280E-1
-7.991080E-1
-7.932280E-1
-7.858780E-1
-7.799980E-1
-7.755880E-1
-7.726480E-1
-7.711780E-1
-7.711780E-1
-7.711780E-1
-7.726480E-1
-7.755880E-1
-7.785280E-1
-7.814680E-1
-7.844080E-1
-7.873480E-1
-7.873480E-1
-7.873480E-1
-7.873480E-1
-7.858780E-1
-7.829380E-1
-7.814680E-1
-7.799980E-1
-7.785280E-1
-7.785280E-1
-7.785280E-1
-7.799980E-1
-7.829380E-1
-7.858780E-1
-7.888180E-1
-7.917580E-1
-7.917580E-1
-7.917580E-1
-7.888180E-1
-7.858780E-1
-7.814680E-1
-7.785280E-1
-7.741180E-1
-7.711780E-1
-7.697080E-1
-7.711780E-1
-7.711780E-1
-7.741180E-1
-7.755880E-1
-7.785280E-1
-7.799980E-1
-7.799980E-1
-7.814680E-1
-7.814680E-1
-7.829380E-1
-7.844080E-1
-7.858780E-1
-7.888180E-1
-7.917580E-1
-7.946980E-1
-7.976380E-1
-7.991080E-1
-7.991080E-1
-7.991080E-1
-7.976380E-1
-7.946980E-1
-7.917580E-1
-7.873480E-1
-7.829380E-1
-7.770580E-1
-7.682380E-1
-7.594180E-1
-7.476580E-1
-7.358980E-1
-7.226680E-1
-7.094380E-1
-6.976780E-1
-6.888580E-1
-6.815080E-1
-6.785680E-1
-6.785680E-1
-6.829780E-1
-6.888580E-1
-6.991480E-1
-7.094380E-1
-7.211980E-1
-7.344280E-1
-7.491280E-1
-7.623580E-1
-7.741180E-1
-7.873480E-1
-7.976380E-1
-8.079280E-1
-8.167480E-1
-8.240980E-1
-8.314480E-1
-8.358580E-1
-8.402680E-1
-8.446780E-1
-8.476180E-1
-8.505580E-1
-8.520280E-1
-8.534980E-1
-8.534980E-1
-8.520280E-1
-8.505580E-1
-8.476180E-1
-8.446780E-1
-8.402680E-1
-8.343880E-1
-8.299780E-1
-8.255680E-1
-8.211580E-1
-8.182180E-1
-8.152780E-1
-8.123380E-1
-8.108680E-1
-8.079280E-1
-8.064580E-1
-8.035180E-1
-8.005780E-1
-7.976380E-1
-7.946980E-1
-7.917580E-1
-7.902880E-1
-7.902880E-1
-7.902880E-1
-7.902880E-1
-7.902880E-1
-7.902880E-1
-7.873480E-1
-7.844080E-1
-7.785280E-1
-7.711780E-1
-7.623580E-1
-7.535380E-1
-7.447180E-1
-7.388380E-1
-7.344280E-1
-7.329580E-1
-7.344280E-1
-7.373680E-1
-7.417780E-1
-7.491280E-1
-7.550080E-1
-7.608880E-1
-7.667680E-1
-7.741180E-1
-7.799980E-1
-7.873480E-1
-7.961680E-1
-8.035180E-1
-8.108680E-1
-8.182180E-1
-8.226280E-1
-8.255680E-1
-8.255680E-1
-8.240980E-1
-8.211580E-1
-8.182180E-1
-8.167480E-1
-8.138080E-1
-8.138080E-1
-8.138080E-1
-8.138080E-1
-8.123380E-1
-8.108680E-1
-8.079280E-1
-8.020480E-1
-7.961680E-1
-7.888180E-1
-7.814680E-1
-7.741180E-1
-7.667680E-1
-7.608880E-1
-7.579480E-1
-7.550080E-1
-7.550080E-1
-7.564780E-1
-7.594180E-1
-7.638280E-1
-7.697080E-1
-7.770580E-1
-7.858780E-1
-7.946980E-1
-8.049880E-1
-8.138080E-1
-8.226280E-1
-8.299780E-1
-8.343880E-1
-8.358580E-1
-8.358580E-1
-8.343880E-1
-8.299780E-1
-8.270380E-1
-8.226280E-1
-8.182180E-1
-8.152780E-1
-8.123380E-1
-8.093980E-1
-8.049880E-1
-8.005780E-1
-7.976380E-1
-7.932280E-1
-7.917580E-1
-7.902880E-1
-7.917580E-1
-7.946980E-1
-8.005780E-1
-8.064580E-1
-8.138080E-1
-8.196880E-1
-8.255680E-1
-8.285080E-1
-8.314480E-1
-8.314480E-1
-8.299780E-1
-8.285080E-1
-8.270380E-1
-8.255680E-1
-8.255680E-1
-8.255680E-1
-8.255680E-1
-8.270380E-1
-8.299780E-1
-8.314480E-1
-8.329180E-1
-8.343880E-1
-8.358580E-1
-8.358580E-1
-8.358580E-1
-8.329180E-1
-8.285080E-1
-8.211580E-1
-8.138080E-1
-8.049880E-1
-7.961680E-1
-7.873480E-1
-7.814680E-1
-7.770580E-1
-7.755880E-1
-7.755880E-1
-7.785280E-1
-7.829380E-1
-7.888180E-1
-7.932280E-1
-7.991080E-1
-8.020480E-1
-8.035180E-1
-8.049880E-1
-8.049880E-1
-8.035180E-1
-8.020480E-1
-8.005780E-1
-7.976380E-1
-7.961680E-1
-7.932280E-1
-7.917580E-1
-7.888180E-1
-7.858780E-1
-7.829380E-1
-7.799980E-1
-7.770580E-1
-7.741180E-1
-7.697080E-1
-7.667680E-1
-7.652980E-1
-7.638280E-1
-7.638280E-1
-7.652980E-1
-7.682380E-1
-7.726480E-1
-7.770580E-1
-7.814680E-1
-7.858780E-1
-7.902880E-1
-7.932280E-1
-7.946980E-1
-7.946980E-1
-7.917580E-1
-7.873480E-1
-7.829380E-1
-7.770580E-1
-7.726480E-1
-7.682380E-1
-7.638280E-1
-7.608880E-1
-7.594180E-1
-7.608880E-1
-7.623580E-1
-7.667680E-1
-7.711780E-1
-7.785280E-1
-7.858780E-1
-7.946980E-1
-8.020480E-1
-8.123380E-1
-8.211580E-1
-8.299780E-1
-8.373280E-1
-8.432080E-1
-8.476180E-1
-8.505580E-1
-8.505580E-1
-8.490880E-1
-8.461480E-1
-8.417380E-1
-8.373280E-1
-8.343880E-1
-8.299780E-1
-8.270380E-1
-8.240980E-1
-8.211580E-1
-8.182180E-1
-8.152780E-1
-8.123380E-1
-8.093980E-1
-8.064580E-1
-8.020480E-1
-7.991080E-1
-7.961680E-1
-7.917580E-1
-7.858780E-1
-7.814680E-1
-7.770580E-1
-7.711780E-1
-7.667680E-1
-7.623580E-1
-7.579480E-1
-7.550080E-1
-7.535380E-1
-7.550080E-1
-7.594180E-1
-7.652980E-1
-7.755880E-1
-7.902880E-1
-8.079280E-1
-8.299780E-1
-8.564380E-1
-8.873080E-1
-9.211180E-1
-9.578680E-1
-9.975580E-1
-1.035778E+0
-1.076938E+0
-1.115158E+0
-1.153378E+0
-1.191598E+0
-1.226878E+0
-1.262158E+0
-1.297438E+0
-1.329778E+0
-1.362118E+0
-1.391518E+0
-1.417978E+0
-1.442968E+0
-1.463548E+0
-1.482658E+0
-1.498828E+0
-1.510588E+0
-1.519408E+0
-1.525288E+0
-1.526758E+0
-1.525288E+0
-1.520878E+0
-1.514998E+0
-1.507648E+0
-1.500298E+0
-1.494418E+0
-1.487068E+0
-1.482658E+0
-1.478248E+0
-1.475308E+0
-1.472368E+0
-1.470898E+0
-1.472368E+0
-1.475308E+0
-1.479718E+0
-1.485598E+0
-1.494418E+0
-1.501768E+0
-1.507648E+0
-1.513528E+0
-1.516468E+0
-1.516468E+0
-1.513528E+0
-1.509118E+0
-1.504708E+0
-1.498828E+0
-1.494418E+0
-1.491478E+0
-1.491478E+0
-1.492948E+0
-1.495888E+0
-1.500298E+0
-1.504708E+0
-1.509118E+0
-1.513528E+0
-1.514998E+0
-1.514998E+0
-1.512058E+0
-1.507648E+0
-1.500298E+0
-1.492948E+0
-1.484128E+0
-1.476778E+0
-1.470898E+0
-1.466488E+0
-1.465018E+0
-1.463548E+0
-1.465018E+0
-1.466488E+0
-1.466488E+0
-1.469428E+0
-1.470898E+0
-1.473838E+0
-1.478248E+0
-1.484128E+0
-1.491478E+0
-1.500298E+0
-1.510588E+0
-1.522348E+0
-1.534108E+0
-1.547338E+0
-1.559098E+0
-1.570858E+0
-1.581148E+0
-1.589968E+0
-1.597318E+0
-1.603198E+0
-1.607608E+0
-1.609078E+0
-1.607608E+0
-1.606138E+0
-1.603198E+0
-1.601728E+0
-1.598788E+0
-1.595848E+0
-1.594378E+0
-1.591438E+0
-1.587028E+0
-1.579678E+0
-1.572328E+0
-1.562038E+0
-1.553218E+0
-1.542928E+0
-1.535578E+0
-1.531168E+0
-1.528228E+0
-1.529698E+0
-1.534108E+0
-1.539988E+0
-1.548808E+0
-1.556158E+0
-1.564978E+0
-1.570858E+0
-1.576738E+0
-1.582618E+0
-1.587028E+0
-1.589968E+0
-1.591438E+0
-1.592908E+0
-1.594378E+0
-1.594378E+0
-1.594378E+0
-1.595848E+0
-1.595848E+0
-1.597318E+0
-1.597318E+0
-1.595848E+0
-1.594378E+0
-1.591438E+0
-1.587028E+0
-1.579678E+0
-1.572328E+0
-1.566448E+0
-1.560568E+0
-1.557628E+0
-1.559098E+0
-1.564978E+0
-1.573798E+0
-1.585558E+0
-1.597318E+0
-1.609078E+0
-1.617898E+0
-1.623778E+0
-1.626718E+0
-1.625248E+0
-1.622308E+0
-1.619368E+0
-1.617898E+0
-1.617898E+0
-1.622308E+0
-1.628188E+0
-1.638478E+0
-1.648768E+0
-1.660528E+0
-1.673758E+0
-1.684048E+0
-1.692868E+0
-1.700218E+0
-1.706098E+0
-1.709038E+0
-1.711978E+0
-1.713448E+0
-1.716388E+0
-1.719328E+0
-1.722268E+0
-1.725208E+0
-1.729618E+0
-1.731088E+0
-1.731088E+0
-1.728148E+0
-1.723738E+0
-1.717858E+0
-1.709038E+0
-1.701688E+0
-1.694338E+0
-1.689928E+0
-1.686988E+0
-1.686988E+0
-1.688458E+0
-1.688458E+0
-1.686988E+0
-1.684048E+0
-1.675228E+0
-1.663468E+0
-1.645828E+0
-1.625248E+0
-1.601728E+0
-1.576738E+0
-1.550278E+0
-1.526758E+0
-1.507648E+0
-1.491478E+0
-1.482658E+0
-1.478248E+0
-1.481188E+0
-1.488538E+0
-1.501768E+0
-1.517938E+0
-1.537048E+0
-1.556158E+0
-1.576738E+0
-1.597318E+0
-1.616428E+0
-1.637008E+0
-1.656118E+0
-1.675228E+0
-1.694338E+0
-1.713448E+0
-1.734028E+0
-1.751668E+0
-1.769308E+0
-1.782538E+0
-1.794298E+0
-1.803118E+0
-1.807528E+0
-1.807528E+0
-1.806058E+0
-1.803118E+0
-1.797238E+0
-1.791358E+0
-1.782538E+0
-1.776658E+0
-1.769308E+0
-1.763428E+0
-1.759018E+0
-1.754608E+0
-1.753138E+0
-1.750198E+0
-1.750198E+0
-1.750198E+0
-1.748728E+0
-1.748728E+0
-1.747258E+0
-1.744318E+0
-1.741378E+0
-1.735498E+0
-1.729618E+0
-1.722268E+0
-1.716388E+0
-1.710508E+0
-1.706098E+0
-1.704628E+0
-1.706098E+0
-1.709038E+0
-1.714918E+0
-1.723738E+0
-1.732558E+0
-1.741378E+0
-1.748728E+0
-1.756078E+0
-1.761958E+0
-1.767838E+0
-1.772248E+0
-1.776658E+0
-1.781068E+0
-1.786948E+0
-1.789888E+0
-1.792828E+0
-1.794298E+0
-1.792828E+0
-1.788418E+0
-1.781068E+0
-1.769308E+0
-1.757548E+0
-1.745788E+0
-1.732558E+0
-1.722268E+0
-1.714918E+0
-1.710508E+0
-1.709038E+0
-1.711978E+0
-1.716388E+0
-1.723738E+0
-1.731088E+0
-1.739908E+0
-1.748728E+0
-1.757548E+0
-1.767838E+0
-1.776658E+0
-1.786948E+0
-1.797238E+0
-1.808998E+0
-1.819288E+0
-1.829578E+0
-1.838398E+0
-1.848688E+0
-1.856038E+0
-1.864858E+0
-1.872208E+0
-1.878088E+0
-1.885438E+0
-1.891318E+0
-1.895728E+0
-1.898668E+0
-1.900138E+0
-1.898668E+0
-1.895728E+0
-1.891318E+0
-1.886908E+0
-1.881028E+0
-1.873678E+0
-1.867798E+0
-1.861918E+0
-1.856038E+0
-1.848688E+0
-1.844278E+0
-1.838398E+0
-1.831048E+0
-1.825168E+0
-1.817818E+0
-1.808998E+0
-1.800178E+0
-1.791358E+0
-1.781068E+0
-1.770778E+0
-1.763428E+0
-1.756078E+0
-1.753138E+0
-1.751668E+0
-1.753138E+0
-1.756078E+0
-1.759018E+0
-1.761958E+0
-1.761958E+0
-1.759018E+0
-1.754608E+0
-1.748728E+0
-1.741378E+0
-1.735498E+0
-1.731088E+0
-1.728148E+0
-1.728148E+0
-1.732558E+0
-1.738438E+0
-1.748728E+0
-1.760488E+0
-1.775188E+0
-1.792828E+0
-1.811938E+0
-1.829578E+0
-1.845748E+0
-1.860448E+0
-1.869268E+0
-1.875148E+0
-1.875148E+0
-1.872208E+0
-1.866328E+0
-1.858978E+0
-1.851628E+0
-1.845748E+0
-1.841338E+0
-1.838398E+0
-1.836928E+0
-1.836928E+0
-1.836928E+0
-1.838398E+0
-1.839868E+0
-1.842808E+0
-1.845748E+0
-1.848688E+0
-1.853098E+0
-1.856038E+0
-1.858978E+0
-1.860448E+0
-1.861918E+0
-1.860448E+0
-1.858978E+0
-1.857508E+0
-1.856038E+0
-1.854568E+0
-1.856038E+0
-1.858978E+0
-1.864858E+0
-1.873678E+0
-1.882498E+0
-1.894258E+0
-1.907488E+0
-1.920718E+0
-1.932478E+0
-1.942768E+0
-1.951588E+0
-1.955998E+0
-1.958938E+0
-1.960408E+0
-1.958938E+0
-1.957468E+0
-1.955998E+0
-1.955998E+0
-1.955998E+0
-1.957468E+0
-1.957468E+0
-1.957468E+0
-1.955998E+0
-1.953058E+0
-1.950118E+0
-1.945708E+0
-1.941298E+0
-1.938358E+0
-1.935418E+0
-1.932478E+0
-1.929538E+0
-1.926598E+0
-1.922188E+0
-1.917778E+0
-1.910428E+0
-1.903078E+0
-1.895728E+0
-1.889848E+0
-1.886908E+0
-1.886908E+0
-1.891318E+0
-1.900138E+0
-1.913368E+0
-1.931008E+0
-1.950118E+0
-1.972168E+0
-1.992748E+0
-2.011858E+0
-2.028028E+0
-2.042728E+0
-2.053018E+0
-2.058898E+0
-2.061838E+0
-2.060368E+0
-2.057428E+0
-2.053018E+0
-2.047138E+0
-2.039788E+0
-2.030968E+0
-2.022148E+0
-2.013328E+0
-2.005978E+0
-1.997158E+0
-1.991278E+0
-1.985398E+0
-1.982458E+0
-1.980988E+0
-1.983928E+0
-1.988338E+0
-1.994218E+0
-2.004508E+0
-2.014798E+0
-2.025088E+0
-2.033908E+0
-2.039788E+0
-2.044198E+0
-2.042728E+0
-2.036848E+0
-2.028028E+0
-2.016268E+0
-2.003038E+0
-1.989808E+0
-1.979518E+0
-1.972168E+0
-1.969228E+0
-1.972168E+0
-1.982458E+0
-1.998628E+0
-2.019208E+0
-2.044198E+0
-2.069188E+0
-2.095648E+0
-2.117698E+0
-2.136808E+0
-2.150038E+0
-2.157388E+0
-2.158858E+0
-2.154448E+0
-2.145628E+0
-2.135338E+0
-2.123578E+0
-2.110348E+0
-2.098588E+0
-2.086828E+0
-2.075068E+0
-2.064778E+0
-2.053018E+0
-2.044198E+0
-2.035378E+0
-2.026558E+0
-2.020678E+0
-2.016268E+0
-2.013328E+0
-2.013328E+0
-2.013328E+0
-2.017738E+0
-2.020678E+0
-2.026558E+0
-2.032438E+0
-2.039788E+0
-2.048608E+0
-2.057428E+0
-2.067718E+0
-2.078008E+0
-2.089768E+0
-2.101528E+0
-2.113288E+0
-2.123578E+0
-2.133868E+0
-2.142688E+0
-2.150038E+0
-2.155918E+0
-2.163268E+0
-2.169148E+0
-2.175028E+0
-2.180908E+0
-2.185318E+0
-2.186788E+0
-2.185318E+0
-2.180908E+0
-2.173558E+0
-2.164738E+0
-2.152978E+0
-2.139748E+0
-2.126518E+0
-2.116228E+0
-2.107408E+0
-2.100058E+0
-2.095648E+0
-2.092708E+0
-2.092708E+0
-2.097118E+0
-2.102998E+0
-2.113288E+0
-2.126518E+0
-2.139748E+0
-2.155918E+0
-2.170618E+0
-2.183848E+0
-2.191198E+0
-2.194138E+0
-2.189728E+0
-2.177968E+0
-2.161798E+0
-2.141218E+0
-2.116228E+0
-2.091238E+0
-2.067718E+0
-2.045668E+0
-2.028028E+0
-2.016268E+0
-2.010388E+0
-2.008918E+0
-2.013328E+0
-2.022148E+0
-2.035378E+0
-2.051548E+0
-2.066248E+0
-2.082418E+0
-2.097118E+0
-2.108878E+0
-2.120638E+0
-2.130928E+0
-2.139748E+0
-2.150038E+0
-2.161798E+0
-2.172088E+0
-2.183848E+0
-2.194138E+0
-2.202958E+0
-2.207368E+0
-2.207368E+0
-2.202958E+0
-2.195608E+0
-2.183848E+0
-2.169148E+0
-2.155918E+0
-2.145628E+0
-2.138278E+0
-2.135338E+0
-2.136808E+0
-2.141218E+0
-2.148568E+0
-2.157388E+0
-2.164738E+0
-2.170618E+0
-2.173558E+0
-2.172088E+0
-2.167678E+0
-2.160328E+0
-2.152978E+0
-2.145628E+0
-2.138278E+0
-2.133868E+0
-2.133868E+0
-2.136808E+0
-2.144158E+0
-2.152978E+0
-2.161798E+0
-2.172088E+0
-2.180908E+0
-2.186788E+0
-2.192668E+0
-2.194138E+0
-2.194138E+0
-2.192668E+0
-2.189728E+0
-2.186788E+0
-2.185318E+0
-2.183848E+0
-2.182378E+0
-2.182378E+0
-2.183848E+0
-2.188258E+0
-2.192668E+0
-2.200018E+0
-2.208838E+0
-2.219128E+0
-2.229418E+0
-2.239708E+0
-2.247058E+0
-2.252938E+0
-2.252938E+0
-2.248528E+0
-2.239708E+0
-2.226478E+0
-2.211778E+0
-2.197078E+0
-2.182378E+0
-2.169148E+0
-2.158858E+0
-2.152978E+0
-2.150038E+0
-2.151508E+0
-2.154448E+0
-2.160328E+0
-2.169148E+0
-2.179438E+0
-2.189728E+0
-2.202958E+0
-2.214718E+0
-2.226478E+0
-2.238238E+0
-2.247058E+0
-2.254408E+0
-2.260288E+0
-2.263228E+0
-2.263228E+0
-2.261758E+0
-2.258818E+0
-2.254408E+0
-2.248528E+0
-2.242648E+0
-2.235298E+0
-2.229418E+0
-2.222068E+0
-2.216188E+0
-2.210308E+0
-2.202958E+0
-2.197078E+0
-2.188258E+0
-2.179438E+0
-2.170618E+0
-2.161798E+0
-2.152978E+0
-2.145628E+0
-2.139748E+0
-2.138278E+0
-2.138278E+0
-2.142688E+0
-2.150038E+0
-2.158858E+0
-2.169148E+0
-2.179438E+0
-2.189728E+0
-2.198548E+0
-2.204428E+0
-2.210308E+0
-2.217658E+0
-2.225008E+0
-2.235298E+0
-2.248528E+0
-2.264698E+0
-2.283808E+0
-2.302918E+0
-2.320558E+0
-2.338198E+0
-2.351428E+0
-2.360248E+0
-2.366128E+0
-2.367598E+0
-2.367598E+0
-2.367598E+0
-2.369068E+0
-2.372008E+0
-2.379358E+0
-2.389648E+0
-2.404348E+0
-2.420518E+0
-2.439628E+0
-2.458738E+0
-2.477848E+0
-2.492548E+0
-2.501368E+0
-2.507248E+0
-2.505778E+0
-2.498428E+0
-2.488138E+0
-2.477848E+0
-2.467558E+0
-2.461678E+0
-2.458738E+0
-2.458738E+0
-2.461678E+0
-2.466088E+0
-2.469028E+0
-2.467558E+0
-2.464618E+0
-2.455798E+0
-2.445508E+0
-2.435218E+0
-2.424928E+0
-2.417578E+0
-2.414638E+0
-2.416108E+0
-2.421988E+0
-2.432278E+0
-2.444038E+0
-2.455798E+0
-2.470498E+0
-2.483728E+0
-2.496958E+0
-2.510188E+0
-2.520478E+0
-2.532238E+0
-2.541058E+0
-2.546938E+0
-2.549878E+0
-2.545468E+0
-2.538118E+0
-2.524888E+0
-2.505778E+0
-2.480788E+0
-2.451388E+0
-2.419048E+0
-2.382298E+0
-2.342608E+0
-2.297038E+0
-2.249998E+0
-2.200018E+0
-2.147098E+0
-2.097118E+0
-2.051548E+0
-2.011858E+0
-1.982458E+0
-1.969228E+0
-1.970698E+0
-1.983928E+0
-2.014798E+0
-2.080948E+0
-2.197078E+0
-2.349958E+0
-2.532238E+0
-2.746858E+0
-2.999698E+0
-3.292228E+0
-3.615628E+0
-3.959608E+0
-4.325638E+0
-4.722538E+0
-5.154718E+0
-5.626588E+0
-6.135208E+0
-6.682048E+0
-7.256818E+0
-7.847758E+0
-8.448988E+0
-9.026698E+0
-9.533848E+0
-9.946918E+0
-1.023357E+1
-1.043496E+1
-1.052169E+1
-1.052169E+1
-1.052169E+1
-1.052169E+1
-1.054374E+1
-1.060989E+1
-1.077747E+1
-1.109499E+1
-1.164477E+1
-1.277961E+1
-1.700439E+1
-2.050005E+1
-2.050005E+1
-2.050005E+1
-2.050005E+1
-2.050005E+1
-2.050005E+1
-2.050005E+1
-2.050005E+1
-2.050005E+1
-2.050005E+1
-2.050005E+1
-2.050005E+1
-2.050005E+1
-2.050005E+1
-2.050005E+1
-2.050005E+1
-2.050005E+1
-1.598421E+1
-1.243563E+1
-1.121259E+1
-1.049964E+1
-9.996898E+0
-9.633808E+0
-9.358918E+0
-9.175168E+0
-9.060508E+0
-9.016408E+0
-9.048748E+0
-9.151648E+0
-9.308938E+0
-9.533848E+0
-9.816088E+0
-1.010274E+1
-1.039380E+1
-1.065693E+1
-1.087743E+1
-1.103913E+1
-1.115379E+1
-1.124346E+1
-1.130520E+1
-1.133607E+1
-1.136841E+1
-1.140222E+1
-1.146837E+1
-1.160802E+1
-1.187850E+1
-1.228275E+1
-1.290750E+1
-1.399383E+1
-1.598421E+1
-2.050005E+1
-2.050005E+1
-2.050005E+1
-2.050005E+1
-2.050005E+1
-2.050005E+1
-2.050005E+1
-2.050005E+1
-2.050005E+1
-2.050005E+1
-2.050005E+1
-2.050005E+1
-2.050005E+1
-2.050005E+1
-2.050005E+1
-2.050005E+1
-2.050005E+1
-2.050005E+1
-2.050005E+1
-2.050005E+1
-2.050005E+1
-2.050005E+1
-2.050005E+1
-2.050005E+1
-2.050005E+1
-2.050005E+1
-2.050005E+1
-2.050005E+1
-2.050005E+1
-2.050005E+1
-2.050005E+1
-2.050005E+1
-2.050005E+1
-2.050005E+1
-2.050005E+1
-2.050005E+1
-2.050005E+1
-2.050005E+1
-2.050005E+1
-2.050005E+1
-2.050005E+1
-2.050005E+1
-2.050005E+1
-2.050005E+1
-2.050005E+1
-2.050005E+1
-2.050005E+1
-2.050005E+1
-2.050005E+1
-2.050005E+1
-2.050005E+1
-2.050005E+1
-2.050005E+1
-2.050005E+1
-2.050005E+1
-2.050005E+1
-2.050005E+1
-2.050005E+1
-2.050005E+1
-2.050005E+1
-2.050005E+1
-2.050005E+1
-2.050005E+1
-2.050005E+1
-2.050005E+1
-2.050005E+1
-2.050005E+1
-2.050005E+1
-2.050005E+1
-2.050005E+1
-2.050005E+1
-2.050005E+1
-2.050005E+1
-2.050005E+1
-2.050005E+1
-2.050005E+1
-2.050005E+1
-2.050005E+1
-2.050005E+1
-2.050005E+1
-2.050005E+1
-2.050005E+1
-2.050005E+1
-2.050005E+1
-2.050005E+1
-2.050005E+1
-2.050005E+1
-2.050005E+1
-2.050005E+1
-2.050005E+1
-2.050005E+1
-2.050005E+1
-2.050005E+1
-2.050005E+1
-1.660896E+1
-1.598421E+1
-1.748949E+1
-2.050005E+1
-2.050005E+1
-2.050005E+1
-2.050005E+1
-2.050005E+1
-2.050005E+1
-2.050005E+1
-2.050005E+1
-1.493022E+1
-1.359840E+1
-1.304274E+1
-1.297365E+1
-1.351020E+1
-1.549911E+1
-2.050005E+1
-2.050005E+1
-2.050005E+1
-2.050005E+1
-2.050005E+1
-2.050005E+1
-2.050005E+1
-2.050005E+1
-2.050005E+1
-2.050005E+1
-2.050005E+1
-2.050005E+1
-2.050005E+1
-2.050005E+1
-2.050005E+1
-2.050005E+1
-2.050005E+1
-2.050005E+1
-2.050005E+1
-2.050005E+1
-2.050005E+1
-2.050005E+1
-2.050005E+1
-2.050005E+1
-2.050005E+1
-2.050005E+1
-2.050005E+1
-2.050005E+1
-2.050005E+1
-2.050005E+1
-2.050005E+1
-2.050005E+1
-2.050005E+1
-2.050005E+1
-2.050005E+1
-2.050005E+1
-2.050005E+1
-2.050005E+1
-2.050005E+1
-2.050005E+1
-2.050005E+1
-2.050005E+1
-2.050005E+1
-2.050005E+1
-2.050005E+1
-2.050005E+1
-2.050005E+1
-2.050005E+1
-2.050005E+1
-2.050005E+1
-2.050005E+1
-2.050005E+1
-2.050005E+1
-2.050005E+1
-2.050005E+1
-2.050005E+1
-2.050005E+1
-2.050005E+1
-2.050005E+1
-2.050005E+1
-1.304274E+1
-1.146837E+1
-1.068045E+1
-1.019535E+1
-9.896938E+0
-9.707308E+0
-9.619108E+0
-9.604408E+0
-9.648508E+0
-9.738178E+0
-9.879298E+0
-1.003218E+1
-1.019535E+1
-1.031148E+1
-1.035264E+1
-1.029237E+1
-1.015860E+1
-9.996898E+0
-9.863128E+0
-9.769048E+0
-9.752878E+0
-9.816088E+0
-9.963088E+0
-1.019535E+1
-1.052169E+1
-1.095681E+1
-1.157274E+1
-1.254441E+1
-1.461858E+1
-2.050005E+1
-2.050005E+1
-2.050005E+1
-2.050005E+1
-2.050005E+1
-2.050005E+1
-2.050005E+1
-2.050005E+1
-2.050005E+1
-2.050005E+1
-2.050005E+1
-2.050005E+1
-2.050005E+1
-2.050005E+1
-2.050005E+1
-2.050005E+1
-2.050005E+1
-2.050005E+1
-2.050005E+1
-2.050005E+1
-2.050005E+1
-2.050005E+1
-2.050005E+1
-2.050005E+1
-2.050005E+1
-2.050005E+1
-2.050005E+1
-2.050005E+1
-2.050005E+1
-2.050005E+1
-2.050005E+1
-2.050005E+1
-2.050005E+1
-2.050005E+1
-2.050005E+1
-2.050005E+1
-2.050005E+1
-2.050005E+1
-2.050005E+1
-2.050005E+1
-2.050005E+1
-2.050005E+1
-2.050005E+1
-2.050005E+1
-2.050005E+1
-1.422315E+1
-1.127433E+1
-1.001454E+1
-9.222208E+0
-8.670958E+0
-8.287288E+0
-8.021218E+0
-7.874218E+0
-7.834528E+0
-7.906558E+0
-8.084428E+0
-8.374018E+0
-8.776798E+0
-9.283948E+0
-9.896938E+0
-1.052169E+1
-1.101120E+1
-1.115379E+1
-1.087743E+1
-1.037322E+1
-9.783748E+0
-9.222208E+0
-8.747398E+0
-8.357848E+0
-8.049148E+0
-7.822768E+0
-7.669888E+0
-7.583158E+0
-7.565518E+0
-7.622848E+0
-7.753678E+0
-7.959478E+0
-8.247598E+0
-8.634208E+0
-9.139888E+0
-9.799918E+0
-1.068045E+1
-1.191966E+1
-1.388799E+1
-2.050005E+1
-2.050005E+1
-2.050005E+1
-2.050005E+1
-1.811424E+1
-1.461858E+1
-1.351020E+1
-1.297365E+1
-1.284135E+1
-1.297365E+1
-1.318680E+1
-1.351020E+1
-1.388799E+1
-1.410555E+1
-1.410555E+1
-1.388799E+1
-1.342494E+1
-1.304274E+1
-1.260027E+1
-1.213869E+1
-1.168152E+1
-1.124346E+1
-1.085244E+1
-1.052169E+1
-1.023357E+1
-9.996898E+0
-9.830788E+0
-9.722008E+0
-9.692608E+0
-9.707308E+0
-9.783748E+0
-9.929278E+0
-1.013949E+1
-1.045554E+1
-1.090389E+1
-1.150218E+1
-1.243563E+1
-1.399383E+1
-1.811424E+1
-2.050005E+1
-2.050005E+1
-2.050005E+1
-1.529331E+1
-1.290750E+1
-1.171974E+1
-1.098327E+1
-1.056579E+1
-1.039380E+1
-1.043496E+1
-1.070397E+1
-1.118319E+1
-1.191966E+1
-1.311330E+1
-1.529331E+1
-2.050005E+1
-2.050005E+1
-2.050005E+1
-2.050005E+1
-2.050005E+1
-2.050005E+1
-2.050005E+1
-2.050005E+1
-2.050005E+1
-2.050005E+1
-2.050005E+1
-2.050005E+1
-2.050005E+1
-2.050005E+1
-2.050005E+1
-2.050005E+1
-2.050005E+1
-2.050005E+1
-2.050005E+1
-2.050005E+1
-2.050005E+1
-2.050005E+1
-2.050005E+1
-2.050005E+1
-2.050005E+1
-2.050005E+1
-1.598421E+1
-1.572843E+1
-1.660896E+1
-2.050005E+1
-2.050005E+1
-2.050005E+1
-1.598421E+1
-1.359840E+1
-1.204902E+1
-1.103913E+1
-1.027326E+1
-9.722008E+0
-9.295708E+0
-9.004648E+0
-8.806198E+0
-8.690068E+0
-8.643028E+0
-8.653318E+0
-8.709178E+0
-8.797378E+0
-8.919388E+0
-9.070798E+0
-9.258958E+0
-9.477988E+0
-9.752878E+0
-1.010274E+1
-1.056579E+1
-1.121259E+1
-1.213869E+1
-1.378803E+1
-2.050005E+1
-2.050005E+1
-2.050005E+1
-2.050005E+1
-2.050005E+1
-2.050005E+1
-2.050005E+1
-2.050005E+1
-1.447893E+1
-1.228275E+1
-1.115379E+1
-1.043496E+1
-9.980728E+0
-9.707308E+0
-9.604408E+0
-9.648508E+0
-9.863128E+0
-1.029237E+1
-1.112439E+1
-1.290750E+1
-2.050005E+1
-2.050005E+1
-2.050005E+1
-2.050005E+1
-2.050005E+1
-2.050005E+1
-2.050005E+1
-2.050005E+1
-2.050005E+1
-2.050005E+1
-2.050005E+1
-2.050005E+1
-2.050005E+1
-2.050005E+1
-2.050005E+1
-2.050005E+1
-2.050005E+1
-2.050005E+1
-2.050005E+1
-2.050005E+1
-2.050005E+1
-2.050005E+1
-2.050005E+1
-2.050005E+1
-2.050005E+1
-2.050005E+1
-2.050005E+1
-2.050005E+1
-2.050005E+1
-2.050005E+1
-2.050005E+1
-2.050005E+1
-2.050005E+1
-2.050005E+1
-2.050005E+1
-2.050005E+1
-2.050005E+1
-2.050005E+1
-2.050005E+1
-2.050005E+1
-2.050005E+1
-2.050005E+1
-2.050005E+1
-2.050005E+1
-2.050005E+1
-2.050005E+1
-2.050005E+1
-2.050005E+1
-2.050005E+1
-1.493022E+1
-1.277961E+1
-1.183734E+1
-1.136841E+1
-1.124346E+1
-1.150218E+1
-1.233273E+1
-1.493022E+1
-2.050005E+1
-2.050005E+1
-2.050005E+1
-2.050005E+1
-2.050005E+1
-2.050005E+1
-2.050005E+1
-2.050005E+1
-2.050005E+1
-2.050005E+1
-2.050005E+1
-2.050005E+1
-2.050005E+1
-2.050005E+1
-2.050005E+1
-2.050005E+1
-2.050005E+1
-2.050005E+1
-2.050005E+1
-2.050005E+1
-2.050005E+1
-2.050005E+1
-2.050005E+1
-2.050005E+1
-2.050005E+1
-2.050005E+1
-2.050005E+1
-2.050005E+1
-2.050005E+1
-2.050005E+1
-2.050005E+1
-2.050005E+1
-2.050005E+1
-2.050005E+1
-2.050005E+1
-2.050005E+1
-1.342494E+1
-1.204902E+1
-1.136841E+1
-1.106706E+1
-1.098327E+1
-1.109499E+1
-1.136841E+1
-1.175796E+1
-1.223277E+1
-1.260027E+1
-1.277961E+1
-1.265907E+1
-1.233273E+1
-1.200492E+1
-1.171974E+1
-1.157274E+1
-1.157274E+1
-1.179765E+1
-1.228275E+1
-1.326324E+1
-1.510368E+1
-2.050005E+1
-2.050005E+1
-2.050005E+1
-2.050005E+1
-2.050005E+1
-2.050005E+1
-1.660896E+1
-1.410555E+1
-1.326324E+1
-1.297365E+1
-1.311330E+1
-1.359840E+1
-1.493022E+1
-1.899477E+1
-2.050005E+1
-2.050005E+1
-2.050005E+1
-2.050005E+1
-1.572843E+1
-1.326324E+1
-1.209312E+1
-1.136841E+1
-1.095681E+1
-1.075248E+1
-1.077747E+1
-1.103913E+1
-1.153746E+1
-1.243563E+1
-1.422315E+1
-2.050005E+1
-2.050005E+1
-2.050005E+1
-2.050005E+1
-2.050005E+1
-2.050005E+1
-2.050005E+1
-2.050005E+1
-2.050005E+1
-2.050005E+1
-2.050005E+1
-2.050005E+1
-2.050005E+1
-2.050005E+1
-2.050005E+1
-2.050005E+1
-2.050005E+1
-2.050005E+1
-2.050005E+1
-2.050005E+1
-2.050005E+1
-2.050005E+1
-2.050005E+1
-2.050005E+1
-1.598421E+1
-1.369101E+1
-1.277961E+1
-1.243563E+1
-1.238271E+1
-1.248855E+1
-1.265907E+1
-1.265907E+1
-1.243563E+1
-1.209312E+1
-1.171974E+1
-1.140222E+1
-1.118319E+1
-1.118319E+1
-1.146837E+1
-1.213869E+1
-1.378803E+1
-2.050005E+1
-2.050005E+1
-2.050005E+1
-2.050005E+1
-2.050005E+1
-2.050005E+1
-2.050005E+1
-2.050005E+1
-2.050005E+1
-2.050005E+1
-2.050005E+1
-2.050005E+1
-2.050005E+1
-2.050005E+1
-2.050005E+1
-2.050005E+1
-2.050005E+1
-2.050005E+1
-1.369101E+1
-1.204902E+1
-1.118319E+1
-1.068045E+1
-1.033206E+1
-1.010274E+1
-9.963088E+0
-9.863128E+0
-9.816088E+0
-9.830788E+0
-9.929278E+0
-1.010274E+1
-1.041438E+1
-1.090389E+1
-1.171974E+1
-1.334262E+1
-2.050005E+1
-2.050005E+1
-2.050005E+1
-2.050005E+1
-2.050005E+1
-2.050005E+1
-2.050005E+1
-2.050005E+1
-2.050005E+1
-2.050005E+1
-2.050005E+1
-2.050005E+1
-1.359840E+1
-1.233273E+1
-1.183734E+1
-1.171974E+1
-1.200492E+1
-1.277961E+1
-1.461858E+1
-2.050005E+1
-2.050005E+1
-2.050005E+1
-2.050005E+1
-2.050005E+1
-2.050005E+1
-2.050005E+1
-2.050005E+1
-2.050005E+1
-2.050005E+1
-2.050005E+1
-2.050005E+1
-2.050005E+1
-1.572843E+1
-1.318680E+1
-1.191966E+1
-1.112439E+1
-1.052169E+1
-1.004982E+1
-9.677908E+0
-9.372148E+0
-9.104608E+0
-8.867938E+0
-8.653318E+0
-8.466628E+0
-8.301988E+0
-8.179978E+0
-8.084428E+0
-8.034448E+0
-8.028568E+0
-8.069728E+0
-8.143228E+0
-8.254948E+0
-8.391658E+0
-8.535718E+0
-8.690068E+0
-8.847358E+0
-8.962018E+0
-9.048748E+0
-9.070798E+0
-9.038458E+0
-8.950258E+0
-8.806198E+0
-8.634208E+0
-8.457808E+0
-8.310808E+0
-8.202028E+0
-8.150578E+0
-8.165278E+0
-8.254948E+0
-8.415178E+0
-8.643028E+0
-8.939968E+0
-9.258958E+0
-9.575008E+0
-9.830788E+0
-9.963088E+0
-9.963088E+0
-9.830788E+0
-9.648508E+0
-9.451528E+0
-9.272188E+0
-9.139888E+0
-9.060508E+0
-9.038458E+0
-9.094318E+0
-9.235438E+0
-9.477988E+0
-9.846958E+0
-1.043496E+1
-1.136841E+1
-1.311330E+1
-2.050005E+1
-2.050005E+1
-2.050005E+1
-2.050005E+1
-2.050005E+1
-2.050005E+1
-2.050005E+1
-2.050005E+1
-2.050005E+1
-2.050005E+1
-2.050005E+1
-2.050005E+1
-2.050005E+1
-2.050005E+1
-2.050005E+1
-1.748949E+1
-1.399383E+1
-1.265907E+1
-1.187850E+1
-1.140222E+1
-1.112439E+1
-1.101120E+1
-1.101120E+1
-1.115379E+1
-1.136841E+1
-1.164477E+1
-1.187850E+1
-1.209312E+1
-1.228275E+1
-1.243563E+1
-1.271787E+1
-1.311330E+1
-1.410555E+1
-1.748949E+1
-2.050005E+1
-2.050005E+1
-2.050005E+1
-2.050005E+1
-2.050005E+1
-2.050005E+1
-2.050005E+1
-2.050005E+1
-2.050005E+1
-2.050005E+1
-2.050005E+1
-1.422315E+1
-1.175796E+1
-1.070397E+1
-1.010274E+1
-9.722008E+0
-9.547078E+0
-9.505918E+0
-9.633808E+0
-9.913108E+0
-1.039380E+1
-1.118319E+1
-1.271787E+1
-2.050005E+1
-2.050005E+1
-2.050005E+1
-2.050005E+1
-2.050005E+1
-2.050005E+1
-2.050005E+1
-2.050005E+1
-2.050005E+1
-2.050005E+1
-2.050005E+1
-2.050005E+1
-2.050005E+1
-2.050005E+1
-2.050005E+1
-2.050005E+1
-2.050005E+1
-2.050005E+1
-2.050005E+1
-2.050005E+1
-2.050005E+1
-2.050005E+1
-1.598421E+1
-1.399383E+1
-1.311330E+1
-1.260027E+1
-1.228275E+1
-1.204902E+1
-1.183734E+1
-1.164477E+1
-1.143456E+1
-1.121259E+1
-1.095681E+1
-1.070397E+1
-1.049964E+1
-1.037322E+1
-1.033206E+1
-1.039380E+1
-1.060989E+1
-1.101120E+1
-1.164477E+1
-1.265907E+1
-1.461858E+1
-2.050005E+1
-2.050005E+1
-2.050005E+1
-2.050005E+1
-2.050005E+1
-2.050005E+1
-2.050005E+1
-2.050005E+1
-1.572843E+1
-1.476852E+1
-1.461858E+1
-1.476852E+1
-1.549911E+1
-1.748949E+1
-2.050005E+1
-2.050005E+1
-2.050005E+1
-2.050005E+1
-2.050005E+1
-2.050005E+1
-2.050005E+1
-2.050005E+1
-2.050005E+1
-2.050005E+1
-2.050005E+1
-2.050005E+1
-2.050005E+1
-2.050005E+1
-2.050005E+1
-1.700439E+1
-1.572843E+1
-1.660896E+1
-2.050005E+1
-2.050005E+1
-2.050005E+1
-2.050005E+1
-2.050005E+1
-2.050005E+1
-2.050005E+1
-2.050005E+1
-2.050005E+1
-2.050005E+1
-2.050005E+1
-2.050005E+1
-2.050005E+1
-2.050005E+1
-2.050005E+1
-1.572843E+1
-1.410555E+1
-1.311330E+1
-1.248855E+1
-1.209312E+1
-1.179765E+1
-1.160802E+1
-1.146837E+1
-1.133607E+1
-1.115379E+1
-1.090389E+1
-1.063341E+1
-1.035264E+1
-1.008510E+1
-9.846958E+0
-9.663208E+0
-9.533848E+0
-9.477988E+0
-9.477988E+0
-9.533848E+0
-9.648508E+0
-9.816088E+0
-1.006746E+1
-1.037322E+1
-1.077747E+1
-1.124346E+1
-1.183734E+1
-1.260027E+1
-1.359840E+1
-1.510368E+1
-2.050005E+1
-2.050005E+1
-2.050005E+1
-2.050005E+1
-2.050005E+1
-2.050005E+1
-2.050005E+1
-2.050005E+1
-2.050005E+1
-2.050005E+1
-1.476852E+1
-1.297365E+1
-1.204902E+1
-1.157274E+1
-1.133607E+1
-1.130520E+1
-1.146837E+1
-1.183734E+1
-1.228275E+1
-1.284135E+1
-1.326324E+1
-1.369101E+1
-1.388799E+1
-1.399383E+1
-1.422315E+1
-1.510368E+1
-1.811424E+1
-2.050005E+1
-2.050005E+1
-2.050005E+1
-2.050005E+1
-2.050005E+1
-2.050005E+1
-2.050005E+1
-2.050005E+1
-2.050005E+1
-1.351020E+1
-1.160802E+1
-1.049964E+1
-9.752878E+0
-9.210448E+0
-8.806198E+0
-8.518078E+0
-8.310808E+0
-8.194678E+0
-8.143228E+0
-8.179978E+0
-8.278468E+0
-8.466628E+0
-8.719468E+0
-9.038458E+0
-9.411838E+0
-9.816088E+0
-1.021446E+1
-1.056579E+1
-1.077747E+1
-1.082745E+1
-1.082745E+1
-1.075248E+1
-1.068045E+1
-1.068045E+1
-1.077747E+1
-1.101120E+1
-1.146837E+1
-1.218573E+1
-1.351020E+1
-2.050005E+1
-2.050005E+1
-2.050005E+1
-2.050005E+1
-2.050005E+1
-2.050005E+1
-2.050005E+1
-2.050005E+1
-2.050005E+1
-2.050005E+1
-2.050005E+1
-2.050005E+1
-2.050005E+1
-2.050005E+1
-2.050005E+1
-2.050005E+1
-2.050005E+1
-2.050005E+1
-2.050005E+1
-2.050005E+1
-2.050005E+1
-2.050005E+1
-2.050005E+1
-2.050005E+1
-1.461858E+1
-1.260027E+1
-1.146837E+1
-1.070397E+1
-1.017624E+1
-9.783748E+0
-9.533848E+0
-9.438298E+0
-9.492688E+0
-9.752878E+0
-1.025268E+1
-1.115379E+1
-1.318680E+1
-2.050005E+1
-2.050005E+1
-2.050005E+1
-2.050005E+1
-2.050005E+1
-2.050005E+1
-2.050005E+1
-2.050005E+1
-2.050005E+1
-2.050005E+1
-2.050005E+1
-2.050005E+1
-1.700439E+1
-1.342494E+1
-1.218573E+1
-1.150218E+1
-1.115379E+1
-1.103913E+1
-1.118319E+1
-1.168152E+1
-1.277961E+1
-1.700439E+1
-2.050005E+1
-2.050005E+1
-2.050005E+1
-2.050005E+1
-2.050005E+1
-2.050005E+1
-2.050005E+1
-2.050005E+1
-2.050005E+1
-2.050005E+1
-2.050005E+1
-2.050005E+1
-2.050005E+1
-2.050005E+1
-2.050005E+1
-2.050005E+1
-2.050005E+1
-2.050005E+1
-2.050005E+1
-2.050005E+1
-2.050005E+1
-2.050005E+1
-2.050005E+1
-2.050005E+1
-2.050005E+1
-2.050005E+1
-2.050005E+1
-2.050005E+1
-2.050005E+1
-2.050005E+1
-2.050005E+1
-2.050005E+1
-2.050005E+1
-2.050005E+1
-2.050005E+1
-2.050005E+1
-2.050005E+1
-2.050005E+1
-2.050005E+1
-2.050005E+1
-2.050005E+1
-2.050005E+1
-2.050005E+1
-2.050005E+1
-2.050005E+1
-2.050005E+1
-2.050005E+1
-2.050005E+1
-2.050005E+1
-2.050005E+1
-2.050005E+1
-2.050005E+1
-2.050005E+1
-2.050005E+1
-2.050005E+1
-2.050005E+1
-2.050005E+1
-2.050005E+1
-2.050005E+1
-2.050005E+1
-2.050005E+1
-2.050005E+1
-2.050005E+1
-2.050005E+1
-2.050005E+1
-2.050005E+1
-2.050005E+1
-2.050005E+1
-2.050005E+1
-2.050005E+1
-2.050005E+1
-1.748949E+1
-1.700439E+1
-1.660896E+1
-1.700439E+1
-1.811424E+1
-1.811424E+1
-1.748949E+1
-1.572843E+1
-1.422315E+1
-1.311330E+1
-1.213869E+1
-1.140222E+1
-1.080099E+1
-1.037322E+1
-1.006746E+1
-9.913108E+0
-9.879298E+0
-9.963088E+0
-1.019535E+1
-1.058784E+1
-1.121259E+1
-1.218573E+1
-1.422315E+1
-2.050005E+1
-2.050005E+1
-2.050005E+1
-2.050005E+1
-2.050005E+1
-2.050005E+1
-2.050005E+1
-2.050005E+1
-2.050005E+1
-2.050005E+1
-2.050005E+1
-2.050005E+1
-2.050005E+1
-2.050005E+1
-2.050005E+1
-1.410555E+1
-1.228275E+1
-1.143456E+1
-1.095681E+1
-1.065693E+1
-1.052169E+1
-1.049964E+1
-1.056579E+1
-1.070397E+1
-1.093035E+1
-1.124346E+1
-1.168152E+1
-1.238271E+1
-1.351020E+1
-1.660896E+1
-2.050005E+1
-2.050005E+1
-2.050005E+1
-2.050005E+1
-2.050005E+1
-2.050005E+1
-2.050005E+1
-2.050005E+1
-2.050005E+1
-2.050005E+1
-2.050005E+1
-2.050005E+1
-2.050005E+1
-2.050005E+1
-2.050005E+1
-2.050005E+1
-2.050005E+1
-2.050005E+1
-2.050005E+1
-2.050005E+1
-2.050005E+1
-1.342494E+1
-1.140222E+1
-1.041438E+1
-9.799918E+0
-9.385378E+0
-9.094318E+0
-8.888518E+0
-8.747398E+0
-8.662138E+0
-8.625388E+0
-8.643028E+0
-8.719468E+0
-8.857648E+0
-9.070798E+0
-9.372148E+0
-9.752878E+0
-1.019535E+1
-1.063341E+1
-1.095681E+1
-1.103913E+1
-1.087743E+1
-1.052169E+1
-1.013949E+1
-9.799918E+0
-9.533848E+0
-9.398608E+0
-9.372148E+0
-9.477988E+0
-9.722008E+0
-1.012185E+1
-1.072749E+1
-1.160802E+1
-1.311330E+1
-1.748949E+1
-2.050005E+1
-2.050005E+1
-2.050005E+1
-2.050005E+1
-2.050005E+1
-2.050005E+1
-2.050005E+1
-1.660896E+1
-1.461858E+1
-1.399383E+1
-1.399383E+1
-1.434663E+1
-1.493022E+1
-1.572843E+1
-1.627380E+1
-1.598421E+1
-1.510368E+1
-1.399383E+1
-1.326324E+1
-1.271787E+1
-1.238271E+1
-1.223277E+1
-1.223277E+1
-1.238271E+1
-1.265907E+1
-1.284135E+1
-1.290750E+1
-1.290750E+1
-1.271787E+1
-1.254441E+1
-1.248855E+1
-1.254441E+1
-1.290750E+1
-1.378803E+1
-1.660896E+1
-2.050005E+1
-2.050005E+1
-2.050005E+1
-2.050005E+1
-2.050005E+1
-2.050005E+1
-2.050005E+1
-2.050005E+1
-2.050005E+1
-2.050005E+1
-1.899477E+1
-1.399383E+1
-1.284135E+1
-1.228275E+1
-1.200492E+1
-1.191966E+1
-1.187850E+1
-1.187850E+1
-1.175796E+1
-1.153746E+1
-1.121259E+1
-1.087743E+1
-1.049964E+1
-1.017624E+1
-9.896938E+0
-9.677908E+0
-9.533848E+0
-9.451528E+0
-9.425068E+0
-9.438298E+0
-9.477988E+0
-9.533848E+0
-9.619108E+0
-9.707308E+0
-9.830788E+0
-1.001454E+1
-1.025268E+1
-1.054374E+1
-1.090389E+1
-1.127433E+1
-1.168152E+1
-1.204902E+1
-1.233273E+1
-1.260027E+1
-1.304274E+1
-1.378803E+1
-1.572843E+1
-2.050005E+1
-2.050005E+1
-2.050005E+1
-2.050005E+1
-2.050005E+1
-2.050005E+1
-2.050005E+1
-2.050005E+1
-1.529331E+1
-1.204902E+1
-1.075248E+1
-9.996898E+0
-9.519148E+0
-9.210448E+0
-9.016408E+0
-8.888518E+0
-8.806198E+0
-8.747398E+0
-8.690068E+0
-8.616568E+0
-8.553358E+0
-8.500438E+0
-8.500438E+0
-8.562178E+0
-8.709178E+0
-8.972308E+0
-9.411838E+0
-1.008510E+1
-1.127433E+1
-1.422315E+1
-2.050005E+1
-2.050005E+1
-2.050005E+1
-2.050005E+1
-2.050005E+1
-2.050005E+1
-2.050005E+1
-2.050005E+1
-2.050005E+1
-2.050005E+1
-2.050005E+1
-2.050005E+1
-2.050005E+1
-2.050005E+1
-2.050005E+1
-2.050005E+1
-2.050005E+1
-2.050005E+1
-2.050005E+1
-2.050005E+1
-2.050005E+1
-2.050005E+1
-2.050005E+1
-1.549911E+1
-1.243563E+1
-1.146837E+1
-1.098327E+1
-1.080099E+1
-1.087743E+1
-1.112439E+1
-1.160802E+1
-1.233273E+1
-1.351020E+1
-1.598421E+1
-2.050005E+1
-2.050005E+1
-2.050005E+1
-2.050005E+1
-2.050005E+1
-2.050005E+1
-2.050005E+1
-2.050005E+1
-2.050005E+1
-2.050005E+1
-2.050005E+1
-2.050005E+1
-2.050005E+1
-2.050005E+1
-2.050005E+1
-2.050005E+1
-2.050005E+1
-2.050005E+1
-2.050005E+1
-2.050005E+1
-2.050005E+1
-2.050005E+1
-2.050005E+1
-2.050005E+1
-2.050005E+1
-2.050005E+1
-1.899477E+1
-1.598421E+1
-1.572843E+1
-1.811424E+1
-2.050005E+1
-2.050005E+1
-2.050005E+1
-2.050005E+1
-2.050005E+1
-2.050005E+1
-2.050005E+1
-2.050005E+1
-2.050005E+1
-2.050005E+1
-2.050005E+1
-2.050005E+1
-2.050005E+1
-2.050005E+1
-2.050005E+1
-2.050005E+1
-1.410555E+1
-1.311330E+1
-1.277961E+1
-1.290750E+1
-1.342494E+1
-1.461858E+1
-2.050005E+1
-2.050005E+1
-2.050005E+1
-2.050005E+1
-2.050005E+1
-2.050005E+1
-2.050005E+1
-2.050005E+1
-1.461858E+1
-1.223277E+1
-1.101120E+1
-1.021446E+1
-9.633808E+0
-9.198688E+0
-8.867938E+0
-8.607748E+0
-8.391658E+0
-8.209378E+0
-8.056498E+0
-7.925668E+0
-7.828648E+0
-7.766908E+0
-7.741918E+0
-7.772788E+0
-7.860988E+0
-8.007988E+0
-8.216728E+0
-8.482798E+0
-8.797378E+0
-9.139888E+0
-9.492688E+0
-9.830788E+0
-1.012185E+1
-1.033206E+1
-1.045554E+1
-1.049964E+1
-1.052169E+1
-1.047759E+1
-1.041438E+1
-1.035264E+1
-1.027326E+1
-1.023357E+1
-1.023357E+1
-1.031148E+1
-1.049964E+1
-1.080099E+1
-1.133607E+1
-1.218573E+1
-1.359840E+1
-1.899477E+1
-2.050005E+1
-2.050005E+1
-2.050005E+1
-2.050005E+1
-2.050005E+1
-2.050005E+1
-2.050005E+1
-1.598421E+1
-1.326324E+1
-1.213869E+1
-1.143456E+1
-1.101120E+1
-1.080099E+1
-1.080099E+1
-1.098327E+1
-1.143456E+1
-1.228275E+1
-1.422315E+1
-2.050005E+1
-2.050005E+1
-2.050005E+1
-2.050005E+1
-2.050005E+1
-2.050005E+1
-2.050005E+1
-2.050005E+1
-2.050005E+1
-2.050005E+1
-2.050005E+1
-2.050005E+1
-2.050005E+1
-2.050005E+1
-2.050005E+1
-2.050005E+1
-2.050005E+1
-1.549911E+1
-1.369101E+1
-1.260027E+1
-1.187850E+1
-1.133607E+1
-1.095681E+1
-1.075248E+1
-1.068045E+1
-1.075248E+1
-1.090389E+1
-1.118319E+1
-1.153746E+1
-1.196082E+1
-1.233273E+1
-1.248855E+1
-1.243563E+1
-1.218573E+1
-1.187850E+1
-1.153746E+1
-1.127433E+1
-1.112439E+1
-1.103913E+1
-1.103913E+1
-1.103913E+1
-1.106706E+1
-1.106706E+1
-1.101120E+1
-1.085244E+1
-1.063341E+1
-1.035264E+1
-1.006746E+1
-9.769048E+0
-9.477988E+0
-9.210448E+0
-9.016408E+0
-8.878228E+0
-8.816488E+0
-8.847358E+0
-8.982598E+0
-9.235438E+0
-9.648508E+0
-1.025268E+1
-1.115379E+1
-1.265907E+1
-1.748949E+1
-2.050005E+1
-2.050005E+1
-2.050005E+1
-2.050005E+1
-2.050005E+1
-2.050005E+1
-2.050005E+1
-1.410555E+1
-1.191966E+1
-1.087743E+1
-1.025268E+1
-9.863128E+0
-9.663208E+0
-9.619108E+0
-9.738178E+0
-9.980728E+0
-1.035264E+1
-1.087743E+1
-1.150218E+1
-1.223277E+1
-1.290750E+1
-1.326324E+1
-1.311330E+1
-1.271787E+1
-1.218573E+1
-1.175796E+1
-1.136841E+1
-1.106706E+1
-1.082745E+1
-1.063341E+1
-1.047759E+1
-1.033206E+1
-1.021446E+1
-1.010274E+1
-1.006746E+1
-1.008510E+1
-1.021446E+1
-1.045554E+1
-1.085244E+1
-1.153746E+1
-1.271787E+1
-1.572843E+1
-2.050005E+1
-2.050005E+1
-2.050005E+1
-2.050005E+1
-2.050005E+1
-2.050005E+1
-2.050005E+1
-2.050005E+1
-2.050005E+1
-2.050005E+1
-2.050005E+1
-2.050005E+1
-2.050005E+1
-2.050005E+1
-2.050005E+1
-2.050005E+1
-2.050005E+1
-1.434663E+1
-1.265907E+1
-1.171974E+1
-1.103913E+1
-1.054374E+1
-1.019535E+1
-9.980728E+0
-9.846958E+0
-9.816088E+0
-9.879298E+0
-9.996898E+0
-1.017624E+1
-1.041438E+1
-1.070397E+1
-1.103913E+1
-1.133607E+1
-1.160802E+1
-1.179765E+1
-1.183734E+1
-1.168152E+1
-1.133607E+1
-1.095681E+1
-1.058784E+1
-1.027326E+1
-1.010274E+1
-1.004982E+1
-1.017624E+1
-1.049964E+1
-1.109499E+1
-1.218573E+1
-1.476852E+1
-2.050005E+1
-2.050005E+1
-2.050005E+1
-2.050005E+1
-2.050005E+1
-2.050005E+1
-2.050005E+1
-2.050005E+1
-2.050005E+1
-2.050005E+1
-2.050005E+1
-2.050005E+1
-1.572843E+1
-1.290750E+1
-1.168152E+1
-1.095681E+1
-1.047759E+1
-1.021446E+1
-1.010274E+1
-1.013949E+1
-1.031148E+1
-1.068045E+1
-1.133607E+1
-1.248855E+1
-1.572843E+1
-2.050005E+1
-2.050005E+1
-2.050005E+1
-2.050005E+1
-2.050005E+1
-2.050005E+1
-2.050005E+1
-2.050005E+1
-2.050005E+1
-2.050005E+1
-2.050005E+1
-1.549911E+1
-1.277961E+1
-1.168152E+1
-1.101120E+1
-1.052169E+1
-1.015860E+1
-9.863128E+0
-9.619108E+0
-9.438298E+0
-9.308938E+0
-9.235438E+0
-9.222208E+0
-9.272188E+0
-9.385378E+0
-9.561778E+0
-9.799918E+0
-1.006746E+1
-1.039380E+1
-1.072749E+1
-1.115379E+1
-1.160802E+1
-1.218573E+1
-1.304274E+1
-1.476852E+1
-2.050005E+1
-2.050005E+1
-2.050005E+1
-2.050005E+1
-2.050005E+1
-2.050005E+1
-2.050005E+1
-2.050005E+1
-2.050005E+1
-2.050005E+1
-2.050005E+1
-2.050005E+1
-2.050005E+1
-2.050005E+1
-2.050005E+1
-2.050005E+1
-2.050005E+1
-2.050005E+1
-2.050005E+1
-2.050005E+1
-2.050005E+1
-2.050005E+1
-2.050005E+1
-2.050005E+1
-2.050005E+1
-2.050005E+1
-2.050005E+1
-2.050005E+1
-2.050005E+1
-2.050005E+1
-2.050005E+1
-2.050005E+1
-1.700439E+1
-1.660896E+1
-1.748949E+1
-2.050005E+1
-2.050005E+1
-2.050005E+1
-2.050005E+1
-2.050005E+1
-2.050005E+1
-2.050005E+1
-2.050005E+1
-2.050005E+1
-2.050005E+1
-2.050005E+1
-2.050005E+1
-2.050005E+1
-2.050005E+1
-2.050005E+1
-2.050005E+1
-2.050005E+1
-2.050005E+1
-2.050005E+1
-2.050005E+1
-2.050005E+1
-2.050005E+1
-2.050005E+1
-2.050005E+1
-2.050005E+1
-2.050005E+1
-2.050005E+1
-2.050005E+1
-2.050005E+1
-2.050005E+1
-2.050005E+1
-1.660896E+1
-1.290750E+1
-1.168152E+1
-1.101120E+1
-1.054374E+1
-1.023357E+1
-1.001454E+1
-9.830788E+0
-9.707308E+0
-9.633808E+0
-9.604408E+0
-9.619108E+0
-9.677908E+0
-9.783748E+0
-9.963088E+0
-1.019535E+1
-1.047759E+1
-1.077747E+1
-1.106706E+1
-1.121259E+1
-1.115379E+1
-1.093035E+1
-1.060989E+1
-1.027326E+1
-9.980728E+0
-9.769048E+0
-9.648508E+0
-9.604408E+0
-9.663208E+0
-9.816088E+0
-1.001454E+1
-1.027326E+1
-1.058784E+1
-1.093035E+1
-1.130520E+1
-1.160802E+1
-1.183734E+1
-1.183734E+1
-1.168152E+1
-1.133607E+1
-1.095681E+1
-1.058784E+1
-1.033206E+1
-1.019535E+1
-1.017624E+1
-1.033206E+1
-1.070397E+1
-1.130520E+1
-1.233273E+1
-1.422315E+1
-2.050005E+1
-2.050005E+1
-2.050005E+1
-2.050005E+1
-2.050005E+1
-2.050005E+1
-2.050005E+1
-1.510368E+1
-1.351020E+1
-1.265907E+1
-1.200492E+1
-1.146837E+1
-1.103913E+1
-1.065693E+1
-1.033206E+1
-1.006746E+1
-9.830788E+0
-9.619108E+0
-9.451528E+0
-9.322168E+0
-9.210448E+0
-9.128128E+0
-9.094318E+0
-9.116368E+0
-9.186928E+0
-9.333928E+0
-9.561778E+0
-9.896938E+0
-1.039380E+1
-1.109499E+1
-1.209312E+1
-1.388799E+1
-2.050005E+1
-2.050005E+1
-2.050005E+1
-2.050005E+1
-2.050005E+1
-2.050005E+1
-1.510368E+1
-1.238271E+1
-1.101120E+1
-1.010274E+1
-9.451528E+0
-8.972308E+0
-8.625388E+0
-8.382838E+0
-8.247598E+0
-8.209378E+0
-8.254948E+0
-8.391658E+0
-8.588638E+0
-8.857648E+0
-9.175168E+0
-9.519148E+0
-9.863128E+0
-1.017624E+1
-1.043496E+1
-1.065693E+1
-1.085244E+1
-1.109499E+1
-1.140222E+1
-1.183734E+1
-1.248855E+1
-1.359840E+1
-1.660896E+1
-2.050005E+1
-2.050005E+1
-2.050005E+1
-2.050005E+1
-2.050005E+1
-2.050005E+1
-2.050005E+1
-2.050005E+1
-2.050005E+1
-2.050005E+1
-1.700439E+1
-1.304274E+1
-1.171974E+1
-1.101120E+1
-1.058784E+1
-1.037322E+1
-1.033206E+1
-1.045554E+1
-1.070397E+1
-1.112439E+1
-1.175796E+1
