Date/Time	2022-06-07 17:37:35
Line location	1
Line name	A1
OTDR wavelength [nm]	1310
OTDR pulse duration [ns]	2
OTDR scan time [s]	10
OTDR scan length [m]	1.500000E+2
Length offset [m]	0.000000E+0
Length increment [m]	3.996806E-2
Switch ID	VIAVI Solutions,OTU 8000E,11654,FO,16.76
OTDR ID	JDSU,OTU 8000E,11654,OTU(SmartOTU),V7.22

Reflected amplitude [dB]
6.459020E-1
6.414920E-1
6.267920E-1
5.988620E-1
5.650520E-1
5.341820E-1
5.062520E-1
4.856720E-1
4.709720E-1
4.621520E-1
4.680320E-1
4.944920E-1
5.356520E-1
5.782820E-1
6.150320E-1
6.459020E-1
6.679520E-1
6.855920E-1
6.944120E-1
6.929420E-1
6.753020E-1
6.444320E-1
5.944520E-1
5.268320E-1
4.430420E-1
3.489620E-1
2.504720E-1
1.578620E-1
7.848200E-2
9.392000E-3
-5.087800E-2
-1.037980E-1
-1.508380E-1
-1.905280E-1
-2.258080E-1
-2.581480E-1
-2.846080E-1
-3.066580E-1
-3.272380E-1
-3.419380E-1
-3.522280E-1
-3.610480E-1
-3.639880E-1
-3.669280E-1
-3.669280E-1
-3.669280E-1
-3.683980E-1
-3.713380E-1
-3.772180E-1
-3.860380E-1
-3.977980E-1
-4.124980E-1
-4.286680E-1
-4.463080E-1
-4.654180E-1
-4.815880E-1
-4.992280E-1
-5.139280E-1
-5.271580E-1
-5.389180E-1
-5.492080E-1
-5.594980E-1
-5.683180E-1
-5.756680E-1
-5.830180E-1
-5.888980E-1
-5.933080E-1
-5.977180E-1
-6.006580E-1
-6.035980E-1
-6.035980E-1
-6.035980E-1
-6.035980E-1
-6.035980E-1
-6.035980E-1
-6.021280E-1
-6.035980E-1
-6.035980E-1
-6.065380E-1
-6.094780E-1
-6.138880E-1
-6.197680E-1
-6.256480E-1
-6.329980E-1
-6.403480E-1
-6.462280E-1
-6.521080E-1
-6.565180E-1
-6.609280E-1
-6.623980E-1
-6.638680E-1
-6.653380E-1
-6.653380E-1
-6.653380E-1
-6.668080E-1
-6.668080E-1
-6.682780E-1
-6.682780E-1
-6.682780E-1
-6.697480E-1
-6.697480E-1
-6.697480E-1
-6.697480E-1
-6.697480E-1
-6.697480E-1
-6.697480E-1
-6.697480E-1
-6.682780E-1
-6.682780E-1
-6.668080E-1
-6.668080E-1
-6.653380E-1
-6.653380E-1
-6.638680E-1
-6.638680E-1
-6.638680E-1
-6.638680E-1
-6.653380E-1
-6.682780E-1
-6.712180E-1
-6.756280E-1
-6.815080E-1
-6.873880E-1
-6.947380E-1
-7.006180E-1
-7.050280E-1
-7.079680E-1
-7.079680E-1
-7.050280E-1
-6.976780E-1
-6.903280E-1
-6.815080E-1
-6.726880E-1
-6.653380E-1
-6.594580E-1
-6.594580E-1
-6.609280E-1
-6.653380E-1
-6.741580E-1
-6.829780E-1
-6.932680E-1
-7.035580E-1
-7.123780E-1
-7.211980E-1
-6.844480E-1
-4.360180E-1
2.284220E-1
1.273592E+0
2.454002E+0
3.585902E+0
4.595792E+0
5.458682E+0
6.177512E+0
6.775802E+0
7.271192E+0
7.675442E+0
7.994432E+0
8.234042E+0
8.400152E+0
8.497172E+0
8.532452E+0
8.513342E+0
8.439842E+0
8.316362E+0
8.144372E+0
7.922402E+0
7.656332E+0
7.346162E+0
6.993362E+0
6.602342E+0
6.176042E+0
5.720342E+0
5.239652E+0
4.744262E+0
4.240052E+0
3.732902E+0
3.244862E+0
2.799452E+0
2.405492E+0
2.058572E+0
1.757222E+0
1.510262E+0
1.302992E+0
1.117772E+0
9.384320E-1
7.561520E-1
5.768120E-1
4.092320E-1
2.372420E-1
6.378200E-2
-9.644800E-2
-2.346280E-1
-3.522280E-1
-4.477780E-1
-5.256880E-1
-5.874280E-1
-6.359380E-1
-6.712180E-1
-6.962080E-1
-7.138480E-1
-7.226680E-1
-7.270780E-1
-7.285480E-1
-7.270780E-1
-7.256080E-1
-7.241380E-1
-7.256080E-1
-7.285480E-1
-7.329580E-1
-7.403080E-1
-7.476580E-1
-7.564780E-1
-7.638280E-1
-7.711780E-1
-7.755880E-1
-7.770580E-1
-7.755880E-1
-7.711780E-1
-7.623580E-1
-7.520680E-1
-7.403080E-1
-7.270780E-1
-7.153180E-1
-7.035580E-1
-6.947380E-1
-6.873880E-1
-6.844480E-1
-6.844480E-1
-6.873880E-1
-6.932680E-1
-7.020880E-1
-7.123780E-1
-7.256080E-1
-7.403080E-1
-7.564780E-1
-7.711780E-1
-7.858780E-1
-7.976380E-1
-8.093980E-1
-8.182180E-1
-8.240980E-1
-8.270380E-1
-8.285080E-1
-8.285080E-1
-8.255680E-1
-8.226280E-1
-8.196880E-1
-8.182180E-1
-8.152780E-1
-8.138080E-1
-8.138080E-1
-8.152780E-1
-8.167480E-1
-8.182180E-1
-8.196880E-1
-8.182180E-1
-8.167480E-1
-8.108680E-1
-8.049880E-1
-7.976380E-1
-7.888180E-1
-7.799980E-1
-7.726480E-1
-7.667680E-1
-7.623580E-1
-7.594180E-1
-7.594180E-1
-7.594180E-1
-7.623580E-1
-7.652980E-1
-7.697080E-1
-7.741180E-1
-7.785280E-1
-7.829380E-1
-7.888180E-1
-7.917580E-1
-7.946980E-1
-7.976380E-1
-7.976380E-1
-7.961680E-1
-7.932280E-1
-7.902880E-1
-7.858780E-1
-7.829380E-1
-7.799980E-1
-7.785280E-1
-7.785280E-1
-7.799980E-1
-7.829380E-1
-7.858780E-1
-7.917580E-1
-7.961680E-1
-8.035180E-1
-8.093980E-1
-8.167480E-1
-8.255680E-1
-8.329180E-1
-8.417380E-1
-8.490880E-1
-8.564380E-1
-8.608480E-1
-8.637880E-1
-8.652580E-1
-8.637880E-1
-8.608480E-1
-8.564380E-1
-8.520280E-1
-8.476180E-1
-8.432080E-1
-8.387980E-1
-8.343880E-1
-8.285080E-1
-8.211580E-1
-8.123380E-1
-8.020480E-1
-7.902880E-1
-7.755880E-1
-7.623580E-1
-7.491280E-1
-7.373680E-1
-7.300180E-1
-7.256080E-1
-7.256080E-1
-7.285480E-1
-7.344280E-1
-7.432480E-1
-7.505980E-1
-7.579480E-1
-7.638280E-1
-7.682380E-1
-7.697080E-1
-7.697080E-1
-7.682380E-1
-7.652980E-1
-7.638280E-1
-7.623580E-1
-7.623580E-1
-7.623580E-1
-7.623580E-1
-7.623580E-1
-7.608880E-1
-7.564780E-1
-7.505980E-1
-7.432480E-1
-7.314880E-1
-7.197280E-1
-7.064980E-1
-6.932680E-1
-6.800380E-1
-6.697480E-1
-6.594580E-1
-6.535780E-1
-6.506380E-1
-6.491680E-1
-6.535780E-1
-6.609280E-1
-6.712180E-1
-6.844480E-1
-7.006180E-1
-7.197280E-1
-7.388380E-1
-7.594180E-1
-7.785280E-1
-7.961680E-1
-8.138080E-1
-8.299780E-1
-8.446780E-1
-8.579080E-1
-8.696680E-1
-8.814280E-1
-8.931880E-1
-9.020080E-1
-9.108280E-1
-9.167080E-1
-9.196480E-1
-9.211180E-1
-9.196480E-1
-9.152380E-1
-9.093580E-1
-9.034780E-1
-8.961280E-1
-8.917180E-1
-8.873080E-1
-8.858380E-1
-8.858380E-1
-8.873080E-1
-8.887780E-1
-8.917180E-1
-8.931880E-1
-8.946580E-1
-8.946580E-1
-8.917180E-1
-8.887780E-1
-8.843680E-1
-8.784880E-1
-8.726080E-1
-8.667280E-1
-8.608480E-1
-8.579080E-1
-8.549680E-1
-8.549680E-1
-8.549680E-1
-8.564380E-1
-8.579080E-1
-8.564380E-1
-8.520280E-1
-8.446780E-1
-8.343880E-1
-8.182180E-1
-8.005780E-1
-7.814680E-1
-7.623580E-1
-7.432480E-1
-7.270780E-1
-7.123780E-1
-7.020880E-1
-6.932680E-1
-6.873880E-1
-6.829780E-1
-6.800380E-1
-6.785680E-1
-6.785680E-1
-6.800380E-1
-6.844480E-1
-6.888580E-1
-6.976780E-1
-7.094380E-1
-7.211980E-1
-7.358980E-1
-7.491280E-1
-7.623580E-1
-7.741180E-1
-7.844080E-1
-7.902880E-1
-7.961680E-1
-7.991080E-1
-8.005780E-1
-8.020480E-1
-8.035180E-1
-8.049880E-1
-8.064580E-1
-8.093980E-1
-8.123380E-1
-8.138080E-1
-8.167480E-1
-8.196880E-1
-8.226280E-1
-8.270380E-1
-8.299780E-1
-8.314480E-1
-8.343880E-1
-8.343880E-1
-8.314480E-1
-8.285080E-1
-8.226280E-1
-8.167480E-1
-8.093980E-1
-8.035180E-1
-7.991080E-1
-7.961680E-1
-7.961680E-1
-7.961680E-1
-7.991080E-1
-8.020480E-1
-8.064580E-1
-8.079280E-1
-8.108680E-1
-8.108680E-1
-8.108680E-1
-8.093980E-1
-8.049880E-1
-7.991080E-1
-7.917580E-1
-7.829380E-1
-7.741180E-1
-7.652980E-1
-7.579480E-1
-7.520680E-1
-7.476580E-1
-7.461880E-1
-7.476580E-1
-7.505980E-1
-7.550080E-1
-7.608880E-1
-7.667680E-1
-7.726480E-1
-7.785280E-1
-7.829380E-1
-7.873480E-1
-7.902880E-1
-7.917580E-1
-7.946980E-1
-7.961680E-1
-7.976380E-1
-8.005780E-1
-8.020480E-1
-8.049880E-1
-8.079280E-1
-8.093980E-1
-8.093980E-1
-8.093980E-1
-8.079280E-1
-8.049880E-1
-8.020480E-1
-7.991080E-1
-7.976380E-1
-7.976380E-1
-8.005780E-1
-8.049880E-1
-8.108680E-1
-8.211580E-1
-8.299780E-1
-8.417380E-1
-8.520280E-1
-8.623180E-1
-8.711380E-1
-8.784880E-1
-8.828980E-1
-8.858380E-1
-8.858380E-1
-8.843680E-1
-8.814280E-1
-8.770180E-1
-8.726080E-1
-8.667280E-1
-8.623180E-1
-8.593780E-1
-8.579080E-1
-8.593780E-1
-8.608480E-1
-8.652580E-1
-8.711380E-1
-8.755480E-1
-8.799580E-1
-8.828980E-1
-8.814280E-1
-8.784880E-1
-8.696680E-1
-8.593780E-1
-8.446780E-1
-8.270380E-1
-8.079280E-1
-7.888180E-1
-7.682380E-1
-7.505980E-1
-7.329580E-1
-7.197280E-1
-7.094380E-1
-7.035580E-1
-7.006180E-1
-7.035580E-1
-7.079680E-1
-7.167880E-1
-7.285480E-1
-7.403080E-1
-7.550080E-1
-7.697080E-1
-7.829380E-1
-7.946980E-1
-8.049880E-1
-8.123380E-1
-8.182180E-1
-8.196880E-1
-8.211580E-1
-8.211580E-1
-8.196880E-1
-8.167480E-1
-8.167480E-1
-8.167480E-1
-8.182180E-1
-8.211580E-1
-8.255680E-1
-8.285080E-1
-8.329180E-1
-8.358580E-1
-8.373280E-1
-8.358580E-1
-8.314480E-1
-8.270380E-1
-8.211580E-1
-8.167480E-1
-8.108680E-1
-8.079280E-1
-8.049880E-1
-8.035180E-1
-8.049880E-1
-8.049880E-1
-8.064580E-1
-8.079280E-1
-8.079280E-1
-8.079280E-1
-8.064580E-1
-8.035180E-1
-8.005780E-1
-7.961680E-1
-7.902880E-1
-7.844080E-1
-7.785280E-1
-7.726480E-1
-7.667680E-1
-7.594180E-1
-7.535380E-1
-7.461880E-1
-7.388380E-1
-7.314880E-1
-7.241380E-1
-7.182580E-1
-7.123780E-1
-7.064980E-1
-7.035580E-1
-7.020880E-1
-7.006180E-1
-7.006180E-1
-7.006180E-1
-7.006180E-1
-7.006180E-1
-7.006180E-1
-6.991480E-1
-6.991480E-1
-7.006180E-1
-7.020880E-1
-7.064980E-1
-7.123780E-1
-7.211980E-1
-7.329580E-1
-7.461880E-1
-7.608880E-1
-7.755880E-1
-7.902880E-1
-8.035180E-1
-8.152780E-1
-8.240980E-1
-8.285080E-1
-8.285080E-1
-8.255680E-1
-8.196880E-1
-8.108680E-1
-8.020480E-1
-7.932280E-1
-7.858780E-1
-7.814680E-1
-7.785280E-1
-7.770580E-1
-7.770580E-1
-7.785280E-1
-7.785280E-1
-7.785280E-1
-7.770580E-1
-7.755880E-1
-7.741180E-1
-7.711780E-1
-7.711780E-1
-7.726480E-1
-7.755880E-1
-7.785280E-1
-7.829380E-1
-7.858780E-1
-7.888180E-1
-7.902880E-1
-7.917580E-1
-7.902880E-1
-7.902880E-1
-7.902880E-1
-7.888180E-1
-7.902880E-1
-7.917580E-1
-7.932280E-1
-7.946980E-1
-7.961680E-1
-7.961680E-1
-7.961680E-1
-7.946980E-1
-7.932280E-1
-7.902880E-1
-7.858780E-1
-7.829380E-1
-7.799980E-1
-7.770580E-1
-7.770580E-1
-7.785280E-1
-7.799980E-1
-7.844080E-1
-7.902880E-1
-7.961680E-1
-8.005780E-1
-8.035180E-1
-8.049880E-1
-8.049880E-1
-8.035180E-1
-8.005780E-1
-7.991080E-1
-7.961680E-1
-7.946980E-1
-7.946980E-1
-7.946980E-1
-7.961680E-1
-8.005780E-1
-8.049880E-1
-8.108680E-1
-8.167480E-1
-8.226280E-1
-8.299780E-1
-8.343880E-1
-8.358580E-1
-8.358580E-1
-8.329180E-1
-8.270380E-1
-8.196880E-1
-8.108680E-1
-8.020480E-1
-7.946980E-1
-7.888180E-1
-7.858780E-1
-7.844080E-1
-7.858780E-1
-7.888180E-1
-7.932280E-1
-7.991080E-1
-8.064580E-1
-8.123380E-1
-8.182180E-1
-8.211580E-1
-8.226280E-1
-8.226280E-1
-8.196880E-1
-8.167480E-1
-8.138080E-1
-8.123380E-1
-8.123380E-1
-8.138080E-1
-8.182180E-1
-8.255680E-1
-8.314480E-1
-8.387980E-1
-8.446780E-1
-8.490880E-1
-8.520280E-1
-8.505580E-1
-8.476180E-1
-8.432080E-1
-8.358580E-1
-8.285080E-1
-8.196880E-1
-8.108680E-1
-8.020480E-1
-7.932280E-1
-7.858780E-1
-7.785280E-1
-7.726480E-1
-7.697080E-1
-7.697080E-1
-7.711780E-1
-7.785280E-1
-7.873480E-1
-7.976380E-1
-8.108680E-1
-8.240980E-1
-8.358580E-1
-8.446780E-1
-8.520280E-1
-8.549680E-1
-8.564380E-1
-8.534980E-1
-8.490880E-1
-8.432080E-1
-8.373280E-1
-8.314480E-1
-8.255680E-1
-8.196880E-1
-8.138080E-1
-8.079280E-1
-8.020480E-1
-7.946980E-1
-7.873480E-1
-7.799980E-1
-7.755880E-1
-7.711780E-1
-7.697080E-1
-7.711780E-1
-7.741180E-1
-7.785280E-1
-7.829380E-1
-7.873480E-1
-7.902880E-1
-7.932280E-1
-7.946980E-1
-7.961680E-1
-7.991080E-1
-8.035180E-1
-8.079280E-1
-8.152780E-1
-8.226280E-1
-8.299780E-1
-8.373280E-1
-8.432080E-1
-8.446780E-1
-8.461480E-1
-8.432080E-1
-8.402680E-1
-8.343880E-1
-8.270380E-1
-8.196880E-1
-8.123380E-1
-8.064580E-1
-8.020480E-1
-7.991080E-1
-7.991080E-1
-8.020480E-1
-8.064580E-1
-8.123380E-1
-8.196880E-1
-8.270380E-1
-8.329180E-1
-8.373280E-1
-8.417380E-1
-8.432080E-1
-8.461480E-1
-8.490880E-1
-8.520280E-1
-8.564380E-1
-8.608480E-1
-8.637880E-1
-8.652580E-1
-8.667280E-1
-8.652580E-1
-8.608480E-1
-8.564380E-1
-8.505580E-1
-8.446780E-1
-8.387980E-1
-8.343880E-1
-8.285080E-1
-8.255680E-1
-8.226280E-1
-8.196880E-1
-8.167480E-1
-8.138080E-1
-8.108680E-1
-8.079280E-1
-8.064580E-1
-8.064580E-1
-8.064580E-1
-8.079280E-1
-8.123380E-1
-8.167480E-1
-8.240980E-1
-8.314480E-1
-8.387980E-1
-8.461480E-1
-8.534980E-1
-8.608480E-1
-8.681980E-1
-8.755480E-1
-8.828980E-1
-8.887780E-1
-8.931880E-1
-8.961280E-1
-8.961280E-1
-8.917180E-1
-8.843680E-1
-8.740780E-1
-8.593780E-1
-8.432080E-1
-8.270380E-1
-8.123380E-1
-7.976380E-1
-7.873480E-1
-7.799980E-1
-7.755880E-1
-7.741180E-1
-7.741180E-1
-7.755880E-1
-7.770580E-1
-7.770580E-1
-7.770580E-1
-7.770580E-1
-7.755880E-1
-7.741180E-1
-7.755880E-1
-7.785280E-1
-7.829380E-1
-7.902880E-1
-7.991080E-1
-8.079280E-1
-8.182180E-1
-8.270380E-1
-8.343880E-1
-8.417380E-1
-8.476180E-1
-8.534980E-1
-8.579080E-1
-8.608480E-1
-8.637880E-1
-8.652580E-1
-8.652580E-1
-8.637880E-1
-8.608480E-1
-8.579080E-1
-8.534980E-1
-8.505580E-1
-8.476180E-1
-8.461480E-1
-8.446780E-1
-8.446780E-1
-8.446780E-1
-8.446780E-1
-8.432080E-1
-8.417380E-1
-8.373280E-1
-8.343880E-1
-8.299780E-1
-8.255680E-1
-8.211580E-1
-8.182180E-1
-8.138080E-1
-8.093980E-1
-8.049880E-1
-8.005780E-1
-7.976380E-1
-7.961680E-1
-7.946980E-1
-7.961680E-1
-7.991080E-1
-8.049880E-1
-8.123380E-1
-8.196880E-1
-8.270380E-1
-8.343880E-1
-8.387980E-1
-8.402680E-1
-8.402680E-1
-8.373280E-1
-8.314480E-1
-8.240980E-1
-8.152780E-1
-8.064580E-1
-7.991080E-1
-7.902880E-1
-7.829380E-1
-7.785280E-1
-7.755880E-1
-7.741180E-1
-7.726480E-1
-7.741180E-1
-7.741180E-1
-7.741180E-1
-7.741180E-1
-7.726480E-1
-7.697080E-1
-7.667680E-1
-7.652980E-1
-7.638280E-1
-7.652980E-1
-7.667680E-1
-7.711780E-1
-7.770580E-1
-7.829380E-1
-7.902880E-1
-7.961680E-1
-8.005780E-1
-8.035180E-1
-8.035180E-1
-8.035180E-1
-8.005780E-1
-7.961680E-1
-7.917580E-1
-7.873480E-1
-7.829380E-1
-7.799980E-1
-7.785280E-1
-7.785280E-1
-7.799980E-1
-7.829380E-1
-7.873480E-1
-7.917580E-1
-7.946980E-1
-7.976380E-1
-7.991080E-1
-8.005780E-1
-8.005780E-1
-8.005780E-1
-8.020480E-1
-8.049880E-1
-8.093980E-1
-8.167480E-1
-8.255680E-1
-8.343880E-1
-8.446780E-1
-8.549680E-1
-8.623180E-1
-8.681980E-1
-8.696680E-1
-8.681980E-1
-8.637880E-1
-8.564380E-1
-8.476180E-1
-8.373280E-1
-8.270380E-1
-8.182180E-1
-8.093980E-1
-8.020480E-1
-7.961680E-1
-7.917580E-1
-7.888180E-1
-7.858780E-1
-7.844080E-1
-7.829380E-1
-7.829380E-1
-7.844080E-1
-7.873480E-1
-7.917580E-1
-7.961680E-1
-8.035180E-1
-8.093980E-1
-8.167480E-1
-8.240980E-1
-8.314480E-1
-8.373280E-1
-8.432080E-1
-8.461480E-1
-8.490880E-1
-8.505580E-1
-8.505580E-1
-8.490880E-1
-8.461480E-1
-8.446780E-1
-8.432080E-1
-8.446780E-1
-8.490880E-1
-8.549680E-1
-8.652580E-1
-8.799580E-1
-8.990680E-1
-9.211180E-1
-9.490480E-1
-9.799180E-1
-1.016668E+0
-1.057828E+0
-1.103398E+0
-1.151908E+0
-1.203358E+0
-1.254808E+0
-1.303318E+0
-1.348888E+0
-1.387108E+0
-1.417978E+0
-1.440028E+0
-1.454728E+0
-1.462078E+0
-1.463548E+0
-1.460608E+0
-1.456198E+0
-1.451788E+0
-1.447378E+0
-1.445908E+0
-1.447378E+0
-1.450318E+0
-1.453258E+0
-1.459138E+0
-1.463548E+0
-1.466488E+0
-1.469428E+0
-1.469428E+0
-1.466488E+0
-1.462078E+0
-1.453258E+0
-1.444438E+0
-1.432678E+0
-1.422388E+0
-1.412098E+0
-1.403278E+0
-1.395928E+0
-1.391518E+0
-1.390048E+0
-1.390048E+0
-1.391518E+0
-1.395928E+0
-1.400338E+0
-1.406218E+0
-1.412098E+0
-1.417978E+0
-1.422388E+0
-1.426798E+0
-1.429738E+0
-1.432678E+0
-1.435618E+0
-1.440028E+0
-1.445908E+0
-1.453258E+0
-1.465018E+0
-1.478248E+0
-1.492948E+0
-1.507648E+0
-1.522348E+0
-1.537048E+0
-1.547338E+0
-1.556158E+0
-1.562038E+0
-1.566448E+0
-1.569388E+0
-1.573798E+0
-1.578208E+0
-1.587028E+0
-1.597318E+0
-1.610548E+0
-1.625248E+0
-1.639948E+0
-1.653178E+0
-1.663468E+0
-1.670818E+0
-1.673758E+0
-1.670818E+0
-1.664938E+0
-1.653178E+0
-1.639948E+0
-1.623778E+0
-1.607608E+0
-1.591438E+0
-1.576738E+0
-1.563508E+0
-1.554688E+0
-1.550278E+0
-1.548808E+0
-1.551748E+0
-1.557628E+0
-1.564978E+0
-1.575268E+0
-1.584088E+0
-1.592908E+0
-1.600258E+0
-1.606138E+0
-1.610548E+0
-1.613488E+0
-1.614958E+0
-1.614958E+0
-1.614958E+0
-1.613488E+0
-1.612018E+0
-1.609078E+0
-1.606138E+0
-1.604668E+0
-1.601728E+0
-1.600258E+0
-1.598788E+0
-1.600258E+0
-1.601728E+0
-1.604668E+0
-1.609078E+0
-1.614958E+0
-1.619368E+0
-1.623778E+0
-1.626718E+0
-1.628188E+0
-1.626718E+0
-1.623778E+0
-1.620838E+0
-1.619368E+0
-1.617898E+0
-1.619368E+0
-1.625248E+0
-1.634068E+0
-1.645828E+0
-1.660528E+0
-1.676698E+0
-1.694338E+0
-1.710508E+0
-1.726678E+0
-1.741378E+0
-1.757548E+0
-1.770778E+0
-1.784008E+0
-1.795768E+0
-1.807528E+0
-1.816348E+0
-1.820758E+0
-1.822228E+0
-1.820758E+0
-1.814878E+0
-1.804588E+0
-1.791358E+0
-1.773718E+0
-1.754608E+0
-1.735498E+0
-1.714918E+0
-1.694338E+0
-1.675228E+0
-1.657588E+0
-1.642888E+0
-1.631128E+0
-1.622308E+0
-1.617898E+0
-1.619368E+0
-1.625248E+0
-1.637008E+0
-1.653178E+0
-1.672288E+0
-1.694338E+0
-1.716388E+0
-1.735498E+0
-1.750198E+0
-1.761958E+0
-1.767838E+0
-1.769308E+0
-1.769308E+0
-1.767838E+0
-1.767838E+0
-1.767838E+0
-1.769308E+0
-1.770778E+0
-1.770778E+0
-1.769308E+0
-1.763428E+0
-1.754608E+0
-1.742848E+0
-1.728148E+0
-1.713448E+0
-1.700218E+0
-1.686988E+0
-1.679638E+0
-1.675228E+0
-1.673758E+0
-1.676698E+0
-1.682578E+0
-1.691398E+0
-1.701688E+0
-1.713448E+0
-1.725208E+0
-1.738438E+0
-1.751668E+0
-1.763428E+0
-1.775188E+0
-1.785478E+0
-1.792828E+0
-1.800178E+0
-1.807528E+0
-1.813408E+0
-1.817818E+0
-1.825168E+0
-1.832518E+0
-1.839868E+0
-1.845748E+0
-1.851628E+0
-1.854568E+0
-1.854568E+0
-1.851628E+0
-1.847218E+0
-1.839868E+0
-1.832518E+0
-1.828108E+0
-1.823698E+0
-1.822228E+0
-1.822228E+0
-1.822228E+0
-1.823698E+0
-1.822228E+0
-1.819288E+0
-1.813408E+0
-1.804588E+0
-1.792828E+0
-1.781068E+0
-1.770778E+0
-1.761958E+0
-1.754608E+0
-1.753138E+0
-1.754608E+0
-1.761958E+0
-1.772248E+0
-1.785478E+0
-1.800178E+0
-1.816348E+0
-1.833988E+0
-1.848688E+0
-1.861918E+0
-1.872208E+0
-1.879558E+0
-1.883968E+0
-1.886908E+0
-1.886908E+0
-1.886908E+0
-1.886908E+0
-1.886908E+0
-1.888378E+0
-1.891318E+0
-1.894258E+0
-1.898668E+0
-1.904548E+0
-1.911898E+0
-1.920718E+0
-1.931008E+0
-1.941298E+0
-1.953058E+0
-1.964818E+0
-1.976578E+0
-1.986868E+0
-1.997158E+0
-2.004508E+0
-2.011858E+0
-2.016268E+0
-2.019208E+0
-2.019208E+0
-2.016268E+0
-2.013328E+0
-2.005978E+0
-2.000098E+0
-1.992748E+0
-1.985398E+0
-1.980988E+0
-1.976578E+0
-1.973638E+0
-1.972168E+0
-1.970698E+0
-1.970698E+0
-1.969228E+0
-1.966288E+0
-1.964818E+0
-1.961878E+0
-1.961878E+0
-1.961878E+0
-1.963348E+0
-1.967758E+0
-1.973638E+0
-1.978048E+0
-1.982458E+0
-1.985398E+0
-1.986868E+0
-1.985398E+0
-1.983928E+0
-1.980988E+0
-1.979518E+0
-1.979518E+0
-1.980988E+0
-1.983928E+0
-1.988338E+0
-1.994218E+0
-1.998628E+0
-2.001568E+0
-2.004508E+0
-2.005978E+0
-2.005978E+0
-2.004508E+0
-2.003038E+0
-2.001568E+0
-2.001568E+0
-2.000098E+0
-1.998628E+0
-1.995688E+0
-1.994218E+0
-1.989808E+0
-1.986868E+0
-1.980988E+0
-1.976578E+0
-1.972168E+0
-1.967758E+0
-1.964818E+0
-1.961878E+0
-1.960408E+0
-1.960408E+0
-1.960408E+0
-1.963348E+0
-1.967758E+0
-1.975108E+0
-1.983928E+0
-1.991278E+0
-2.001568E+0
-2.010388E+0
-2.017738E+0
-2.025088E+0
-2.030968E+0
-2.036848E+0
-2.042728E+0
-2.048608E+0
-2.057428E+0
-2.066248E+0
-2.076538E+0
-2.085358E+0
-2.095648E+0
-2.102998E+0
-2.108878E+0
-2.110348E+0
-2.110348E+0
-2.107408E+0
-2.101528E+0
-2.095648E+0
-2.089768E+0
-2.080948E+0
-2.073598E+0
-2.063308E+0
-2.053018E+0
-2.042728E+0
-2.032438E+0
-2.025088E+0
-2.017738E+0
-2.016268E+0
-2.019208E+0
-2.026558E+0
-2.036848E+0
-2.051548E+0
-2.069188E+0
-2.085358E+0
-2.100058E+0
-2.108878E+0
-2.114758E+0
-2.113288E+0
-2.105938E+0
-2.094178E+0
-2.079478E+0
-2.063308E+0
-2.050078E+0
-2.039788E+0
-2.033908E+0
-2.033908E+0
-2.038318E+0
-2.048608E+0
-2.063308E+0
-2.079478E+0
-2.095648E+0
-2.110348E+0
-2.122108E+0
-2.129458E+0
-2.133868E+0
-2.133868E+0
-2.130928E+0
-2.126518E+0
-2.122108E+0
-2.122108E+0
-2.122108E+0
-2.126518E+0
-2.132398E+0
-2.141218E+0
-2.150038E+0
-2.157388E+0
-2.161798E+0
-2.161798E+0
-2.158858E+0
-2.152978E+0
-2.145628E+0
-2.136808E+0
-2.130928E+0
-2.127988E+0
-2.126518E+0
-2.129458E+0
-2.133868E+0
-2.138278E+0
-2.144158E+0
-2.148568E+0
-2.151508E+0
-2.151508E+0
-2.148568E+0
-2.142688E+0
-2.136808E+0
-2.129458E+0
-2.120638E+0
-2.114758E+0
-2.108878E+0
-2.105938E+0
-2.105938E+0
-2.108878E+0
-2.111818E+0
-2.117698E+0
-2.125048E+0
-2.132398E+0
-2.141218E+0
-2.150038E+0
-2.158858E+0
-2.169148E+0
-2.177968E+0
-2.186788E+0
-2.197078E+0
-2.202958E+0
-2.210308E+0
-2.214718E+0
-2.219128E+0
-2.220598E+0
-2.223538E+0
-2.225008E+0
-2.229418E+0
-2.235298E+0
-2.244118E+0
-2.254408E+0
-2.264698E+0
-2.276458E+0
-2.288218E+0
-2.297038E+0
-2.301448E+0
-2.302918E+0
-2.299978E+0
-2.291158E+0
-2.279398E+0
-2.263228E+0
-2.247058E+0
-2.229418E+0
-2.214718E+0
-2.201488E+0
-2.192668E+0
-2.186788E+0
-2.183848E+0
-2.185318E+0
-2.189728E+0
-2.198548E+0
-2.208838E+0
-2.223538E+0
-2.241178E+0
-2.260288E+0
-2.280868E+0
-2.301448E+0
-2.319088E+0
-2.333788E+0
-2.342608E+0
-2.347018E+0
-2.344078E+0
-2.336728E+0
-2.326438E+0
-2.314678E+0
-2.301448E+0
-2.288218E+0
-2.276458E+0
-2.264698E+0
-2.254408E+0
-2.245588E+0
-2.239708E+0
-2.236768E+0
-2.236768E+0
-2.241178E+0
-2.247058E+0
-2.257348E+0
-2.269108E+0
-2.280868E+0
-2.292628E+0
-2.305858E+0
-2.317618E+0
-2.329378E+0
-2.339668E+0
-2.351428E+0
-2.361718E+0
-2.373478E+0
-2.383768E+0
-2.395528E+0
-2.408758E+0
-2.420518E+0
-2.432278E+0
-2.441098E+0
-2.448448E+0
-2.449918E+0
-2.448448E+0
-2.442568E+0
-2.433748E+0
-2.421988E+0
-2.408758E+0
-2.395528E+0
-2.386708E+0
-2.382298E+0
-2.380828E+0
-2.385238E+0
-2.395528E+0
-2.413168E+0
-2.433748E+0
-2.458738E+0
-2.488138E+0
-2.519008E+0
-2.548408E+0
-2.576338E+0
-2.598388E+0
-2.613088E+0
-2.617498E+0
-2.611618E+0
-2.596918E+0
-2.573398E+0
-2.542528E+0
-2.510188E+0
-2.476378E+0
-2.446978E+0
-2.420518E+0
-2.401408E+0
-2.388178E+0
-2.380828E+0
-2.380828E+0
-2.382298E+0
-2.386708E+0
-2.391118E+0
-2.394058E+0
-2.396998E+0
-2.395528E+0
-2.392588E+0
-2.388178E+0
-2.382298E+0
-2.376418E+0
-2.372008E+0
-2.370538E+0
-2.370538E+0
-2.374948E+0
-2.382298E+0
-2.394058E+0
-2.410228E+0
-2.429338E+0
-2.449918E+0
-2.471968E+0
-2.491078E+0
-2.505778E+0
-2.516068E+0
-2.520478E+0
-2.519008E+0
-2.511658E+0
-2.499898E+0
-2.485198E+0
-2.470498E+0
-2.457268E+0
-2.446978E+0
-2.439628E+0
-2.436688E+0
-2.438158E+0
-2.442568E+0
-2.446978E+0
-2.452858E+0
-2.457268E+0
-2.461678E+0
-2.461678E+0
-2.460208E+0
-2.455798E+0
-2.451388E+0
-2.446978E+0
-2.445508E+0
-2.445508E+0
-2.449918E+0
-2.457268E+0
-2.469028E+0
-2.482258E+0
-2.496958E+0
-2.510188E+0
-2.520478E+0
-2.529298E+0
-2.535178E+0
-2.536648E+0
-2.538118E+0
-2.538118E+0
-2.541058E+0
-2.545468E+0
-2.552818E+0
-2.564578E+0
-2.576338E+0
-2.591038E+0
-2.607208E+0
-2.620438E+0
-2.630728E+0
-2.638078E+0
-2.639548E+0
-2.635138E+0
-2.624848E+0
-2.610148E+0
-2.591038E+0
-2.570458E+0
-2.551348E+0
-2.535178E+0
-2.523418E+0
-2.517538E+0
-2.517538E+0
-2.521948E+0
-2.529298E+0
-2.538118E+0
-2.543998E+0
-2.546938E+0
-2.545468E+0
-2.539588E+0
-2.530768E+0
-2.520478E+0
-2.511658E+0
-2.505778E+0
-2.505778E+0
-2.510188E+0
-2.520478E+0
-2.536648E+0
-2.554288E+0
-2.573398E+0
-2.591038E+0
-2.608678E+0
-2.620438E+0
-2.630728E+0
-2.635138E+0
-2.638078E+0
-2.639548E+0
-2.641018E+0
-2.643958E+0
-2.648368E+0
-2.657188E+0
-2.670418E+0
-2.689528E+0
-2.711578E+0
-2.738038E+0
-2.764498E+0
-2.792428E+0
-2.815948E+0
-2.832118E+0
-2.842408E+0
-2.842408E+0
-2.835058E+0
-2.820358E+0
-2.799778E+0
-2.776258E+0
-2.754208E+0
-2.730688E+0
-2.710108E+0
-2.690998E+0
-2.673358E+0
-2.660128E+0
-2.649838E+0
-2.641018E+0
-2.636608E+0
-2.633668E+0
-2.635138E+0
-2.639548E+0
-2.646898E+0
-2.655718E+0
-2.666008E+0
-2.677768E+0
-2.690998E+0
-2.704228E+0
-2.717458E+0
-2.729218E+0
-2.739508E+0
-2.748328E+0
-2.752738E+0
-2.752738E+0
-2.746858E+0
-2.735098E+0
-2.718928E+0
-2.701288E+0
-2.680708E+0
-2.661598E+0
-2.646898E+0
-2.638078E+0
-2.636608E+0
-2.641018E+0
-2.652778E+0
-2.670418E+0
-2.693938E+0
-2.718928E+0
-2.742448E+0
-2.765968E+0
-2.785078E+0
-2.801248E+0
-2.810068E+0
-2.811538E+0
-2.807128E+0
-2.798308E+0
-2.783608E+0
-2.765968E+0
-2.746858E+0
-2.729218E+0
-2.711578E+0
-2.696878E+0
-2.686588E+0
-2.679238E+0
-2.674828E+0
-2.676298E+0
-2.679238E+0
-2.688058E+0
-2.698348E+0
-2.713048E+0
-2.729218E+0
-2.745388E+0
-2.761558E+0
-2.776258E+0
-2.786548E+0
-2.790958E+0
-2.790958E+0
-2.785078E+0
-2.776258E+0
-2.764498E+0
-2.754208E+0
-2.742448E+0
-2.733628E+0
-2.723338E+0
-2.711578E+0
-2.698348E+0
-2.677768E+0
-2.649838E+0
-2.614558E+0
-2.568988E+0
-2.519008E+0
-2.466088E+0
-2.416108E+0
-2.372008E+0
-2.341138E+0
-2.326438E+0
-2.327908E+0
-2.349958E+0
-2.389648E+0
-2.461678E+0
-2.598388E+0
-2.814478E+0
-3.087898E+0
-3.401008E+0
-3.736168E+0
-4.091908E+0
-4.478518E+0
-4.894528E+0
-5.339938E+0
-5.811808E+0
-6.289558E+0
-6.754078E+0
-7.180378E+0
-7.533178E+0
-7.809538E+0
-8.013868E+0
-8.165278E+0
-8.301988E+0
-8.448988E+0
-8.616568E+0
-8.806198E+0
-9.016408E+0
-9.222208E+0
-9.411838E+0
-9.575008E+0
-9.707308E+0
-9.830788E+0
-9.980728E+0
-1.021446E+1
-1.058784E+1
-1.118319E+1
-1.223277E+1
-1.476852E+1
-2.050005E+1
-2.050005E+1
-2.050005E+1
-2.050005E+1
-2.050005E+1
-2.050005E+1
-2.050005E+1
-2.050005E+1
-2.050005E+1
-2.050005E+1
-2.050005E+1
-2.050005E+1
-2.050005E+1
-2.050005E+1
-2.050005E+1
-2.050005E+1
-2.050005E+1
-2.050005E+1
-2.050005E+1
-2.050005E+1
-2.050005E+1
-2.050005E+1
-2.050005E+1
-2.050005E+1
-2.050005E+1
-2.050005E+1
-2.050005E+1
-2.050005E+1
-2.050005E+1
-2.050005E+1
-2.050005E+1
-2.050005E+1
-2.050005E+1
-2.050005E+1
-2.050005E+1
-2.050005E+1
-2.050005E+1
-2.050005E+1
-2.050005E+1
-2.050005E+1
-2.050005E+1
-2.050005E+1
-2.050005E+1
-2.050005E+1
-2.050005E+1
-2.050005E+1
-2.050005E+1
-2.050005E+1
-2.050005E+1
-2.050005E+1
-2.050005E+1
-2.050005E+1
-2.050005E+1
-2.050005E+1
-2.050005E+1
-2.050005E+1
-2.050005E+1
-2.050005E+1
-2.050005E+1
-2.050005E+1
-2.050005E+1
-2.050005E+1
-2.050005E+1
-2.050005E+1
-2.050005E+1
-2.050005E+1
-2.050005E+1
-2.050005E+1
-2.050005E+1
-2.050005E+1
-2.050005E+1
-2.050005E+1
-2.050005E+1
-2.050005E+1
-1.399383E+1
-1.213869E+1
-1.115379E+1
-1.054374E+1
-1.023357E+1
-1.017624E+1
-1.037322E+1
-1.090389E+1
-1.204902E+1
-1.627380E+1
-2.050005E+1
-2.050005E+1
-2.050005E+1
-2.050005E+1
-2.050005E+1
-2.050005E+1
-2.050005E+1
-2.050005E+1
-2.050005E+1
-2.050005E+1
-2.050005E+1
-2.050005E+1
-2.050005E+1
-1.510368E+1
-1.265907E+1
-1.168152E+1
-1.115379E+1
-1.087743E+1
-1.080099E+1
-1.085244E+1
-1.098327E+1
-1.112439E+1
-1.121259E+1
-1.121259E+1
-1.101120E+1
-1.068045E+1
-1.029237E+1
-9.913108E+0
-9.575008E+0
-9.283948E+0
-9.070798E+0
-8.919388E+0
-8.816488E+0
-8.767978E+0
-8.767978E+0
-8.816488E+0
-8.919388E+0
-9.104608E+0
-9.372148E+0
-9.769048E+0
-1.031148E+1
-1.109499E+1
-1.223277E+1
-1.422315E+1
-2.050005E+1
-2.050005E+1
-2.050005E+1
-2.050005E+1
-2.050005E+1
-2.050005E+1
-2.050005E+1
-2.050005E+1
-2.050005E+1
-2.050005E+1
-2.050005E+1
-2.050005E+1
-2.050005E+1
-2.050005E+1
-2.050005E+1
-2.050005E+1
-2.050005E+1
-2.050005E+1
-2.050005E+1
-1.899477E+1
-1.342494E+1
-1.271787E+1
-1.297365E+1
-1.476852E+1
-2.050005E+1
-2.050005E+1
-2.050005E+1
-2.050005E+1
-2.050005E+1
-2.050005E+1
-2.050005E+1
-2.050005E+1
-2.050005E+1
-2.050005E+1
-2.050005E+1
-2.050005E+1
-2.050005E+1
-2.050005E+1
-2.050005E+1
-1.284135E+1
-1.090389E+1
-1.001454E+1
-9.533848E+0
-9.295708E+0
-9.258958E+0
-9.425068E+0
-9.846958E+0
-1.060989E+1
-1.213869E+1
-2.050005E+1
-2.050005E+1
-2.050005E+1
-2.050005E+1
-2.050005E+1
-2.050005E+1
-2.050005E+1
-2.050005E+1
-2.050005E+1
-2.050005E+1
-2.050005E+1
-2.050005E+1
-2.050005E+1
-2.050005E+1
-2.050005E+1
-2.050005E+1
-2.050005E+1
-2.050005E+1
-1.342494E+1
-1.183734E+1
-1.101120E+1
-1.054374E+1
-1.033206E+1
-1.031148E+1
-1.047759E+1
-1.090389E+1
-1.168152E+1
-1.342494E+1
-2.050005E+1
-2.050005E+1
-2.050005E+1
-2.050005E+1
-2.050005E+1
-2.050005E+1
-2.050005E+1
-2.050005E+1
-2.050005E+1
-2.050005E+1
-2.050005E+1
-2.050005E+1
-2.050005E+1
-2.050005E+1
-2.050005E+1
-2.050005E+1
-2.050005E+1
-2.050005E+1
-2.050005E+1
-2.050005E+1
-2.050005E+1
-2.050005E+1
-2.050005E+1
-2.050005E+1
-2.050005E+1
-2.050005E+1
-2.050005E+1
-2.050005E+1
-2.050005E+1
-2.050005E+1
-2.050005E+1
-2.050005E+1
-2.050005E+1
-2.050005E+1
-2.050005E+1
-2.050005E+1
-2.050005E+1
-2.050005E+1
-2.050005E+1
-2.050005E+1
-2.050005E+1
-1.899477E+1
-1.422315E+1
-1.342494E+1
-1.351020E+1
-1.493022E+1
-2.050005E+1
-2.050005E+1
-2.050005E+1
-2.050005E+1
-2.050005E+1
-2.050005E+1
-2.050005E+1
-2.050005E+1
-2.050005E+1
-2.050005E+1
-2.050005E+1
-2.050005E+1
-2.050005E+1
-2.050005E+1
-2.050005E+1
-2.050005E+1
-2.050005E+1
-2.050005E+1
-2.050005E+1
-2.050005E+1
-2.050005E+1
-2.050005E+1
-2.050005E+1
-2.050005E+1
-2.050005E+1
-2.050005E+1
-2.050005E+1
-2.050005E+1
-2.050005E+1
-2.050005E+1
-2.050005E+1
-2.050005E+1
-2.050005E+1
-2.050005E+1
-2.050005E+1
-2.050005E+1
-2.050005E+1
-2.050005E+1
-2.050005E+1
-2.050005E+1
-2.050005E+1
-2.050005E+1
-2.050005E+1
-2.050005E+1
-1.598421E+1
-1.318680E+1
-1.238271E+1
-1.213869E+1
-1.223277E+1
-1.277961E+1
-1.422315E+1
-2.050005E+1
-2.050005E+1
-2.050005E+1
-2.050005E+1
-2.050005E+1
-2.050005E+1
-2.050005E+1
-2.050005E+1
-2.050005E+1
-2.050005E+1
-2.050005E+1
-2.050005E+1
-2.050005E+1
-2.050005E+1
-2.050005E+1
-2.050005E+1
-2.050005E+1
-2.050005E+1
-2.050005E+1
-2.050005E+1
-2.050005E+1
-2.050005E+1
-2.050005E+1
-2.050005E+1
-2.050005E+1
-2.050005E+1
-2.050005E+1
-2.050005E+1
-2.050005E+1
-2.050005E+1
-2.050005E+1
-2.050005E+1
-2.050005E+1
-1.572843E+1
-1.334262E+1
-1.265907E+1
-1.233273E+1
-1.238271E+1
-1.260027E+1
-1.318680E+1
-1.434663E+1
-1.811424E+1
-2.050005E+1
-2.050005E+1
-2.050005E+1
-2.050005E+1
-2.050005E+1
-2.050005E+1
-2.050005E+1
-2.050005E+1
-2.050005E+1
-2.050005E+1
-1.447893E+1
-1.265907E+1
-1.175796E+1
-1.121259E+1
-1.087743E+1
-1.068045E+1
-1.054374E+1
-1.045554E+1
-1.041438E+1
-1.037322E+1
-1.031148E+1
-1.019535E+1
-1.006746E+1
-9.929278E+0
-9.769048E+0
-9.619108E+0
-9.505918E+0
-9.438298E+0
-9.438298E+0
-9.519148E+0
-9.707308E+0
-1.003218E+1
-1.056579E+1
-1.140222E+1
-1.297365E+1
-2.050005E+1
-2.050005E+1
-2.050005E+1
-2.050005E+1
-2.050005E+1
-2.050005E+1
-2.050005E+1
-2.050005E+1
-2.050005E+1
-2.050005E+1
-2.050005E+1
-2.050005E+1
-1.598421E+1
-1.399383E+1
-1.318680E+1
-1.271787E+1
-1.260027E+1
-1.265907E+1
-1.284135E+1
-1.304274E+1
-1.318680E+1
-1.326324E+1
-1.334262E+1
-1.334262E+1
-1.334262E+1
-1.359840E+1
-1.461858E+1
-2.050005E+1
-2.050005E+1
-2.050005E+1
-2.050005E+1
-2.050005E+1
-2.050005E+1
-2.050005E+1
-2.050005E+1
-2.050005E+1
-2.050005E+1
-2.050005E+1
-2.050005E+1
-2.050005E+1
-2.050005E+1
-2.050005E+1
-2.050005E+1
-2.050005E+1
-2.050005E+1
-2.050005E+1
-2.050005E+1
-2.050005E+1
-1.399383E+1
-1.200492E+1
-1.124346E+1
-1.085244E+1
-1.070397E+1
-1.070397E+1
-1.090389E+1
-1.130520E+1
-1.204902E+1
-1.359840E+1
-2.050005E+1
-2.050005E+1
-2.050005E+1
-2.050005E+1
-2.050005E+1
-2.050005E+1
-2.050005E+1
-2.050005E+1
-2.050005E+1
-2.050005E+1
-2.050005E+1
-2.050005E+1
-2.050005E+1
-2.050005E+1
-2.050005E+1
-2.050005E+1
-2.050005E+1
-2.050005E+1
-2.050005E+1
-1.238271E+1
-1.072749E+1
-9.863128E+0
-9.322168E+0
-8.950258E+0
-8.690068E+0
-8.500438E+0
-8.366668E+0
-8.263768E+0
-8.187328E+0
-8.121178E+0
-8.077078E+0
-8.049148E+0
-8.041798E+0
-8.049148E+0
-8.084428E+0
-8.143228E+0
-8.224078E+0
-8.325508E+0
-8.448988E+0
-8.607748E+0
-8.797378E+0
-9.004648E+0
-9.247198E+0
-9.519148E+0
-9.799918E+0
-1.006746E+1
-1.027326E+1
-1.045554E+1
-1.056579E+1
-1.065693E+1
-1.072749E+1
-1.080099E+1
-1.085244E+1
-1.090389E+1
-1.093035E+1
-1.085244E+1
-1.065693E+1
-1.037322E+1
-1.003218E+1
-9.707308E+0
-9.438298E+0
-9.222208E+0
-9.082558E+0
-9.026698E+0
-9.038458E+0
-9.116368E+0
-9.235438E+0
-9.385378E+0
-9.561778E+0
-9.738178E+0
-9.946918E+0
-1.019535E+1
-1.052169E+1
-1.098327E+1
-1.171974E+1
-1.304274E+1
-1.899477E+1
-2.050005E+1
-2.050005E+1
-2.050005E+1
-2.050005E+1
-2.050005E+1
-2.050005E+1
-2.050005E+1
-2.050005E+1
-2.050005E+1
-2.050005E+1
-2.050005E+1
-2.050005E+1
-2.050005E+1
-2.050005E+1
-2.050005E+1
-2.050005E+1
-2.050005E+1
-2.050005E+1
-2.050005E+1
-2.050005E+1
-2.050005E+1
-2.050005E+1
-2.050005E+1
-2.050005E+1
-2.050005E+1
-2.050005E+1
-2.050005E+1
-2.050005E+1
-2.050005E+1
-2.050005E+1
-2.050005E+1
-2.050005E+1
-2.050005E+1
-2.050005E+1
-2.050005E+1
-2.050005E+1
-2.050005E+1
-2.050005E+1
-2.050005E+1
-2.050005E+1
-2.050005E+1
-2.050005E+1
-2.050005E+1
-2.050005E+1
-2.050005E+1
-2.050005E+1
-2.050005E+1
-2.050005E+1
-2.050005E+1
-2.050005E+1
-2.050005E+1
-2.050005E+1
-2.050005E+1
-2.050005E+1
-2.050005E+1
-2.050005E+1
-2.050005E+1
-2.050005E+1
-2.050005E+1
-2.050005E+1
-2.050005E+1
-2.050005E+1
-2.050005E+1
-2.050005E+1
-2.050005E+1
-2.050005E+1
-2.050005E+1
-2.050005E+1
-2.050005E+1
-2.050005E+1
-2.050005E+1
-2.050005E+1
-2.050005E+1
-2.050005E+1
-2.050005E+1
-2.050005E+1
-2.050005E+1
-2.050005E+1
-2.050005E+1
-2.050005E+1
-1.899477E+1
-1.572843E+1
-1.434663E+1
-1.351020E+1
-1.284135E+1
-1.228275E+1
-1.187850E+1
-1.157274E+1
-1.140222E+1
-1.133607E+1
-1.140222E+1
-1.168152E+1
-1.213869E+1
-1.297365E+1
-1.461858E+1
-2.050005E+1
-2.050005E+1
-2.050005E+1
-2.050005E+1
-2.050005E+1
-2.050005E+1
-2.050005E+1
-2.050005E+1
-2.050005E+1
-2.050005E+1
-2.050005E+1
-2.050005E+1
-2.050005E+1
-2.050005E+1
-2.050005E+1
-2.050005E+1
-2.050005E+1
-2.050005E+1
-1.422315E+1
-1.254441E+1
-1.200492E+1
-1.191966E+1
-1.228275E+1
-1.318680E+1
-1.572843E+1
-2.050005E+1
-2.050005E+1
-2.050005E+1
-2.050005E+1
-2.050005E+1
-2.050005E+1
-2.050005E+1
-2.050005E+1
-2.050005E+1
-2.050005E+1
-2.050005E+1
-2.050005E+1
-2.050005E+1
-2.050005E+1
-2.050005E+1
-1.422315E+1
-1.304274E+1
-1.260027E+1
-1.260027E+1
-1.311330E+1
-1.493022E+1
-2.050005E+1
-2.050005E+1
-2.050005E+1
-2.050005E+1
-2.050005E+1
-2.050005E+1
-2.050005E+1
-2.050005E+1
-2.050005E+1
-2.050005E+1
-2.050005E+1
-2.050005E+1
-2.050005E+1
-2.050005E+1
-2.050005E+1
-2.050005E+1
-2.050005E+1
-2.050005E+1
-2.050005E+1
-2.050005E+1
-2.050005E+1
-2.050005E+1
-2.050005E+1
-2.050005E+1
-2.050005E+1
-2.050005E+1
-2.050005E+1
-2.050005E+1
-2.050005E+1
-1.461858E+1
-1.238271E+1
-1.168152E+1
-1.153746E+1
-1.183734E+1
-1.271787E+1
-1.493022E+1
-2.050005E+1
-2.050005E+1
-2.050005E+1
-2.050005E+1
-2.050005E+1
-2.050005E+1
-2.050005E+1
-2.050005E+1
-2.050005E+1
-2.050005E+1
-2.050005E+1
-2.050005E+1
-2.050005E+1
-2.050005E+1
-2.050005E+1
-2.050005E+1
-2.050005E+1
-2.050005E+1
-2.050005E+1
-2.050005E+1
-2.050005E+1
-2.050005E+1
-2.050005E+1
-2.050005E+1
-2.050005E+1
-2.050005E+1
-2.050005E+1
-2.050005E+1
-2.050005E+1
-2.050005E+1
-2.050005E+1
-2.050005E+1
-2.050005E+1
-2.050005E+1
-2.050005E+1
-2.050005E+1
-2.050005E+1
-2.050005E+1
-2.050005E+1
-2.050005E+1
-2.050005E+1
-2.050005E+1
-2.050005E+1
-2.050005E+1
-2.050005E+1
-2.050005E+1
-1.899477E+1
-2.050005E+1
-2.050005E+1
-2.050005E+1
-2.050005E+1
-2.050005E+1
-2.050005E+1
-2.050005E+1
-2.050005E+1
-2.050005E+1
-2.050005E+1
-2.050005E+1
-2.050005E+1
-2.050005E+1
-2.050005E+1
-2.050005E+1
-2.050005E+1
-2.050005E+1
-2.050005E+1
-2.050005E+1
-2.050005E+1
-2.050005E+1
-2.050005E+1
-2.050005E+1
-2.050005E+1
-2.050005E+1
-2.050005E+1
-2.050005E+1
-2.050005E+1
-1.410555E+1
-1.228275E+1
-1.143456E+1
-1.095681E+1
-1.070397E+1
-1.063341E+1
-1.072749E+1
-1.093035E+1
-1.118319E+1
-1.143456E+1
-1.157274E+1
-1.153746E+1
-1.130520E+1
-1.087743E+1
-1.043496E+1
-9.980728E+0
-9.589708E+0
-9.272188E+0
-9.016408E+0
-8.847358E+0
-8.767978E+0
-8.776798E+0
-8.878228E+0
-9.082558E+0
-9.411838E+0
-9.863128E+0
-1.052169E+1
-1.143456E+1
-1.277961E+1
-1.572843E+1
-2.050005E+1
-2.050005E+1
-2.050005E+1
-2.050005E+1
-2.050005E+1
-2.050005E+1
-1.811424E+1
-1.510368E+1
-1.410555E+1
-1.399383E+1
-1.476852E+1
-1.748949E+1
-2.050005E+1
-2.050005E+1
-2.050005E+1
-2.050005E+1
-2.050005E+1
-2.050005E+1
-2.050005E+1
-2.050005E+1
-2.050005E+1
-2.050005E+1
-2.050005E+1
-2.050005E+1
-2.050005E+1
-2.050005E+1
-2.050005E+1
-2.050005E+1
-2.050005E+1
-2.050005E+1
-2.050005E+1
-2.050005E+1
-2.050005E+1
-2.050005E+1
-2.050005E+1
-2.050005E+1
-2.050005E+1
-2.050005E+1
-2.050005E+1
-2.050005E+1
-2.050005E+1
-2.050005E+1
-2.050005E+1
-2.050005E+1
-2.050005E+1
-2.050005E+1
-2.050005E+1
-2.050005E+1
-2.050005E+1
-2.050005E+1
-2.050005E+1
-2.050005E+1
-2.050005E+1
-2.050005E+1
-2.050005E+1
-2.050005E+1
-2.050005E+1
-2.050005E+1
-2.050005E+1
-2.050005E+1
-2.050005E+1
-2.050005E+1
-2.050005E+1
-2.050005E+1
-2.050005E+1
-2.050005E+1
-2.050005E+1
-2.050005E+1
-1.572843E+1
-1.476852E+1
-1.493022E+1
-1.700439E+1
-2.050005E+1
-2.050005E+1
-2.050005E+1
-2.050005E+1
-2.050005E+1
-2.050005E+1
-2.050005E+1
-2.050005E+1
-2.050005E+1
-2.050005E+1
-2.050005E+1
-2.050005E+1
-2.050005E+1
-2.050005E+1
-2.050005E+1
-2.050005E+1
-1.549911E+1
-1.510368E+1
-1.627380E+1
-2.050005E+1
-2.050005E+1
-2.050005E+1
-2.050005E+1
-2.050005E+1
-2.050005E+1
-2.050005E+1
-2.050005E+1
-2.050005E+1
-2.050005E+1
-2.050005E+1
-2.050005E+1
-2.050005E+1
-2.050005E+1
-2.050005E+1
-2.050005E+1
-1.493022E+1
-1.223277E+1
-1.103913E+1
-1.023357E+1
-9.663208E+0
-9.247198E+0
-8.994358E+0
-8.878228E+0
-8.888518E+0
-9.048748E+0
-9.347158E+0
-9.816088E+0
-1.052169E+1
-1.153746E+1
-1.311330E+1
-1.627380E+1
-2.050005E+1
-2.050005E+1
-2.050005E+1
-2.050005E+1
-1.899477E+1
-1.529331E+1
-1.410555E+1
-1.369101E+1
-1.369101E+1
-1.434663E+1
-1.627380E+1
-2.050005E+1
-2.050005E+1
-2.050005E+1
-2.050005E+1
-2.050005E+1
-2.050005E+1
-2.050005E+1
-2.050005E+1
-2.050005E+1
-2.050005E+1
-2.050005E+1
-2.050005E+1
-2.050005E+1
-2.050005E+1
-2.050005E+1
-2.050005E+1
-2.050005E+1
-2.050005E+1
-2.050005E+1
-2.050005E+1
-2.050005E+1
-1.461858E+1
-1.318680E+1
-1.248855E+1
-1.218573E+1
-1.223277E+1
-1.271787E+1
-1.388799E+1
-2.050005E+1
-2.050005E+1
-2.050005E+1
-2.050005E+1
-2.050005E+1
-2.050005E+1
-2.050005E+1
-2.050005E+1
-2.050005E+1
-2.050005E+1
-2.050005E+1
-2.050005E+1
-1.811424E+1
-1.369101E+1
-1.254441E+1
-1.204902E+1
-1.191966E+1
-1.191966E+1
-1.209312E+1
-1.233273E+1
-1.248855E+1
-1.254441E+1
-1.254441E+1
-1.243563E+1
-1.243563E+1
-1.260027E+1
-1.311330E+1
-1.434663E+1
-2.050005E+1
-2.050005E+1
-2.050005E+1
-2.050005E+1
-2.050005E+1
-2.050005E+1
-2.050005E+1
-2.050005E+1
-2.050005E+1
-2.050005E+1
-2.050005E+1
-2.050005E+1
-2.050005E+1
-2.050005E+1
-2.050005E+1
-2.050005E+1
-2.050005E+1
-2.050005E+1
-2.050005E+1
-2.050005E+1
-2.050005E+1
-2.050005E+1
-2.050005E+1
-2.050005E+1
-2.050005E+1
-2.050005E+1
-2.050005E+1
-2.050005E+1
-2.050005E+1
-2.050005E+1
-2.050005E+1
-2.050005E+1
-1.899477E+1
-1.572843E+1
-1.493022E+1
-1.447893E+1
-1.461858E+1
-1.510368E+1
-1.700439E+1
-2.050005E+1
-2.050005E+1
-2.050005E+1
-2.050005E+1
-2.050005E+1
-2.050005E+1
-2.050005E+1
-2.050005E+1
-2.050005E+1
-2.050005E+1
-2.050005E+1
-2.050005E+1
-2.050005E+1
-2.050005E+1
-2.050005E+1
-2.050005E+1
-2.050005E+1
-1.233273E+1
-1.087743E+1
-1.010274E+1
-9.589708E+0
-9.235438E+0
-8.982598E+0
-8.797378E+0
-8.653318E+0
-8.553358E+0
-8.482798E+0
-8.448988E+0
-8.448988E+0
-8.466628E+0
-8.509258E+0
-8.579818E+0
-8.670958E+0
-8.816488E+0
-9.004648E+0
-9.272188E+0
-9.619108E+0
-1.008510E+1
-1.072749E+1
-1.168152E+1
-1.326324E+1
-2.050005E+1
-2.050005E+1
-2.050005E+1
-2.050005E+1
-2.050005E+1
-2.050005E+1
-2.050005E+1
-2.050005E+1
-1.510368E+1
-1.359840E+1
-1.326324E+1
-1.410555E+1
-2.050005E+1
-2.050005E+1
-2.050005E+1
-2.050005E+1
-2.050005E+1
-2.050005E+1
-2.050005E+1
-2.050005E+1
-2.050005E+1
-2.050005E+1
-2.050005E+1
-2.050005E+1
-2.050005E+1
-2.050005E+1
-2.050005E+1
-2.050005E+1
-2.050005E+1
-2.050005E+1
-2.050005E+1
-2.050005E+1
-2.050005E+1
-2.050005E+1
-2.050005E+1
-2.050005E+1
-2.050005E+1
-2.050005E+1
-2.050005E+1
-2.050005E+1
-2.050005E+1
-2.050005E+1
-2.050005E+1
-2.050005E+1
-2.050005E+1
-2.050005E+1
-2.050005E+1
-2.050005E+1
-2.050005E+1
-2.050005E+1
-2.050005E+1
-2.050005E+1
-2.050005E+1
-2.050005E+1
-2.050005E+1
-2.050005E+1
-2.050005E+1
-2.050005E+1
-2.050005E+1
-2.050005E+1
-2.050005E+1
-1.351020E+1
-1.157274E+1
-1.068045E+1
-1.023357E+1
-1.003218E+1
-1.004982E+1
-1.025268E+1
-1.068045E+1
-1.143456E+1
-1.284135E+1
-2.050005E+1
-2.050005E+1
-2.050005E+1
-2.050005E+1
-2.050005E+1
-2.050005E+1
-2.050005E+1
-2.050005E+1
-2.050005E+1
-2.050005E+1
-2.050005E+1
-2.050005E+1
-2.050005E+1
-2.050005E+1
-2.050005E+1
-2.050005E+1
-2.050005E+1
-2.050005E+1
-2.050005E+1
-2.050005E+1
-1.811424E+1
-1.493022E+1
-1.359840E+1
-1.260027E+1
-1.196082E+1
-1.150218E+1
-1.118319E+1
-1.103913E+1
-1.101120E+1
-1.106706E+1
-1.124346E+1
-1.150218E+1
-1.183734E+1
-1.213869E+1
-1.243563E+1
-1.254441E+1
-1.248855E+1
-1.228275E+1
-1.196082E+1
-1.164477E+1
-1.136841E+1
-1.109499E+1
-1.087743E+1
-1.068045E+1
-1.049964E+1
-1.031148E+1
-1.013949E+1
-1.001454E+1
-9.929278E+0
-9.913108E+0
-9.996898E+0
-1.019535E+1
-1.056579E+1
-1.121259E+1
-1.228275E+1
-1.510368E+1
-2.050005E+1
-2.050005E+1
-2.050005E+1
-2.050005E+1
-2.050005E+1
-2.050005E+1
-2.050005E+1
-2.050005E+1
-2.050005E+1
-2.050005E+1
-2.050005E+1
-2.050005E+1
-2.050005E+1
-2.050005E+1
-2.050005E+1
-2.050005E+1
-2.050005E+1
-2.050005E+1
-2.050005E+1
-2.050005E+1
-2.050005E+1
-2.050005E+1
-2.050005E+1
-2.050005E+1
-2.050005E+1
-2.050005E+1
-2.050005E+1
-2.050005E+1
-2.050005E+1
-2.050005E+1
-2.050005E+1
-1.369101E+1
-1.157274E+1
-1.031148E+1
-9.411838E+0
-8.738578E+0
-8.247598E+0
-7.899208E+0
-7.687528E+0
-7.594918E+0
-7.622848E+0
-7.772788E+0
-8.056498E+0
-8.500438E+0
-9.163408E+0
-1.015860E+1
-1.200492E+1
-2.050005E+1
-2.050005E+1
-2.050005E+1
-2.050005E+1
-2.050005E+1
-2.050005E+1
-2.050005E+1
-2.050005E+1
-2.050005E+1
-2.050005E+1
-2.050005E+1
-2.050005E+1
-2.050005E+1
-2.050005E+1
-2.050005E+1
-2.050005E+1
-2.050005E+1
-2.050005E+1
-2.050005E+1
-1.529331E+1
-1.342494E+1
-1.277961E+1
-1.265907E+1
-1.297365E+1
-1.369101E+1
-1.529331E+1
-2.050005E+1
-2.050005E+1
-2.050005E+1
-2.050005E+1
-2.050005E+1
-2.050005E+1
-2.050005E+1
-2.050005E+1
-2.050005E+1
-2.050005E+1
-2.050005E+1
-2.050005E+1
-2.050005E+1
-2.050005E+1
-2.050005E+1
-2.050005E+1
-2.050005E+1
-2.050005E+1
-2.050005E+1
-2.050005E+1
-2.050005E+1
-2.050005E+1
-2.050005E+1
-1.378803E+1
-1.124346E+1
-1.019535E+1
-9.561778E+0
-9.186928E+0
-8.950258E+0
-8.847358E+0
-8.847358E+0
-8.929678E+0
-9.094318E+0
-9.333928E+0
-9.663208E+0
-1.008510E+1
-1.068045E+1
-1.153746E+1
-1.297365E+1
-2.050005E+1
-2.050005E+1
-2.050005E+1
-2.050005E+1
-2.050005E+1
-2.050005E+1
-2.050005E+1
-2.050005E+1
-2.050005E+1
-2.050005E+1
-2.050005E+1
-2.050005E+1
-2.050005E+1
-2.050005E+1
-2.050005E+1
-2.050005E+1
-2.050005E+1
-2.050005E+1
-2.050005E+1
-1.811424E+1
-1.461858E+1
-1.369101E+1
-1.342494E+1
-1.351020E+1
-1.399383E+1
-1.461858E+1
-1.549911E+1
-1.598421E+1
-1.572843E+1
-1.461858E+1
-1.369101E+1
-1.297365E+1
-1.254441E+1
-1.243563E+1
-1.265907E+1
-1.342494E+1
-1.660896E+1
-2.050005E+1
-2.050005E+1
-2.050005E+1
-2.050005E+1
-2.050005E+1
-2.050005E+1
-2.050005E+1
-2.050005E+1
-2.050005E+1
-2.050005E+1
-2.050005E+1
-2.050005E+1
-2.050005E+1
-1.351020E+1
-1.175796E+1
-1.093035E+1
-1.037322E+1
-1.001454E+1
-9.752878E+0
-9.575008E+0
-9.492688E+0
-9.492688E+0
-9.589708E+0
-9.816088E+0
-1.023357E+1
-1.093035E+1
-1.213869E+1
-1.549911E+1
-2.050005E+1
-2.050005E+1
-2.050005E+1
-2.050005E+1
-2.050005E+1
-2.050005E+1
-2.050005E+1
-2.050005E+1
-2.050005E+1
-2.050005E+1
-1.334262E+1
-1.124346E+1
-1.013949E+1
-9.398608E+0
-8.857648E+0
-8.466628E+0
-8.202028E+0
-8.041798E+0
-7.993288E+0
-8.041798E+0
-8.194678E+0
-8.457808E+0
-8.867938E+0
-9.425068E+0
-1.023357E+1
-1.150218E+1
-1.434663E+1
-2.050005E+1
-2.050005E+1
-2.050005E+1
-2.050005E+1
-2.050005E+1
-2.050005E+1
-2.050005E+1
-2.050005E+1
-1.510368E+1
-1.271787E+1
-1.175796E+1
-1.127433E+1
-1.098327E+1
-1.087743E+1
-1.087743E+1
-1.090389E+1
-1.095681E+1
-1.098327E+1
-1.098327E+1
-1.095681E+1
-1.095681E+1
-1.093035E+1
-1.098327E+1
-1.106706E+1
-1.124346E+1
-1.150218E+1
-1.187850E+1
-1.228275E+1
-1.271787E+1
-1.318680E+1
-1.351020E+1
-1.351020E+1
-1.334262E+1
-1.304274E+1
-1.271787E+1
-1.243563E+1
-1.233273E+1
-1.238271E+1
-1.271787E+1
-1.334262E+1
-1.476852E+1
-2.050005E+1
-2.050005E+1
-2.050005E+1
-2.050005E+1
-2.050005E+1
-2.050005E+1
-2.050005E+1
-2.050005E+1
-2.050005E+1
-1.572843E+1
-1.334262E+1
-1.233273E+1
-1.179765E+1
-1.153746E+1
-1.153746E+1
-1.179765E+1
-1.238271E+1
-1.342494E+1
-1.598421E+1
-2.050005E+1
-2.050005E+1
-2.050005E+1
-2.050005E+1
-2.050005E+1
-2.050005E+1
-2.050005E+1
-2.050005E+1
-2.050005E+1
-2.050005E+1
-2.050005E+1
-2.050005E+1
-2.050005E+1
-2.050005E+1
-2.050005E+1
-1.899477E+1
-2.050005E+1
-2.050005E+1
-2.050005E+1
-2.050005E+1
-2.050005E+1
-2.050005E+1
-2.050005E+1
-2.050005E+1
-2.050005E+1
-2.050005E+1
-2.050005E+1
-2.050005E+1
-2.050005E+1
-2.050005E+1
-2.050005E+1
-2.050005E+1
-2.050005E+1
-2.050005E+1
-2.050005E+1
-2.050005E+1
-2.050005E+1
-2.050005E+1
-1.748949E+1
-1.447893E+1
-1.342494E+1
-1.271787E+1
-1.228275E+1
-1.191966E+1
-1.160802E+1
-1.133607E+1
-1.109499E+1
-1.093035E+1
-1.082745E+1
-1.080099E+1
-1.087743E+1
-1.106706E+1
-1.140222E+1
-1.191966E+1
-1.260027E+1
-1.342494E+1
-1.434663E+1
-1.476852E+1
-1.422315E+1
-1.334262E+1
-1.243563E+1
-1.168152E+1
-1.115379E+1
-1.080099E+1
-1.058784E+1
-1.054374E+1
-1.065693E+1
-1.093035E+1
-1.150218E+1
-1.248855E+1
-1.510368E+1
-2.050005E+1
-2.050005E+1
-2.050005E+1
-2.050005E+1
-2.050005E+1
-2.050005E+1
-2.050005E+1
-2.050005E+1
-2.050005E+1
-2.050005E+1
-2.050005E+1
-2.050005E+1
-2.050005E+1
-2.050005E+1
-2.050005E+1
-2.050005E+1
-2.050005E+1
-2.050005E+1
-1.476852E+1
-1.200492E+1
-1.072749E+1
-9.913108E+0
-9.347158E+0
-8.939968E+0
-8.653318E+0
-8.475448E+0
-8.374018E+0
-8.350498E+0
-8.391658E+0
-8.482798E+0
-8.625388E+0
-8.826778E+0
-9.104608E+0
-9.477988E+0
-9.996898E+0
-1.077747E+1
-1.209312E+1
-1.660896E+1
-2.050005E+1
-2.050005E+1
-2.050005E+1
-2.050005E+1
-2.050005E+1
-2.050005E+1
-2.050005E+1
-2.050005E+1
-2.050005E+1
-2.050005E+1
-2.050005E+1
-2.050005E+1
-2.050005E+1
-2.050005E+1
-2.050005E+1
-2.050005E+1
-2.050005E+1
-2.050005E+1
-2.050005E+1
-2.050005E+1
-1.510368E+1
-1.248855E+1
-1.136841E+1
-1.077747E+1
-1.047759E+1
-1.041438E+1
-1.056579E+1
-1.095681E+1
-1.160802E+1
-1.265907E+1
-1.447893E+1
-2.050005E+1
-2.050005E+1
-2.050005E+1
-2.050005E+1
-2.050005E+1
-2.050005E+1
-2.050005E+1
-2.050005E+1
-2.050005E+1
-2.050005E+1
-2.050005E+1
-2.050005E+1
-2.050005E+1
-2.050005E+1
-2.050005E+1
-2.050005E+1
-2.050005E+1
-2.050005E+1
-2.050005E+1
-2.050005E+1
-2.050005E+1
-2.050005E+1
-2.050005E+1
-2.050005E+1
-2.050005E+1
-2.050005E+1
-2.050005E+1
-2.050005E+1
-2.050005E+1
-2.050005E+1
-2.050005E+1
-2.050005E+1
-2.050005E+1
-2.050005E+1
-2.050005E+1
-2.050005E+1
-2.050005E+1
-2.050005E+1
-2.050005E+1
-2.050005E+1
-2.050005E+1
-2.050005E+1
-2.050005E+1
-2.050005E+1
-2.050005E+1
-2.050005E+1
-2.050005E+1
-2.050005E+1
-2.050005E+1
-2.050005E+1
-2.050005E+1
-2.050005E+1
-2.050005E+1
-2.050005E+1
-2.050005E+1
-2.050005E+1
-2.050005E+1
-2.050005E+1
-2.050005E+1
-2.050005E+1
-2.050005E+1
-2.050005E+1
-2.050005E+1
-2.050005E+1
-2.050005E+1
-2.050005E+1
-2.050005E+1
-2.050005E+1
-2.050005E+1
-2.050005E+1
-2.050005E+1
-2.050005E+1
-2.050005E+1
-2.050005E+1
-2.050005E+1
-2.050005E+1
-2.050005E+1
-2.050005E+1
-2.050005E+1
-2.050005E+1
-2.050005E+1
-2.050005E+1
-2.050005E+1
-2.050005E+1
-2.050005E+1
-1.598421E+1
-1.243563E+1
-1.136841E+1
-1.087743E+1
-1.068045E+1
-1.072749E+1
-1.101120E+1
-1.160802E+1
-1.284135E+1
-1.811424E+1
-2.050005E+1
-2.050005E+1
-2.050005E+1
-2.050005E+1
-2.050005E+1
-2.050005E+1
-2.050005E+1
-2.050005E+1
-2.050005E+1
-2.050005E+1
-2.050005E+1
-2.050005E+1
-2.050005E+1
-1.434663E+1
-1.171974E+1
-1.072749E+1
-1.019535E+1
-9.896938E+0
-9.752878E+0
-9.752878E+0
-9.830788E+0
-1.001454E+1
-1.029237E+1
-1.065693E+1
-1.118319E+1
-1.196082E+1
-1.318680E+1
-1.627380E+1
-2.050005E+1
-2.050005E+1
-2.050005E+1
-2.050005E+1
-2.050005E+1
-2.050005E+1
-2.050005E+1
-2.050005E+1
-2.050005E+1
-2.050005E+1
-2.050005E+1
-2.050005E+1
-2.050005E+1
-1.748949E+1
-1.318680E+1
-1.183734E+1
-1.101120E+1
-1.045554E+1
-1.008510E+1
-9.846958E+0
-9.707308E+0
-9.677908E+0
-9.752878E+0
-9.946918E+0
-1.025268E+1
-1.070397E+1
-1.133607E+1
-1.223277E+1
-1.351020E+1
-1.598421E+1
-2.050005E+1
-2.050005E+1
-2.050005E+1
-2.050005E+1
-2.050005E+1
-2.050005E+1
-2.050005E+1
-2.050005E+1
-2.050005E+1
-2.050005E+1
-2.050005E+1
-2.050005E+1
-2.050005E+1
-2.050005E+1
-2.050005E+1
-2.050005E+1
-2.050005E+1
-1.572843E+1
-1.304274E+1
-1.191966E+1
-1.118319E+1
-1.068045E+1
-1.027326E+1
-9.946918E+0
-9.707308E+0
-9.519148E+0
-9.385378E+0
-9.308938E+0
-9.295708E+0
-9.347158E+0
-9.477988E+0
-9.692608E+0
-1.001454E+1
-1.047759E+1
-1.112439E+1
-1.209312E+1
-1.399383E+1
-2.050005E+1
-2.050005E+1
-2.050005E+1
-2.050005E+1
-2.050005E+1
-2.050005E+1
-2.050005E+1
-2.050005E+1
-2.050005E+1
-2.050005E+1
-2.050005E+1
-2.050005E+1
-2.050005E+1
-2.050005E+1
-2.050005E+1
-2.050005E+1
-2.050005E+1
-2.050005E+1
-2.050005E+1
-2.050005E+1
-2.050005E+1
-2.050005E+1
-2.050005E+1
-2.050005E+1
-2.050005E+1
-2.050005E+1
-2.050005E+1
-2.050005E+1
-2.050005E+1
-2.050005E+1
-2.050005E+1
-2.050005E+1
-2.050005E+1
-2.050005E+1
-2.050005E+1
-2.050005E+1
-2.050005E+1
-2.050005E+1
-2.050005E+1
-2.050005E+1
-2.050005E+1
-2.050005E+1
-2.050005E+1
-2.050005E+1
-2.050005E+1
-2.050005E+1
-2.050005E+1
-2.050005E+1
-2.050005E+1
-2.050005E+1
-2.050005E+1
-2.050005E+1
-2.050005E+1
-2.050005E+1
-2.050005E+1
-2.050005E+1
-2.050005E+1
-2.050005E+1
-2.050005E+1
-2.050005E+1
-2.050005E+1
-2.050005E+1
-2.050005E+1
-2.050005E+1
-2.050005E+1
-2.050005E+1
-2.050005E+1
-2.050005E+1
-2.050005E+1
-1.572843E+1
-1.297365E+1
-1.200492E+1
-1.153746E+1
-1.140222E+1
-1.143456E+1
-1.171974E+1
-1.213869E+1
-1.265907E+1
-1.318680E+1
-1.359840E+1
-1.369101E+1
-1.359840E+1
-1.326324E+1
-1.304274E+1
-1.297365E+1
-1.318680E+1
-1.388799E+1
-1.598421E+1
-2.050005E+1
-2.050005E+1
-2.050005E+1
-2.050005E+1
-2.050005E+1
-2.050005E+1
-2.050005E+1
-2.050005E+1
-2.050005E+1
-2.050005E+1
-2.050005E+1
-2.050005E+1
-1.598421E+1
-1.290750E+1
-1.171974E+1
-1.098327E+1
-1.052169E+1
-1.017624E+1
-9.980728E+0
-9.879298E+0
-9.896938E+0
-1.001454E+1
-1.025268E+1
-1.065693E+1
-1.130520E+1
-1.243563E+1
-1.510368E+1
-2.050005E+1
-2.050005E+1
-2.050005E+1
-2.050005E+1
-2.050005E+1
-2.050005E+1
-2.050005E+1
-2.050005E+1
-2.050005E+1
-2.050005E+1
-2.050005E+1
-2.050005E+1
-2.050005E+1
-2.050005E+1
-2.050005E+1
-2.050005E+1
-2.050005E+1
-2.050005E+1
-2.050005E+1
-1.359840E+1
-1.146837E+1
-1.047759E+1
-9.946918E+0
-9.692608E+0
-9.663208E+0
-9.863128E+0
-1.039380E+1
-1.146837E+1
-1.447893E+1
-2.050005E+1
-2.050005E+1
