Date/Time	2022-06-15 05:43:14
Line location	3
Line name	C1
OTDR wavelength [nm]	1550
OTDR pulse duration [ns]	2
OTDR scan time [s]	10
OTDR scan length [m]	1.500000E+2
Length offset [m]	0.000000E+0
Length increment [m]	3.996806E-2
Switch ID	VIAVI Solutions,OTU 8000E,11654,FO,16.76
OTDR ID	JDSU,OTU 8000E,11654,OTU(SmartOTU),V7.22

Reflected amplitude [dB]
1.024422E+0
9.656220E-1
8.935920E-1
8.245020E-1
7.671720E-1
7.230720E-1
6.877920E-1
6.686820E-1
6.686820E-1
6.951420E-1
7.598220E-1
8.715420E-1
1.018542E+0
1.184652E+0
1.336062E+0
1.456602E+0
1.546272E+0
1.609482E+0
1.655052E+0
1.680042E+0
1.671222E+0
1.624182E+0
1.553622E+0
1.459542E+0
1.343412E+0
1.212582E+0
1.069992E+0
9.215220E-1
7.730520E-1
6.304620E-1
4.996320E-1
3.835020E-1
2.850120E-1
2.041620E-1
1.365420E-1
7.921200E-2
3.217200E-2
-7.518000E-3
-4.132800E-2
-6.925800E-2
-9.277800E-2
-1.104180E-1
-1.265880E-1
-1.383480E-1
-1.486380E-1
-1.559880E-1
-1.633380E-1
-1.692180E-1
-1.736280E-1
-1.765680E-1
-1.795080E-1
-1.809780E-1
-1.853880E-1
-1.883280E-1
-1.942080E-1
-2.015580E-1
-2.118480E-1
-2.236080E-1
-2.368380E-1
-2.515380E-1
-2.677080E-1
-2.809380E-1
-2.941680E-1
-3.059280E-1
-3.147480E-1
-3.206280E-1
-3.250380E-1
-3.265080E-1
-3.250380E-1
-3.220980E-1
-3.162180E-1
-3.073980E-1
-2.941680E-1
-2.809380E-1
-2.632980E-1
-2.368380E-1
-1.912680E-1
-1.354080E-1
-8.248800E-2
-3.691800E-2
-1.680000E-4
2.923200E-2
4.834200E-2
6.010200E-2
6.157200E-2
5.569200E-2
4.540200E-2
2.923200E-2
1.302000E-3
-4.720800E-2
-1.074780E-1
-1.692180E-1
-2.250780E-1
-2.750580E-1
-3.162180E-1
-3.529680E-1
-3.823680E-1
-4.058880E-1
-4.264680E-1
-4.411680E-1
-4.529280E-1
-4.632180E-1
-4.720380E-1
-4.793880E-1
-4.852680E-1
-4.911480E-1
-4.970280E-1
-5.014380E-1
-5.073180E-1
-5.117280E-1
-5.146680E-1
-5.190780E-1
-5.220180E-1
-5.264280E-1
-5.293680E-1
-5.308380E-1
-5.337780E-1
-5.352480E-1
-5.367180E-1
-5.381880E-1
-5.396580E-1
-5.411280E-1
-5.425980E-1
-5.440680E-1
-5.455380E-1
-5.470080E-1
-5.470080E-1
-5.470080E-1
-5.470080E-1
-5.440680E-1
-5.425980E-1
-5.396580E-1
-5.352480E-1
-5.323080E-1
-5.293680E-1
-5.278980E-1
-5.278980E-1
-5.278980E-1
-5.308380E-1
-5.337780E-1
-5.381880E-1
-5.425980E-1
-5.470080E-1
-5.470080E-1
-5.455380E-1
-5.381880E-1
-5.264280E-1
-5.102580E-1
-4.896780E-1
-4.676280E-1
-4.352880E-1
-3.838380E-1
-3.147480E-1
-2.338980E-1
-1.515780E-1
-7.954800E-2
-2.221800E-2
2.188200E-2
5.569200E-2
7.921200E-2
9.244200E-2
9.685200E-2
9.097200E-2
7.333200E-2
4.540200E-2
1.012200E-2
-2.809800E-2
-6.484800E-2
-1.015980E-1
-1.368780E-1
-1.692180E-1
-2.000880E-1
-2.280180E-1
-2.530080E-1
-2.750580E-1
-2.941680E-1
-3.118080E-1
-3.265080E-1
-3.397380E-1
-3.500280E-1
-3.588480E-1
-3.661980E-1
-3.720780E-1
-3.750180E-1
-3.779580E-1
-3.779580E-1
-3.794280E-1
-3.779580E-1
-3.779580E-1
-3.779580E-1
-3.779580E-1
-3.794280E-1
-3.823680E-1
-3.867780E-1
-3.911880E-1
-3.970680E-1
-4.029480E-1
-4.073580E-1
-4.117680E-1
-4.147080E-1
-4.147080E-1
-4.132380E-1
-4.102980E-1
-4.058880E-1
-4.000080E-1
-3.970680E-1
-3.926580E-1
-3.911880E-1
-3.911880E-1
-3.926580E-1
-3.955980E-1
-4.000080E-1
-4.029480E-1
-4.073580E-1
-4.102980E-1
-4.132380E-1
-4.147080E-1
-4.147080E-1
-4.147080E-1
-4.132380E-1
-4.102980E-1
-4.073580E-1
-4.029480E-1
-3.985380E-1
-3.941280E-1
-3.882480E-1
-3.838380E-1
-3.794280E-1
-3.750180E-1
-3.706080E-1
-3.691380E-1
-3.676680E-1
-3.676680E-1
-3.676680E-1
-3.691380E-1
-3.706080E-1
-3.720780E-1
-3.750180E-1
-3.764880E-1
-3.794280E-1
-3.823680E-1
-3.853080E-1
-3.882480E-1
-3.911880E-1
-3.926580E-1
-3.941280E-1
-3.941280E-1
-3.926580E-1
-3.897180E-1
-3.853080E-1
-3.823680E-1
-3.779580E-1
-3.750180E-1
-3.720780E-1
-3.691380E-1
-3.661980E-1
-3.632580E-1
-3.603180E-1
-3.573780E-1
-3.529680E-1
-3.485580E-1
-3.456180E-1
-3.412080E-1
-3.397380E-1
-3.382680E-1
-3.397380E-1
-3.426780E-1
-3.470880E-1
-3.529680E-1
-3.603180E-1
-3.661980E-1
-3.750180E-1
-3.823680E-1
-3.897180E-1
-3.985380E-1
-4.073580E-1
-4.161780E-1
-4.235280E-1
-4.308780E-1
-4.382280E-1
-4.411680E-1
-4.441080E-1
-4.426380E-1
-4.411680E-1
-4.352880E-1
-4.308780E-1
-4.235280E-1
-4.176480E-1
-4.117680E-1
-4.073580E-1
-4.044180E-1
-4.029480E-1
-4.014780E-1
-4.014780E-1
-4.029480E-1
-4.044180E-1
-4.058880E-1
-4.058880E-1
-4.073580E-1
-4.073580E-1
-4.058880E-1
-4.044180E-1
-4.014780E-1
-3.970680E-1
-3.926580E-1
-3.882480E-1
-3.823680E-1
-3.764880E-1
-3.720780E-1
-3.691380E-1
-3.661980E-1
-3.647280E-1
-3.647280E-1
-3.661980E-1
-3.661980E-1
-3.676680E-1
-3.676680E-1
-3.676680E-1
-3.676680E-1
-3.661980E-1
-3.661980E-1
-3.647280E-1
-3.632580E-1
-3.632580E-1
-3.647280E-1
-3.647280E-1
-3.676680E-1
-3.691380E-1
-3.720780E-1
-3.735480E-1
-3.764880E-1
-3.779580E-1
-3.779580E-1
-3.779580E-1
-3.779580E-1
-3.764880E-1
-3.764880E-1
-3.750180E-1
-3.764880E-1
-3.764880E-1
-3.779580E-1
-3.808980E-1
-3.853080E-1
-3.897180E-1
-3.941280E-1
-3.985380E-1
-4.029480E-1
-4.058880E-1
-4.088280E-1
-4.102980E-1
-4.117680E-1
-4.102980E-1
-4.088280E-1
-4.073580E-1
-4.058880E-1
-4.044180E-1
-4.029480E-1
-4.044180E-1
-4.044180E-1
-4.058880E-1
-4.088280E-1
-4.102980E-1
-4.117680E-1
-4.132380E-1
-4.147080E-1
-4.147080E-1
-4.161780E-1
-4.161780E-1
-4.176480E-1
-4.191180E-1
-4.205880E-1
-4.220580E-1
-4.220580E-1
-4.235280E-1
-4.220580E-1
-4.220580E-1
-4.205880E-1
-4.176480E-1
-4.161780E-1
-4.132380E-1
-4.117680E-1
-4.102980E-1
-4.073580E-1
-4.058880E-1
-4.044180E-1
-4.014780E-1
-3.985380E-1
-3.955980E-1
-3.926580E-1
-3.882480E-1
-3.853080E-1
-3.823680E-1
-3.808980E-1
-3.794280E-1
-3.779580E-1
-3.794280E-1
-3.794280E-1
-3.808980E-1
-3.838380E-1
-3.867780E-1
-3.911880E-1
-3.955980E-1
-4.000080E-1
-4.058880E-1
-4.132380E-1
-4.191180E-1
-4.264680E-1
-4.323480E-1
-4.382280E-1
-4.426380E-1
-4.470480E-1
-4.485180E-1
-4.485180E-1
-4.470480E-1
-4.441080E-1
-4.411680E-1
-4.367580E-1
-4.338180E-1
-4.294080E-1
-4.279380E-1
-4.249980E-1
-4.235280E-1
-4.220580E-1
-4.205880E-1
-4.191180E-1
-4.176480E-1
-4.176480E-1
-4.161780E-1
-4.161780E-1
-4.176480E-1
-4.176480E-1
-4.176480E-1
-4.161780E-1
-4.147080E-1
-4.117680E-1
-4.073580E-1
-4.014780E-1
-3.955980E-1
-3.897180E-1
-3.853080E-1
-3.808980E-1
-3.764880E-1
-3.735480E-1
-3.706080E-1
-3.691380E-1
-3.676680E-1
-3.676680E-1
-3.676680E-1
-3.676680E-1
-3.706080E-1
-3.720780E-1
-3.750180E-1
-3.779580E-1
-3.794280E-1
-3.808980E-1
-3.823680E-1
-3.823680E-1
-3.808980E-1
-3.808980E-1
-3.794280E-1
-3.779580E-1
-3.779580E-1
-3.779580E-1
-3.764880E-1
-3.764880E-1
-3.750180E-1
-3.750180E-1
-3.735480E-1
-3.720780E-1
-3.691380E-1
-3.676680E-1
-3.647280E-1
-3.617880E-1
-3.603180E-1
-3.573780E-1
-3.559080E-1
-3.529680E-1
-3.529680E-1
-3.514980E-1
-3.529680E-1
-3.529680E-1
-3.544380E-1
-3.573780E-1
-3.603180E-1
-3.647280E-1
-3.691380E-1
-3.735480E-1
-3.794280E-1
-3.853080E-1
-3.926580E-1
-3.985380E-1
-4.058880E-1
-4.102980E-1
-4.147080E-1
-4.176480E-1
-4.191180E-1
-4.176480E-1
-4.147080E-1
-4.117680E-1
-4.073580E-1
-4.044180E-1
-4.029480E-1
-4.000080E-1
-4.000080E-1
-3.985380E-1
-3.970680E-1
-3.941280E-1
-3.897180E-1
-3.838380E-1
-3.794280E-1
-3.735480E-1
-3.676680E-1
-3.632580E-1
-3.603180E-1
-3.588480E-1
-3.588480E-1
-3.603180E-1
-3.647280E-1
-3.691380E-1
-3.750180E-1
-3.808980E-1
-3.867780E-1
-3.926580E-1
-3.985380E-1
-4.029480E-1
-4.073580E-1
-4.117680E-1
-4.161780E-1
-4.191180E-1
-4.235280E-1
-4.264680E-1
-4.294080E-1
-4.308780E-1
-4.323480E-1
-4.338180E-1
-4.338180E-1
-4.323480E-1
-4.308780E-1
-4.294080E-1
-4.264680E-1
-4.249980E-1
-4.220580E-1
-4.191180E-1
-4.176480E-1
-4.176480E-1
-4.176480E-1
-4.176480E-1
-4.176480E-1
-4.191180E-1
-4.191180E-1
-4.191180E-1
-4.191180E-1
-4.176480E-1
-4.147080E-1
-4.117680E-1
-4.073580E-1
-4.014780E-1
-3.955980E-1
-3.897180E-1
-3.838380E-1
-3.779580E-1
-3.735480E-1
-3.691380E-1
-3.661980E-1
-3.647280E-1
-3.661980E-1
-3.676680E-1
-3.691380E-1
-3.720780E-1
-3.764880E-1
-3.808980E-1
-3.853080E-1
-3.897180E-1
-3.955980E-1
-4.000080E-1
-4.058880E-1
-4.117680E-1
-4.176480E-1
-4.235280E-1
-4.294080E-1
-4.367580E-1
-4.411680E-1
-4.470480E-1
-4.514580E-1
-4.529280E-1
-4.543980E-1
-4.529280E-1
-4.499880E-1
-4.455780E-1
-4.411680E-1
-4.338180E-1
-4.279380E-1
-4.205880E-1
-4.147080E-1
-4.102980E-1
-4.058880E-1
-4.044180E-1
-4.029480E-1
-4.029480E-1
-4.044180E-1
-4.058880E-1
-4.088280E-1
-4.117680E-1
-4.147080E-1
-4.176480E-1
-4.205880E-1
-4.235280E-1
-4.264680E-1
-4.308780E-1
-4.352880E-1
-4.396980E-1
-4.441080E-1
-4.470480E-1
-4.499880E-1
-4.499880E-1
-4.485180E-1
-4.441080E-1
-4.382280E-1
-4.323480E-1
-4.249980E-1
-4.176480E-1
-4.102980E-1
-4.044180E-1
-4.014780E-1
-3.985380E-1
-3.985380E-1
-3.985380E-1
-4.000080E-1
-4.014780E-1
-4.014780E-1
-4.014780E-1
-4.014780E-1
-3.985380E-1
-3.955980E-1
-3.911880E-1
-3.867780E-1
-3.838380E-1
-3.808980E-1
-3.779580E-1
-3.764880E-1
-3.764880E-1
-3.779580E-1
-3.808980E-1
-3.853080E-1
-3.897180E-1
-3.941280E-1
-3.970680E-1
-4.000080E-1
-4.014780E-1
-4.014780E-1
-4.000080E-1
-3.985380E-1
-3.970680E-1
-3.955980E-1
-3.941280E-1
-3.941280E-1
-3.955980E-1
-3.985380E-1
-4.029480E-1
-4.088280E-1
-4.147080E-1
-4.205880E-1
-4.264680E-1
-4.308780E-1
-4.338180E-1
-4.352880E-1
-4.352880E-1
-4.338180E-1
-4.308780E-1
-4.249980E-1
-4.191180E-1
-4.132380E-1
-4.073580E-1
-4.029480E-1
-4.000080E-1
-4.000080E-1
-4.000080E-1
-4.029480E-1
-4.073580E-1
-4.132380E-1
-4.176480E-1
-4.220580E-1
-4.264680E-1
-4.264680E-1
-4.249980E-1
-4.205880E-1
-4.161780E-1
-4.088280E-1
-4.014780E-1
-3.941280E-1
-3.882480E-1
-3.838380E-1
-3.794280E-1
-3.764880E-1
-3.750180E-1
-3.750180E-1
-3.750180E-1
-3.750180E-1
-3.764880E-1
-3.764880E-1
-3.764880E-1
-3.764880E-1
-3.750180E-1
-3.735480E-1
-3.720780E-1
-3.691380E-1
-3.661980E-1
-3.647280E-1
-3.632580E-1
-3.632580E-1
-3.647280E-1
-3.661980E-1
-3.676680E-1
-3.706080E-1
-3.750180E-1
-3.779580E-1
-3.808980E-1
-3.823680E-1
-3.853080E-1
-3.867780E-1
-3.882480E-1
-3.882480E-1
-3.882480E-1
-3.882480E-1
-3.882480E-1
-3.867780E-1
-3.853080E-1
-3.823680E-1
-3.808980E-1
-3.779580E-1
-3.750180E-1
-3.706080E-1
-3.676680E-1
-3.632580E-1
-3.617880E-1
-3.588480E-1
-3.573780E-1
-3.573780E-1
-3.588480E-1
-3.617880E-1
-3.647280E-1
-3.676680E-1
-3.706080E-1
-3.735480E-1
-3.750180E-1
-3.764880E-1
-3.764880E-1
-3.764880E-1
-3.764880E-1
-3.750180E-1
-3.750180E-1
-3.750180E-1
-3.750180E-1
-3.735480E-1
-3.735480E-1
-3.750180E-1
-3.750180E-1
-3.764880E-1
-3.779580E-1
-3.808980E-1
-3.838380E-1
-3.867780E-1
-3.897180E-1
-3.911880E-1
-3.926580E-1
-3.941280E-1
-3.926580E-1
-3.911880E-1
-3.897180E-1
-3.853080E-1
-3.823680E-1
-3.794280E-1
-3.764880E-1
-3.750180E-1
-3.735480E-1
-3.720780E-1
-3.735480E-1
-3.735480E-1
-3.735480E-1
-3.750180E-1
-3.750180E-1
-3.779580E-1
-3.808980E-1
-3.853080E-1
-3.926580E-1
-4.014780E-1
-4.102980E-1
-4.220580E-1
-4.323480E-1
-4.426380E-1
-4.499880E-1
-4.558680E-1
-4.588080E-1
-4.588080E-1
-4.573380E-1
-4.543980E-1
-4.499880E-1
-4.455780E-1
-4.426380E-1
-4.396980E-1
-4.367580E-1
-4.367580E-1
-4.352880E-1
-4.367580E-1
-4.367580E-1
-4.352880E-1
-4.338180E-1
-4.308780E-1
-4.279380E-1
-4.235280E-1
-4.176480E-1
-4.117680E-1
-4.058880E-1
-4.000080E-1
-3.970680E-1
-3.941280E-1
-3.926580E-1
-3.926580E-1
-3.926580E-1
-3.955980E-1
-3.970680E-1
-4.000080E-1
-4.029480E-1
-4.058880E-1
-4.102980E-1
-4.132380E-1
-4.147080E-1
-4.161780E-1
-4.176480E-1
-4.161780E-1
-4.147080E-1
-4.117680E-1
-4.073580E-1
-4.014780E-1
-3.941280E-1
-3.867780E-1
-3.808980E-1
-3.735480E-1
-3.691380E-1
-3.647280E-1
-3.603180E-1
-3.588480E-1
-3.588480E-1
-3.603180E-1
-3.632580E-1
-3.676680E-1
-3.720780E-1
-3.779580E-1
-3.838380E-1
-3.897180E-1
-3.941280E-1
-4.000080E-1
-4.044180E-1
-4.088280E-1
-4.132380E-1
-4.161780E-1
-4.191180E-1
-4.205880E-1
-4.220580E-1
-4.235280E-1
-4.235280E-1
-4.235280E-1
-4.220580E-1
-4.205880E-1
-4.161780E-1
-4.117680E-1
-4.073580E-1
-4.014780E-1
-3.970680E-1
-3.911880E-1
-3.882480E-1
-3.867780E-1
-3.853080E-1
-3.867780E-1
-3.897180E-1
-3.941280E-1
-3.985380E-1
-4.044180E-1
-4.102980E-1
-4.161780E-1
-4.205880E-1
-4.235280E-1
-4.249980E-1
-4.235280E-1
-4.205880E-1
-4.161780E-1
-4.102980E-1
-4.044180E-1
-3.985380E-1
-3.926580E-1
-3.897180E-1
-3.867780E-1
-3.853080E-1
-3.853080E-1
-3.853080E-1
-3.853080E-1
-3.853080E-1
-3.853080E-1
-3.838380E-1
-3.823680E-1
-3.808980E-1
-3.794280E-1
-3.764880E-1
-3.750180E-1
-3.735480E-1
-3.720780E-1
-3.706080E-1
-3.676680E-1
-3.661980E-1
-3.632580E-1
-3.603180E-1
-3.588480E-1
-3.573780E-1
-3.573780E-1
-3.603180E-1
-3.632580E-1
-3.676680E-1
-3.735480E-1
-3.808980E-1
-3.867780E-1
-3.955980E-1
-4.014780E-1
-4.088280E-1
-4.132380E-1
-4.176480E-1
-4.205880E-1
-4.220580E-1
-4.235280E-1
-4.235280E-1
-4.220580E-1
-4.220580E-1
-4.205880E-1
-4.191180E-1
-4.176480E-1
-4.147080E-1
-4.132380E-1
-4.088280E-1
-4.058880E-1
-4.014780E-1
-3.970680E-1
-3.911880E-1
-3.867780E-1
-3.823680E-1
-3.794280E-1
-3.764880E-1
-3.750180E-1
-3.735480E-1
-3.735480E-1
-3.735480E-1
-3.735480E-1
-3.735480E-1
-3.735480E-1
-3.735480E-1
-3.735480E-1
-3.720780E-1
-3.720780E-1
-3.706080E-1
-3.706080E-1
-3.691380E-1
-3.676680E-1
-3.647280E-1
-3.617880E-1
-3.603180E-1
-3.573780E-1
-3.559080E-1
-3.544380E-1
-3.544380E-1
-3.559080E-1
-3.573780E-1
-3.603180E-1
-3.632580E-1
-3.676680E-1
-3.706080E-1
-3.720780E-1
-3.735480E-1
-3.735480E-1
-3.750180E-1
-3.750180E-1
-3.764880E-1
-3.794280E-1
-3.838380E-1
-3.911880E-1
-3.985380E-1
-4.073580E-1
-4.176480E-1
-4.264680E-1
-4.367580E-1
-4.455780E-1
-4.529280E-1
-4.588080E-1
-4.632180E-1
-4.661580E-1
-4.661580E-1
-4.632180E-1
-4.602780E-1
-4.543980E-1
-4.499880E-1
-4.441080E-1
-4.396980E-1
-4.352880E-1
-4.323480E-1
-4.308780E-1
-4.294080E-1
-4.294080E-1
-4.294080E-1
-4.294080E-1
-4.294080E-1
-4.294080E-1
-4.308780E-1
-4.323480E-1
-4.338180E-1
-4.367580E-1
-4.396980E-1
-4.426380E-1
-4.455780E-1
-4.470480E-1
-4.485180E-1
-4.499880E-1
-4.499880E-1
-4.514580E-1
-4.499880E-1
-4.499880E-1
-4.470480E-1
-4.426380E-1
-4.382280E-1
-4.308780E-1
-4.220580E-1
-4.147080E-1
-4.058880E-1
-4.000080E-1
-3.985380E-1
-4.014780E-1
-4.102980E-1
-4.264680E-1
-4.499880E-1
-4.779180E-1
-5.102580E-1
-5.440680E-1
-5.925780E-1
-6.631380E-1
-7.513380E-1
-8.410080E-1
-9.247980E-1
-1.001238E+0
-1.070328E+0
-1.135008E+0
-1.193808E+0
-1.245258E+0
-1.292298E+0
-1.333458E+0
-1.368738E+0
-1.398138E+0
-1.423128E+0
-1.445178E+0
-1.464288E+0
-1.483398E+0
-1.502508E+0
-1.520148E+0
-1.539258E+0
-1.558368E+0
-1.576008E+0
-1.593648E+0
-1.606878E+0
-1.618638E+0
-1.625988E+0
-1.631868E+0
-1.633338E+0
-1.633338E+0
-1.631868E+0
-1.631868E+0
-1.630398E+0
-1.630398E+0
-1.631868E+0
-1.633338E+0
-1.636278E+0
-1.637748E+0
-1.639218E+0
-1.637748E+0
-1.634808E+0
-1.630398E+0
-1.624518E+0
-1.618638E+0
-1.611288E+0
-1.603938E+0
-1.595118E+0
-1.587768E+0
-1.581888E+0
-1.576008E+0
-1.571598E+0
-1.568658E+0
-1.567188E+0
-1.568658E+0
-1.573068E+0
-1.578948E+0
-1.587768E+0
-1.599528E+0
-1.611288E+0
-1.625988E+0
-1.640688E+0
-1.655388E+0
-1.671558E+0
-1.687728E+0
-1.702428E+0
-1.715658E+0
-1.725948E+0
-1.733298E+0
-1.737708E+0
-1.739178E+0
-1.737708E+0
-1.736238E+0
-1.733298E+0
-1.730358E+0
-1.728888E+0
-1.727418E+0
-1.727418E+0
-1.730358E+0
-1.731828E+0
-1.734768E+0
-1.736238E+0
-1.737708E+0
-1.740648E+0
-1.742118E+0
-1.743588E+0
-1.745058E+0
-1.747998E+0
-1.750938E+0
-1.756818E+0
-1.762698E+0
-1.770048E+0
-1.780338E+0
-1.790628E+0
-1.800918E+0
-1.811208E+0
-1.821498E+0
-1.831788E+0
-1.842078E+0
-1.849428E+0
-1.856778E+0
-1.861188E+0
-1.864128E+0
-1.865598E+0
-1.864128E+0
-1.861188E+0
-1.855308E+0
-1.849428E+0
-1.842078E+0
-1.836198E+0
-1.830318E+0
-1.828848E+0
-1.827378E+0
-1.830318E+0
-1.836198E+0
-1.842078E+0
-1.850898E+0
-1.859718E+0
-1.867068E+0
-1.872948E+0
-1.875888E+0
-1.877358E+0
-1.875888E+0
-1.871478E+0
-1.865598E+0
-1.859718E+0
-1.852368E+0
-1.847958E+0
-1.845018E+0
-1.843548E+0
-1.845018E+0
-1.849428E+0
-1.855308E+0
-1.864128E+0
-1.874418E+0
-1.886178E+0
-1.899408E+0
-1.912638E+0
-1.927338E+0
-1.940568E+0
-1.950858E+0
-1.959678E+0
-1.965558E+0
-1.967028E+0
-1.965558E+0
-1.962618E+0
-1.956738E+0
-1.952328E+0
-1.947918E+0
-1.944978E+0
-1.944978E+0
-1.946448E+0
-1.950858E+0
-1.956738E+0
-1.965558E+0
-1.972908E+0
-1.980258E+0
-1.987608E+0
-1.993488E+0
-1.999368E+0
-2.003778E+0
-2.008188E+0
-2.009658E+0
-2.012598E+0
-2.012598E+0
-2.011128E+0
-2.008188E+0
-2.003778E+0
-1.996428E+0
-1.989078E+0
-1.978788E+0
-1.971438E+0
-1.962618E+0
-1.958208E+0
-1.955268E+0
-1.955268E+0
-1.958208E+0
-1.965558E+0
-1.974378E+0
-1.986138E+0
-1.997898E+0
-2.009658E+0
-2.022888E+0
-2.034648E+0
-2.043468E+0
-2.052288E+0
-2.059638E+0
-2.064048E+0
-2.066988E+0
-2.068458E+0
-2.069928E+0
-2.068458E+0
-2.068458E+0
-2.068458E+0
-2.068458E+0
-2.071398E+0
-2.072868E+0
-2.077278E+0
-2.080218E+0
-2.084628E+0
-2.089038E+0
-2.091978E+0
-2.094918E+0
-2.096388E+0
-2.099328E+0
-2.099328E+0
-2.100798E+0
-2.102268E+0
-2.103738E+0
-2.106678E+0
-2.109618E+0
-2.112558E+0
-2.118438E+0
-2.125788E+0
-2.133138E+0
-2.141958E+0
-2.149308E+0
-2.156658E+0
-2.161068E+0
-2.161068E+0
-2.158128E+0
-2.150778E+0
-2.141958E+0
-2.131668E+0
-2.122848E+0
-2.116968E+0
-2.115498E+0
-2.118438E+0
-2.127258E+0
-2.139018E+0
-2.153718E+0
-2.168418E+0
-2.181648E+0
-2.193408E+0
-2.200758E+0
-2.203698E+0
-2.203698E+0
-2.202228E+0
-2.197818E+0
-2.193408E+0
-2.190468E+0
-2.187528E+0
-2.186058E+0
-2.186058E+0
-2.186058E+0
-2.187528E+0
-2.190468E+0
-2.193408E+0
-2.199288E+0
-2.206638E+0
-2.215458E+0
-2.225748E+0
-2.234568E+0
-2.244858E+0
-2.252208E+0
-2.258088E+0
-2.262498E+0
-2.263968E+0
-2.265438E+0
-2.268378E+0
-2.271318E+0
-2.275728E+0
-2.281608E+0
-2.288958E+0
-2.296308E+0
-2.303658E+0
-2.309538E+0
-2.313948E+0
-2.316888E+0
-2.319828E+0
-2.324238E+0
-2.328648E+0
-2.335998E+0
-2.344818E+0
-2.355108E+0
-2.366868E+0
-2.377158E+0
-2.385978E+0
-2.393328E+0
-2.399208E+0
-2.400678E+0
-2.400678E+0
-2.397738E+0
-2.391858E+0
-2.385978E+0
-2.377158E+0
-2.368338E+0
-2.359518E+0
-2.350698E+0
-2.341878E+0
-2.334528E+0
-2.330118E+0
-2.325708E+0
-2.324238E+0
-2.324238E+0
-2.325708E+0
-2.328648E+0
-2.331588E+0
-2.335998E+0
-2.338938E+0
-2.340408E+0
-2.340408E+0
-2.340408E+0
-2.337468E+0
-2.334528E+0
-2.331588E+0
-2.327178E+0
-2.324238E+0
-2.322768E+0
-2.322768E+0
-2.322768E+0
-2.325708E+0
-2.330118E+0
-2.334528E+0
-2.340408E+0
-2.346288E+0
-2.352168E+0
-2.356578E+0
-2.362458E+0
-2.366868E+0
-2.369808E+0
-2.374218E+0
-2.378628E+0
-2.385978E+0
-2.396268E+0
-2.406558E+0
-2.419788E+0
-2.434488E+0
-2.450658E+0
-2.463888E+0
-2.475648E+0
-2.484468E+0
-2.488878E+0
-2.488878E+0
-2.485938E+0
-2.480058E+0
-2.472708E+0
-2.466828E+0
-2.462418E+0
-2.459478E+0
-2.460948E+0
-2.465358E+0
-2.472708E+0
-2.481528E+0
-2.491818E+0
-2.502108E+0
-2.512398E+0
-2.522688E+0
-2.530038E+0
-2.537388E+0
-2.543268E+0
-2.547678E+0
-2.553558E+0
-2.559438E+0
-2.566788E+0
-2.575608E+0
-2.587368E+0
-2.600598E+0
-2.615298E+0
-2.629998E+0
-2.644698E+0
-2.654988E+0
-2.663808E+0
-2.668218E+0
-2.671158E+0
-2.671158E+0
-2.668218E+0
-2.665278E+0
-2.663808E+0
-2.662338E+0
-2.662338E+0
-2.663808E+0
-2.665278E+0
-2.666748E+0
-2.666748E+0
-2.666748E+0
-2.665278E+0
-2.662338E+0
-2.660868E+0
-2.659398E+0
-2.659398E+0
-2.660868E+0
-2.663808E+0
-2.668218E+0
-2.672628E+0
-2.678508E+0
-2.684388E+0
-2.690268E+0
-2.696148E+0
-2.702028E+0
-2.707908E+0
-2.712318E+0
-2.716728E+0
-2.719668E+0
-2.722608E+0
-2.722608E+0
-2.719668E+0
-2.716728E+0
-2.712318E+0
-2.706438E+0
-2.702028E+0
-2.700558E+0
-2.700558E+0
-2.703498E+0
-2.710848E+0
-2.722608E+0
-2.737308E+0
-2.753478E+0
-2.772588E+0
-2.793168E+0
-2.812278E+0
-2.831388E+0
-2.846088E+0
-2.857848E+0
-2.866668E+0
-2.871078E+0
-2.869608E+0
-2.866668E+0
-2.859318E+0
-2.851968E+0
-2.844618E+0
-2.837268E+0
-2.832858E+0
-2.829918E+0
-2.829918E+0
-2.831388E+0
-2.835798E+0
-2.840208E+0
-2.844618E+0
-2.849028E+0
-2.851968E+0
-2.851968E+0
-2.849028E+0
-2.844618E+0
-2.838738E+0
-2.831388E+0
-2.825508E+0
-2.821098E+0
-2.818158E+0
-2.821098E+0
-2.824038E+0
-2.829918E+0
-2.835798E+0
-2.840208E+0
-2.840208E+0
-2.837268E+0
-2.829918E+0
-2.819628E+0
-2.807868E+0
-2.796108E+0
-2.788758E+0
-2.782878E+0
-2.784348E+0
-2.788758E+0
-2.797578E+0
-2.810808E+0
-2.824038E+0
-2.837268E+0
-2.850498E+0
-2.862258E+0
-2.872548E+0
-2.882838E+0
-2.890188E+0
-2.897538E+0
-2.904888E+0
-2.913708E+0
-2.922528E+0
-2.935758E+0
-2.950458E+0
-2.966628E+0
-2.981328E+0
-2.993088E+0
-3.001908E+0
-3.003378E+0
-2.998968E+0
-2.988678E+0
-2.975448E+0
-2.962218E+0
-2.950458E+0
-2.943108E+0
-2.941638E+0
-2.948988E+0
-2.960748E+0
-2.978388E+0
-3.000438E+0
-3.023958E+0
-3.048948E+0
-3.072468E+0
-3.094518E+0
-3.115098E+0
-3.134208E+0
-3.150378E+0
-3.163608E+0
-3.172428E+0
-3.175368E+0
-3.173898E+0
-3.168018E+0
-3.156258E+0
-3.141558E+0
-3.123918E+0
-3.107748E+0
-3.091578E+0
-3.078348E+0
-3.069528E+0
-3.063648E+0
-3.062178E+0
-3.062178E+0
-3.063648E+0
-3.068058E+0
-3.070998E+0
-3.073938E+0
-3.075408E+0
-3.072468E+0
-3.068058E+0
-3.059238E+0
-3.050418E+0
-3.038658E+0
-3.026898E+0
-3.018078E+0
-3.013668E+0
-3.010728E+0
-3.012198E+0
-3.016608E+0
-3.021018E+0
-3.029838E+0
-3.037188E+0
-3.046008E+0
-3.054828E+0
-3.063648E+0
-3.073938E+0
-3.084228E+0
-3.094518E+0
-3.107748E+0
-3.120978E+0
-3.135678E+0
-3.150378E+0
-3.166548E+0
-3.181248E+0
-3.197418E+0
-3.209178E+0
-3.217998E+0
-3.223878E+0
-3.223878E+0
-3.220938E+0
-3.213588E+0
-3.206238E+0
-3.197418E+0
-3.190068E+0
-3.185658E+0
-3.185658E+0
-3.190068E+0
-3.198888E+0
-3.207708E+0
-3.220938E+0
-3.232698E+0
-3.245928E+0
-3.254748E+0
-3.262098E+0
-3.265038E+0
-3.265038E+0
-3.259158E+0
-3.248868E+0
-3.235638E+0
-3.219468E+0
-3.204768E+0
-3.190068E+0
-3.178308E+0
-3.169488E+0
-3.166548E+0
-3.166548E+0
-3.169488E+0
-3.176838E+0
-3.185658E+0
-3.194478E+0
-3.203298E+0
-3.212118E+0
-3.220938E+0
-3.225348E+0
-3.229758E+0
-3.231228E+0
-3.232698E+0
-3.232698E+0
-3.234168E+0
-3.235638E+0
-3.237108E+0
-3.237108E+0
-3.237108E+0
-3.235638E+0
-3.229758E+0
-3.222408E+0
-3.215058E+0
-3.207708E+0
-3.200358E+0
-3.195948E+0
-3.194478E+0
-3.194478E+0
-3.198888E+0
-3.201828E+0
-3.206238E+0
-3.210648E+0
-3.213588E+0
-3.216528E+0
-3.216528E+0
-3.216528E+0
-3.217998E+0
-3.217998E+0
-3.220938E+0
-3.222408E+0
-3.226818E+0
-3.232698E+0
-3.240048E+0
-3.248868E+0
-3.259158E+0
-3.272388E+0
-3.287088E+0
-3.304728E+0
-3.322368E+0
-3.341478E+0
-3.359118E+0
-3.376758E+0
-3.392928E+0
-3.404688E+0
-3.412038E+0
-3.414978E+0
-3.414978E+0
-3.412038E+0
-3.407628E+0
-3.404688E+0
-3.404688E+0
-3.409098E+0
-3.419388E+0
-3.437028E+0
-3.457608E+0
-3.479658E+0
-3.503178E+0
-3.523758E+0
-3.539928E+0
-3.550218E+0
-3.553158E+0
-3.554628E+0
-3.551688E+0
-3.548748E+0
-3.548748E+0
-3.550218E+0
-3.557568E+0
-3.567858E+0
-3.581088E+0
-3.597258E+0
-3.610488E+0
-3.623718E+0
-3.632538E+0
-3.634008E+0
-3.632538E+0
-3.625188E+0
-3.616368E+0
-3.606078E+0
-3.597258E+0
-3.594318E+0
-3.595788E+0
-3.601668E+0
-3.613428E+0
-3.626658E+0
-3.644298E+0
-3.660468E+0
-3.673698E+0
-3.682518E+0
-3.686928E+0
-3.685458E+0
-3.679578E+0
-3.670758E+0
-3.658998E+0
-3.648708E+0
-3.638418E+0
-3.632538E+0
-3.628128E+0
-3.623718E+0
-3.622248E+0
-3.620778E+0
-3.619308E+0
-3.619308E+0
-3.620778E+0
-3.623718E+0
-3.632538E+0
-3.642828E+0
-3.657528E+0
-3.673698E+0
-3.688398E+0
-3.703098E+0
-3.714858E+0
-3.723678E+0
-3.729558E+0
-3.732498E+0
-3.732498E+0
-3.732498E+0
-3.731028E+0
-3.725148E+0
-3.717798E+0
-3.710448E+0
-3.698688E+0
-3.689868E+0
-3.681048E+0
-3.673698E+0
-3.672228E+0
-3.673698E+0
-3.681048E+0
-3.691338E+0
-3.706038E+0
-3.723678E+0
-3.745728E+0
-3.769248E+0
-3.794238E+0
-3.816288E+0
-3.835398E+0
-3.851568E+0
-3.858918E+0
-3.861858E+0
-3.857448E+0
-3.850098E+0
-3.841278E+0
-3.835398E+0
-3.832458E+0
-3.833928E+0
-3.839808E+0
-3.851568E+0
-3.863328E+0
-3.878028E+0
-3.891258E+0
-3.903018E+0
-3.914778E+0
-3.923598E+0
-3.932418E+0
-3.938298E+0
-3.945648E+0
-3.950058E+0
-3.950058E+0
-3.950058E+0
-3.948588E+0
-3.948588E+0
-3.948588E+0
-3.950058E+0
-3.952998E+0
-3.958878E+0
-3.966228E+0
-3.969168E+0
-3.964758E+0
-3.954468E+0
-3.941238E+0
-3.922128E+0
-3.805998E+0
-3.275328E+0
-2.238978E+0
-1.029168E+0
1.218420E-1
1.130262E+0
1.978452E+0
2.681112E+0
3.257352E+0
3.721872E+0
4.089372E+0
4.368672E+0
4.570062E+0
4.700892E+0
4.767042E+0
4.771452E+0
4.720002E+0
4.612692E+0
4.456872E+0
4.255482E+0
4.009992E+0
3.717462E+0
3.380832E+0
3.003042E+0
2.582622E+0
2.119572E+0
1.619772E+0
1.087632E+0
5.187420E-1
-7.366800E-2
-6.646080E-1
-1.237908E+0
-1.780338E+0
-2.283078E+0
-2.741718E+0
-3.156258E+0
-3.531108E+0
-3.875088E+0
-4.199958E+0
-4.517478E+0
-4.840878E+0
-5.178978E+0
-5.543538E+0
-5.940438E+0
-6.371148E+0
-6.834198E+0
-7.332528E+0
-7.852908E+0
-8.387988E+0
-8.942178E+0
-9.519888E+0
-1.016375E+1
-1.094579E+1
-1.209974E+1
-1.437383E+1
-2.088005E+1
-2.088005E+1
-2.088005E+1
-2.088005E+1
-2.088005E+1
-2.088005E+1
-2.088005E+1
-2.088005E+1
-2.088005E+1
-2.088005E+1
-2.088005E+1
-1.460315E+1
-1.229966E+1
-1.128389E+1
-1.067237E+1
-1.025930E+1
-9.999108E+0
-9.844758E+0
-9.778608E+0
-9.805068E+0
-9.899148E+0
-1.008731E+1
-1.039454E+1
-1.087964E+1
-1.162346E+1
-1.298027E+1
-1.937477E+1
-2.088005E+1
-2.088005E+1
-2.088005E+1
-2.088005E+1
-2.088005E+1
-2.088005E+1
-2.088005E+1
-2.088005E+1
-2.088005E+1
-2.088005E+1
-1.460315E+1
-1.266275E+1
-1.174841E+1
-1.113248E+1
-1.065326E+1
-1.019609E+1
-9.778608E+0
-9.406698E+0
-9.070068E+0
-8.787828E+0
-8.567328E+0
-8.401218E+0
-8.299788E+0
-8.246868E+0
-8.233638E+0
-8.254218E+0
-8.286558E+0
-8.318898E+0
-8.360058E+0
-8.393868E+0
-8.436498E+0
-8.486478E+0
-8.552628E+0
-8.651118E+0
-8.779008E+0
-8.950998E+0
-9.156798E+0
-9.406698E+0
-9.688938E+0
-9.999108E+0
-1.027694E+1
-1.050185E+1
-1.063268E+1
-1.063268E+1
-1.053860E+1
-1.034309E+1
-1.014905E+1
-9.955008E+0
-9.805068E+0
-9.713928E+0
-9.713928E+0
-9.765378E+0
-9.885918E+0
-1.004321E+1
-1.019609E+1
-1.030928E+1
-1.036073E+1
-1.030928E+1
-1.016375E+1
-9.999108E+0
-9.831528E+0
-9.727158E+0
-9.688938E+0
-9.727158E+0
-9.844758E+0
-1.002851E+1
-1.027694E+1
-1.057535E+1
-1.087964E+1
-1.125743E+1
-1.171607E+1
-1.242902E+1
-1.397840E+1
-2.088005E+1
-2.088005E+1
-2.088005E+1
-2.088005E+1
-2.088005E+1
-2.088005E+1
-2.088005E+1
-2.088005E+1
-2.088005E+1
-2.088005E+1
-2.088005E+1
-2.088005E+1
-2.088005E+1
-1.281563E+1
-1.123244E+1
-1.050185E+1
-1.013288E+1
-1.002851E+1
-1.013288E+1
-1.044746E+1
-1.101341E+1
-1.195274E+1
-1.380494E+1
-2.088005E+1
-2.088005E+1
-2.088005E+1
-2.088005E+1
-2.088005E+1
-2.088005E+1
-2.088005E+1
-2.088005E+1
-2.088005E+1
-2.088005E+1
-2.088005E+1
-2.088005E+1
-2.088005E+1
-2.088005E+1
-2.088005E+1
-2.088005E+1
-2.088005E+1
-2.088005E+1
-2.088005E+1
-2.088005E+1
-2.088005E+1
-2.088005E+1
-2.088005E+1
-2.088005E+1
-1.567331E+1
-1.303907E+1
-1.188218E+1
-1.123244E+1
-1.083554E+1
-1.067237E+1
-1.069148E+1
-1.087964E+1
-1.123244E+1
-1.181456E+1
-1.271273E+1
-1.397840E+1
-1.636421E+1
-2.088005E+1
-2.088005E+1
-2.088005E+1
-2.088005E+1
-2.088005E+1
-1.636421E+1
-1.485893E+1
-1.407101E+1
-1.349330E+1
-1.303907E+1
-1.271273E+1
-1.238492E+1
-1.213796E+1
-1.198802E+1
-1.191746E+1
-1.198802E+1
-1.221734E+1
-1.271273E+1
-1.372262E+1
-1.636421E+1
-2.088005E+1
-2.088005E+1
-2.088005E+1
-2.088005E+1
-2.088005E+1
-2.088005E+1
-1.587911E+1
-1.372262E+1
-1.286855E+1
-1.251869E+1
-1.261277E+1
-1.309787E+1
-1.437383E+1
-2.088005E+1
-2.088005E+1
-2.088005E+1
-2.088005E+1
-2.088005E+1
-2.088005E+1
-2.088005E+1
-2.088005E+1
-1.472663E+1
-1.276271E+1
-1.174841E+1
-1.108397E+1
-1.065326E+1
-1.036073E+1
-1.014905E+1
-9.999108E+0
-9.872688E+0
-9.778608E+0
-9.688938E+0
-9.615438E+0
-9.555168E+0
-9.508128E+0
-9.484608E+0
-9.484608E+0
-9.508128E+0
-9.566928E+0
-9.663948E+0
-9.805068E+0
-1.001381E+1
-1.029311E+1
-1.069148E+1
-1.123244E+1
-1.202477E+1
-1.322135E+1
-1.548368E+1
-2.088005E+1
-2.088005E+1
-2.088005E+1
-2.088005E+1
-2.088005E+1
-2.088005E+1
-1.849424E+1
-1.514852E+1
-1.380494E+1
-1.292441E+1
-1.221734E+1
-1.162346E+1
-1.106045E+1
-1.057535E+1
-1.014905E+1
-9.778608E+0
-9.474318E+0
-9.247938E+0
-9.108288E+0
-9.023028E+0
-9.005388E+0
-9.042138E+0
-9.127398E+0
-9.217068E+0
-9.309678E+0
-9.384648E+0
-9.418458E+0
-9.450798E+0
-9.496368E+0
-9.566928E+0
-9.713928E+0
-9.941778E+0
-1.029311E+1
-1.077380E+1
-1.139120E+1
-1.217765E+1
-1.292441E+1
-1.342274E+1
-1.335365E+1
-1.281563E+1
-1.206152E+1
-1.139120E+1
-1.085759E+1
-1.048274E+1
-1.021079E+1
-1.002851E+1
-9.941778E+0
-9.941778E+0
-1.002851E+1
-1.016375E+1
-1.039454E+1
-1.073264E+1
-1.125743E+1
-1.202477E+1
-1.349330E+1
-2.088005E+1
-2.088005E+1
-2.088005E+1
-2.088005E+1
-2.088005E+1
-2.088005E+1
-2.088005E+1
-2.088005E+1
-2.088005E+1
-2.088005E+1
-2.088005E+1
-2.088005E+1
-2.088005E+1
-2.088005E+1
-2.088005E+1
-2.088005E+1
-2.088005E+1
-2.088005E+1
-2.088005E+1
-2.088005E+1
-2.088005E+1
-2.088005E+1
-2.088005E+1
-2.088005E+1
-2.088005E+1
-2.088005E+1
-2.088005E+1
-2.088005E+1
-2.088005E+1
-2.088005E+1
-2.088005E+1
-2.088005E+1
-2.088005E+1
-2.088005E+1
-2.088005E+1
-2.088005E+1
-2.088005E+1
-2.088005E+1
-2.088005E+1
-2.088005E+1
-2.088005E+1
-2.088005E+1
-2.088005E+1
-2.088005E+1
-2.088005E+1
-2.088005E+1
-2.088005E+1
-1.937477E+1
-1.499858E+1
-1.397840E+1
-1.372262E+1
-1.389020E+1
-1.426799E+1
-1.460315E+1
-1.485893E+1
-1.472663E+1
-1.437383E+1
-1.389020E+1
-1.335365E+1
-1.303907E+1
-1.292441E+1
-1.292441E+1
-1.303907E+1
-1.322135E+1
-1.335365E+1
-1.322135E+1
-1.281563E+1
-1.217765E+1
-1.153379E+1
-1.094579E+1
-1.050185E+1
-1.016375E+1
-9.969708E+0
-9.913848E+0
-1.002851E+1
-1.032692E+1
-1.081496E+1
-1.159259E+1
-1.298027E+1
-1.738439E+1
-2.088005E+1
-2.088005E+1
-2.088005E+1
-2.088005E+1
-2.088005E+1
-2.088005E+1
-2.088005E+1
-2.088005E+1
-2.088005E+1
-2.088005E+1
-2.088005E+1
-2.088005E+1
-2.088005E+1
-2.088005E+1
-1.567331E+1
-1.234082E+1
-1.108397E+1
-1.037690E+1
-9.927078E+0
-9.675708E+0
-9.566928E+0
-9.615438E+0
-9.791838E+0
-1.010201E+1
-1.057535E+1
-1.123244E+1
-1.217765E+1
-1.372262E+1
-1.849424E+1
-2.088005E+1
-2.088005E+1
-2.088005E+1
-2.088005E+1
-2.088005E+1
-2.088005E+1
-2.088005E+1
-2.088005E+1
-2.088005E+1
-2.088005E+1
-2.088005E+1
-2.088005E+1
-2.088005E+1
-2.088005E+1
-2.088005E+1
-2.088005E+1
-2.088005E+1
-2.088005E+1
-2.088005E+1
-2.088005E+1
-2.088005E+1
-2.088005E+1
-2.088005E+1
-2.088005E+1
-2.088005E+1
-2.088005E+1
-2.088005E+1
-2.088005E+1
-2.088005E+1
-2.088005E+1
-2.088005E+1
-2.088005E+1
-2.088005E+1
-2.088005E+1
-2.088005E+1
-1.937477E+1
-1.437383E+1
-1.303907E+1
-1.221734E+1
-1.171607E+1
-1.139120E+1
-1.120745E+1
-1.118099E+1
-1.128389E+1
-1.159259E+1
-1.217765E+1
-1.342274E+1
-1.786949E+1
-2.088005E+1
-2.088005E+1
-2.088005E+1
-2.088005E+1
-2.088005E+1
-2.088005E+1
-2.088005E+1
-2.088005E+1
-2.088005E+1
-2.088005E+1
-2.088005E+1
-2.088005E+1
-2.088005E+1
-2.088005E+1
-2.088005E+1
-2.088005E+1
-2.088005E+1
-2.088005E+1
-2.088005E+1
-2.088005E+1
-2.088005E+1
-2.088005E+1
-2.088005E+1
-2.088005E+1
-2.088005E+1
-2.088005E+1
-2.088005E+1
-2.088005E+1
-2.088005E+1
-1.665380E+1
-1.448555E+1
-1.372262E+1
-1.335365E+1
-1.322135E+1
-1.328750E+1
-1.356680E+1
-1.397840E+1
-1.448555E+1
-1.499858E+1
-1.531022E+1
-1.531022E+1
-1.499858E+1
-1.437383E+1
-1.372262E+1
-1.309787E+1
-1.251869E+1
-1.209974E+1
-1.178222E+1
-1.159259E+1
-1.150439E+1
-1.159259E+1
-1.184837E+1
-1.234082E+1
-1.315961E+1
-1.485893E+1
-2.088005E+1
-2.088005E+1
-2.088005E+1
-2.088005E+1
-2.088005E+1
-2.088005E+1
-2.088005E+1
-2.088005E+1
-2.088005E+1
-2.088005E+1
-2.088005E+1
-2.088005E+1
-1.738439E+1
-1.636421E+1
-1.636421E+1
-1.665380E+1
-1.738439E+1
-1.849424E+1
-1.849424E+1
-1.698896E+1
-1.531022E+1
-1.407101E+1
-1.309787E+1
-1.234082E+1
-1.174841E+1
-1.128389E+1
-1.096784E+1
-1.077380E+1
-1.073264E+1
-1.083554E+1
-1.106045E+1
-1.141913E+1
-1.195274E+1
-1.261277E+1
-1.349330E+1
-1.448555E+1
-1.567331E+1
-1.738439E+1
-2.088005E+1
-2.088005E+1
-2.088005E+1
-2.088005E+1
-2.088005E+1
-2.088005E+1
-2.088005E+1
-2.088005E+1
-2.088005E+1
-2.088005E+1
-2.088005E+1
-2.088005E+1
-2.088005E+1
-2.088005E+1
-2.088005E+1
-2.088005E+1
-2.088005E+1
-2.088005E+1
-2.088005E+1
-2.088005E+1
-2.088005E+1
-2.088005E+1
-2.088005E+1
-2.088005E+1
-2.088005E+1
-2.088005E+1
-2.088005E+1
-2.088005E+1
-2.088005E+1
-2.088005E+1
-2.088005E+1
-2.088005E+1
-2.088005E+1
-2.088005E+1
-2.088005E+1
-2.088005E+1
-2.088005E+1
-2.088005E+1
-2.088005E+1
-2.088005E+1
-2.088005E+1
-2.088005E+1
-2.088005E+1
-2.088005E+1
-1.665380E+1
-1.389020E+1
-1.286855E+1
-1.225850E+1
-1.181456E+1
-1.141913E+1
-1.106045E+1
-1.069148E+1
-1.029311E+1
-9.872688E+0
-9.474318E+0
-9.118578E+0
-8.795178E+0
-8.537928E+0
-8.326248E+0
-8.170428E+0
-8.067528E+0
-8.014608E+0
-7.991088E+0
-8.002848E+0
-8.044008E+0
-8.110158E+0
-8.183658E+0
-8.273328E+0
-8.367408E+0
-8.479128E+0
-8.596728E+0
-8.730498E+0
-8.880438E+0
-9.042138E+0
-9.217068E+0
-9.406698E+0
-9.602208E+0
-9.831528E+0
-1.010201E+1
-1.044746E+1
-1.092374E+1
-1.159259E+1
-1.261277E+1
-1.472663E+1
-2.088005E+1
-2.088005E+1
-2.088005E+1
-2.088005E+1
-2.088005E+1
-2.088005E+1
-2.088005E+1
-2.088005E+1
-2.088005E+1
-2.088005E+1
-2.088005E+1
-2.088005E+1
-2.088005E+1
-2.088005E+1
-2.088005E+1
-2.088005E+1
-2.088005E+1
-2.088005E+1
-2.088005E+1
-2.088005E+1
-2.088005E+1
-2.088005E+1
-2.088005E+1
-2.088005E+1
-1.786949E+1
-1.309787E+1
-1.171607E+1
-1.092374E+1
-1.041218E+1
-1.008731E+1
-9.872688E+0
-9.752148E+0
-9.675708E+0
-9.615438E+0
-9.543408E+0
-9.450798E+0
-9.362598E+0
-9.278808E+0
-9.227358E+0
-9.247938E+0
-9.342018E+0
-9.555168E+0
-9.885918E+0
-1.037690E+1
-1.106045E+1
-1.198802E+1
-1.328750E+1
-1.531022E+1
-2.088005E+1
-2.088005E+1
-2.088005E+1
-2.088005E+1
-2.088005E+1
-2.088005E+1
-2.088005E+1
-2.088005E+1
-2.088005E+1
-2.088005E+1
-2.088005E+1
-2.088005E+1
-2.088005E+1
-1.849424E+1
-1.448555E+1
-1.303907E+1
-1.221734E+1
-1.159259E+1
-1.113248E+1
-1.075322E+1
-1.044746E+1
-1.022696E+1
-1.005791E+1
-9.969708E+0
-9.927078E+0
-9.955008E+0
-1.004321E+1
-1.016375E+1
-1.032692E+1
-1.051949E+1
-1.075322E+1
-1.101341E+1
-1.136327E+1
-1.184837E+1
-1.256573E+1
-1.372262E+1
-1.738439E+1
-2.088005E+1
-2.088005E+1
-2.088005E+1
-2.088005E+1
-2.088005E+1
-2.088005E+1
-2.088005E+1
-2.088005E+1
-2.088005E+1
-2.088005E+1
-2.088005E+1
-2.088005E+1
-2.088005E+1
-2.088005E+1
-2.088005E+1
-2.088005E+1
-2.088005E+1
-2.088005E+1
-2.088005E+1
-2.088005E+1
-2.088005E+1
-2.088005E+1
-2.088005E+1
-2.088005E+1
-2.088005E+1
-2.088005E+1
-2.088005E+1
-2.088005E+1
-2.088005E+1
-2.088005E+1
-2.088005E+1
-2.088005E+1
-2.088005E+1
-2.088005E+1
-2.088005E+1
-2.088005E+1
-2.088005E+1
-2.088005E+1
-2.088005E+1
-2.088005E+1
-2.088005E+1
-2.088005E+1
-2.088005E+1
-2.088005E+1
-2.088005E+1
-2.088005E+1
-2.088005E+1
-2.088005E+1
-2.088005E+1
-2.088005E+1
-2.088005E+1
-2.088005E+1
-2.088005E+1
-2.088005E+1
-2.088005E+1
-2.088005E+1
-2.088005E+1
-2.088005E+1
-2.088005E+1
-2.088005E+1
-2.088005E+1
-2.088005E+1
-2.088005E+1
-2.088005E+1
-2.088005E+1
-2.088005E+1
-2.088005E+1
-1.485893E+1
-1.292441E+1
-1.225850E+1
-1.209974E+1
-1.229966E+1
-1.286855E+1
-1.397840E+1
-1.610843E+1
-2.088005E+1
-2.088005E+1
-2.088005E+1
-2.088005E+1
-2.088005E+1
-1.636421E+1
-1.472663E+1
-1.389020E+1
-1.342274E+1
-1.315961E+1
-1.315961E+1
-1.328750E+1
-1.364324E+1
-1.437383E+1
-1.587911E+1
-2.088005E+1
-2.088005E+1
-2.088005E+1
-2.088005E+1
-2.088005E+1
-2.088005E+1
-2.088005E+1
-2.088005E+1
-2.088005E+1
-2.088005E+1
-2.088005E+1
-2.088005E+1
-2.088005E+1
-2.088005E+1
-2.088005E+1
-2.088005E+1
-1.514852E+1
-1.229966E+1
-1.125743E+1
-1.069148E+1
-1.039454E+1
-1.027694E+1
-1.030928E+1
-1.041218E+1
-1.055624E+1
-1.071206E+1
-1.083554E+1
-1.092374E+1
-1.094579E+1
-1.094579E+1
-1.098989E+1
-1.113248E+1
-1.144706E+1
-1.206152E+1
-1.335365E+1
-2.088005E+1
-2.088005E+1
-2.088005E+1
-2.088005E+1
-2.088005E+1
-2.088005E+1
-2.088005E+1
-2.088005E+1
-2.088005E+1
-2.088005E+1
-2.088005E+1
-2.088005E+1
-2.088005E+1
-2.088005E+1
-2.088005E+1
-1.416803E+1
-1.286855E+1
-1.225850E+1
-1.206152E+1
-1.217765E+1
-1.266275E+1
-1.372262E+1
-1.849424E+1
-2.088005E+1
-2.088005E+1
-2.088005E+1
-2.088005E+1
-2.088005E+1
-2.088005E+1
-2.088005E+1
-2.088005E+1
-2.088005E+1
-2.088005E+1
-2.088005E+1
-2.088005E+1
-2.088005E+1
-2.088005E+1
-2.088005E+1
-2.088005E+1
-2.088005E+1
-2.088005E+1
-2.088005E+1
-2.088005E+1
-2.088005E+1
-2.088005E+1
-2.088005E+1
-2.088005E+1
-2.088005E+1
-2.088005E+1
-2.088005E+1
-2.088005E+1
-2.088005E+1
-2.088005E+1
-2.088005E+1
-2.088005E+1
-2.088005E+1
-2.088005E+1
-2.088005E+1
-2.088005E+1
-1.665380E+1
-1.448555E+1
-1.315961E+1
-1.217765E+1
-1.144706E+1
-1.092374E+1
-1.055624E+1
-1.036073E+1
-1.027694E+1
-1.030928E+1
-1.044746E+1
-1.063268E+1
-1.087964E+1
-1.110749E+1
-1.125743E+1
-1.139120E+1
-1.144706E+1
-1.147499E+1
-1.153379E+1
-1.165433E+1
-1.184837E+1
-1.221734E+1
-1.276271E+1
-1.380494E+1
-1.610843E+1
-2.088005E+1
-2.088005E+1
-2.088005E+1
-2.088005E+1
-2.088005E+1
-2.088005E+1
-2.088005E+1
-2.088005E+1
-2.088005E+1
-2.088005E+1
-2.088005E+1
-2.088005E+1
-2.088005E+1
-2.088005E+1
-2.088005E+1
-2.088005E+1
-2.088005E+1
-2.088005E+1
-2.088005E+1
-2.088005E+1
-2.088005E+1
-2.088005E+1
-2.088005E+1
-2.088005E+1
-2.088005E+1
-2.088005E+1
-2.088005E+1
-2.088005E+1
-2.088005E+1
-2.088005E+1
-2.088005E+1
-2.088005E+1
-2.088005E+1
-2.088005E+1
-2.088005E+1
-2.088005E+1
-2.088005E+1
-2.088005E+1
-2.088005E+1
-2.088005E+1
-2.088005E+1
-2.088005E+1
-2.088005E+1
-2.088005E+1
-2.088005E+1
-2.088005E+1
-2.088005E+1
-2.088005E+1
-2.088005E+1
-2.088005E+1
-2.088005E+1
-2.088005E+1
-2.088005E+1
-2.088005E+1
-2.088005E+1
-2.088005E+1
-2.088005E+1
-2.088005E+1
-1.738439E+1
-1.335365E+1
-1.225850E+1
-1.168520E+1
-1.136327E+1
-1.113248E+1
-1.094579E+1
-1.073264E+1
-1.048274E+1
-1.021079E+1
-9.899148E+0
-9.602208E+0
-9.342018E+0
-9.118578E+0
-8.942178E+0
-8.846628E+0
-8.812818E+0
-8.846628E+0
-8.968638E+0
-9.177378E+0
-9.508128E+0
-1.001381E+1
-1.075322E+1
-1.206152E+1
-1.610843E+1
-2.088005E+1
-2.088005E+1
-2.088005E+1
-2.088005E+1
-2.088005E+1
-2.088005E+1
-2.088005E+1
-2.088005E+1
-2.088005E+1
-2.088005E+1
-2.088005E+1
-2.088005E+1
-2.088005E+1
-2.088005E+1
-2.088005E+1
-2.088005E+1
-1.786949E+1
-1.472663E+1
-1.372262E+1
-1.309787E+1
-1.256573E+1
-1.209974E+1
-1.162346E+1
-1.113248E+1
-1.067237E+1
-1.027694E+1
-9.941778E+0
-9.663948E+0
-9.450798E+0
-9.330258E+0
-9.278808E+0
-9.319968E+0
-9.440508E+0
-9.675708E+0
-9.999108E+0
-1.041218E+1
-1.092374E+1
-1.147499E+1
-1.202477E+1
-1.251869E+1
-1.281563E+1
-1.286855E+1
-1.281563E+1
-1.266275E+1
-1.242902E+1
-1.217765E+1
-1.188218E+1
-1.150439E+1
-1.108397E+1
-1.071206E+1
-1.039454E+1
-1.017992E+1
-1.007261E+1
-1.010201E+1
-1.030928E+1
-1.071206E+1
-1.144706E+1
-1.271273E+1
-1.587911E+1
-2.088005E+1
-2.088005E+1
-2.088005E+1
-2.088005E+1
-2.088005E+1
-2.088005E+1
-2.088005E+1
-2.088005E+1
-1.937477E+1
-1.610843E+1
-1.567331E+1
-1.567331E+1
-1.636421E+1
-1.698896E+1
-1.665380E+1
-1.548368E+1
-1.416803E+1
-1.303907E+1
-1.221734E+1
-1.156319E+1
-1.110749E+1
-1.085759E+1
-1.075322E+1
-1.083554E+1
-1.106045E+1
-1.150439E+1
-1.221734E+1
-1.328750E+1
-1.531022E+1
-2.088005E+1
-2.088005E+1
-2.088005E+1
-2.088005E+1
-2.088005E+1
-2.088005E+1
-1.610843E+1
-1.389020E+1
-1.261277E+1
-1.171607E+1
-1.103693E+1
-1.050185E+1
-1.008731E+1
-9.778608E+0
-9.590448E+0
-9.519888E+0
-9.566928E+0
-9.765378E+0
-1.013288E+1
-1.075322E+1
-1.184837E+1
-1.437383E+1
-2.088005E+1
-2.088005E+1
-2.088005E+1
-2.088005E+1
-2.088005E+1
-2.088005E+1
-2.088005E+1
-2.088005E+1
-2.088005E+1
-2.088005E+1
-2.088005E+1
-2.088005E+1
-2.088005E+1
-2.088005E+1
-2.088005E+1
-1.849424E+1
-1.531022E+1
-1.437383E+1
-1.416803E+1
-1.437383E+1
-1.531022E+1
-1.849424E+1
-2.088005E+1
-2.088005E+1
-2.088005E+1
-2.088005E+1
-2.088005E+1
-2.088005E+1
-2.088005E+1
-2.088005E+1
-2.088005E+1
-2.088005E+1
-2.088005E+1
-2.088005E+1
-2.088005E+1
-2.088005E+1
-2.088005E+1
-2.088005E+1
-2.088005E+1
-1.636421E+1
-1.499858E+1
-1.407101E+1
-1.335365E+1
-1.276271E+1
-1.225850E+1
-1.181456E+1
-1.147499E+1
-1.125743E+1
-1.115747E+1
-1.118099E+1
-1.141913E+1
-1.195274E+1
-1.303907E+1
-1.636421E+1
-2.088005E+1
-2.088005E+1
-2.088005E+1
-2.088005E+1
-2.088005E+1
-2.088005E+1
-2.088005E+1
-2.088005E+1
-2.088005E+1
-2.088005E+1
-2.088005E+1
-1.349330E+1
-1.195274E+1
-1.123244E+1
-1.081496E+1
-1.057535E+1
-1.044746E+1
-1.041218E+1
-1.041218E+1
-1.048274E+1
-1.061357E+1
-1.081496E+1
-1.108397E+1
-1.144706E+1
-1.184837E+1
-1.234082E+1
-1.292441E+1
-1.349330E+1
-1.397840E+1
-1.437383E+1
-1.485893E+1
-1.587911E+1
-1.849424E+1
-2.088005E+1
-2.088005E+1
-2.088005E+1
-2.088005E+1
-2.088005E+1
-2.088005E+1
-2.088005E+1
-2.088005E+1
-2.088005E+1
-2.088005E+1
-2.088005E+1
-2.088005E+1
-2.088005E+1
-2.088005E+1
-1.499858E+1
-1.298027E+1
-1.209974E+1
-1.162346E+1
-1.133681E+1
-1.118099E+1
-1.110749E+1
-1.108397E+1
-1.110749E+1
-1.118099E+1
-1.125743E+1
-1.136327E+1
-1.144706E+1
-1.150439E+1
-1.150439E+1
-1.136327E+1
-1.113248E+1
-1.079438E+1
-1.039454E+1
-9.984408E+0
-9.590448E+0
-9.237648E+0
-8.950998E+0
-8.746668E+0
-8.620248E+0
-8.582028E+0
-8.643768E+0
-8.803998E+0
-9.070068E+0
-9.462558E+0
-9.984408E+0
-1.069148E+1
-1.162346E+1
-1.298027E+1
-1.548368E+1
-2.088005E+1
-2.088005E+1
-2.088005E+1
-2.088005E+1
-2.088005E+1
-1.786949E+1
-1.448555E+1
-1.309787E+1
-1.229966E+1
-1.174841E+1
-1.141913E+1
-1.120745E+1
-1.108397E+1
-1.103693E+1
-1.103693E+1
-1.101341E+1
-1.094579E+1
-1.081496E+1
-1.059446E+1
-1.032692E+1
-1.004321E+1
-9.765378E+0
-9.531648E+0
-9.374358E+0
-9.278808E+0
-9.268518E+0
-9.352308E+0
-9.531648E+0
-9.805068E+0
-1.017992E+1
-1.063268E+1
-1.113248E+1
-1.162346E+1
-1.195274E+1
-1.202477E+1
-1.178222E+1
-1.133681E+1
-1.085759E+1
-1.042982E+1
-1.005791E+1
-9.791838E+0
-9.615438E+0
-9.566928E+0
-9.615438E+0
-9.752148E+0
-9.984408E+0
-1.029311E+1
-1.069148E+1
-1.113248E+1
-1.156319E+1
-1.198802E+1
-1.238492E+1
-1.281563E+1
-1.328750E+1
-1.397840E+1
-1.499858E+1
-1.786949E+1
-2.088005E+1
-2.088005E+1
-2.088005E+1
-2.088005E+1
-2.088005E+1
-2.088005E+1
-2.088005E+1
-2.088005E+1
-2.088005E+1
-2.088005E+1
-2.088005E+1
-1.738439E+1
-1.548368E+1
-1.485893E+1
-1.485893E+1
-1.567331E+1
-1.937477E+1
-2.088005E+1
-2.088005E+1
-2.088005E+1
-2.088005E+1
-2.088005E+1
-2.088005E+1
-2.088005E+1
-2.088005E+1
-2.088005E+1
-1.485893E+1
-1.188218E+1
-1.053860E+1
-9.675708E+0
-9.108288E+0
-8.737848E+0
-8.530578E+0
-8.457078E+0
-8.530578E+0
-8.762838E+0
-9.167088E+0
-9.805068E+0
-1.079438E+1
-1.256573E+1
-2.088005E+1
-2.088005E+1
-2.088005E+1
-2.088005E+1
-2.088005E+1
-2.088005E+1
-2.088005E+1
-2.088005E+1
-1.548368E+1
-1.335365E+1
-1.238492E+1
-1.184837E+1
-1.147499E+1
-1.125743E+1
-1.115747E+1
-1.113248E+1
-1.120745E+1
-1.141913E+1
-1.181456E+1
-1.247312E+1
-1.364324E+1
-1.665380E+1
-2.088005E+1
-2.088005E+1
-2.088005E+1
-2.088005E+1
-2.088005E+1
-2.088005E+1
-2.088005E+1
-2.088005E+1
-2.088005E+1
-2.088005E+1
-2.088005E+1
-1.738439E+1
-1.416803E+1
-1.309787E+1
-1.247312E+1
-1.206152E+1
-1.178222E+1
-1.156319E+1
-1.141913E+1
-1.136327E+1
-1.141913E+1
-1.162346E+1
-1.202477E+1
-1.281563E+1
-1.460315E+1
-2.088005E+1
-2.088005E+1
-2.088005E+1
-2.088005E+1
-2.088005E+1
-2.088005E+1
-2.088005E+1
-2.088005E+1
-2.088005E+1
-2.088005E+1
-1.499858E+1
-1.309787E+1
-1.238492E+1
-1.213796E+1
-1.225850E+1
-1.276271E+1
-1.372262E+1
-1.587911E+1
-2.088005E+1
-2.088005E+1
-2.088005E+1
-2.088005E+1
-1.786949E+1
-1.397840E+1
-1.256573E+1
-1.178222E+1
-1.136327E+1
-1.118099E+1
-1.125743E+1
-1.156319E+1
-1.213796E+1
-1.315961E+1
-1.531022E+1
-2.088005E+1
-2.088005E+1
-2.088005E+1
-2.088005E+1
-2.088005E+1
-2.088005E+1
-2.088005E+1
-1.849424E+1
-1.472663E+1
-1.356680E+1
-1.298027E+1
-1.266275E+1
-1.256573E+1
-1.266275E+1
-1.303907E+1
-1.380494E+1
-1.548368E+1
-2.088005E+1
-2.088005E+1
-2.088005E+1
-2.088005E+1
-2.088005E+1
-2.088005E+1
-2.088005E+1
-2.088005E+1
-2.088005E+1
-2.088005E+1
-2.088005E+1
-2.088005E+1
-2.088005E+1
-2.088005E+1
-2.088005E+1
-2.088005E+1
-2.088005E+1
-2.088005E+1
-2.088005E+1
-2.088005E+1
-2.088005E+1
-2.088005E+1
-2.088005E+1
-2.088005E+1
-1.472663E+1
-1.209974E+1
-1.110749E+1
-1.057535E+1
-1.027694E+1
-1.013288E+1
-1.010201E+1
-1.014905E+1
-1.029311E+1
-1.050185E+1
-1.083554E+1
-1.136327E+1
-1.221734E+1
-1.407101E+1
-2.088005E+1
-2.088005E+1
-2.088005E+1
-2.088005E+1
-2.088005E+1
-2.088005E+1
-2.088005E+1
-2.088005E+1
-2.088005E+1
-2.088005E+1
-2.088005E+1
-2.088005E+1
-1.567331E+1
-1.499858E+1
-1.587911E+1
-2.088005E+1
-2.088005E+1
-2.088005E+1
-2.088005E+1
-2.088005E+1
-2.088005E+1
-2.088005E+1
-2.088005E+1
-2.088005E+1
-2.088005E+1
-2.088005E+1
-1.531022E+1
-1.335365E+1
-1.256573E+1
-1.225850E+1
-1.217765E+1
-1.229966E+1
-1.261277E+1
-1.315961E+1
-1.397840E+1
-1.514852E+1
-1.698896E+1
-2.088005E+1
-2.088005E+1
-2.088005E+1
-2.088005E+1
-2.088005E+1
-2.088005E+1
-2.088005E+1
-2.088005E+1
-2.088005E+1
-2.088005E+1
-2.088005E+1
-2.088005E+1
-2.088005E+1
-2.088005E+1
-2.088005E+1
-2.088005E+1
-2.088005E+1
-2.088005E+1
-2.088005E+1
-2.088005E+1
-2.088005E+1
-2.088005E+1
-2.088005E+1
-2.088005E+1
-2.088005E+1
-2.088005E+1
-2.088005E+1
-2.088005E+1
-2.088005E+1
-2.088005E+1
-2.088005E+1
-2.088005E+1
-2.088005E+1
-2.088005E+1
-2.088005E+1
-2.088005E+1
-2.088005E+1
-2.088005E+1
-2.088005E+1
-2.088005E+1
-2.088005E+1
-2.088005E+1
-2.088005E+1
-2.088005E+1
-2.088005E+1
-2.088005E+1
-2.088005E+1
-2.088005E+1
-2.088005E+1
-2.088005E+1
-2.088005E+1
-2.088005E+1
-2.088005E+1
-2.088005E+1
-2.088005E+1
-2.088005E+1
-2.088005E+1
-2.088005E+1
-2.088005E+1
-2.088005E+1
-2.088005E+1
-2.088005E+1
-2.088005E+1
-2.088005E+1
-2.088005E+1
-2.088005E+1
-2.088005E+1
-2.088005E+1
-2.088005E+1
-2.088005E+1
-2.088005E+1
-2.088005E+1
-2.088005E+1
-2.088005E+1
-2.088005E+1
-2.088005E+1
-2.088005E+1
-2.088005E+1
-2.088005E+1
-2.088005E+1
-2.088005E+1
-2.088005E+1
-2.088005E+1
-2.088005E+1
-2.088005E+1
-2.088005E+1
-2.088005E+1
-2.088005E+1
-2.088005E+1
-2.088005E+1
-2.088005E+1
-2.088005E+1
-2.088005E+1
-2.088005E+1
-2.088005E+1
-2.088005E+1
-2.088005E+1
-2.088005E+1
-2.088005E+1
-2.088005E+1
-2.088005E+1
-2.088005E+1
-2.088005E+1
-2.088005E+1
-2.088005E+1
-2.088005E+1
-1.665380E+1
-1.349330E+1
-1.234082E+1
-1.159259E+1
-1.103693E+1
-1.061357E+1
-1.029311E+1
-1.004321E+1
-9.899148E+0
-9.831528E+0
-9.857988E+0
-9.984408E+0
-1.021079E+1
-1.053860E+1
-1.092374E+1
-1.133681E+1
-1.178222E+1
-1.217765E+1
-1.256573E+1
-1.298027E+1
-1.372262E+1
-1.587911E+1
-2.088005E+1
-2.088005E+1
-2.088005E+1
-2.088005E+1
-2.088005E+1
-2.088005E+1
-2.088005E+1
-2.088005E+1
-2.088005E+1
-2.088005E+1
-2.088005E+1
-2.088005E+1
-2.088005E+1
-1.499858E+1
-1.309787E+1
-1.238492E+1
-1.198802E+1
-1.171607E+1
-1.147499E+1
-1.131035E+1
-1.113248E+1
-1.101341E+1
-1.096784E+1
-1.096784E+1
-1.106045E+1
-1.125743E+1
-1.153379E+1
-1.195274E+1
-1.261277E+1
-1.389020E+1
-1.849424E+1
-2.088005E+1
-2.088005E+1
-2.088005E+1
-2.088005E+1
-2.088005E+1
-2.088005E+1
-2.088005E+1
-2.088005E+1
-2.088005E+1
-1.499858E+1
-1.195274E+1
-1.075322E+1
-1.004321E+1
-9.590448E+0
-9.289098E+0
-9.108288E+0
-9.014208E+0
-8.996568E+0
-9.033318E+0
-9.118578E+0
-9.247938E+0
-9.418458E+0
-9.615438E+0
-9.857988E+0
-1.013288E+1
-1.048274E+1
-1.094579E+1
-1.153379E+1
-1.238492E+1
-1.380494E+1
-1.786949E+1
-2.088005E+1
-2.088005E+1
-2.088005E+1
-2.088005E+1
-2.088005E+1
-2.088005E+1
-2.088005E+1
-2.088005E+1
-2.088005E+1
-2.088005E+1
-2.088005E+1
-2.088005E+1
-2.088005E+1
-2.088005E+1
-2.088005E+1
-2.088005E+1
-2.088005E+1
-2.088005E+1
-2.088005E+1
-2.088005E+1
-2.088005E+1
-2.088005E+1
-2.088005E+1
-2.088005E+1
-2.088005E+1
-2.088005E+1
-2.088005E+1
-2.088005E+1
-2.088005E+1
-2.088005E+1
-2.088005E+1
-2.088005E+1
-2.088005E+1
-2.088005E+1
-2.088005E+1
-1.610843E+1
-1.426799E+1
-1.397840E+1
-1.448555E+1
-1.636421E+1
-2.088005E+1
-2.088005E+1
-2.088005E+1
-2.088005E+1
-2.088005E+1
-2.088005E+1
-2.088005E+1
-2.088005E+1
-2.088005E+1
-2.088005E+1
-2.088005E+1
-2.088005E+1
-2.088005E+1
-2.088005E+1
-2.088005E+1
-2.088005E+1
-2.088005E+1
-2.088005E+1
-2.088005E+1
-2.088005E+1
-2.088005E+1
-2.088005E+1
-2.088005E+1
-2.088005E+1
-2.088005E+1
-1.636421E+1
-1.485893E+1
-1.380494E+1
-1.292441E+1
-1.206152E+1
-1.125743E+1
-1.055624E+1
-9.969708E+0
-9.484608E+0
-9.108288E+0
-8.855448E+0
-8.698158E+0
-8.658468E+0
-8.737848E+0
-8.950998E+0
-9.299388E+0
-9.818298E+0
-1.057535E+1
-1.171607E+1
-1.389020E+1
-2.088005E+1
-2.088005E+1
-2.088005E+1
-2.088005E+1
-2.088005E+1
-2.088005E+1
-2.088005E+1
-2.088005E+1
-1.610843E+1
-1.548368E+1
-1.698896E+1
-2.088005E+1
-2.088005E+1
-2.088005E+1
-2.088005E+1
-2.088005E+1
-2.088005E+1
-2.088005E+1
-2.088005E+1
-2.088005E+1
-2.088005E+1
-2.088005E+1
-2.088005E+1
-2.088005E+1
-2.088005E+1
-2.088005E+1
-2.088005E+1
-2.088005E+1
-2.088005E+1
-2.088005E+1
-2.088005E+1
-2.088005E+1
-2.088005E+1
-2.088005E+1
-2.088005E+1
-2.088005E+1
-2.088005E+1
-2.088005E+1
-2.088005E+1
-2.088005E+1
-2.088005E+1
-2.088005E+1
-2.088005E+1
-2.088005E+1
-2.088005E+1
-1.786949E+1
-1.261277E+1
-1.118099E+1
-1.036073E+1
-9.831528E+0
-9.496368E+0
-9.299388E+0
-9.217068E+0
-9.217068E+0
-9.309678E+0
-9.462558E+0
-9.688938E+0
-9.955008E+0
-1.024313E+1
-1.051949E+1
-1.075322E+1
-1.096784E+1
-1.113248E+1
-1.128389E+1
-1.144706E+1
-1.168520E+1
-1.202477E+1
-1.247312E+1
-1.315961E+1
-1.397840E+1
-1.472663E+1
-1.514852E+1
-1.472663E+1
-1.372262E+1
-1.276271E+1
-1.198802E+1
-1.133681E+1
-1.090169E+1
-1.057535E+1
-1.039454E+1
-1.032692E+1
-1.036073E+1
-1.051949E+1
-1.079438E+1
-1.118099E+1
-1.168520E+1
-1.234082E+1
-1.315961E+1
-1.416803E+1
-1.499858E+1
-1.567331E+1
-1.548368E+1
-1.485893E+1
-1.397840E+1
-1.315961E+1
-1.247312E+1
-1.195274E+1
-1.159259E+1
-1.136327E+1
-1.128389E+1
-1.136327E+1
-1.171607E+1
-1.251869E+1
-1.437383E+1
-2.088005E+1
-2.088005E+1
-2.088005E+1
-2.088005E+1
-2.088005E+1
-2.088005E+1
-2.088005E+1
-2.088005E+1
-2.088005E+1
-2.088005E+1
-2.088005E+1
-2.088005E+1
-2.088005E+1
-2.088005E+1
-2.088005E+1
-2.088005E+1
-2.088005E+1
-2.088005E+1
-2.088005E+1
-2.088005E+1
-2.088005E+1
-2.088005E+1
-2.088005E+1
-2.088005E+1
-2.088005E+1
