Date/Time	2022-06-10 03:58:14
Line location	3
Line name	C1
OTDR wavelength [nm]	1310
OTDR pulse duration [ns]	2
OTDR scan time [s]	10
OTDR scan length [m]	1.500000E+2
Length offset [m]	0.000000E+0
Length increment [m]	3.996806E-2
Switch ID	VIAVI Solutions,OTU 8000E,11654,FO,16.76
OTDR ID	JDSU,OTU 8000E,11654,OTU(SmartOTU),V7.22

Reflected amplitude [dB]
6.679520E-1
6.591320E-1
6.297320E-1
5.871020E-1
5.444720E-1
5.077220E-1
4.768520E-1
4.562720E-1
4.445120E-1
4.503920E-1
4.783220E-1
5.238920E-1
5.724020E-1
6.165020E-1
6.532520E-1
6.826520E-1
7.047020E-1
7.208720E-1
7.296920E-1
7.296920E-1
7.076420E-1
6.532520E-1
5.797520E-1
5.003720E-1
4.180520E-1
3.298520E-1
2.372420E-1
1.461020E-1
6.525200E-2
-3.838000E-3
-6.263800E-2
-1.111480E-1
-1.523080E-1
-1.861180E-1
-2.125780E-1
-2.331580E-1
-2.478580E-1
-2.596180E-1
-2.684380E-1
-2.757880E-1
-2.831380E-1
-2.890180E-1
-2.948980E-1
-2.993080E-1
-3.051880E-1
-3.081280E-1
-3.125380E-1
-3.169480E-1
-3.213580E-1
-3.272380E-1
-3.345880E-1
-3.448780E-1
-3.566380E-1
-3.713380E-1
-3.875080E-1
-4.051480E-1
-4.242580E-1
-4.418980E-1
-4.610080E-1
-4.786480E-1
-4.948180E-1
-5.095180E-1
-5.227480E-1
-5.345080E-1
-5.418580E-1
-5.477380E-1
-5.506780E-1
-5.492080E-1
-5.418580E-1
-5.315680E-1
-5.183380E-1
-5.006980E-1
-4.727680E-1
-4.257280E-1
-3.581080E-1
-2.772580E-1
-1.875880E-1
-1.008580E-1
-2.735800E-2
3.144200E-2
7.554200E-2
1.064120E-1
1.269920E-1
1.387520E-1
1.416920E-1
1.299320E-1
9.318200E-2
3.879200E-2
-2.441800E-2
-9.056800E-2
-1.537780E-1
-2.184580E-1
-2.846080E-1
-3.492880E-1
-4.095580E-1
-4.654180E-1
-5.168680E-1
-5.639080E-1
-6.065380E-1
-6.418180E-1
-6.712180E-1
-6.962080E-1
-7.153180E-1
-7.285480E-1
-7.373680E-1
-7.432480E-1
-7.476580E-1
-7.491280E-1
-7.505980E-1
-7.520680E-1
-7.535380E-1
-7.550080E-1
-7.564780E-1
-7.579480E-1
-7.608880E-1
-7.638280E-1
-7.667680E-1
-7.711780E-1
-7.755880E-1
-7.799980E-1
-7.844080E-1
-7.873480E-1
-7.902880E-1
-7.917580E-1
-7.917580E-1
-7.902880E-1
-7.873480E-1
-7.844080E-1
-7.799980E-1
-7.785280E-1
-7.755880E-1
-7.755880E-1
-7.770580E-1
-7.785280E-1
-7.829380E-1
-7.873480E-1
-7.917580E-1
-7.961680E-1
-8.005780E-1
-8.035180E-1
-8.064580E-1
-8.079280E-1
-8.079280E-1
-8.064580E-1
-8.049880E-1
-8.005780E-1
-7.961680E-1
-7.873480E-1
-7.770580E-1
-7.638280E-1
-7.476580E-1
-7.300180E-1
-7.109080E-1
-6.903280E-1
-6.697480E-1
-6.521080E-1
-6.344680E-1
-6.182980E-1
-6.050680E-1
-5.947780E-1
-5.874280E-1
-5.830180E-1
-5.815480E-1
-5.815480E-1
-5.844880E-1
-5.903680E-1
-5.991880E-1
-6.094780E-1
-6.197680E-1
-6.329980E-1
-6.462280E-1
-6.579880E-1
-6.697480E-1
-6.785680E-1
-6.859180E-1
-6.917980E-1
-6.962080E-1
-7.006180E-1
-7.035580E-1
-7.064980E-1
-7.094380E-1
-7.138480E-1
-7.182580E-1
-7.226680E-1
-7.270780E-1
-7.300180E-1
-7.329580E-1
-7.344280E-1
-7.358980E-1
-7.344280E-1
-7.329580E-1
-7.329580E-1
-7.314880E-1
-7.314880E-1
-7.329580E-1
-7.344280E-1
-7.373680E-1
-7.403080E-1
-7.432480E-1
-7.461880E-1
-7.476580E-1
-7.461880E-1
-7.432480E-1
-7.388380E-1
-7.314880E-1
-7.256080E-1
-7.167880E-1
-7.094380E-1
-7.035580E-1
-6.976780E-1
-6.932680E-1
-6.903280E-1
-6.888580E-1
-6.903280E-1
-6.947380E-1
-6.991480E-1
-7.050280E-1
-7.109080E-1
-7.167880E-1
-7.197280E-1
-7.226680E-1
-7.226680E-1
-7.211980E-1
-7.211980E-1
-7.197280E-1
-7.197280E-1
-7.226680E-1
-7.270780E-1
-7.344280E-1
-7.432480E-1
-7.520680E-1
-7.608880E-1
-7.697080E-1
-7.770580E-1
-7.814680E-1
-7.844080E-1
-7.844080E-1
-7.829380E-1
-7.799980E-1
-7.755880E-1
-7.711780E-1
-7.652980E-1
-7.623580E-1
-7.579480E-1
-7.550080E-1
-7.520680E-1
-7.491280E-1
-7.476580E-1
-7.447180E-1
-7.417780E-1
-7.388380E-1
-7.358980E-1
-7.329580E-1
-7.300180E-1
-7.270780E-1
-7.241380E-1
-7.197280E-1
-7.153180E-1
-7.109080E-1
-7.050280E-1
-6.991480E-1
-6.947380E-1
-6.888580E-1
-6.844480E-1
-6.800380E-1
-6.741580E-1
-6.697480E-1
-6.638680E-1
-6.579880E-1
-6.535780E-1
-6.506380E-1
-6.476980E-1
-6.491680E-1
-6.506380E-1
-6.565180E-1
-6.653380E-1
-6.756280E-1
-6.888580E-1
-7.006180E-1
-7.138480E-1
-7.256080E-1
-7.373680E-1
-7.461880E-1
-7.535380E-1
-7.594180E-1
-7.623580E-1
-7.652980E-1
-7.652980E-1
-7.638280E-1
-7.608880E-1
-7.564780E-1
-7.505980E-1
-7.447180E-1
-7.373680E-1
-7.300180E-1
-7.226680E-1
-7.153180E-1
-7.079680E-1
-7.020880E-1
-6.976780E-1
-6.947380E-1
-6.932680E-1
-6.932680E-1
-6.932680E-1
-6.947380E-1
-6.962080E-1
-6.962080E-1
-6.976780E-1
-6.962080E-1
-6.947380E-1
-6.932680E-1
-6.903280E-1
-6.873880E-1
-6.859180E-1
-6.859180E-1
-6.888580E-1
-6.917980E-1
-6.976780E-1
-7.064980E-1
-7.138480E-1
-7.226680E-1
-7.314880E-1
-7.388380E-1
-7.461880E-1
-7.520680E-1
-7.579480E-1
-7.623580E-1
-7.682380E-1
-7.726480E-1
-7.770580E-1
-7.814680E-1
-7.829380E-1
-7.829380E-1
-7.785280E-1
-7.726480E-1
-7.652980E-1
-7.550080E-1
-7.447180E-1
-7.344280E-1
-7.270780E-1
-7.197280E-1
-7.167880E-1
-7.153180E-1
-7.153180E-1
-7.167880E-1
-7.182580E-1
-7.182580E-1
-7.197280E-1
-7.197280E-1
-7.182580E-1
-7.153180E-1
-7.109080E-1
-7.064980E-1
-7.006180E-1
-6.947380E-1
-6.873880E-1
-6.815080E-1
-6.770980E-1
-6.726880E-1
-6.697480E-1
-6.697480E-1
-6.697480E-1
-6.712180E-1
-6.726880E-1
-6.756280E-1
-6.800380E-1
-6.829780E-1
-6.873880E-1
-6.917980E-1
-6.947380E-1
-6.976780E-1
-7.006180E-1
-7.020880E-1
-7.050280E-1
-7.064980E-1
-7.064980E-1
-7.079680E-1
-7.109080E-1
-7.123780E-1
-7.153180E-1
-7.167880E-1
-7.197280E-1
-7.226680E-1
-7.256080E-1
-7.285480E-1
-7.329580E-1
-7.358980E-1
-7.403080E-1
-7.461880E-1
-7.505980E-1
-7.564780E-1
-7.608880E-1
-7.638280E-1
-7.667680E-1
-7.667680E-1
-7.638280E-1
-7.594180E-1
-7.520680E-1
-7.447180E-1
-7.358980E-1
-7.285480E-1
-7.226680E-1
-7.197280E-1
-7.197280E-1
-7.211980E-1
-7.256080E-1
-7.329580E-1
-7.388380E-1
-7.461880E-1
-7.520680E-1
-7.550080E-1
-7.564780E-1
-7.564780E-1
-7.550080E-1
-7.520680E-1
-7.476580E-1
-7.447180E-1
-7.417780E-1
-7.388380E-1
-7.358980E-1
-7.344280E-1
-7.329580E-1
-7.329580E-1
-7.344280E-1
-7.358980E-1
-7.403080E-1
-7.447180E-1
-7.505980E-1
-7.564780E-1
-7.623580E-1
-7.682380E-1
-7.726480E-1
-7.755880E-1
-7.770580E-1
-7.785280E-1
-7.799980E-1
-7.814680E-1
-7.814680E-1
-7.814680E-1
-7.799980E-1
-7.785280E-1
-7.741180E-1
-7.682380E-1
-7.608880E-1
-7.520680E-1
-7.447180E-1
-7.388380E-1
-7.358980E-1
-7.358980E-1
-7.388380E-1
-7.432480E-1
-7.491280E-1
-7.564780E-1
-7.608880E-1
-7.638280E-1
-7.638280E-1
-7.623580E-1
-7.594180E-1
-7.564780E-1
-7.520680E-1
-7.476580E-1
-7.447180E-1
-7.432480E-1
-7.403080E-1
-7.388380E-1
-7.358980E-1
-7.329580E-1
-7.300180E-1
-7.285480E-1
-7.256080E-1
-7.241380E-1
-7.226680E-1
-7.226680E-1
-7.211980E-1
-7.211980E-1
-7.197280E-1
-7.182580E-1
-7.167880E-1
-7.153180E-1
-7.153180E-1
-7.153180E-1
-7.167880E-1
-7.211980E-1
-7.256080E-1
-7.314880E-1
-7.373680E-1
-7.417780E-1
-7.447180E-1
-7.447180E-1
-7.432480E-1
-7.403080E-1
-7.344280E-1
-7.285480E-1
-7.226680E-1
-7.167880E-1
-7.123780E-1
-7.079680E-1
-7.064980E-1
-7.050280E-1
-7.050280E-1
-7.064980E-1
-7.079680E-1
-7.094380E-1
-7.109080E-1
-7.109080E-1
-7.109080E-1
-7.109080E-1
-7.109080E-1
-7.094380E-1
-7.094380E-1
-7.094380E-1
-7.109080E-1
-7.109080E-1
-7.123780E-1
-7.138480E-1
-7.153180E-1
-7.153180E-1
-7.138480E-1
-7.123780E-1
-7.094380E-1
-7.079680E-1
-7.050280E-1
-7.035580E-1
-7.020880E-1
-7.006180E-1
-6.991480E-1
-6.991480E-1
-6.976780E-1
-6.976780E-1
-6.976780E-1
-6.976780E-1
-6.991480E-1
-7.020880E-1
-7.064980E-1
-7.123780E-1
-7.197280E-1
-7.285480E-1
-7.388380E-1
-7.505980E-1
-7.623580E-1
-7.726480E-1
-7.829380E-1
-7.902880E-1
-7.961680E-1
-7.991080E-1
-8.005780E-1
-8.005780E-1
-7.976380E-1
-7.932280E-1
-7.873480E-1
-7.814680E-1
-7.755880E-1
-7.697080E-1
-7.638280E-1
-7.594180E-1
-7.550080E-1
-7.520680E-1
-7.505980E-1
-7.476580E-1
-7.447180E-1
-7.403080E-1
-7.344280E-1
-7.285480E-1
-7.197280E-1
-7.123780E-1
-7.050280E-1
-6.991480E-1
-6.962080E-1
-6.962080E-1
-6.976780E-1
-7.020880E-1
-7.079680E-1
-7.153180E-1
-7.197280E-1
-7.241380E-1
-7.256080E-1
-7.270780E-1
-7.256080E-1
-7.226680E-1
-7.197280E-1
-7.153180E-1
-7.094380E-1
-7.050280E-1
-6.991480E-1
-6.947380E-1
-6.903280E-1
-6.888580E-1
-6.873880E-1
-6.888580E-1
-6.917980E-1
-6.962080E-1
-7.035580E-1
-7.094380E-1
-7.182580E-1
-7.256080E-1
-7.314880E-1
-7.373680E-1
-7.417780E-1
-7.447180E-1
-7.476580E-1
-7.491280E-1
-7.505980E-1
-7.520680E-1
-7.535380E-1
-7.550080E-1
-7.564780E-1
-7.564780E-1
-7.550080E-1
-7.520680E-1
-7.476580E-1
-7.432480E-1
-7.373680E-1
-7.314880E-1
-7.256080E-1
-7.211980E-1
-7.167880E-1
-7.138480E-1
-7.109080E-1
-7.079680E-1
-7.064980E-1
-7.035580E-1
-7.020880E-1
-7.006180E-1
-7.006180E-1
-7.020880E-1
-7.050280E-1
-7.094380E-1
-7.153180E-1
-7.211980E-1
-7.285480E-1
-7.344280E-1
-7.403080E-1
-7.447180E-1
-7.491280E-1
-7.505980E-1
-7.520680E-1
-7.520680E-1
-7.520680E-1
-7.520680E-1
-7.520680E-1
-7.520680E-1
-7.520680E-1
-7.520680E-1
-7.520680E-1
-7.520680E-1
-7.505980E-1
-7.491280E-1
-7.476580E-1
-7.447180E-1
-7.432480E-1
-7.417780E-1
-7.417780E-1
-7.417780E-1
-7.432480E-1
-7.447180E-1
-7.476580E-1
-7.491280E-1
-7.535380E-1
-7.564780E-1
-7.594180E-1
-7.623580E-1
-7.623580E-1
-7.608880E-1
-7.564780E-1
-7.491280E-1
-7.388380E-1
-7.270780E-1
-7.153180E-1
-7.050280E-1
-6.947380E-1
-6.888580E-1
-6.859180E-1
-6.859180E-1
-6.888580E-1
-6.932680E-1
-6.976780E-1
-7.035580E-1
-7.079680E-1
-7.109080E-1
-7.138480E-1
-7.153180E-1
-7.167880E-1
-7.182580E-1
-7.197280E-1
-7.211980E-1
-7.226680E-1
-7.226680E-1
-7.241380E-1
-7.241380E-1
-7.226680E-1
-7.226680E-1
-7.226680E-1
-7.241380E-1
-7.241380E-1
-7.241380E-1
-7.241380E-1
-7.226680E-1
-7.211980E-1
-7.197280E-1
-7.182580E-1
-7.167880E-1
-7.153180E-1
-7.153180E-1
-7.167880E-1
-7.182580E-1
-7.197280E-1
-7.226680E-1
-7.270780E-1
-7.300180E-1
-7.344280E-1
-7.403080E-1
-7.461880E-1
-7.505980E-1
-7.564780E-1
-7.594180E-1
-7.608880E-1
-7.608880E-1
-7.564780E-1
-7.505980E-1
-7.417780E-1
-7.329580E-1
-7.226680E-1
-7.123780E-1
-7.035580E-1
-6.962080E-1
-6.917980E-1
-6.903280E-1
-6.903280E-1
-6.932680E-1
-6.976780E-1
-7.035580E-1
-7.094380E-1
-7.153180E-1
-7.197280E-1
-7.226680E-1
-7.241380E-1
-7.256080E-1
-7.241380E-1
-7.226680E-1
-7.211980E-1
-7.182580E-1
-7.167880E-1
-7.138480E-1
-7.123780E-1
-7.094380E-1
-7.064980E-1
-7.035580E-1
-7.006180E-1
-6.976780E-1
-6.962080E-1
-6.962080E-1
-6.991480E-1
-7.020880E-1
-7.079680E-1
-7.123780E-1
-7.182580E-1
-7.226680E-1
-7.256080E-1
-7.270780E-1
-7.256080E-1
-7.226680E-1
-7.182580E-1
-7.123780E-1
-7.064980E-1
-7.020880E-1
-6.976780E-1
-6.962080E-1
-6.947380E-1
-6.932680E-1
-6.932680E-1
-6.932680E-1
-6.932680E-1
-6.903280E-1
-6.888580E-1
-6.844480E-1
-6.800380E-1
-6.756280E-1
-6.726880E-1
-6.697480E-1
-6.697480E-1
-6.726880E-1
-6.770980E-1
-6.859180E-1
-6.947380E-1
-7.064980E-1
-7.182580E-1
-7.300180E-1
-7.417780E-1
-7.520680E-1
-7.608880E-1
-7.667680E-1
-7.697080E-1
-7.697080E-1
-7.667680E-1
-7.608880E-1
-7.535380E-1
-7.432480E-1
-7.314880E-1
-7.182580E-1
-7.064980E-1
-6.962080E-1
-6.888580E-1
-6.829780E-1
-6.800380E-1
-6.785680E-1
-6.815080E-1
-6.859180E-1
-6.917980E-1
-6.991480E-1
-7.064980E-1
-7.167880E-1
-7.256080E-1
-7.358980E-1
-7.447180E-1
-7.550080E-1
-7.638280E-1
-7.711780E-1
-7.770580E-1
-7.799980E-1
-7.829380E-1
-7.829380E-1
-7.829380E-1
-7.814680E-1
-7.799980E-1
-7.799980E-1
-7.814680E-1
-7.829380E-1
-7.858780E-1
-7.888180E-1
-7.917580E-1
-7.946980E-1
-7.961680E-1
-7.961680E-1
-7.946980E-1
-7.917580E-1
-7.858780E-1
-7.799980E-1
-7.726480E-1
-7.652980E-1
-7.594180E-1
-7.535380E-1
-7.491280E-1
-7.476580E-1
-7.461880E-1
-7.461880E-1
-7.476580E-1
-7.491280E-1
-7.491280E-1
-7.491280E-1
-7.476580E-1
-7.476580E-1
-7.461880E-1
-7.476580E-1
-7.491280E-1
-7.520680E-1
-7.550080E-1
-7.594180E-1
-7.623580E-1
-7.652980E-1
-7.667680E-1
-7.667680E-1
-7.667680E-1
-7.652980E-1
-7.652980E-1
-7.652980E-1
-7.667680E-1
-7.682380E-1
-7.697080E-1
-7.697080E-1
-7.697080E-1
-7.697080E-1
-7.697080E-1
-7.697080E-1
-7.682380E-1
-7.667680E-1
-7.652980E-1
-7.623580E-1
-7.594180E-1
-7.535380E-1
-7.476580E-1
-7.403080E-1
-7.329580E-1
-7.241380E-1
-7.138480E-1
-7.050280E-1
-6.962080E-1
-6.873880E-1
-6.800380E-1
-6.741580E-1
-6.697480E-1
-6.668080E-1
-6.653380E-1
-6.653380E-1
-6.668080E-1
-6.697480E-1
-6.741580E-1
-6.785680E-1
-6.844480E-1
-6.917980E-1
-6.991480E-1
-7.064980E-1
-7.138480E-1
-7.182580E-1
-7.226680E-1
-7.256080E-1
-7.270780E-1
-7.270780E-1
-7.256080E-1
-7.226680E-1
-7.197280E-1
-7.167880E-1
-7.138480E-1
-7.109080E-1
-7.079680E-1
-7.064980E-1
-7.064980E-1
-7.064980E-1
-7.094380E-1
-7.138480E-1
-7.197280E-1
-7.256080E-1
-7.314880E-1
-7.388380E-1
-7.432480E-1
-7.476580E-1
-7.491280E-1
-7.491280E-1
-7.476580E-1
-7.432480E-1
-7.373680E-1
-7.300180E-1
-7.211980E-1
-7.138480E-1
-7.050280E-1
-6.991480E-1
-6.932680E-1
-6.903280E-1
-6.888580E-1
-6.888580E-1
-6.917980E-1
-6.932680E-1
-6.962080E-1
-6.991480E-1
-7.035580E-1
-7.079680E-1
-7.153180E-1
-7.226680E-1
-7.329580E-1
-7.432480E-1
-7.535380E-1
-7.638280E-1
-7.726480E-1
-7.785280E-1
-7.814680E-1
-7.799980E-1
-7.770580E-1
-7.726480E-1
-7.652980E-1
-7.564780E-1
-7.491280E-1
-7.417780E-1
-7.344280E-1
-7.285480E-1
-7.226680E-1
-7.197280E-1
-7.182580E-1
-7.197280E-1
-7.226680E-1
-7.270780E-1
-7.344280E-1
-7.417780E-1
-7.491280E-1
-7.564780E-1
-7.638280E-1
-7.697080E-1
-7.726480E-1
-7.755880E-1
-7.770580E-1
-7.785280E-1
-7.799980E-1
-7.799980E-1
-7.814680E-1
-7.814680E-1
-7.814680E-1
-7.785280E-1
-7.755880E-1
-7.726480E-1
-7.682380E-1
-7.652980E-1
-7.623580E-1
-7.608880E-1
-7.608880E-1
-7.623580E-1
-7.638280E-1
-7.638280E-1
-7.623580E-1
-7.594180E-1
-7.550080E-1
-7.476580E-1
-7.403080E-1
-7.329580E-1
-7.270780E-1
-7.211980E-1
-7.182580E-1
-7.182580E-1
-7.197280E-1
-7.226680E-1
-7.285480E-1
-7.329580E-1
-7.373680E-1
-7.388380E-1
-7.403080E-1
-7.388380E-1
-7.344280E-1
-7.300180E-1
-7.226680E-1
-7.167880E-1
-7.109080E-1
-7.079680E-1
-7.050280E-1
-7.050280E-1
-7.079680E-1
-7.123780E-1
-7.197280E-1
-7.300180E-1
-7.447180E-1
-7.608880E-1
-7.829380E-1
-8.079280E-1
-8.373280E-1
-8.696680E-1
-9.064180E-1
-9.475780E-1
-9.902080E-1
-1.035778E+0
-1.084288E+0
-1.135738E+0
-1.188658E+0
-1.244518E+0
-1.301848E+0
-1.360648E+0
-1.419448E+0
-1.476778E+0
-1.532638E+0
-1.587028E+0
-1.635538E+0
-1.679638E+0
-1.719328E+0
-1.754608E+0
-1.784008E+0
-1.808998E+0
-1.829578E+0
-1.847218E+0
-1.861918E+0
-1.873678E+0
-1.882498E+0
-1.889848E+0
-1.895728E+0
-1.900138E+0
-1.904548E+0
-1.908958E+0
-1.913368E+0
-1.919248E+0
-1.925128E+0
-1.932478E+0
-1.938358E+0
-1.944238E+0
-1.950118E+0
-1.955998E+0
-1.958938E+0
-1.958938E+0
-1.957468E+0
-1.953058E+0
-1.947178E+0
-1.938358E+0
-1.929538E+0
-1.922188E+0
-1.916308E+0
-1.911898E+0
-1.911898E+0
-1.913368E+0
-1.917778E+0
-1.923658E+0
-1.929538E+0
-1.933948E+0
-1.938358E+0
-1.938358E+0
-1.938358E+0
-1.935418E+0
-1.932478E+0
-1.928068E+0
-1.923658E+0
-1.920718E+0
-1.919248E+0
-1.920718E+0
-1.925128E+0
-1.932478E+0
-1.944238E+0
-1.960408E+0
-1.978048E+0
-1.998628E+0
-2.019208E+0
-2.041258E+0
-2.060368E+0
-2.076538E+0
-2.088298E+0
-2.097118E+0
-2.102998E+0
-2.105938E+0
-2.105938E+0
-2.102998E+0
-2.100058E+0
-2.095648E+0
-2.089768E+0
-2.082418E+0
-2.076538E+0
-2.070658E+0
-2.066248E+0
-2.064778E+0
-2.064778E+0
-2.066248E+0
-2.070658E+0
-2.073598E+0
-2.078008E+0
-2.080948E+0
-2.082418E+0
-2.082418E+0
-2.083888E+0
-2.083888E+0
-2.088298E+0
-2.094178E+0
-2.102998E+0
-2.116228E+0
-2.130928E+0
-2.145628E+0
-2.160328E+0
-2.172088E+0
-2.179438E+0
-2.182378E+0
-2.182378E+0
-2.179438E+0
-2.176498E+0
-2.172088E+0
-2.170618E+0
-2.172088E+0
-2.175028E+0
-2.180908E+0
-2.188258E+0
-2.197078E+0
-2.207368E+0
-2.216188E+0
-2.226478E+0
-2.235298E+0
-2.244118E+0
-2.251468E+0
-2.257348E+0
-2.263228E+0
-2.269108E+0
-2.274988E+0
-2.280868E+0
-2.288218E+0
-2.297038E+0
-2.308798E+0
-2.323498E+0
-2.339668E+0
-2.355838E+0
-2.370538E+0
-2.383768E+0
-2.394058E+0
-2.398468E+0
-2.398468E+0
-2.394058E+0
-2.385238E+0
-2.374948E+0
-2.363188E+0
-2.351428E+0
-2.341138E+0
-2.333788E+0
-2.329378E+0
-2.327908E+0
-2.330848E+0
-2.336728E+0
-2.347018E+0
-2.360248E+0
-2.372008E+0
-2.385238E+0
-2.395528E+0
-2.401408E+0
-2.402878E+0
-2.396998E+0
-2.383768E+0
-2.364658E+0
-2.341138E+0
-2.314678E+0
-2.288218E+0
-2.263228E+0
-2.242648E+0
-2.229418E+0
-2.222068E+0
-2.222068E+0
-2.229418E+0
-2.242648E+0
-2.261758E+0
-2.283808E+0
-2.307328E+0
-2.332318E+0
-2.352898E+0
-2.372008E+0
-2.386708E+0
-2.395528E+0
-2.401408E+0
-2.401408E+0
-2.398468E+0
-2.392588E+0
-2.383768E+0
-2.376418E+0
-2.370538E+0
-2.366128E+0
-2.366128E+0
-2.367598E+0
-2.372008E+0
-2.376418E+0
-2.382298E+0
-2.385238E+0
-2.386708E+0
-2.386708E+0
-2.386708E+0
-2.385238E+0
-2.386708E+0
-2.389648E+0
-2.395528E+0
-2.404348E+0
-2.414638E+0
-2.427868E+0
-2.439628E+0
-2.451388E+0
-2.461678E+0
-2.470498E+0
-2.474908E+0
-2.476378E+0
-2.474908E+0
-2.467558E+0
-2.455798E+0
-2.442568E+0
-2.426398E+0
-2.411698E+0
-2.398468E+0
-2.389648E+0
-2.385238E+0
-2.388178E+0
-2.395528E+0
-2.408758E+0
-2.424928E+0
-2.444038E+0
-2.464618E+0
-2.482258E+0
-2.496958E+0
-2.507248E+0
-2.513128E+0
-2.514598E+0
-2.510188E+0
-2.501368E+0
-2.488138E+0
-2.476378E+0
-2.463148E+0
-2.452858E+0
-2.444038E+0
-2.438158E+0
-2.435218E+0
-2.432278E+0
-2.430808E+0
-2.429338E+0
-2.430808E+0
-2.432278E+0
-2.438158E+0
-2.448448E+0
-2.463148E+0
-2.482258E+0
-2.504308E+0
-2.527828E+0
-2.552818E+0
-2.573398E+0
-2.588098E+0
-2.596918E+0
-2.601328E+0
-2.598388E+0
-2.593978E+0
-2.588098E+0
-2.583688E+0
-2.582218E+0
-2.586628E+0
-2.595448E+0
-2.608678E+0
-2.627788E+0
-2.646898E+0
-2.664538E+0
-2.682178E+0
-2.693938E+0
-2.701288E+0
-2.704228E+0
-2.701288E+0
-2.698348E+0
-2.695408E+0
-2.690998E+0
-2.688058E+0
-2.685118E+0
-2.683648E+0
-2.682178E+0
-2.680708E+0
-2.676298E+0
-2.673358E+0
-2.667478E+0
-2.664538E+0
-2.661598E+0
-2.663068E+0
-2.667478E+0
-2.673358E+0
-2.682178E+0
-2.693938E+0
-2.704228E+0
-2.713048E+0
-2.720398E+0
-2.724808E+0
-2.727748E+0
-2.726278E+0
-2.723338E+0
-2.718928E+0
-2.714518E+0
-2.708638E+0
-2.705698E+0
-2.701288E+0
-2.699818E+0
-2.699818E+0
-2.701288E+0
-2.705698E+0
-2.711578E+0
-2.717458E+0
-2.724808E+0
-2.730688E+0
-2.738038E+0
-2.743918E+0
-2.749798E+0
-2.754208E+0
-2.757148E+0
-2.758618E+0
-2.757148E+0
-2.754208E+0
-2.746858E+0
-2.739508E+0
-2.730688E+0
-2.721868E+0
-2.713048E+0
-2.705698E+0
-2.701288E+0
-2.698348E+0
-2.698348E+0
-2.699818E+0
-2.702758E+0
-2.708638E+0
-2.714518E+0
-2.721868E+0
-2.727748E+0
-2.732158E+0
-2.735098E+0
-2.735098E+0
-2.732158E+0
-2.729218E+0
-2.724808E+0
-2.720398E+0
-2.718928E+0
-2.718928E+0
-2.721868E+0
-2.729218E+0
-2.736568E+0
-2.746858E+0
-2.760088E+0
-2.773318E+0
-2.788018E+0
-2.801248E+0
-2.814478E+0
-2.824768E+0
-2.833588E+0
-2.842408E+0
-2.849758E+0
-2.857108E+0
-2.865928E+0
-2.879158E+0
-2.893858E+0
-2.910028E+0
-2.927668E+0
-2.945308E+0
-2.960008E+0
-2.971768E+0
-2.976178E+0
-2.976178E+0
-2.970298E+0
-2.960008E+0
-2.946778E+0
-2.933548E+0
-2.921788E+0
-2.911498E+0
-2.907088E+0
-2.907088E+0
-2.911498E+0
-2.918848E+0
-2.929138E+0
-2.939428E+0
-2.949718E+0
-2.957068E+0
-2.960008E+0
-2.961478E+0
-2.961478E+0
-2.960008E+0
-2.958538E+0
-2.960008E+0
-2.964418E+0
-2.973238E+0
-2.986468E+0
-3.002638E+0
-3.021748E+0
-3.042328E+0
-3.062908E+0
-3.082018E+0
-3.099658E+0
-3.114358E+0
-3.124648E+0
-3.133468E+0
-3.140818E+0
-3.145228E+0
-3.149638E+0
-3.154048E+0
-3.158458E+0
-3.162868E+0
-3.167278E+0
-3.168748E+0
-3.171688E+0
-3.171688E+0
-3.170218E+0
-3.165808E+0
-3.159928E+0
-3.152578E+0
-3.145228E+0
-3.136408E+0
-3.129058E+0
-3.121708E+0
-3.117298E+0
-3.114358E+0
-3.112888E+0
-3.112888E+0
-3.114358E+0
-3.115828E+0
-3.115828E+0
-3.115828E+0
-3.114358E+0
-3.111418E+0
-3.107008E+0
-3.099658E+0
-3.090838E+0
-3.082018E+0
-3.074668E+0
-3.070258E+0
-3.070258E+0
-3.076138E+0
-3.089368E+0
-3.109948E+0
-3.136408E+0
-3.167278E+0
-3.201088E+0
-3.234898E+0
-3.264298E+0
-3.290758E+0
-3.308398E+0
-3.318688E+0
-3.321628E+0
-3.318688E+0
-3.311338E+0
-3.302518E+0
-3.292228E+0
-3.283408E+0
-3.278998E+0
-3.277528E+0
-3.280468E+0
-3.286348E+0
-3.295168E+0
-3.305458E+0
-3.317218E+0
-3.330448E+0
-3.342208E+0
-3.352498E+0
-3.361318E+0
-3.368668E+0
-3.373078E+0
-3.374548E+0
-3.373078E+0
-3.367198E+0
-3.356908E+0
-3.340738E+0
-3.321628E+0
-3.296638E+0
-3.270178E+0
-3.242248E+0
-3.214318E+0
-3.186388E+0
-3.162868E+0
-3.143758E+0
-3.133468E+0
-3.130528E+0
-3.136408E+0
-3.152578E+0
-3.177568E+0
-3.205498E+0
-3.237838E+0
-3.265768E+0
-3.284878E+0
-3.295168E+0
-3.292228E+0
-3.278998E+0
-3.256948E+0
-3.231958E+0
-3.209908E+0
-3.195208E+0
-3.189328E+0
-3.193738E+0
-3.208438E+0
-3.231958E+0
-3.259888E+0
-3.287818E+0
-3.312808E+0
-3.330448E+0
-3.342208E+0
-3.343678E+0
-3.339268E+0
-3.330448E+0
-3.320158E+0
-3.311338E+0
-3.305458E+0
-3.305458E+0
-3.312808E+0
-3.323098E+0
-3.337798E+0
-3.355438E+0
-3.368668E+0
-3.380428E+0
-3.386308E+0
-3.386308E+0
-3.378958E+0
-3.368668E+0
-3.358378E+0
-3.349558E+0
-3.343678E+0
-3.342208E+0
-3.348088E+0
-3.358378E+0
-3.376018E+0
-3.398068E+0
-3.425998E+0
-3.455398E+0
-3.486268E+0
-3.515668E+0
-3.540658E+0
-3.558298E+0
-3.570058E+0
-3.570058E+0
-3.561238E+0
-3.543598E+0
-3.521548E+0
-3.496558E+0
-3.473038E+0
-3.452458E+0
-3.440698E+0
-3.437758E+0
-3.440698E+0
-3.450988E+0
-3.465688E+0
-3.480388E+0
-3.490678E+0
-3.493618E+0
-3.489208E+0
-3.475978E+0
-3.455398E+0
-3.431878E+0
-3.405418E+0
-3.381898E+0
-3.364258E+0
-3.352498E+0
-3.348088E+0
-3.349558E+0
-3.359848E+0
-3.376018E+0
-3.398068E+0
-3.425998E+0
-3.452458E+0
-3.480388E+0
-3.503908E+0
-3.521548E+0
-3.527428E+0
-3.523018E+0
-3.511258E+0
-3.490678E+0
-3.467158E+0
-3.443638E+0
-3.424528E+0
-3.414238E+0
-3.414238E+0
-3.425998E+0
-3.446578E+0
-3.475978E+0
-3.509788E+0
-3.545068E+0
-3.575938E+0
-3.600928E+0
-3.615628E+0
-3.620038E+0
-3.615628E+0
-3.606808E+0
-3.595048E+0
-3.587698E+0
-3.586228E+0
-3.593578E+0
-3.608278E+0
-3.633268E+0
-3.662668E+0
-3.693538E+0
-3.719998E+0
-3.739108E+0
-3.749398E+0
-3.747928E+0
-3.733228E+0
-3.711178E+0
-3.684718E+0
-3.655318E+0
-3.628858E+0
-3.608278E+0
-3.595048E+0
-3.590638E+0
-3.595048E+0
-3.608278E+0
-3.627388E+0
-3.650908E+0
-3.675898E+0
-3.697948E+0
-3.712648E+0
-3.719998E+0
-3.717058E+0
-3.703828E+0
-3.684718E+0
-3.661198E+0
-3.637678E+0
-3.617098E+0
-3.603868E+0
-3.600928E+0
-3.606808E+0
-3.624448E+0
-3.652378E+0
-3.690598E+0
-3.733228E+0
-3.781738E+0
-3.828778E+0
-3.874348E+0
-3.912568E+0
-3.941968E+0
-3.959608E+0
-3.965488E+0
-3.958138E+0
-3.940498E+0
-3.914038E+0
-3.881698E+0
-3.849358E+0
-3.818488E+0
-3.792028E+0
-3.774388E+0
-3.762628E+0
-3.761158E+0
-3.767038E+0
-3.777328E+0
-3.793498E+0
-3.809668E+0
-3.822898E+0
-3.833188E+0
-3.839068E+0
-3.839068E+0
-3.833188E+0
-3.824368E+0
-3.815548E+0
-3.806728E+0
-3.802318E+0
-3.800848E+0
-3.803788E+0
-3.808198E+0
-3.815548E+0
-3.822898E+0
-3.827308E+0
-3.828778E+0
-3.825838E+0
-3.822898E+0
-3.817018E+0
-3.809668E+0
-3.803788E+0
-3.797908E+0
-3.794968E+0
-3.793498E+0
-3.792028E+0
-3.792028E+0
-3.792028E+0
-3.790558E+0
-3.789088E+0
-3.789088E+0
-3.793498E+0
-3.800848E+0
-3.815548E+0
-3.836128E+0
-3.862588E+0
-3.896398E+0
-3.934618E+0
-3.971368E+0
-4.005178E+0
-4.034578E+0
-4.053688E+0
-4.066918E+0
-4.069858E+0
-4.066918E+0
-4.058098E+0
-4.050748E+0
-4.043398E+0
-4.040458E+0
-4.041928E+0
-4.047808E+0
-4.062508E+0
-4.083088E+0
-4.106608E+0
-4.133068E+0
-4.158058E+0
-4.183048E+0
-4.202158E+0
-4.215388E+0
-4.219798E+0
-4.216858E+0
-4.209508E+0
-4.197748E+0
-4.185988E+0
-4.174228E+0
-4.165408E+0
-4.160998E+0
-4.159528E+0
-4.160998E+0
-4.163938E+0
-4.168348E+0
-4.175698E+0
-4.184518E+0
-4.196278E+0
-4.210978E+0
-4.230088E+0
-4.252138E+0
-4.278598E+0
-4.303588E+0
-4.324168E+0
-4.340338E+0
-4.347688E+0
-4.346218E+0
-4.340338E+0
-4.328578E+0
-4.315348E+0
-4.305058E+0
-4.296238E+0
-4.290358E+0
-4.285948E+0
-4.281538E+0
-4.272718E+0
-4.258018E+0
-4.237438E+0
-4.208038E+0
-4.174228E+0
-4.137478E+0
-4.100728E+0
-4.068388E+0
-4.041928E+0
-4.021348E+0
-4.002238E+0
-3.983128E+0
-3.958138E+0
-3.921388E+0
-3.866998E+0
-3.793498E+0
-3.703828E+0
-3.602398E+0
-3.499498E+0
-3.402478E+0
-3.158458E+0
-2.589568E+0
-1.829578E+0
-1.113688E+0
-5.006980E-1
3.144200E-2
4.548020E-1
7.590920E-1
9.707720E-1
1.114832E+0
1.213322E+0
1.272122E+0
1.285352E+0
1.236842E+0
1.119242E+0
9.472520E-1
7.385120E-1
4.886120E-1
1.960820E-1
-1.552480E-1
-5.844880E-1
-1.075468E+0
-1.587028E+0
-2.091238E+0
-2.579278E+0
-3.043798E+0
-3.487738E+0
-3.916978E+0
-4.337398E+0
-4.753408E+0
-5.170888E+0
-5.585428E+0
-5.999968E+0
-6.404218E+0
-6.805528E+0
-7.199488E+0
-7.589038E+0
-7.987408E+0
-8.399008E+0
-8.826778E+0
-9.272188E+0
-9.722008E+0
-1.015860E+1
-1.052169E+1
-1.077747E+1
-1.090389E+1
-1.085244E+1
-1.070397E+1
-1.052169E+1
-1.031148E+1
-1.012185E+1
-9.963088E+0
-9.846958E+0
-9.769048E+0
-9.738178E+0
-9.722008E+0
-9.752878E+0
-9.816088E+0
-9.929278E+0
-1.010274E+1
-1.035264E+1
-1.068045E+1
-1.109499E+1
-1.153746E+1
-1.191966E+1
-1.204902E+1
-1.179765E+1
-1.127433E+1
-1.060989E+1
-9.980728E+0
-9.438298E+0
-9.016408E+0
-8.681248E+0
-8.432818E+0
-8.271118E+0
-8.187328E+0
-8.157928E+0
-8.194678E+0
-8.287288E+0
-8.441638E+0
-8.662138E+0
-8.962018E+0
-9.358918E+0
-9.863128E+0
-1.052169E+1
-1.140222E+1
-1.265907E+1
-1.461858E+1
-2.050005E+1
-2.050005E+1
-2.050005E+1
-1.811424E+1
-1.447893E+1
-1.304274E+1
-1.213869E+1
-1.164477E+1
-1.140222E+1
-1.136841E+1
-1.157274E+1
-1.204902E+1
-1.297365E+1
-1.476852E+1
-2.050005E+1
-2.050005E+1
-2.050005E+1
-2.050005E+1
-2.050005E+1
-1.660896E+1
-1.369101E+1
-1.248855E+1
-1.175796E+1
-1.130520E+1
-1.101120E+1
-1.082745E+1
-1.063341E+1
-1.045554E+1
-1.027326E+1
-1.008510E+1
-9.896938E+0
-9.722008E+0
-9.589708E+0
-9.505918E+0
-9.492688E+0
-9.547078E+0
-9.648508E+0
-9.799918E+0
-9.980728E+0
-1.015860E+1
-1.031148E+1
-1.037322E+1
-1.033206E+1
-1.021446E+1
-1.004982E+1
-9.846958E+0
-9.633808E+0
-9.451528E+0
-9.295708E+0
-9.175168E+0
-9.094318E+0
-9.038458E+0
-9.026698E+0
-9.060508E+0
-9.116368E+0
-9.186928E+0
-9.283948E+0
-9.385378E+0
-9.464758E+0
-9.505918E+0
-9.492688E+0
-9.438298E+0
-9.347158E+0
-9.247198E+0
-9.163408E+0
-9.128128E+0
-9.151648E+0
-9.258958E+0
-9.464758E+0
-9.783748E+0
-1.021446E+1
-1.080099E+1
-1.153746E+1
-1.254441E+1
-1.378803E+1
-1.549911E+1
-1.811424E+1
-2.050005E+1
-2.050005E+1
-2.050005E+1
-2.050005E+1
-2.050005E+1
-2.050005E+1
-2.050005E+1
-1.748949E+1
-1.422315E+1
-1.254441E+1
-1.143456E+1
-1.060989E+1
-9.980728E+0
-9.519148E+0
-9.186928E+0
-8.950258E+0
-8.806198E+0
-8.747398E+0
-8.747398E+0
-8.806198E+0
-8.929678E+0
-9.104608E+0
-9.347158E+0
-9.677908E+0
-1.012185E+1
-1.072749E+1
-1.160802E+1
-1.311330E+1
-1.899477E+1
-2.050005E+1
-2.050005E+1
-2.050005E+1
-2.050005E+1
-2.050005E+1
-2.050005E+1
-2.050005E+1
-2.050005E+1
-1.510368E+1
-1.260027E+1
-1.153746E+1
-1.093035E+1
-1.056579E+1
-1.039380E+1
-1.035264E+1
-1.039380E+1
-1.045554E+1
-1.052169E+1
-1.052169E+1
-1.045554E+1
-1.033206E+1
-1.015860E+1
-9.963088E+0
-9.799918E+0
-9.663208E+0
-9.604408E+0
-9.589708E+0
-9.648508E+0
-9.769048E+0
-9.946918E+0
-1.017624E+1
-1.039380E+1
-1.054374E+1
-1.056579E+1
-1.043496E+1
-1.015860E+1
-9.783748E+0
-9.385378E+0
-9.004648E+0
-8.690068E+0
-8.448988E+0
-8.287288E+0
-8.194678E+0
-8.179978E+0
-8.240248E+0
-8.366668E+0
-8.553358E+0
-8.797378E+0
-9.104608E+0
-9.477988E+0
-9.946918E+0
-1.056579E+1
-1.146837E+1
-1.297365E+1
-2.050005E+1
-2.050005E+1
-2.050005E+1
-2.050005E+1
-2.050005E+1
-2.050005E+1
-2.050005E+1
-2.050005E+1
-2.050005E+1
-2.050005E+1
-1.476852E+1
-1.351020E+1
-1.318680E+1
-1.369101E+1
-1.549911E+1
-2.050005E+1
-2.050005E+1
-2.050005E+1
-2.050005E+1
-2.050005E+1
-2.050005E+1
-2.050005E+1
-2.050005E+1
-2.050005E+1
-2.050005E+1
-2.050005E+1
-2.050005E+1
-2.050005E+1
-2.050005E+1
-1.627380E+1
-1.447893E+1
-1.318680E+1
-1.209312E+1
-1.118319E+1
-1.043496E+1
-9.846958E+0
-9.372148E+0
-9.016408E+0
-8.757688E+0
-8.579818E+0
-8.482798E+0
-8.448988E+0
-8.475448E+0
-8.553358E+0
-8.700358E+0
-8.909098E+0
-9.186928E+0
-9.547078E+0
-1.003218E+1
-1.065693E+1
-1.146837E+1
-1.265907E+1
-1.476852E+1
-2.050005E+1
-2.050005E+1
-2.050005E+1
-2.050005E+1
-2.050005E+1
-2.050005E+1
-2.050005E+1
-2.050005E+1
-2.050005E+1
-2.050005E+1
-2.050005E+1
-2.050005E+1
-2.050005E+1
-2.050005E+1
-2.050005E+1
-2.050005E+1
-2.050005E+1
-2.050005E+1
-2.050005E+1
-2.050005E+1
-2.050005E+1
-1.627380E+1
-1.410555E+1
-1.290750E+1
-1.200492E+1
-1.133607E+1
-1.080099E+1
-1.037322E+1
-1.006746E+1
-9.846958E+0
-9.692608E+0
-9.589708E+0
-9.561778E+0
-9.575008E+0
-9.648508E+0
-9.769048E+0
-9.913108E+0
-1.012185E+1
-1.037322E+1
-1.065693E+1
-1.101120E+1
-1.143456E+1
-1.196082E+1
-1.265907E+1
-1.359840E+1
-1.493022E+1
-1.660896E+1
-1.700439E+1
-1.549911E+1
-1.359840E+1
-1.228275E+1
-1.127433E+1
-1.056579E+1
-1.004982E+1
-9.738178E+0
-9.589708E+0
-9.633808E+0
-9.863128E+0
-1.041438E+1
-1.146837E+1
-1.461858E+1
-2.050005E+1
-2.050005E+1
-2.050005E+1
-2.050005E+1
-2.050005E+1
-2.050005E+1
-2.050005E+1
-2.050005E+1
-2.050005E+1
-2.050005E+1
-2.050005E+1
-2.050005E+1
-2.050005E+1
-2.050005E+1
-2.050005E+1
-2.050005E+1
-2.050005E+1
-2.050005E+1
-1.461858E+1
-1.254441E+1
-1.150218E+1
-1.087743E+1
-1.047759E+1
-1.029237E+1
-1.021446E+1
-1.029237E+1
-1.047759E+1
-1.082745E+1
-1.130520E+1
-1.191966E+1
-1.260027E+1
-1.334262E+1
-1.422315E+1
-1.529331E+1
-1.700439E+1
-2.050005E+1
-2.050005E+1
-2.050005E+1
-2.050005E+1
-2.050005E+1
-2.050005E+1
-2.050005E+1
-2.050005E+1
-2.050005E+1
-2.050005E+1
-2.050005E+1
-2.050005E+1
-2.050005E+1
-2.050005E+1
-2.050005E+1
-2.050005E+1
-2.050005E+1
-2.050005E+1
-2.050005E+1
-2.050005E+1
-2.050005E+1
-2.050005E+1
-2.050005E+1
-2.050005E+1
-2.050005E+1
-2.050005E+1
-2.050005E+1
-2.050005E+1
-2.050005E+1
-2.050005E+1
-2.050005E+1
-2.050005E+1
-2.050005E+1
-2.050005E+1
-2.050005E+1
-2.050005E+1
-2.050005E+1
-2.050005E+1
-2.050005E+1
-2.050005E+1
-2.050005E+1
-2.050005E+1
-2.050005E+1
-2.050005E+1
-2.050005E+1
-1.510368E+1
-1.369101E+1
-1.318680E+1
-1.297365E+1
-1.304274E+1
-1.334262E+1
-1.388799E+1
-1.476852E+1
-1.572843E+1
-1.700439E+1
-1.748949E+1
-1.700439E+1
-1.627380E+1
-1.572843E+1
-1.598421E+1
-1.811424E+1
-2.050005E+1
-2.050005E+1
-2.050005E+1
-2.050005E+1
-2.050005E+1
-2.050005E+1
-2.050005E+1
-2.050005E+1
-2.050005E+1
-2.050005E+1
-2.050005E+1
-1.510368E+1
-1.318680E+1
-1.260027E+1
-1.254441E+1
-1.304274E+1
-1.434663E+1
-2.050005E+1
-2.050005E+1
-2.050005E+1
-2.050005E+1
-2.050005E+1
-2.050005E+1
-2.050005E+1
-2.050005E+1
-2.050005E+1
-2.050005E+1
-2.050005E+1
-2.050005E+1
-2.050005E+1
-2.050005E+1
-1.369101E+1
-1.101120E+1
-9.816088E+0
-9.060508E+0
-8.562178E+0
-8.240248E+0
-8.069728E+0
-8.013868E+0
-8.077078E+0
-8.254948E+0
-8.553358E+0
-8.982598E+0
-9.575008E+0
-1.043496E+1
-1.183734E+1
-1.660896E+1
-2.050005E+1
-2.050005E+1
-2.050005E+1
-2.050005E+1
-2.050005E+1
-2.050005E+1
-2.050005E+1
-2.050005E+1
-2.050005E+1
-2.050005E+1
-2.050005E+1
-2.050005E+1
-2.050005E+1
-2.050005E+1
-2.050005E+1
-2.050005E+1
-2.050005E+1
-2.050005E+1
-2.050005E+1
-2.050005E+1
-2.050005E+1
-2.050005E+1
-2.050005E+1
-1.461858E+1
-1.233273E+1
-1.143456E+1
-1.095681E+1
-1.075248E+1
-1.070397E+1
-1.080099E+1
-1.098327E+1
-1.127433E+1
-1.171974E+1
-1.238271E+1
-1.351020E+1
-1.627380E+1
-2.050005E+1
-2.050005E+1
-2.050005E+1
-2.050005E+1
-2.050005E+1
-2.050005E+1
-2.050005E+1
-2.050005E+1
-2.050005E+1
-2.050005E+1
-2.050005E+1
-2.050005E+1
-2.050005E+1
-2.050005E+1
-2.050005E+1
-1.342494E+1
-1.183734E+1
-1.106706E+1
-1.070397E+1
-1.060989E+1
-1.077747E+1
-1.127433E+1
-1.233273E+1
-1.572843E+1
-2.050005E+1
-2.050005E+1
-2.050005E+1
-2.050005E+1
-2.050005E+1
-2.050005E+1
-2.050005E+1
-2.050005E+1
-2.050005E+1
-2.050005E+1
-1.529331E+1
-1.238271E+1
-1.133607E+1
-1.085244E+1
-1.060989E+1
-1.056579E+1
-1.070397E+1
-1.098327E+1
-1.143456E+1
-1.223277E+1
-1.369101E+1
-2.050005E+1
-2.050005E+1
-2.050005E+1
-2.050005E+1
-2.050005E+1
-2.050005E+1
-2.050005E+1
-2.050005E+1
-2.050005E+1
-2.050005E+1
-2.050005E+1
-2.050005E+1
-1.209312E+1
-1.043496E+1
-9.477988E+0
-8.867938E+0
-8.448988E+0
-8.194678E+0
-8.063848E+0
-8.063848E+0
-8.194678E+0
-8.475448E+0
-8.950258E+0
-9.692608E+0
-1.098327E+1
-1.476852E+1
-2.050005E+1
-2.050005E+1
-2.050005E+1
-2.050005E+1
-2.050005E+1
-2.050005E+1
-2.050005E+1
-2.050005E+1
-2.050005E+1
-2.050005E+1
-2.050005E+1
-2.050005E+1
-2.050005E+1
-1.627380E+1
-1.271787E+1
-1.160802E+1
-1.101120E+1
-1.070397E+1
-1.056579E+1
-1.054374E+1
-1.063341E+1
-1.082745E+1
-1.109499E+1
-1.150218E+1
-1.204902E+1
-1.284135E+1
-1.410555E+1
-1.700439E+1
-2.050005E+1
-2.050005E+1
-2.050005E+1
-2.050005E+1
-2.050005E+1
-1.598421E+1
-1.318680E+1
-1.196082E+1
-1.118319E+1
-1.070397E+1
-1.037322E+1
-1.021446E+1
-1.017624E+1
-1.029237E+1
-1.052169E+1
-1.085244E+1
-1.133607E+1
-1.187850E+1
-1.254441E+1
-1.318680E+1
-1.369101E+1
-1.399383E+1
-1.422315E+1
-1.447893E+1
-1.510368E+1
-1.748949E+1
-2.050005E+1
-2.050005E+1
-2.050005E+1
-2.050005E+1
-2.050005E+1
-2.050005E+1
-2.050005E+1
-2.050005E+1
-2.050005E+1
-2.050005E+1
-2.050005E+1
-2.050005E+1
-2.050005E+1
-2.050005E+1
-2.050005E+1
-2.050005E+1
-2.050005E+1
-2.050005E+1
-2.050005E+1
-2.050005E+1
-2.050005E+1
-2.050005E+1
-2.050005E+1
-2.050005E+1
-2.050005E+1
-2.050005E+1
-2.050005E+1
-2.050005E+1
-2.050005E+1
-2.050005E+1
-2.050005E+1
-2.050005E+1
-2.050005E+1
-2.050005E+1
-2.050005E+1
-2.050005E+1
-2.050005E+1
-2.050005E+1
-2.050005E+1
-2.050005E+1
-2.050005E+1
-2.050005E+1
-2.050005E+1
-2.050005E+1
-2.050005E+1
-2.050005E+1
-1.318680E+1
-1.115379E+1
-1.006746E+1
-9.347158E+0
-8.816488E+0
-8.441638E+0
-8.172628E+0
-8.007988E+0
-7.925668E+0
-7.925668E+0
-8.007988E+0
-8.150578E+0
-8.334328E+0
-8.544538E+0
-8.757688E+0
-8.962018E+0
-9.139888E+0
-9.308938E+0
-9.451528E+0
-9.633808E+0
-9.863128E+0
-1.015860E+1
-1.058784E+1
-1.121259E+1
-1.213869E+1
-1.369101E+1
-2.050005E+1
-2.050005E+1
-2.050005E+1
-2.050005E+1
-2.050005E+1
-2.050005E+1
-2.050005E+1
-2.050005E+1
-1.660896E+1
-1.334262E+1
-1.233273E+1
-1.200492E+1
-1.209312E+1
-1.277961E+1
-1.476852E+1
-2.050005E+1
-2.050005E+1
-2.050005E+1
-2.050005E+1
-2.050005E+1
-2.050005E+1
-2.050005E+1
-2.050005E+1
-2.050005E+1
-2.050005E+1
-1.510368E+1
-1.248855E+1
-1.136841E+1
-1.068045E+1
-1.025268E+1
-1.001454E+1
-9.913108E+0
-9.913108E+0
-9.996898E+0
-1.013949E+1
-1.031148E+1
-1.045554E+1
-1.056579E+1
-1.060989E+1
-1.065693E+1
-1.068045E+1
-1.080099E+1
-1.101120E+1
-1.140222E+1
-1.196082E+1
-1.277961E+1
-1.388799E+1
-1.493022E+1
-1.529331E+1
-1.422315E+1
-1.304274E+1
-1.204902E+1
-1.130520E+1
-1.075248E+1
-1.037322E+1
-1.013949E+1
-9.996898E+0
-9.913108E+0
-9.863128E+0
-9.799918E+0
-9.722008E+0
-9.604408E+0
-9.477988E+0
-9.322168E+0
-9.186928E+0
-9.060508E+0
-8.982598E+0
-8.929678E+0
-8.909098E+0
-8.929678E+0
-8.972308E+0
-9.048748E+0
-9.116368E+0
-9.198688E+0
-9.283948E+0
-9.372148E+0
-9.451528E+0
-9.519148E+0
-9.604408E+0
-9.707308E+0
-9.816088E+0
-9.946918E+0
-1.013949E+1
-1.037322E+1
-1.068045E+1
-1.109499E+1
-1.168152E+1
-1.254441E+1
-1.422315E+1
-2.050005E+1
-2.050005E+1
-2.050005E+1
-2.050005E+1
-2.050005E+1
-2.050005E+1
-2.050005E+1
-2.050005E+1
-2.050005E+1
-2.050005E+1
-2.050005E+1
-2.050005E+1
-1.700439E+1
-1.284135E+1
-1.168152E+1
-1.115379E+1
-1.093035E+1
-1.093035E+1
-1.109499E+1
-1.136841E+1
-1.175796E+1
-1.228275E+1
-1.284135E+1
-1.351020E+1
-1.410555E+1
-1.476852E+1
-1.529331E+1
-1.529331E+1
-1.510368E+1
-1.447893E+1
-1.369101E+1
-1.290750E+1
-1.228275E+1
-1.171974E+1
-1.133607E+1
-1.106706E+1
-1.090389E+1
-1.090389E+1
-1.106706E+1
-1.143456E+1
-1.209312E+1
-1.318680E+1
-1.572843E+1
-2.050005E+1
-2.050005E+1
-2.050005E+1
-2.050005E+1
-2.050005E+1
-2.050005E+1
-2.050005E+1
-2.050005E+1
-1.399383E+1
-1.248855E+1
-1.164477E+1
-1.115379E+1
-1.085244E+1
-1.075248E+1
-1.082745E+1
-1.109499E+1
-1.153746E+1
-1.228275E+1
-1.351020E+1
-1.700439E+1
-2.050005E+1
-2.050005E+1
-2.050005E+1
-2.050005E+1
-2.050005E+1
-2.050005E+1
-2.050005E+1
-2.050005E+1
-2.050005E+1
-2.050005E+1
-2.050005E+1
-2.050005E+1
-2.050005E+1
-2.050005E+1
-2.050005E+1
-2.050005E+1
-2.050005E+1
-2.050005E+1
-2.050005E+1
-2.050005E+1
-2.050005E+1
-2.050005E+1
-1.493022E+1
-1.342494E+1
-1.284135E+1
-1.271787E+1
-1.284135E+1
-1.318680E+1
-1.378803E+1
-1.476852E+1
-1.627380E+1
-2.050005E+1
-2.050005E+1
-2.050005E+1
-2.050005E+1
-2.050005E+1
-2.050005E+1
-2.050005E+1
-2.050005E+1
-2.050005E+1
-2.050005E+1
-2.050005E+1
-2.050005E+1
-2.050005E+1
-2.050005E+1
-2.050005E+1
-2.050005E+1
-2.050005E+1
-2.050005E+1
-2.050005E+1
-2.050005E+1
-2.050005E+1
-2.050005E+1
-2.050005E+1
-2.050005E+1
-1.660896E+1
-1.209312E+1
-1.077747E+1
-1.001454E+1
-9.519148E+0
-9.175168E+0
-8.939968E+0
-8.797378E+0
-8.728288E+0
-8.719468E+0
-8.787088E+0
-8.939968E+0
-9.198688E+0
-9.561778E+0
-1.004982E+1
-1.072749E+1
-1.160802E+1
-1.290750E+1
-1.493022E+1
-2.050005E+1
-2.050005E+1
-2.050005E+1
-2.050005E+1
-2.050005E+1
-2.050005E+1
-2.050005E+1
-2.050005E+1
-2.050005E+1
-2.050005E+1
-2.050005E+1
-2.050005E+1
-2.050005E+1
-2.050005E+1
-2.050005E+1
-1.899477E+1
-1.422315E+1
-1.284135E+1
-1.196082E+1
-1.140222E+1
-1.103913E+1
-1.080099E+1
-1.070397E+1
-1.070397E+1
-1.077747E+1
-1.095681E+1
-1.115379E+1
-1.143456E+1
-1.171974E+1
-1.196082E+1
-1.218573E+1
-1.233273E+1
-1.248855E+1
-1.271787E+1
-1.304274E+1
-1.351020E+1
-1.410555E+1
-1.476852E+1
-1.529331E+1
-1.476852E+1
-1.369101E+1
-1.248855E+1
-1.150218E+1
-1.070397E+1
-1.008510E+1
-9.619108E+0
-9.295708E+0
-9.116368E+0
-9.048748E+0
-9.094318E+0
-9.258958E+0
-9.547078E+0
-9.946918E+0
-1.049964E+1
-1.121259E+1
-1.218573E+1
-1.359840E+1
-1.627380E+1
-2.050005E+1
-2.050005E+1
-2.050005E+1
-2.050005E+1
-2.050005E+1
-2.050005E+1
-2.050005E+1
-2.050005E+1
-2.050005E+1
-2.050005E+1
-2.050005E+1
-2.050005E+1
-2.050005E+1
-2.050005E+1
-2.050005E+1
-2.050005E+1
-2.050005E+1
-2.050005E+1
-2.050005E+1
-2.050005E+1
-1.598421E+1
-1.297365E+1
-1.179765E+1
-1.112439E+1
-1.065693E+1
-1.027326E+1
-9.963088E+0
-9.707308E+0
-9.477988E+0
-9.283948E+0
-9.116368E+0
-8.994358E+0
-8.909098E+0
-8.857648E+0
-8.847358E+0
-8.867938E+0
-8.929678E+0
-9.038458E+0
-9.175168E+0
-9.358918E+0
-9.589708E+0
-9.879298E+0
-1.021446E+1
-1.056579E+1
-1.098327E+1
-1.140222E+1
-1.183734E+1
-1.223277E+1
-1.254441E+1
-1.271787E+1
-1.284135E+1
-1.284135E+1
-1.271787E+1
-1.243563E+1
-1.204902E+1
-1.157274E+1
-1.109499E+1
-1.065693E+1
-1.025268E+1
-9.963088E+0
-9.783748E+0
-9.752878E+0
-9.879298E+0
-1.023357E+1
-1.093035E+1
-1.238271E+1
-2.050005E+1
-2.050005E+1
-2.050005E+1
-2.050005E+1
-2.050005E+1
-2.050005E+1
-2.050005E+1
-2.050005E+1
-2.050005E+1
-2.050005E+1
-2.050005E+1
-2.050005E+1
-2.050005E+1
-2.050005E+1
-2.050005E+1
-2.050005E+1
-2.050005E+1
-2.050005E+1
-2.050005E+1
-2.050005E+1
-2.050005E+1
-2.050005E+1
-2.050005E+1
-2.050005E+1
-2.050005E+1
-2.050005E+1
-2.050005E+1
-2.050005E+1
-2.050005E+1
-2.050005E+1
-2.050005E+1
-2.050005E+1
-2.050005E+1
-2.050005E+1
-1.529331E+1
-1.318680E+1
-1.213869E+1
-1.150218E+1
-1.109499E+1
-1.093035E+1
-1.090389E+1
-1.098327E+1
-1.115379E+1
-1.136841E+1
-1.157274E+1
-1.171974E+1
-1.175796E+1
-1.168152E+1
-1.150218E+1
-1.133607E+1
-1.115379E+1
-1.098327E+1
-1.082745E+1
-1.072749E+1
-1.070397E+1
-1.075248E+1
-1.090389E+1
-1.118319E+1
-1.168152E+1
-1.260027E+1
-1.461858E+1
-2.050005E+1
-2.050005E+1
-2.050005E+1
-2.050005E+1
-2.050005E+1
-2.050005E+1
-2.050005E+1
-2.050005E+1
-2.050005E+1
-2.050005E+1
-2.050005E+1
-2.050005E+1
-2.050005E+1
-2.050005E+1
-2.050005E+1
-1.326324E+1
-1.093035E+1
-9.879298E+0
-9.283948E+0
-8.919388E+0
-8.728288E+0
-8.681248E+0
-8.757688E+0
-8.950258E+0
-9.235438E+0
-9.633808E+0
-1.012185E+1
-1.068045E+1
-1.124346E+1
-1.171974E+1
-1.191966E+1
-1.183734E+1
-1.150218E+1
-1.112439E+1
-1.075248E+1
-1.045554E+1
-1.031148E+1
-1.027326E+1
-1.039380E+1
-1.068045E+1
-1.115379E+1
-1.196082E+1
-1.334262E+1
-1.748949E+1
-2.050005E+1
-2.050005E+1
-2.050005E+1
-2.050005E+1
-2.050005E+1
-2.050005E+1
-2.050005E+1
-2.050005E+1
-2.050005E+1
-1.700439E+1
-1.271787E+1
-1.121259E+1
-1.031148E+1
-9.707308E+0
-9.272188E+0
-8.972308E+0
-8.776798E+0
-8.690068E+0
-8.690068E+0
-8.776798E+0
-8.939968E+0
-9.198688E+0
-9.533848E+0
-9.929278E+0
-1.039380E+1
-1.082745E+1
-1.115379E+1
-1.133607E+1
-1.136841E+1
-1.124346E+1
-1.112439E+1
-1.103913E+1
-1.109499E+1
-1.130520E+1
-1.168152E+1
-1.233273E+1
-1.326324E+1
-1.476852E+1
-1.700439E+1
-1.811424E+1
-1.627380E+1
-1.447893E+1
-1.318680E+1
-1.238271E+1
-1.187850E+1
-1.164477E+1
-1.164477E+1
-1.191966E+1
-1.248855E+1
-1.369101E+1
-1.700439E+1
-2.050005E+1
-2.050005E+1
-2.050005E+1
-2.050005E+1
-2.050005E+1
-2.050005E+1
-2.050005E+1
-2.050005E+1
-2.050005E+1
-2.050005E+1
-2.050005E+1
-2.050005E+1
-2.050005E+1
-2.050005E+1
-2.050005E+1
-2.050005E+1
-2.050005E+1
-2.050005E+1
-2.050005E+1
-1.359840E+1
-1.233273E+1
-1.183734E+1
-1.168152E+1
-1.179765E+1
-1.204902E+1
-1.238271E+1
-1.265907E+1
-1.277961E+1
-1.254441E+1
-1.200492E+1
-1.140222E+1
-1.087743E+1
-1.045554E+1
-1.013949E+1
-9.963088E+0
-9.896938E+0
-9.963088E+0
-1.015860E+1
-1.045554E+1
-1.085244E+1
-1.133607E+1
-1.183734E+1
-1.228275E+1
-1.248855E+1
-1.248855E+1
-1.228275E+1
-1.204902E+1
-1.175796E+1
-1.146837E+1
-1.121259E+1
-1.098327E+1
-1.080099E+1
-1.065693E+1
-1.056579E+1
-1.054374E+1
-1.056579E+1
-1.068045E+1
-1.090389E+1
-1.121259E+1
-1.168152E+1
-1.228275E+1
-1.304274E+1
-1.410555E+1
-1.510368E+1
-1.549911E+1
-1.493022E+1
-1.388799E+1
-1.277961E+1
-1.187850E+1
-1.115379E+1
-1.056579E+1
-1.010274E+1
-9.722008E+0
-9.398608E+0
-9.104608E+0
-8.857648E+0
-8.653318E+0
-8.491618E+0
-8.374018E+0
-8.325508E+0
-8.341678E+0
-8.441638E+0
-8.643028E+0
-8.950258E+0
-9.398608E+0
-1.001454E+1
-1.093035E+1
-1.248855E+1
-1.811424E+1
-2.050005E+1
-2.050005E+1
-2.050005E+1
-2.050005E+1
-2.050005E+1
-2.050005E+1
-2.050005E+1
-2.050005E+1
-2.050005E+1
-2.050005E+1
-2.050005E+1
-2.050005E+1
-2.050005E+1
-2.050005E+1
-1.529331E+1
-1.369101E+1
-1.318680E+1
-1.318680E+1
-1.342494E+1
-1.388799E+1
-1.422315E+1
-1.447893E+1
-1.410555E+1
-1.342494E+1
-1.260027E+1
-1.187850E+1
-1.127433E+1
-1.077747E+1
-1.035264E+1
-1.001454E+1
-9.783748E+0
-9.604408E+0
-9.464758E+0
-9.372148E+0
-9.308938E+0
-9.295708E+0
-9.283948E+0
-9.295708E+0
-9.308938E+0
-9.322168E+0
-9.333928E+0
-9.347158E+0
-9.333928E+0
-9.283948E+0
-9.210448E+0
-9.094318E+0
-8.939968E+0
-8.747398E+0
-8.553358E+0
-8.374018E+0
-8.216728E+0
-8.113828E+0
-8.063848E+0
-8.084428E+0
-8.172628E+0
-8.325508E+0
-8.535718E+0
-8.767978E+0
-9.004648E+0
-9.210448E+0
-9.347158E+0
-9.411838E+0
-9.398608E+0
-9.333928E+0
-9.258958E+0
-9.186928E+0
-9.128128E+0
-9.082558E+0
-9.048748E+0
-9.048748E+0
-9.070798E+0
-9.139888E+0
-9.247198E+0
-9.385378E+0
-9.547078E+0
-9.707308E+0
-9.830788E+0
-9.896938E+0
-9.846958E+0
-9.722008E+0
-9.575008E+0
-9.438298E+0
-9.333928E+0
-9.295708E+0
-9.372148E+0
-9.547078E+0
-9.846958E+0
-1.029237E+1
-1.090389E+1
-1.179765E+1
-1.318680E+1
-1.660896E+1
-2.050005E+1
-2.050005E+1
-2.050005E+1
-2.050005E+1
-2.050005E+1
-2.050005E+1
-2.050005E+1
-1.447893E+1
-1.326324E+1
-1.277961E+1
-1.265907E+1
-1.284135E+1
-1.334262E+1
-1.434663E+1
-1.748949E+1
-2.050005E+1
-2.050005E+1
-2.050005E+1
-2.050005E+1
-2.050005E+1
-2.050005E+1
-2.050005E+1
-2.050005E+1
-2.050005E+1
-1.811424E+1
-1.529331E+1
-1.422315E+1
-1.351020E+1
-1.297365E+1
-1.254441E+1
-1.213869E+1
-1.171974E+1
-1.127433E+1
-1.082745E+1
-1.045554E+1
-1.012185E+1
-9.879298E+0
-9.722008E+0
-9.677908E+0
-9.769048E+0
-1.001454E+1
-1.045554E+1
-1.115379E+1
-1.228275E+1
-1.461858E+1
-2.050005E+1
-2.050005E+1
-2.050005E+1
-2.050005E+1
-2.050005E+1
-1.660896E+1
-1.297365E+1
-1.153746E+1
-1.065693E+1
-1.004982E+1
-9.619108E+0
-9.283948E+0
-9.026698E+0
-8.826778E+0
-8.670958E+0
-8.570998E+0
-8.500438E+0
-8.466628E+0
-8.482798E+0
-8.570998E+0
-8.719468E+0
-8.962018E+0
-9.295708E+0
-9.752878E+0
-1.035264E+1
-1.115379E+1
-1.213869E+1
-1.326324E+1
-1.422315E+1
-1.447893E+1
-1.369101E+1
-1.271787E+1
-1.183734E+1
-1.115379E+1
-1.065693E+1
-1.025268E+1
-9.946918E+0
-9.707308E+0
-9.519148E+0
-9.385378E+0
-9.295708E+0
-9.258958E+0
-9.283948E+0
-9.398608E+0
-9.633808E+0
-9.996898E+0
-1.054374E+1
-1.136841E+1
-1.265907E+1
-1.510368E+1
-2.050005E+1
-2.050005E+1
-2.050005E+1
-1.899477E+1
-1.422315E+1
-1.284135E+1
-1.218573E+1
-1.191966E+1
-1.200492E+1
-1.248855E+1
-1.351020E+1
-1.660896E+1
-2.050005E+1
-2.050005E+1
-2.050005E+1
-2.050005E+1
-2.050005E+1
-2.050005E+1
-2.050005E+1
-2.050005E+1
-2.050005E+1
-1.529331E+1
-1.378803E+1
-1.297365E+1
-1.248855E+1
-1.213869E+1
-1.179765E+1
-1.153746E+1
-1.130520E+1
-1.106706E+1
-1.085244E+1
-1.063341E+1
-1.045554E+1
-1.031148E+1
-1.021446E+1
-1.015860E+1
-1.015860E+1
-1.021446E+1
-1.033206E+1
-1.054374E+1
-1.085244E+1
-1.124346E+1
-1.179765E+1
-1.254441E+1
-1.359840E+1
-1.476852E+1
-1.598421E+1
-1.598421E+1
-1.476852E+1
-1.342494E+1
-1.233273E+1
-1.146837E+1
-1.082745E+1
-1.033206E+1
-9.946918E+0
-9.633808E+0
-9.385378E+0
-9.198688E+0
-9.048748E+0
-8.919388E+0
-8.816488E+0
-8.747398E+0
-8.719468E+0
-8.738578E+0
-8.797378E+0
-8.909098E+0
-9.070798E+0
-9.295708E+0
-9.619108E+0
-1.004982E+1
-1.068045E+1
-1.171974E+1
-1.410555E+1
-2.050005E+1
-2.050005E+1
-2.050005E+1
-2.050005E+1
-2.050005E+1
-2.050005E+1
-2.050005E+1
-2.050005E+1
-2.050005E+1
-2.050005E+1
-2.050005E+1
-1.660896E+1
-1.304274E+1
-1.187850E+1
-1.121259E+1
-1.080099E+1
-1.049964E+1
-1.031148E+1
-1.019535E+1
-1.013949E+1
-1.012185E+1
-1.008510E+1
-1.003218E+1
-9.929278E+0
-9.752878E+0
-9.547078E+0
-9.322168E+0
-9.094318E+0
-8.919388E+0
-8.787088E+0
-8.719468E+0
-8.728288E+0
-8.806198E+0
-8.939968E+0
-9.139888E+0
-9.372148E+0
-9.648508E+0
-9.929278E+0
-1.021446E+1
-1.045554E+1
-1.063341E+1
-1.077747E+1
-1.087743E+1
-1.095681E+1
-1.101120E+1
-1.103913E+1
-1.106706E+1
-1.106706E+1
-1.106706E+1
-1.101120E+1
-1.093035E+1
-1.085244E+1
-1.082745E+1
-1.082745E+1
-1.085244E+1
-1.090389E+1
-1.095681E+1
-1.093035E+1
-1.075248E+1
-1.045554E+1
-1.003218E+1
-9.589708E+0
-9.139888E+0
-8.738578E+0
-8.391658E+0
-8.113828E+0
-7.919788E+0
-7.790428E+0
-7.730158E+0
-7.730158E+0
-7.778668E+0
-7.866868E+0
-7.972708E+0
-8.077078E+0
-8.179978E+0
-8.254948E+0
-8.310808E+0
-8.341678E+0
-8.366668E+0
-8.399008E+0
-8.457808E+0
-8.535718E+0
-8.653318E+0
-8.806198E+0
-9.004648E+0
-9.247198E+0
-9.547078E+0
-9.896938E+0
-1.031148E+1
-1.077747E+1
-1.130520E+1
-1.183734E+1
-1.233273E+1
-1.254441E+1
-1.254441E+1
-1.228275E+1
-1.187850E+1
-1.153746E+1
-1.130520E+1
-1.115379E+1
-1.112439E+1
-1.124346E+1
-1.143456E+1
-1.179765E+1
-1.223277E+1
-1.271787E+1
-1.334262E+1
-1.388799E+1
-1.399383E+1
-1.378803E+1
-1.318680E+1
-1.248855E+1
-1.179765E+1
-1.118319E+1
-1.070397E+1
-1.037322E+1
-1.017624E+1
-1.006746E+1
-1.004982E+1
-1.012185E+1
-1.023357E+1
-1.033206E+1
-1.039380E+1
-1.035264E+1
-1.025268E+1
-1.010274E+1
-9.929278E+0
-9.799918E+0
-9.722008E+0
-9.722008E+0
-9.799918E+0
-9.980728E+0
-1.027326E+1
-1.075248E+1
-1.150218E+1
-1.290750E+1
-2.050005E+1
-2.050005E+1
-2.050005E+1
-2.050005E+1
-2.050005E+1
-2.050005E+1
-2.050005E+1
-2.050005E+1
-2.050005E+1
-2.050005E+1
-2.050005E+1
-2.050005E+1
-2.050005E+1
-2.050005E+1
-2.050005E+1
-2.050005E+1
-2.050005E+1
-2.050005E+1
-2.050005E+1
-2.050005E+1
-2.050005E+1
-2.050005E+1
-2.050005E+1
-2.050005E+1
-2.050005E+1
-2.050005E+1
-2.050005E+1
-2.050005E+1
-1.493022E+1
-1.304274E+1
-1.213869E+1
-1.160802E+1
-1.121259E+1
-1.093035E+1
-1.065693E+1
-1.041438E+1
-1.017624E+1
-9.946918E+0
-9.752878E+0
-9.589708E+0
-9.477988E+0
-9.425068E+0
-9.398608E+0
-9.425068E+0
-9.464758E+0
-9.533848E+0
-9.604408E+0
-9.648508E+0
-9.663208E+0
-9.633808E+0
-9.575008E+0
-9.464758E+0
-9.322168E+0
-9.128128E+0
-8.898808E+0
-8.670958E+0
-8.441638E+0
-8.232898E+0
-8.069728E+0
-7.953598E+0
-7.893328E+0
-7.899208E+0
-7.959478E+0
-8.084428E+0
-8.263768E+0
-8.491618E+0
-8.757688E+0
-9.048748E+0
-9.372148E+0
-9.707308E+0
-1.006746E+1
-1.041438E+1
-1.075248E+1
-1.106706E+1
-1.130520E+1
-1.150218E+1
-1.168152E+1
-1.187850E+1
-1.213869E+1
-1.271787E+1
-1.399383E+1
-2.050005E+1
-2.050005E+1
-2.050005E+1
-2.050005E+1
-2.050005E+1
-2.050005E+1
-2.050005E+1
-2.050005E+1
-2.050005E+1
-2.050005E+1
-2.050005E+1
-2.050005E+1
-2.050005E+1
-2.050005E+1
-2.050005E+1
-1.388799E+1
-1.218573E+1
-1.136841E+1
-1.082745E+1
-1.041438E+1
-1.004982E+1
-9.722008E+0
-9.451528E+0
-9.222208E+0
-9.060508E+0
-8.950258E+0
-8.909098E+0
-8.929678E+0
-9.004648E+0
-9.116368E+0
-9.258958E+0
-9.411838E+0
-9.561778E+0
-9.707308E+0
-9.846958E+0
-9.963088E+0
-1.008510E+1
-1.023357E+1
-1.041438E+1
-1.063341E+1
-1.090389E+1
-1.127433E+1
-1.179765E+1
-1.254441E+1
-1.388799E+1
-1.899477E+1
-2.050005E+1
-2.050005E+1
-2.050005E+1
-2.050005E+1
-2.050005E+1
-2.050005E+1
-1.700439E+1
-1.233273E+1
-1.077747E+1
-9.816088E+0
-9.175168E+0
-8.757688E+0
-8.509258E+0
-8.423998E+0
-8.491618E+0
-8.709178E+0
-9.104608E+0
-9.707308E+0
-1.060989E+1
-1.204902E+1
-1.549911E+1
-2.050005E+1
-2.050005E+1
-2.050005E+1
-2.050005E+1
-2.050005E+1
-2.050005E+1
-2.050005E+1
-2.050005E+1
-2.050005E+1
-2.050005E+1
-2.050005E+1
-2.050005E+1
-2.050005E+1
-2.050005E+1
-2.050005E+1
-2.050005E+1
-2.050005E+1
-1.388799E+1
-1.209312E+1
-1.103913E+1
-1.023357E+1
-9.575008E+0
-9.026698E+0
-8.570998E+0
-8.202028E+0
-7.899208E+0
-7.669888E+0
-7.505248E+0
-7.414108E+0
-7.397938E+0
-7.440568E+0
-7.543468E+0
-7.699288E+0
-7.887448E+0
-8.106478E+0
-8.334328E+0
-8.562178E+0
-8.776798E+0
-8.962018E+0
-9.139888E+0
-9.308938E+0
-9.477988E+0
-9.663208E+0
-9.863128E+0
-1.010274E+1
-1.037322E+1
-1.068045E+1
-1.101120E+1
-1.133607E+1
-1.164477E+1
-1.187850E+1
-1.200492E+1
-1.204902E+1
-1.204902E+1
-1.196082E+1
-1.183734E+1
-1.175796E+1
-1.168152E+1
-1.164477E+1
-1.164477E+1
-1.171974E+1
-1.191966E+1
-1.238271E+1
-1.326324E+1
-1.529331E+1
-2.050005E+1
-2.050005E+1
-2.050005E+1
-2.050005E+1
-2.050005E+1
-2.050005E+1
-2.050005E+1
-1.700439E+1
-1.260027E+1
-1.112439E+1
-1.025268E+1
-9.619108E+0
-9.151648E+0
-8.776798E+0
-8.475448E+0
-8.224078E+0
-8.028568E+0
-7.880098E+0
-7.784548E+0
-7.736038E+0
-7.736038E+0
-7.790428E+0
-7.887448E+0
-8.013868E+0
