Date/Time	2022-06-09 12:57:42
Line location	1
Line name	A1
OTDR wavelength [nm]	1310
OTDR pulse duration [ns]	2
OTDR scan time [s]	10
OTDR scan length [m]	1.500000E+2
Length offset [m]	0.000000E+0
Length increment [m]	3.996806E-2
Switch ID	VIAVI Solutions,OTU 8000E,11654,FO,16.76
OTDR ID	JDSU,OTU 8000E,11654,OTU(SmartOTU),V7.22

Reflected amplitude [dB]
6.767720E-1
6.708920E-1
6.532520E-1
6.165020E-1
5.738720E-1
5.341820E-1
5.018420E-1
4.783220E-1
4.621520E-1
4.577420E-1
4.797920E-1
5.224220E-1
5.709320E-1
6.150320E-1
6.532520E-1
6.826520E-1
7.047020E-1
7.194020E-1
7.282220E-1
7.208720E-1
6.929420E-1
6.459020E-1
5.812220E-1
5.062520E-1
4.283420E-1
3.372020E-1
2.445920E-1
1.593320E-1
8.583200E-2
2.262200E-2
-3.176800E-2
-8.027800E-2
-1.243780E-1
-1.611280E-1
-1.949380E-1
-2.228680E-1
-2.463880E-1
-2.669680E-1
-2.846080E-1
-3.007780E-1
-3.140080E-1
-3.257680E-1
-3.360580E-1
-3.463480E-1
-3.566380E-1
-3.669280E-1
-3.757480E-1
-3.860380E-1
-3.977980E-1
-4.095580E-1
-4.227880E-1
-4.360180E-1
-4.507180E-1
-4.654180E-1
-4.801180E-1
-4.948180E-1
-5.080480E-1
-5.227480E-1
-5.359780E-1
-5.477380E-1
-5.594980E-1
-5.712580E-1
-5.844880E-1
-5.962480E-1
-6.094780E-1
-6.212380E-1
-6.344680E-1
-6.462280E-1
-6.565180E-1
-6.653380E-1
-6.712180E-1
-6.726880E-1
-6.726880E-1
-6.668080E-1
-6.594580E-1
-6.491680E-1
-6.374080E-1
-6.256480E-1
-6.138880E-1
-6.021280E-1
-5.918380E-1
-5.830180E-1
-5.756680E-1
-5.712580E-1
-5.683180E-1
-5.668480E-1
-5.668480E-1
-5.697880E-1
-5.727280E-1
-5.756680E-1
-5.800780E-1
-5.844880E-1
-5.888980E-1
-5.933080E-1
-5.977180E-1
-6.035980E-1
-6.094780E-1
-6.168280E-1
-6.241780E-1
-6.359380E-1
-6.462280E-1
-6.594580E-1
-6.712180E-1
-6.829780E-1
-6.903280E-1
-6.962080E-1
-6.991480E-1
-6.976780E-1
-6.947380E-1
-6.888580E-1
-6.815080E-1
-6.756280E-1
-6.697480E-1
-6.638680E-1
-6.594580E-1
-6.565180E-1
-6.535780E-1
-6.506380E-1
-6.491680E-1
-6.462280E-1
-6.447580E-1
-6.432880E-1
-6.418180E-1
-6.432880E-1
-6.432880E-1
-6.462280E-1
-6.491680E-1
-6.521080E-1
-6.550480E-1
-6.579880E-1
-6.609280E-1
-6.623980E-1
-6.623980E-1
-6.623980E-1
-6.623980E-1
-6.609280E-1
-6.609280E-1
-6.623980E-1
-6.638680E-1
-6.668080E-1
-6.712180E-1
-6.770980E-1
-6.829780E-1
-6.888580E-1
-6.462280E-1
-3.625180E-1
3.666020E-1
1.442642E+0
2.609822E+0
3.709382E+0
4.682522E+0
5.511602E+0
6.202502E+0
6.775802E+0
7.247672E+0
7.629872E+0
7.928282E+0
8.150252E+0
8.298722E+0
8.382512E+0
8.404562E+0
8.372222E+0
8.286962E+0
8.153192E+0
7.969442E+0
7.738652E+0
7.462292E+0
7.144772E+0
6.786092E+0
6.389192E+0
5.957012E+0
5.496902E+0
5.014742E+0
4.516412E+0
4.009262E+0
3.507992E+0
3.028772E+0
2.586302E+0
2.192342E+0
1.852772E+0
1.574942E+0
1.351502E+0
1.166282E+0
1.001642E+0
8.296520E-1
6.370820E-1
4.459820E-1
2.739920E-1
1.196420E-1
-3.323800E-2
-1.787680E-1
-3.066580E-1
-4.139680E-1
-5.021680E-1
-5.727280E-1
-6.300580E-1
-6.756280E-1
-7.079680E-1
-7.314880E-1
-7.476580E-1
-7.550080E-1
-7.579480E-1
-7.564780E-1
-7.520680E-1
-7.476580E-1
-7.432480E-1
-7.373680E-1
-7.329580E-1
-7.300180E-1
-7.285480E-1
-7.270780E-1
-7.270780E-1
-7.285480E-1
-7.285480E-1
-7.300180E-1
-7.300180E-1
-7.300180E-1
-7.285480E-1
-7.256080E-1
-7.211980E-1
-7.153180E-1
-7.094380E-1
-7.050280E-1
-7.006180E-1
-6.962080E-1
-6.962080E-1
-6.962080E-1
-7.006180E-1
-7.050280E-1
-7.123780E-1
-7.197280E-1
-7.300180E-1
-7.388380E-1
-7.491280E-1
-7.594180E-1
-7.697080E-1
-7.785280E-1
-7.873480E-1
-7.946980E-1
-8.005780E-1
-8.049880E-1
-8.064580E-1
-8.064580E-1
-8.049880E-1
-8.005780E-1
-7.946980E-1
-7.888180E-1
-7.829380E-1
-7.770580E-1
-7.726480E-1
-7.682380E-1
-7.667680E-1
-7.638280E-1
-7.623580E-1
-7.623580E-1
-7.608880E-1
-7.608880E-1
-7.608880E-1
-7.623580E-1
-7.638280E-1
-7.682380E-1
-7.726480E-1
-7.785280E-1
-7.844080E-1
-7.902880E-1
-7.961680E-1
-8.005780E-1
-8.049880E-1
-8.064580E-1
-8.093980E-1
-8.093980E-1
-8.108680E-1
-8.123380E-1
-8.138080E-1
-8.152780E-1
-8.152780E-1
-8.167480E-1
-8.167480E-1
-8.138080E-1
-8.108680E-1
-8.064580E-1
-8.005780E-1
-7.932280E-1
-7.844080E-1
-7.770580E-1
-7.697080E-1
-7.623580E-1
-7.564780E-1
-7.520680E-1
-7.491280E-1
-7.476580E-1
-7.476580E-1
-7.491280E-1
-7.520680E-1
-7.550080E-1
-7.594180E-1
-7.638280E-1
-7.682380E-1
-7.726480E-1
-7.755880E-1
-7.785280E-1
-7.799980E-1
-7.799980E-1
-7.770580E-1
-7.741180E-1
-7.711780E-1
-7.652980E-1
-7.608880E-1
-7.564780E-1
-7.520680E-1
-7.476580E-1
-7.447180E-1
-7.447180E-1
-7.461880E-1
-7.491280E-1
-7.550080E-1
-7.623580E-1
-7.726480E-1
-7.844080E-1
-7.961680E-1
-8.079280E-1
-8.167480E-1
-8.255680E-1
-8.299780E-1
-8.314480E-1
-8.314480E-1
-8.270380E-1
-8.196880E-1
-8.108680E-1
-8.020480E-1
-7.917580E-1
-7.814680E-1
-7.741180E-1
-7.682380E-1
-7.652980E-1
-7.638280E-1
-7.638280E-1
-7.652980E-1
-7.682380E-1
-7.697080E-1
-7.697080E-1
-7.667680E-1
-7.623580E-1
-7.535380E-1
-7.417780E-1
-7.256080E-1
-7.079680E-1
-6.903280E-1
-6.712180E-1
-6.535780E-1
-6.374080E-1
-6.256480E-1
-6.168280E-1
-6.124180E-1
-6.124180E-1
-6.168280E-1
-6.227080E-1
-6.315280E-1
-6.403480E-1
-6.491680E-1
-6.594580E-1
-6.697480E-1
-6.785680E-1
-6.888580E-1
-7.006180E-1
-7.123780E-1
-7.256080E-1
-7.373680E-1
-7.491280E-1
-7.608880E-1
-7.682380E-1
-7.741180E-1
-7.770580E-1
-7.770580E-1
-7.755880E-1
-7.726480E-1
-7.697080E-1
-7.667680E-1
-7.652980E-1
-7.652980E-1
-7.682380E-1
-7.726480E-1
-7.785280E-1
-7.858780E-1
-7.932280E-1
-8.020480E-1
-8.093980E-1
-8.152780E-1
-8.196880E-1
-8.240980E-1
-8.270380E-1
-8.285080E-1
-8.299780E-1
-8.314480E-1
-8.314480E-1
-8.299780E-1
-8.299780E-1
-8.270380E-1
-8.240980E-1
-8.196880E-1
-8.138080E-1
-8.064580E-1
-7.961680E-1
-7.858780E-1
-7.741180E-1
-7.623580E-1
-7.476580E-1
-7.344280E-1
-7.197280E-1
-7.050280E-1
-6.903280E-1
-6.770980E-1
-6.653380E-1
-6.535780E-1
-6.447580E-1
-6.374080E-1
-6.329980E-1
-6.315280E-1
-6.315280E-1
-6.344680E-1
-6.403480E-1
-6.491680E-1
-6.579880E-1
-6.668080E-1
-6.770980E-1
-6.888580E-1
-6.976780E-1
-7.079680E-1
-7.167880E-1
-7.256080E-1
-7.344280E-1
-7.417780E-1
-7.491280E-1
-7.550080E-1
-7.623580E-1
-7.667680E-1
-7.711780E-1
-7.726480E-1
-7.741180E-1
-7.726480E-1
-7.711780E-1
-7.667680E-1
-7.623580E-1
-7.564780E-1
-7.520680E-1
-7.491280E-1
-7.461880E-1
-7.461880E-1
-7.476580E-1
-7.491280E-1
-7.535380E-1
-7.594180E-1
-7.652980E-1
-7.711780E-1
-7.770580E-1
-7.799980E-1
-7.829380E-1
-7.844080E-1
-7.829380E-1
-7.785280E-1
-7.726480E-1
-7.667680E-1
-7.594180E-1
-7.535380E-1
-7.476580E-1
-7.447180E-1
-7.447180E-1
-7.461880E-1
-7.491280E-1
-7.535380E-1
-7.579480E-1
-7.608880E-1
-7.623580E-1
-7.623580E-1
-7.594180E-1
-7.550080E-1
-7.491280E-1
-7.432480E-1
-7.373680E-1
-7.329580E-1
-7.300180E-1
-7.285480E-1
-7.285480E-1
-7.300180E-1
-7.314880E-1
-7.329580E-1
-7.344280E-1
-7.329580E-1
-7.300180E-1
-7.285480E-1
-7.256080E-1
-7.241380E-1
-7.256080E-1
-7.300180E-1
-7.373680E-1
-7.476580E-1
-7.594180E-1
-7.711780E-1
-7.844080E-1
-7.932280E-1
-8.005780E-1
-8.049880E-1
-8.049880E-1
-8.005780E-1
-7.961680E-1
-7.888180E-1
-7.829380E-1
-7.770580E-1
-7.726480E-1
-7.711780E-1
-7.711780E-1
-7.726480E-1
-7.755880E-1
-7.770580E-1
-7.785280E-1
-7.799980E-1
-7.814680E-1
-7.814680E-1
-7.829380E-1
-7.829380E-1
-7.844080E-1
-7.844080E-1
-7.844080E-1
-7.829380E-1
-7.799980E-1
-7.755880E-1
-7.711780E-1
-7.652980E-1
-7.579480E-1
-7.535380E-1
-7.476580E-1
-7.432480E-1
-7.403080E-1
-7.373680E-1
-7.358980E-1
-7.329580E-1
-7.300180E-1
-7.270780E-1
-7.241380E-1
-7.211980E-1
-7.167880E-1
-7.138480E-1
-7.094380E-1
-7.064980E-1
-7.035580E-1
-7.020880E-1
-7.006180E-1
-7.006180E-1
-7.020880E-1
-7.064980E-1
-7.109080E-1
-7.167880E-1
-7.241380E-1
-7.300180E-1
-7.358980E-1
-7.417780E-1
-7.447180E-1
-7.476580E-1
-7.491280E-1
-7.491280E-1
-7.491280E-1
-7.505980E-1
-7.520680E-1
-7.550080E-1
-7.579480E-1
-7.638280E-1
-7.697080E-1
-7.755880E-1
-7.829380E-1
-7.888180E-1
-7.932280E-1
-7.961680E-1
-7.961680E-1
-7.946980E-1
-7.888180E-1
-7.829380E-1
-7.770580E-1
-7.697080E-1
-7.638280E-1
-7.579480E-1
-7.535380E-1
-7.505980E-1
-7.476580E-1
-7.461880E-1
-7.461880E-1
-7.461880E-1
-7.461880E-1
-7.491280E-1
-7.520680E-1
-7.579480E-1
-7.652980E-1
-7.726480E-1
-7.829380E-1
-7.917580E-1
-7.991080E-1
-8.049880E-1
-8.079280E-1
-8.079280E-1
-8.049880E-1
-7.991080E-1
-7.917580E-1
-7.829380E-1
-7.741180E-1
-7.652980E-1
-7.564780E-1
-7.476580E-1
-7.403080E-1
-7.358980E-1
-7.314880E-1
-7.285480E-1
-7.285480E-1
-7.314880E-1
-7.358980E-1
-7.417780E-1
-7.491280E-1
-7.579480E-1
-7.667680E-1
-7.741180E-1
-7.814680E-1
-7.888180E-1
-7.961680E-1
-8.005780E-1
-8.064580E-1
-8.093980E-1
-8.138080E-1
-8.152780E-1
-8.152780E-1
-8.138080E-1
-8.108680E-1
-8.079280E-1
-8.020480E-1
-7.961680E-1
-7.888180E-1
-7.814680E-1
-7.755880E-1
-7.711780E-1
-7.682380E-1
-7.667680E-1
-7.682380E-1
-7.697080E-1
-7.741180E-1
-7.785280E-1
-7.829380E-1
-7.873480E-1
-7.902880E-1
-7.932280E-1
-7.946980E-1
-7.961680E-1
-7.961680E-1
-7.976380E-1
-7.976380E-1
-7.991080E-1
-8.005780E-1
-8.020480E-1
-8.035180E-1
-8.020480E-1
-8.005780E-1
-7.961680E-1
-7.902880E-1
-7.829380E-1
-7.755880E-1
-7.682380E-1
-7.623580E-1
-7.594180E-1
-7.564780E-1
-7.564780E-1
-7.579480E-1
-7.594180E-1
-7.623580E-1
-7.638280E-1
-7.623580E-1
-7.608880E-1
-7.594180E-1
-7.550080E-1
-7.505980E-1
-7.461880E-1
-7.432480E-1
-7.432480E-1
-7.447180E-1
-7.491280E-1
-7.564780E-1
-7.667680E-1
-7.785280E-1
-7.917580E-1
-8.049880E-1
-8.182180E-1
-8.285080E-1
-8.387980E-1
-8.461480E-1
-8.505580E-1
-8.549680E-1
-8.564380E-1
-8.579080E-1
-8.593780E-1
-8.579080E-1
-8.564380E-1
-8.549680E-1
-8.534980E-1
-8.505580E-1
-8.461480E-1
-8.432080E-1
-8.387980E-1
-8.358580E-1
-8.329180E-1
-8.299780E-1
-8.285080E-1
-8.285080E-1
-8.285080E-1
-8.285080E-1
-8.285080E-1
-8.285080E-1
-8.270380E-1
-8.270380E-1
-8.255680E-1
-8.240980E-1
-8.226280E-1
-8.196880E-1
-8.167480E-1
-8.138080E-1
-8.108680E-1
-8.064580E-1
-8.020480E-1
-7.976380E-1
-7.946980E-1
-7.917580E-1
-7.902880E-1
-7.902880E-1
-7.917580E-1
-7.932280E-1
-7.961680E-1
-8.005780E-1
-8.035180E-1
-8.049880E-1
-8.079280E-1
-8.079280E-1
-8.064580E-1
-8.049880E-1
-8.035180E-1
-8.005780E-1
-7.976380E-1
-7.946980E-1
-7.917580E-1
-7.902880E-1
-7.888180E-1
-7.888180E-1
-7.888180E-1
-7.888180E-1
-7.888180E-1
-7.888180E-1
-7.888180E-1
-7.873480E-1
-7.873480E-1
-7.873480E-1
-7.858780E-1
-7.858780E-1
-7.858780E-1
-7.858780E-1
-7.858780E-1
-7.844080E-1
-7.814680E-1
-7.785280E-1
-7.755880E-1
-7.726480E-1
-7.697080E-1
-7.682380E-1
-7.682380E-1
-7.697080E-1
-7.726480E-1
-7.770580E-1
-7.814680E-1
-7.873480E-1
-7.946980E-1
-8.005780E-1
-8.079280E-1
-8.152780E-1
-8.226280E-1
-8.299780E-1
-8.373280E-1
-8.432080E-1
-8.490880E-1
-8.534980E-1
-8.549680E-1
-8.564380E-1
-8.549680E-1
-8.520280E-1
-8.476180E-1
-8.446780E-1
-8.402680E-1
-8.373280E-1
-8.343880E-1
-8.329180E-1
-8.329180E-1
-8.329180E-1
-8.314480E-1
-8.299780E-1
-8.270380E-1
-8.226280E-1
-8.167480E-1
-8.093980E-1
-8.020480E-1
-7.946980E-1
-7.873480E-1
-7.814680E-1
-7.770580E-1
-7.741180E-1
-7.741180E-1
-7.741180E-1
-7.770580E-1
-7.799980E-1
-7.829380E-1
-7.858780E-1
-7.888180E-1
-7.902880E-1
-7.902880E-1
-7.888180E-1
-7.858780E-1
-7.829380E-1
-7.785280E-1
-7.741180E-1
-7.711780E-1
-7.682380E-1
-7.667680E-1
-7.652980E-1
-7.638280E-1
-7.623580E-1
-7.608880E-1
-7.594180E-1
-7.579480E-1
-7.550080E-1
-7.550080E-1
-7.550080E-1
-7.564780E-1
-7.594180E-1
-7.638280E-1
-7.682380E-1
-7.741180E-1
-7.799980E-1
-7.844080E-1
-7.888180E-1
-7.917580E-1
-7.917580E-1
-7.902880E-1
-7.873480E-1
-7.829380E-1
-7.770580E-1
-7.711780E-1
-7.652980E-1
-7.594180E-1
-7.550080E-1
-7.535380E-1
-7.535380E-1
-7.550080E-1
-7.564780E-1
-7.608880E-1
-7.652980E-1
-7.711780E-1
-7.770580E-1
-7.829380E-1
-7.873480E-1
-7.917580E-1
-7.932280E-1
-7.946980E-1
-7.946980E-1
-7.932280E-1
-7.888180E-1
-7.844080E-1
-7.799980E-1
-7.741180E-1
-7.682380E-1
-7.623580E-1
-7.594180E-1
-7.564780E-1
-7.550080E-1
-7.550080E-1
-7.564780E-1
-7.594180E-1
-7.638280E-1
-7.697080E-1
-7.755880E-1
-7.814680E-1
-7.873480E-1
-7.932280E-1
-7.976380E-1
-8.035180E-1
-8.079280E-1
-8.123380E-1
-8.152780E-1
-8.196880E-1
-8.211580E-1
-8.226280E-1
-8.240980E-1
-8.240980E-1
-8.226280E-1
-8.211580E-1
-8.182180E-1
-8.167480E-1
-8.138080E-1
-8.138080E-1
-8.138080E-1
-8.152780E-1
-8.182180E-1
-8.211580E-1
-8.226280E-1
-8.226280E-1
-8.211580E-1
-8.182180E-1
-8.138080E-1
-8.079280E-1
-8.005780E-1
-7.946980E-1
-7.902880E-1
-7.873480E-1
-7.873480E-1
-7.888180E-1
-7.917580E-1
-7.946980E-1
-7.991080E-1
-8.020480E-1
-8.049880E-1
-8.064580E-1
-8.064580E-1
-8.035180E-1
-7.991080E-1
-7.932280E-1
-7.844080E-1
-7.770580E-1
-7.682380E-1
-7.608880E-1
-7.550080E-1
-7.520680E-1
-7.520680E-1
-7.535380E-1
-7.579480E-1
-7.623580E-1
-7.682380E-1
-7.741180E-1
-7.785280E-1
-7.844080E-1
-7.888180E-1
-7.932280E-1
-7.976380E-1
-8.005780E-1
-8.049880E-1
-8.079280E-1
-8.093980E-1
-8.093980E-1
-8.079280E-1
-8.064580E-1
-8.020480E-1
-7.961680E-1
-7.902880E-1
-7.829380E-1
-7.770580E-1
-7.697080E-1
-7.638280E-1
-7.579480E-1
-7.535380E-1
-7.505980E-1
-7.491280E-1
-7.476580E-1
-7.491280E-1
-7.491280E-1
-7.520680E-1
-7.535380E-1
-7.564780E-1
-7.608880E-1
-7.638280E-1
-7.667680E-1
-7.711780E-1
-7.741180E-1
-7.785280E-1
-7.814680E-1
-7.844080E-1
-7.858780E-1
-7.888180E-1
-7.888180E-1
-7.902880E-1
-7.902880E-1
-7.902880E-1
-7.917580E-1
-7.917580E-1
-7.932280E-1
-7.961680E-1
-7.976380E-1
-7.991080E-1
-8.005780E-1
-8.005780E-1
-7.976380E-1
-7.946980E-1
-7.902880E-1
-7.844080E-1
-7.785280E-1
-7.741180E-1
-7.697080E-1
-7.667680E-1
-7.652980E-1
-7.652980E-1
-7.667680E-1
-7.697080E-1
-7.741180E-1
-7.785280E-1
-7.844080E-1
-7.902880E-1
-7.976380E-1
-8.035180E-1
-8.108680E-1
-8.196880E-1
-8.270380E-1
-8.343880E-1
-8.402680E-1
-8.446780E-1
-8.490880E-1
-8.505580E-1
-8.505580E-1
-8.490880E-1
-8.461480E-1
-8.432080E-1
-8.387980E-1
-8.329180E-1
-8.285080E-1
-8.240980E-1
-8.196880E-1
-8.182180E-1
-8.182180E-1
-8.196880E-1
-8.240980E-1
-8.314480E-1
-8.402680E-1
-8.505580E-1
-8.623180E-1
-8.755480E-1
-8.917180E-1
-9.108280E-1
-9.328780E-1
-9.593380E-1
-9.916780E-1
-1.026958E+0
-1.066648E+0
-1.106338E+0
-1.146028E+0
-1.182778E+0
-1.216588E+0
-1.243048E+0
-1.266568E+0
-1.284208E+0
-1.297438E+0
-1.309198E+0
-1.319488E+0
-1.329778E+0
-1.338598E+0
-1.347418E+0
-1.357708E+0
-1.367998E+0
-1.378288E+0
-1.388578E+0
-1.397398E+0
-1.406218E+0
-1.413568E+0
-1.419448E+0
-1.425328E+0
-1.428268E+0
-1.431208E+0
-1.434148E+0
-1.435618E+0
-1.438558E+0
-1.442968E+0
-1.448848E+0
-1.454728E+0
-1.463548E+0
-1.472368E+0
-1.481188E+0
-1.491478E+0
-1.500298E+0
-1.506178E+0
-1.512058E+0
-1.513528E+0
-1.512058E+0
-1.507648E+0
-1.500298E+0
-1.491478E+0
-1.479718E+0
-1.469428E+0
-1.457668E+0
-1.450318E+0
-1.442968E+0
-1.438558E+0
-1.437088E+0
-1.437088E+0
-1.441498E+0
-1.445908E+0
-1.453258E+0
-1.462078E+0
-1.472368E+0
-1.482658E+0
-1.495888E+0
-1.506178E+0
-1.517938E+0
-1.526758E+0
-1.534108E+0
-1.537048E+0
-1.537048E+0
-1.534108E+0
-1.529698E+0
-1.522348E+0
-1.514998E+0
-1.506178E+0
-1.497358E+0
-1.490008E+0
-1.481188E+0
-1.475308E+0
-1.469428E+0
-1.465018E+0
-1.462078E+0
-1.460608E+0
-1.459138E+0
-1.460608E+0
-1.463548E+0
-1.469428E+0
-1.476778E+0
-1.488538E+0
-1.500298E+0
-1.516468E+0
-1.534108E+0
-1.553218E+0
-1.570858E+0
-1.588498E+0
-1.603198E+0
-1.613488E+0
-1.619368E+0
-1.622308E+0
-1.620838E+0
-1.614958E+0
-1.609078E+0
-1.603198E+0
-1.597318E+0
-1.594378E+0
-1.592908E+0
-1.594378E+0
-1.597318E+0
-1.600258E+0
-1.603198E+0
-1.607608E+0
-1.610548E+0
-1.612018E+0
-1.614958E+0
-1.619368E+0
-1.623778E+0
-1.629658E+0
-1.637008E+0
-1.647298E+0
-1.657588E+0
-1.667878E+0
-1.678168E+0
-1.688458E+0
-1.695808E+0
-1.701688E+0
-1.706098E+0
-1.706098E+0
-1.703158E+0
-1.695808E+0
-1.685518E+0
-1.673758E+0
-1.661998E+0
-1.648768E+0
-1.638478E+0
-1.629658E+0
-1.623778E+0
-1.620838E+0
-1.622308E+0
-1.623778E+0
-1.628188E+0
-1.632598E+0
-1.638478E+0
-1.642888E+0
-1.648768E+0
-1.654648E+0
-1.660528E+0
-1.667878E+0
-1.673758E+0
-1.678168E+0
-1.682578E+0
-1.686988E+0
-1.689928E+0
-1.692868E+0
-1.697278E+0
-1.701688E+0
-1.707568E+0
-1.714918E+0
-1.722268E+0
-1.729618E+0
-1.735498E+0
-1.739908E+0
-1.742848E+0
-1.744318E+0
-1.742848E+0
-1.741378E+0
-1.736968E+0
-1.734028E+0
-1.731088E+0
-1.729618E+0
-1.729618E+0
-1.731088E+0
-1.734028E+0
-1.738438E+0
-1.741378E+0
-1.745788E+0
-1.747258E+0
-1.745788E+0
-1.744318E+0
-1.741378E+0
-1.736968E+0
-1.735498E+0
-1.734028E+0
-1.736968E+0
-1.741378E+0
-1.748728E+0
-1.757548E+0
-1.767838E+0
-1.778128E+0
-1.786948E+0
-1.794298E+0
-1.798708E+0
-1.803118E+0
-1.803118E+0
-1.801648E+0
-1.795768E+0
-1.788418E+0
-1.778128E+0
-1.767838E+0
-1.754608E+0
-1.742848E+0
-1.734028E+0
-1.728148E+0
-1.726678E+0
-1.729618E+0
-1.736968E+0
-1.748728E+0
-1.761958E+0
-1.775188E+0
-1.789888E+0
-1.803118E+0
-1.814878E+0
-1.825168E+0
-1.833988E+0
-1.839868E+0
-1.845748E+0
-1.848688E+0
-1.850158E+0
-1.848688E+0
-1.847218E+0
-1.842808E+0
-1.838398E+0
-1.835458E+0
-1.833988E+0
-1.836928E+0
-1.844278E+0
-1.854568E+0
-1.869268E+0
-1.885438E+0
-1.904548E+0
-1.922188E+0
-1.938358E+0
-1.953058E+0
-1.963348E+0
-1.970698E+0
-1.976578E+0
-1.980988E+0
-1.982458E+0
-1.982458E+0
-1.979518E+0
-1.975108E+0
-1.969228E+0
-1.958938E+0
-1.945708E+0
-1.931008E+0
-1.913368E+0
-1.894258E+0
-1.875148E+0
-1.856038E+0
-1.839868E+0
-1.826638E+0
-1.819288E+0
-1.817818E+0
-1.822228E+0
-1.833988E+0
-1.850158E+0
-1.867798E+0
-1.888378E+0
-1.906018E+0
-1.917778E+0
-1.925128E+0
-1.926598E+0
-1.920718E+0
-1.910428E+0
-1.895728E+0
-1.879558E+0
-1.863388E+0
-1.847218E+0
-1.833988E+0
-1.822228E+0
-1.814878E+0
-1.810468E+0
-1.810468E+0
-1.814878E+0
-1.823698E+0
-1.835458E+0
-1.851628E+0
-1.870738E+0
-1.892788E+0
-1.916308E+0
-1.939828E+0
-1.963348E+0
-1.985398E+0
-2.004508E+0
-2.019208E+0
-2.032438E+0
-2.039788E+0
-2.044198E+0
-2.044198E+0
-2.041258E+0
-2.038318E+0
-2.032438E+0
-2.026558E+0
-2.022148E+0
-2.019208E+0
-2.017738E+0
-2.016268E+0
-2.014798E+0
-2.014798E+0
-2.013328E+0
-2.011858E+0
-2.007448E+0
-2.003038E+0
-1.998628E+0
-1.994218E+0
-1.991278E+0
-1.989808E+0
-1.991278E+0
-1.994218E+0
-2.001568E+0
-2.007448E+0
-2.016268E+0
-2.025088E+0
-2.032438E+0
-2.041258E+0
-2.048608E+0
-2.057428E+0
-2.066248E+0
-2.075068E+0
-2.083888E+0
-2.095648E+0
-2.105938E+0
-2.119168E+0
-2.132398E+0
-2.145628E+0
-2.157388E+0
-2.169148E+0
-2.176498E+0
-2.180908E+0
-2.180908E+0
-2.176498E+0
-2.167678E+0
-2.154448E+0
-2.139748E+0
-2.123578E+0
-2.108878E+0
-2.092708E+0
-2.079478E+0
-2.069188E+0
-2.060368E+0
-2.055958E+0
-2.053018E+0
-2.053018E+0
-2.054488E+0
-2.058898E+0
-2.063308E+0
-2.069188E+0
-2.076538E+0
-2.082418E+0
-2.086828E+0
-2.092708E+0
-2.100058E+0
-2.105938E+0
-2.114758E+0
-2.125048E+0
-2.135338E+0
-2.145628E+0
-2.155918E+0
-2.163268E+0
-2.166208E+0
-2.164738E+0
-2.161798E+0
-2.154448E+0
-2.145628E+0
-2.136808E+0
-2.129458E+0
-2.123578E+0
-2.122108E+0
-2.123578E+0
-2.126518E+0
-2.130928E+0
-2.136808E+0
-2.141218E+0
-2.144158E+0
-2.144158E+0
-2.144158E+0
-2.142688E+0
-2.141218E+0
-2.141218E+0
-2.144158E+0
-2.148568E+0
-2.157388E+0
-2.169148E+0
-2.182378E+0
-2.197078E+0
-2.210308E+0
-2.223538E+0
-2.233828E+0
-2.242648E+0
-2.249998E+0
-2.254408E+0
-2.258818E+0
-2.261758E+0
-2.264698E+0
-2.267638E+0
-2.270578E+0
-2.272048E+0
-2.272048E+0
-2.270578E+0
-2.267638E+0
-2.261758E+0
-2.251468E+0
-2.239708E+0
-2.225008E+0
-2.210308E+0
-2.194138E+0
-2.182378E+0
-2.172088E+0
-2.166208E+0
-2.166208E+0
-2.172088E+0
-2.179438E+0
-2.189728E+0
-2.200018E+0
-2.208838E+0
-2.213248E+0
-2.216188E+0
-2.213248E+0
-2.208838E+0
-2.202958E+0
-2.200018E+0
-2.200018E+0
-2.204428E+0
-2.216188E+0
-2.233828E+0
-2.255878E+0
-2.282338E+0
-2.307328E+0
-2.330848E+0
-2.348488E+0
-2.358778E+0
-2.361718E+0
-2.357308E+0
-2.345548E+0
-2.330848E+0
-2.311738E+0
-2.292628E+0
-2.273518E+0
-2.254408E+0
-2.236768E+0
-2.220598E+0
-2.205898E+0
-2.192668E+0
-2.180908E+0
-2.172088E+0
-2.164738E+0
-2.163268E+0
-2.164738E+0
-2.170618E+0
-2.180908E+0
-2.195608E+0
-2.213248E+0
-2.230888E+0
-2.249998E+0
-2.267638E+0
-2.283808E+0
-2.295568E+0
-2.305858E+0
-2.314678E+0
-2.320558E+0
-2.326438E+0
-2.330848E+0
-2.335258E+0
-2.339668E+0
-2.341138E+0
-2.341138E+0
-2.339668E+0
-2.333788E+0
-2.326438E+0
-2.316148E+0
-2.302918E+0
-2.288218E+0
-2.273518E+0
-2.255878E+0
-2.241178E+0
-2.226478E+0
-2.216188E+0
-2.207368E+0
-2.204428E+0
-2.207368E+0
-2.214718E+0
-2.225008E+0
-2.239708E+0
-2.257348E+0
-2.276458E+0
-2.295568E+0
-2.314678E+0
-2.332318E+0
-2.349958E+0
-2.364658E+0
-2.376418E+0
-2.386708E+0
-2.392588E+0
-2.394058E+0
-2.392588E+0
-2.386708E+0
-2.377888E+0
-2.369068E+0
-2.360248E+0
-2.351428E+0
-2.347018E+0
-2.344078E+0
-2.345548E+0
-2.347018E+0
-2.348488E+0
-2.351428E+0
-2.352898E+0
-2.355838E+0
-2.357308E+0
-2.358778E+0
-2.360248E+0
-2.360248E+0
-2.361718E+0
-2.363188E+0
-2.364658E+0
-2.364658E+0
-2.364658E+0
-2.364658E+0
-2.363188E+0
-2.363188E+0
-2.364658E+0
-2.366128E+0
-2.370538E+0
-2.376418E+0
-2.385238E+0
-2.394058E+0
-2.405818E+0
-2.416108E+0
-2.429338E+0
-2.441098E+0
-2.452858E+0
-2.466088E+0
-2.477848E+0
-2.491078E+0
-2.505778E+0
-2.519008E+0
-2.532238E+0
-2.542528E+0
-2.552818E+0
-2.563108E+0
-2.570458E+0
-2.576338E+0
-2.582218E+0
-2.589568E+0
-2.596918E+0
-2.605738E+0
-2.616028E+0
-2.627788E+0
-2.638078E+0
-2.649838E+0
-2.660128E+0
-2.668948E+0
-2.676298E+0
-2.682178E+0
-2.685118E+0
-2.686588E+0
-2.686588E+0
-2.686588E+0
-2.682178E+0
-2.677768E+0
-2.668948E+0
-2.658658E+0
-2.645428E+0
-2.630728E+0
-2.614558E+0
-2.598388E+0
-2.583688E+0
-2.571928E+0
-2.563108E+0
-2.558698E+0
-2.558698E+0
-2.564578E+0
-2.570458E+0
-2.579278E+0
-2.588098E+0
-2.596918E+0
-2.602798E+0
-2.604268E+0
-2.601328E+0
-2.592508E+0
-2.576338E+0
-2.555758E+0
-2.527828E+0
-2.496958E+0
-2.464618E+0
-2.433748E+0
-2.407288E+0
-2.389648E+0
-2.382298E+0
-2.385238E+0
-2.401408E+0
-2.429338E+0
-2.464618E+0
-2.505778E+0
-2.549878E+0
-2.591038E+0
-2.627788E+0
-2.655718E+0
-2.676298E+0
-2.689528E+0
-2.692468E+0
-2.689528E+0
-2.682178E+0
-2.671888E+0
-2.661598E+0
-2.649838E+0
-2.641018E+0
-2.638078E+0
-2.639548E+0
-2.645428E+0
-2.657188E+0
-2.673358E+0
-2.692468E+0
-2.708638E+0
-2.721868E+0
-2.727748E+0
-2.724808E+0
-2.711578E+0
-2.690998E+0
-2.664538E+0
-2.633668E+0
-2.604268E+0
-2.577808E+0
-2.557228E+0
-2.545468E+0
-2.543998E+0
-2.549878E+0
-2.564578E+0
-2.586628E+0
-2.614558E+0
-2.645428E+0
-2.676298E+0
-2.705698E+0
-2.733628E+0
-2.757148E+0
-2.776258E+0
-2.789488E+0
-2.799778E+0
-2.804188E+0
-2.807128E+0
-2.808598E+0
-2.810068E+0
-2.810068E+0
-2.808598E+0
-2.807128E+0
-2.805658E+0
-2.802718E+0
-2.798308E+0
-2.793898E+0
-2.789488E+0
-2.788018E+0
-2.788018E+0
-2.793898E+0
-2.804188E+0
-2.818888E+0
-2.835058E+0
-2.855638E+0
-2.876218E+0
-2.895328E+0
-2.912968E+0
-2.927668E+0
-2.940898E+0
-2.951188E+0
-2.958538E+0
-2.961478E+0
-2.960008E+0
-2.954128E+0
-2.940898E+0
-2.921788E+0
-2.898268E+0
-2.870338E+0
-2.842408E+0
-2.818888E+0
-2.798308E+0
-2.783608E+0
-2.776258E+0
-2.776258E+0
-2.780668E+0
-2.790958E+0
-2.804188E+0
-2.817418E+0
-2.832118E+0
-2.846818E+0
-2.860048E+0
-2.873278E+0
-2.885038E+0
-2.893858E+0
-2.898268E+0
-2.899738E+0
-2.896798E+0
-2.886508E+0
-2.871808E+0
-2.854168E+0
-2.835058E+0
-2.814478E+0
-2.793898E+0
-2.776258E+0
-2.763028E+0
-2.752738E+0
-2.748328E+0
-2.746858E+0
-2.749798E+0
-2.757148E+0
-2.765968E+0
-2.779198E+0
-2.793898E+0
-2.808598E+0
-2.821828E+0
-2.833588E+0
-2.842408E+0
-2.848288E+0
-2.852698E+0
-2.852698E+0
-2.849758E+0
-2.845348E+0
-2.842408E+0
-2.836528E+0
-2.832118E+0
-2.826238E+0
-2.820358E+0
-2.814478E+0
-2.810068E+0
-2.804188E+0
-2.801248E+0
-2.801248E+0
-2.805658E+0
-2.813008E+0
-2.823298E+0
-2.839468E+0
-2.858578E+0
-2.877688E+0
-2.898268E+0
-2.915908E+0
-2.932078E+0
-2.942368E+0
-2.948248E+0
-2.949718E+0
-2.943838E+0
-2.933548E+0
-2.915908E+0
-2.890918E+0
-2.857108E+0
-2.814478E+0
-2.764498E+0
-2.707168E+0
-2.643958E+0
-2.580748E+0
-2.519008E+0
-2.463148E+0
-2.416108E+0
-2.380828E+0
-2.358778E+0
-2.352898E+0
-2.357308E+0
-2.373478E+0
-2.416108E+0
-2.505778E+0
-2.649838E+0
-2.854168E+0
-3.109948E+0
-3.393658E+0
-3.690598E+0
-3.991948E+0
-4.302118E+0
-4.624048E+0
-4.966558E+0
-5.331118E+0
-5.722138E+0
-6.138148E+0
-6.579148E+0
-7.043668E+0
-7.533178E+0
-8.041798E+0
-8.570998E+0
-9.082558E+0
-9.561778E+0
-9.929278E+0
-1.012185E+1
-1.013949E+1
-9.996898E+0
-9.799918E+0
-9.604408E+0
-9.477988E+0
-9.492688E+0
-9.663208E+0
-1.003218E+1
-1.070397E+1
-1.200492E+1
-1.660896E+1
-2.050005E+1
-2.050005E+1
-2.050005E+1
-2.050005E+1
-2.050005E+1
-2.050005E+1
-2.050005E+1
-2.050005E+1
-1.899477E+1
-1.277961E+1
-1.143456E+1
-1.077747E+1
-1.039380E+1
-1.025268E+1
-1.023357E+1
-1.035264E+1
-1.060989E+1
-1.095681E+1
-1.143456E+1
-1.200492E+1
-1.260027E+1
-1.311330E+1
-1.326324E+1
-1.297365E+1
-1.243563E+1
-1.183734E+1
-1.130520E+1
-1.090389E+1
-1.058784E+1
-1.037322E+1
-1.023357E+1
-1.015860E+1
-1.012185E+1
-1.008510E+1
-1.006746E+1
-1.006746E+1
-1.012185E+1
-1.021446E+1
-1.039380E+1
-1.068045E+1
-1.109499E+1
-1.171974E+1
-1.248855E+1
-1.351020E+1
-1.461858E+1
-1.549911E+1
-1.572843E+1
-1.549911E+1
-1.493022E+1
-1.476852E+1
-1.529331E+1
-1.899477E+1
-2.050005E+1
-2.050005E+1
-2.050005E+1
-2.050005E+1
-2.050005E+1
-2.050005E+1
-2.050005E+1
-2.050005E+1
-2.050005E+1
-2.050005E+1
-2.050005E+1
-2.050005E+1
-1.627380E+1
-1.529331E+1
-1.700439E+1
-2.050005E+1
-2.050005E+1
-2.050005E+1
-2.050005E+1
-2.050005E+1
-2.050005E+1
-2.050005E+1
-2.050005E+1
-2.050005E+1
-2.050005E+1
-2.050005E+1
-2.050005E+1
-2.050005E+1
-2.050005E+1
-2.050005E+1
-2.050005E+1
-2.050005E+1
-2.050005E+1
-2.050005E+1
-2.050005E+1
-1.700439E+1
-1.410555E+1
-1.334262E+1
-1.304274E+1
-1.290750E+1
-1.297365E+1
-1.297365E+1
-1.284135E+1
-1.248855E+1
-1.204902E+1
-1.150218E+1
-1.098327E+1
-1.052169E+1
-1.008510E+1
-9.738178E+0
-9.451528E+0
-9.258958E+0
-9.139888E+0
-9.104608E+0
-9.151648E+0
-9.283948E+0
-9.464758E+0
-9.692608E+0
-9.946918E+0
-1.012185E+1
-1.021446E+1
-1.015860E+1
-9.980728E+0
-9.722008E+0
-9.451528E+0
-9.186928E+0
-8.994358E+0
-8.878228E+0
-8.837068E+0
-8.888518E+0
-9.026698E+0
-9.258958E+0
-9.589708E+0
-9.980728E+0
-1.039380E+1
-1.072749E+1
-1.093035E+1
-1.087743E+1
-1.060989E+1
-1.025268E+1
-9.896938E+0
-9.604408E+0
-9.385378E+0
-9.272188E+0
-9.258958E+0
-9.358918E+0
-9.575008E+0
-9.896938E+0
-1.037322E+1
-1.098327E+1
-1.179765E+1
-1.290750E+1
-1.447893E+1
-1.700439E+1
-2.050005E+1
-2.050005E+1
-1.700439E+1
-1.549911E+1
-1.476852E+1
-1.434663E+1
-1.447893E+1
-1.510368E+1
-1.700439E+1
-2.050005E+1
-2.050005E+1
-2.050005E+1
-2.050005E+1
-2.050005E+1
-2.050005E+1
-2.050005E+1
-1.811424E+1
-1.434663E+1
-1.311330E+1
-1.248855E+1
-1.223277E+1
-1.228275E+1
-1.271787E+1
-1.378803E+1
-1.700439E+1
-2.050005E+1
-2.050005E+1
-2.050005E+1
-2.050005E+1
-2.050005E+1
-2.050005E+1
-2.050005E+1
-2.050005E+1
-2.050005E+1
-1.572843E+1
-1.318680E+1
-1.209312E+1
-1.140222E+1
-1.098327E+1
-1.068045E+1
-1.047759E+1
-1.033206E+1
-1.019535E+1
-1.004982E+1
-9.879298E+0
-9.692608E+0
-9.519148E+0
-9.347158E+0
-9.222208E+0
-9.163408E+0
-9.198688E+0
-9.333928E+0
-9.575008E+0
-9.929278E+0
-1.039380E+1
-1.101120E+1
-1.175796E+1
-1.248855E+1
-1.297365E+1
-1.297365E+1
-1.248855E+1
-1.175796E+1
-1.103913E+1
-1.041438E+1
-9.929278E+0
-9.604408E+0
-9.398608E+0
-9.333928E+0
-9.411838E+0
-9.648508E+0
-1.004982E+1
-1.065693E+1
-1.150218E+1
-1.271787E+1
-1.461858E+1
-1.899477E+1
-2.050005E+1
-2.050005E+1
-2.050005E+1
-1.627380E+1
-1.493022E+1
-1.422315E+1
-1.399383E+1
-1.388799E+1
-1.399383E+1
-1.422315E+1
-1.447893E+1
-1.493022E+1
-1.529331E+1
-1.572843E+1
-1.598421E+1
-1.627380E+1
-1.660896E+1
-1.700439E+1
-1.748949E+1
-1.811424E+1
-1.899477E+1
-1.899477E+1
-2.050005E+1
-2.050005E+1
-2.050005E+1
-2.050005E+1
-2.050005E+1
-2.050005E+1
-2.050005E+1
-2.050005E+1
-2.050005E+1
-2.050005E+1
-2.050005E+1
-2.050005E+1
-2.050005E+1
-2.050005E+1
-2.050005E+1
-2.050005E+1
-2.050005E+1
-2.050005E+1
-1.748949E+1
-1.461858E+1
-1.326324E+1
-1.233273E+1
-1.164477E+1
-1.112439E+1
-1.077747E+1
-1.056579E+1
-1.045554E+1
-1.047759E+1
-1.063341E+1
-1.085244E+1
-1.112439E+1
-1.136841E+1
-1.157274E+1
-1.160802E+1
-1.150218E+1
-1.124346E+1
-1.095681E+1
-1.070397E+1
-1.049964E+1
-1.035264E+1
-1.025268E+1
-1.019535E+1
-1.015860E+1
-1.008510E+1
-9.996898E+0
-9.863128E+0
-9.722008E+0
-9.604408E+0
-9.519148E+0
-9.533848E+0
-9.663208E+0
-9.980728E+0
-1.060989E+1
-1.179765E+1
-1.627380E+1
-2.050005E+1
-2.050005E+1
-2.050005E+1
-2.050005E+1
-2.050005E+1
-2.050005E+1
-2.050005E+1
-2.050005E+1
-2.050005E+1
-2.050005E+1
-2.050005E+1
-2.050005E+1
-2.050005E+1
-2.050005E+1
-2.050005E+1
-2.050005E+1
-1.549911E+1
-1.297365E+1
-1.187850E+1
-1.121259E+1
-1.070397E+1
-1.029237E+1
-9.929278E+0
-9.648508E+0
-9.411838E+0
-9.222208E+0
-9.082558E+0
-8.982598E+0
-8.919388E+0
-8.909098E+0
-8.919388E+0
-8.962018E+0
-9.026698E+0
-9.116368E+0
-9.247198E+0
-9.438298E+0
-9.677908E+0
-9.996898E+0
-1.041438E+1
-1.101120E+1
-1.191966E+1
-1.342494E+1
-2.050005E+1
-2.050005E+1
-2.050005E+1
-2.050005E+1
-2.050005E+1
-2.050005E+1
-2.050005E+1
-2.050005E+1
-2.050005E+1
-1.378803E+1
-1.209312E+1
-1.127433E+1
-1.080099E+1
-1.054374E+1
-1.041438E+1
-1.039380E+1
-1.049964E+1
-1.068045E+1
-1.095681E+1
-1.133607E+1
-1.183734E+1
-1.254441E+1
-1.351020E+1
-1.461858E+1
-1.529331E+1
-1.493022E+1
-1.359840E+1
-1.233273E+1
-1.130520E+1
-1.045554E+1
-9.769048E+0
-9.235438E+0
-8.816488E+0
-8.482798E+0
-8.232898E+0
-8.063848E+0
-7.966828E+0
-7.946248E+0
-7.993288E+0
-8.121178E+0
-8.325508E+0
-8.597458E+0
-8.950258E+0
-9.358918E+0
-9.846958E+0
-1.037322E+1
-1.095681E+1
-1.150218E+1
-1.200492E+1
-1.223277E+1
-1.223277E+1
-1.200492E+1
-1.160802E+1
-1.124346E+1
-1.090389E+1
-1.065693E+1
-1.049964E+1
-1.041438E+1
-1.041438E+1
-1.045554E+1
-1.054374E+1
-1.068045E+1
-1.087743E+1
-1.118319E+1
-1.168152E+1
-1.243563E+1
-1.399383E+1
-2.050005E+1
-2.050005E+1
-2.050005E+1
-2.050005E+1
-2.050005E+1
-2.050005E+1
-2.050005E+1
-1.476852E+1
-1.260027E+1
-1.164477E+1
-1.118319E+1
-1.103913E+1
-1.112439E+1
-1.143456E+1
-1.200492E+1
-1.290750E+1
-1.434663E+1
-1.748949E+1
-2.050005E+1
-2.050005E+1
-2.050005E+1
-1.811424E+1
-1.549911E+1
-1.447893E+1
-1.410555E+1
-1.410555E+1
-1.447893E+1
-1.529331E+1
-1.627380E+1
-1.598421E+1
-1.447893E+1
-1.297365E+1
-1.175796E+1
-1.075248E+1
-9.980728E+0
-9.385378E+0
-8.939968E+0
-8.597458E+0
-8.374018E+0
-8.232898E+0
-8.172628E+0
-8.187328E+0
-8.271118E+0
-8.423998E+0
-8.662138E+0
-8.982598E+0
-9.411838E+0
-9.996898E+0
-1.080099E+1
-1.204902E+1
-1.476852E+1
-2.050005E+1
-2.050005E+1
-2.050005E+1
-2.050005E+1
-2.050005E+1
-2.050005E+1
-1.476852E+1
-1.228275E+1
-1.112439E+1
-1.045554E+1
-1.006746E+1
-9.846958E+0
-9.816088E+0
-9.929278E+0
-1.021446E+1
-1.070397E+1
-1.153746E+1
-1.326324E+1
-2.050005E+1
-2.050005E+1
-2.050005E+1
-2.050005E+1
-2.050005E+1
-2.050005E+1
-2.050005E+1
-2.050005E+1
-2.050005E+1
-2.050005E+1
-2.050005E+1
-2.050005E+1
-2.050005E+1
-2.050005E+1
-2.050005E+1
-2.050005E+1
-2.050005E+1
-2.050005E+1
-2.050005E+1
-2.050005E+1
-2.050005E+1
-2.050005E+1
-2.050005E+1
-2.050005E+1
-1.510368E+1
-1.399383E+1
-1.351020E+1
-1.334262E+1
-1.334262E+1
-1.342494E+1
-1.318680E+1
-1.260027E+1
-1.179765E+1
-1.098327E+1
-1.019535E+1
-9.547078E+0
-9.004648E+0
-8.597458E+0
-8.301988E+0
-8.113828E+0
-8.021218E+0
-8.013868E+0
-8.084428E+0
-8.202028E+0
-8.357848E+0
-8.526898E+0
-8.709178E+0
-8.888518E+0
-9.082558E+0
-9.295708E+0
-9.575008E+0
-9.913108E+0
-1.037322E+1
-1.095681E+1
-1.175796E+1
-1.277961E+1
-1.410555E+1
-1.510368E+1
-1.529331E+1
-1.422315E+1
-1.318680E+1
-1.228275E+1
-1.171974E+1
-1.140222E+1
-1.133607E+1
-1.157274E+1
-1.228275E+1
-1.422315E+1
-2.050005E+1
-2.050005E+1
-2.050005E+1
-2.050005E+1
-2.050005E+1
-2.050005E+1
-2.050005E+1
-2.050005E+1
-2.050005E+1
-2.050005E+1
-2.050005E+1
-2.050005E+1
-2.050005E+1
-2.050005E+1
-2.050005E+1
-1.304274E+1
-1.160802E+1
-1.095681E+1
-1.068045E+1
-1.063341E+1
-1.077747E+1
-1.118319E+1
-1.200492E+1
-1.410555E+1
-2.050005E+1
-2.050005E+1
-2.050005E+1
-2.050005E+1
-2.050005E+1
-2.050005E+1
-2.050005E+1
-2.050005E+1
-2.050005E+1
-2.050005E+1
-2.050005E+1
-2.050005E+1
-2.050005E+1
-2.050005E+1
-2.050005E+1
-2.050005E+1
-2.050005E+1
-2.050005E+1
-1.529331E+1
-1.326324E+1
-1.233273E+1
-1.171974E+1
-1.133607E+1
-1.106706E+1
-1.087743E+1
-1.075248E+1
-1.065693E+1
-1.060989E+1
-1.058784E+1
-1.063341E+1
-1.070397E+1
-1.090389E+1
-1.121259E+1
-1.168152E+1
-1.228275E+1
-1.304274E+1
-1.378803E+1
-1.410555E+1
-1.359840E+1
-1.260027E+1
-1.160802E+1
-1.077747E+1
-1.010274E+1
-9.589708E+0
-9.186928E+0
-8.898808E+0
-8.709178E+0
-8.607748E+0
-8.579818E+0
-8.607748E+0
-8.700358E+0
-8.857648E+0
-9.070798E+0
-9.372148E+0
-9.769048E+0
-1.035264E+1
-1.127433E+1
-1.326324E+1
-2.050005E+1
-2.050005E+1
-2.050005E+1
-2.050005E+1
-2.050005E+1
-2.050005E+1
-2.050005E+1
-2.050005E+1
-2.050005E+1
-2.050005E+1
-2.050005E+1
-2.050005E+1
-2.050005E+1
-2.050005E+1
-2.050005E+1
-2.050005E+1
-2.050005E+1
-1.434663E+1
-1.196082E+1
-1.112439E+1
-1.077747E+1
-1.072749E+1
-1.098327E+1
-1.157274E+1
-1.277961E+1
-1.899477E+1
-2.050005E+1
-2.050005E+1
-2.050005E+1
-2.050005E+1
-2.050005E+1
-2.050005E+1
-2.050005E+1
-2.050005E+1
-2.050005E+1
-2.050005E+1
-2.050005E+1
-2.050005E+1
-2.050005E+1
-2.050005E+1
-2.050005E+1
-2.050005E+1
-2.050005E+1
-2.050005E+1
-2.050005E+1
-1.476852E+1
-1.290750E+1
-1.209312E+1
-1.168152E+1
-1.153746E+1
-1.160802E+1
-1.200492E+1
-1.284135E+1
-1.476852E+1
-2.050005E+1
-2.050005E+1
-2.050005E+1
-2.050005E+1
-2.050005E+1
-2.050005E+1
-2.050005E+1
-2.050005E+1
-2.050005E+1
-2.050005E+1
-2.050005E+1
-2.050005E+1
-2.050005E+1
-2.050005E+1
-2.050005E+1
-2.050005E+1
-2.050005E+1
-2.050005E+1
-2.050005E+1
-1.748949E+1
-1.660896E+1
-1.627380E+1
-1.572843E+1
-1.529331E+1
-1.510368E+1
-1.510368E+1
-1.598421E+1
-2.050005E+1
-2.050005E+1
-2.050005E+1
-2.050005E+1
-2.050005E+1
-2.050005E+1
-2.050005E+1
-2.050005E+1
-2.050005E+1
-2.050005E+1
-2.050005E+1
-2.050005E+1
-2.050005E+1
-2.050005E+1
-2.050005E+1
-2.050005E+1
-2.050005E+1
-2.050005E+1
-2.050005E+1
-2.050005E+1
-2.050005E+1
-2.050005E+1
-2.050005E+1
-2.050005E+1
-2.050005E+1
-2.050005E+1
-2.050005E+1
-2.050005E+1
-2.050005E+1
-2.050005E+1
-2.050005E+1
-2.050005E+1
-2.050005E+1
-2.050005E+1
-2.050005E+1
-2.050005E+1
-2.050005E+1
-2.050005E+1
-2.050005E+1
-2.050005E+1
-2.050005E+1
-2.050005E+1
-2.050005E+1
-2.050005E+1
-2.050005E+1
-2.050005E+1
-2.050005E+1
-2.050005E+1
-2.050005E+1
-2.050005E+1
-2.050005E+1
-2.050005E+1
-1.748949E+1
-1.369101E+1
-1.260027E+1
-1.204902E+1
-1.168152E+1
-1.136841E+1
-1.103913E+1
-1.068045E+1
-1.031148E+1
-9.980728E+0
-9.707308E+0
-9.533848E+0
-9.464758E+0
-9.547078E+0
-9.799918E+0
-1.031148E+1
-1.124346E+1
-1.342494E+1
-2.050005E+1
-2.050005E+1
-2.050005E+1
-2.050005E+1
-2.050005E+1
-2.050005E+1
-2.050005E+1
-2.050005E+1
-2.050005E+1
-2.050005E+1
-2.050005E+1
-2.050005E+1
-2.050005E+1
-2.050005E+1
-2.050005E+1
-2.050005E+1
-2.050005E+1
-2.050005E+1
-2.050005E+1
-2.050005E+1
-2.050005E+1
-2.050005E+1
-2.050005E+1
-2.050005E+1
-2.050005E+1
-2.050005E+1
-2.050005E+1
-2.050005E+1
-2.050005E+1
-2.050005E+1
-2.050005E+1
-2.050005E+1
-2.050005E+1
-2.050005E+1
-2.050005E+1
-2.050005E+1
-2.050005E+1
-2.050005E+1
-2.050005E+1
-2.050005E+1
-2.050005E+1
-2.050005E+1
-2.050005E+1
-2.050005E+1
-2.050005E+1
-2.050005E+1
-1.326324E+1
-1.175796E+1
-1.118319E+1
-1.098327E+1
-1.106706E+1
-1.130520E+1
-1.164477E+1
-1.200492E+1
-1.218573E+1
-1.213869E+1
-1.187850E+1
-1.157274E+1
-1.130520E+1
-1.121259E+1
-1.133607E+1
-1.171974E+1
-1.260027E+1
-1.447893E+1
-2.050005E+1
-2.050005E+1
-2.050005E+1
-2.050005E+1
-2.050005E+1
-2.050005E+1
-2.050005E+1
-2.050005E+1
-2.050005E+1
-1.399383E+1
-1.254441E+1
-1.171974E+1
-1.121259E+1
-1.087743E+1
-1.065693E+1
-1.047759E+1
-1.037322E+1
-1.027326E+1
-1.021446E+1
-1.017624E+1
-1.019535E+1
-1.027326E+1
-1.047759E+1
-1.082745E+1
-1.136841E+1
-1.218573E+1
-1.369101E+1
-2.050005E+1
-2.050005E+1
-2.050005E+1
-2.050005E+1
-2.050005E+1
-2.050005E+1
-2.050005E+1
-2.050005E+1
-2.050005E+1
-2.050005E+1
-2.050005E+1
-2.050005E+1
-2.050005E+1
-1.899477E+1
-1.598421E+1
-1.434663E+1
-1.326324E+1
-1.233273E+1
-1.160802E+1
-1.103913E+1
-1.054374E+1
-1.017624E+1
-9.913108E+0
-9.769048E+0
-9.752878E+0
-9.863128E+0
-1.013949E+1
-1.060989E+1
-1.136841E+1
-1.271787E+1
-1.627380E+1
-2.050005E+1
-2.050005E+1
-2.050005E+1
-2.050005E+1
-2.050005E+1
-2.050005E+1
-2.050005E+1
-2.050005E+1
-1.700439E+1
-1.660896E+1
-1.899477E+1
-2.050005E+1
-2.050005E+1
-2.050005E+1
-2.050005E+1
-2.050005E+1
-2.050005E+1
-2.050005E+1
-2.050005E+1
-2.050005E+1
-2.050005E+1
-2.050005E+1
-2.050005E+1
-2.050005E+1
-2.050005E+1
-2.050005E+1
-2.050005E+1
-1.510368E+1
-1.342494E+1
-1.243563E+1
-1.179765E+1
-1.136841E+1
-1.112439E+1
-1.101120E+1
-1.103913E+1
-1.124346E+1
-1.153746E+1
-1.200492E+1
-1.248855E+1
-1.304274E+1
-1.359840E+1
-1.399383E+1
-1.434663E+1
-1.461858E+1
-1.529331E+1
-1.700439E+1
-2.050005E+1
-2.050005E+1
-2.050005E+1
-2.050005E+1
-2.050005E+1
-2.050005E+1
-2.050005E+1
-2.050005E+1
-2.050005E+1
-2.050005E+1
-2.050005E+1
-1.304274E+1
-1.146837E+1
-1.065693E+1
-1.015860E+1
-9.879298E+0
-9.752878E+0
-9.752878E+0
-9.863128E+0
-1.004982E+1
-1.031148E+1
-1.065693E+1
-1.103913E+1
-1.150218E+1
-1.204902E+1
-1.277961E+1
-1.378803E+1
-1.572843E+1
-2.050005E+1
-2.050005E+1
-2.050005E+1
-2.050005E+1
-2.050005E+1
-2.050005E+1
-2.050005E+1
-2.050005E+1
-2.050005E+1
-2.050005E+1
-2.050005E+1
-2.050005E+1
-2.050005E+1
-2.050005E+1
-2.050005E+1
-2.050005E+1
-2.050005E+1
-2.050005E+1
-2.050005E+1
-2.050005E+1
-2.050005E+1
-2.050005E+1
-2.050005E+1
-1.598421E+1
-1.248855E+1
-1.153746E+1
-1.112439E+1
-1.112439E+1
-1.140222E+1
-1.204902E+1
-1.342494E+1
-1.899477E+1
-2.050005E+1
-2.050005E+1
-2.050005E+1
-2.050005E+1
-2.050005E+1
-2.050005E+1
-1.627380E+1
-1.410555E+1
-1.359840E+1
-1.422315E+1
-1.899477E+1
-2.050005E+1
-2.050005E+1
-2.050005E+1
-2.050005E+1
-2.050005E+1
-2.050005E+1
-2.050005E+1
-2.050005E+1
-2.050005E+1
-1.388799E+1
-1.248855E+1
-1.196082E+1
-1.191966E+1
-1.233273E+1
-1.351020E+1
-2.050005E+1
-2.050005E+1
-2.050005E+1
-2.050005E+1
-2.050005E+1
-2.050005E+1
-2.050005E+1
-2.050005E+1
-2.050005E+1
-2.050005E+1
-2.050005E+1
-1.238271E+1
-1.101120E+1
-1.033206E+1
-9.980728E+0
-9.830788E+0
-9.846958E+0
-9.980728E+0
-1.023357E+1
-1.056579E+1
-1.101120E+1
-1.157274E+1
-1.228275E+1
-1.311330E+1
-1.434663E+1
-1.598421E+1
-2.050005E+1
-2.050005E+1
-2.050005E+1
-2.050005E+1
-1.660896E+1
-1.461858E+1
-1.342494E+1
-1.254441E+1
-1.183734E+1
-1.124346E+1
-1.070397E+1
-1.027326E+1
-9.879298E+0
-9.575008E+0
-9.347158E+0
-9.198688E+0
-9.151648E+0
-9.222208E+0
-9.411838E+0
-9.752878E+0
-1.029237E+1
-1.112439E+1
-1.248855E+1
-1.627380E+1
-2.050005E+1
-2.050005E+1
-2.050005E+1
-2.050005E+1
-2.050005E+1
-2.050005E+1
-2.050005E+1
-2.050005E+1
-2.050005E+1
-1.529331E+1
-1.378803E+1
-1.311330E+1
-1.304274E+1
-1.334262E+1
-1.434663E+1
-1.899477E+1
-2.050005E+1
-2.050005E+1
-2.050005E+1
-2.050005E+1
-2.050005E+1
-2.050005E+1
-2.050005E+1
-2.050005E+1
-2.050005E+1
-2.050005E+1
-2.050005E+1
-2.050005E+1
-1.318680E+1
-1.136841E+1
-1.039380E+1
-9.752878E+0
-9.308938E+0
-9.004648E+0
-8.797378E+0
-8.681248E+0
-8.653318E+0
-8.690068E+0
-8.806198E+0
-9.016408E+0
-9.295708E+0
-9.663208E+0
-1.008510E+1
-1.054374E+1
-1.101120E+1
-1.150218E+1
-1.196082E+1
-1.238271E+1
-1.290750E+1
-1.359840E+1
-1.476852E+1
-1.811424E+1
-2.050005E+1
-2.050005E+1
-2.050005E+1
-2.050005E+1
-1.899477E+1
-1.434663E+1
-1.277961E+1
-1.183734E+1
-1.118319E+1
-1.077747E+1
-1.049964E+1
-1.035264E+1
-1.027326E+1
-1.027326E+1
-1.031148E+1
-1.037322E+1
-1.045554E+1
-1.056579E+1
-1.072749E+1
-1.101120E+1
-1.143456E+1
-1.218573E+1
-1.369101E+1
-2.050005E+1
-2.050005E+1
-2.050005E+1
-2.050005E+1
-2.050005E+1
-2.050005E+1
-2.050005E+1
-2.050005E+1
-2.050005E+1
-2.050005E+1
-2.050005E+1
-1.493022E+1
-1.318680E+1
-1.254441E+1
-1.223277E+1
-1.218573E+1
-1.238271E+1
-1.277961E+1
-1.334262E+1
-1.410555E+1
-1.529331E+1
-1.700439E+1
-2.050005E+1
-2.050005E+1
-2.050005E+1
-2.050005E+1
-2.050005E+1
-2.050005E+1
-2.050005E+1
-2.050005E+1
-2.050005E+1
-2.050005E+1
-2.050005E+1
-2.050005E+1
-2.050005E+1
-2.050005E+1
-2.050005E+1
-1.627380E+1
-1.304274E+1
-1.183734E+1
-1.115379E+1
-1.072749E+1
-1.052169E+1
-1.047759E+1
-1.063341E+1
-1.095681E+1
-1.146837E+1
-1.228275E+1
-1.378803E+1
-2.050005E+1
-2.050005E+1
-2.050005E+1
-2.050005E+1
-2.050005E+1
-2.050005E+1
-2.050005E+1
-2.050005E+1
-2.050005E+1
-2.050005E+1
-2.050005E+1
-2.050005E+1
-2.050005E+1
-1.311330E+1
-1.130520E+1
-1.031148E+1
-9.677908E+0
-9.235438E+0
-8.950258E+0
-8.787088E+0
-8.719468E+0
-8.747398E+0
-8.857648E+0
-9.038458E+0
-9.308938E+0
-9.633808E+0
-1.003218E+1
-1.052169E+1
-1.103913E+1
-1.164477E+1
-1.228275E+1
-1.290750E+1
-1.342494E+1
-1.369101E+1
-1.359840E+1
-1.334262E+1
-1.297365E+1
-1.265907E+1
-1.248855E+1
-1.248855E+1
-1.265907E+1
-1.311330E+1
-1.399383E+1
-1.598421E+1
-2.050005E+1
-2.050005E+1
-2.050005E+1
-2.050005E+1
-2.050005E+1
-2.050005E+1
-2.050005E+1
-2.050005E+1
-2.050005E+1
-2.050005E+1
-1.598421E+1
-1.422315E+1
-1.326324E+1
-1.265907E+1
-1.213869E+1
-1.168152E+1
-1.127433E+1
-1.090389E+1
-1.058784E+1
-1.029237E+1
-1.004982E+1
-9.830788E+0
-9.707308E+0
-9.633808E+0
-9.633808E+0
-9.707308E+0
-9.846958E+0
-1.001454E+1
-1.021446E+1
-1.037322E+1
-1.045554E+1
-1.041438E+1
-1.025268E+1
-1.001454E+1
-9.783748E+0
-9.561778E+0
-9.411838E+0
-9.333928E+0
-9.358918E+0
-9.477988E+0
-9.707308E+0
-1.003218E+1
-1.045554E+1
-1.098327E+1
-1.160802E+1
-1.228275E+1
-1.290750E+1
-1.342494E+1
-1.378803E+1
-1.388799E+1
-1.378803E+1
-1.351020E+1
-1.326324E+1
-1.290750E+1
-1.254441E+1
-1.223277E+1
-1.191966E+1
-1.175796E+1
-1.171974E+1
-1.183734E+1
-1.218573E+1
-1.284135E+1
-1.434663E+1
-2.050005E+1
-2.050005E+1
-2.050005E+1
-2.050005E+1
-2.050005E+1
-2.050005E+1
-2.050005E+1
-2.050005E+1
-2.050005E+1
-2.050005E+1
-2.050005E+1
-2.050005E+1
-2.050005E+1
-2.050005E+1
-2.050005E+1
-2.050005E+1
-2.050005E+1
-2.050005E+1
-1.598421E+1
-1.378803E+1
-1.243563E+1
-1.153746E+1
-1.085244E+1
-1.035264E+1
-9.946918E+0
-9.648508E+0
-9.438298E+0
-9.295708E+0
-9.222208E+0
-9.186928E+0
-9.175168E+0
-9.186928E+0
-9.198688E+0
-9.210448E+0
-9.235438E+0
-9.272188E+0
-9.322168E+0
-9.385378E+0
-9.492688E+0
-9.604408E+0
-9.738178E+0
-9.863128E+0
-9.996898E+0
-1.012185E+1
-1.021446E+1
-1.031148E+1
-1.041438E+1
-1.054374E+1
-1.068045E+1
-1.082745E+1
-1.095681E+1
-1.106706E+1
-1.106706E+1
-1.098327E+1
-1.077747E+1
-1.049964E+1
-1.019535E+1
-9.913108E+0
-9.633808E+0
-9.425068E+0
-9.258958E+0
-9.163408E+0
-9.128128E+0
-9.175168E+0
-9.295708E+0
-9.477988E+0
-9.692608E+0
-9.946918E+0
-1.019535E+1
-1.043496E+1
-1.060989E+1
-1.072749E+1
-1.082745E+1
-1.093035E+1
-1.109499E+1
-1.140222E+1
-1.196082E+1
-1.290750E+1
-1.493022E+1
-2.050005E+1
-2.050005E+1
-2.050005E+1
-2.050005E+1
-2.050005E+1
-2.050005E+1
-2.050005E+1
-2.050005E+1
-2.050005E+1
-2.050005E+1
-2.050005E+1
-2.050005E+1
-2.050005E+1
-2.050005E+1
-2.050005E+1
-2.050005E+1
-2.050005E+1
-2.050005E+1
-2.050005E+1
-2.050005E+1
-2.050005E+1
-2.050005E+1
-2.050005E+1
-2.050005E+1
-1.476852E+1
-1.284135E+1
-1.200492E+1
-1.150218E+1
-1.127433E+1
-1.124346E+1
-1.136841E+1
-1.175796E+1
-1.248855E+1
-1.410555E+1
-2.050005E+1
-2.050005E+1
-2.050005E+1
-2.050005E+1
-2.050005E+1
-2.050005E+1
-2.050005E+1
-2.050005E+1
-2.050005E+1
-2.050005E+1
-2.050005E+1
-2.050005E+1
-2.050005E+1
-2.050005E+1
-2.050005E+1
-2.050005E+1
-2.050005E+1
-2.050005E+1
-2.050005E+1
-2.050005E+1
-2.050005E+1
-2.050005E+1
-2.050005E+1
-2.050005E+1
-2.050005E+1
-2.050005E+1
-2.050005E+1
-1.529331E+1
-1.334262E+1
-1.260027E+1
-1.238271E+1
-1.238271E+1
-1.254441E+1
-1.290750E+1
-1.351020E+1
-1.422315E+1
-1.510368E+1
-1.572843E+1
-1.549911E+1
-1.447893E+1
-1.342494E+1
-1.254441E+1
-1.196082E+1
-1.153746E+1
-1.133607E+1
-1.130520E+1
-1.143456E+1
-1.168152E+1
-1.191966E+1
-1.204902E+1
-1.187850E+1
-1.146837E+1
-1.093035E+1
-1.039380E+1
-9.946918E+0
-9.589708E+0
-9.347158E+0
-9.235438E+0
-9.235438E+0
-9.358918E+0
-9.589708E+0
-9.946918E+0
-1.043496E+1
-1.109499E+1
-1.196082E+1
-1.318680E+1
-1.549911E+1
-2.050005E+1
-2.050005E+1
-2.050005E+1
-2.050005E+1
-2.050005E+1
-2.050005E+1
-2.050005E+1
-2.050005E+1
-1.510368E+1
-1.284135E+1
-1.164477E+1
-1.087743E+1
-1.033206E+1
-9.946918E+0
-9.677908E+0
-9.519148E+0
-9.438298E+0
-9.451528E+0
-9.547078E+0
-9.738178E+0
-1.006746E+1
-1.060989E+1
-1.157274E+1
-1.369101E+1
-2.050005E+1
-2.050005E+1
-2.050005E+1
-2.050005E+1
-2.050005E+1
-2.050005E+1
-2.050005E+1
-2.050005E+1
-2.050005E+1
-2.050005E+1
-2.050005E+1
-2.050005E+1
-2.050005E+1
-2.050005E+1
-2.050005E+1
-2.050005E+1
-2.050005E+1
-1.447893E+1
-1.254441E+1
-1.140222E+1
-1.063341E+1
-1.004982E+1
-9.648508E+0
-9.398608E+0
-9.308938E+0
-9.358918E+0
-9.589708E+0
-1.006746E+1
-1.090389E+1
-1.265907E+1
-2.050005E+1
-2.050005E+1
-2.050005E+1
-2.050005E+1
-2.050005E+1
-2.050005E+1
-2.050005E+1
-2.050005E+1
-1.179765E+1
-1.015860E+1
-9.247198E+0
-8.643028E+0
-8.240248E+0
-7.980058E+0
-7.828648E+0
-7.778668E+0
-7.816888E+0
-7.938898E+0
-8.157928E+0
-8.475448E+0
-8.888518E+0
-9.425068E+0
-1.006746E+1
-1.087743E+1
-1.183734E+1
-1.304274E+1
-1.447893E+1
-1.627380E+1
-1.811424E+1
-2.050005E+1
-2.050005E+1
-2.050005E+1
-2.050005E+1
-2.050005E+1
-2.050005E+1
-2.050005E+1
-2.050005E+1
-2.050005E+1
-2.050005E+1
-2.050005E+1
-2.050005E+1
-2.050005E+1
-2.050005E+1
-2.050005E+1
-1.378803E+1
-1.265907E+1
-1.243563E+1
-1.284135E+1
-1.410555E+1
-2.050005E+1
-2.050005E+1
-2.050005E+1
-2.050005E+1
-2.050005E+1
-2.050005E+1
-2.050005E+1
-2.050005E+1
-2.050005E+1
-2.050005E+1
-2.050005E+1
-2.050005E+1
-2.050005E+1
-2.050005E+1
-2.050005E+1
-2.050005E+1
-1.899477E+1
-1.660896E+1
-1.660896E+1
-1.748949E+1
-1.899477E+1
-2.050005E+1
-2.050005E+1
-2.050005E+1
-1.660896E+1
-1.476852E+1
-1.351020E+1
-1.248855E+1
-1.171974E+1
-1.106706E+1
-1.052169E+1
-1.004982E+1
-9.633808E+0
-9.283948E+0
-8.994358E+0
-8.747398E+0
-8.544538E+0
-8.382838E+0
-8.278468E+0
-8.240248E+0
-8.254948E+0
-8.350498E+0
-8.535718E+0
-8.837068E+0
-9.283948E+0
-9.929278E+0
-1.095681E+1
-1.290750E+1
-2.050005E+1
-2.050005E+1
-2.050005E+1
-2.050005E+1
-2.050005E+1
-2.050005E+1
-2.050005E+1
-2.050005E+1
-2.050005E+1
-2.050005E+1
-2.050005E+1
-2.050005E+1
-2.050005E+1
-2.050005E+1
-2.050005E+1
-2.050005E+1
-2.050005E+1
-2.050005E+1
-2.050005E+1
-2.050005E+1
-2.050005E+1
-1.476852E+1
-1.318680E+1
-1.243563E+1
-1.209312E+1
-1.196082E+1
-1.196082E+1
-1.200492E+1
-1.209312E+1
-1.218573E+1
-1.228275E+1
-1.243563E+1
-1.260027E+1
-1.290750E+1
-1.342494E+1
-1.422315E+1
-1.598421E+1
-2.050005E+1
-2.050005E+1
-2.050005E+1
-2.050005E+1
-2.050005E+1
-2.050005E+1
-1.899477E+1
-1.476852E+1
-1.351020E+1
-1.271787E+1
-1.233273E+1
-1.213869E+1
-1.209312E+1
-1.213869E+1
-1.228275E+1
-1.248855E+1
-1.254441E+1
-1.248855E+1
-1.228275E+1
-1.191966E+1
-1.153746E+1
-1.115379E+1
-1.080099E+1
-1.052169E+1
-1.029237E+1
-1.010274E+1
-9.913108E+0
-9.722008E+0
-9.547078E+0
-9.358918E+0
-9.175168E+0
-9.004648E+0
-8.867938E+0
-8.757688E+0
-8.690068E+0
-8.653318E+0
-8.653318E+0
-8.681248E+0
-8.738578E+0
-8.806198E+0
-8.898808E+0
-8.994358E+0
-9.104608E+0
-9.222208E+0
-9.358918E+0
-9.519148E+0
-9.692608E+0
-9.896938E+0
-1.010274E+1
-1.031148E+1
-1.054374E+1
-1.075248E+1
-1.095681E+1
-1.112439E+1
-1.115379E+1
-1.106706E+1
-1.087743E+1
-1.060989E+1
-1.031148E+1
-1.001454E+1
-9.769048E+0
-9.575008E+0
-9.451528E+0
-9.398608E+0
-9.398608E+0
-9.425068E+0
-9.464758E+0
-9.505918E+0
-9.533848E+0
-9.519148E+0
-9.464758E+0
-9.425068E+0
-9.398608E+0
-9.425068E+0
-9.533848E+0
-9.722008E+0
-1.004982E+1
-1.052169E+1
-1.118319E+1
-1.204902E+1
-1.304274E+1
-1.399383E+1
-1.410555E+1
-1.342494E+1
-1.248855E+1
-1.164477E+1
-1.103913E+1
-1.063341E+1
-1.037322E+1
-1.029237E+1
-1.035264E+1
-1.054374E+1
-1.090389E+1
-1.146837E+1
-1.233273E+1
-1.388799E+1
-2.050005E+1
-2.050005E+1
-2.050005E+1
-2.050005E+1
-2.050005E+1
-2.050005E+1
-2.050005E+1
-2.050005E+1
-2.050005E+1
-2.050005E+1
-2.050005E+1
-1.899477E+1
-1.422315E+1
-1.277961E+1
-1.196082E+1
-1.140222E+1
-1.098327E+1
-1.070397E+1
-1.052169E+1
-1.041438E+1
-1.039380E+1
-1.045554E+1
-1.060989E+1
-1.087743E+1
-1.124346E+1
-1.179765E+1
-1.260027E+1
-1.399383E+1
-1.748949E+1
-2.050005E+1
-2.050005E+1
-2.050005E+1
-2.050005E+1
-2.050005E+1
-2.050005E+1
-2.050005E+1
-2.050005E+1
-2.050005E+1
-2.050005E+1
-2.050005E+1
-2.050005E+1
-2.050005E+1
-2.050005E+1
-2.050005E+1
-2.050005E+1
-2.050005E+1
-2.050005E+1
-2.050005E+1
-2.050005E+1
-2.050005E+1
-2.050005E+1
-2.050005E+1
-2.050005E+1
-2.050005E+1
-2.050005E+1
-2.050005E+1
-1.351020E+1
-1.228275E+1
-1.171974E+1
-1.150218E+1
-1.146837E+1
-1.157274E+1
-1.171974E+1
-1.187850E+1
-1.196082E+1
-1.191966E+1
-1.175796E+1
-1.150218E+1
-1.121259E+1
-1.090389E+1
-1.065693E+1
-1.047759E+1
-1.037322E+1
-1.033206E+1
-1.033206E+1
-1.037322E+1
-1.039380E+1
-1.043496E+1
-1.041438E+1
-1.037322E+1
-1.029237E+1
-1.023357E+1
-1.021446E+1
-1.027326E+1
-1.043496E+1
-1.075248E+1
-1.127433E+1
-1.213869E+1
-1.388799E+1
-2.050005E+1
-2.050005E+1
-2.050005E+1
-2.050005E+1
-2.050005E+1
-2.050005E+1
-2.050005E+1
-2.050005E+1
-2.050005E+1
-2.050005E+1
-2.050005E+1
-2.050005E+1
-2.050005E+1
-2.050005E+1
-2.050005E+1
-2.050005E+1
-2.050005E+1
-2.050005E+1
-2.050005E+1
-2.050005E+1
-2.050005E+1
-2.050005E+1
-2.050005E+1
-2.050005E+1
-2.050005E+1
-2.050005E+1
-2.050005E+1
-2.050005E+1
-2.050005E+1
-2.050005E+1
-2.050005E+1
-2.050005E+1
-2.050005E+1
-1.811424E+1
-1.410555E+1
-1.290750E+1
-1.223277E+1
-1.175796E+1
-1.143456E+1
-1.118319E+1
-1.101120E+1
-1.082745E+1
-1.068045E+1
-1.054374E+1
-1.047759E+1
-1.049964E+1
-1.060989E+1
-1.085244E+1
-1.127433E+1
-1.200492E+1
-1.326324E+1
-1.627380E+1
-2.050005E+1
-2.050005E+1
-2.050005E+1
-2.050005E+1
-2.050005E+1
-2.050005E+1
-2.050005E+1
-1.748949E+1
-1.510368E+1
-1.447893E+1
-1.434663E+1
-1.476852E+1
-1.598421E+1
-2.050005E+1
-2.050005E+1
-2.050005E+1
