Date/Time	2022-06-04 16:21:05
Line location	3
Line name	C1
OTDR wavelength [nm]	1550
OTDR pulse duration [ns]	2
OTDR scan time [s]	10
OTDR scan length [m]	1.500000E+2
Length offset [m]	0.000000E+0
Length increment [m]	3.996806E-2
Switch ID	VIAVI Solutions,OTU 8000E,11654,FO,16.76
OTDR ID	JDSU,OTU 8000E,11654,OTU(SmartOTU),V7.22

Reflected amplitude [dB]
8.935920E-1
8.568420E-1
8.024520E-1
7.392420E-1
6.804420E-1
6.319320E-1
5.937120E-1
5.643120E-1
5.554920E-1
5.966520E-1
6.877920E-1
8.156820E-1
9.670920E-1
1.125852E+0
1.265502E+0
1.375752E+0
1.456602E+0
1.513932E+0
1.553622E+0
1.574202E+0
1.565382E+0
1.522752E+0
1.447782E+0
1.346352E+0
1.233162E+0
1.108212E+0
9.685620E-1
8.230320E-1
6.877920E-1
5.672520E-1
4.599420E-1
3.585120E-1
2.644320E-1
1.835820E-1
1.189020E-1
6.598200E-2
2.482200E-2
-8.988000E-3
-3.544800E-2
-5.455800E-2
-6.925800E-2
-7.954800E-2
-8.689800E-2
-9.277800E-2
-9.718800E-2
-1.001280E-1
-1.060080E-1
-1.118880E-1
-1.192380E-1
-1.309980E-1
-1.442280E-1
-1.603980E-1
-1.780380E-1
-1.986180E-1
-2.206680E-1
-2.412480E-1
-2.603580E-1
-2.779980E-1
-2.912280E-1
-3.029880E-1
-3.088680E-1
-3.147480E-1
-3.176880E-1
-3.191580E-1
-3.220980E-1
-3.235680E-1
-3.265080E-1
-3.279780E-1
-3.279780E-1
-3.265080E-1
-3.235680E-1
-3.162180E-1
-3.015180E-1
-2.735880E-1
-2.309580E-1
-1.765680E-1
-1.221780E-1
-7.219800E-2
-3.103800E-2
1.302000E-3
2.629200E-2
4.540200E-2
5.569200E-2
6.010200E-2
5.863200E-2
5.128200E-2
3.511200E-2
8.652000E-3
-2.515800E-2
-6.337800E-2
-1.045380E-1
-1.456980E-1
-1.853880E-1
-2.250780E-1
-2.618280E-1
-2.971080E-1
-3.294480E-1
-3.603180E-1
-3.882480E-1
-4.132380E-1
-4.367580E-1
-4.573380E-1
-4.779180E-1
-4.970280E-1
-5.146680E-1
-5.323080E-1
-5.470080E-1
-5.602380E-1
-5.719980E-1
-5.808180E-1
-5.866980E-1
-5.925780E-1
-5.969880E-1
-5.999280E-1
-6.058080E-1
-6.102180E-1
-6.160980E-1
-6.219780E-1
-6.278580E-1
-6.322680E-1
-6.352080E-1
-6.366780E-1
-6.352080E-1
-6.322680E-1
-6.263880E-1
-6.205080E-1
-6.116880E-1
-6.028680E-1
-5.925780E-1
-5.822880E-1
-5.719980E-1
-5.631780E-1
-5.543580E-1
-5.484780E-1
-5.455380E-1
-5.425980E-1
-5.425980E-1
-5.425980E-1
-5.425980E-1
-5.425980E-1
-5.425980E-1
-5.411280E-1
-5.367180E-1
-5.308380E-1
-5.234880E-1
-5.117280E-1
-4.999680E-1
-4.837980E-1
-4.617480E-1
-4.338180E-1
-3.941280E-1
-3.412080E-1
-2.706480E-1
-1.853880E-1
-9.718800E-2
-1.927800E-2
4.246200E-2
8.950200E-2
1.247820E-1
1.483020E-1
1.630020E-1
1.703520E-1
1.674120E-1
1.497720E-1
1.144920E-1
6.892200E-2
2.041200E-2
-2.662800E-2
-6.925800E-2
-1.104180E-1
-1.486380E-1
-1.868580E-1
-2.221380E-1
-2.574180E-1
-2.897580E-1
-3.191580E-1
-3.456180E-1
-3.691380E-1
-3.897180E-1
-4.044180E-1
-4.176480E-1
-4.264680E-1
-4.323480E-1
-4.352880E-1
-4.382280E-1
-4.382280E-1
-4.382280E-1
-4.367580E-1
-4.338180E-1
-4.308780E-1
-4.264680E-1
-4.220580E-1
-4.176480E-1
-4.147080E-1
-4.102980E-1
-4.073580E-1
-4.044180E-1
-4.029480E-1
-4.029480E-1
-4.014780E-1
-4.014780E-1
-4.029480E-1
-4.029480E-1
-4.044180E-1
-4.058880E-1
-4.058880E-1
-4.073580E-1
-4.073580E-1
-4.073580E-1
-4.088280E-1
-4.088280E-1
-4.088280E-1
-4.102980E-1
-4.117680E-1
-4.147080E-1
-4.176480E-1
-4.205880E-1
-4.235280E-1
-4.249980E-1
-4.249980E-1
-4.235280E-1
-4.220580E-1
-4.191180E-1
-4.161780E-1
-4.117680E-1
-4.102980E-1
-4.088280E-1
-4.088280E-1
-4.088280E-1
-4.102980E-1
-4.102980E-1
-4.117680E-1
-4.132380E-1
-4.147080E-1
-4.147080E-1
-4.147080E-1
-4.132380E-1
-4.117680E-1
-4.102980E-1
-4.073580E-1
-4.044180E-1
-4.014780E-1
-4.000080E-1
-3.970680E-1
-3.955980E-1
-3.941280E-1
-3.911880E-1
-3.882480E-1
-3.838380E-1
-3.779580E-1
-3.706080E-1
-3.632580E-1
-3.544380E-1
-3.485580E-1
-3.426780E-1
-3.382680E-1
-3.382680E-1
-3.397380E-1
-3.441480E-1
-3.500280E-1
-3.559080E-1
-3.617880E-1
-3.676680E-1
-3.735480E-1
-3.764880E-1
-3.794280E-1
-3.794280E-1
-3.808980E-1
-3.808980E-1
-3.808980E-1
-3.794280E-1
-3.794280E-1
-3.808980E-1
-3.808980E-1
-3.823680E-1
-3.838380E-1
-3.867780E-1
-3.911880E-1
-3.955980E-1
-4.000080E-1
-4.044180E-1
-4.073580E-1
-4.102980E-1
-4.102980E-1
-4.088280E-1
-4.073580E-1
-4.029480E-1
-4.000080E-1
-3.970680E-1
-3.955980E-1
-3.955980E-1
-3.985380E-1
-4.014780E-1
-4.073580E-1
-4.132380E-1
-4.205880E-1
-4.279380E-1
-4.338180E-1
-4.382280E-1
-4.396980E-1
-4.396980E-1
-4.382280E-1
-4.352880E-1
-4.308780E-1
-4.264680E-1
-4.220580E-1
-4.176480E-1
-4.147080E-1
-4.147080E-1
-4.161780E-1
-4.176480E-1
-4.220580E-1
-4.264680E-1
-4.323480E-1
-4.367580E-1
-4.411680E-1
-4.441080E-1
-4.470480E-1
-4.485180E-1
-4.485180E-1
-4.470480E-1
-4.441080E-1
-4.411680E-1
-4.367580E-1
-4.323480E-1
-4.279380E-1
-4.235280E-1
-4.205880E-1
-4.176480E-1
-4.161780E-1
-4.147080E-1
-4.132380E-1
-4.117680E-1
-4.102980E-1
-4.088280E-1
-4.088280E-1
-4.088280E-1
-4.088280E-1
-4.102980E-1
-4.117680E-1
-4.147080E-1
-4.176480E-1
-4.191180E-1
-4.220580E-1
-4.220580E-1
-4.205880E-1
-4.191180E-1
-4.147080E-1
-4.102980E-1
-4.044180E-1
-4.000080E-1
-3.941280E-1
-3.897180E-1
-3.867780E-1
-3.853080E-1
-3.838380E-1
-3.853080E-1
-3.867780E-1
-3.911880E-1
-3.941280E-1
-3.985380E-1
-4.044180E-1
-4.088280E-1
-4.132380E-1
-4.176480E-1
-4.205880E-1
-4.235280E-1
-4.264680E-1
-4.279380E-1
-4.308780E-1
-4.338180E-1
-4.367580E-1
-4.396980E-1
-4.426380E-1
-4.455780E-1
-4.455780E-1
-4.470480E-1
-4.455780E-1
-4.426380E-1
-4.396980E-1
-4.367580E-1
-4.352880E-1
-4.323480E-1
-4.323480E-1
-4.323480E-1
-4.338180E-1
-4.352880E-1
-4.382280E-1
-4.396980E-1
-4.411680E-1
-4.411680E-1
-4.396980E-1
-4.382280E-1
-4.338180E-1
-4.308780E-1
-4.264680E-1
-4.220580E-1
-4.176480E-1
-4.147080E-1
-4.117680E-1
-4.102980E-1
-4.117680E-1
-4.132380E-1
-4.161780E-1
-4.205880E-1
-4.235280E-1
-4.264680E-1
-4.294080E-1
-4.308780E-1
-4.308780E-1
-4.294080E-1
-4.279380E-1
-4.235280E-1
-4.205880E-1
-4.161780E-1
-4.117680E-1
-4.073580E-1
-4.044180E-1
-4.029480E-1
-4.029480E-1
-4.029480E-1
-4.058880E-1
-4.102980E-1
-4.132380E-1
-4.176480E-1
-4.220580E-1
-4.249980E-1
-4.264680E-1
-4.294080E-1
-4.308780E-1
-4.323480E-1
-4.323480E-1
-4.338180E-1
-4.352880E-1
-4.352880E-1
-4.352880E-1
-4.338180E-1
-4.323480E-1
-4.308780E-1
-4.294080E-1
-4.279380E-1
-4.279380E-1
-4.279380E-1
-4.279380E-1
-4.294080E-1
-4.294080E-1
-4.308780E-1
-4.308780E-1
-4.294080E-1
-4.279380E-1
-4.264680E-1
-4.235280E-1
-4.205880E-1
-4.176480E-1
-4.161780E-1
-4.132380E-1
-4.117680E-1
-4.102980E-1
-4.088280E-1
-4.088280E-1
-4.088280E-1
-4.073580E-1
-4.058880E-1
-4.044180E-1
-4.014780E-1
-4.000080E-1
-3.985380E-1
-3.970680E-1
-3.955980E-1
-3.970680E-1
-3.970680E-1
-4.000080E-1
-4.029480E-1
-4.058880E-1
-4.088280E-1
-4.132380E-1
-4.161780E-1
-4.205880E-1
-4.235280E-1
-4.279380E-1
-4.294080E-1
-4.308780E-1
-4.308780E-1
-4.294080E-1
-4.279380E-1
-4.249980E-1
-4.205880E-1
-4.176480E-1
-4.147080E-1
-4.117680E-1
-4.102980E-1
-4.073580E-1
-4.058880E-1
-4.044180E-1
-4.014780E-1
-4.000080E-1
-3.985380E-1
-3.985380E-1
-3.970680E-1
-3.970680E-1
-3.970680E-1
-3.985380E-1
-3.985380E-1
-3.985380E-1
-4.000080E-1
-4.000080E-1
-4.000080E-1
-4.014780E-1
-4.029480E-1
-4.029480E-1
-4.044180E-1
-4.044180E-1
-4.044180E-1
-4.044180E-1
-4.029480E-1
-4.000080E-1
-3.970680E-1
-3.941280E-1
-3.911880E-1
-3.882480E-1
-3.867780E-1
-3.853080E-1
-3.853080E-1
-3.867780E-1
-3.882480E-1
-3.911880E-1
-3.941280E-1
-3.985380E-1
-4.014780E-1
-4.058880E-1
-4.102980E-1
-4.132380E-1
-4.176480E-1
-4.220580E-1
-4.249980E-1
-4.294080E-1
-4.323480E-1
-4.338180E-1
-4.352880E-1
-4.367580E-1
-4.352880E-1
-4.323480E-1
-4.294080E-1
-4.235280E-1
-4.191180E-1
-4.117680E-1
-4.058880E-1
-4.000080E-1
-3.941280E-1
-3.897180E-1
-3.853080E-1
-3.823680E-1
-3.794280E-1
-3.779580E-1
-3.764880E-1
-3.750180E-1
-3.750180E-1
-3.735480E-1
-3.720780E-1
-3.691380E-1
-3.691380E-1
-3.676680E-1
-3.691380E-1
-3.706080E-1
-3.750180E-1
-3.808980E-1
-3.882480E-1
-3.955980E-1
-4.029480E-1
-4.088280E-1
-4.147080E-1
-4.176480E-1
-4.191180E-1
-4.205880E-1
-4.220580E-1
-4.235280E-1
-4.249980E-1
-4.279380E-1
-4.308780E-1
-4.367580E-1
-4.411680E-1
-4.470480E-1
-4.514580E-1
-4.558680E-1
-4.588080E-1
-4.602780E-1
-4.602780E-1
-4.588080E-1
-4.573380E-1
-4.558680E-1
-4.543980E-1
-4.529280E-1
-4.514580E-1
-4.514580E-1
-4.514580E-1
-4.514580E-1
-4.514580E-1
-4.514580E-1
-4.514580E-1
-4.485180E-1
-4.470480E-1
-4.441080E-1
-4.426380E-1
-4.396980E-1
-4.367580E-1
-4.352880E-1
-4.338180E-1
-4.323480E-1
-4.294080E-1
-4.279380E-1
-4.249980E-1
-4.235280E-1
-4.220580E-1
-4.191180E-1
-4.176480E-1
-4.176480E-1
-4.161780E-1
-4.176480E-1
-4.176480E-1
-4.176480E-1
-4.176480E-1
-4.176480E-1
-4.176480E-1
-4.161780E-1
-4.161780E-1
-4.161780E-1
-4.161780E-1
-4.161780E-1
-4.176480E-1
-4.176480E-1
-4.191180E-1
-4.205880E-1
-4.205880E-1
-4.205880E-1
-4.191180E-1
-4.176480E-1
-4.147080E-1
-4.117680E-1
-4.073580E-1
-4.044180E-1
-4.000080E-1
-3.955980E-1
-3.926580E-1
-3.897180E-1
-3.882480E-1
-3.867780E-1
-3.867780E-1
-3.882480E-1
-3.897180E-1
-3.926580E-1
-3.955980E-1
-3.970680E-1
-3.985380E-1
-3.985380E-1
-3.985380E-1
-3.955980E-1
-3.926580E-1
-3.882480E-1
-3.853080E-1
-3.808980E-1
-3.779580E-1
-3.779580E-1
-3.779580E-1
-3.823680E-1
-3.867780E-1
-3.926580E-1
-4.000080E-1
-4.058880E-1
-4.117680E-1
-4.147080E-1
-4.176480E-1
-4.161780E-1
-4.161780E-1
-4.147080E-1
-4.132380E-1
-4.117680E-1
-4.132380E-1
-4.147080E-1
-4.176480E-1
-4.205880E-1
-4.235280E-1
-4.249980E-1
-4.264680E-1
-4.264680E-1
-4.249980E-1
-4.235280E-1
-4.205880E-1
-4.161780E-1
-4.117680E-1
-4.073580E-1
-4.044180E-1
-4.014780E-1
-4.000080E-1
-3.985380E-1
-3.985380E-1
-3.985380E-1
-4.000080E-1
-4.029480E-1
-4.044180E-1
-4.058880E-1
-4.073580E-1
-4.088280E-1
-4.088280E-1
-4.088280E-1
-4.088280E-1
-4.088280E-1
-4.088280E-1
-4.073580E-1
-4.073580E-1
-4.073580E-1
-4.058880E-1
-4.058880E-1
-4.058880E-1
-4.058880E-1
-4.073580E-1
-4.073580E-1
-4.073580E-1
-4.058880E-1
-4.058880E-1
-4.044180E-1
-4.029480E-1
-4.014780E-1
-4.000080E-1
-3.985380E-1
-3.970680E-1
-3.970680E-1
-3.955980E-1
-3.941280E-1
-3.926580E-1
-3.897180E-1
-3.867780E-1
-3.838380E-1
-3.794280E-1
-3.764880E-1
-3.735480E-1
-3.720780E-1
-3.720780E-1
-3.735480E-1
-3.764880E-1
-3.794280E-1
-3.823680E-1
-3.853080E-1
-3.882480E-1
-3.911880E-1
-3.941280E-1
-3.970680E-1
-4.000080E-1
-4.014780E-1
-4.029480E-1
-4.044180E-1
-4.044180E-1
-4.029480E-1
-4.014780E-1
-4.000080E-1
-3.985380E-1
-3.970680E-1
-3.970680E-1
-3.970680E-1
-3.985380E-1
-4.014780E-1
-4.044180E-1
-4.073580E-1
-4.117680E-1
-4.147080E-1
-4.191180E-1
-4.235280E-1
-4.279380E-1
-4.323480E-1
-4.367580E-1
-4.411680E-1
-4.441080E-1
-4.470480E-1
-4.485180E-1
-4.470480E-1
-4.441080E-1
-4.382280E-1
-4.323480E-1
-4.235280E-1
-4.147080E-1
-4.073580E-1
-4.000080E-1
-3.955980E-1
-3.941280E-1
-3.941280E-1
-3.970680E-1
-4.029480E-1
-4.102980E-1
-4.191180E-1
-4.279380E-1
-4.367580E-1
-4.455780E-1
-4.529280E-1
-4.573380E-1
-4.602780E-1
-4.617480E-1
-4.602780E-1
-4.573380E-1
-4.529280E-1
-4.470480E-1
-4.396980E-1
-4.323480E-1
-4.235280E-1
-4.161780E-1
-4.088280E-1
-4.029480E-1
-3.985380E-1
-3.970680E-1
-3.955980E-1
-3.970680E-1
-4.014780E-1
-4.058880E-1
-4.117680E-1
-4.176480E-1
-4.249980E-1
-4.294080E-1
-4.323480E-1
-4.352880E-1
-4.352880E-1
-4.352880E-1
-4.338180E-1
-4.323480E-1
-4.294080E-1
-4.294080E-1
-4.279380E-1
-4.294080E-1
-4.294080E-1
-4.308780E-1
-4.308780E-1
-4.308780E-1
-4.294080E-1
-4.279380E-1
-4.249980E-1
-4.220580E-1
-4.176480E-1
-4.147080E-1
-4.117680E-1
-4.088280E-1
-4.058880E-1
-4.044180E-1
-4.029480E-1
-4.029480E-1
-4.029480E-1
-4.029480E-1
-4.029480E-1
-4.029480E-1
-4.029480E-1
-4.029480E-1
-4.029480E-1
-4.029480E-1
-4.029480E-1
-4.029480E-1
-4.029480E-1
-4.029480E-1
-4.044180E-1
-4.044180E-1
-4.044180E-1
-4.044180E-1
-4.029480E-1
-4.014780E-1
-3.985380E-1
-3.955980E-1
-3.926580E-1
-3.897180E-1
-3.867780E-1
-3.853080E-1
-3.838380E-1
-3.838380E-1
-3.838380E-1
-3.853080E-1
-3.882480E-1
-3.897180E-1
-3.926580E-1
-3.955980E-1
-3.985380E-1
-4.014780E-1
-4.029480E-1
-4.058880E-1
-4.073580E-1
-4.088280E-1
-4.102980E-1
-4.132380E-1
-4.147080E-1
-4.176480E-1
-4.220580E-1
-4.264680E-1
-4.308780E-1
-4.338180E-1
-4.382280E-1
-4.396980E-1
-4.411680E-1
-4.411680E-1
-4.396980E-1
-4.382280E-1
-4.352880E-1
-4.338180E-1
-4.308780E-1
-4.294080E-1
-4.264680E-1
-4.249980E-1
-4.235280E-1
-4.220580E-1
-4.205880E-1
-4.176480E-1
-4.147080E-1
-4.102980E-1
-4.073580E-1
-4.029480E-1
-3.985380E-1
-3.941280E-1
-3.911880E-1
-3.882480E-1
-3.882480E-1
-3.882480E-1
-3.911880E-1
-3.955980E-1
-4.029480E-1
-4.102980E-1
-4.191180E-1
-4.294080E-1
-4.396980E-1
-4.485180E-1
-4.573380E-1
-4.646880E-1
-4.705680E-1
-4.735080E-1
-4.764480E-1
-4.764480E-1
-4.749780E-1
-4.720380E-1
-4.676280E-1
-4.632180E-1
-4.573380E-1
-4.499880E-1
-4.441080E-1
-4.382280E-1
-4.338180E-1
-4.294080E-1
-4.264680E-1
-4.235280E-1
-4.205880E-1
-4.176480E-1
-4.147080E-1
-4.117680E-1
-4.073580E-1
-4.014780E-1
-3.955980E-1
-3.897180E-1
-3.838380E-1
-3.779580E-1
-3.735480E-1
-3.691380E-1
-3.676680E-1
-3.661980E-1
-3.661980E-1
-3.661980E-1
-3.676680E-1
-3.691380E-1
-3.706080E-1
-3.720780E-1
-3.735480E-1
-3.750180E-1
-3.750180E-1
-3.750180E-1
-3.750180E-1
-3.750180E-1
-3.750180E-1
-3.735480E-1
-3.735480E-1
-3.720780E-1
-3.720780E-1
-3.720780E-1
-3.720780E-1
-3.720780E-1
-3.720780E-1
-3.735480E-1
-3.750180E-1
-3.779580E-1
-3.808980E-1
-3.838380E-1
-3.882480E-1
-3.911880E-1
-3.955980E-1
-4.000080E-1
-4.029480E-1
-4.073580E-1
-4.102980E-1
-4.132380E-1
-4.147080E-1
-4.147080E-1
-4.147080E-1
-4.132380E-1
-4.102980E-1
-4.088280E-1
-4.073580E-1
-4.058880E-1
-4.073580E-1
-4.088280E-1
-4.132380E-1
-4.176480E-1
-4.235280E-1
-4.294080E-1
-4.338180E-1
-4.382280E-1
-4.396980E-1
-4.411680E-1
-4.411680E-1
-4.411680E-1
-4.396980E-1
-4.367580E-1
-4.367580E-1
-4.352880E-1
-4.367580E-1
-4.367580E-1
-4.382280E-1
-4.382280E-1
-4.382280E-1
-4.382280E-1
-4.352880E-1
-4.308780E-1
-4.249980E-1
-4.176480E-1
-4.102980E-1
-4.000080E-1
-3.911880E-1
-3.838380E-1
-3.779580E-1
-3.735480E-1
-3.720780E-1
-3.750180E-1
-3.808980E-1
-3.911880E-1
-4.044180E-1
-4.191180E-1
-4.411680E-1
-4.735080E-1
-5.176080E-1
-5.661180E-1
-6.219780E-1
-6.910680E-1
-7.704480E-1
-8.483580E-1
-9.189180E-1
-9.850680E-1
-1.046808E+0
-1.107078E+0
-1.165878E+0
-1.224678E+0
-1.282008E+0
-1.337868E+0
-1.392258E+0
-1.443708E+0
-1.490748E+0
-1.531908E+0
-1.567188E+0
-1.593648E+0
-1.614228E+0
-1.628928E+0
-1.637748E+0
-1.642158E+0
-1.645098E+0
-1.646568E+0
-1.648038E+0
-1.649508E+0
-1.652448E+0
-1.658328E+0
-1.664208E+0
-1.671558E+0
-1.680378E+0
-1.689198E+0
-1.699488E+0
-1.708308E+0
-1.717128E+0
-1.723008E+0
-1.730358E+0
-1.736238E+0
-1.742118E+0
-1.749468E+0
-1.756818E+0
-1.765638E+0
-1.772988E+0
-1.780338E+0
-1.786218E+0
-1.790628E+0
-1.790628E+0
-1.787688E+0
-1.781808E+0
-1.772988E+0
-1.764168E+0
-1.755348E+0
-1.746528E+0
-1.740648E+0
-1.736238E+0
-1.734768E+0
-1.736238E+0
-1.739178E+0
-1.745058E+0
-1.753878E+0
-1.764168E+0
-1.777398E+0
-1.790628E+0
-1.806798E+0
-1.821498E+0
-1.837668E+0
-1.850898E+0
-1.861188E+0
-1.870008E+0
-1.877358E+0
-1.881768E+0
-1.886178E+0
-1.890588E+0
-1.896468E+0
-1.902348E+0
-1.911168E+0
-1.922928E+0
-1.934688E+0
-1.949388E+0
-1.965558E+0
-1.983198E+0
-2.000838E+0
-2.018478E+0
-2.033178E+0
-2.047878E+0
-2.061108E+0
-2.072868E+0
-2.081688E+0
-2.089038E+0
-2.097858E+0
-2.103738E+0
-2.111088E+0
-2.118438E+0
-2.122848E+0
-2.127258E+0
-2.130198E+0
-2.131668E+0
-2.130198E+0
-2.130198E+0
-2.128728E+0
-2.127258E+0
-2.127258E+0
-2.125788E+0
-2.127258E+0
-2.128728E+0
-2.131668E+0
-2.136078E+0
-2.141958E+0
-2.147838E+0
-2.155188E+0
-2.162538E+0
-2.169888E+0
-2.177238E+0
-2.184588E+0
-2.190468E+0
-2.194878E+0
-2.196348E+0
-2.197818E+0
-2.196348E+0
-2.194878E+0
-2.191938E+0
-2.190468E+0
-2.188998E+0
-2.188998E+0
-2.191938E+0
-2.194878E+0
-2.200758E+0
-2.208108E+0
-2.215458E+0
-2.222808E+0
-2.228688E+0
-2.236038E+0
-2.243388E+0
-2.253678E+0
-2.265438E+0
-2.281608E+0
-2.302188E+0
-2.327178E+0
-2.356578E+0
-2.388918E+0
-2.421258E+0
-2.452128E+0
-2.477118E+0
-2.496228E+0
-2.507988E+0
-2.512398E+0
-2.509458E+0
-2.499168E+0
-2.485938E+0
-2.471238E+0
-2.456538E+0
-2.441838E+0
-2.430078E+0
-2.421258E+0
-2.415378E+0
-2.413908E+0
-2.415378E+0
-2.419788E+0
-2.425668E+0
-2.433018E+0
-2.443308E+0
-2.452128E+0
-2.462418E+0
-2.472708E+0
-2.484468E+0
-2.494758E+0
-2.507988E+0
-2.518278E+0
-2.531508E+0
-2.544738E+0
-2.556498E+0
-2.569728E+0
-2.582958E+0
-2.596188E+0
-2.607948E+0
-2.616768E+0
-2.622648E+0
-2.627058E+0
-2.628528E+0
-2.627058E+0
-2.625588E+0
-2.627058E+0
-2.631468E+0
-2.638818E+0
-2.652048E+0
-2.668218E+0
-2.688798E+0
-2.712318E+0
-2.735838E+0
-2.757888E+0
-2.779938E+0
-2.797578E+0
-2.812278E+0
-2.824038E+0
-2.831388E+0
-2.837268E+0
-2.841678E+0
-2.844618E+0
-2.847558E+0
-2.851968E+0
-2.857848E+0
-2.866668E+0
-2.876958E+0
-2.887248E+0
-2.897538E+0
-2.907828E+0
-2.915178E+0
-2.918118E+0
-2.918118E+0
-2.913708E+0
-2.906358E+0
-2.897538E+0
-2.887248E+0
-2.875488E+0
-2.866668E+0
-2.857848E+0
-2.853438E+0
-2.850498E+0
-2.849028E+0
-2.851968E+0
-2.857848E+0
-2.863728E+0
-2.874018E+0
-2.885778E+0
-2.897538E+0
-2.913708E+0
-2.929878E+0
-2.947518E+0
-2.966628E+0
-2.984268E+0
-2.998968E+0
-3.013668E+0
-3.023958E+0
-3.031308E+0
-3.037188E+0
-3.043068E+0
-3.048948E+0
-3.056298E+0
-3.066588E+0
-3.075408E+0
-3.087168E+0
-3.094518E+0
-3.101868E+0
-3.103338E+0
-3.104808E+0
-3.104808E+0
-3.106278E+0
-3.110688E+0
-3.118038E+0
-3.128328E+0
-3.141558E+0
-3.156258E+0
-3.168018E+0
-3.179778E+0
-3.188598E+0
-3.194478E+0
-3.197418E+0
-3.200358E+0
-3.203298E+0
-3.206238E+0
-3.210648E+0
-3.215058E+0
-3.219468E+0
-3.223878E+0
-3.229758E+0
-3.234168E+0
-3.240048E+0
-3.247398E+0
-3.256218E+0
-3.267978E+0
-3.282678E+0
-3.298848E+0
-3.316488E+0
-3.335598E+0
-3.351768E+0
-3.366468E+0
-3.376758E+0
-3.382638E+0
-3.384108E+0
-3.384108E+0
-3.381168E+0
-3.378228E+0
-3.376758E+0
-3.376758E+0
-3.381168E+0
-3.387048E+0
-3.395868E+0
-3.403218E+0
-3.410568E+0
-3.416448E+0
-3.420858E+0
-3.425268E+0
-3.428208E+0
-3.431148E+0
-3.435558E+0
-3.439968E+0
-3.444378E+0
-3.451728E+0
-3.457608E+0
-3.462018E+0
-3.467898E+0
-3.473778E+0
-3.478188E+0
-3.484068E+0
-3.489948E+0
-3.495828E+0
-3.503178E+0
-3.510528E+0
-3.517878E+0
-3.523758E+0
-3.529638E+0
-3.534048E+0
-3.536988E+0
-3.541398E+0
-3.547278E+0
-3.554628E+0
-3.566388E+0
-3.579618E+0
-3.597258E+0
-3.617838E+0
-3.638418E+0
-3.658998E+0
-3.678108E+0
-3.694278E+0
-3.706038E+0
-3.713388E+0
-3.717798E+0
-3.720738E+0
-3.720738E+0
-3.717798E+0
-3.713388E+0
-3.706038E+0
-3.695748E+0
-3.682518E+0
-3.666348E+0
-3.648708E+0
-3.629598E+0
-3.613428E+0
-3.600198E+0
-3.592848E+0
-3.591378E+0
-3.598728E+0
-3.613428E+0
-3.635478E+0
-3.661938E+0
-3.691338E+0
-3.720738E+0
-3.751608E+0
-3.778068E+0
-3.803058E+0
-3.823638E+0
-3.839808E+0
-3.854508E+0
-3.866268E+0
-3.873618E+0
-3.879498E+0
-3.883908E+0
-3.886848E+0
-3.888318E+0
-3.888318E+0
-3.889788E+0
-3.891258E+0
-3.892728E+0
-3.895668E+0
-3.901548E+0
-3.907428E+0
-3.914778E+0
-3.925068E+0
-3.933888E+0
-3.942708E+0
-3.951528E+0
-3.958878E+0
-3.963288E+0
-3.969168E+0
-3.975048E+0
-3.982398E+0
-3.992688E+0
-4.007388E+0
-4.029438E+0
-4.054428E+0
-4.086768E+0
-4.120578E+0
-4.155858E+0
-4.189668E+0
-4.220538E+0
-4.245528E+0
-4.267578E+0
-4.283748E+0
-4.299918E+0
-4.316088E+0
-4.335198E+0
-4.358718E+0
-4.386648E+0
-4.417518E+0
-4.446918E+0
-4.471908E+0
-4.486608E+0
-4.486608E+0
-4.476318E+0
-4.454268E+0
-4.424868E+0
-4.393998E+0
-4.364598E+0
-4.339608E+0
-4.320498E+0
-4.308738E+0
-4.298448E+0
-4.289628E+0
-4.280808E+0
-4.270518E+0
-4.261698E+0
-4.251408E+0
-4.241118E+0
-4.235238E+0
-4.232298E+0
-4.235238E+0
-4.239648E+0
-4.248468E+0
-4.258758E+0
-4.270518E+0
-4.283748E+0
-4.298448E+0
-4.313148E+0
-4.329318E+0
-4.346958E+0
-4.367538E+0
-4.389588E+0
-4.414578E+0
-4.442508E+0
-4.473378E+0
-4.504248E+0
-4.535118E+0
-4.563048E+0
-4.583628E+0
-4.596858E+0
-4.604208E+0
-4.599798E+0
-4.588038E+0
-4.570398E+0
-4.546878E+0
-4.526298E+0
-4.507188E+0
-4.492488E+0
-4.486608E+0
-4.488078E+0
-4.499838E+0
-4.518948E+0
-4.540998E+0
-4.564518E+0
-4.585098E+0
-4.602738E+0
-4.610088E+0
-4.608618E+0
-4.599798E+0
-4.586568E+0
-4.571868E+0
-4.558638E+0
-4.548348E+0
-4.543938E+0
-4.543938E+0
-4.548348E+0
-4.557168E+0
-4.567458E+0
-4.579218E+0
-4.593918E+0
-4.610088E+0
-4.630668E+0
-4.652718E+0
-4.677708E+0
-4.705638E+0
-4.733568E+0
-4.761498E+0
-4.785018E+0
-4.804128E+0
-4.820298E+0
-4.832058E+0
-4.843818E+0
-4.852638E+0
-4.862928E+0
-4.874688E+0
-4.887918E+0
-4.902618E+0
-4.918788E+0
-4.933488E+0
-4.949658E+0
-4.965828E+0
-4.984938E+0
-5.005518E+0
-5.026098E+0
-5.049618E+0
-5.071668E+0
-5.092248E+0
-5.109888E+0
-5.117238E+0
-5.118708E+0
-5.114298E+0
-5.106948E+0
-5.099598E+0
-5.089308E+0
-5.084898E+0
-5.083428E+0
-5.086368E+0
-5.090778E+0
-5.092248E+0
-5.090778E+0
-5.086368E+0
-5.080488E+0
-5.070198E+0
-5.058438E+0
-5.046678E+0
-5.036388E+0
-5.029038E+0
-5.023158E+0
-5.021688E+0
-5.023158E+0
-5.027568E+0
-5.037858E+0
-5.049618E+0
-5.064318E+0
-5.081958E+0
-5.104008E+0
-5.127528E+0
-5.151048E+0
-5.173098E+0
-5.192208E+0
-5.208378E+0
-5.218668E+0
-5.226018E+0
-5.226018E+0
-5.218668E+0
-5.209848E+0
-5.196618E+0
-5.181918E+0
-5.167218E+0
-5.155458E+0
-5.149578E+0
-5.151048E+0
-5.158398E+0
-5.173098E+0
-5.192208E+0
-5.214258E+0
-5.236308E+0
-5.259828E+0
-5.278938E+0
-5.298048E+0
-5.315688E+0
-5.328918E+0
-5.339208E+0
-5.345088E+0
-5.340678E+0
-5.325978E+0
-5.295108E+0
-5.252478E+0
-5.199558E+0
-5.140758E+0
-5.077548E+0
-5.020218E+0
-4.968768E+0
-4.934958E+0
-4.917318E+0
-4.917318E+0
-4.934958E+0
-4.967298E+0
-5.011398E+0
-5.058438E+0
-5.104008E+0
-5.137818E+0
-5.158398E+0
-5.165748E+0
-5.156928E+0
-5.140758E+0
-5.118708E+0
-5.101068E+0
-5.087838E+0
-5.086368E+0
-5.098128E+0
-5.120178E+0
-5.155458E+0
-5.201028E+0
-5.253948E+0
-5.311278E+0
-5.367138E+0
-5.418588E+0
-5.464158E+0
-5.500908E+0
-5.528838E+0
-5.545008E+0
-5.552358E+0
-5.555298E+0
-5.552358E+0
-5.546478E+0
-5.539128E+0
-5.531778E+0
-5.524428E+0
-5.520018E+0
-5.514138E+0
-5.509728E+0
-5.508258E+0
-5.512668E+0
-5.522958E+0
-5.542068E+0
-5.571468E+0
-5.611158E+0
-5.658198E+0
-5.709648E+0
-5.762568E+0
-5.808138E+0
-5.846358E+0
-5.868408E+0
-5.877228E+0
-5.874288E+0
-5.868408E+0
-5.865468E+0
-5.869878E+0
-5.883108E+0
-5.905158E+0
-5.931618E+0
-5.956608E+0
-5.974248E+0
-5.977188E+0
-5.961018E+0
-5.928678E+0
-5.888988E+0
-5.846358E+0
-5.808138E+0
-5.781678E+0
-5.768448E+0
-5.772858E+0
-5.793438E+0
-5.825778E+0
-5.863998E+0
-5.902218E+0
-5.933088E+0
-5.953668E+0
-5.958078E+0
-5.949258E+0
-5.928678E+0
-5.905158E+0
-5.883108E+0
-5.869878E+0
-5.863998E+0
-5.872818E+0
-5.893398E+0
-5.924268E+0
-5.962488E+0
-6.006588E+0
-6.055098E+0
-6.109488E+0
-6.171228E+0
-6.238848E+0
-6.318228E+0
-6.402018E+0
-6.494628E+0
-6.585768E+0
-6.669558E+0
-6.732768E+0
-6.765108E+0
-6.770988E+0
-6.741588E+0
-6.684258E+0
-6.610758E+0
-6.526968E+0
-6.443178E+0
-6.371148E+0
-6.315288E+0
-6.275598E+0
-6.257958E+0
-6.265308E+0
-6.291768E+0
-6.334398E+0
-6.385848E+0
-6.440238E+0
-6.491688E+0
-6.524028E+0
-6.538728E+0
-6.532848E+0
-6.515208E+0
-6.491688E+0
-6.469638E+0
-6.451998E+0
-6.449058E+0
-6.454938E+0
-6.469638E+0
-6.482868E+0
-6.491688E+0
-6.494628E+0
-6.485808E+0
-6.469638E+0
-6.443178E+0
-6.415248E+0
-6.387318E+0
-6.357918E+0
-6.322638E+0
-6.285888E+0
-6.241788E+0
-6.193278E+0
-6.144768E+0
-6.093318E+0
-6.047748E+0
-6.018348E+0
-6.006588E+0
-6.012468E+0
-6.040398E+0
-6.085968E+0
-6.149178E+0
-6.227088E+0
-6.309408E+0
-6.390258E+0
-6.466698E+0
-6.535788E+0
-6.594588E+0
-6.644568E+0
-6.684258E+0
-6.719538E+0
-6.754818E+0
-6.787158E+0
-6.820968E+0
-6.851838E+0
-6.878298E+0
-6.895938E+0
-6.903288E+0
-6.895938E+0
-6.878298E+0
-6.847428E+0
-6.810678E+0
-6.765108E+0
-6.719538E+0
-6.678378E+0
-6.647508E+0
-6.628398E+0
-6.628398E+0
-6.650448E+0
-6.700428E+0
-6.778338E+0
-6.878298E+0
-6.998838E+0
-7.138488E+0
-7.278138E+0
-7.410438E+0
-7.523628E+0
-7.603008E+0
-7.647108E+0
-7.636818E+0
-7.569198E+0
-7.450128E+0
-7.269318E+0
-7.035588E+0
-6.768048E+0
-6.509328E+0
-6.249138E+0
-5.911038E+0
-5.464158E+0
-4.892328E+0
-4.183788E+0
-3.451728E+0
-2.809338E+0
-2.306598E+0
-1.939098E+0
-1.680378E+0
-1.499568E+0
-1.373148E+0
-1.284948E+0
-1.236438E+0
-1.240848E+0
-1.289358E+0
-1.383438E+0
-1.526028E+0
-1.714188E+0
-1.947918E+0
-2.237508E+0
-2.596188E+0
-3.006318E+0
-3.437028E+0
-3.867738E+0
-4.288158E+0
-4.695348E+0
-5.090778E+0
-5.484738E+0
-5.883108E+0
-6.299118E+0
-6.738648E+0
-7.204638E+0
-7.697088E+0
-8.196888E+0
-8.681988E+0
-9.118578E+0
-9.440508E+0
-9.638958E+0
-9.727158E+0
-9.752148E+0
-9.765378E+0
-9.805068E+0
-9.899148E+0
-1.005791E+1
-1.030928E+1
-1.063268E+1
-1.103693E+1
-1.150439E+1
-1.202477E+1
-1.256573E+1
-1.309787E+1
-1.356680E+1
-1.407101E+1
-1.460315E+1
-1.514852E+1
-1.567331E+1
-1.610843E+1
-1.636421E+1
-1.567331E+1
-1.460315E+1
-1.356680E+1
-1.266275E+1
-1.195274E+1
-1.136327E+1
-1.087964E+1
-1.055624E+1
-1.032692E+1
-1.021079E+1
-1.016375E+1
-1.019609E+1
-1.027694E+1
-1.041218E+1
-1.057535E+1
-1.077380E+1
-1.098989E+1
-1.123244E+1
-1.156319E+1
-1.198802E+1
-1.261277E+1
-1.380494E+1
-1.849424E+1
-2.088005E+1
-2.088005E+1
-2.088005E+1
-2.088005E+1
-2.088005E+1
-2.088005E+1
-2.088005E+1
-2.088005E+1
-2.088005E+1
-2.088005E+1
-2.088005E+1
-2.088005E+1
-2.088005E+1
-2.088005E+1
-2.088005E+1
-2.088005E+1
-2.088005E+1
-2.088005E+1
-2.088005E+1
-2.088005E+1
-2.088005E+1
-2.088005E+1
-2.088005E+1
-2.088005E+1
-2.088005E+1
-2.088005E+1
-1.499858E+1
-1.315961E+1
-1.206152E+1
-1.131035E+1
-1.077380E+1
-1.039454E+1
-1.019609E+1
-1.014905E+1
-1.022696E+1
-1.044746E+1
-1.081496E+1
-1.136327E+1
-1.213796E+1
-1.322135E+1
-1.485893E+1
-1.937477E+1
-2.088005E+1
-2.088005E+1
-2.088005E+1
-2.088005E+1
-2.088005E+1
-2.088005E+1
-2.088005E+1
-2.088005E+1
-2.088005E+1
-2.088005E+1
-2.088005E+1
-2.088005E+1
-2.088005E+1
-2.088005E+1
-2.088005E+1
-2.088005E+1
-1.460315E+1
-1.242902E+1
-1.144706E+1
-1.083554E+1
-1.046510E+1
-1.022696E+1
-1.007261E+1
-9.984408E+0
-9.955008E+0
-9.955008E+0
-9.999108E+0
-1.008731E+1
-1.022696E+1
-1.046510E+1
-1.081496E+1
-1.136327E+1
-1.225850E+1
-1.416803E+1
-2.088005E+1
-2.088005E+1
-2.088005E+1
-2.088005E+1
-2.088005E+1
-2.088005E+1
-2.088005E+1
-2.088005E+1
-2.088005E+1
-2.088005E+1
-2.088005E+1
-2.088005E+1
-2.088005E+1
-2.088005E+1
-2.088005E+1
-2.088005E+1
-2.088005E+1
-2.088005E+1
-2.088005E+1
-2.088005E+1
-1.698896E+1
-1.460315E+1
-1.342274E+1
-1.271273E+1
-1.225850E+1
-1.202477E+1
-1.198802E+1
-1.217765E+1
-1.266275E+1
-1.372262E+1
-1.698896E+1
-2.088005E+1
-2.088005E+1
-2.088005E+1
-2.088005E+1
-2.088005E+1
-2.088005E+1
-2.088005E+1
-2.088005E+1
-2.088005E+1
-2.088005E+1
-2.088005E+1
-2.088005E+1
-2.088005E+1
-2.088005E+1
-2.088005E+1
-2.088005E+1
-2.088005E+1
-1.485893E+1
-1.266275E+1
-1.153379E+1
-1.081496E+1
-1.029311E+1
-9.899148E+0
-9.615438E+0
-9.406698E+0
-9.278808E+0
-9.227358E+0
-9.247938E+0
-9.342018E+0
-9.519888E+0
-9.765378E+0
-1.008731E+1
-1.048274E+1
-1.090169E+1
-1.131035E+1
-1.168520E+1
-1.191746E+1
-1.202477E+1
-1.202477E+1
-1.198802E+1
-1.198802E+1
-1.206152E+1
-1.221734E+1
-1.256573E+1
-1.298027E+1
-1.356680E+1
-1.416803E+1
-1.460315E+1
-1.460315E+1
-1.426799E+1
-1.380494E+1
-1.349330E+1
-1.328750E+1
-1.335365E+1
-1.372262E+1
-1.460315E+1
-1.636421E+1
-2.088005E+1
-2.088005E+1
-2.088005E+1
-2.088005E+1
-2.088005E+1
-1.548368E+1
-1.372262E+1
-1.271273E+1
-1.202477E+1
-1.150439E+1
-1.108397E+1
-1.075322E+1
-1.050185E+1
-1.027694E+1
-1.008731E+1
-9.927078E+0
-9.818298E+0
-9.738918E+0
-9.675708E+0
-9.627198E+0
-9.578688E+0
-9.519888E+0
-9.428748E+0
-9.309678E+0
-9.167088E+0
-9.033318E+0
-8.933358E+0
-8.871618E+0
-8.862798E+0
-8.942178E+0
-9.118578E+0
-9.406698E+0
-9.844758E+0
-1.050185E+1
-1.153379E+1
-1.372262E+1
-2.088005E+1
-2.088005E+1
-2.088005E+1
-2.088005E+1
-2.088005E+1
-2.088005E+1
-2.088005E+1
-2.088005E+1
-2.088005E+1
-2.088005E+1
-2.088005E+1
-2.088005E+1
-2.088005E+1
-2.088005E+1
-2.088005E+1
-2.088005E+1
-2.088005E+1
-2.088005E+1
-2.088005E+1
-2.088005E+1
-2.088005E+1
-2.088005E+1
-2.088005E+1
-2.088005E+1
-1.587911E+1
-1.315961E+1
-1.198802E+1
-1.133681E+1
-1.098989E+1
-1.085759E+1
-1.096784E+1
-1.131035E+1
-1.195274E+1
-1.315961E+1
-1.636421E+1
-2.088005E+1
-2.088005E+1
-2.088005E+1
-2.088005E+1
-2.088005E+1
-2.088005E+1
-2.088005E+1
-2.088005E+1
-2.088005E+1
-1.738439E+1
-1.426799E+1
-1.298027E+1
-1.202477E+1
-1.133681E+1
-1.077380E+1
-1.030928E+1
-9.927078E+0
-9.602208E+0
-9.362598E+0
-9.186198E+0
-9.070068E+0
-9.023028E+0
-9.042138E+0
-9.118578E+0
-9.278808E+0
-9.508128E+0
-9.805068E+0
-1.016375E+1
-1.051949E+1
-1.087964E+1
-1.115747E+1
-1.128389E+1
-1.128389E+1
-1.115747E+1
-1.101341E+1
-1.081496E+1
-1.065326E+1
-1.050185E+1
-1.039454E+1
-1.034309E+1
-1.032692E+1
-1.041218E+1
-1.057535E+1
-1.090169E+1
-1.141913E+1
-1.225850E+1
-1.389020E+1
-2.088005E+1
-2.088005E+1
-2.088005E+1
-2.088005E+1
-2.088005E+1
-2.088005E+1
-2.088005E+1
-2.088005E+1
-2.088005E+1
-2.088005E+1
-1.342274E+1
-1.191746E+1
-1.106045E+1
-1.050185E+1
-1.013288E+1
-9.857988E+0
-9.675708E+0
-9.543408E+0
-9.462558E+0
-9.406698E+0
-9.396408E+0
-9.418458E+0
-9.496368E+0
-9.638958E+0
-9.857988E+0
-1.022696E+1
-1.077380E+1
-1.165433E+1
-1.349330E+1
-2.088005E+1
-2.088005E+1
-2.088005E+1
-2.088005E+1
-2.088005E+1
-2.088005E+1
-2.088005E+1
-2.088005E+1
-2.088005E+1
-2.088005E+1
-2.088005E+1
-2.088005E+1
-2.088005E+1
-2.088005E+1
-2.088005E+1
-2.088005E+1
-2.088005E+1
-2.088005E+1
-2.088005E+1
-2.088005E+1
-2.088005E+1
-2.088005E+1
-2.088005E+1
-2.088005E+1
-2.088005E+1
-1.315961E+1
-1.144706E+1
-1.059446E+1
-1.013288E+1
-9.927078E+0
-9.913848E+0
-1.008731E+1
-1.042982E+1
-1.094579E+1
-1.168520E+1
-1.271273E+1
-1.407101E+1
-1.567331E+1
-1.698896E+1
-1.665380E+1
-1.548368E+1
-1.460315E+1
-1.397840E+1
-1.372262E+1
-1.389020E+1
-1.472663E+1
-1.937477E+1
-2.088005E+1
-2.088005E+1
-2.088005E+1
-2.088005E+1
-2.088005E+1
-2.088005E+1
-2.088005E+1
-2.088005E+1
-2.088005E+1
-2.088005E+1
-2.088005E+1
-2.088005E+1
-1.472663E+1
-1.261277E+1
-1.150439E+1
-1.071206E+1
-1.010201E+1
-9.602208E+0
-9.186198E+0
-8.855448E+0
-8.604078E+0
-8.429148E+0
-8.339478E+0
-8.313018E+0
-8.352708E+0
-8.443848E+0
-8.589378E+0
-8.771658E+0
-8.977458E+0
-9.196488E+0
-9.428748E+0
-9.663948E+0
-9.913848E+0
-1.017992E+1
-1.048274E+1
-1.090169E+1
-1.147499E+1
-1.238492E+1
-1.426799E+1
-2.088005E+1
-2.088005E+1
-2.088005E+1
-2.088005E+1
-2.088005E+1
-2.088005E+1
-2.088005E+1
-2.088005E+1
-2.088005E+1
-2.088005E+1
-2.088005E+1
-2.088005E+1
-1.472663E+1
-1.342274E+1
-1.303907E+1
-1.298027E+1
-1.322135E+1
-1.356680E+1
-1.389020E+1
-1.407101E+1
-1.389020E+1
-1.349330E+1
-1.298027E+1
-1.247312E+1
-1.198802E+1
-1.156319E+1
-1.118099E+1
-1.085759E+1
-1.055624E+1
-1.029311E+1
-1.008731E+1
-9.941778E+0
-9.885918E+0
-9.927078E+0
-1.007261E+1
-1.034309E+1
-1.077380E+1
-1.141913E+1
-1.234082E+1
-1.380494E+1
-1.665380E+1
-2.088005E+1
-2.088005E+1
-2.088005E+1
-1.587911E+1
-1.389020E+1
-1.281563E+1
-1.221734E+1
-1.191746E+1
-1.188218E+1
-1.213796E+1
-1.286855E+1
-1.460315E+1
-2.088005E+1
-2.088005E+1
-2.088005E+1
-2.088005E+1
-2.088005E+1
-2.088005E+1
-2.088005E+1
-2.088005E+1
-2.088005E+1
-2.088005E+1
-2.088005E+1
-2.088005E+1
-2.088005E+1
-2.088005E+1
-2.088005E+1
-2.088005E+1
-2.088005E+1
-2.088005E+1
-2.088005E+1
-2.088005E+1
-2.088005E+1
-2.088005E+1
-2.088005E+1
-2.088005E+1
-2.088005E+1
-2.088005E+1
-2.088005E+1
-2.088005E+1
-1.448555E+1
-1.271273E+1
-1.191746E+1
-1.156319E+1
-1.150439E+1
-1.174841E+1
-1.247312E+1
-1.426799E+1
-2.088005E+1
-2.088005E+1
-2.088005E+1
-2.088005E+1
-2.088005E+1
-2.088005E+1
-2.088005E+1
-2.088005E+1
-2.088005E+1
-2.088005E+1
-2.088005E+1
-2.088005E+1
-2.088005E+1
-2.088005E+1
-1.698896E+1
-1.610843E+1
-1.610843E+1
-1.698896E+1
-1.849424E+1
-1.937477E+1
-1.786949E+1
-1.636421E+1
-1.514852E+1
-1.460315E+1
-1.448555E+1
-1.485893E+1
-1.610843E+1
-2.088005E+1
-2.088005E+1
-2.088005E+1
-2.088005E+1
-2.088005E+1
-2.088005E+1
-2.088005E+1
-1.698896E+1
-1.349330E+1
-1.209974E+1
-1.120745E+1
-1.063268E+1
-1.024313E+1
-1.001381E+1
-9.913848E+0
-9.955008E+0
-1.016375E+1
-1.057535E+1
-1.125743E+1
-1.242902E+1
-1.548368E+1
-2.088005E+1
-2.088005E+1
-2.088005E+1
-2.088005E+1
-2.088005E+1
-2.088005E+1
-2.088005E+1
-2.088005E+1
-2.088005E+1
-2.088005E+1
-2.088005E+1
-2.088005E+1
-2.088005E+1
-2.088005E+1
-2.088005E+1
-2.088005E+1
-2.088005E+1
-2.088005E+1
-2.088005E+1
-2.088005E+1
-2.088005E+1
-2.088005E+1
-2.088005E+1
-2.088005E+1
-2.088005E+1
-2.088005E+1
-2.088005E+1
-2.088005E+1
-2.088005E+1
-2.088005E+1
-2.088005E+1
-2.088005E+1
-2.088005E+1
-2.088005E+1
-2.088005E+1
-2.088005E+1
-2.088005E+1
-2.088005E+1
-2.088005E+1
-2.088005E+1
-2.088005E+1
-2.088005E+1
-2.088005E+1
-2.088005E+1
-2.088005E+1
-2.088005E+1
-2.088005E+1
-2.088005E+1
-1.665380E+1
-1.531022E+1
-1.587911E+1
-2.088005E+1
-2.088005E+1
-2.088005E+1
-2.088005E+1
-2.088005E+1
-2.088005E+1
-2.088005E+1
-2.088005E+1
-2.088005E+1
-2.088005E+1
-2.088005E+1
-2.088005E+1
-2.088005E+1
-2.088005E+1
-2.088005E+1
-2.088005E+1
-2.088005E+1
-2.088005E+1
-2.088005E+1
-2.088005E+1
-2.088005E+1
-2.088005E+1
-2.088005E+1
-2.088005E+1
-2.088005E+1
-2.088005E+1
-2.088005E+1
-2.088005E+1
-2.088005E+1
-2.088005E+1
-1.665380E+1
-1.292441E+1
-1.178222E+1
-1.120745E+1
-1.090169E+1
-1.075322E+1
-1.069148E+1
-1.069148E+1
-1.075322E+1
-1.085759E+1
-1.101341E+1
-1.125743E+1
-1.165433E+1
-1.238492E+1
-1.389020E+1
-2.088005E+1
-2.088005E+1
-2.088005E+1
-2.088005E+1
-2.088005E+1
-2.088005E+1
-2.088005E+1
-2.088005E+1
-2.088005E+1
-2.088005E+1
-2.088005E+1
-2.088005E+1
-2.088005E+1
-2.088005E+1
-2.088005E+1
-2.088005E+1
-2.088005E+1
-2.088005E+1
-2.088005E+1
-2.088005E+1
-1.937477E+1
-1.531022E+1
-1.397840E+1
-1.309787E+1
-1.242902E+1
-1.181456E+1
-1.128389E+1
-1.077380E+1
-1.032692E+1
-9.913848E+0
-9.590448E+0
-9.342018E+0
-9.186198E+0
-9.127398E+0
-9.196488E+0
-9.374358E+0
-9.713928E+0
-1.021079E+1
-1.092374E+1
-1.191746E+1
-1.342274E+1
-1.610843E+1
-2.088005E+1
-2.088005E+1
-1.937477E+1
-1.460315E+1
-1.298027E+1
-1.202477E+1
-1.133681E+1
-1.087964E+1
-1.057535E+1
-1.037690E+1
-1.025930E+1
-1.021079E+1
-1.017992E+1
-1.017992E+1
-1.017992E+1
-1.021079E+1
-1.027694E+1
-1.039454E+1
-1.061357E+1
-1.096784E+1
-1.150439E+1
-1.229966E+1
-1.356680E+1
-1.610843E+1
-2.088005E+1
-2.088005E+1
-2.088005E+1
-1.698896E+1
-1.426799E+1
-1.298027E+1
-1.217765E+1
-1.171607E+1
-1.144706E+1
-1.133681E+1
-1.139120E+1
-1.156319E+1
-1.191746E+1
-1.247312E+1
-1.349330E+1
-1.548368E+1
-2.088005E+1
-2.088005E+1
-2.088005E+1
-2.088005E+1
-2.088005E+1
-2.088005E+1
-1.786949E+1
-1.397840E+1
-1.271273E+1
-1.206152E+1
-1.178222E+1
-1.174841E+1
-1.191746E+1
-1.229966E+1
-1.292441E+1
-1.380494E+1
-1.514852E+1
-1.786949E+1
-2.088005E+1
-2.088005E+1
-2.088005E+1
-2.088005E+1
-2.088005E+1
-2.088005E+1
-2.088005E+1
-2.088005E+1
-2.088005E+1
-2.088005E+1
-1.416803E+1
-1.256573E+1
-1.159259E+1
-1.090169E+1
-1.042982E+1
-1.010201E+1
-9.885918E+0
-9.778608E+0
-9.765378E+0
-9.831528E+0
-9.955008E+0
-1.011818E+1
-1.032692E+1
-1.053860E+1
-1.077380E+1
-1.098989E+1
-1.118099E+1
-1.141913E+1
-1.165433E+1
-1.198802E+1
-1.238492E+1
-1.298027E+1
-1.380494E+1
-1.548368E+1
-2.088005E+1
-2.088005E+1
-2.088005E+1
-2.088005E+1
-2.088005E+1
-2.088005E+1
-2.088005E+1
-2.088005E+1
-1.407101E+1
-1.242902E+1
-1.139120E+1
-1.065326E+1
-1.011818E+1
-9.713928E+0
-9.428748E+0
-9.237648E+0
-9.137688E+0
-9.127398E+0
-9.196488E+0
-9.352308E+0
-9.578688E+0
-9.872688E+0
-1.025930E+1
-1.073264E+1
-1.133681E+1
-1.213796E+1
-1.328750E+1
-1.548368E+1
-2.088005E+1
-2.088005E+1
-2.088005E+1
-2.088005E+1
-2.088005E+1
-2.088005E+1
-2.088005E+1
-2.088005E+1
-2.088005E+1
-2.088005E+1
-1.698896E+1
-1.472663E+1
-1.356680E+1
-1.286855E+1
-1.234082E+1
-1.198802E+1
-1.168520E+1
-1.147499E+1
-1.136327E+1
-1.133681E+1
-1.139120E+1
-1.153379E+1
-1.181456E+1
-1.229966E+1
-1.303907E+1
-1.426799E+1
-1.849424E+1
-2.088005E+1
-2.088005E+1
-2.088005E+1
-2.088005E+1
-2.088005E+1
-2.088005E+1
-2.088005E+1
-2.088005E+1
-2.088005E+1
-2.088005E+1
-2.088005E+1
-2.088005E+1
-2.088005E+1
-2.088005E+1
-2.088005E+1
-2.088005E+1
-2.088005E+1
-2.088005E+1
-2.088005E+1
-2.088005E+1
-2.088005E+1
-2.088005E+1
-2.088005E+1
-2.088005E+1
-2.088005E+1
-2.088005E+1
-2.088005E+1
-2.088005E+1
-2.088005E+1
-2.088005E+1
-2.088005E+1
-2.088005E+1
-2.088005E+1
-2.088005E+1
-2.088005E+1
-2.088005E+1
-2.088005E+1
-2.088005E+1
-2.088005E+1
-2.088005E+1
-2.088005E+1
-2.088005E+1
-1.665380E+1
-1.303907E+1
-1.188218E+1
-1.128389E+1
-1.092374E+1
-1.075322E+1
-1.073264E+1
-1.085759E+1
-1.118099E+1
-1.174841E+1
-1.286855E+1
-1.610843E+1
-2.088005E+1
-2.088005E+1
-2.088005E+1
-2.088005E+1
-2.088005E+1
-2.088005E+1
-2.088005E+1
-2.088005E+1
-2.088005E+1
-2.088005E+1
-2.088005E+1
-2.088005E+1
-2.088005E+1
-2.088005E+1
-2.088005E+1
-2.088005E+1
-1.738439E+1
-1.416803E+1
-1.276271E+1
-1.184837E+1
-1.115747E+1
-1.061357E+1
-1.021079E+1
-9.969708E+0
-9.844758E+0
-9.844758E+0
-9.955008E+0
-1.016375E+1
-1.046510E+1
-1.081496E+1
-1.120745E+1
-1.153379E+1
-1.181456E+1
-1.198802E+1
-1.213796E+1
-1.229966E+1
-1.256573E+1
-1.292441E+1
-1.349330E+1
-1.426799E+1
-1.548368E+1
-1.698896E+1
-1.849424E+1
-1.786949E+1
-1.636421E+1
-1.531022E+1
-1.460315E+1
-1.416803E+1
-1.407101E+1
-1.416803E+1
-1.460315E+1
-1.531022E+1
-1.587911E+1
-1.587911E+1
-1.514852E+1
-1.407101E+1
-1.309787E+1
-1.234082E+1
-1.181456E+1
-1.144706E+1
-1.131035E+1
-1.133681E+1
-1.159259E+1
-1.209974E+1
-1.303907E+1
-1.499858E+1
-2.088005E+1
-2.088005E+1
-2.088005E+1
-2.088005E+1
-2.088005E+1
-2.088005E+1
-2.088005E+1
-2.088005E+1
-2.088005E+1
-2.088005E+1
-2.088005E+1
-2.088005E+1
-2.088005E+1
-2.088005E+1
-2.088005E+1
-2.088005E+1
-2.088005E+1
-2.088005E+1
-2.088005E+1
-2.088005E+1
-2.088005E+1
-1.548368E+1
-1.309787E+1
-1.217765E+1
-1.178222E+1
-1.168520E+1
-1.184837E+1
-1.234082E+1
-1.349330E+1
-1.849424E+1
-2.088005E+1
-2.088005E+1
-2.088005E+1
-2.088005E+1
-2.088005E+1
-2.088005E+1
-2.088005E+1
-2.088005E+1
-2.088005E+1
-2.088005E+1
-2.088005E+1
-2.088005E+1
-2.088005E+1
-2.088005E+1
-2.088005E+1
-2.088005E+1
-2.088005E+1
-2.088005E+1
-2.088005E+1
-2.088005E+1
-2.088005E+1
-2.088005E+1
-2.088005E+1
-1.738439E+1
-1.322135E+1
-1.202477E+1
-1.147499E+1
-1.131035E+1
-1.144706E+1
-1.191746E+1
-1.286855E+1
-1.499858E+1
-2.088005E+1
-2.088005E+1
-2.088005E+1
-2.088005E+1
-2.088005E+1
-2.088005E+1
-2.088005E+1
-2.088005E+1
-2.088005E+1
-2.088005E+1
-2.088005E+1
-2.088005E+1
-2.088005E+1
-2.088005E+1
-2.088005E+1
-2.088005E+1
-2.088005E+1
-2.088005E+1
-2.088005E+1
-2.088005E+1
-2.088005E+1
-2.088005E+1
-2.088005E+1
-2.088005E+1
-2.088005E+1
-1.738439E+1
-1.499858E+1
-1.389020E+1
-1.322135E+1
-1.266275E+1
-1.221734E+1
-1.191746E+1
-1.174841E+1
-1.168520E+1
-1.181456E+1
-1.206152E+1
-1.261277E+1
-1.364324E+1
-1.610843E+1
-2.088005E+1
-2.088005E+1
-2.088005E+1
-2.088005E+1
-2.088005E+1
-2.088005E+1
-2.088005E+1
-2.088005E+1
-1.698896E+1
-1.356680E+1
-1.229966E+1
-1.159259E+1
-1.118099E+1
-1.098989E+1
-1.098989E+1
-1.118099E+1
-1.153379E+1
-1.213796E+1
-1.309787E+1
-1.499858E+1
-2.088005E+1
-2.088005E+1
-2.088005E+1
-2.088005E+1
-2.088005E+1
-2.088005E+1
-2.088005E+1
-2.088005E+1
-2.088005E+1
-2.088005E+1
-2.088005E+1
-2.088005E+1
-2.088005E+1
-2.088005E+1
-2.088005E+1
-2.088005E+1
-2.088005E+1
-2.088005E+1
-2.088005E+1
-2.088005E+1
-2.088005E+1
-2.088005E+1
-2.088005E+1
-2.088005E+1
-2.088005E+1
-2.088005E+1
-2.088005E+1
-2.088005E+1
-2.088005E+1
-2.088005E+1
-2.088005E+1
-2.088005E+1
-2.088005E+1
-2.088005E+1
-2.088005E+1
-2.088005E+1
-1.416803E+1
-1.261277E+1
-1.184837E+1
-1.141913E+1
-1.118099E+1
-1.113248E+1
-1.123244E+1
-1.147499E+1
-1.184837E+1
-1.234082E+1
-1.309787E+1
-1.426799E+1
-1.636421E+1
-2.088005E+1
-2.088005E+1
-2.088005E+1
-2.088005E+1
-2.088005E+1
-1.698896E+1
-1.448555E+1
-1.322135E+1
-1.238492E+1
-1.174841E+1
-1.123244E+1
-1.083554E+1
-1.053860E+1
-1.032692E+1
-1.017992E+1
-1.011818E+1
-1.010201E+1
-1.016375E+1
-1.025930E+1
-1.036073E+1
-1.046510E+1
-1.053860E+1
-1.061357E+1
-1.067237E+1
-1.079438E+1
-1.101341E+1
-1.141913E+1
-1.221734E+1
-1.397840E+1
-2.088005E+1
-2.088005E+1
-2.088005E+1
-2.088005E+1
-2.088005E+1
-2.088005E+1
-2.088005E+1
-2.088005E+1
-2.088005E+1
-2.088005E+1
-1.786949E+1
-1.665380E+1
-2.088005E+1
-2.088005E+1
-2.088005E+1
-2.088005E+1
-2.088005E+1
-2.088005E+1
-2.088005E+1
-2.088005E+1
-2.088005E+1
-2.088005E+1
-2.088005E+1
-2.088005E+1
-2.088005E+1
-2.088005E+1
-2.088005E+1
-2.088005E+1
-2.088005E+1
-2.088005E+1
-2.088005E+1
-2.088005E+1
-2.088005E+1
-2.088005E+1
-2.088005E+1
-2.088005E+1
-2.088005E+1
-2.088005E+1
-1.849424E+1
-1.281563E+1
-1.153379E+1
-1.090169E+1
-1.057535E+1
-1.042982E+1
-1.044746E+1
-1.061357E+1
-1.087964E+1
-1.128389E+1
-1.174841E+1
-1.229966E+1
-1.292441E+1
-1.356680E+1
-1.426799E+1
-1.499858E+1
-1.610843E+1
-1.937477E+1
-2.088005E+1
-2.088005E+1
-2.088005E+1
-2.088005E+1
-2.088005E+1
-2.088005E+1
-2.088005E+1
-2.088005E+1
-2.088005E+1
-1.636421E+1
-1.407101E+1
-1.303907E+1
-1.256573E+1
-1.256573E+1
-1.292441E+1
-1.397840E+1
-1.786949E+1
-2.088005E+1
-2.088005E+1
-2.088005E+1
-2.088005E+1
-2.088005E+1
-2.088005E+1
-2.088005E+1
-2.088005E+1
-2.088005E+1
-2.088005E+1
-2.088005E+1
-2.088005E+1
-2.088005E+1
-2.088005E+1
-2.088005E+1
-2.088005E+1
-2.088005E+1
-2.088005E+1
-2.088005E+1
-2.088005E+1
-2.088005E+1
-2.088005E+1
-2.088005E+1
-2.088005E+1
-2.088005E+1
-2.088005E+1
-2.088005E+1
-2.088005E+1
-2.088005E+1
-2.088005E+1
-2.088005E+1
-2.088005E+1
-1.937477E+1
-1.567331E+1
-1.460315E+1
-1.389020E+1
-1.349330E+1
-1.328750E+1
-1.315961E+1
-1.322135E+1
-1.342274E+1
-1.372262E+1
-1.426799E+1
-1.548368E+1
-2.088005E+1
-2.088005E+1
-2.088005E+1
-2.088005E+1
-2.088005E+1
-2.088005E+1
-2.088005E+1
-2.088005E+1
-2.088005E+1
-2.088005E+1
-2.088005E+1
-2.088005E+1
-2.088005E+1
-2.088005E+1
-2.088005E+1
-2.088005E+1
-2.088005E+1
-2.088005E+1
-2.088005E+1
-2.088005E+1
-1.426799E+1
-1.271273E+1
-1.188218E+1
-1.136327E+1
-1.106045E+1
-1.092374E+1
-1.092374E+1
-1.106045E+1
-1.139120E+1
-1.202477E+1
-1.335365E+1
-2.088005E+1
-2.088005E+1
-2.088005E+1
-2.088005E+1
-2.088005E+1
-2.088005E+1
-2.088005E+1
-2.088005E+1
-2.088005E+1
-2.088005E+1
-2.088005E+1
-2.088005E+1
-2.088005E+1
-2.088005E+1
-2.088005E+1
-2.088005E+1
-2.088005E+1
-2.088005E+1
-1.849424E+1
-1.698896E+1
-1.849424E+1
-2.088005E+1
-2.088005E+1
-2.088005E+1
-2.088005E+1
-2.088005E+1
-1.567331E+1
-1.380494E+1
-1.271273E+1
-1.209974E+1
-1.174841E+1
-1.159259E+1
-1.162346E+1
-1.178222E+1
-1.198802E+1
-1.221734E+1
-1.242902E+1
-1.251869E+1
-1.256573E+1
-1.251869E+1
-1.247312E+1
-1.256573E+1
-1.276271E+1
-1.322135E+1
-1.416803E+1
-1.636421E+1
-2.088005E+1
-2.088005E+1
-2.088005E+1
-2.088005E+1
-2.088005E+1
-2.088005E+1
-2.088005E+1
-2.088005E+1
-2.088005E+1
-2.088005E+1
-2.088005E+1
-2.088005E+1
-2.088005E+1
-2.088005E+1
-2.088005E+1
-2.088005E+1
-2.088005E+1
-2.088005E+1
-2.088005E+1
-2.088005E+1
-2.088005E+1
-1.587911E+1
-1.335365E+1
-1.256573E+1
-1.234082E+1
-1.238492E+1
-1.266275E+1
-1.303907E+1
-1.328750E+1
-1.335365E+1
-1.309787E+1
-1.261277E+1
-1.202477E+1
-1.144706E+1
-1.094579E+1
-1.053860E+1
-1.021079E+1
-9.969708E+0
-9.791838E+0
-9.688938E+0
-9.638958E+0
-9.663948E+0
-9.738918E+0
-9.899148E+0
-1.011818E+1
-1.042982E+1
-1.081496E+1
-1.133681E+1
-1.195274E+1
-1.271273E+1
-1.364324E+1
-1.460315E+1
-1.567331E+1
-1.698896E+1
-1.849424E+1
-2.088005E+1
-2.088005E+1
-2.088005E+1
-2.088005E+1
-2.088005E+1
-2.088005E+1
-2.088005E+1
-2.088005E+1
-2.088005E+1
-2.088005E+1
-2.088005E+1
-2.088005E+1
-2.088005E+1
-2.088005E+1
-2.088005E+1
-2.088005E+1
-2.088005E+1
-2.088005E+1
-2.088005E+1
-2.088005E+1
-2.088005E+1
-2.088005E+1
-2.088005E+1
-2.088005E+1
-2.088005E+1
-2.088005E+1
-2.088005E+1
-2.088005E+1
-2.088005E+1
-2.088005E+1
-1.849424E+1
-1.292441E+1
-1.150439E+1
-1.065326E+1
-1.010201E+1
-9.752148E+0
-9.531648E+0
-9.406698E+0
-9.384648E+0
-9.440508E+0
-9.578688E+0
-9.818298E+0
-1.013288E+1
-1.057535E+1
-1.118099E+1
-1.198802E+1
-1.309787E+1
-1.448555E+1
-1.567331E+1
-1.531022E+1
-1.364324E+1
-1.221734E+1
-1.113248E+1
-1.032692E+1
-9.778608E+0
-9.418458E+0
-9.227358E+0
-9.186198E+0
-9.299388E+0
-9.578688E+0
-1.004321E+1
-1.067237E+1
-1.150439E+1
-1.247312E+1
-1.335365E+1
-1.372262E+1
-1.322135E+1
-1.242902E+1
-1.171607E+1
-1.115747E+1
-1.079438E+1
-1.059446E+1
-1.053860E+1
-1.059446E+1
-1.073264E+1
-1.094579E+1
-1.113248E+1
-1.128389E+1
-1.133681E+1
-1.131035E+1
-1.123244E+1
-1.118099E+1
-1.118099E+1
-1.133681E+1
-1.171607E+1
-1.247312E+1
-1.407101E+1
-2.088005E+1
-2.088005E+1
-2.088005E+1
-2.088005E+1
-2.088005E+1
-2.088005E+1
-2.088005E+1
-2.088005E+1
-1.426799E+1
-1.198802E+1
-1.096784E+1
-1.036073E+1
-1.004321E+1
-9.913848E+0
-9.955008E+0
-1.016375E+1
-1.057535E+1
-1.128389E+1
-1.242902E+1
-1.499858E+1
-2.088005E+1
-2.088005E+1
-2.088005E+1
-2.088005E+1
-2.088005E+1
-2.088005E+1
-2.088005E+1
-2.088005E+1
-1.548368E+1
-1.372262E+1
-1.298027E+1
-1.256573E+1
-1.234082E+1
-1.221734E+1
-1.213796E+1
-1.209974E+1
-1.202477E+1
-1.191746E+1
-1.178222E+1
-1.168520E+1
-1.162346E+1
-1.165433E+1
-1.184837E+1
-1.234082E+1
-1.335365E+1
-1.665380E+1
-2.088005E+1
-2.088005E+1
-2.088005E+1
-2.088005E+1
-2.088005E+1
-2.088005E+1
-2.088005E+1
-2.088005E+1
-2.088005E+1
-2.088005E+1
-2.088005E+1
-2.088005E+1
-2.088005E+1
-2.088005E+1
-2.088005E+1
-2.088005E+1
-2.088005E+1
-2.088005E+1
-2.088005E+1
-2.088005E+1
-2.088005E+1
-2.088005E+1
-2.088005E+1
-2.088005E+1
-2.088005E+1
-2.088005E+1
-2.088005E+1
-1.636421E+1
-1.389020E+1
-1.303907E+1
-1.261277E+1
-1.251869E+1
-1.271273E+1
-1.315961E+1
-1.407101E+1
-1.636421E+1
-2.088005E+1
-2.088005E+1
-2.088005E+1
-2.088005E+1
-2.088005E+1
-2.088005E+1
-2.088005E+1
-2.088005E+1
-2.088005E+1
-2.088005E+1
-2.088005E+1
-2.088005E+1
-2.088005E+1
-2.088005E+1
-2.088005E+1
-2.088005E+1
-2.088005E+1
-2.088005E+1
-2.088005E+1
-2.088005E+1
-2.088005E+1
-2.088005E+1
-2.088005E+1
-2.088005E+1
-2.088005E+1
-1.426799E+1
-1.266275E+1
-1.195274E+1
-1.165433E+1
-1.168520E+1
-1.209974E+1
-1.322135E+1
-1.786949E+1
-2.088005E+1
-2.088005E+1
-2.088005E+1
-2.088005E+1
-2.088005E+1
-2.088005E+1
-2.088005E+1
-2.088005E+1
-2.088005E+1
-2.088005E+1
-2.088005E+1
-2.088005E+1
-2.088005E+1
-2.088005E+1
-2.088005E+1
-2.088005E+1
-2.088005E+1
-2.088005E+1
-2.088005E+1
-2.088005E+1
-2.088005E+1
-2.088005E+1
-2.088005E+1
-2.088005E+1
-2.088005E+1
-2.088005E+1
-2.088005E+1
-2.088005E+1
-2.088005E+1
-2.088005E+1
-2.088005E+1
-2.088005E+1
-2.088005E+1
-2.088005E+1
-2.088005E+1
-2.088005E+1
-2.088005E+1
-2.088005E+1
-2.088005E+1
-2.088005E+1
-2.088005E+1
-2.088005E+1
-2.088005E+1
-2.088005E+1
-2.088005E+1
-2.088005E+1
-2.088005E+1
-2.088005E+1
-1.448555E+1
-1.251869E+1
-1.168520E+1
-1.123244E+1
-1.101341E+1
-1.094579E+1
-1.094579E+1
-1.096784E+1
-1.103693E+1
-1.110749E+1
-1.123244E+1
-1.139120E+1
-1.159259E+1
-1.191746E+1
-1.238492E+1
-1.309787E+1
-1.426799E+1
-1.698896E+1
-2.088005E+1
-2.088005E+1
-2.088005E+1
-2.088005E+1
-2.088005E+1
-2.088005E+1
-2.088005E+1
-2.088005E+1
-2.088005E+1
-2.088005E+1
-2.088005E+1
-2.088005E+1
-2.088005E+1
-2.088005E+1
-2.088005E+1
-2.088005E+1
-2.088005E+1
-2.088005E+1
-2.088005E+1
-2.088005E+1
-2.088005E+1
-2.088005E+1
-2.088005E+1
-1.587911E+1
-1.397840E+1
-1.322135E+1
-1.292441E+1
-1.292441E+1
-1.309787E+1
-1.342274E+1
-1.372262E+1
-1.389020E+1
-1.389020E+1
-1.364324E+1
-1.335365E+1
-1.309787E+1
-1.298027E+1
-1.298027E+1
-1.322135E+1
-1.349330E+1
-1.380494E+1
-1.407101E+1
-1.389020E+1
-1.335365E+1
-1.261277E+1
-1.188218E+1
-1.123244E+1
-1.069148E+1
-1.029311E+1
-9.999108E+0
-9.805068E+0
-9.702168E+0
-9.713928E+0
-9.805068E+0
-9.984408E+0
-1.025930E+1
-1.063268E+1
-1.110749E+1
-1.165433E+1
-1.234082E+1
-1.315961E+1
-1.437383E+1
-1.636421E+1
-2.088005E+1
-2.088005E+1
-2.088005E+1
-2.088005E+1
-2.088005E+1
-2.088005E+1
-2.088005E+1
-2.088005E+1
-2.088005E+1
-2.088005E+1
-2.088005E+1
-2.088005E+1
-2.088005E+1
-2.088005E+1
-2.088005E+1
-2.088005E+1
-2.088005E+1
-2.088005E+1
-2.088005E+1
-2.088005E+1
-2.088005E+1
-2.088005E+1
-1.738439E+1
-1.309787E+1
-1.181456E+1
-1.108397E+1
-1.069148E+1
-1.053860E+1
-1.053860E+1
-1.067237E+1
-1.090169E+1
-1.123244E+1
-1.159259E+1
-1.195274E+1
-1.221734E+1
-1.234082E+1
-1.238492E+1
-1.229966E+1
-1.221734E+1
-1.213796E+1
-1.202477E+1
-1.195274E+1
-1.184837E+1
-1.174841E+1
-1.162346E+1
-1.150439E+1
-1.139120E+1
-1.136327E+1
-1.141913E+1
-1.159259E+1
-1.184837E+1
-1.217765E+1
-1.256573E+1
-1.292441E+1
-1.309787E+1
-1.292441E+1
-1.256573E+1
-1.209974E+1
-1.165433E+1
-1.123244E+1
-1.090169E+1
-1.061357E+1
-1.036073E+1
-1.014905E+1
-9.927078E+0
-9.727158E+0
-9.543408E+0
-9.374358E+0
-9.258228E+0
-9.177378E+0
-9.156798E+0
-9.177378E+0
-9.237648E+0
-9.342018E+0
-9.474318E+0
-9.615438E+0
-9.752148E+0
-9.885918E+0
-1.001381E+1
-1.016375E+1
-1.036073E+1
-1.061357E+1
-1.098989E+1
-1.153379E+1
-1.247312E+1
-1.437383E+1
-2.088005E+1
-2.088005E+1
-2.088005E+1
-2.088005E+1
-2.088005E+1
-2.088005E+1
-2.088005E+1
-2.088005E+1
-2.088005E+1
-2.088005E+1
-2.088005E+1
-2.088005E+1
-2.088005E+1
-2.088005E+1
-2.088005E+1
-2.088005E+1
-2.088005E+1
-2.088005E+1
-2.088005E+1
-2.088005E+1
-2.088005E+1
-2.088005E+1
-1.548368E+1
-1.364324E+1
-1.286855E+1
-1.247312E+1
-1.229966E+1
-1.225850E+1
-1.234082E+1
-1.256573E+1
-1.286855E+1
-1.328750E+1
-1.380494E+1
-1.472663E+1
-1.610843E+1
-1.937477E+1
-2.088005E+1
-2.088005E+1
-2.088005E+1
-2.088005E+1
-1.937477E+1
-1.698896E+1
-1.567331E+1
-1.499858E+1
-1.460315E+1
-1.416803E+1
-1.389020E+1
-1.356680E+1
-1.342274E+1
-1.335365E+1
-1.342274E+1
-1.380494E+1
-1.485893E+1
-1.937477E+1
-2.088005E+1
-2.088005E+1
-2.088005E+1
-2.088005E+1
-2.088005E+1
-2.088005E+1
-2.088005E+1
-2.088005E+1
-2.088005E+1
-2.088005E+1
-2.088005E+1
-2.088005E+1
-2.088005E+1
-2.088005E+1
-2.088005E+1
-2.088005E+1
-1.587911E+1
-1.322135E+1
-1.217765E+1
-1.162346E+1
-1.139120E+1
-1.133681E+1
-1.144706E+1
-1.165433E+1
-1.191746E+1
-1.213796E+1
-1.221734E+1
