Date/Time	2022-06-22 02:49:50
Line location	1
Line name	A1
OTDR wavelength [nm]	1625
OTDR pulse duration [ns]	2
OTDR scan time [s]	10
OTDR scan length [m]	1.500000E+2
Length offset [m]	0.000000E+0
Length increment [m]	3.996806E-2
Switch ID	VIAVI Solutions,OTU 8000E,11654,FO,16.76
OTDR ID	JDSU,OTU 8000E,11654,OTU(SmartOTU),V7.22

Reflected amplitude [dB]
1.335532E+0
1.247332E+0
1.145902E+0
1.053292E+0
9.753820E-1
9.327520E-1
9.445120E-1
1.028302E+0
1.194412E+0
1.407562E+0
1.650112E+0
1.913242E+0
2.155792E+0
2.352772E+0
2.499772E+0
2.605612E+0
2.676172E+0
2.709982E+0
2.701162E+0
2.657062E+0
2.577682E+0
2.454202E+0
2.295442E+0
2.121982E+0
1.930882E+0
1.722142E+0
1.497232E+0
1.270852E+0
1.045942E+0
8.313220E-1
6.372820E-1
4.726420E-1
3.374020E-1
2.271520E-1
1.404220E-1
6.839200E-2
1.106200E-2
-3.597800E-2
-7.419800E-2
-1.065380E-1
-1.344680E-1
-1.579880E-1
-1.800380E-1
-2.006180E-1
-2.211980E-1
-2.403080E-1
-2.608880E-1
-2.785280E-1
-2.961680E-1
-3.123380E-1
-3.255680E-1
-3.373280E-1
-3.476180E-1
-3.564380E-1
-3.652580E-1
-3.740780E-1
-3.843680E-1
-3.931880E-1
-4.049480E-1
-4.152380E-1
-4.269980E-1
-4.387580E-1
-4.490480E-1
-4.593380E-1
-4.696280E-1
-4.769780E-1
-4.843280E-1
-4.872680E-1
-4.872680E-1
-4.843280E-1
-4.755080E-1
-4.622780E-1
-4.416980E-1
-4.181780E-1
-3.917180E-1
-3.623180E-1
-3.329180E-1
-3.064580E-1
-2.829380E-1
-2.652980E-1
-2.535380E-1
-2.476580E-1
-2.461880E-1
-2.505980E-1
-2.564780E-1
-2.652980E-1
-2.741180E-1
-2.829380E-1
-2.932280E-1
-3.020480E-1
-3.123380E-1
-3.240980E-1
-3.373280E-1
-3.534980E-1
-3.726080E-1
-3.931880E-1
-4.167080E-1
-4.416980E-1
-4.666880E-1
-4.931480E-1
-5.166680E-1
-5.416580E-1
-5.637080E-1
-5.842880E-1
-6.019280E-1
-6.180980E-1
-6.327980E-1
-6.445580E-1
-6.548480E-1
-6.636680E-1
-6.724880E-1
-6.798380E-1
-6.871880E-1
-6.960080E-1
-7.048280E-1
-7.121780E-1
-7.209980E-1
-7.268780E-1
-7.327580E-1
-7.342280E-1
-7.342280E-1
-7.298180E-1
-7.239380E-1
-7.165880E-1
-7.077680E-1
-7.004180E-1
-6.930680E-1
-6.886580E-1
-6.871880E-1
-6.871880E-1
-6.886580E-1
-6.915980E-1
-6.960080E-1
-6.989480E-1
-7.018880E-1
-7.033580E-1
-7.033580E-1
-7.004180E-1
-6.945380E-1
-6.886580E-1
-6.798380E-1
-6.710180E-1
-6.621980E-1
-5.739980E-1
-2.094380E-1
5.549620E-1
1.597192E+0
2.708512E+0
3.753682E+0
4.678312E+0
5.470642E+0
6.132142E+0
6.671632E+0
7.106752E+0
7.450732E+0
7.713862E+0
7.903492E+0
8.026972E+0
8.085772E+0
8.087242E+0
8.034322E+0
7.931422E+0
7.781482E+0
7.585972E+0
7.349302E+0
7.074412E+0
6.765712E+0
6.420262E+0
6.041002E+0
5.627932E+0
5.188402E+0
4.726822E+0
4.247602E+0
3.765442E+0
3.290632E+0
2.836402E+0
2.415982E+0
2.045542E+0
1.732432E+0
1.469302E+0
1.239982E+0
1.041532E+0
8.695420E-1
7.049020E-1
5.417320E-1
3.859120E-1
2.447920E-1
1.169020E-1
2.242000E-3
-9.771800E-2
-1.829780E-1
-2.594180E-1
-3.270380E-1
-3.858380E-1
-4.372880E-1
-4.813880E-1
-5.166680E-1
-5.460680E-1
-5.681180E-1
-5.842880E-1
-5.960480E-1
-6.019280E-1
-6.063380E-1
-6.092780E-1
-6.092780E-1
-6.092780E-1
-6.078080E-1
-6.078080E-1
-6.078080E-1
-6.092780E-1
-6.078080E-1
-6.063380E-1
-6.004580E-1
-5.916380E-1
-5.769380E-1
-5.592980E-1
-5.357780E-1
-5.107880E-1
-4.857980E-1
-4.608080E-1
-4.402280E-1
-4.240580E-1
-4.122980E-1
-4.049480E-1
-4.020080E-1
-4.034780E-1
-4.078880E-1
-4.137680E-1
-4.225880E-1
-4.314080E-1
-4.416980E-1
-4.519880E-1
-4.637480E-1
-4.769780E-1
-4.916780E-1
-5.078480E-1
-5.254880E-1
-5.431280E-1
-5.622380E-1
-5.813480E-1
-5.989880E-1
-6.166280E-1
-6.313280E-1
-6.445580E-1
-6.548480E-1
-6.621980E-1
-6.666080E-1
-6.680780E-1
-6.695480E-1
-6.695480E-1
-6.666080E-1
-6.651380E-1
-6.621980E-1
-6.577880E-1
-6.533780E-1
-6.474980E-1
-6.430880E-1
-6.372080E-1
-6.327980E-1
-6.298580E-1
-6.283880E-1
-6.298580E-1
-6.327980E-1
-6.372080E-1
-6.430880E-1
-6.489680E-1
-6.563180E-1
-6.621980E-1
-6.666080E-1
-6.710180E-1
-6.724880E-1
-6.754280E-1
-6.754280E-1
-6.739580E-1
-6.710180E-1
-6.680780E-1
-6.621980E-1
-6.548480E-1
-6.460280E-1
-6.372080E-1
-6.298580E-1
-6.210380E-1
-6.151580E-1
-6.107480E-1
-6.078080E-1
-6.078080E-1
-6.092780E-1
-6.122180E-1
-6.166280E-1
-6.239780E-1
-6.313280E-1
-6.401480E-1
-6.504380E-1
-6.592580E-1
-6.695480E-1
-6.783680E-1
-6.857180E-1
-6.915980E-1
-6.945380E-1
-6.974780E-1
-6.974780E-1
-6.960080E-1
-6.930680E-1
-6.901280E-1
-6.871880E-1
-6.842480E-1
-6.827780E-1
-6.827780E-1
-6.857180E-1
-6.886580E-1
-6.930680E-1
-6.989480E-1
-7.033580E-1
-7.062980E-1
-7.062980E-1
-7.062980E-1
-7.018880E-1
-6.974780E-1
-6.915980E-1
-6.857180E-1
-6.798380E-1
-6.754280E-1
-6.710180E-1
-6.680780E-1
-6.651380E-1
-6.636680E-1
-6.607280E-1
-6.577880E-1
-6.548480E-1
-6.504380E-1
-6.474980E-1
-6.430880E-1
-6.401480E-1
-6.372080E-1
-6.372080E-1
-6.386780E-1
-6.416180E-1
-6.445580E-1
-6.460280E-1
-6.460280E-1
-6.416180E-1
-6.342680E-1
-6.225080E-1
-6.063380E-1
-5.872280E-1
-5.666480E-1
-5.460680E-1
-5.254880E-1
-5.078480E-1
-4.916780E-1
-4.784480E-1
-4.710980E-1
-4.652180E-1
-4.652180E-1
-4.681580E-1
-4.740380E-1
-4.843280E-1
-4.960880E-1
-5.107880E-1
-5.269580E-1
-5.445980E-1
-5.637080E-1
-5.828180E-1
-6.033980E-1
-6.239780E-1
-6.416180E-1
-6.592580E-1
-6.739580E-1
-6.857180E-1
-6.930680E-1
-6.960080E-1
-6.974780E-1
-6.960080E-1
-6.945380E-1
-6.930680E-1
-6.915980E-1
-6.930680E-1
-6.945380E-1
-6.974780E-1
-7.004180E-1
-7.048280E-1
-7.077680E-1
-7.092380E-1
-7.107080E-1
-7.121780E-1
-7.107080E-1
-7.092380E-1
-7.077680E-1
-7.048280E-1
-7.018880E-1
-6.989480E-1
-6.945380E-1
-6.886580E-1
-6.827780E-1
-6.739580E-1
-6.666080E-1
-6.592580E-1
-6.504380E-1
-6.445580E-1
-6.386780E-1
-6.342680E-1
-6.327980E-1
-6.298580E-1
-6.283880E-1
-6.239780E-1
-6.166280E-1
-6.078080E-1
-5.945780E-1
-5.784080E-1
-5.607680E-1
-5.401880E-1
-5.196080E-1
-5.004980E-1
-4.828580E-1
-4.666880E-1
-4.549280E-1
-4.461080E-1
-4.416980E-1
-4.402280E-1
-4.431680E-1
-4.505180E-1
-4.622780E-1
-4.755080E-1
-4.931480E-1
-5.137280E-1
-5.343080E-1
-5.548880E-1
-5.725280E-1
-5.886980E-1
-6.004580E-1
-6.078080E-1
-6.092780E-1
-6.063380E-1
-6.004580E-1
-5.931080E-1
-5.842880E-1
-5.769380E-1
-5.710580E-1
-5.695880E-1
-5.725280E-1
-5.813480E-1
-5.931080E-1
-6.107480E-1
-6.283880E-1
-6.489680E-1
-6.710180E-1
-6.901280E-1
-7.077680E-1
-7.239380E-1
-7.356980E-1
-7.445180E-1
-7.503980E-1
-7.518680E-1
-7.503980E-1
-7.445180E-1
-7.371680E-1
-7.268780E-1
-7.151180E-1
-7.018880E-1
-6.886580E-1
-6.754280E-1
-6.636680E-1
-6.533780E-1
-6.445580E-1
-6.342680E-1
-6.254480E-1
-6.166280E-1
-6.078080E-1
-6.004580E-1
-5.931080E-1
-5.886980E-1
-5.872280E-1
-5.886980E-1
-5.931080E-1
-6.004580E-1
-6.092780E-1
-6.180980E-1
-6.269180E-1
-6.327980E-1
-6.372080E-1
-6.386780E-1
-6.386780E-1
-6.372080E-1
-6.342680E-1
-6.298580E-1
-6.254480E-1
-6.210380E-1
-6.180980E-1
-6.166280E-1
-6.180980E-1
-6.225080E-1
-6.283880E-1
-6.357380E-1
-6.445580E-1
-6.504380E-1
-6.548480E-1
-6.548480E-1
-6.504380E-1
-6.430880E-1
-6.313280E-1
-6.195680E-1
-6.078080E-1
-5.975180E-1
-5.931080E-1
-5.916380E-1
-5.945780E-1
-6.033980E-1
-6.136880E-1
-6.269180E-1
-6.401480E-1
-6.519080E-1
-6.607280E-1
-6.666080E-1
-6.680780E-1
-6.666080E-1
-6.607280E-1
-6.533780E-1
-6.445580E-1
-6.357380E-1
-6.298580E-1
-6.239780E-1
-6.210380E-1
-6.195680E-1
-6.195680E-1
-6.225080E-1
-6.269180E-1
-6.298580E-1
-6.342680E-1
-6.386780E-1
-6.445580E-1
-6.489680E-1
-6.533780E-1
-6.577880E-1
-6.621980E-1
-6.666080E-1
-6.710180E-1
-6.724880E-1
-6.724880E-1
-6.710180E-1
-6.695480E-1
-6.651380E-1
-6.621980E-1
-6.592580E-1
-6.577880E-1
-6.592580E-1
-6.621980E-1
-6.680780E-1
-6.754280E-1
-6.813080E-1
-6.871880E-1
-6.915980E-1
-6.915980E-1
-6.901280E-1
-6.857180E-1
-6.813080E-1
-6.754280E-1
-6.710180E-1
-6.680780E-1
-6.695480E-1
-6.724880E-1
-6.783680E-1
-6.871880E-1
-6.960080E-1
-7.048280E-1
-7.136480E-1
-7.195280E-1
-7.239380E-1
-7.254080E-1
-7.239380E-1
-7.195280E-1
-7.136480E-1
-7.048280E-1
-6.945380E-1
-6.842480E-1
-6.739580E-1
-6.666080E-1
-6.592580E-1
-6.548480E-1
-6.519080E-1
-6.533780E-1
-6.548480E-1
-6.577880E-1
-6.607280E-1
-6.621980E-1
-6.636680E-1
-6.636680E-1
-6.621980E-1
-6.592580E-1
-6.563180E-1
-6.533780E-1
-6.504380E-1
-6.504380E-1
-6.504380E-1
-6.519080E-1
-6.548480E-1
-6.577880E-1
-6.592580E-1
-6.592580E-1
-6.563180E-1
-6.504380E-1
-6.430880E-1
-6.342680E-1
-6.254480E-1
-6.166280E-1
-6.107480E-1
-6.063380E-1
-6.063380E-1
-6.107480E-1
-6.180980E-1
-6.283880E-1
-6.401480E-1
-6.519080E-1
-6.636680E-1
-6.710180E-1
-6.754280E-1
-6.754280E-1
-6.724880E-1
-6.651380E-1
-6.577880E-1
-6.504380E-1
-6.445580E-1
-6.416180E-1
-6.430880E-1
-6.504380E-1
-6.607280E-1
-6.739580E-1
-6.886580E-1
-7.048280E-1
-7.180580E-1
-7.298180E-1
-7.386380E-1
-7.445180E-1
-7.459880E-1
-7.445180E-1
-7.401080E-1
-7.327580E-1
-7.254080E-1
-7.180580E-1
-7.092380E-1
-7.018880E-1
-6.945380E-1
-6.886580E-1
-6.827780E-1
-6.768980E-1
-6.724880E-1
-6.666080E-1
-6.607280E-1
-6.548480E-1
-6.489680E-1
-6.445580E-1
-6.386780E-1
-6.357380E-1
-6.327980E-1
-6.327980E-1
-6.342680E-1
-6.386780E-1
-6.430880E-1
-6.489680E-1
-6.548480E-1
-6.592580E-1
-6.621980E-1
-6.636680E-1
-6.621980E-1
-6.592580E-1
-6.548480E-1
-6.504380E-1
-6.445580E-1
-6.416180E-1
-6.386780E-1
-6.386780E-1
-6.386780E-1
-6.416180E-1
-6.445580E-1
-6.474980E-1
-6.504380E-1
-6.533780E-1
-6.548480E-1
-6.563180E-1
-6.548480E-1
-6.533780E-1
-6.519080E-1
-6.489680E-1
-6.460280E-1
-6.445580E-1
-6.445580E-1
-6.460280E-1
-6.504380E-1
-6.563180E-1
-6.651380E-1
-6.754280E-1
-6.871880E-1
-6.989480E-1
-7.092380E-1
-7.195280E-1
-7.268780E-1
-7.312880E-1
-7.342280E-1
-7.327580E-1
-7.298180E-1
-7.254080E-1
-7.209980E-1
-7.165880E-1
-7.136480E-1
-7.121780E-1
-7.121780E-1
-7.107080E-1
-7.121780E-1
-7.121780E-1
-7.121780E-1
-7.107080E-1
-7.107080E-1
-7.092380E-1
-7.092380E-1
-7.077680E-1
-7.077680E-1
-7.077680E-1
-7.062980E-1
-7.062980E-1
-7.048280E-1
-7.048280E-1
-7.018880E-1
-7.004180E-1
-6.974780E-1
-6.945380E-1
-6.901280E-1
-6.871880E-1
-6.842480E-1
-6.813080E-1
-6.783680E-1
-6.783680E-1
-6.783680E-1
-6.783680E-1
-6.813080E-1
-6.842480E-1
-6.886580E-1
-6.930680E-1
-6.974780E-1
-7.033580E-1
-7.062980E-1
-7.092380E-1
-7.107080E-1
-7.107080E-1
-7.077680E-1
-7.048280E-1
-7.004180E-1
-6.930680E-1
-6.842480E-1
-6.739580E-1
-6.636680E-1
-6.519080E-1
-6.401480E-1
-6.313280E-1
-6.254480E-1
-6.225080E-1
-6.239780E-1
-6.298580E-1
-6.386780E-1
-6.519080E-1
-6.666080E-1
-6.813080E-1
-6.960080E-1
-7.092380E-1
-7.180580E-1
-7.224680E-1
-7.209980E-1
-7.151180E-1
-7.062980E-1
-6.930680E-1
-6.783680E-1
-6.636680E-1
-6.519080E-1
-6.445580E-1
-6.416180E-1
-6.430880E-1
-6.504380E-1
-6.621980E-1
-6.768980E-1
-6.915980E-1
-7.048280E-1
-7.165880E-1
-7.239380E-1
-7.268780E-1
-7.268780E-1
-7.239380E-1
-7.195280E-1
-7.151180E-1
-7.107080E-1
-7.092380E-1
-7.077680E-1
-7.077680E-1
-7.092380E-1
-7.092380E-1
-7.077680E-1
-7.062980E-1
-7.018880E-1
-6.960080E-1
-6.886580E-1
-6.813080E-1
-6.739580E-1
-6.680780E-1
-6.636680E-1
-6.592580E-1
-6.577880E-1
-6.563180E-1
-6.548480E-1
-6.563180E-1
-6.563180E-1
-6.577880E-1
-6.592580E-1
-6.607280E-1
-6.621980E-1
-6.621980E-1
-6.607280E-1
-6.592580E-1
-6.563180E-1
-6.533780E-1
-6.504380E-1
-6.489680E-1
-6.489680E-1
-6.519080E-1
-6.577880E-1
-6.651380E-1
-6.754280E-1
-6.842480E-1
-6.945380E-1
-7.018880E-1
-7.077680E-1
-7.107080E-1
-7.107080E-1
-7.077680E-1
-7.018880E-1
-6.945380E-1
-6.871880E-1
-6.783680E-1
-6.710180E-1
-6.636680E-1
-6.592580E-1
-6.577880E-1
-6.563180E-1
-6.577880E-1
-6.592580E-1
-6.607280E-1
-6.621980E-1
-6.636680E-1
-6.651380E-1
-6.636680E-1
-6.621980E-1
-6.607280E-1
-6.607280E-1
-6.592580E-1
-6.607280E-1
-6.636680E-1
-6.680780E-1
-6.739580E-1
-6.798380E-1
-6.857180E-1
-6.886580E-1
-6.886580E-1
-6.871880E-1
-6.827780E-1
-6.754280E-1
-6.680780E-1
-6.621980E-1
-6.563180E-1
-6.519080E-1
-6.519080E-1
-6.533780E-1
-6.577880E-1
-6.651380E-1
-6.710180E-1
-6.783680E-1
-6.842480E-1
-6.871880E-1
-6.871880E-1
-6.857180E-1
-6.813080E-1
-6.754280E-1
-6.680780E-1
-6.621980E-1
-6.577880E-1
-6.533780E-1
-6.519080E-1
-6.519080E-1
-6.519080E-1
-6.548480E-1
-6.563180E-1
-6.592580E-1
-6.621980E-1
-6.636680E-1
-6.651380E-1
-6.666080E-1
-6.680780E-1
-6.680780E-1
-6.695480E-1
-6.695480E-1
-6.710180E-1
-6.710180E-1
-6.710180E-1
-6.710180E-1
-6.710180E-1
-6.680780E-1
-6.651380E-1
-6.621980E-1
-6.577880E-1
-6.519080E-1
-6.460280E-1
-6.401480E-1
-6.342680E-1
-6.298580E-1
-6.269180E-1
-6.269180E-1
-6.313280E-1
-6.372080E-1
-6.474980E-1
-6.607280E-1
-6.754280E-1
-6.901280E-1
-7.048280E-1
-7.151180E-1
-7.209980E-1
-7.239380E-1
-7.195280E-1
-7.121780E-1
-7.018880E-1
-6.886580E-1
-6.754280E-1
-6.636680E-1
-6.548480E-1
-6.504380E-1
-6.504380E-1
-6.563180E-1
-6.651380E-1
-6.798380E-1
-6.960080E-1
-7.136480E-1
-7.298180E-1
-7.445180E-1
-7.518680E-1
-7.562780E-1
-7.533380E-1
-7.459880E-1
-7.371680E-1
-7.254080E-1
-7.136480E-1
-7.048280E-1
-6.974780E-1
-6.945380E-1
-6.945380E-1
-6.974780E-1
-7.018880E-1
-7.048280E-1
-7.077680E-1
-7.092380E-1
-7.077680E-1
-7.048280E-1
-6.989480E-1
-6.915980E-1
-6.842480E-1
-6.754280E-1
-6.666080E-1
-6.592580E-1
-6.533780E-1
-6.489680E-1
-6.460280E-1
-6.445580E-1
-6.430880E-1
-6.445580E-1
-6.460280E-1
-6.474980E-1
-6.489680E-1
-6.504380E-1
-6.519080E-1
-6.519080E-1
-6.504380E-1
-6.489680E-1
-6.460280E-1
-6.445580E-1
-6.430880E-1
-6.416180E-1
-6.416180E-1
-6.430880E-1
-6.445580E-1
-6.460280E-1
-6.474980E-1
-6.474980E-1
-6.474980E-1
-6.445580E-1
-6.416180E-1
-6.372080E-1
-6.342680E-1
-6.313280E-1
-6.298580E-1
-6.313280E-1
-6.327980E-1
-6.372080E-1
-6.445580E-1
-6.504380E-1
-6.577880E-1
-6.636680E-1
-6.695480E-1
-6.739580E-1
-6.783680E-1
-6.813080E-1
-6.842480E-1
-6.886580E-1
-6.945380E-1
-7.004180E-1
-7.077680E-1
-7.165880E-1
-7.239380E-1
-7.298180E-1
-7.342280E-1
-7.371680E-1
-7.386380E-1
-7.386380E-1
-7.386380E-1
-7.386380E-1
-7.386380E-1
-7.386380E-1
-7.415780E-1
-7.430480E-1
-7.445180E-1
-7.459880E-1
-7.474580E-1
-7.459880E-1
-7.445180E-1
-7.401080E-1
-7.356980E-1
-7.327580E-1
-7.298180E-1
-7.312880E-1
-7.371680E-1
-7.459880E-1
-7.621580E-1
-7.842080E-1
-8.106680E-1
-8.415380E-1
-8.753480E-1
-9.106280E-1
-9.488480E-1
-9.870680E-1
-1.025288E+0
-1.062038E+0
-1.098788E+0
-1.134068E+0
-1.166408E+0
-1.197278E+0
-1.222268E+0
-1.244318E+0
-1.261958E+0
-1.275188E+0
-1.285478E+0
-1.292828E+0
-1.298708E+0
-1.306058E+0
-1.313408E+0
-1.325168E+0
-1.338398E+0
-1.356038E+0
-1.375148E+0
-1.397198E+0
-1.420718E+0
-1.444238E+0
-1.467758E+0
-1.488338E+0
-1.507448E+0
-1.525088E+0
-1.538318E+0
-1.548608E+0
-1.557428E+0
-1.561838E+0
-1.561838E+0
-1.560368E+0
-1.557428E+0
-1.550078E+0
-1.542728E+0
-1.535378E+0
-1.525088E+0
-1.514798E+0
-1.503038E+0
-1.489808E+0
-1.476578E+0
-1.460408E+0
-1.444238E+0
-1.426598E+0
-1.410428E+0
-1.395728E+0
-1.382498E+0
-1.373678E+0
-1.367798E+0
-1.366328E+0
-1.369268E+0
-1.376618E+0
-1.386908E+0
-1.400138E+0
-1.414838E+0
-1.429538E+0
-1.442768E+0
-1.454528E+0
-1.463348E+0
-1.467758E+0
-1.472168E+0
-1.473638E+0
-1.473638E+0
-1.473638E+0
-1.476578E+0
-1.479518E+0
-1.485398E+0
-1.494218E+0
-1.504508E+0
-1.517738E+0
-1.532438E+0
-1.547138E+0
-1.563308E+0
-1.578008E+0
-1.592708E+0
-1.605938E+0
-1.619168E+0
-1.630928E+0
-1.642688E+0
-1.654448E+0
-1.669148E+0
-1.685318E+0
-1.704428E+0
-1.723538E+0
-1.744118E+0
-1.763228E+0
-1.779398E+0
-1.791158E+0
-1.795568E+0
-1.795568E+0
-1.789688E+0
-1.779398E+0
-1.767638E+0
-1.755878E+0
-1.744118E+0
-1.735298E+0
-1.729418E+0
-1.726478E+0
-1.725008E+0
-1.726478E+0
-1.727948E+0
-1.730888E+0
-1.733828E+0
-1.738238E+0
-1.744118E+0
-1.751468E+0
-1.760288E+0
-1.770578E+0
-1.782338E+0
-1.794098E+0
-1.805858E+0
-1.816148E+0
-1.823498E+0
-1.827908E+0
-1.827908E+0
-1.824968E+0
-1.820558E+0
-1.811738E+0
-1.802918E+0
-1.795568E+0
-1.788218E+0
-1.783808E+0
-1.780868E+0
-1.779398E+0
-1.777928E+0
-1.777928E+0
-1.774988E+0
-1.772048E+0
-1.766168E+0
-1.761758E+0
-1.755878E+0
-1.752938E+0
-1.752938E+0
-1.754408E+0
-1.760288E+0
-1.770578E+0
-1.782338E+0
-1.797038E+0
-1.814678E+0
-1.830848E+0
-1.847018E+0
-1.861718E+0
-1.876418E+0
-1.888178E+0
-1.899938E+0
-1.910228E+0
-1.921988E+0
-1.933748E+0
-1.946978E+0
-1.961678E+0
-1.977848E+0
-1.994018E+0
-2.010188E+0
-2.024888E+0
-2.036648E+0
-2.045468E+0
-2.052818E+0
-2.055758E+0
-2.057228E+0
-2.057228E+0
-2.055758E+0
-2.055758E+0
-2.057228E+0
-2.058698E+0
-2.063108E+0
-2.068988E+0
-2.076338E+0
-2.083688E+0
-2.091038E+0
-2.099858E+0
-2.107208E+0
-2.114558E+0
-2.118968E+0
-2.121908E+0
-2.121908E+0
-2.118968E+0
-2.113088E+0
-2.102798E+0
-2.091038E+0
-2.076338E+0
-2.060168E+0
-2.042528E+0
-2.024888E+0
-2.007248E+0
-1.989608E+0
-1.974908E+0
-1.961678E+0
-1.952858E+0
-1.948448E+0
-1.949918E+0
-1.955798E+0
-1.967558E+0
-1.985198E+0
-2.007248E+0
-2.032238E+0
-2.057228E+0
-2.083688E+0
-2.108678E+0
-2.132198E+0
-2.151308E+0
-2.167478E+0
-2.180708E+0
-2.190998E+0
-2.198348E+0
-2.205698E+0
-2.210108E+0
-2.215988E+0
-2.221868E+0
-2.227748E+0
-2.233628E+0
-2.239508E+0
-2.246858E+0
-2.252738E+0
-2.258618E+0
-2.263028E+0
-2.267438E+0
-2.268908E+0
-2.268908E+0
-2.264498E+0
-2.258618E+0
-2.249798E+0
-2.239508E+0
-2.229218E+0
-2.220398E+0
-2.213048E+0
-2.210108E+0
-2.208638E+0
-2.211578E+0
-2.215988E+0
-2.221868E+0
-2.227748E+0
-2.233628E+0
-2.238038E+0
-2.242448E+0
-2.243918E+0
-2.245388E+0
-2.245388E+0
-2.246858E+0
-2.249798E+0
-2.254208E+0
-2.261558E+0
-2.273318E+0
-2.288018E+0
-2.305658E+0
-2.329178E+0
-2.354168E+0
-2.383568E+0
-2.412968E+0
-2.440898E+0
-2.468828E+0
-2.493818E+0
-2.511458E+0
-2.523218E+0
-2.527628E+0
-2.523218E+0
-2.512928E+0
-2.498228E+0
-2.482058E+0
-2.465888E+0
-2.454128E+0
-2.446778E+0
-2.445308E+0
-2.449718E+0
-2.455598E+0
-2.462948E+0
-2.468828E+0
-2.473238E+0
-2.473238E+0
-2.470298E+0
-2.467358E+0
-2.461478E+0
-2.457068E+0
-2.454128E+0
-2.454128E+0
-2.455598E+0
-2.455598E+0
-2.457068E+0
-2.458538E+0
-2.460008E+0
-2.462948E+0
-2.465888E+0
-2.470298E+0
-2.479118E+0
-2.489408E+0
-2.502638E+0
-2.517338E+0
-2.530568E+0
-2.543798E+0
-2.554088E+0
-2.561438E+0
-2.561438E+0
-2.555558E+0
-2.543798E+0
-2.527628E+0
-2.505578E+0
-2.483528E+0
-2.461478E+0
-2.443838E+0
-2.433548E+0
-2.429138E+0
-2.433548E+0
-2.446778E+0
-2.467358E+0
-2.493818E+0
-2.523218E+0
-2.551148E+0
-2.577608E+0
-2.598188E+0
-2.611418E+0
-2.615828E+0
-2.615828E+0
-2.608478E+0
-2.596718E+0
-2.580548E+0
-2.561438E+0
-2.542328E+0
-2.521748E+0
-2.502638E+0
-2.484998E+0
-2.471768E+0
-2.462948E+0
-2.461478E+0
-2.468828E+0
-2.484998E+0
-2.509988E+0
-2.543798E+0
-2.584958E+0
-2.633468E+0
-2.686388E+0
-2.740778E+0
-2.795168E+0
-2.846618E+0
-2.895128E+0
-2.937758E+0
-2.977448E+0
-3.012728E+0
-3.046538E+0
-3.078878E+0
-3.112688E+0
-3.146498E+0
-3.177368E+0
-3.203828E+0
-3.222938E+0
-3.231758E+0
-3.228818E+0
-3.212648E+0
-3.183248E+0
-3.143558E+0
-3.093578E+0
-3.040658E+0
-2.984798E+0
-2.930408E+0
-2.878958E+0
-2.831918E+0
-2.790758E+0
-2.754008E+0
-2.726078E+0
-2.704028E+0
-2.692268E+0
-2.687858E+0
-2.695208E+0
-2.711378E+0
-2.736368E+0
-2.768708E+0
-2.805458E+0
-2.843678E+0
-2.877488E+0
-2.906888E+0
-2.927468E+0
-2.939228E+0
-2.945108E+0
-2.943638E+0
-2.940698E+0
-2.934818E+0
-2.931878E+0
-2.928938E+0
-2.928938E+0
-2.931878E+0
-2.933348E+0
-2.934818E+0
-2.934818E+0
-2.933348E+0
-2.930408E+0
-2.925998E+0
-2.921588E+0
-2.917178E+0
-2.915708E+0
-2.917178E+0
-2.923058E+0
-2.933348E+0
-2.949518E+0
-2.968628E+0
-2.990678E+0
-3.015668E+0
-3.042128E+0
-3.068588E+0
-3.093578E+0
-3.114158E+0
-3.131798E+0
-3.142088E+0
-3.147968E+0
-3.146498E+0
-3.137678E+0
-3.124448E+0
-3.106808E+0
-3.089168E+0
-3.072998E+0
-3.061238E+0
-3.053888E+0
-3.053888E+0
-3.059768E+0
-3.070058E+0
-3.083288E+0
-3.095048E+0
-3.105338E+0
-3.112688E+0
-3.114158E+0
-3.112688E+0
-3.106808E+0
-3.100928E+0
-3.093578E+0
-3.084758E+0
-3.077408E+0
-3.070058E+0
-3.065648E+0
-3.062708E+0
-3.062708E+0
-3.068588E+0
-3.077408E+0
-3.092108E+0
-3.108278E+0
-3.125918E+0
-3.142088E+0
-3.153848E+0
-3.159728E+0
-3.156788E+0
-3.149438E+0
-3.136208E+0
-3.121508E+0
-3.106808E+0
-3.097988E+0
-3.095048E+0
-3.099458E+0
-3.112688E+0
-3.131798E+0
-3.156788E+0
-3.184718E+0
-3.215588E+0
-3.244988E+0
-3.274388E+0
-3.297908E+0
-3.319958E+0
-3.339068E+0
-3.356708E+0
-3.371408E+0
-3.387578E+0
-3.405218E+0
-3.422858E+0
-3.440498E+0
-3.458138E+0
-3.472838E+0
-3.483128E+0
-3.487538E+0
-3.489008E+0
-3.486068E+0
-3.480188E+0
-3.475778E+0
-3.472838E+0
-3.472838E+0
-3.478718E+0
-3.486068E+0
-3.496358E+0
-3.506648E+0
-3.516938E+0
-3.525758E+0
-3.528698E+0
-3.528698E+0
-3.525758E+0
-3.516938E+0
-3.508118E+0
-3.496358E+0
-3.484598E+0
-3.475778E+0
-3.471368E+0
-3.469898E+0
-3.474308E+0
-3.480188E+0
-3.489008E+0
-3.494888E+0
-3.494888E+0
-3.487538E+0
-3.469898E+0
-3.443438E+0
-3.411098E+0
-3.375818E+0
-3.339068E+0
-3.306728E+0
-3.281738E+0
-3.265568E+0
-3.256748E+0
-3.258218E+0
-3.267038E+0
-3.280268E+0
-3.299378E+0
-3.319958E+0
-3.342008E+0
-3.361118E+0
-3.381698E+0
-3.400808E+0
-3.416978E+0
-3.430208E+0
-3.440498E+0
-3.449318E+0
-3.456668E+0
-3.465488E+0
-3.475778E+0
-3.489008E+0
-3.508118E+0
-3.530168E+0
-3.558098E+0
-3.586028E+0
-3.611018E+0
-3.633068E+0
-3.649238E+0
-3.659528E+0
-3.660998E+0
-3.660998E+0
-3.655118E+0
-3.652178E+0
-3.650708E+0
-3.652178E+0
-3.655118E+0
-3.656588E+0
-3.658058E+0
-3.658058E+0
-3.656588E+0
-3.655118E+0
-3.655118E+0
-3.658058E+0
-3.668348E+0
-3.684518E+0
-3.708038E+0
-3.735968E+0
-3.766838E+0
-3.797708E+0
-3.824168E+0
-3.843278E+0
-3.853568E+0
-3.855038E+0
-3.847688E+0
-3.834458E+0
-3.819758E+0
-3.806528E+0
-3.794768E+0
-3.790358E+0
-3.787418E+0
-3.787418E+0
-3.785948E+0
-3.781538E+0
-3.772718E+0
-3.758018E+0
-3.737438E+0
-3.713918E+0
-3.690398E+0
-3.671288E+0
-3.658058E+0
-3.652178E+0
-3.655118E+0
-3.669818E+0
-3.691868E+0
-3.722738E+0
-3.756548E+0
-3.791828E+0
-3.828578E+0
-3.862388E+0
-3.891788E+0
-3.913838E+0
-3.930008E+0
-3.935888E+0
-3.932948E+0
-3.919718E+0
-3.896198E+0
-3.865328E+0
-3.830048E+0
-3.791828E+0
-3.755078E+0
-3.724208E+0
-3.700688E+0
-3.688928E+0
-3.688928E+0
-3.699218E+0
-3.721268E+0
-3.752138E+0
-3.784478E+0
-3.819758E+0
-3.853568E+0
-3.885908E+0
-3.915308E+0
-3.937358E+0
-3.956468E+0
-3.971168E+0
-3.981458E+0
-3.988808E+0
-3.990278E+0
-3.988808E+0
-3.982928E+0
-3.974108E+0
-3.963818E+0
-3.949118E+0
-3.935888E+0
-3.925598E+0
-3.916778E+0
-3.910898E+0
-3.907958E+0
-3.907958E+0
-3.907958E+0
-3.909428E+0
-3.912368E+0
-3.916778E+0
-3.922658E+0
-3.934418E+0
-3.949118E+0
-3.972638E+0
-4.004978E+0
-4.043198E+0
-4.084358E+0
-4.122578E+0
-4.157858E+0
-4.181378E+0
-4.193138E+0
-4.191668E+0
-4.179908E+0
-4.160798E+0
-4.137278E+0
-4.116698E+0
-4.100528E+0
-4.091708E+0
-4.091708E+0
-4.100528E+0
-4.118168E+0
-4.140218E+0
-4.165208E+0
-4.191668E+0
-4.219598E+0
-4.240178E+0
-4.259288E+0
-4.272518E+0
-4.276928E+0
-4.275458E+0
-4.265168E+0
-4.246058E+0
-4.221068E+0
-4.190198E+0
-4.154918E+0
-4.116698E+0
-4.081418E+0
-4.047608E+0
-4.019678E+0
-3.999098E+0
-3.984398E+0
-3.979988E+0
-3.981458E+0
-3.990278E+0
-4.003508E+0
-4.022618E+0
-4.041728E+0
-4.063778E+0
-4.088768E+0
-4.116698E+0
-4.143158E+0
-4.171088E+0
-4.199018E+0
-4.231358E+0
-4.265168E+0
-4.300448E+0
-4.337198E+0
-4.373948E+0
-4.410698E+0
-4.443038E+0
-4.468028E+0
-4.481258E+0
-4.487138E+0
-4.482728E+0
-4.472438E+0
-4.460678E+0
-4.445978E+0
-4.434218E+0
-4.426868E+0
-4.423928E+0
-4.425398E+0
-4.428338E+0
-4.432748E+0
-4.435688E+0
-4.437158E+0
-4.435688E+0
-4.431278E+0
-4.422458E+0
-4.410698E+0
-4.397468E+0
-4.381298E+0
-4.363658E+0
-4.346018E+0
-4.329848E+0
-4.315148E+0
-4.310738E+0
-4.313678E+0
-4.328378E+0
-4.354838E+0
-4.391588E+0
-4.437158E+0
-4.487138E+0
-4.537118E+0
-4.578278E+0
-4.610618E+0
-4.626788E+0
-4.629728E+0
-4.620908E+0
-4.600328E+0
-4.575338E+0
-4.550348E+0
-4.528298E+0
-4.512128E+0
-4.501838E+0
-4.493018E+0
-4.488608E+0
-4.482728E+0
-4.472438E+0
-4.457738E+0
-4.437158E+0
-4.410698E+0
-4.376888E+0
-4.334258E+0
-4.287218E+0
-4.232828E+0
-4.172558E+0
-4.104938E+0
-4.034378E+0
-3.963818E+0
-3.896198E+0
-3.840338E+0
-3.797708E+0
-3.772718E+0
-3.772718E+0
-3.799178E+0
-3.856508E+0
-3.947648E+0
-4.071128E+0
-4.229888E+0
-4.425398E+0
-4.657658E+0
-4.923728E+0
-5.222138E+0
-5.552888E+0
-5.911568E+0
-6.293768E+0
-6.703898E+0
-7.122848E+0
-7.549148E+0
-7.948988E+0
-8.297378E+0
-8.548748E+0
-8.663408E+0
-8.639888E+0
-8.504648E+0
-8.316488E+0
-8.134208E+0
-7.991618E+0
-7.915178E+0
-7.915178E+0
-8.035718E+0
-8.276798E+0
-8.698688E+0
-9.379298E+0
-1.051120E+1
-1.328803E+1
-2.000005E+1
-2.000005E+1
-2.000005E+1
-2.000005E+1
-2.000005E+1
-2.000005E+1
-2.000005E+1
-2.000005E+1
-2.000005E+1
-2.000005E+1
-2.000005E+1
-2.000005E+1
-2.000005E+1
-2.000005E+1
-2.000005E+1
-2.000005E+1
-2.000005E+1
-2.000005E+1
-2.000005E+1
-1.384663E+1
-1.247365E+1
-1.178275E+1
-1.137850E+1
-1.114477E+1
-1.103746E+1
-1.107274E+1
-1.121974E+1
-1.141966E+1
-1.178275E+1
-1.227961E+1
-1.301020E+1
-1.397893E+1
-1.499911E+1
-1.577380E+1
-1.548421E+1
-1.426852E+1
-1.319101E+1
-1.221787E+1
-1.146082E+1
-1.090222E+1
-1.048327E+1
-1.020397E+1
-1.002169E+1
-9.977588E+0
-1.008784E+1
-1.035244E+1
-1.080520E+1
-1.154902E+1
-1.292494E+1
-2.000005E+1
-2.000005E+1
-2.000005E+1
-2.000005E+1
-2.000005E+1
-2.000005E+1
-2.000005E+1
-2.000005E+1
-2.000005E+1
-2.000005E+1
-2.000005E+1
-2.000005E+1
-2.000005E+1
-2.000005E+1
-2.000005E+1
-2.000005E+1
-2.000005E+1
-2.000005E+1
-2.000005E+1
-2.000005E+1
-2.000005E+1
-2.000005E+1
-2.000005E+1
-2.000005E+1
-2.000005E+1
-2.000005E+1
-2.000005E+1
-2.000005E+1
-2.000005E+1
-2.000005E+1
-2.000005E+1
-2.000005E+1
-2.000005E+1
-2.000005E+1
-2.000005E+1
-2.000005E+1
-2.000005E+1
-2.000005E+1
-2.000005E+1
-2.000005E+1
-2.000005E+1
-2.000005E+1
-2.000005E+1
-2.000005E+1
-2.000005E+1
-1.411858E+1
-1.261330E+1
-1.183273E+1
-1.137850E+1
-1.107274E+1
-1.090222E+1
-1.083607E+1
-1.090222E+1
-1.103746E+1
-1.129765E+1
-1.173277E+1
-1.240750E+1
-1.384663E+1
-2.000005E+1
-2.000005E+1
-2.000005E+1
-2.000005E+1
-2.000005E+1
-2.000005E+1
-2.000005E+1
-2.000005E+1
-2.000005E+1
-2.000005E+1
-2.000005E+1
-2.000005E+1
-2.000005E+1
-2.000005E+1
-2.000005E+1
-2.000005E+1
-2.000005E+1
-2.000005E+1
-2.000005E+1
-2.000005E+1
-2.000005E+1
-2.000005E+1
-2.000005E+1
-2.000005E+1
-2.000005E+1
-2.000005E+1
-2.000005E+1
-2.000005E+1
-2.000005E+1
-2.000005E+1
-2.000005E+1
-2.000005E+1
-2.000005E+1
-2.000005E+1
-1.610896E+1
-1.443022E+1
-1.426852E+1
-1.499911E+1
-1.849477E+1
-2.000005E+1
-2.000005E+1
-2.000005E+1
-2.000005E+1
-2.000005E+1
-2.000005E+1
-2.000005E+1
-2.000005E+1
-2.000005E+1
-2.000005E+1
-2.000005E+1
-2.000005E+1
-2.000005E+1
-2.000005E+1
-2.000005E+1
-2.000005E+1
-2.000005E+1
-2.000005E+1
-1.221787E+1
-1.080520E+1
-1.006579E+1
-9.621848E+0
-9.330788E+0
-9.192608E+0
-9.133808E+0
-9.133808E+0
-9.148508E+0
-9.163208E+0
-9.148508E+0
-9.061778E+0
-8.911838E+0
-8.735438E+0
-8.526698E+0
-8.316488E+0
-8.125388E+0
-7.957808E+0
-7.841678E+0
-7.754948E+0
-7.709378E+0
-7.679978E+0
-7.672628E+0
-7.679978E+0
-7.709378E+0
-7.747598E+0
-7.801988E+0
-7.866668E+0
-7.957808E+0
-8.070998E+0
-8.209178E+0
-8.347358E+0
-8.494358E+0
-8.639888E+0
-8.758958E+0
-8.872148E+0
-8.977988E+0
-9.075008E+0
-9.222008E+0
-9.429278E+0
-9.752678E+0
-1.020397E+1
-1.080520E+1
-1.163869E+1
-1.276324E+1
-1.397893E+1
-1.460368E+1
-1.349383E+1
-1.215907E+1
-1.100218E+1
-1.010989E+1
-9.446918E+0
-8.938298E+0
-8.582558E+0
-8.367938E+0
-8.257688E+0
-8.238578E+0
-8.306198E+0
-8.450258E+0
-8.686928E+0
-9.005918E+0
-9.429278E+0
-9.955538E+0
-1.068319E+1
-1.178275E+1
-1.372315E+1
-2.000005E+1
-2.000005E+1
-2.000005E+1
-2.000005E+1
-2.000005E+1
-2.000005E+1
-1.301020E+1
-1.129765E+1
-1.030099E+1
-9.639488E+0
-9.192608E+0
-8.911838E+0
-8.772188E+0
-8.747198E+0
-8.808938E+0
-8.977988E+0
-9.207308E+0
-9.480728E+0
-9.752678E+0
-9.999638E+0
-1.015693E+1
-1.020397E+1
-1.018045E+1
-1.006579E+1
-9.914378E+0
-9.773258E+0
-9.658598E+0
-9.585098E+0
-9.585098E+0
-9.639488E+0
-9.752678E+0
-9.955538E+0
-1.025248E+1
-1.065379E+1
-1.118152E+1
-1.178275E+1
-1.261330E+1
-1.360555E+1
-1.479331E+1
-1.610896E+1
-1.761424E+1
-1.849477E+1
-2.000005E+1
-2.000005E+1
-2.000005E+1
-2.000005E+1
-2.000005E+1
-2.000005E+1
-2.000005E+1
-2.000005E+1
-2.000005E+1
-2.000005E+1
-2.000005E+1
-2.000005E+1
-2.000005E+1
-2.000005E+1
-2.000005E+1
-1.319101E+1
-1.133734E+1
-1.040389E+1
-9.752678E+0
-9.283748E+0
-8.951528E+0
-8.722208E+0
-8.582558E+0
-8.526698E+0
-8.538458E+0
-8.594318E+0
-8.710448E+0
-8.885378E+0
-9.075008E+0
-9.316088E+0
-9.549818E+0
-9.852638E+0
-1.022749E+1
-1.071259E+1
-1.137850E+1
-1.234135E+1
-1.397893E+1
-2.000005E+1
-2.000005E+1
-2.000005E+1
-2.000005E+1
-2.000005E+1
-2.000005E+1
-1.577380E+1
-1.479331E+1
-1.479331E+1
-1.761424E+1
-2.000005E+1
-2.000005E+1
-2.000005E+1
-2.000005E+1
-2.000005E+1
-2.000005E+1
-2.000005E+1
-2.000005E+1
-2.000005E+1
-2.000005E+1
-2.000005E+1
-2.000005E+1
-2.000005E+1
-2.000005E+1
-2.000005E+1
-2.000005E+1
-1.426852E+1
-1.261330E+1
-1.183273E+1
-1.133734E+1
-1.103746E+1
-1.086841E+1
-1.071259E+1
-1.059499E+1
-1.043035E+1
-1.025248E+1
-1.002169E+1
-9.811478E+0
-9.621848E+0
-9.496898E+0
-9.463088E+0
-9.496898E+0
-9.658598E+0
-9.955538E+0
-1.037743E+1
-1.096837E+1
-1.173277E+1
-1.276324E+1
-1.426852E+1
-1.610896E+1
-2.000005E+1
-2.000005E+1
-2.000005E+1
-1.849477E+1
-1.849477E+1
-2.000005E+1
-2.000005E+1
-2.000005E+1
-2.000005E+1
-2.000005E+1
-2.000005E+1
-2.000005E+1
-2.000005E+1
-2.000005E+1
-2.000005E+1
-2.000005E+1
-2.000005E+1
-2.000005E+1
-2.000005E+1
-2.000005E+1
-2.000005E+1
-1.698949E+1
-1.215907E+1
-1.093456E+1
-1.027747E+1
-9.914378E+0
-9.714458E+0
-9.639488E+0
-9.602738E+0
-9.621848E+0
-9.621848E+0
-9.602738E+0
-9.532178E+0
-9.463088E+0
-9.379298E+0
-9.346958E+0
-9.346958E+0
-9.396938E+0
-9.496898E+0
-9.676238E+0
-9.893798E+0
-1.015693E+1
-1.048327E+1
-1.090222E+1
-1.146082E+1
-1.240750E+1
-1.443022E+1
-2.000005E+1
-2.000005E+1
-2.000005E+1
-2.000005E+1
-2.000005E+1
-2.000005E+1
-2.000005E+1
-2.000005E+1
-2.000005E+1
-2.000005E+1
-2.000005E+1
-1.849477E+1
-1.284262E+1
-1.154902E+1
-1.080520E+1
-1.030099E+1
-9.893798E+0
-9.514538E+0
-9.133808E+0
-8.758958E+0
-8.378228E+0
-8.026898E+0
-7.702028E+0
-7.438898E+0
-7.236038E+0
-7.105208E+0
-7.055228E+0
-7.094918E+0
-7.216928E+0
-7.419788E+0
-7.709378E+0
-8.053358E+0
-8.429678E+0
-8.772188E+0
-8.992688E+0
-9.061778E+0
-8.977988E+0
-8.808938E+0
-8.594318E+0
-8.409098E+0
-8.287088E+0
-8.219468E+0
-8.219468E+0
-8.257688E+0
-8.347358E+0
-8.472308E+0
-8.616368E+0
-8.772188E+0
-8.964758E+0
-9.207308E+0
-9.514538E+0
-9.934958E+0
-1.056706E+1
-1.163869E+1
-1.411858E+1
-2.000005E+1
-2.000005E+1
-2.000005E+1
-2.000005E+1
-2.000005E+1
-2.000005E+1
-2.000005E+1
-2.000005E+1
-2.000005E+1
-2.000005E+1
-2.000005E+1
-2.000005E+1
-1.460368E+1
-1.178275E+1
-1.074346E+1
-1.013341E+1
-9.752678E+0
-9.480728E+0
-9.299918E+0
-9.163208E+0
-9.047078E+0
-8.964758E+0
-8.938298E+0
-8.977988E+0
-9.104408E+0
-9.316088E+0
-9.676238E+0
-1.018045E+1
-1.093456E+1
-1.204441E+1
-1.384663E+1
-2.000005E+1
-2.000005E+1
-2.000005E+1
-2.000005E+1
-2.000005E+1
-1.698949E+1
-1.397893E+1
-1.268680E+1
-1.193563E+1
-1.146082E+1
-1.110802E+1
-1.090222E+1
-1.074346E+1
-1.062439E+1
-1.051120E+1
-1.037743E+1
-1.018045E+1
-9.914378E+0
-9.621848E+0
-9.283748E+0
-8.951528E+0
-8.651648E+0
-8.398808E+0
-8.219468E+0
-8.097458E+0
-8.053358E+0
-8.079818E+0
-8.200358E+0
-8.388518E+0
-8.651648E+0
-9.005918E+0
-9.429278E+0
-9.955538E+0
-1.062439E+1
-1.150492E+1
-1.301020E+1
-2.000005E+1
-2.000005E+1
-2.000005E+1
-2.000005E+1
-2.000005E+1
-2.000005E+1
-2.000005E+1
-2.000005E+1
-2.000005E+1
-2.000005E+1
-2.000005E+1
-2.000005E+1
-2.000005E+1
-2.000005E+1
-2.000005E+1
-2.000005E+1
-2.000005E+1
-2.000005E+1
-2.000005E+1
-2.000005E+1
-2.000005E+1
-2.000005E+1
-2.000005E+1
-2.000005E+1
-2.000005E+1
-1.276324E+1
-1.107274E+1
-1.045681E+1
-1.020397E+1
-1.018045E+1
-1.022749E+1
-1.022749E+1
-1.013341E+1
-9.914378E+0
-9.602738E+0
-9.283748E+0
-8.992688E+0
-8.772188E+0
-8.604608E+0
-8.516408E+0
-8.482598E+0
-8.494358E+0
-8.548748E+0
-8.663408E+0
-8.833928E+0
-9.075008E+0
-9.413108E+0
-9.873218E+0
-1.051120E+1
-1.146082E+1
-1.284262E+1
-1.577380E+1
-2.000005E+1
-2.000005E+1
-2.000005E+1
-2.000005E+1
-2.000005E+1
-2.000005E+1
-2.000005E+1
-2.000005E+1
-2.000005E+1
-2.000005E+1
-2.000005E+1
-2.000005E+1
-2.000005E+1
-2.000005E+1
-2.000005E+1
-2.000005E+1
-2.000005E+1
-2.000005E+1
-2.000005E+1
-2.000005E+1
-1.479331E+1
-1.301020E+1
-1.204441E+1
-1.146082E+1
-1.096837E+1
-1.062439E+1
-1.030099E+1
-1.002169E+1
-9.773258E+0
-9.532178E+0
-9.299918E+0
-9.089708E+0
-8.925068E+0
-8.795708E+0
-8.710448E+0
-8.675168E+0
-8.675168E+0
-8.722208E+0
-8.808938E+0
-8.925068E+0
-9.075008E+0
-9.238178E+0
-9.429278E+0
-9.639488E+0
-9.852638E+0
-1.008784E+1
-1.025248E+1
-1.032745E+1
-1.022749E+1
-9.999638E+0
-9.695348E+0
-9.379298E+0
-9.061778E+0
-8.822168E+0
-8.663408E+0
-8.594318E+0
-8.651648E+0
-8.822168E+0
-9.133808E+0
-9.639488E+0
-1.048327E+1
-1.204441E+1
-2.000005E+1
-2.000005E+1
-2.000005E+1
-2.000005E+1
-2.000005E+1
-2.000005E+1
-2.000005E+1
-2.000005E+1
-2.000005E+1
-2.000005E+1
-2.000005E+1
-2.000005E+1
-2.000005E+1
-2.000005E+1
-2.000005E+1
-2.000005E+1
-2.000005E+1
-2.000005E+1
-2.000005E+1
-2.000005E+1
-2.000005E+1
-2.000005E+1
-2.000005E+1
-2.000005E+1
-2.000005E+1
-2.000005E+1
-1.698949E+1
-1.411858E+1
-1.301020E+1
-1.221787E+1
-1.168573E+1
-1.133734E+1
-1.114477E+1
-1.107274E+1
-1.118152E+1
-1.150492E+1
-1.215907E+1
-1.360555E+1
-2.000005E+1
-2.000005E+1
-2.000005E+1
-2.000005E+1
-2.000005E+1
-2.000005E+1
-2.000005E+1
-2.000005E+1
-2.000005E+1
-2.000005E+1
-2.000005E+1
-1.499911E+1
-1.227961E+1
-1.114477E+1
-1.045681E+1
-9.999638E+0
-9.658598E+0
-9.413108E+0
-9.222008E+0
-9.075008E+0
-8.964758E+0
-8.858918E+0
-8.783948E+0
-8.710448E+0
-8.663408E+0
-8.651648E+0
-8.663408E+0
-8.722208E+0
-8.847158E+0
-9.033848E+0
-9.316088E+0
-9.714458E+0
-1.025248E+1
-1.093456E+1
-1.173277E+1
-1.240750E+1
-1.261330E+1
-1.215907E+1
-1.129765E+1
-1.048327E+1
-9.792368E+0
-9.283748E+0
-8.911838E+0
-8.686928E+0
-8.570798E+0
-8.548748E+0
-8.582558E+0
-8.639888E+0
-8.686928E+0
-8.710448E+0
-8.686928E+0
-8.616368E+0
-8.538458E+0
-8.472308E+0
-8.462018E+0
-8.526698E+0
-8.675168E+0
-8.911838E+0
-9.269048E+0
-9.752678E+0
-1.040389E+1
-1.125796E+1
-1.247365E+1
-1.460368E+1
-2.000005E+1
-2.000005E+1
-2.000005E+1
-2.000005E+1
-2.000005E+1
-2.000005E+1
-2.000005E+1
-2.000005E+1
-2.000005E+1
-2.000005E+1
-2.000005E+1
-2.000005E+1
-2.000005E+1
-2.000005E+1
-2.000005E+1
-2.000005E+1
-1.254274E+1
-1.083607E+1
-9.977588E+0
-9.463088E+0
-9.089708E+0
-8.808938E+0
-8.570798E+0
-8.326778E+0
-8.079818E+0
-7.818158E+0
-7.569728E+0
-7.347758E+0
-7.181648E+0
-7.071398E+0
-7.037588E+0
-7.089038E+0
-7.236038E+0
-7.480058E+0
-7.841678E+0
-8.337068E+0
-8.992688E+0
-9.852638E+0
-1.103746E+1
-1.309840E+1
-2.000005E+1
-2.000005E+1
-2.000005E+1
-2.000005E+1
-2.000005E+1
-2.000005E+1
-2.000005E+1
-2.000005E+1
-2.000005E+1
-2.000005E+1
-2.000005E+1
-2.000005E+1
-2.000005E+1
-2.000005E+1
-2.000005E+1
-2.000005E+1
-2.000005E+1
-2.000005E+1
-2.000005E+1
-2.000005E+1
-2.000005E+1
-2.000005E+1
-2.000005E+1
-2.000005E+1
-2.000005E+1
-2.000005E+1
-2.000005E+1
-2.000005E+1
-2.000005E+1
-2.000005E+1
-2.000005E+1
-2.000005E+1
-2.000005E+1
-2.000005E+1
-1.499911E+1
-1.146082E+1
-1.048327E+1
-1.013341E+1
-1.015693E+1
-1.051120E+1
-1.118152E+1
-1.240750E+1
-1.499911E+1
-2.000005E+1
-2.000005E+1
-2.000005E+1
-2.000005E+1
-1.384663E+1
-1.178275E+1
-1.068319E+1
-9.977588E+0
-9.496898E+0
-9.192608E+0
-9.061778E+0
-9.075008E+0
-9.222008E+0
-9.532178E+0
-1.002169E+1
-1.074346E+1
-1.188271E+1
-1.411858E+1
-2.000005E+1
-2.000005E+1
-2.000005E+1
-2.000005E+1
-2.000005E+1
-2.000005E+1
-2.000005E+1
-2.000005E+1
-2.000005E+1
-2.000005E+1
-2.000005E+1
-2.000005E+1
-2.000005E+1
-2.000005E+1
-2.000005E+1
-2.000005E+1
-2.000005E+1
-2.000005E+1
-2.000005E+1
-2.000005E+1
-2.000005E+1
-2.000005E+1
-2.000005E+1
-2.000005E+1
-2.000005E+1
-2.000005E+1
-1.610896E+1
-1.319101E+1
-1.215907E+1
-1.159312E+1
-1.121974E+1
-1.103746E+1
-1.100218E+1
-1.114477E+1
-1.141966E+1
-1.193563E+1
-1.292494E+1
-1.577380E+1
-2.000005E+1
-2.000005E+1
-2.000005E+1
-2.000005E+1
-2.000005E+1
-2.000005E+1
-2.000005E+1
-2.000005E+1
-2.000005E+1
-2.000005E+1
-2.000005E+1
-2.000005E+1
-2.000005E+1
-2.000005E+1
-2.000005E+1
-2.000005E+1
-1.372315E+1
-1.227961E+1
-1.150492E+1
-1.096837E+1
-1.059499E+1
-1.032745E+1
-1.015693E+1
-1.006579E+1
-1.004374E+1
-1.010989E+1
-1.030099E+1
-1.065379E+1
-1.121974E+1
-1.215907E+1
-1.384663E+1
-2.000005E+1
-2.000005E+1
-2.000005E+1
-2.000005E+1
-2.000005E+1
-2.000005E+1
-2.000005E+1
-2.000005E+1
-2.000005E+1
-2.000005E+1
-2.000005E+1
-2.000005E+1
-2.000005E+1
-2.000005E+1
-2.000005E+1
-2.000005E+1
-2.000005E+1
-2.000005E+1
-2.000005E+1
-2.000005E+1
-2.000005E+1
-2.000005E+1
-1.426852E+1
-1.188271E+1
-1.086841E+1
-1.030099E+1
-9.999638E+0
-9.893798E+0
-9.914378E+0
-1.006579E+1
-1.025248E+1
-1.045681E+1
-1.056706E+1
-1.051120E+1
-1.025248E+1
-9.873218E+0
-9.446918E+0
-9.033848E+0
-8.675168E+0
-8.398808E+0
-8.200358E+0
-8.088638E+0
-8.062178E+0
-8.097458E+0
-8.219468E+0
-8.398808E+0
-8.639888E+0
-8.938298E+0
-9.283748E+0
-9.676238E+0
-1.015693E+1
-1.077433E+1
-1.163869E+1
-1.328803E+1
-2.000005E+1
-2.000005E+1
-2.000005E+1
-2.000005E+1
-2.000005E+1
-2.000005E+1
-2.000005E+1
-2.000005E+1
-2.000005E+1
-2.000005E+1
-2.000005E+1
-2.000005E+1
-2.000005E+1
-2.000005E+1
-2.000005E+1
-2.000005E+1
-2.000005E+1
-2.000005E+1
-2.000005E+1
-2.000005E+1
-2.000005E+1
-2.000005E+1
-2.000005E+1
-2.000005E+1
-2.000005E+1
-2.000005E+1
-1.301020E+1
-1.141966E+1
-1.048327E+1
-9.914378E+0
-9.567458E+0
-9.396938E+0
-9.396938E+0
-9.567458E+0
-9.955538E+0
-1.065379E+1
-1.193563E+1
-1.548421E+1
-2.000005E+1
-2.000005E+1
-2.000005E+1
-2.000005E+1
-2.000005E+1
-2.000005E+1
-2.000005E+1
-2.000005E+1
-1.522843E+1
-1.328803E+1
-1.276324E+1
-1.284262E+1
-1.360555E+1
-1.650439E+1
-2.000005E+1
-2.000005E+1
-2.000005E+1
-2.000005E+1
-2.000005E+1
-2.000005E+1
-2.000005E+1
-2.000005E+1
-2.000005E+1
-2.000005E+1
-2.000005E+1
-2.000005E+1
-2.000005E+1
-2.000005E+1
-2.000005E+1
-2.000005E+1
-2.000005E+1
-2.000005E+1
-2.000005E+1
-2.000005E+1
-2.000005E+1
-2.000005E+1
-2.000005E+1
-2.000005E+1
-2.000005E+1
-2.000005E+1
-2.000005E+1
-2.000005E+1
-2.000005E+1
-2.000005E+1
-1.577380E+1
-1.204441E+1
-1.077433E+1
-1.004374E+1
-9.621848E+0
-9.396938E+0
-9.330788E+0
-9.396938E+0
-9.567458E+0
-9.852638E+0
-1.025248E+1
-1.071259E+1
-1.118152E+1
-1.150492E+1
-1.163869E+1
-1.154902E+1
-1.125796E+1
-1.096837E+1
-1.071259E+1
-1.051120E+1
-1.045681E+1
-1.045681E+1
-1.051120E+1
-1.053913E+1
-1.051120E+1
-1.037743E+1
-1.015693E+1
-9.873218E+0
-9.602738E+0
-9.346958E+0
-9.163208E+0
-9.061778E+0
-9.047078E+0
-9.089708E+0
-9.207308E+0
-9.379298E+0
-9.585098E+0
-9.733568E+0
-9.832058E+0
-9.792368E+0
-9.639488E+0
-9.396938E+0
-9.104408E+0
-8.808938E+0
-8.570798E+0
-8.398808E+0
-8.297378E+0
-8.287088E+0
-8.367938E+0
-8.538458E+0
-8.772188E+0
-9.075008E+0
-9.429278E+0
-9.773258E+0
-1.004374E+1
-1.020397E+1
-1.020397E+1
-1.006579E+1
-9.832058E+0
-9.549818E+0
-9.316088E+0
-9.119108E+0
-9.005918E+0
-8.977988E+0
-9.089708E+0
-9.346958E+0
-9.832058E+0
-1.068319E+1
-1.234135E+1
-2.000005E+1
-2.000005E+1
-2.000005E+1
-2.000005E+1
-2.000005E+1
-2.000005E+1
-2.000005E+1
-2.000005E+1
-2.000005E+1
-2.000005E+1
-2.000005E+1
-2.000005E+1
-2.000005E+1
-2.000005E+1
-2.000005E+1
-2.000005E+1
-2.000005E+1
-2.000005E+1
-2.000005E+1
-2.000005E+1
-2.000005E+1
-2.000005E+1
-2.000005E+1
-2.000005E+1
-2.000005E+1
-2.000005E+1
-2.000005E+1
-2.000005E+1
-2.000005E+1
-1.349383E+1
-1.183273E+1
-1.103746E+1
-1.062439E+1
-1.051120E+1
-1.068319E+1
-1.118152E+1
-1.234135E+1
-1.698949E+1
-2.000005E+1
-2.000005E+1
-2.000005E+1
-2.000005E+1
-2.000005E+1
-2.000005E+1
-2.000005E+1
-2.000005E+1
-2.000005E+1
-2.000005E+1
-2.000005E+1
-2.000005E+1
-2.000005E+1
-2.000005E+1
-2.000005E+1
-2.000005E+1
-1.372315E+1
-1.193563E+1
-1.086841E+1
-1.018045E+1
-9.695348E+0
-9.379298E+0
-9.177908E+0
-9.089708E+0
-9.089708E+0
-9.192608E+0
-9.363128E+0
-9.621848E+0
-9.934958E+0
-1.032745E+1
-1.080520E+1
-1.133734E+1
-1.198855E+1
-1.276324E+1
-1.372315E+1
-1.479331E+1
-1.548421E+1
-1.522843E+1
-1.397893E+1
-1.276324E+1
-1.168573E+1
-1.080520E+1
-1.013341E+1
-9.639488E+0
-9.330788E+0
-9.148508E+0
-9.119108E+0
-9.238178E+0
-9.514538E+0
-9.977588E+0
-1.059499E+1
-1.141966E+1
-1.240750E+1
-1.328803E+1
-1.372315E+1
-1.328803E+1
-1.254274E+1
-1.193563E+1
-1.159312E+1
-1.159312E+1
-1.193563E+1
-1.301020E+1
-1.849477E+1
-2.000005E+1
-2.000005E+1
-2.000005E+1
-2.000005E+1
-2.000005E+1
-2.000005E+1
-2.000005E+1
-2.000005E+1
-2.000005E+1
-2.000005E+1
-2.000005E+1
-2.000005E+1
-2.000005E+1
-2.000005E+1
-2.000005E+1
-2.000005E+1
-2.000005E+1
-2.000005E+1
-2.000005E+1
-2.000005E+1
-2.000005E+1
-2.000005E+1
-2.000005E+1
-2.000005E+1
-2.000005E+1
-2.000005E+1
-2.000005E+1
-2.000005E+1
-2.000005E+1
-2.000005E+1
-1.499911E+1
-1.338799E+1
-1.234135E+1
-1.159312E+1
-1.096837E+1
-1.051120E+1
-1.013341E+1
-9.852638E+0
-9.658598E+0
-9.514538E+0
-9.429278E+0
-9.379298E+0
-9.346958E+0
-9.346958E+0
-9.363128E+0
-9.429278E+0
-9.514538E+0
-9.658598E+0
-9.852638E+0
-1.006579E+1
-1.030099E+1
-1.051120E+1
-1.068319E+1
-1.074346E+1
-1.071259E+1
-1.059499E+1
-1.043035E+1
-1.025248E+1
-1.010989E+1
-9.999638E+0
-9.934958E+0
-9.893798E+0
-9.893798E+0
-9.934958E+0
-1.002169E+1
-1.013341E+1
-1.027747E+1
-1.048327E+1
-1.077433E+1
-1.125796E+1
-1.198855E+1
-1.338799E+1
-2.000005E+1
-2.000005E+1
-2.000005E+1
-2.000005E+1
-2.000005E+1
-2.000005E+1
-2.000005E+1
-2.000005E+1
-2.000005E+1
-2.000005E+1
-2.000005E+1
-2.000005E+1
-2.000005E+1
-2.000005E+1
-2.000005E+1
-2.000005E+1
-2.000005E+1
-2.000005E+1
-2.000005E+1
-2.000005E+1
-2.000005E+1
-2.000005E+1
-2.000005E+1
-2.000005E+1
-2.000005E+1
-2.000005E+1
-2.000005E+1
-2.000005E+1
-2.000005E+1
-2.000005E+1
-2.000005E+1
-2.000005E+1
-2.000005E+1
-2.000005E+1
-2.000005E+1
-2.000005E+1
-2.000005E+1
-2.000005E+1
-2.000005E+1
-2.000005E+1
-2.000005E+1
-2.000005E+1
-1.397893E+1
-1.247365E+1
-1.159312E+1
-1.090222E+1
-1.037743E+1
-9.955538E+0
-9.585098E+0
-9.316088E+0
-9.089708E+0
-8.951528E+0
-8.858918E+0
-8.833928E+0
-8.833928E+0
-8.872148E+0
-8.911838E+0
-8.938298E+0
-8.925068E+0
-8.872148E+0
-8.772188E+0
-8.639888E+0
-8.494358E+0
-8.357648E+0
-8.247398E+0
-8.181248E+0
-8.162138E+0
-8.209178E+0
-8.337068E+0
-8.548748E+0
-8.847158E+0
-9.252878E+0
-9.752678E+0
-1.040389E+1
-1.121974E+1
-1.234135E+1
-1.397893E+1
-2.000005E+1
-2.000005E+1
-2.000005E+1
-2.000005E+1
-2.000005E+1
-2.000005E+1
-2.000005E+1
-2.000005E+1
-2.000005E+1
-2.000005E+1
-2.000005E+1
-1.577380E+1
-1.254274E+1
-1.121974E+1
-1.045681E+1
-9.955538E+0
-9.621848E+0
-9.446918E+0
-9.396938E+0
-9.463088E+0
-9.639488E+0
-9.934958E+0
-1.035244E+1
-1.090222E+1
-1.146082E+1
-1.204441E+1
-1.247365E+1
-1.261330E+1
-1.247365E+1
-1.215907E+1
-1.178275E+1
-1.141966E+1
-1.118152E+1
-1.103746E+1
-1.096837E+1
-1.096837E+1
-1.110802E+1
-1.137850E+1
-1.183273E+1
-1.254274E+1
-1.372315E+1
-1.650439E+1
-2.000005E+1
-2.000005E+1
-2.000005E+1
-2.000005E+1
-2.000005E+1
-2.000005E+1
-2.000005E+1
-2.000005E+1
-2.000005E+1
-2.000005E+1
-2.000005E+1
-2.000005E+1
-2.000005E+1
-2.000005E+1
-2.000005E+1
-2.000005E+1
-2.000005E+1
-2.000005E+1
-2.000005E+1
-2.000005E+1
-2.000005E+1
-2.000005E+1
-2.000005E+1
-2.000005E+1
-1.268680E+1
-1.093456E+1
-1.004374E+1
-9.514538E+0
-9.207308E+0
-9.075008E+0
-9.104408E+0
-9.252878E+0
-9.496898E+0
-9.811478E+0
-1.015693E+1
-1.043035E+1
-1.059499E+1
-1.056706E+1
-1.040389E+1
-1.018045E+1
-9.977588E+0
-9.811478E+0
-9.714458E+0
-9.676238E+0
-9.695348E+0
-9.811478E+0
-1.002169E+1
-1.032745E+1
-1.080520E+1
-1.146082E+1
-1.254274E+1
-1.479331E+1
-2.000005E+1
-2.000005E+1
-2.000005E+1
-2.000005E+1
-2.000005E+1
-2.000005E+1
-2.000005E+1
-2.000005E+1
-2.000005E+1
-2.000005E+1
-2.000005E+1
-2.000005E+1
-2.000005E+1
-2.000005E+1
-2.000005E+1
-2.000005E+1
-2.000005E+1
-2.000005E+1
-2.000005E+1
-2.000005E+1
-2.000005E+1
-2.000005E+1
-2.000005E+1
-2.000005E+1
-2.000005E+1
-2.000005E+1
-2.000005E+1
-2.000005E+1
-2.000005E+1
-2.000005E+1
-2.000005E+1
-2.000005E+1
-2.000005E+1
-2.000005E+1
-2.000005E+1
-2.000005E+1
-2.000005E+1
-2.000005E+1
-2.000005E+1
-2.000005E+1
-2.000005E+1
-2.000005E+1
-2.000005E+1
-2.000005E+1
-2.000005E+1
-2.000005E+1
-2.000005E+1
-1.650439E+1
-1.460368E+1
-1.426852E+1
-1.443022E+1
-1.443022E+1
-1.443022E+1
-1.397893E+1
-1.338799E+1
-1.268680E+1
-1.210027E+1
-1.154902E+1
-1.110802E+1
-1.077433E+1
-1.053913E+1
-1.040389E+1
-1.032745E+1
-1.035244E+1
-1.048327E+1
-1.071259E+1
-1.110802E+1
-1.163869E+1
-1.227961E+1
-1.292494E+1
-1.360555E+1
-1.372315E+1
-1.328803E+1
-1.254274E+1
-1.188271E+1
-1.137850E+1
-1.107274E+1
-1.093456E+1
-1.096837E+1
-1.125796E+1
-1.178275E+1
-1.276324E+1
-1.499911E+1
-2.000005E+1
-2.000005E+1
-2.000005E+1
-2.000005E+1
-2.000005E+1
-2.000005E+1
-2.000005E+1
-1.479331E+1
-1.204441E+1
-1.077433E+1
-9.999638E+0
-9.463088E+0
-9.119108E+0
-8.911838E+0
-8.808938E+0
-8.795708E+0
-8.858918E+0
-8.992688E+0
-9.192608E+0
-9.446918E+0
-9.752678E+0
-1.013341E+1
-1.056706E+1
-1.107274E+1
-1.168573E+1
-1.247365E+1
-1.372315E+1
-1.650439E+1
-2.000005E+1
-2.000005E+1
-2.000005E+1
-2.000005E+1
-2.000005E+1
-2.000005E+1
-2.000005E+1
-2.000005E+1
-2.000005E+1
-2.000005E+1
-2.000005E+1
-2.000005E+1
-2.000005E+1
-2.000005E+1
-2.000005E+1
-2.000005E+1
-2.000005E+1
-2.000005E+1
-2.000005E+1
-2.000005E+1
-2.000005E+1
-2.000005E+1
-1.548421E+1
-1.276324E+1
-1.183273E+1
-1.141966E+1
-1.114477E+1
-1.096837E+1
-1.080520E+1
-1.068319E+1
-1.056706E+1
-1.051120E+1
-1.056706E+1
-1.074346E+1
-1.110802E+1
-1.188271E+1
-1.338799E+1
-2.000005E+1
-2.000005E+1
-2.000005E+1
-2.000005E+1
-2.000005E+1
-2.000005E+1
-2.000005E+1
-1.761424E+1
-1.360555E+1
-1.261330E+1
-1.240750E+1
-1.276324E+1
-1.397893E+1
-2.000005E+1
-2.000005E+1
-2.000005E+1
-2.000005E+1
-2.000005E+1
-2.000005E+1
-2.000005E+1
-1.349383E+1
-1.107274E+1
-9.873218E+0
-9.089708E+0
-8.548748E+0
-8.181248E+0
-7.948988E+0
-7.825508E+0
-7.801988E+0
-7.874018E+0
-8.026898E+0
-8.276798E+0
-8.639888E+0
-9.133808E+0
-9.852638E+0
-1.090222E+1
-1.301020E+1
-2.000005E+1
-2.000005E+1
-2.000005E+1
-2.000005E+1
-2.000005E+1
-2.000005E+1
-2.000005E+1
-2.000005E+1
-2.000005E+1
-1.761424E+1
-1.360555E+1
-1.240750E+1
-1.159312E+1
-1.093456E+1
-1.025248E+1
-9.621848E+0
-9.019148E+0
-8.504648E+0
-8.079818E+0
-7.747598E+0
-7.513868E+0
-7.374218E+0
-7.322768E+0
-7.341878E+0
-7.419788E+0
-7.549148E+0
-7.716728E+0
-7.915178E+0
-8.143028E+0
-8.398808E+0
-8.698688E+0
-9.061778E+0
-9.567458E+0
-1.022749E+1
-1.121974E+1
-1.309840E+1
-2.000005E+1
-2.000005E+1
-2.000005E+1
-2.000005E+1
-2.000005E+1
-2.000005E+1
-2.000005E+1
-2.000005E+1
-2.000005E+1
-1.577380E+1
-1.372315E+1
-1.319101E+1
-1.338799E+1
-1.426852E+1
-1.761424E+1
-2.000005E+1
-2.000005E+1
-2.000005E+1
-2.000005E+1
-2.000005E+1
-2.000005E+1
-1.479331E+1
-1.301020E+1
-1.215907E+1
-1.159312E+1
-1.125796E+1
-1.103746E+1
-1.090222E+1
-1.083607E+1
-1.080520E+1
-1.083607E+1
-1.093456E+1
-1.110802E+1
-1.137850E+1
-1.163869E+1
-1.193563E+1
-1.221787E+1
-1.240750E+1
-1.234135E+1
-1.210027E+1
-1.178275E+1
-1.137850E+1
-1.096837E+1
-1.056706E+1
-1.020397E+1
-9.914378E+0
-9.658598E+0
-9.429278E+0
-9.269048E+0
-9.163208E+0
-9.119108E+0
-9.148508E+0
-9.238178E+0
-9.429278E+0
-9.752678E+0
-1.022749E+1
-1.090222E+1
-1.198855E+1
-1.443022E+1
-2.000005E+1
-2.000005E+1
-2.000005E+1
-2.000005E+1
-2.000005E+1
-2.000005E+1
-2.000005E+1
-2.000005E+1
-2.000005E+1
-2.000005E+1
-2.000005E+1
-2.000005E+1
-2.000005E+1
-1.319101E+1
-1.141966E+1
-1.059499E+1
-1.010989E+1
-9.832058E+0
-9.714458E+0
-9.695348E+0
-9.752678E+0
-9.893798E+0
-1.008784E+1
-1.037743E+1
-1.074346E+1
-1.129765E+1
-1.227961E+1
-1.443022E+1
-2.000005E+1
-2.000005E+1
-2.000005E+1
-2.000005E+1
-2.000005E+1
-2.000005E+1
-2.000005E+1
-2.000005E+1
-2.000005E+1
-2.000005E+1
-2.000005E+1
-2.000005E+1
-2.000005E+1
-2.000005E+1
-2.000005E+1
-2.000005E+1
-2.000005E+1
-2.000005E+1
-2.000005E+1
-2.000005E+1
-2.000005E+1
-1.761424E+1
-1.411858E+1
-1.284262E+1
-1.215907E+1
-1.183273E+1
-1.173277E+1
-1.193563E+1
-1.268680E+1
-1.460368E+1
-2.000005E+1
-2.000005E+1
-2.000005E+1
-2.000005E+1
-2.000005E+1
-2.000005E+1
-2.000005E+1
-2.000005E+1
-2.000005E+1
-2.000005E+1
-2.000005E+1
-2.000005E+1
-2.000005E+1
-2.000005E+1
-2.000005E+1
-2.000005E+1
-2.000005E+1
-1.849477E+1
-1.426852E+1
-1.309840E+1
-1.240750E+1
-1.198855E+1
-1.173277E+1
-1.154902E+1
-1.129765E+1
-1.103746E+1
-1.074346E+1
-1.037743E+1
-9.955538E+0
-9.532178E+0
-9.148508E+0
-8.795708E+0
-8.504648E+0
-8.276798E+0
-8.107748E+0
-8.000438E+0
-7.957808E+0
-7.957808E+0
-8.018078E+0
-8.116568E+0
-8.257688E+0
-8.462018E+0
-8.698688E+0
-8.951528E+0
-9.207308E+0
-9.413108E+0
-9.549818E+0
-9.549818E+0
-9.446918E+0
-9.269048E+0
-9.089708E+0
-8.938298E+0
-8.858918E+0
-8.872148E+0
-8.992688E+0
-9.222008E+0
-9.567458E+0
-9.999638E+0
-1.053913E+1
-1.114477E+1
-1.178275E+1
-1.240750E+1
-1.319101E+1
-1.479331E+1
-2.000005E+1
-2.000005E+1
-2.000005E+1
-2.000005E+1
-2.000005E+1
-2.000005E+1
-2.000005E+1
-2.000005E+1
-2.000005E+1
-2.000005E+1
-2.000005E+1
-2.000005E+1
-2.000005E+1
-2.000005E+1
-2.000005E+1
-2.000005E+1
-2.000005E+1
-2.000005E+1
-2.000005E+1
-2.000005E+1
-2.000005E+1
-2.000005E+1
-2.000005E+1
-2.000005E+1
-2.000005E+1
-2.000005E+1
-2.000005E+1
-2.000005E+1
-2.000005E+1
-2.000005E+1
-2.000005E+1
-2.000005E+1
-2.000005E+1
-2.000005E+1
-1.499911E+1
-1.284262E+1
-1.173277E+1
-1.100218E+1
-1.048327E+1
-1.008784E+1
-9.811478E+0
-9.658598E+0
-9.602738E+0
-9.658598E+0
-9.773258E+0
-9.955538E+0
-1.013341E+1
-1.030099E+1
-1.040389E+1
-1.032745E+1
-1.013341E+1
-9.811478E+0
-9.429278E+0
-9.019148E+0
-8.616368E+0
-8.257688E+0
-7.948988E+0
-7.709378E+0
-7.534448E+0
-7.425668E+0
-7.406558E+0
-7.466828E+0
-7.628528E+0
-7.899008E+0
-8.316488E+0
-8.925068E+0
-9.852638E+0
-1.146082E+1
-2.000005E+1
-2.000005E+1
-2.000005E+1
-2.000005E+1
