Date/Time	2022-06-24 01:30:34
Line location	3
Line name	C1
OTDR wavelength [nm]	1625
OTDR pulse duration [ns]	2
OTDR scan time [s]	10
OTDR scan length [m]	1.500000E+2
Length offset [m]	0.000000E+0
Length increment [m]	3.996806E-2
Switch ID	VIAVI Solutions,OTU 8000E,11654,FO,16.76
OTDR ID	JDSU,OTU 8000E,11654,OTU(SmartOTU),V7.22

Reflected amplitude [dB]
1.287022E+0
1.231162E+0
1.148842E+0
1.066522E+0
9.974320E-1
9.415720E-1
9.254020E-1
9.944920E-1
1.141492E+0
1.348762E+0
1.601602E+0
1.858852E+0
2.094052E+0
2.289562E+0
2.438032E+0
2.543872E+0
2.618842E+0
2.664412E+0
2.673232E+0
2.642362E+0
2.571802E+0
2.457142E+0
2.305732E+0
2.130802E+0
1.947052E+0
1.753012E+0
1.544272E+0
1.326712E+0
1.103272E+0
8.871820E-1
6.946120E-1
5.329120E-1
3.991420E-1
2.903620E-1
1.977520E-1
1.198420E-1
5.369200E-2
-5.108000E-3
-5.508800E-2
-1.006580E-1
-1.388780E-1
-1.712180E-1
-1.976780E-1
-2.182580E-1
-2.329580E-1
-2.432480E-1
-2.505980E-1
-2.564780E-1
-2.608880E-1
-2.682380E-1
-2.770580E-1
-2.888180E-1
-3.049880E-1
-3.240980E-1
-3.476180E-1
-3.726080E-1
-3.990680E-1
-4.269980E-1
-4.534580E-1
-4.799180E-1
-5.019680E-1
-5.210780E-1
-5.372480E-1
-5.490080E-1
-5.563580E-1
-5.578280E-1
-5.563580E-1
-5.490080E-1
-5.357780E-1
-5.181380E-1
-4.960880E-1
-4.681580E-1
-4.372880E-1
-4.020080E-1
-3.652580E-1
-3.285080E-1
-2.917580E-1
-2.594180E-1
-2.300180E-1
-2.094380E-1
-1.947380E-1
-1.873880E-1
-1.888580E-1
-1.991480E-1
-2.167880E-1
-2.403080E-1
-2.682380E-1
-3.005780E-1
-3.358580E-1
-3.696680E-1
-4.034780E-1
-4.343480E-1
-4.622780E-1
-4.872680E-1
-5.093180E-1
-5.284280E-1
-5.445980E-1
-5.592980E-1
-5.739980E-1
-5.901680E-1
-6.063380E-1
-6.225080E-1
-6.416180E-1
-6.592580E-1
-6.783680E-1
-6.945380E-1
-7.107080E-1
-7.254080E-1
-7.386380E-1
-7.503980E-1
-7.621580E-1
-7.753880E-1
-7.886180E-1
-8.018480E-1
-8.150780E-1
-8.253680E-1
-8.341880E-1
-8.371280E-1
-8.371280E-1
-8.312480E-1
-8.238980E-1
-8.136080E-1
-8.047880E-1
-7.959680E-1
-7.886180E-1
-7.842080E-1
-7.797980E-1
-7.768580E-1
-7.753880E-1
-7.709780E-1
-7.680380E-1
-7.636280E-1
-7.606880E-1
-7.562780E-1
-7.533380E-1
-7.503980E-1
-7.489280E-1
-7.503980E-1
-7.503980E-1
-7.518680E-1
-7.533380E-1
-7.533380E-1
-7.503980E-1
-7.445180E-1
-7.312880E-1
-7.151180E-1
-6.915980E-1
-6.621980E-1
-6.254480E-1
-5.695880E-1
-4.887380E-1
-3.858380E-1
-2.697080E-1
-1.550480E-1
-5.655800E-2
2.135200E-2
8.162200E-2
1.271920E-1
1.565920E-1
1.742320E-1
1.815820E-1
1.815820E-1
1.624720E-1
1.183720E-1
5.369200E-2
-1.686800E-2
-8.595800E-2
-1.506380E-1
-2.153180E-1
-2.755880E-1
-3.343880E-1
-3.887780E-1
-4.372880E-1
-4.799180E-1
-5.151980E-1
-5.431280E-1
-5.637080E-1
-5.784080E-1
-5.872280E-1
-5.931080E-1
-5.960480E-1
-5.975180E-1
-6.004580E-1
-6.019280E-1
-6.063380E-1
-6.092780E-1
-6.151580E-1
-6.195680E-1
-6.254480E-1
-6.327980E-1
-6.386780E-1
-6.460280E-1
-6.519080E-1
-6.592580E-1
-6.651380E-1
-6.710180E-1
-6.754280E-1
-6.783680E-1
-6.783680E-1
-6.783680E-1
-6.754280E-1
-6.710180E-1
-6.636680E-1
-6.563180E-1
-6.474980E-1
-6.386780E-1
-6.313280E-1
-6.225080E-1
-6.166280E-1
-6.107480E-1
-6.063380E-1
-6.004580E-1
-5.945780E-1
-5.842880E-1
-5.725280E-1
-5.563580E-1
-5.357780E-1
-5.151980E-1
-4.931480E-1
-4.710980E-1
-4.519880E-1
-4.358180E-1
-4.255280E-1
-4.196480E-1
-4.196480E-1
-4.255280E-1
-4.358180E-1
-4.490480E-1
-4.666880E-1
-4.843280E-1
-5.019680E-1
-5.196080E-1
-5.372480E-1
-5.534180E-1
-5.695880E-1
-5.828180E-1
-5.960480E-1
-6.063380E-1
-6.166280E-1
-6.239780E-1
-6.298580E-1
-6.327980E-1
-6.357380E-1
-6.372080E-1
-6.372080E-1
-6.386780E-1
-6.386780E-1
-6.386780E-1
-6.401480E-1
-6.430880E-1
-6.445580E-1
-6.474980E-1
-6.504380E-1
-6.548480E-1
-6.607280E-1
-6.666080E-1
-6.739580E-1
-6.842480E-1
-6.930680E-1
-7.004180E-1
-7.062980E-1
-7.092380E-1
-7.092380E-1
-7.062980E-1
-7.004180E-1
-6.915980E-1
-6.813080E-1
-6.724880E-1
-6.636680E-1
-6.563180E-1
-6.504380E-1
-6.445580E-1
-6.372080E-1
-6.298580E-1
-6.195680E-1
-6.092780E-1
-5.975180E-1
-5.872280E-1
-5.784080E-1
-5.710580E-1
-5.651780E-1
-5.637080E-1
-5.651780E-1
-5.681180E-1
-5.739980E-1
-5.828180E-1
-5.916380E-1
-6.033980E-1
-6.151580E-1
-6.298580E-1
-6.430880E-1
-6.563180E-1
-6.695480E-1
-6.813080E-1
-6.915980E-1
-7.004180E-1
-7.077680E-1
-7.136480E-1
-7.180580E-1
-7.209980E-1
-7.224680E-1
-7.239380E-1
-7.254080E-1
-7.254080E-1
-7.254080E-1
-7.239380E-1
-7.224680E-1
-7.209980E-1
-7.180580E-1
-7.151180E-1
-7.092380E-1
-7.018880E-1
-6.945380E-1
-6.842480E-1
-6.739580E-1
-6.636680E-1
-6.548480E-1
-6.460280E-1
-6.372080E-1
-6.313280E-1
-6.269180E-1
-6.225080E-1
-6.210380E-1
-6.195680E-1
-6.180980E-1
-6.180980E-1
-6.195680E-1
-6.210380E-1
-6.239780E-1
-6.269180E-1
-6.327980E-1
-6.386780E-1
-6.460280E-1
-6.548480E-1
-6.651380E-1
-6.754280E-1
-6.857180E-1
-6.945380E-1
-7.033580E-1
-7.092380E-1
-7.107080E-1
-7.092380E-1
-7.018880E-1
-6.915980E-1
-6.783680E-1
-6.621980E-1
-6.474980E-1
-6.342680E-1
-6.225080E-1
-6.151580E-1
-6.122180E-1
-6.136880E-1
-6.166280E-1
-6.239780E-1
-6.327980E-1
-6.430880E-1
-6.519080E-1
-6.607280E-1
-6.680780E-1
-6.739580E-1
-6.754280E-1
-6.768980E-1
-6.739580E-1
-6.710180E-1
-6.666080E-1
-6.621980E-1
-6.577880E-1
-6.548480E-1
-6.533780E-1
-6.533780E-1
-6.533780E-1
-6.548480E-1
-6.548480E-1
-6.563180E-1
-6.563180E-1
-6.563180E-1
-6.548480E-1
-6.519080E-1
-6.504380E-1
-6.474980E-1
-6.445580E-1
-6.430880E-1
-6.401480E-1
-6.386780E-1
-6.386780E-1
-6.372080E-1
-6.372080E-1
-6.372080E-1
-6.357380E-1
-6.357380E-1
-6.357380E-1
-6.372080E-1
-6.386780E-1
-6.401480E-1
-6.445580E-1
-6.489680E-1
-6.548480E-1
-6.592580E-1
-6.621980E-1
-6.636680E-1
-6.621980E-1
-6.592580E-1
-6.533780E-1
-6.460280E-1
-6.372080E-1
-6.283880E-1
-6.180980E-1
-6.078080E-1
-5.975180E-1
-5.857580E-1
-5.754680E-1
-5.651780E-1
-5.548880E-1
-5.460680E-1
-5.372480E-1
-5.313680E-1
-5.284280E-1
-5.284280E-1
-5.313680E-1
-5.357780E-1
-5.431280E-1
-5.534180E-1
-5.622380E-1
-5.725280E-1
-5.813480E-1
-5.916380E-1
-6.004580E-1
-6.092780E-1
-6.166280E-1
-6.239780E-1
-6.313280E-1
-6.372080E-1
-6.430880E-1
-6.489680E-1
-6.563180E-1
-6.636680E-1
-6.710180E-1
-6.798380E-1
-6.886580E-1
-6.974780E-1
-7.062980E-1
-7.136480E-1
-7.180580E-1
-7.180580E-1
-7.151180E-1
-7.092380E-1
-7.018880E-1
-6.915980E-1
-6.827780E-1
-6.739580E-1
-6.680780E-1
-6.651380E-1
-6.651380E-1
-6.695480E-1
-6.754280E-1
-6.857180E-1
-6.960080E-1
-7.062980E-1
-7.180580E-1
-7.268780E-1
-7.327580E-1
-7.342280E-1
-7.312880E-1
-7.239380E-1
-7.121780E-1
-6.960080E-1
-6.798380E-1
-6.636680E-1
-6.489680E-1
-6.357380E-1
-6.254480E-1
-6.166280E-1
-6.107480E-1
-6.033980E-1
-5.945780E-1
-5.857580E-1
-5.769380E-1
-5.666480E-1
-5.578280E-1
-5.519480E-1
-5.475380E-1
-5.475380E-1
-5.519480E-1
-5.578280E-1
-5.666480E-1
-5.784080E-1
-5.901680E-1
-6.019280E-1
-6.122180E-1
-6.225080E-1
-6.313280E-1
-6.401480E-1
-6.460280E-1
-6.533780E-1
-6.577880E-1
-6.607280E-1
-6.636680E-1
-6.621980E-1
-6.607280E-1
-6.563180E-1
-6.519080E-1
-6.474980E-1
-6.430880E-1
-6.401480E-1
-6.386780E-1
-6.386780E-1
-6.401480E-1
-6.430880E-1
-6.460280E-1
-6.489680E-1
-6.489680E-1
-6.489680E-1
-6.474980E-1
-6.445580E-1
-6.401480E-1
-6.372080E-1
-6.342680E-1
-6.342680E-1
-6.342680E-1
-6.357380E-1
-6.401480E-1
-6.430880E-1
-6.474980E-1
-6.519080E-1
-6.548480E-1
-6.577880E-1
-6.592580E-1
-6.607280E-1
-6.621980E-1
-6.651380E-1
-6.710180E-1
-6.783680E-1
-6.857180E-1
-6.945380E-1
-7.033580E-1
-7.092380E-1
-7.121780E-1
-7.121780E-1
-7.107080E-1
-7.062980E-1
-7.004180E-1
-6.945380E-1
-6.886580E-1
-6.842480E-1
-6.798380E-1
-6.754280E-1
-6.695480E-1
-6.651380E-1
-6.592580E-1
-6.533780E-1
-6.460280E-1
-6.401480E-1
-6.357380E-1
-6.313280E-1
-6.283880E-1
-6.269180E-1
-6.254480E-1
-6.254480E-1
-6.269180E-1
-6.269180E-1
-6.269180E-1
-6.254480E-1
-6.239780E-1
-6.225080E-1
-6.180980E-1
-6.122180E-1
-6.063380E-1
-5.989880E-1
-5.931080E-1
-5.872280E-1
-5.857580E-1
-5.857580E-1
-5.901680E-1
-5.975180E-1
-6.078080E-1
-6.210380E-1
-6.357380E-1
-6.519080E-1
-6.666080E-1
-6.813080E-1
-6.945380E-1
-7.048280E-1
-7.136480E-1
-7.180580E-1
-7.195280E-1
-7.195280E-1
-7.180580E-1
-7.151180E-1
-7.121780E-1
-7.092380E-1
-7.077680E-1
-7.077680E-1
-7.092380E-1
-7.121780E-1
-7.151180E-1
-7.180580E-1
-7.209980E-1
-7.224680E-1
-7.239380E-1
-7.254080E-1
-7.254080E-1
-7.254080E-1
-7.239380E-1
-7.224680E-1
-7.195280E-1
-7.165880E-1
-7.136480E-1
-7.092380E-1
-7.062980E-1
-7.048280E-1
-7.033580E-1
-7.033580E-1
-7.033580E-1
-7.048280E-1
-7.062980E-1
-7.077680E-1
-7.107080E-1
-7.136480E-1
-7.151180E-1
-7.180580E-1
-7.209980E-1
-7.254080E-1
-7.268780E-1
-7.298180E-1
-7.298180E-1
-7.283480E-1
-7.254080E-1
-7.209980E-1
-7.151180E-1
-7.077680E-1
-7.004180E-1
-6.930680E-1
-6.871880E-1
-6.827780E-1
-6.783680E-1
-6.754280E-1
-6.739580E-1
-6.724880E-1
-6.724880E-1
-6.710180E-1
-6.695480E-1
-6.680780E-1
-6.651380E-1
-6.592580E-1
-6.519080E-1
-6.430880E-1
-6.342680E-1
-6.239780E-1
-6.166280E-1
-6.107480E-1
-6.063380E-1
-6.063380E-1
-6.092780E-1
-6.136880E-1
-6.210380E-1
-6.283880E-1
-6.357380E-1
-6.430880E-1
-6.489680E-1
-6.548480E-1
-6.592580E-1
-6.636680E-1
-6.651380E-1
-6.666080E-1
-6.666080E-1
-6.666080E-1
-6.636680E-1
-6.592580E-1
-6.548480E-1
-6.504380E-1
-6.460280E-1
-6.430880E-1
-6.416180E-1
-6.416180E-1
-6.445580E-1
-6.474980E-1
-6.519080E-1
-6.592580E-1
-6.666080E-1
-6.739580E-1
-6.813080E-1
-6.886580E-1
-6.945380E-1
-6.989480E-1
-7.033580E-1
-7.048280E-1
-7.062980E-1
-7.048280E-1
-7.033580E-1
-7.018880E-1
-6.989480E-1
-6.960080E-1
-6.930680E-1
-6.886580E-1
-6.842480E-1
-6.798380E-1
-6.754280E-1
-6.695480E-1
-6.651380E-1
-6.607280E-1
-6.577880E-1
-6.533780E-1
-6.489680E-1
-6.460280E-1
-6.416180E-1
-6.372080E-1
-6.327980E-1
-6.283880E-1
-6.239780E-1
-6.180980E-1
-6.136880E-1
-6.092780E-1
-6.033980E-1
-5.975180E-1
-5.931080E-1
-5.886980E-1
-5.842880E-1
-5.798780E-1
-5.769380E-1
-5.754680E-1
-5.725280E-1
-5.695880E-1
-5.666480E-1
-5.637080E-1
-5.592980E-1
-5.578280E-1
-5.563580E-1
-5.578280E-1
-5.607680E-1
-5.666480E-1
-5.754680E-1
-5.857580E-1
-5.975180E-1
-6.107480E-1
-6.239780E-1
-6.372080E-1
-6.489680E-1
-6.607280E-1
-6.710180E-1
-6.813080E-1
-6.886580E-1
-6.945380E-1
-6.989480E-1
-7.018880E-1
-7.033580E-1
-7.033580E-1
-7.018880E-1
-6.989480E-1
-6.945380E-1
-6.901280E-1
-6.857180E-1
-6.827780E-1
-6.783680E-1
-6.768980E-1
-6.768980E-1
-6.768980E-1
-6.783680E-1
-6.783680E-1
-6.798380E-1
-6.813080E-1
-6.798380E-1
-6.798380E-1
-6.783680E-1
-6.754280E-1
-6.724880E-1
-6.710180E-1
-6.680780E-1
-6.666080E-1
-6.651380E-1
-6.651380E-1
-6.651380E-1
-6.666080E-1
-6.680780E-1
-6.695480E-1
-6.695480E-1
-6.695480E-1
-6.695480E-1
-6.666080E-1
-6.636680E-1
-6.607280E-1
-6.577880E-1
-6.563180E-1
-6.563180E-1
-6.577880E-1
-6.607280E-1
-6.636680E-1
-6.695480E-1
-6.739580E-1
-6.768980E-1
-6.798380E-1
-6.798380E-1
-6.768980E-1
-6.724880E-1
-6.666080E-1
-6.592580E-1
-6.504380E-1
-6.416180E-1
-6.342680E-1
-6.283880E-1
-6.254480E-1
-6.254480E-1
-6.298580E-1
-6.372080E-1
-6.489680E-1
-6.621980E-1
-6.798380E-1
-6.989480E-1
-7.195280E-1
-7.401080E-1
-7.592180E-1
-7.753880E-1
-7.886180E-1
-7.959680E-1
-7.989080E-1
-7.974380E-1
-7.900880E-1
-7.797980E-1
-7.650980E-1
-7.489280E-1
-7.342280E-1
-7.195280E-1
-7.062980E-1
-6.945380E-1
-6.857180E-1
-6.783680E-1
-6.754280E-1
-6.739580E-1
-6.739580E-1
-6.754280E-1
-6.783680E-1
-6.827780E-1
-6.871880E-1
-6.886580E-1
-6.886580E-1
-6.871880E-1
-6.827780E-1
-6.768980E-1
-6.695480E-1
-6.621980E-1
-6.577880E-1
-6.563180E-1
-6.577880E-1
-6.621980E-1
-6.680780E-1
-6.754280E-1
-6.842480E-1
-6.901280E-1
-6.930680E-1
-6.945380E-1
-6.930680E-1
-6.901280E-1
-6.871880E-1
-6.842480E-1
-6.827780E-1
-6.857180E-1
-6.901280E-1
-6.974780E-1
-7.077680E-1
-7.180580E-1
-7.268780E-1
-7.342280E-1
-7.386380E-1
-7.371680E-1
-7.312880E-1
-7.224680E-1
-7.092380E-1
-6.930680E-1
-6.768980E-1
-6.607280E-1
-6.474980E-1
-6.342680E-1
-6.239780E-1
-6.151580E-1
-6.092780E-1
-6.033980E-1
-5.989880E-1
-5.945780E-1
-5.901680E-1
-5.872280E-1
-5.828180E-1
-5.798780E-1
-5.769380E-1
-5.754680E-1
-5.739980E-1
-5.739980E-1
-5.754680E-1
-5.784080E-1
-5.828180E-1
-5.901680E-1
-5.989880E-1
-6.092780E-1
-6.210380E-1
-6.313280E-1
-6.430880E-1
-6.548480E-1
-6.636680E-1
-6.710180E-1
-6.768980E-1
-6.783680E-1
-6.783680E-1
-6.739580E-1
-6.680780E-1
-6.577880E-1
-6.474980E-1
-6.372080E-1
-6.254480E-1
-6.166280E-1
-6.078080E-1
-6.033980E-1
-6.004580E-1
-6.004580E-1
-6.019280E-1
-6.063380E-1
-6.122180E-1
-6.180980E-1
-6.239780E-1
-6.313280E-1
-6.372080E-1
-6.430880E-1
-6.489680E-1
-6.548480E-1
-6.607280E-1
-6.666080E-1
-6.724880E-1
-6.783680E-1
-6.827780E-1
-6.871880E-1
-6.886580E-1
-6.886580E-1
-6.871880E-1
-6.842480E-1
-6.783680E-1
-6.724880E-1
-6.666080E-1
-6.607280E-1
-6.563180E-1
-6.533780E-1
-6.519080E-1
-6.533780E-1
-6.548480E-1
-6.577880E-1
-6.592580E-1
-6.607280E-1
-6.621980E-1
-6.636680E-1
-6.636680E-1
-6.621980E-1
-6.607280E-1
-6.577880E-1
-6.533780E-1
-6.474980E-1
-6.401480E-1
-6.298580E-1
-6.195680E-1
-6.063380E-1
-5.945780E-1
-5.842880E-1
-5.754680E-1
-5.681180E-1
-5.651780E-1
-5.637080E-1
-5.666480E-1
-5.710580E-1
-5.798780E-1
-5.901680E-1
-6.033980E-1
-6.180980E-1
-6.327980E-1
-6.460280E-1
-6.577880E-1
-6.651380E-1
-6.695480E-1
-6.680780E-1
-6.607280E-1
-6.519080E-1
-6.386780E-1
-6.269180E-1
-6.136880E-1
-6.033980E-1
-5.960480E-1
-5.931080E-1
-5.916380E-1
-5.931080E-1
-5.975180E-1
-6.019280E-1
-6.063380E-1
-6.122180E-1
-6.166280E-1
-6.210380E-1
-6.239780E-1
-6.283880E-1
-6.327980E-1
-6.386780E-1
-6.460280E-1
-6.548480E-1
-6.651380E-1
-6.754280E-1
-6.871880E-1
-6.974780E-1
-7.077680E-1
-7.165880E-1
-7.224680E-1
-7.254080E-1
-7.254080E-1
-7.239380E-1
-7.195280E-1
-7.136480E-1
-7.062980E-1
-7.004180E-1
-6.945380E-1
-6.886580E-1
-6.857180E-1
-6.827780E-1
-6.813080E-1
-6.813080E-1
-6.813080E-1
-6.813080E-1
-6.798380E-1
-6.783680E-1
-6.739580E-1
-6.680780E-1
-6.592580E-1
-6.489680E-1
-6.372080E-1
-6.254480E-1
-6.122180E-1
-6.019280E-1
-5.945780E-1
-5.901680E-1
-5.916380E-1
-5.989880E-1
-6.122180E-1
-6.327980E-1
-6.621980E-1
-7.004180E-1
-7.445180E-1
-7.974380E-1
-8.591780E-1
-9.267980E-1
-1.000298E+0
-1.079678E+0
-1.161998E+0
-1.245788E+0
-1.328108E+0
-1.407488E+0
-1.480988E+0
-1.547138E+0
-1.602998E+0
-1.648568E+0
-1.685318E+0
-1.713248E+0
-1.733828E+0
-1.751468E+0
-1.766168E+0
-1.780868E+0
-1.795568E+0
-1.808798E+0
-1.824968E+0
-1.838198E+0
-1.851428E+0
-1.863188E+0
-1.873478E+0
-1.880828E+0
-1.885238E+0
-1.888178E+0
-1.889648E+0
-1.888178E+0
-1.885238E+0
-1.883768E+0
-1.882298E+0
-1.882298E+0
-1.885238E+0
-1.889648E+0
-1.895528E+0
-1.902878E+0
-1.910228E+0
-1.917578E+0
-1.923458E+0
-1.929338E+0
-1.932278E+0
-1.936688E+0
-1.942568E+0
-1.949918E+0
-1.957268E+0
-1.966088E+0
-1.976378E+0
-1.983728E+0
-1.989608E+0
-1.991078E+0
-1.989608E+0
-1.982258E+0
-1.973438E+0
-1.961678E+0
-1.946978E+0
-1.932278E+0
-1.919048E+0
-1.905818E+0
-1.895528E+0
-1.889648E+0
-1.885238E+0
-1.883768E+0
-1.885238E+0
-1.889648E+0
-1.894058E+0
-1.901408E+0
-1.908758E+0
-1.914638E+0
-1.921988E+0
-1.929338E+0
-1.935218E+0
-1.942568E+0
-1.948448E+0
-1.955798E+0
-1.964618E+0
-1.973438E+0
-1.980788E+0
-1.989608E+0
-1.996958E+0
-2.004308E+0
-2.010188E+0
-2.013128E+0
-2.014598E+0
-2.013128E+0
-2.007248E+0
-1.999898E+0
-1.991078E+0
-1.980788E+0
-1.971968E+0
-1.964618E+0
-1.960208E+0
-1.961678E+0
-1.966088E+0
-1.974908E+0
-1.988138E+0
-2.002838E+0
-2.020478E+0
-2.038118E+0
-2.057228E+0
-2.071928E+0
-2.086628E+0
-2.098388E+0
-2.108678E+0
-2.117498E+0
-2.124848E+0
-2.132198E+0
-2.139548E+0
-2.146898E+0
-2.154248E+0
-2.161598E+0
-2.168948E+0
-2.174828E+0
-2.179238E+0
-2.182178E+0
-2.183648E+0
-2.185118E+0
-2.183648E+0
-2.183648E+0
-2.182178E+0
-2.182178E+0
-2.182178E+0
-2.182178E+0
-2.183648E+0
-2.183648E+0
-2.183648E+0
-2.183648E+0
-2.182178E+0
-2.177768E+0
-2.174828E+0
-2.168948E+0
-2.164538E+0
-2.158658E+0
-2.155718E+0
-2.152778E+0
-2.151308E+0
-2.151308E+0
-2.152778E+0
-2.155718E+0
-2.160128E+0
-2.166008E+0
-2.173358E+0
-2.182178E+0
-2.193938E+0
-2.207168E+0
-2.221868E+0
-2.238038E+0
-2.254208E+0
-2.268908E+0
-2.280668E+0
-2.292428E+0
-2.301248E+0
-2.307128E+0
-2.313008E+0
-2.317418E+0
-2.320358E+0
-2.323298E+0
-2.323298E+0
-2.323298E+0
-2.321828E+0
-2.318888E+0
-2.315948E+0
-2.313008E+0
-2.310068E+0
-2.308598E+0
-2.308598E+0
-2.310068E+0
-2.314478E+0
-2.320358E+0
-2.326238E+0
-2.332118E+0
-2.336528E+0
-2.339468E+0
-2.340938E+0
-2.339468E+0
-2.336528E+0
-2.329178E+0
-2.321828E+0
-2.313008E+0
-2.302718E+0
-2.295368E+0
-2.288018E+0
-2.285078E+0
-2.285078E+0
-2.288018E+0
-2.293898E+0
-2.301248E+0
-2.310068E+0
-2.314478E+0
-2.315948E+0
-2.313008E+0
-2.305658E+0
-2.290958E+0
-2.273318E+0
-2.252738E+0
-2.232158E+0
-2.213048E+0
-2.198348E+0
-2.189528E+0
-2.188058E+0
-2.193938E+0
-2.205698E+0
-2.223338E+0
-2.242448E+0
-2.263028E+0
-2.280668E+0
-2.292428E+0
-2.298308E+0
-2.298308E+0
-2.293898E+0
-2.288018E+0
-2.283608E+0
-2.283608E+0
-2.290958E+0
-2.305658E+0
-2.327708E+0
-2.352698E+0
-2.379158E+0
-2.402678E+0
-2.421788E+0
-2.433548E+0
-2.437958E+0
-2.436488E+0
-2.433548E+0
-2.427668E+0
-2.424728E+0
-2.426198E+0
-2.432078E+0
-2.443838E+0
-2.460008E+0
-2.480588E+0
-2.505578E+0
-2.530568E+0
-2.554088E+0
-2.579078E+0
-2.602598E+0
-2.624648E+0
-2.645228E+0
-2.662868E+0
-2.677568E+0
-2.687858E+0
-2.693738E+0
-2.693738E+0
-2.686388E+0
-2.673158E+0
-2.656988E+0
-2.637878E+0
-2.617298E+0
-2.599658E+0
-2.584958E+0
-2.574668E+0
-2.570258E+0
-2.570258E+0
-2.574668E+0
-2.582018E+0
-2.593778E+0
-2.605538E+0
-2.615828E+0
-2.624648E+0
-2.629058E+0
-2.629058E+0
-2.623178E+0
-2.612888E+0
-2.598188E+0
-2.580548E+0
-2.564378E+0
-2.551148E+0
-2.543798E+0
-2.542328E+0
-2.548208E+0
-2.561438E+0
-2.577608E+0
-2.596718E+0
-2.615828E+0
-2.631998E+0
-2.645228E+0
-2.651108E+0
-2.654048E+0
-2.654048E+0
-2.652578E+0
-2.654048E+0
-2.655518E+0
-2.661398E+0
-2.667278E+0
-2.674628E+0
-2.679038E+0
-2.680508E+0
-2.677568E+0
-2.668748E+0
-2.656988E+0
-2.642288E+0
-2.626118E+0
-2.611418E+0
-2.598188E+0
-2.586428E+0
-2.577608E+0
-2.571728E+0
-2.567318E+0
-2.565848E+0
-2.565848E+0
-2.570258E+0
-2.579078E+0
-2.589368E+0
-2.605538E+0
-2.621708E+0
-2.639348E+0
-2.655518E+0
-2.667278E+0
-2.671688E+0
-2.668748E+0
-2.659928E+0
-2.645228E+0
-2.627588E+0
-2.609948E+0
-2.595248E+0
-2.586428E+0
-2.582018E+0
-2.584958E+0
-2.592308E+0
-2.604068E+0
-2.615828E+0
-2.629058E+0
-2.639348E+0
-2.649638E+0
-2.658458E+0
-2.667278E+0
-2.677568E+0
-2.686388E+0
-2.696678E+0
-2.706968E+0
-2.717258E+0
-2.724608E+0
-2.731958E+0
-2.736368E+0
-2.737838E+0
-2.739308E+0
-2.739308E+0
-2.737838E+0
-2.737838E+0
-2.736368E+0
-2.736368E+0
-2.736368E+0
-2.736368E+0
-2.737838E+0
-2.740778E+0
-2.746658E+0
-2.756948E+0
-2.771648E+0
-2.789288E+0
-2.808398E+0
-2.830448E+0
-2.852498E+0
-2.871608E+0
-2.884838E+0
-2.892188E+0
-2.895128E+0
-2.890718E+0
-2.883368E+0
-2.870138E+0
-2.855438E+0
-2.840738E+0
-2.826038E+0
-2.811338E+0
-2.798108E+0
-2.787818E+0
-2.780468E+0
-2.773118E+0
-2.770178E+0
-2.767238E+0
-2.765768E+0
-2.767238E+0
-2.770178E+0
-2.774588E+0
-2.780468E+0
-2.787818E+0
-2.798108E+0
-2.811338E+0
-2.824568E+0
-2.840738E+0
-2.855438E+0
-2.867198E+0
-2.876018E+0
-2.878958E+0
-2.874548E+0
-2.867198E+0
-2.853968E+0
-2.842208E+0
-2.833388E+0
-2.826038E+0
-2.823098E+0
-2.823098E+0
-2.827508E+0
-2.831918E+0
-2.836328E+0
-2.839268E+0
-2.840738E+0
-2.839268E+0
-2.836328E+0
-2.836328E+0
-2.836328E+0
-2.840738E+0
-2.849558E+0
-2.861318E+0
-2.877488E+0
-2.895128E+0
-2.917178E+0
-2.939228E+0
-2.962748E+0
-2.987738E+0
-3.012728E+0
-3.037718E+0
-3.062708E+0
-3.083288E+0
-3.099458E+0
-3.108278E+0
-3.106808E+0
-3.095048E+0
-3.072998E+0
-3.043598E+0
-3.009788E+0
-2.975978E+0
-2.945108E+0
-2.921588E+0
-2.906888E+0
-2.902478E+0
-2.909828E+0
-2.925998E+0
-2.949518E+0
-2.978918E+0
-3.012728E+0
-3.045068E+0
-3.077408E+0
-3.105338E+0
-3.127388E+0
-3.145028E+0
-3.156788E+0
-3.164138E+0
-3.168548E+0
-3.171488E+0
-3.171488E+0
-3.171488E+0
-3.172958E+0
-3.174428E+0
-3.177368E+0
-3.181778E+0
-3.187658E+0
-3.192068E+0
-3.196478E+0
-3.197948E+0
-3.195008E+0
-3.187658E+0
-3.174428E+0
-3.158258E+0
-3.139148E+0
-3.120038E+0
-3.099458E+0
-3.081818E+0
-3.065648E+0
-3.050948E+0
-3.036248E+0
-3.023018E+0
-3.011258E+0
-2.999498E+0
-2.990678E+0
-2.983328E+0
-2.981858E+0
-2.983328E+0
-2.992148E+0
-3.002438E+0
-3.017138E+0
-3.031838E+0
-3.048008E+0
-3.062708E+0
-3.077408E+0
-3.089168E+0
-3.099458E+0
-3.109748E+0
-3.118568E+0
-3.127388E+0
-3.137678E+0
-3.149438E+0
-3.162668E+0
-3.180308E+0
-3.197948E+0
-3.219998E+0
-3.242048E+0
-3.268508E+0
-3.292028E+0
-3.317018E+0
-3.339068E+0
-3.359648E+0
-3.377288E+0
-3.391988E+0
-3.406688E+0
-3.418448E+0
-3.425798E+0
-3.433148E+0
-3.436088E+0
-3.433148E+0
-3.427268E+0
-3.414038E+0
-3.399338E+0
-3.380228E+0
-3.362588E+0
-3.347888E+0
-3.336128E+0
-3.328778E+0
-3.325838E+0
-3.327308E+0
-3.328778E+0
-3.331718E+0
-3.331718E+0
-3.333188E+0
-3.333188E+0
-3.333188E+0
-3.334658E+0
-3.337598E+0
-3.344948E+0
-3.355238E+0
-3.366998E+0
-3.381698E+0
-3.397868E+0
-3.416978E+0
-3.436088E+0
-3.458138E+0
-3.478718E+0
-3.502238E+0
-3.525758E+0
-3.550748E+0
-3.571328E+0
-3.590438E+0
-3.603668E+0
-3.611018E+0
-3.608078E+0
-3.597788E+0
-3.577208E+0
-3.549278E+0
-3.513998E+0
-3.474308E+0
-3.431678E+0
-3.389048E+0
-3.353768E+0
-3.324368E+0
-3.305258E+0
-3.297908E+0
-3.302318E+0
-3.317018E+0
-3.340538E+0
-3.368468E+0
-3.394928E+0
-3.418448E+0
-3.433148E+0
-3.437558E+0
-3.436088E+0
-3.425798E+0
-3.411098E+0
-3.397868E+0
-3.386108E+0
-3.377288E+0
-3.371408E+0
-3.366998E+0
-3.364058E+0
-3.361118E+0
-3.355238E+0
-3.347888E+0
-3.339068E+0
-3.330248E+0
-3.322898E+0
-3.317018E+0
-3.312608E+0
-3.312608E+0
-3.315548E+0
-3.319958E+0
-3.324368E+0
-3.327308E+0
-3.328778E+0
-3.327308E+0
-3.322898E+0
-3.319958E+0
-3.315548E+0
-3.314078E+0
-3.318488E+0
-3.328778E+0
-3.347888E+0
-3.371408E+0
-3.402278E+0
-3.434618E+0
-3.468428E+0
-3.502238E+0
-3.534578E+0
-3.563978E+0
-3.591908E+0
-3.621308E+0
-3.649238E+0
-3.678638E+0
-3.703628E+0
-3.727148E+0
-3.743318E+0
-3.750668E+0
-3.747728E+0
-3.733028E+0
-3.710978E+0
-3.681578E+0
-3.650708E+0
-3.622778E+0
-3.596318E+0
-3.577208E+0
-3.561038E+0
-3.547808E+0
-3.536048E+0
-3.522818E+0
-3.505178E+0
-3.483128E+0
-3.458138E+0
-3.430208E+0
-3.403748E+0
-3.380228E+0
-3.364058E+0
-3.356708E+0
-3.359648E+0
-3.374348E+0
-3.399338E+0
-3.433148E+0
-3.475778E+0
-3.524288E+0
-3.572798E+0
-3.618368E+0
-3.658058E+0
-3.687458E+0
-3.705098E+0
-3.710978E+0
-3.708038E+0
-3.697748E+0
-3.685988E+0
-3.675698E+0
-3.666878E+0
-3.666878E+0
-3.671288E+0
-3.683048E+0
-3.700688E+0
-3.722738E+0
-3.746258E+0
-3.771248E+0
-3.793298E+0
-3.812408E+0
-3.825638E+0
-3.832988E+0
-3.831518E+0
-3.821228E+0
-3.805058E+0
-3.780068E+0
-3.750668E+0
-3.716858E+0
-3.680108E+0
-3.647768E+0
-3.618368E+0
-3.596318E+0
-3.584558E+0
-3.583088E+0
-3.591908E+0
-3.611018E+0
-3.640418E+0
-3.675698E+0
-3.713918E+0
-3.750668E+0
-3.781538E+0
-3.803588E+0
-3.815348E+0
-3.816818E+0
-3.806528E+0
-3.790358E+0
-3.771248E+0
-3.752138E+0
-3.733028E+0
-3.721268E+0
-3.715388E+0
-3.713918E+0
-3.716858E+0
-3.722738E+0
-3.725678E+0
-3.727148E+0
-3.725678E+0
-3.722738E+0
-3.713918E+0
-3.705098E+0
-3.697748E+0
-3.691868E+0
-3.691868E+0
-3.694808E+0
-3.703628E+0
-3.716858E+0
-3.734498E+0
-3.756548E+0
-3.777128E+0
-3.797708E+0
-3.813878E+0
-3.825638E+0
-3.832988E+0
-3.832988E+0
-3.828578E+0
-3.822698E+0
-3.816818E+0
-3.815348E+0
-3.816818E+0
-3.824168E+0
-3.837398E+0
-3.855038E+0
-3.877088E+0
-3.900608E+0
-3.924128E+0
-3.949118E+0
-3.969698E+0
-3.990278E+0
-4.007918E+0
-4.022618E+0
-4.035848E+0
-4.043198E+0
-4.046138E+0
-4.044668E+0
-4.035848E+0
-4.022618E+0
-4.002038E+0
-3.979988E+0
-3.953528E+0
-3.931478E+0
-3.910898E+0
-3.896198E+0
-3.887378E+0
-3.885908E+0
-3.887378E+0
-3.893258E+0
-3.896198E+0
-3.897668E+0
-3.894728E+0
-3.884438E+0
-3.871208E+0
-3.855038E+0
-3.838868E+0
-3.821228E+0
-3.803588E+0
-3.785948E+0
-3.766838E+0
-3.744788E+0
-3.716858E+0
-3.684518E+0
-3.653648E+0
-3.556628E+0
-3.233228E+0
-2.527628E+0
-1.563308E+0
-5.901680E-1
2.815420E-1
1.028302E+0
1.653052E+0
2.169022E+0
2.582092E+0
2.905492E+0
3.145102E+0
3.314152E+0
3.428812E+0
3.487612E+0
3.486142E+0
3.427342E+0
3.312682E+0
3.143632E+0
2.926072E+0
2.664412E+0
2.357182E+0
2.011732E+0
1.633942E+0
1.210582E+0
7.416520E-1
2.374420E-1
-3.005780E-1
-8.621180E-1
-1.419248E+0
-1.952858E+0
-2.452658E+0
-2.911298E+0
-3.328778E+0
-3.706568E+0
-4.052018E+0
-4.372478E+0
-4.679708E+0
-4.979588E+0
-5.280938E+0
-5.596988E+0
-5.930678E+0
-6.293768E+0
-6.689198E+0
-7.140488E+0
-7.657928E+0
-8.287088E+0
-9.089708E+0
-1.022749E+1
-1.227961E+1
-2.000005E+1
-2.000005E+1
-2.000005E+1
-2.000005E+1
-2.000005E+1
-2.000005E+1
-2.000005E+1
-2.000005E+1
-2.000005E+1
-2.000005E+1
-2.000005E+1
-2.000005E+1
-2.000005E+1
-2.000005E+1
-1.650439E+1
-1.426852E+1
-1.309840E+1
-1.221787E+1
-1.154902E+1
-1.100218E+1
-1.056706E+1
-1.022749E+1
-9.999638E+0
-9.893798E+0
-9.893798E+0
-9.977588E+0
-1.013341E+1
-1.040389E+1
-1.077433E+1
-1.129765E+1
-1.210027E+1
-1.328803E+1
-1.610896E+1
-2.000005E+1
-2.000005E+1
-2.000005E+1
-2.000005E+1
-2.000005E+1
-1.548421E+1
-1.268680E+1
-1.146082E+1
-1.068319E+1
-1.015693E+1
-9.792368E+0
-9.549818E+0
-9.379298E+0
-9.252878E+0
-9.133808E+0
-9.005918E+0
-8.885378E+0
-8.772188E+0
-8.675168E+0
-8.628128E+0
-8.628128E+0
-8.710448E+0
-8.872148E+0
-9.148508E+0
-9.549818E+0
-1.006579E+1
-1.077433E+1
-1.178275E+1
-1.328803E+1
-1.698949E+1
-2.000005E+1
-2.000005E+1
-2.000005E+1
-2.000005E+1
-2.000005E+1
-2.000005E+1
-2.000005E+1
-2.000005E+1
-2.000005E+1
-2.000005E+1
-2.000005E+1
-2.000005E+1
-2.000005E+1
-2.000005E+1
-2.000005E+1
-2.000005E+1
-1.849477E+1
-2.000005E+1
-2.000005E+1
-2.000005E+1
-2.000005E+1
-2.000005E+1
-2.000005E+1
-2.000005E+1
-2.000005E+1
-2.000005E+1
-2.000005E+1
-2.000005E+1
-2.000005E+1
-2.000005E+1
-2.000005E+1
-2.000005E+1
-2.000005E+1
-2.000005E+1
-2.000005E+1
-2.000005E+1
-2.000005E+1
-2.000005E+1
-2.000005E+1
-2.000005E+1
-2.000005E+1
-2.000005E+1
-2.000005E+1
-1.328803E+1
-1.178275E+1
-1.118152E+1
-1.107274E+1
-1.146082E+1
-1.247365E+1
-1.610896E+1
-2.000005E+1
-2.000005E+1
-2.000005E+1
-2.000005E+1
-2.000005E+1
-2.000005E+1
-2.000005E+1
-2.000005E+1
-2.000005E+1
-2.000005E+1
-2.000005E+1
-2.000005E+1
-2.000005E+1
-2.000005E+1
-2.000005E+1
-2.000005E+1
-2.000005E+1
-2.000005E+1
-2.000005E+1
-2.000005E+1
-2.000005E+1
-2.000005E+1
-2.000005E+1
-2.000005E+1
-2.000005E+1
-2.000005E+1
-2.000005E+1
-2.000005E+1
-2.000005E+1
-2.000005E+1
-2.000005E+1
-2.000005E+1
-2.000005E+1
-2.000005E+1
-2.000005E+1
-2.000005E+1
-2.000005E+1
-2.000005E+1
-2.000005E+1
-2.000005E+1
-2.000005E+1
-2.000005E+1
-2.000005E+1
-2.000005E+1
-2.000005E+1
-1.698949E+1
-1.761424E+1
-2.000005E+1
-2.000005E+1
-2.000005E+1
-2.000005E+1
-2.000005E+1
-2.000005E+1
-2.000005E+1
-2.000005E+1
-2.000005E+1
-2.000005E+1
-2.000005E+1
-2.000005E+1
-2.000005E+1
-2.000005E+1
-2.000005E+1
-2.000005E+1
-2.000005E+1
-2.000005E+1
-2.000005E+1
-2.000005E+1
-2.000005E+1
-2.000005E+1
-2.000005E+1
-2.000005E+1
-2.000005E+1
-2.000005E+1
-2.000005E+1
-2.000005E+1
-2.000005E+1
-2.000005E+1
-2.000005E+1
-2.000005E+1
-2.000005E+1
-2.000005E+1
-2.000005E+1
-2.000005E+1
-2.000005E+1
-2.000005E+1
-2.000005E+1
-1.610896E+1
-1.328803E+1
-1.268680E+1
-1.268680E+1
-1.319101E+1
-1.443022E+1
-2.000005E+1
-2.000005E+1
-2.000005E+1
-2.000005E+1
-2.000005E+1
-2.000005E+1
-2.000005E+1
-2.000005E+1
-2.000005E+1
-2.000005E+1
-2.000005E+1
-2.000005E+1
-2.000005E+1
-2.000005E+1
-2.000005E+1
-2.000005E+1
-2.000005E+1
-2.000005E+1
-2.000005E+1
-2.000005E+1
-2.000005E+1
-1.499911E+1
-1.328803E+1
-1.292494E+1
-1.309840E+1
-1.360555E+1
-1.397893E+1
-1.384663E+1
-1.292494E+1
-1.173277E+1
-1.071259E+1
-9.852638E+0
-9.177908E+0
-8.663408E+0
-8.297378E+0
-8.053358E+0
-7.932818E+0
-7.915178E+0
-8.009258E+0
-8.190068E+0
-8.482598E+0
-8.858918E+0
-9.330788E+0
-9.893798E+0
-1.056706E+1
-1.129765E+1
-1.221787E+1
-1.328803E+1
-1.479331E+1
-1.849477E+1
-2.000005E+1
-2.000005E+1
-2.000005E+1
-2.000005E+1
-2.000005E+1
-2.000005E+1
-2.000005E+1
-2.000005E+1
-2.000005E+1
-2.000005E+1
-2.000005E+1
-2.000005E+1
-2.000005E+1
-1.384663E+1
-1.193563E+1
-1.100218E+1
-1.048327E+1
-1.018045E+1
-1.006579E+1
-1.015693E+1
-1.045681E+1
-1.107274E+1
-1.215907E+1
-1.479331E+1
-2.000005E+1
-2.000005E+1
-2.000005E+1
-2.000005E+1
-2.000005E+1
-2.000005E+1
-2.000005E+1
-2.000005E+1
-2.000005E+1
-2.000005E+1
-2.000005E+1
-2.000005E+1
-2.000005E+1
-2.000005E+1
-2.000005E+1
-2.000005E+1
-2.000005E+1
-2.000005E+1
-2.000005E+1
-2.000005E+1
-2.000005E+1
-2.000005E+1
-2.000005E+1
-2.000005E+1
-2.000005E+1
-2.000005E+1
-2.000005E+1
-2.000005E+1
-2.000005E+1
-2.000005E+1
-2.000005E+1
-2.000005E+1
-2.000005E+1
-2.000005E+1
-2.000005E+1
-2.000005E+1
-2.000005E+1
-2.000005E+1
-2.000005E+1
-2.000005E+1
-2.000005E+1
-2.000005E+1
-2.000005E+1
-2.000005E+1
-2.000005E+1
-2.000005E+1
-2.000005E+1
-2.000005E+1
-2.000005E+1
-2.000005E+1
-2.000005E+1
-2.000005E+1
-2.000005E+1
-2.000005E+1
-2.000005E+1
-2.000005E+1
-2.000005E+1
-2.000005E+1
-2.000005E+1
-2.000005E+1
-2.000005E+1
-2.000005E+1
-2.000005E+1
-2.000005E+1
-2.000005E+1
-2.000005E+1
-2.000005E+1
-2.000005E+1
-2.000005E+1
-2.000005E+1
-2.000005E+1
-2.000005E+1
-2.000005E+1
-1.650439E+1
-1.411858E+1
-1.309840E+1
-1.240750E+1
-1.193563E+1
-1.154902E+1
-1.121974E+1
-1.096837E+1
-1.080520E+1
-1.071259E+1
-1.071259E+1
-1.086841E+1
-1.114477E+1
-1.163869E+1
-1.247365E+1
-1.397893E+1
-2.000005E+1
-2.000005E+1
-2.000005E+1
-2.000005E+1
-2.000005E+1
-2.000005E+1
-2.000005E+1
-2.000005E+1
-2.000005E+1
-2.000005E+1
-2.000005E+1
-2.000005E+1
-2.000005E+1
-2.000005E+1
-2.000005E+1
-2.000005E+1
-2.000005E+1
-2.000005E+1
-2.000005E+1
-2.000005E+1
-2.000005E+1
-2.000005E+1
-2.000005E+1
-2.000005E+1
-2.000005E+1
-2.000005E+1
-2.000005E+1
-2.000005E+1
-2.000005E+1
-1.234135E+1
-1.062439E+1
-9.752678E+0
-9.252878E+0
-8.951528E+0
-8.808938E+0
-8.772188E+0
-8.833928E+0
-8.977988E+0
-9.192608E+0
-9.429278E+0
-9.676238E+0
-9.934958E+0
-1.018045E+1
-1.037743E+1
-1.053913E+1
-1.065379E+1
-1.068319E+1
-1.071259E+1
-1.074346E+1
-1.080520E+1
-1.086841E+1
-1.100218E+1
-1.114477E+1
-1.133734E+1
-1.150492E+1
-1.163869E+1
-1.173277E+1
-1.178275E+1
-1.183273E+1
-1.198855E+1
-1.234135E+1
-1.319101E+1
-1.499911E+1
-2.000005E+1
-2.000005E+1
-2.000005E+1
-2.000005E+1
-2.000005E+1
-2.000005E+1
-1.292494E+1
-1.121974E+1
-1.025248E+1
-9.639488E+0
-9.238178E+0
-8.977988E+0
-8.822168E+0
-8.710448E+0
-8.639888E+0
-8.582558E+0
-8.548748E+0
-8.548748E+0
-8.604608E+0
-8.722208E+0
-8.951528E+0
-9.316088E+0
-9.914378E+0
-1.090222E+1
-1.292494E+1
-2.000005E+1
-2.000005E+1
-2.000005E+1
-2.000005E+1
-2.000005E+1
-2.000005E+1
-2.000005E+1
-2.000005E+1
-2.000005E+1
-2.000005E+1
-2.000005E+1
-2.000005E+1
-2.000005E+1
-2.000005E+1
-2.000005E+1
-2.000005E+1
-2.000005E+1
-1.411858E+1
-1.168573E+1
-1.083607E+1
-1.040389E+1
-1.018045E+1
-1.008784E+1
-1.002169E+1
-9.934958E+0
-9.811478E+0
-9.639488E+0
-9.429278E+0
-9.222008E+0
-9.047078E+0
-8.885378E+0
-8.747198E+0
-8.628128E+0
-8.526698E+0
-8.450258E+0
-8.378228E+0
-8.306198E+0
-8.238578E+0
-8.181248E+0
-8.134208E+0
-8.097458E+0
-8.088638E+0
-8.097458E+0
-8.125388E+0
-8.190068E+0
-8.297378E+0
-8.450258E+0
-8.628128E+0
-8.847158E+0
-9.104408E+0
-9.396938E+0
-9.714458E+0
-1.006579E+1
-1.043035E+1
-1.086841E+1
-1.141966E+1
-1.215907E+1
-1.328803E+1
-1.499911E+1
-2.000005E+1
-2.000005E+1
-1.849477E+1
-1.443022E+1
-1.254274E+1
-1.141966E+1
-1.068319E+1
-1.022749E+1
-9.999638E+0
-1.002169E+1
-1.027747E+1
-1.086841E+1
-1.204441E+1
-1.548421E+1
-2.000005E+1
-2.000005E+1
-2.000005E+1
-2.000005E+1
-2.000005E+1
-2.000005E+1
-2.000005E+1
-2.000005E+1
-2.000005E+1
-1.522843E+1
-1.349383E+1
-1.268680E+1
-1.221787E+1
-1.188271E+1
-1.168573E+1
-1.159312E+1
-1.154902E+1
-1.154902E+1
-1.154902E+1
-1.146082E+1
-1.129765E+1
-1.103746E+1
-1.068319E+1
-1.027747E+1
-9.914378E+0
-9.639488E+0
-9.480728E+0
-9.463088E+0
-9.602738E+0
-9.955538E+0
-1.065379E+1
-1.198855E+1
-1.761424E+1
-2.000005E+1
-2.000005E+1
-2.000005E+1
-2.000005E+1
-2.000005E+1
-2.000005E+1
-2.000005E+1
-2.000005E+1
-2.000005E+1
-2.000005E+1
-2.000005E+1
-2.000005E+1
-2.000005E+1
-2.000005E+1
-2.000005E+1
-1.426852E+1
-1.240750E+1
-1.154902E+1
-1.103746E+1
-1.071259E+1
-1.059499E+1
-1.062439E+1
-1.080520E+1
-1.100218E+1
-1.121974E+1
-1.137850E+1
-1.137850E+1
-1.114477E+1
-1.071259E+1
-1.025248E+1
-9.792368E+0
-9.396938E+0
-9.089708E+0
-8.885378E+0
-8.747198E+0
-8.698688E+0
-8.722208E+0
-8.833928E+0
-9.019148E+0
-9.269048E+0
-9.585098E+0
-9.955538E+0
-1.043035E+1
-1.096837E+1
-1.154902E+1
-1.215907E+1
-1.261330E+1
-1.284262E+1
-1.276324E+1
-1.234135E+1
-1.183273E+1
-1.121974E+1
-1.071259E+1
-1.025248E+1
-9.893798E+0
-9.602738E+0
-9.413108E+0
-9.283748E+0
-9.252878E+0
-9.316088E+0
-9.446918E+0
-9.621848E+0
-9.852638E+0
-1.008784E+1
-1.030099E+1
-1.040389E+1
-1.037743E+1
-1.022749E+1
-1.002169E+1
-9.792368E+0
-9.585098E+0
-9.396938E+0
-9.283748E+0
-9.222008E+0
-9.238178E+0
-9.346958E+0
-9.567458E+0
-9.955538E+0
-1.059499E+1
-1.178275E+1
-1.548421E+1
-2.000005E+1
-2.000005E+1
-2.000005E+1
-2.000005E+1
-2.000005E+1
-2.000005E+1
-2.000005E+1
-2.000005E+1
-2.000005E+1
-2.000005E+1
-2.000005E+1
-2.000005E+1
-2.000005E+1
-2.000005E+1
-2.000005E+1
-2.000005E+1
-2.000005E+1
-2.000005E+1
-2.000005E+1
-2.000005E+1
-2.000005E+1
-2.000005E+1
-2.000005E+1
-2.000005E+1
-2.000005E+1
-2.000005E+1
-2.000005E+1
-1.338799E+1
-1.183273E+1
-1.121974E+1
-1.100218E+1
-1.093456E+1
-1.096837E+1
-1.100218E+1
-1.096837E+1
-1.083607E+1
-1.059499E+1
-1.027747E+1
-9.934958E+0
-9.621848E+0
-9.330788E+0
-9.075008E+0
-8.885378E+0
-8.747198E+0
-8.675168E+0
-8.686928E+0
-8.783948E+0
-8.992688E+0
-9.363128E+0
-1.004374E+1
-1.133734E+1
-1.849477E+1
-2.000005E+1
-2.000005E+1
-2.000005E+1
-2.000005E+1
-2.000005E+1
-2.000005E+1
-2.000005E+1
-2.000005E+1
-2.000005E+1
-2.000005E+1
-2.000005E+1
-2.000005E+1
-2.000005E+1
-2.000005E+1
-2.000005E+1
-2.000005E+1
-2.000005E+1
-2.000005E+1
-2.000005E+1
-2.000005E+1
-2.000005E+1
-2.000005E+1
-2.000005E+1
-2.000005E+1
-2.000005E+1
-2.000005E+1
-2.000005E+1
-2.000005E+1
-2.000005E+1
-2.000005E+1
-1.849477E+1
-1.460368E+1
-1.426852E+1
-1.577380E+1
-2.000005E+1
-2.000005E+1
-2.000005E+1
-2.000005E+1
-2.000005E+1
-2.000005E+1
-1.443022E+1
-1.121974E+1
-9.811478E+0
-8.951528E+0
-8.388518E+0
-8.026898E+0
-7.818158E+0
-7.747598E+0
-7.794638E+0
-7.948988E+0
-8.209178E+0
-8.582558E+0
-9.061778E+0
-9.639488E+0
-1.027747E+1
-1.090222E+1
-1.137850E+1
-1.150492E+1
-1.125796E+1
-1.083607E+1
-1.040389E+1
-1.006579E+1
-9.832058E+0
-9.714458E+0
-9.733568E+0
-9.934958E+0
-1.030099E+1
-1.093456E+1
-1.193563E+1
-1.384663E+1
-2.000005E+1
-2.000005E+1
-2.000005E+1
-2.000005E+1
-2.000005E+1
-2.000005E+1
-2.000005E+1
-2.000005E+1
-2.000005E+1
-2.000005E+1
-1.522843E+1
-1.411858E+1
-1.349383E+1
-1.328803E+1
-1.319101E+1
-1.319101E+1
-1.309840E+1
-1.292494E+1
-1.268680E+1
-1.227961E+1
-1.168573E+1
-1.107274E+1
-1.048327E+1
-9.955538E+0
-9.496898E+0
-9.104408E+0
-8.808938E+0
-8.594318E+0
-8.494358E+0
-8.494358E+0
-8.594318E+0
-8.833928E+0
-9.238178E+0
-9.873218E+0
-1.086841E+1
-1.276324E+1
-2.000005E+1
-2.000005E+1
-2.000005E+1
-2.000005E+1
-2.000005E+1
-2.000005E+1
-2.000005E+1
-2.000005E+1
-2.000005E+1
-2.000005E+1
-2.000005E+1
-1.610896E+1
-1.268680E+1
-1.150492E+1
-1.096837E+1
-1.068319E+1
-1.056706E+1
-1.059499E+1
-1.071259E+1
-1.090222E+1
-1.114477E+1
-1.141966E+1
-1.163869E+1
-1.183273E+1
-1.210027E+1
-1.240750E+1
-1.276324E+1
-1.349383E+1
-1.499911E+1
-2.000005E+1
-2.000005E+1
-2.000005E+1
-2.000005E+1
-2.000005E+1
-2.000005E+1
-2.000005E+1
-2.000005E+1
-2.000005E+1
-2.000005E+1
-2.000005E+1
-2.000005E+1
-2.000005E+1
-2.000005E+1
-2.000005E+1
-2.000005E+1
-1.227961E+1
-1.013341E+1
-9.075008E+0
-8.367938E+0
-7.874018E+0
-7.507988E+0
-7.236038E+0
-7.043468E+0
-6.924398E+0
-6.867068E+0
-6.867068E+0
-6.918518E+0
-7.021418E+0
-7.164008E+0
-7.334528E+0
-7.513868E+0
-7.694678E+0
-7.857848E+0
-7.991618E+0
-8.097458E+0
-8.190068E+0
-8.287088E+0
-8.398808E+0
-8.548748E+0
-8.758958E+0
-9.075008E+0
-9.496898E+0
-1.008784E+1
-1.090222E+1
-1.215907E+1
-1.443022E+1
-2.000005E+1
-2.000005E+1
-2.000005E+1
-2.000005E+1
-2.000005E+1
-1.460368E+1
-1.284262E+1
-1.198855E+1
-1.141966E+1
-1.114477E+1
-1.107274E+1
-1.118152E+1
-1.146082E+1
-1.193563E+1
-1.284262E+1
-1.499911E+1
-2.000005E+1
-2.000005E+1
-2.000005E+1
-2.000005E+1
-2.000005E+1
-2.000005E+1
-2.000005E+1
-2.000005E+1
-2.000005E+1
-2.000005E+1
-2.000005E+1
-2.000005E+1
-2.000005E+1
-2.000005E+1
-2.000005E+1
-2.000005E+1
-2.000005E+1
-2.000005E+1
-2.000005E+1
-2.000005E+1
-2.000005E+1
-1.309840E+1
-1.125796E+1
-1.030099E+1
-9.733568E+0
-9.396938E+0
-9.252878E+0
-9.269048E+0
-9.396938E+0
-9.676238E+0
-1.008784E+1
-1.068319E+1
-1.159312E+1
-1.319101E+1
-2.000005E+1
-2.000005E+1
-2.000005E+1
-2.000005E+1
-2.000005E+1
-2.000005E+1
-2.000005E+1
-2.000005E+1
-2.000005E+1
-2.000005E+1
-2.000005E+1
-2.000005E+1
-2.000005E+1
-1.698949E+1
-1.319101E+1
-1.227961E+1
-1.198855E+1
-1.204441E+1
-1.240750E+1
-1.292494E+1
-1.349383E+1
-1.397893E+1
-1.426852E+1
-1.411858E+1
-1.372315E+1
-1.360555E+1
-1.384663E+1
-1.479331E+1
-2.000005E+1
-2.000005E+1
-2.000005E+1
-2.000005E+1
-2.000005E+1
-2.000005E+1
-2.000005E+1
-2.000005E+1
-2.000005E+1
-2.000005E+1
-2.000005E+1
-2.000005E+1
-2.000005E+1
-2.000005E+1
-2.000005E+1
-2.000005E+1
-2.000005E+1
-2.000005E+1
-2.000005E+1
-2.000005E+1
-2.000005E+1
-2.000005E+1
-2.000005E+1
-2.000005E+1
-1.548421E+1
-1.460368E+1
-1.650439E+1
-2.000005E+1
-2.000005E+1
-2.000005E+1
-2.000005E+1
-2.000005E+1
-2.000005E+1
-2.000005E+1
-2.000005E+1
-2.000005E+1
-2.000005E+1
-2.000005E+1
-2.000005E+1
-2.000005E+1
-2.000005E+1
-2.000005E+1
-2.000005E+1
-2.000005E+1
-2.000005E+1
-2.000005E+1
-2.000005E+1
-2.000005E+1
-2.000005E+1
-2.000005E+1
-2.000005E+1
-2.000005E+1
-2.000005E+1
-2.000005E+1
-2.000005E+1
-1.411858E+1
-1.154902E+1
-1.059499E+1
-1.006579E+1
-9.752678E+0
-9.602738E+0
-9.585098E+0
-9.676238E+0
-9.832058E+0
-1.008784E+1
-1.040389E+1
-1.080520E+1
-1.125796E+1
-1.173277E+1
-1.221787E+1
-1.276324E+1
-1.360555E+1
-1.548421E+1
-2.000005E+1
-2.000005E+1
-2.000005E+1
-2.000005E+1
-2.000005E+1
-2.000005E+1
-2.000005E+1
-2.000005E+1
-2.000005E+1
-2.000005E+1
-2.000005E+1
-2.000005E+1
-2.000005E+1
-2.000005E+1
-2.000005E+1
-2.000005E+1
-2.000005E+1
-2.000005E+1
-2.000005E+1
-2.000005E+1
-2.000005E+1
-2.000005E+1
-2.000005E+1
-2.000005E+1
-2.000005E+1
-1.499911E+1
-1.240750E+1
-1.168573E+1
-1.154902E+1
-1.178275E+1
-1.240750E+1
-1.328803E+1
-1.460368E+1
-1.548421E+1
-1.499911E+1
-1.372315E+1
-1.240750E+1
-1.146082E+1
-1.074346E+1
-1.027747E+1
-9.934958E+0
-9.714458E+0
-9.585098E+0
-9.463088E+0
-9.346958E+0
-9.192608E+0
-8.977988E+0
-8.758958E+0
-8.538458E+0
-8.378228E+0
-8.276798E+0
-8.287088E+0
-8.429678E+0
-8.735438E+0
-9.238178E+0
-1.006579E+1
-1.154902E+1
-1.761424E+1
-2.000005E+1
-2.000005E+1
-2.000005E+1
-2.000005E+1
-2.000005E+1
-2.000005E+1
-2.000005E+1
-2.000005E+1
-1.650439E+1
-1.247365E+1
-1.133734E+1
-1.071259E+1
-1.043035E+1
-1.030099E+1
-1.030099E+1
-1.035244E+1
-1.045681E+1
-1.056706E+1
-1.065379E+1
-1.071259E+1
-1.074346E+1
-1.074346E+1
-1.077433E+1
-1.083607E+1
-1.090222E+1
-1.103746E+1
-1.118152E+1
-1.133734E+1
-1.141966E+1
-1.137850E+1
-1.121974E+1
-1.096837E+1
-1.065379E+1
-1.030099E+1
-9.977588E+0
-9.714458E+0
-9.496898E+0
-9.346958E+0
-9.252878E+0
-9.192608E+0
-9.177908E+0
-9.163208E+0
-9.148508E+0
-9.133808E+0
-9.104408E+0
-9.089708E+0
-9.061778E+0
-9.033848E+0
-9.005918E+0
-8.992688E+0
-8.951528E+0
-8.925068E+0
-8.898608E+0
-8.872148E+0
-8.872148E+0
-8.938298E+0
-9.089708E+0
-9.363128E+0
-9.832058E+0
-1.056706E+1
-1.188271E+1
-1.610896E+1
-2.000005E+1
-2.000005E+1
-2.000005E+1
-2.000005E+1
-2.000005E+1
-2.000005E+1
-2.000005E+1
-2.000005E+1
-2.000005E+1
-2.000005E+1
-1.460368E+1
-1.292494E+1
-1.215907E+1
-1.168573E+1
-1.141966E+1
-1.133734E+1
-1.133734E+1
-1.146082E+1
-1.163869E+1
-1.188271E+1
-1.221787E+1
-1.261330E+1
-1.301020E+1
-1.338799E+1
-1.411858E+1
-1.548421E+1
-2.000005E+1
-2.000005E+1
-2.000005E+1
-2.000005E+1
-2.000005E+1
-2.000005E+1
-2.000005E+1
-2.000005E+1
-1.460368E+1
-1.221787E+1
-1.110802E+1
-1.040389E+1
-9.955538E+0
-9.695348E+0
-9.514538E+0
-9.429278E+0
-9.379298E+0
-9.396938E+0
-9.446918E+0
-9.585098E+0
-9.811478E+0
-1.015693E+1
-1.074346E+1
-1.178275E+1
-1.443022E+1
-2.000005E+1
-2.000005E+1
-2.000005E+1
-2.000005E+1
-2.000005E+1
-2.000005E+1
-2.000005E+1
-2.000005E+1
-2.000005E+1
-2.000005E+1
-2.000005E+1
-2.000005E+1
-2.000005E+1
-1.284262E+1
-1.100218E+1
-1.015693E+1
-9.676238E+0
-9.446918E+0
-9.363128E+0
-9.396938E+0
-9.532178E+0
-9.752678E+0
-1.002169E+1
-1.022749E+1
-1.035244E+1
-1.030099E+1
-1.015693E+1
-9.893798E+0
-9.621848E+0
-9.379298E+0
-9.192608E+0
-9.104408E+0
-9.089708E+0
-9.192608E+0
-9.396938E+0
-9.714458E+0
-1.013341E+1
-1.065379E+1
-1.125796E+1
-1.193563E+1
-1.261330E+1
-1.328803E+1
-1.384663E+1
-1.443022E+1
-1.522843E+1
-1.698949E+1
-2.000005E+1
-2.000005E+1
-2.000005E+1
-2.000005E+1
-2.000005E+1
-2.000005E+1
-2.000005E+1
-2.000005E+1
-2.000005E+1
-1.411858E+1
-1.276324E+1
-1.210027E+1
-1.173277E+1
-1.154902E+1
-1.159312E+1
-1.173277E+1
-1.204441E+1
-1.254274E+1
-1.328803E+1
-1.443022E+1
-1.761424E+1
-2.000005E+1
-2.000005E+1
-2.000005E+1
-2.000005E+1
-2.000005E+1
-2.000005E+1
-2.000005E+1
-2.000005E+1
-2.000005E+1
-2.000005E+1
-2.000005E+1
-2.000005E+1
-2.000005E+1
-2.000005E+1
-2.000005E+1
-2.000005E+1
-2.000005E+1
-2.000005E+1
-2.000005E+1
-2.000005E+1
-2.000005E+1
-2.000005E+1
-2.000005E+1
-2.000005E+1
-2.000005E+1
-2.000005E+1
-2.000005E+1
-2.000005E+1
-2.000005E+1
-2.000005E+1
-2.000005E+1
-2.000005E+1
-2.000005E+1
-2.000005E+1
-2.000005E+1
-2.000005E+1
-2.000005E+1
-2.000005E+1
-2.000005E+1
-2.000005E+1
-2.000005E+1
-2.000005E+1
-2.000005E+1
-2.000005E+1
-2.000005E+1
-2.000005E+1
-2.000005E+1
-2.000005E+1
-2.000005E+1
-2.000005E+1
-2.000005E+1
-2.000005E+1
-2.000005E+1
-1.577380E+1
-1.384663E+1
-1.319101E+1
-1.292494E+1
-1.292494E+1
-1.309840E+1
-1.338799E+1
-1.349383E+1
-1.349383E+1
-1.319101E+1
-1.284262E+1
-1.247365E+1
-1.221787E+1
-1.204441E+1
-1.204441E+1
-1.215907E+1
-1.227961E+1
-1.240750E+1
-1.240750E+1
-1.227961E+1
-1.204441E+1
-1.183273E+1
-1.163869E+1
-1.154902E+1
-1.163869E+1
-1.183273E+1
-1.210027E+1
-1.221787E+1
-1.210027E+1
-1.168573E+1
-1.107274E+1
-1.040389E+1
-9.832058E+0
-9.346958E+0
-8.977988E+0
-8.735438E+0
-8.594318E+0
-8.538458E+0
-8.582558E+0
-8.698688E+0
-8.885378E+0
-9.133808E+0
-9.446918E+0
-9.832058E+0
-1.027747E+1
-1.080520E+1
-1.146082E+1
-1.240750E+1
-1.397893E+1
-2.000005E+1
-2.000005E+1
-2.000005E+1
-2.000005E+1
-2.000005E+1
-2.000005E+1
-2.000005E+1
-2.000005E+1
-2.000005E+1
-2.000005E+1
-2.000005E+1
-2.000005E+1
-2.000005E+1
-2.000005E+1
-2.000005E+1
-1.548421E+1
-1.479331E+1
-1.577380E+1
-2.000005E+1
-2.000005E+1
-2.000005E+1
-2.000005E+1
-2.000005E+1
-2.000005E+1
-2.000005E+1
-2.000005E+1
-2.000005E+1
-2.000005E+1
-2.000005E+1
-2.000005E+1
-2.000005E+1
-2.000005E+1
-2.000005E+1
-2.000005E+1
-2.000005E+1
-2.000005E+1
-2.000005E+1
-2.000005E+1
-2.000005E+1
-2.000005E+1
-2.000005E+1
-2.000005E+1
-2.000005E+1
-2.000005E+1
-2.000005E+1
-2.000005E+1
-2.000005E+1
-2.000005E+1
-2.000005E+1
-2.000005E+1
-2.000005E+1
-2.000005E+1
-2.000005E+1
-2.000005E+1
-2.000005E+1
-2.000005E+1
-2.000005E+1
-2.000005E+1
-2.000005E+1
-2.000005E+1
-2.000005E+1
-2.000005E+1
-2.000005E+1
-1.650439E+1
-1.360555E+1
-1.215907E+1
-1.114477E+1
-1.040389E+1
-9.811478E+0
-9.330788E+0
-8.964758E+0
-8.686928E+0
-8.472308E+0
-8.306198E+0
-8.190068E+0
-8.107748E+0
-8.070998E+0
-8.070998E+0
-8.116568E+0
-8.209178E+0
-8.347358E+0
-8.548748E+0
-8.822168E+0
-9.163208E+0
-9.621848E+0
-1.022749E+1
-1.107274E+1
-1.254274E+1
-2.000005E+1
-2.000005E+1
-2.000005E+1
-2.000005E+1
-2.000005E+1
-2.000005E+1
-2.000005E+1
-2.000005E+1
-2.000005E+1
-2.000005E+1
-2.000005E+1
-2.000005E+1
-2.000005E+1
-2.000005E+1
-2.000005E+1
-2.000005E+1
-2.000005E+1
-2.000005E+1
-2.000005E+1
-2.000005E+1
-2.000005E+1
-2.000005E+1
-2.000005E+1
-2.000005E+1
-2.000005E+1
-2.000005E+1
-2.000005E+1
-2.000005E+1
-2.000005E+1
-2.000005E+1
-1.577380E+1
-1.499911E+1
-1.577380E+1
-2.000005E+1
-2.000005E+1
-2.000005E+1
-2.000005E+1
-2.000005E+1
-2.000005E+1
-2.000005E+1
-2.000005E+1
-2.000005E+1
-2.000005E+1
-2.000005E+1
-2.000005E+1
-2.000005E+1
-2.000005E+1
-2.000005E+1
-2.000005E+1
-1.338799E+1
-1.154902E+1
-1.068319E+1
-1.018045E+1
-9.914378E+0
-9.811478E+0
-9.873218E+0
-1.010989E+1
-1.059499E+1
-1.141966E+1
-1.301020E+1
-2.000005E+1
-2.000005E+1
-2.000005E+1
-2.000005E+1
-2.000005E+1
-2.000005E+1
-2.000005E+1
-2.000005E+1
-1.349383E+1
-1.204441E+1
-1.133734E+1
-1.100218E+1
-1.093456E+1
-1.110802E+1
-1.146082E+1
-1.210027E+1
-1.309840E+1
-1.499911E+1
-2.000005E+1
-2.000005E+1
-2.000005E+1
-2.000005E+1
-2.000005E+1
-2.000005E+1
-2.000005E+1
-2.000005E+1
-2.000005E+1
-2.000005E+1
-2.000005E+1
-2.000005E+1
-2.000005E+1
-2.000005E+1
-2.000005E+1
-1.849477E+1
-1.548421E+1
-1.443022E+1
-1.384663E+1
-1.349383E+1
-1.328803E+1
-1.292494E+1
-1.261330E+1
-1.215907E+1
-1.159312E+1
-1.110802E+1
-1.068319E+1
-1.037743E+1
-1.022749E+1
-1.025248E+1
-1.053913E+1
-1.118152E+1
-1.261330E+1
-2.000005E+1
-2.000005E+1
-2.000005E+1
-2.000005E+1
-2.000005E+1
-2.000005E+1
-2.000005E+1
-2.000005E+1
-2.000005E+1
-2.000005E+1
-2.000005E+1
-2.000005E+1
-2.000005E+1
-2.000005E+1
-2.000005E+1
-2.000005E+1
-2.000005E+1
-2.000005E+1
-2.000005E+1
-2.000005E+1
-2.000005E+1
-1.548421E+1
-1.276324E+1
-1.204441E+1
-1.193563E+1
-1.261330E+1
-1.577380E+1
-2.000005E+1
-2.000005E+1
-2.000005E+1
-2.000005E+1
-2.000005E+1
-2.000005E+1
-2.000005E+1
-2.000005E+1
-2.000005E+1
-2.000005E+1
-2.000005E+1
-2.000005E+1
-2.000005E+1
-2.000005E+1
-2.000005E+1
-2.000005E+1
-2.000005E+1
-2.000005E+1
-2.000005E+1
-2.000005E+1
-2.000005E+1
-2.000005E+1
-2.000005E+1
-2.000005E+1
-2.000005E+1
-2.000005E+1
-2.000005E+1
-2.000005E+1
-2.000005E+1
-2.000005E+1
-1.338799E+1
-1.198855E+1
-1.121974E+1
-1.083607E+1
-1.074346E+1
-1.090222E+1
-1.137850E+1
-1.254274E+1
-1.698949E+1
-2.000005E+1
-2.000005E+1
-2.000005E+1
-2.000005E+1
-2.000005E+1
-2.000005E+1
-2.000005E+1
-2.000005E+1
-2.000005E+1
-2.000005E+1
-2.000005E+1
-1.460368E+1
-1.159312E+1
-1.043035E+1
-9.695348E+0
-9.207308E+0
-8.872148E+0
-8.628128E+0
-8.494358E+0
-8.439968E+0
-8.462018E+0
-8.582558E+0
-8.783948E+0
-9.075008E+0
-9.446918E+0
-9.873218E+0
-1.027747E+1
-1.059499E+1
-1.071259E+1
-1.062439E+1
-1.045681E+1
-1.030099E+1
-1.020397E+1
-1.027747E+1
-1.051120E+1
-1.100218E+1
-1.183273E+1
-1.328803E+1
-1.761424E+1
-2.000005E+1
-2.000005E+1
-2.000005E+1
-2.000005E+1
-2.000005E+1
-2.000005E+1
-2.000005E+1
-2.000005E+1
-2.000005E+1
-2.000005E+1
-2.000005E+1
-2.000005E+1
-2.000005E+1
-2.000005E+1
-1.522843E+1
-1.292494E+1
-1.183273E+1
-1.107274E+1
-1.056706E+1
-1.022749E+1
-1.004374E+1
-9.977588E+0
-1.008784E+1
-1.043035E+1
-1.107274E+1
-1.234135E+1
-1.761424E+1
-2.000005E+1
-2.000005E+1
-2.000005E+1
-2.000005E+1
-2.000005E+1
-2.000005E+1
-2.000005E+1
-2.000005E+1
-2.000005E+1
-2.000005E+1
-2.000005E+1
-2.000005E+1
-2.000005E+1
-2.000005E+1
-2.000005E+1
-2.000005E+1
-2.000005E+1
-2.000005E+1
-2.000005E+1
-2.000005E+1
-2.000005E+1
-2.000005E+1
-2.000005E+1
-2.000005E+1
-2.000005E+1
-2.000005E+1
-2.000005E+1
-2.000005E+1
-2.000005E+1
-2.000005E+1
-2.000005E+1
-2.000005E+1
-2.000005E+1
-2.000005E+1
-2.000005E+1
-2.000005E+1
-2.000005E+1
-2.000005E+1
-2.000005E+1
-2.000005E+1
-2.000005E+1
-2.000005E+1
-2.000005E+1
-2.000005E+1
-2.000005E+1
-2.000005E+1
-2.000005E+1
-2.000005E+1
-2.000005E+1
-2.000005E+1
-2.000005E+1
-2.000005E+1
-2.000005E+1
-2.000005E+1
-2.000005E+1
-1.284262E+1
-1.110802E+1
-1.018045E+1
-9.585098E+0
-9.222008E+0
-9.005918E+0
-8.898608E+0
-8.858918E+0
-8.872148E+0
-8.925068E+0
-8.977988E+0
-8.992688E+0
-8.977988E+0
-8.911838E+0
-8.822168E+0
-8.722208E+0
-8.639888E+0
-8.582558E+0
-8.582558E+0
-8.639888E+0
-8.772188E+0
-8.992688E+0
-9.316088E+0
-9.811478E+0
-1.056706E+1
-1.188271E+1
-1.610896E+1
-2.000005E+1
-2.000005E+1
-2.000005E+1
-2.000005E+1
-2.000005E+1
-2.000005E+1
-2.000005E+1
-2.000005E+1
-2.000005E+1
-2.000005E+1
-2.000005E+1
-2.000005E+1
-2.000005E+1
-2.000005E+1
-2.000005E+1
-2.000005E+1
-2.000005E+1
-2.000005E+1
-2.000005E+1
-1.650439E+1
-1.548421E+1
-1.479331E+1
-1.443022E+1
-1.411858E+1
-1.360555E+1
-1.309840E+1
-1.254274E+1
-1.204441E+1
-1.163869E+1
-1.137850E+1
-1.121974E+1
-1.118152E+1
-1.129765E+1
-1.159312E+1
-1.215907E+1
-1.319101E+1
-1.577380E+1
-2.000005E+1
-2.000005E+1
-2.000005E+1
-2.000005E+1
-2.000005E+1
-2.000005E+1
-2.000005E+1
-2.000005E+1
-2.000005E+1
-2.000005E+1
-2.000005E+1
-2.000005E+1
-2.000005E+1
-2.000005E+1
-2.000005E+1
-2.000005E+1
-2.000005E+1
-2.000005E+1
-2.000005E+1
-2.000005E+1
-2.000005E+1
-2.000005E+1
-2.000005E+1
-2.000005E+1
-2.000005E+1
-1.479331E+1
-1.188271E+1
-1.068319E+1
-9.977588E+0
-9.585098E+0
-9.429278E+0
-9.429278E+0
-9.549818E+0
-9.733568E+0
-9.934958E+0
-1.004374E+1
-9.977588E+0
-9.752678E+0
-9.396938E+0
-9.047078E+0
-8.747198E+0
-8.538458E+0
-8.429678E+0
-8.439968E+0
-8.582558E+0
-8.872148E+0
-9.330788E+0
-9.999638E+0
-1.096837E+1
-1.247365E+1
-1.548421E+1
-2.000005E+1
-2.000005E+1
-2.000005E+1
-2.000005E+1
-2.000005E+1
-2.000005E+1
-2.000005E+1
-2.000005E+1
-2.000005E+1
-2.000005E+1
-2.000005E+1
-2.000005E+1
-2.000005E+1
-2.000005E+1
-2.000005E+1
-1.247365E+1
-1.090222E+1
-9.999638E+0
-9.413108E+0
-9.005918E+0
-8.735438E+0
-8.560508E+0
-8.462018E+0
-8.439968E+0
-8.482598E+0
-8.594318E+0
-8.772188E+0
-9.033848E+0
-9.396938E+0
-9.914378E+0
-1.059499E+1
-1.159312E+1
-1.328803E+1
-1.849477E+1
-2.000005E+1
-2.000005E+1
-2.000005E+1
-2.000005E+1
-1.761424E+1
-1.360555E+1
-1.215907E+1
-1.146082E+1
-1.107274E+1
-1.096837E+1
-1.121974E+1
-1.183273E+1
-1.338799E+1
-2.000005E+1
-2.000005E+1
-2.000005E+1
