Date/Time	2022-06-09 08:04:25
Line location	3
Line name	C1
OTDR wavelength [nm]	1625
OTDR pulse duration [ns]	2
OTDR scan time [s]	10
OTDR scan length [m]	1.500000E+2
Length offset [m]	0.000000E+0
Length increment [m]	3.996806E-2
Switch ID	VIAVI Solutions,OTU 8000E,11654,FO,16.76
OTDR ID	JDSU,OTU 8000E,11654,OTU(SmartOTU),V7.22

Reflected amplitude [dB]
1.347292E+0
1.267912E+0
1.185592E+0
1.113562E+0
1.056232E+0
1.020952E+0
1.043002E+0
1.151782E+0
1.342882E+0
1.578082E+0
1.820632E+0
2.060242E+0
2.270452E+0
2.432152E+0
2.549752E+0
2.633542E+0
2.684992E+0
2.696752E+0
2.670292E+0
2.608552E+0
2.518882E+0
2.402752E+0
2.245462E+0
2.047012E+0
1.829452E+0
1.607482E+0
1.389922E+0
1.185592E+0
9.989020E-1
8.269120E-1
6.725620E-1
5.402620E-1
4.300120E-1
3.403420E-1
2.639020E-1
1.992220E-1
1.448320E-1
9.632200E-2
5.369200E-2
1.547200E-2
-1.833800E-2
-4.626800E-2
-6.978800E-2
-9.036800E-2
-1.035980E-1
-1.124180E-1
-1.182980E-1
-1.212380E-1
-1.212380E-1
-1.227080E-1
-1.271180E-1
-1.315280E-1
-1.403480E-1
-1.535780E-1
-1.682780E-1
-1.844480E-1
-2.035580E-1
-2.211980E-1
-2.388380E-1
-2.564780E-1
-2.726480E-1
-2.888180E-1
-3.049880E-1
-3.196880E-1
-3.343880E-1
-3.461480E-1
-3.549680E-1
-3.608480E-1
-3.608480E-1
-3.549680E-1
-3.432080E-1
-3.240980E-1
-3.005780E-1
-2.726480E-1
-2.432480E-1
-2.123780E-1
-1.829780E-1
-1.565180E-1
-1.359380E-1
-1.212380E-1
-1.124180E-1
-1.109480E-1
-1.168280E-1
-1.300580E-1
-1.491680E-1
-1.726880E-1
-2.006180E-1
-2.300180E-1
-2.623580E-1
-2.932280E-1
-3.226280E-1
-3.490880E-1
-3.726080E-1
-3.931880E-1
-4.108280E-1
-4.269980E-1
-4.416980E-1
-4.563980E-1
-4.740380E-1
-4.916780E-1
-5.093180E-1
-5.298980E-1
-5.475380E-1
-5.651780E-1
-5.798780E-1
-5.916380E-1
-5.989880E-1
-6.033980E-1
-6.033980E-1
-6.019280E-1
-6.004580E-1
-5.975180E-1
-5.945780E-1
-5.931080E-1
-5.945780E-1
-5.960480E-1
-5.989880E-1
-6.033980E-1
-6.078080E-1
-6.107480E-1
-6.136880E-1
-6.151580E-1
-6.151580E-1
-6.136880E-1
-6.122180E-1
-6.092780E-1
-6.078080E-1
-6.063380E-1
-6.078080E-1
-6.092780E-1
-6.122180E-1
-6.166280E-1
-6.225080E-1
-6.298580E-1
-6.386780E-1
-6.474980E-1
-6.577880E-1
-6.695480E-1
-6.798380E-1
-6.901280E-1
-6.974780E-1
-7.004180E-1
-6.974780E-1
-6.871880E-1
-6.724880E-1
-6.489680E-1
-6.166280E-1
-5.622380E-1
-4.784480E-1
-3.667280E-1
-2.373680E-1
-1.050680E-1
1.400200E-2
1.124920E-1
1.904020E-1
2.506720E-1
2.962420E-1
3.285820E-1
3.476920E-1
3.565120E-1
3.506320E-1
3.285820E-1
2.933020E-1
2.447920E-1
1.859920E-1
1.257220E-1
6.839200E-2
1.253200E-2
-4.038800E-2
-9.036800E-2
-1.374080E-1
-1.800380E-1
-2.197280E-1
-2.550080E-1
-2.888180E-1
-3.196880E-1
-3.476180E-1
-3.755480E-1
-4.020080E-1
-4.255280E-1
-4.490480E-1
-4.696280E-1
-4.887380E-1
-5.049080E-1
-5.196080E-1
-5.313680E-1
-5.387180E-1
-5.445980E-1
-5.460680E-1
-5.475380E-1
-5.445980E-1
-5.401880E-1
-5.328380E-1
-5.254880E-1
-5.151980E-1
-5.049080E-1
-4.960880E-1
-4.857980E-1
-4.769780E-1
-4.696280E-1
-4.637480E-1
-4.593380E-1
-4.578680E-1
-4.563980E-1
-4.563980E-1
-4.563980E-1
-4.563980E-1
-4.563980E-1
-4.549280E-1
-4.534580E-1
-4.490480E-1
-4.431680E-1
-4.358180E-1
-4.269980E-1
-4.167080E-1
-4.049480E-1
-3.917180E-1
-3.770180E-1
-3.623180E-1
-3.461480E-1
-3.314480E-1
-3.152780E-1
-3.020480E-1
-2.902880E-1
-2.814680E-1
-2.770580E-1
-2.770580E-1
-2.829380E-1
-2.932280E-1
-3.079280E-1
-3.270380E-1
-3.505580E-1
-3.740780E-1
-4.005380E-1
-4.240580E-1
-4.490480E-1
-4.710980E-1
-4.902080E-1
-5.078480E-1
-5.225480E-1
-5.343080E-1
-5.431280E-1
-5.490080E-1
-5.519480E-1
-5.534180E-1
-5.519480E-1
-5.504780E-1
-5.475380E-1
-5.431280E-1
-5.387180E-1
-5.343080E-1
-5.298980E-1
-5.254880E-1
-5.210780E-1
-5.166680E-1
-5.107880E-1
-5.049080E-1
-4.990280E-1
-4.931480E-1
-4.887380E-1
-4.857980E-1
-4.828580E-1
-4.813880E-1
-4.828580E-1
-4.843280E-1
-4.887380E-1
-4.931480E-1
-4.990280E-1
-5.063780E-1
-5.137280E-1
-5.210780E-1
-5.298980E-1
-5.372480E-1
-5.431280E-1
-5.475380E-1
-5.490080E-1
-5.475380E-1
-5.416580E-1
-5.343080E-1
-5.225480E-1
-5.078480E-1
-4.931480E-1
-4.784480E-1
-4.652180E-1
-4.534580E-1
-4.461080E-1
-4.416980E-1
-4.402280E-1
-4.416980E-1
-4.475780E-1
-4.563980E-1
-4.666880E-1
-4.784480E-1
-4.902080E-1
-5.049080E-1
-5.181380E-1
-5.313680E-1
-5.431280E-1
-5.534180E-1
-5.592980E-1
-5.637080E-1
-5.622380E-1
-5.578280E-1
-5.504780E-1
-5.401880E-1
-5.284280E-1
-5.151980E-1
-5.034380E-1
-4.931480E-1
-4.857980E-1
-4.784480E-1
-4.755080E-1
-4.725680E-1
-4.725680E-1
-4.740380E-1
-4.769780E-1
-4.799180E-1
-4.843280E-1
-4.902080E-1
-4.946180E-1
-4.990280E-1
-5.019680E-1
-5.034380E-1
-5.034380E-1
-5.019680E-1
-5.004980E-1
-4.960880E-1
-4.916780E-1
-4.887380E-1
-4.857980E-1
-4.828580E-1
-4.828580E-1
-4.857980E-1
-4.887380E-1
-4.946180E-1
-5.019680E-1
-5.093180E-1
-5.166680E-1
-5.240180E-1
-5.298980E-1
-5.328380E-1
-5.343080E-1
-5.328380E-1
-5.298980E-1
-5.225480E-1
-5.137280E-1
-5.034380E-1
-4.887380E-1
-4.755080E-1
-4.608080E-1
-4.461080E-1
-4.328780E-1
-4.225880E-1
-4.152380E-1
-4.093580E-1
-4.078880E-1
-4.078880E-1
-4.108280E-1
-4.152380E-1
-4.225880E-1
-4.314080E-1
-4.431680E-1
-4.563980E-1
-4.710980E-1
-4.857980E-1
-5.019680E-1
-5.166680E-1
-5.298980E-1
-5.387180E-1
-5.445980E-1
-5.460680E-1
-5.431280E-1
-5.357780E-1
-5.269580E-1
-5.181380E-1
-5.078480E-1
-4.990280E-1
-4.931480E-1
-4.872680E-1
-4.843280E-1
-4.828580E-1
-4.813880E-1
-4.813880E-1
-4.784480E-1
-4.769780E-1
-4.710980E-1
-4.652180E-1
-4.563980E-1
-4.461080E-1
-4.358180E-1
-4.240580E-1
-4.137680E-1
-4.049480E-1
-3.975980E-1
-3.946580E-1
-3.961280E-1
-4.005380E-1
-4.064180E-1
-4.152380E-1
-4.255280E-1
-4.343480E-1
-4.431680E-1
-4.490480E-1
-4.534580E-1
-4.549280E-1
-4.549280E-1
-4.519880E-1
-4.461080E-1
-4.387580E-1
-4.284680E-1
-4.167080E-1
-4.034780E-1
-3.902480E-1
-3.755480E-1
-3.637880E-1
-3.534980E-1
-3.476180E-1
-3.446780E-1
-3.446780E-1
-3.490880E-1
-3.579080E-1
-3.696680E-1
-3.843680E-1
-4.034780E-1
-4.225880E-1
-4.446380E-1
-4.666880E-1
-4.902080E-1
-5.107880E-1
-5.313680E-1
-5.490080E-1
-5.622380E-1
-5.725280E-1
-5.798780E-1
-5.828180E-1
-5.828180E-1
-5.813480E-1
-5.754680E-1
-5.695880E-1
-5.607680E-1
-5.534180E-1
-5.460680E-1
-5.387180E-1
-5.343080E-1
-5.313680E-1
-5.313680E-1
-5.328380E-1
-5.357780E-1
-5.401880E-1
-5.445980E-1
-5.490080E-1
-5.519480E-1
-5.534180E-1
-5.534180E-1
-5.519480E-1
-5.504780E-1
-5.475380E-1
-5.460680E-1
-5.431280E-1
-5.401880E-1
-5.357780E-1
-5.313680E-1
-5.254880E-1
-5.181380E-1
-5.093180E-1
-4.990280E-1
-4.872680E-1
-4.755080E-1
-4.622780E-1
-4.490480E-1
-4.358180E-1
-4.225880E-1
-4.122980E-1
-4.020080E-1
-3.931880E-1
-3.858380E-1
-3.814280E-1
-3.784880E-1
-3.770180E-1
-3.784880E-1
-3.814280E-1
-3.858380E-1
-3.902480E-1
-3.961280E-1
-4.005380E-1
-4.064180E-1
-4.108280E-1
-4.137680E-1
-4.167080E-1
-4.181780E-1
-4.196480E-1
-4.225880E-1
-4.255280E-1
-4.284680E-1
-4.328780E-1
-4.372880E-1
-4.416980E-1
-4.446380E-1
-4.475780E-1
-4.505180E-1
-4.534580E-1
-4.563980E-1
-4.608080E-1
-4.666880E-1
-4.740380E-1
-4.813880E-1
-4.902080E-1
-4.990280E-1
-5.063780E-1
-5.122580E-1
-5.181380E-1
-5.210780E-1
-5.254880E-1
-5.269580E-1
-5.284280E-1
-5.298980E-1
-5.298980E-1
-5.269580E-1
-5.240180E-1
-5.196080E-1
-5.122580E-1
-5.034380E-1
-4.931480E-1
-4.813880E-1
-4.681580E-1
-4.563980E-1
-4.461080E-1
-4.372880E-1
-4.299380E-1
-4.269980E-1
-4.269980E-1
-4.314080E-1
-4.372880E-1
-4.461080E-1
-4.593380E-1
-4.725680E-1
-4.872680E-1
-5.019680E-1
-5.166680E-1
-5.298980E-1
-5.401880E-1
-5.475380E-1
-5.519480E-1
-5.519480E-1
-5.490080E-1
-5.431280E-1
-5.387180E-1
-5.328380E-1
-5.298980E-1
-5.269580E-1
-5.284280E-1
-5.313680E-1
-5.357780E-1
-5.401880E-1
-5.431280E-1
-5.460680E-1
-5.460680E-1
-5.445980E-1
-5.401880E-1
-5.357780E-1
-5.313680E-1
-5.298980E-1
-5.284280E-1
-5.298980E-1
-5.343080E-1
-5.416580E-1
-5.490080E-1
-5.592980E-1
-5.666480E-1
-5.725280E-1
-5.754680E-1
-5.739980E-1
-5.695880E-1
-5.607680E-1
-5.504780E-1
-5.372480E-1
-5.240180E-1
-5.122580E-1
-5.019680E-1
-4.931480E-1
-4.872680E-1
-4.843280E-1
-4.843280E-1
-4.857980E-1
-4.902080E-1
-4.960880E-1
-5.019680E-1
-5.093180E-1
-5.151980E-1
-5.210780E-1
-5.269580E-1
-5.298980E-1
-5.313680E-1
-5.313680E-1
-5.313680E-1
-5.284280E-1
-5.254880E-1
-5.210780E-1
-5.181380E-1
-5.166680E-1
-5.166680E-1
-5.181380E-1
-5.210780E-1
-5.269580E-1
-5.328380E-1
-5.387180E-1
-5.460680E-1
-5.504780E-1
-5.534180E-1
-5.548880E-1
-5.548880E-1
-5.519480E-1
-5.460680E-1
-5.401880E-1
-5.343080E-1
-5.298980E-1
-5.269580E-1
-5.254880E-1
-5.254880E-1
-5.284280E-1
-5.313680E-1
-5.357780E-1
-5.416580E-1
-5.445980E-1
-5.475380E-1
-5.504780E-1
-5.519480E-1
-5.534180E-1
-5.534180E-1
-5.548880E-1
-5.534180E-1
-5.504780E-1
-5.475380E-1
-5.401880E-1
-5.328380E-1
-5.225480E-1
-5.107880E-1
-5.004980E-1
-4.902080E-1
-4.813880E-1
-4.755080E-1
-4.696280E-1
-4.652180E-1
-4.608080E-1
-4.578680E-1
-4.519880E-1
-4.475780E-1
-4.416980E-1
-4.372880E-1
-4.358180E-1
-4.343480E-1
-4.372880E-1
-4.431680E-1
-4.519880E-1
-4.622780E-1
-4.725680E-1
-4.843280E-1
-4.960880E-1
-5.063780E-1
-5.166680E-1
-5.225480E-1
-5.269580E-1
-5.284280E-1
-5.254880E-1
-5.196080E-1
-5.093180E-1
-4.960880E-1
-4.813880E-1
-4.652180E-1
-4.505180E-1
-4.358180E-1
-4.255280E-1
-4.181780E-1
-4.152380E-1
-4.152380E-1
-4.211180E-1
-4.299380E-1
-4.416980E-1
-4.563980E-1
-4.696280E-1
-4.828580E-1
-4.946180E-1
-5.049080E-1
-5.107880E-1
-5.151980E-1
-5.166680E-1
-5.151980E-1
-5.137280E-1
-5.093180E-1
-5.049080E-1
-5.004980E-1
-4.931480E-1
-4.872680E-1
-4.799180E-1
-4.725680E-1
-4.666880E-1
-4.608080E-1
-4.563980E-1
-4.549280E-1
-4.534580E-1
-4.563980E-1
-4.593380E-1
-4.652180E-1
-4.710980E-1
-4.769780E-1
-4.828580E-1
-4.872680E-1
-4.887380E-1
-4.902080E-1
-4.887380E-1
-4.843280E-1
-4.784480E-1
-4.710980E-1
-4.622780E-1
-4.534580E-1
-4.461080E-1
-4.402280E-1
-4.358180E-1
-4.358180E-1
-4.372880E-1
-4.431680E-1
-4.505180E-1
-4.593380E-1
-4.710980E-1
-4.813880E-1
-4.902080E-1
-4.960880E-1
-5.004980E-1
-5.019680E-1
-5.019680E-1
-5.004980E-1
-4.975580E-1
-4.946180E-1
-4.931480E-1
-4.916780E-1
-4.931480E-1
-4.946180E-1
-4.960880E-1
-4.990280E-1
-5.004980E-1
-5.034380E-1
-5.049080E-1
-5.049080E-1
-5.063780E-1
-5.063780E-1
-5.078480E-1
-5.078480E-1
-5.107880E-1
-5.122580E-1
-5.151980E-1
-5.166680E-1
-5.181380E-1
-5.196080E-1
-5.196080E-1
-5.210780E-1
-5.225480E-1
-5.254880E-1
-5.313680E-1
-5.372480E-1
-5.445980E-1
-5.519480E-1
-5.592980E-1
-5.666480E-1
-5.695880E-1
-5.725280E-1
-5.725280E-1
-5.725280E-1
-5.710580E-1
-5.681180E-1
-5.651780E-1
-5.592980E-1
-5.534180E-1
-5.460680E-1
-5.372480E-1
-5.269580E-1
-5.137280E-1
-5.019680E-1
-4.902080E-1
-4.784480E-1
-4.710980E-1
-4.637480E-1
-4.608080E-1
-4.593380E-1
-4.608080E-1
-4.637480E-1
-4.681580E-1
-4.755080E-1
-4.843280E-1
-4.946180E-1
-5.063780E-1
-5.181380E-1
-5.313680E-1
-5.431280E-1
-5.548880E-1
-5.622380E-1
-5.666480E-1
-5.666480E-1
-5.622380E-1
-5.548880E-1
-5.460680E-1
-5.372480E-1
-5.298980E-1
-5.225480E-1
-5.181380E-1
-5.151980E-1
-5.122580E-1
-5.122580E-1
-5.107880E-1
-5.078480E-1
-5.063780E-1
-5.049080E-1
-5.034380E-1
-5.034380E-1
-5.063780E-1
-5.093180E-1
-5.151980E-1
-5.225480E-1
-5.313680E-1
-5.387180E-1
-5.445980E-1
-5.504780E-1
-5.519480E-1
-5.504780E-1
-5.460680E-1
-5.401880E-1
-5.328380E-1
-5.254880E-1
-5.196080E-1
-5.137280E-1
-5.093180E-1
-5.063780E-1
-5.049080E-1
-5.034380E-1
-5.004980E-1
-4.990280E-1
-4.946180E-1
-4.902080E-1
-4.857980E-1
-4.784480E-1
-4.725680E-1
-4.666880E-1
-4.622780E-1
-4.563980E-1
-4.534580E-1
-4.505180E-1
-4.490480E-1
-4.490480E-1
-4.490480E-1
-4.490480E-1
-4.490480E-1
-4.490480E-1
-4.490480E-1
-4.490480E-1
-4.490480E-1
-4.490480E-1
-4.505180E-1
-4.549280E-1
-4.593380E-1
-4.681580E-1
-4.784480E-1
-4.902080E-1
-5.034380E-1
-5.166680E-1
-5.298980E-1
-5.416580E-1
-5.534180E-1
-5.607680E-1
-5.666480E-1
-5.695880E-1
-5.710580E-1
-5.695880E-1
-5.681180E-1
-5.651780E-1
-5.637080E-1
-5.622380E-1
-5.622380E-1
-5.607680E-1
-5.592980E-1
-5.592980E-1
-5.578280E-1
-5.548880E-1
-5.504780E-1
-5.475380E-1
-5.431280E-1
-5.387180E-1
-5.372480E-1
-5.357780E-1
-5.357780E-1
-5.357780E-1
-5.372480E-1
-5.387180E-1
-5.372480E-1
-5.372480E-1
-5.343080E-1
-5.313680E-1
-5.269580E-1
-5.225480E-1
-5.196080E-1
-5.181380E-1
-5.181380E-1
-5.196080E-1
-5.210780E-1
-5.254880E-1
-5.298980E-1
-5.343080E-1
-5.372480E-1
-5.387180E-1
-5.387180E-1
-5.357780E-1
-5.313680E-1
-5.269580E-1
-5.196080E-1
-5.137280E-1
-5.078480E-1
-5.034380E-1
-4.990280E-1
-4.960880E-1
-4.931480E-1
-4.902080E-1
-4.887380E-1
-4.857980E-1
-4.843280E-1
-4.843280E-1
-4.828580E-1
-4.828580E-1
-4.828580E-1
-4.843280E-1
-4.843280E-1
-4.857980E-1
-4.843280E-1
-4.843280E-1
-4.828580E-1
-4.813880E-1
-4.799180E-1
-4.784480E-1
-4.784480E-1
-4.799180E-1
-4.828580E-1
-4.872680E-1
-4.931480E-1
-5.004980E-1
-5.063780E-1
-5.122580E-1
-5.137280E-1
-5.122580E-1
-5.078480E-1
-5.004980E-1
-4.887380E-1
-4.784480E-1
-4.666880E-1
-4.578680E-1
-4.519880E-1
-4.490480E-1
-4.490480E-1
-4.519880E-1
-4.593380E-1
-4.666880E-1
-4.769780E-1
-4.872680E-1
-4.990280E-1
-5.093180E-1
-5.210780E-1
-5.313680E-1
-5.401880E-1
-5.475380E-1
-5.490080E-1
-5.475380E-1
-5.431280E-1
-5.343080E-1
-5.225480E-1
-5.093180E-1
-4.960880E-1
-4.828580E-1
-4.725680E-1
-4.637480E-1
-4.578680E-1
-4.534580E-1
-4.534580E-1
-4.563980E-1
-4.608080E-1
-4.681580E-1
-4.755080E-1
-4.843280E-1
-4.916780E-1
-4.990280E-1
-5.034380E-1
-5.049080E-1
-5.049080E-1
-5.004980E-1
-4.946180E-1
-4.872680E-1
-4.813880E-1
-4.755080E-1
-4.740380E-1
-4.740380E-1
-4.769780E-1
-4.828580E-1
-4.902080E-1
-5.004980E-1
-5.093180E-1
-5.196080E-1
-5.284280E-1
-5.357780E-1
-5.416580E-1
-5.460680E-1
-5.490080E-1
-5.534180E-1
-5.563580E-1
-5.592980E-1
-5.651780E-1
-5.695880E-1
-5.769380E-1
-5.828180E-1
-5.886980E-1
-5.931080E-1
-5.960480E-1
-5.960480E-1
-5.901680E-1
-5.813480E-1
-5.681180E-1
-5.490080E-1
-5.254880E-1
-4.975580E-1
-4.681580E-1
-4.387580E-1
-4.093580E-1
-3.843680E-1
-3.637880E-1
-3.490880E-1
-3.446780E-1
-3.490880E-1
-3.637880E-1
-3.887780E-1
-4.255280E-1
-4.740380E-1
-5.298980E-1
-5.945780E-1
-6.666080E-1
-7.430480E-1
-8.224280E-1
-9.047480E-1
-9.855980E-1
-1.066448E+0
-1.144358E+0
-1.217858E+0
-1.285478E+0
-1.348688E+0
-1.403078E+0
-1.450118E+0
-1.488338E+0
-1.517738E+0
-1.541258E+0
-1.557428E+0
-1.572128E+0
-1.583888E+0
-1.595648E+0
-1.610348E+0
-1.627988E+0
-1.650038E+0
-1.675028E+0
-1.702958E+0
-1.733828E+0
-1.761758E+0
-1.788218E+0
-1.808798E+0
-1.822028E+0
-1.826438E+0
-1.824968E+0
-1.817618E+0
-1.804388E+0
-1.789688E+0
-1.774988E+0
-1.761758E+0
-1.752938E+0
-1.747058E+0
-1.745588E+0
-1.747058E+0
-1.754408E+0
-1.764698E+0
-1.777928E+0
-1.791158E+0
-1.805858E+0
-1.822028E+0
-1.838198E+0
-1.851428E+0
-1.863188E+0
-1.872008E+0
-1.876418E+0
-1.877888E+0
-1.874948E+0
-1.866128E+0
-1.855838E+0
-1.842608E+0
-1.827908E+0
-1.813208E+0
-1.798508E+0
-1.785278E+0
-1.774988E+0
-1.766168E+0
-1.760288E+0
-1.757348E+0
-1.755878E+0
-1.758818E+0
-1.763228E+0
-1.770578E+0
-1.780868E+0
-1.792628E+0
-1.805858E+0
-1.820558E+0
-1.836728E+0
-1.852898E+0
-1.872008E+0
-1.891118E+0
-1.910228E+0
-1.930808E+0
-1.951388E+0
-1.970498E+0
-1.988138E+0
-2.004308E+0
-2.017538E+0
-2.029298E+0
-2.038118E+0
-2.045468E+0
-2.048408E+0
-2.048408E+0
-2.045468E+0
-2.039588E+0
-2.029298E+0
-2.016068E+0
-1.999898E+0
-1.983728E+0
-1.967558E+0
-1.954328E+0
-1.942568E+0
-1.933748E+0
-1.929338E+0
-1.926398E+0
-1.926398E+0
-1.929338E+0
-1.932278E+0
-1.939628E+0
-1.949918E+0
-1.961678E+0
-1.977848E+0
-1.996958E+0
-2.017538E+0
-2.038118E+0
-2.058698E+0
-2.076338E+0
-2.089568E+0
-2.098388E+0
-2.104268E+0
-2.105738E+0
-2.105738E+0
-2.101328E+0
-2.096918E+0
-2.092508E+0
-2.088098E+0
-2.083688E+0
-2.082218E+0
-2.082218E+0
-2.085158E+0
-2.089568E+0
-2.093978E+0
-2.099858E+0
-2.104268E+0
-2.107208E+0
-2.108678E+0
-2.107208E+0
-2.104268E+0
-2.099858E+0
-2.096918E+0
-2.096918E+0
-2.099858E+0
-2.105738E+0
-2.116028E+0
-2.129258E+0
-2.145428E+0
-2.163068E+0
-2.182178E+0
-2.201288E+0
-2.221868E+0
-2.240978E+0
-2.261558E+0
-2.282138E+0
-2.302718E+0
-2.323298E+0
-2.342408E+0
-2.358578E+0
-2.371808E+0
-2.379158E+0
-2.385038E+0
-2.383568E+0
-2.377688E+0
-2.367398E+0
-2.352698E+0
-2.335058E+0
-2.314478E+0
-2.295368E+0
-2.276258E+0
-2.260088E+0
-2.248328E+0
-2.242448E+0
-2.240978E+0
-2.246858E+0
-2.258618E+0
-2.274788E+0
-2.293898E+0
-2.315948E+0
-2.337998E+0
-2.357108E+0
-2.374748E+0
-2.387978E+0
-2.395328E+0
-2.395328E+0
-2.390918E+0
-2.379158E+0
-2.365928E+0
-2.351228E+0
-2.337998E+0
-2.329178E+0
-2.326238E+0
-2.330648E+0
-2.342408E+0
-2.360048E+0
-2.380628E+0
-2.404148E+0
-2.423258E+0
-2.439428E+0
-2.448248E+0
-2.451188E+0
-2.449718E+0
-2.443838E+0
-2.439428E+0
-2.437958E+0
-2.443838E+0
-2.457068E+0
-2.479118E+0
-2.508518E+0
-2.545268E+0
-2.586428E+0
-2.627588E+0
-2.665808E+0
-2.698148E+0
-2.723138E+0
-2.739308E+0
-2.745188E+0
-2.742248E+0
-2.731958E+0
-2.715788E+0
-2.696678E+0
-2.674628E+0
-2.654048E+0
-2.631998E+0
-2.614358E+0
-2.596718E+0
-2.582018E+0
-2.571728E+0
-2.564378E+0
-2.562908E+0
-2.567318E+0
-2.579078E+0
-2.596718E+0
-2.620238E+0
-2.651108E+0
-2.684918E+0
-2.721668E+0
-2.756948E+0
-2.786348E+0
-2.809868E+0
-2.823098E+0
-2.823098E+0
-2.809868E+0
-2.784878E+0
-2.751068E+0
-2.711378E+0
-2.668748E+0
-2.629058E+0
-2.592308E+0
-2.562908E+0
-2.542328E+0
-2.529098E+0
-2.523218E+0
-2.527628E+0
-2.539388E+0
-2.558498E+0
-2.583488E+0
-2.614358E+0
-2.649638E+0
-2.687858E+0
-2.724608E+0
-2.761358E+0
-2.793698E+0
-2.820158E+0
-2.837798E+0
-2.848088E+0
-2.848088E+0
-2.836328E+0
-2.818688E+0
-2.796638E+0
-2.770178E+0
-2.743718E+0
-2.720198E+0
-2.699618E+0
-2.687858E+0
-2.683448E+0
-2.687858E+0
-2.699618E+0
-2.718728E+0
-2.742248E+0
-2.768708E+0
-2.795168E+0
-2.821628E+0
-2.846618E+0
-2.868668E+0
-2.889248E+0
-2.906888E+0
-2.923058E+0
-2.937758E+0
-2.949518E+0
-2.959808E+0
-2.965688E+0
-2.965688E+0
-2.962748E+0
-2.955398E+0
-2.945108E+0
-2.928938E+0
-2.908358E+0
-2.886308E+0
-2.864258E+0
-2.840738E+0
-2.821628E+0
-2.805458E+0
-2.796638E+0
-2.795168E+0
-2.801048E+0
-2.815748E+0
-2.834858E+0
-2.859848E+0
-2.886308E+0
-2.911298E+0
-2.933348E+0
-2.952458E+0
-2.965688E+0
-2.975978E+0
-2.981858E+0
-2.984798E+0
-2.986268E+0
-2.986268E+0
-2.984798E+0
-2.981858E+0
-2.977448E+0
-2.971568E+0
-2.965688E+0
-2.961278E+0
-2.956868E+0
-2.956868E+0
-2.961278E+0
-2.971568E+0
-2.983328E+0
-2.999498E+0
-3.018608E+0
-3.039188E+0
-3.058298E+0
-3.074468E+0
-3.089168E+0
-3.099458E+0
-3.106808E+0
-3.112688E+0
-3.114158E+0
-3.115628E+0
-3.118568E+0
-3.121508E+0
-3.127388E+0
-3.136208E+0
-3.147968E+0
-3.161198E+0
-3.174428E+0
-3.187658E+0
-3.200888E+0
-3.214118E+0
-3.224408E+0
-3.233228E+0
-3.243518E+0
-3.253808E+0
-3.264098E+0
-3.275858E+0
-3.287618E+0
-3.297908E+0
-3.308198E+0
-3.315548E+0
-3.319958E+0
-3.319958E+0
-3.319958E+0
-3.315548E+0
-3.312608E+0
-3.309668E+0
-3.306728E+0
-3.309668E+0
-3.312608E+0
-3.322898E+0
-3.334658E+0
-3.349358E+0
-3.365528E+0
-3.381698E+0
-3.396398E+0
-3.409628E+0
-3.419918E+0
-3.425798E+0
-3.428738E+0
-3.428738E+0
-3.427268E+0
-3.424328E+0
-3.418448E+0
-3.409628E+0
-3.399338E+0
-3.386108E+0
-3.368468E+0
-3.347888E+0
-3.325838E+0
-3.303788E+0
-3.283208E+0
-3.262628E+0
-3.244988E+0
-3.228818E+0
-3.217058E+0
-3.208238E+0
-3.203828E+0
-3.199418E+0
-3.197948E+0
-3.197948E+0
-3.202358E+0
-3.211178E+0
-3.225878E+0
-3.244988E+0
-3.272918E+0
-3.306728E+0
-3.342008E+0
-3.377288E+0
-3.406688E+0
-3.428738E+0
-3.440498E+0
-3.437558E+0
-3.424328E+0
-3.399338E+0
-3.368468E+0
-3.336128E+0
-3.303788E+0
-3.277328E+0
-3.256748E+0
-3.244988E+0
-3.239108E+0
-3.239108E+0
-3.244988E+0
-3.255278E+0
-3.268508E+0
-3.283208E+0
-3.299378E+0
-3.319958E+0
-3.344948E+0
-3.374348E+0
-3.406688E+0
-3.444908E+0
-3.486068E+0
-3.527228E+0
-3.563978E+0
-3.593378E+0
-3.611018E+0
-3.618368E+0
-3.612488E+0
-3.600728E+0
-3.584558E+0
-3.568388E+0
-3.558098E+0
-3.558098E+0
-3.563978E+0
-3.578678E+0
-3.597788E+0
-3.616898E+0
-3.636008E+0
-3.649238E+0
-3.656588E+0
-3.656588E+0
-3.650708E+0
-3.638948E+0
-3.622778E+0
-3.605138E+0
-3.586028E+0
-3.565448E+0
-3.546338E+0
-3.530168E+0
-3.518408E+0
-3.511058E+0
-3.505178E+0
-3.503708E+0
-3.505178E+0
-3.509588E+0
-3.515468E+0
-3.521348E+0
-3.527228E+0
-3.536048E+0
-3.547808E+0
-3.562508E+0
-3.578678E+0
-3.599258E+0
-3.624248E+0
-3.653648E+0
-3.683048E+0
-3.712448E+0
-3.741848E+0
-3.768308E+0
-3.793298E+0
-3.815348E+0
-3.834458E+0
-3.853568E+0
-3.872678E+0
-3.891788E+0
-3.909428E+0
-3.927068E+0
-3.938828E+0
-3.944708E+0
-3.940298E+0
-3.927068E+0
-3.905018E+0
-3.877088E+0
-3.844748E+0
-3.813878E+0
-3.783008E+0
-3.758018E+0
-3.737438E+0
-3.719798E+0
-3.708038E+0
-3.697748E+0
-3.690398E+0
-3.681578E+0
-3.672758E+0
-3.665408E+0
-3.659528E+0
-3.655118E+0
-3.656588E+0
-3.665408E+0
-3.680108E+0
-3.706568E+0
-3.741848E+0
-3.787418E+0
-3.837398E+0
-3.891788E+0
-3.946178E+0
-3.996158E+0
-4.041728E+0
-4.078478E+0
-4.106408E+0
-4.129928E+0
-4.150508E+0
-4.166678E+0
-4.182848E+0
-4.197548E+0
-4.209308E+0
-4.221068E+0
-4.225478E+0
-4.226948E+0
-4.222538E+0
-4.213718E+0
-4.204898E+0
-4.196078E+0
-4.190198E+0
-4.188728E+0
-4.191668E+0
-4.196078E+0
-4.201958E+0
-4.206368E+0
-4.206368E+0
-4.201958E+0
-4.191668E+0
-4.174028E+0
-4.151978E+0
-4.126988E+0
-4.100528E+0
-4.072598E+0
-4.046138E+0
-4.021148E+0
-3.997628E+0
-3.975578E+0
-3.954998E+0
-3.937358E+0
-3.922658E+0
-3.909428E+0
-3.894728E+0
-3.877088E+0
-3.856508E+0
-3.831518E+0
-3.803588E+0
-3.775658E+0
-3.752138E+0
-3.738908E+0
-3.740378E+0
-3.759488E+0
-3.796238E+0
-3.852098E+0
-3.924128E+0
-4.006448E+0
-4.094648E+0
-4.182848E+0
-4.263698E+0
-4.331318E+0
-4.381298E+0
-4.415108E+0
-4.434218E+0
-4.438628E+0
-4.432748E+0
-4.422458E+0
-4.407758E+0
-4.394528E+0
-4.381298E+0
-4.371008E+0
-4.365128E+0
-4.362188E+0
-4.362188E+0
-4.368068E+0
-4.378358E+0
-4.394528E+0
-4.413638E+0
-4.438628E+0
-4.462148E+0
-4.481258E+0
-4.494488E+0
-4.500368E+0
-4.494488E+0
-4.482728E+0
-4.468028E+0
-4.451858E+0
-4.445978E+0
-4.448918E+0
-4.468028E+0
-4.497428E+0
-4.535648E+0
-4.579748E+0
-4.620908E+0
-4.651778E+0
-4.670888E+0
-4.675298E+0
-4.662068E+0
-4.635608E+0
-4.598858E+0
-4.557698E+0
-4.520948E+0
-4.490078E+0
-4.466558E+0
-4.456268E+0
-4.459208E+0
-4.479788E+0
-4.516538E+0
-4.566518E+0
-4.629728E+0
-4.706168E+0
-4.788488E+0
-4.870808E+0
-4.945778E+0
-5.007518E+0
-5.048678E+0
-5.072198E+0
-5.072198E+0
-5.051618E+0
-5.017808E+0
-4.979588E+0
-4.942838E+0
-4.913438E+0
-4.894328E+0
-4.886978E+0
-4.886978E+0
-4.892858E+0
-4.901678E+0
-4.907558E+0
-4.904618E+0
-4.897268E+0
-4.882568E+0
-4.866398E+0
-4.850228E+0
-4.835528E+0
-4.828178E+0
-4.825238E+0
-4.831118E+0
-4.841408E+0
-4.851698E+0
-4.860518E+0
-4.860518E+0
-4.850228E+0
-4.831118E+0
-4.801718E+0
-4.762028E+0
-4.713518E+0
-4.665008E+0
-4.617968E+0
-4.573868E+0
-4.540058E+0
-4.516538E+0
-4.503308E+0
-4.504778E+0
-4.520948E+0
-4.548878E+0
-4.590038E+0
-4.637078E+0
-4.687058E+0
-4.738508E+0
-4.788488E+0
-4.825238E+0
-4.850228E+0
-4.857578E+0
-4.850228E+0
-4.829648E+0
-4.801718E+0
-4.764968E+0
-4.725278E+0
-4.685588E+0
-4.648838E+0
-4.612088E+0
-4.579748E+0
-4.547408E+0
-4.519478E+0
-4.500368E+0
-4.488608E+0
-4.484198E+0
-4.493018E+0
-4.510658E+0
-4.532708E+0
-4.562108E+0
-4.588568E+0
-4.607678E+0
-4.620908E+0
-4.622378E+0
-4.617968E+0
-4.603268E+0
-4.587098E+0
-4.567988E+0
-4.550348E+0
-4.540058E+0
-4.531238E+0
-4.528298E+0
-4.528298E+0
-4.531238E+0
-4.540058E+0
-4.553288E+0
-4.572398E+0
-4.597388E+0
-4.629728E+0
-4.670888E+0
-4.717928E+0
-4.767908E+0
-4.814948E+0
-4.856108E+0
-4.886978E+0
-4.903148E+0
-4.907558E+0
-4.903148E+0
-4.897268E+0
-4.894328E+0
-4.904618E+0
-4.932548E+0
-4.979588E+0
-5.047208E+0
-5.135408E+0
-5.236838E+0
-5.347088E+0
-5.458808E+0
-5.569058E+0
-5.667548E+0
-5.751338E+0
-5.814548E+0
-5.855708E+0
-5.871878E+0
-5.858648E+0
-5.817488E+0
-5.754278E+0
-5.676368E+0
-5.580818E+0
-5.480858E+0
-5.375018E+0
-5.261828E+0
-5.138348E+0
-4.997228E+0
-4.834058E+0
-4.648838E+0
-4.447448E+0
-4.240178E+0
-4.031438E+0
-3.824168E+0
-3.509588E+0
-2.817218E+0
-1.886708E+0
-1.107608E+0
-4.902080E-1
7.280200E-2
5.579020E-1
9.239320E-1
1.181182E+0
1.360522E+0
1.482532E+0
1.558972E+0
1.582492E+0
1.545742E+0
1.451662E+0
1.298782E+0
1.090042E+0
8.430820E-1
5.652520E-1
2.462620E-1
-1.109480E-1
-5.225480E-1
-9.855980E-1
-1.466288E+0
-1.945508E+0
-2.408558E+0
-2.852498E+0
-3.280268E+0
-3.694808E+0
-4.094648E+0
-4.482728E+0
-4.856108E+0
-5.208908E+0
-5.541128E+0
-5.848358E+0
-6.140888E+0
-6.427538E+0
-6.714188E+0
-7.033178E+0
-7.393328E+0
-7.818158E+0
-8.347358E+0
-9.019148E+0
-9.914378E+0
-1.118152E+1
-1.349383E+1
-2.000005E+1
-2.000005E+1
-2.000005E+1
-2.000005E+1
-2.000005E+1
-1.338799E+1
-1.163869E+1
-1.062439E+1
-9.955538E+0
-9.480728E+0
-9.133808E+0
-8.885378E+0
-8.698688E+0
-8.570798E+0
-8.494358E+0
-8.450258E+0
-8.429678E+0
-8.429678E+0
-8.462018E+0
-8.526698E+0
-8.616368E+0
-8.747198E+0
-8.898608E+0
-9.061778E+0
-9.207308E+0
-9.316088E+0
-9.346958E+0
-9.238178E+0
-9.019148E+0
-8.747198E+0
-8.462018E+0
-8.209178E+0
-8.009258E+0
-7.882838E+0
-7.841678E+0
-7.899008E+0
-8.044538E+0
-8.276798E+0
-8.570798E+0
-8.925068E+0
-9.299918E+0
-9.676238E+0
-9.999638E+0
-1.025248E+1
-1.045681E+1
-1.065379E+1
-1.093456E+1
-1.133734E+1
-1.210027E+1
-1.372315E+1
-2.000005E+1
-2.000005E+1
-2.000005E+1
-2.000005E+1
-2.000005E+1
-2.000005E+1
-2.000005E+1
-2.000005E+1
-2.000005E+1
-2.000005E+1
-2.000005E+1
-2.000005E+1
-2.000005E+1
-2.000005E+1
-2.000005E+1
-2.000005E+1
-2.000005E+1
-2.000005E+1
-2.000005E+1
-2.000005E+1
-2.000005E+1
-2.000005E+1
-2.000005E+1
-2.000005E+1
-1.284262E+1
-1.118152E+1
-1.040389E+1
-9.977588E+0
-9.811478E+0
-9.792368E+0
-9.934958E+0
-1.022749E+1
-1.071259E+1
-1.129765E+1
-1.193563E+1
-1.240750E+1
-1.234135E+1
-1.178275E+1
-1.103746E+1
-1.030099E+1
-9.695348E+0
-9.207308E+0
-8.833928E+0
-8.560508E+0
-8.367938E+0
-8.228288E+0
-8.134208E+0
-8.079818E+0
-8.062178E+0
-8.070998E+0
-8.097458E+0
-8.143028E+0
-8.219468E+0
-8.297378E+0
-8.357648E+0
-8.367938E+0
-8.316488E+0
-8.190068E+0
-8.000438E+0
-7.763768E+0
-7.521218E+0
-7.303658E+0
-7.122848E+0
-6.989078E+0
-6.914108E+0
-6.897938E+0
-6.944978E+0
-7.049348E+0
-7.216928E+0
-7.438898E+0
-7.709378E+0
-8.044538E+0
-8.429678E+0
-8.872148E+0
-9.379298E+0
-9.977588E+0
-1.065379E+1
-1.141966E+1
-1.221787E+1
-1.292494E+1
-1.319101E+1
-1.301020E+1
-1.261330E+1
-1.215907E+1
-1.178275E+1
-1.154902E+1
-1.150492E+1
-1.173277E+1
-1.234135E+1
-1.384663E+1
-2.000005E+1
-2.000005E+1
-2.000005E+1
-2.000005E+1
-2.000005E+1
-2.000005E+1
-2.000005E+1
-2.000005E+1
-1.761424E+1
-1.159312E+1
-1.010989E+1
-9.269048E+0
-8.735438E+0
-8.409098E+0
-8.228288E+0
-8.134208E+0
-8.107748E+0
-8.097458E+0
-8.088638E+0
-8.053358E+0
-7.991618E+0
-7.899008E+0
-7.818158E+0
-7.763768E+0
-7.747598E+0
-7.787288E+0
-7.882838E+0
-8.044538E+0
-8.267978E+0
-8.526698E+0
-8.783948E+0
-9.019148E+0
-9.177908E+0
-9.269048E+0
-9.238178E+0
-9.119108E+0
-8.938298E+0
-8.758958E+0
-8.570798E+0
-8.419388E+0
-8.306198E+0
-8.228288E+0
-8.209178E+0
-8.267978E+0
-8.388518E+0
-8.616368E+0
-8.951528E+0
-9.463088E+0
-1.022749E+1
-1.163869E+1
-1.761424E+1
-2.000005E+1
-2.000005E+1
-2.000005E+1
-2.000005E+1
-2.000005E+1
-2.000005E+1
-2.000005E+1
-2.000005E+1
-2.000005E+1
-2.000005E+1
-2.000005E+1
-2.000005E+1
-2.000005E+1
-2.000005E+1
-2.000005E+1
-2.000005E+1
-2.000005E+1
-2.000005E+1
-2.000005E+1
-2.000005E+1
-1.384663E+1
-1.074346E+1
-9.549818E+0
-8.872148E+0
-8.462018E+0
-8.247398E+0
-8.209178E+0
-8.326778E+0
-8.616368E+0
-9.119108E+0
-9.934958E+0
-1.141966E+1
-1.761424E+1
-2.000005E+1
-2.000005E+1
-2.000005E+1
-2.000005E+1
-2.000005E+1
-2.000005E+1
-2.000005E+1
-2.000005E+1
-2.000005E+1
-2.000005E+1
-1.650439E+1
-2.000005E+1
-2.000005E+1
-2.000005E+1
-2.000005E+1
-2.000005E+1
-2.000005E+1
-2.000005E+1
-2.000005E+1
-2.000005E+1
-2.000005E+1
-2.000005E+1
-1.338799E+1
-1.100218E+1
-9.914378E+0
-9.283748E+0
-8.898608E+0
-8.663408E+0
-8.560508E+0
-8.548748E+0
-8.604608E+0
-8.710448E+0
-8.872148E+0
-9.075008E+0
-9.316088E+0
-9.602738E+0
-9.955538E+0
-1.043035E+1
-1.114477E+1
-1.227961E+1
-1.479331E+1
-2.000005E+1
-2.000005E+1
-2.000005E+1
-2.000005E+1
-2.000005E+1
-2.000005E+1
-2.000005E+1
-2.000005E+1
-2.000005E+1
-2.000005E+1
-2.000005E+1
-2.000005E+1
-2.000005E+1
-2.000005E+1
-2.000005E+1
-2.000005E+1
-1.698949E+1
-1.426852E+1
-1.301020E+1
-1.210027E+1
-1.150492E+1
-1.107274E+1
-1.074346E+1
-1.045681E+1
-1.022749E+1
-1.002169E+1
-9.873218E+0
-9.733568E+0
-9.658598E+0
-9.639488E+0
-9.733568E+0
-9.955538E+0
-1.030099E+1
-1.080520E+1
-1.150492E+1
-1.247365E+1
-1.397893E+1
-1.698949E+1
-2.000005E+1
-2.000005E+1
-2.000005E+1
-2.000005E+1
-2.000005E+1
-2.000005E+1
-2.000005E+1
-2.000005E+1
-2.000005E+1
-2.000005E+1
-2.000005E+1
-2.000005E+1
-2.000005E+1
-2.000005E+1
-2.000005E+1
-2.000005E+1
-2.000005E+1
-1.610896E+1
-1.221787E+1
-1.107274E+1
-1.043035E+1
-1.004374E+1
-9.811478E+0
-9.714458E+0
-9.658598E+0
-9.658598E+0
-9.695348E+0
-9.714458E+0
-9.695348E+0
-9.621848E+0
-9.480728E+0
-9.269048E+0
-9.019148E+0
-8.747198E+0
-8.462018E+0
-8.209178E+0
-7.982798E+0
-7.794638E+0
-7.665278E+0
-7.591778E+0
-7.577078E+0
-7.635878E+0
-7.771118E+0
-7.975448E+0
-8.257688E+0
-8.594318E+0
-8.977988E+0
-9.413108E+0
-9.832058E+0
-1.025248E+1
-1.065379E+1
-1.107274E+1
-1.159312E+1
-1.221787E+1
-1.319101E+1
-1.522843E+1
-2.000005E+1
-2.000005E+1
-2.000005E+1
-2.000005E+1
-2.000005E+1
-2.000005E+1
-2.000005E+1
-2.000005E+1
-2.000005E+1
-2.000005E+1
-2.000005E+1
-1.338799E+1
-1.193563E+1
-1.118152E+1
-1.074346E+1
-1.056706E+1
-1.062439E+1
-1.100218E+1
-1.178275E+1
-1.360555E+1
-2.000005E+1
-2.000005E+1
-2.000005E+1
-2.000005E+1
-2.000005E+1
-2.000005E+1
-2.000005E+1
-2.000005E+1
-2.000005E+1
-1.426852E+1
-1.254274E+1
-1.183273E+1
-1.154902E+1
-1.150492E+1
-1.163869E+1
-1.183273E+1
-1.204441E+1
-1.204441E+1
-1.188271E+1
-1.154902E+1
-1.110802E+1
-1.065379E+1
-1.027747E+1
-9.955538E+0
-9.714458E+0
-9.532178E+0
-9.396938E+0
-9.316088E+0
-9.269048E+0
-9.252878E+0
-9.283748E+0
-9.346958E+0
-9.446918E+0
-9.585098E+0
-9.792368E+0
-1.004374E+1
-1.030099E+1
-1.056706E+1
-1.077433E+1
-1.090222E+1
-1.093456E+1
-1.086841E+1
-1.071259E+1
-1.051120E+1
-1.030099E+1
-1.010989E+1
-9.934958E+0
-9.733568E+0
-9.532178E+0
-9.330788E+0
-9.104408E+0
-8.872148E+0
-8.639888E+0
-8.419388E+0
-8.238578E+0
-8.088638E+0
-7.982798E+0
-7.915178E+0
-7.882838E+0
-7.891658E+0
-7.923998E+0
-7.991618E+0
-8.079818E+0
-8.190068E+0
-8.347358E+0
-8.548748E+0
-8.783948E+0
-9.075008E+0
-9.396938E+0
-9.752678E+0
-1.008784E+1
-1.032745E+1
-1.040389E+1
-1.032745E+1
-1.015693E+1
-9.977588E+0
-9.811478E+0
-9.752678E+0
-9.792368E+0
-9.999638E+0
-1.040389E+1
-1.100218E+1
-1.193563E+1
-1.328803E+1
-1.548421E+1
-1.849477E+1
-1.761424E+1
-1.460368E+1
-1.284262E+1
-1.168573E+1
-1.093456E+1
-1.045681E+1
-1.015693E+1
-1.002169E+1
-1.008784E+1
-1.032745E+1
-1.077433E+1
-1.150492E+1
-1.254274E+1
-1.411858E+1
-1.610896E+1
-1.610896E+1
-1.397893E+1
-1.221787E+1
-1.096837E+1
-1.013341E+1
-9.567458E+0
-9.177908E+0
-8.964758E+0
-8.885378E+0
-8.951528E+0
-9.119108E+0
-9.396938E+0
-9.714458E+0
-1.006579E+1
-1.040389E+1
-1.065379E+1
-1.074346E+1
-1.071259E+1
-1.059499E+1
-1.040389E+1
-1.022749E+1
-1.004374E+1
-9.852638E+0
-9.695348E+0
-9.585098E+0
-9.532178E+0
-9.549818E+0
-9.621848E+0
-9.792368E+0
-1.002169E+1
-1.035244E+1
-1.077433E+1
-1.125796E+1
-1.178275E+1
-1.221787E+1
-1.261330E+1
-1.284262E+1
-1.301020E+1
-1.301020E+1
-1.301020E+1
-1.309840E+1
-1.309840E+1
-1.292494E+1
-1.254274E+1
-1.198855E+1
-1.133734E+1
-1.068319E+1
-1.004374E+1
-9.496898E+0
-9.033848E+0
-8.663408E+0
-8.357648E+0
-8.116568E+0
-7.941638E+0
-7.825508E+0
-7.771118E+0
-7.754948E+0
-7.787288E+0
-7.857848E+0
-7.991618E+0
-8.162138E+0
-8.388518E+0
-8.639888E+0
-8.885378E+0
-9.133808E+0
-9.299918E+0
-9.379298E+0
-9.363128E+0
-9.252878E+0
-9.119108E+0
-9.005918E+0
-8.951528E+0
-8.951528E+0
-9.033848E+0
-9.192608E+0
-9.429278E+0
-9.714458E+0
-9.999638E+0
-1.027747E+1
-1.048327E+1
-1.062439E+1
-1.071259E+1
-1.086841E+1
-1.110802E+1
-1.159312E+1
-1.261330E+1
-1.522843E+1
-2.000005E+1
-2.000005E+1
-2.000005E+1
-2.000005E+1
-2.000005E+1
-2.000005E+1
-2.000005E+1
-2.000005E+1
-2.000005E+1
-2.000005E+1
-2.000005E+1
-2.000005E+1
-2.000005E+1
-2.000005E+1
-2.000005E+1
-2.000005E+1
-2.000005E+1
-2.000005E+1
-2.000005E+1
-1.849477E+1
-1.309840E+1
-1.154902E+1
-1.065379E+1
-9.977588E+0
-9.496898E+0
-9.104408E+0
-8.808938E+0
-8.594318E+0
-8.419388E+0
-8.297378E+0
-8.209178E+0
-8.170958E+0
-8.181248E+0
-8.247398E+0
-8.357648E+0
-8.538458E+0
-8.772188E+0
-9.075008E+0
-9.413108E+0
-9.733568E+0
-9.999638E+0
-1.010989E+1
-1.002169E+1
-9.752678E+0
-9.413108E+0
-9.061778E+0
-8.747198E+0
-8.526698E+0
-8.388518E+0
-8.357648E+0
-8.439968E+0
-8.651648E+0
-8.977988E+0
-9.446918E+0
-1.006579E+1
-1.090222E+1
-1.210027E+1
-1.426852E+1
-2.000005E+1
-2.000005E+1
-2.000005E+1
-2.000005E+1
-2.000005E+1
-2.000005E+1
-2.000005E+1
-1.698949E+1
-1.227961E+1
-1.071259E+1
-9.752678E+0
-9.104408E+0
-8.651648E+0
-8.357648E+0
-8.181248E+0
-8.088638E+0
-8.070998E+0
-8.116568E+0
-8.190068E+0
-8.287088E+0
-8.388518E+0
-8.504648E+0
-8.628128E+0
-8.758958E+0
-8.911838E+0
-9.089708E+0
-9.283748E+0
-9.496898E+0
-9.714458E+0
-9.914378E+0
-1.013341E+1
-1.035244E+1
-1.062439E+1
-1.096837E+1
-1.150492E+1
-1.227961E+1
-1.372315E+1
-2.000005E+1
-2.000005E+1
-2.000005E+1
-2.000005E+1
-2.000005E+1
-2.000005E+1
-2.000005E+1
-2.000005E+1
-2.000005E+1
-2.000005E+1
-2.000005E+1
-1.849477E+1
-1.849477E+1
-2.000005E+1
-2.000005E+1
-2.000005E+1
-2.000005E+1
-2.000005E+1
-2.000005E+1
-2.000005E+1
-2.000005E+1
-1.301020E+1
-1.129765E+1
-1.025248E+1
-9.549818E+0
-9.019148E+0
-8.616368E+0
-8.287088E+0
-8.009258E+0
-7.794638E+0
-7.613828E+0
-7.480058E+0
-7.399208E+0
-7.366868E+0
-7.387448E+0
-7.446248E+0
-7.556498E+0
-7.709378E+0
-7.882838E+0
-8.062178E+0
-8.228288E+0
-8.367938E+0
-8.462018E+0
-8.504648E+0
-8.504648E+0
-8.462018E+0
-8.398808E+0
-8.326778E+0
-8.238578E+0
-8.143028E+0
-8.062178E+0
-7.975448E+0
-7.899008E+0
-7.841678E+0
-7.810808E+0
-7.825508E+0
-7.891658E+0
-7.991618E+0
-8.153318E+0
-8.357648E+0
-8.582558E+0
-8.833928E+0
-9.061778E+0
-9.222008E+0
-9.283748E+0
-9.252878E+0
-9.119108E+0
-8.898608E+0
-8.651648E+0
-8.378228E+0
-8.125388E+0
-7.907828E+0
-7.716728E+0
-7.569728E+0
-7.459478E+0
-7.387448E+0
-7.334528E+0
-7.303658E+0
-7.278668E+0
-7.272788E+0
-7.266908E+0
-7.272788E+0
-7.290428E+0
-7.328648E+0
-7.393328E+0
-7.487408E+0
-7.621178E+0
-7.787288E+0
-7.991618E+0
-8.238578E+0
-8.504648E+0
-8.808938E+0
-9.163208E+0
-9.567458E+0
-1.008784E+1
-1.080520E+1
-1.193563E+1
-1.460368E+1
-2.000005E+1
-2.000005E+1
-2.000005E+1
-2.000005E+1
-2.000005E+1
-2.000005E+1
-2.000005E+1
-2.000005E+1
-2.000005E+1
-2.000005E+1
-2.000005E+1
-2.000005E+1
-2.000005E+1
-2.000005E+1
-2.000005E+1
-1.349383E+1
-1.178275E+1
-1.077433E+1
-1.015693E+1
-9.792368E+0
-9.621848E+0
-9.658598E+0
-9.893798E+0
-1.043035E+1
-1.141966E+1
-1.372315E+1
-2.000005E+1
-2.000005E+1
-2.000005E+1
-2.000005E+1
-2.000005E+1
-2.000005E+1
-2.000005E+1
-2.000005E+1
-2.000005E+1
-2.000005E+1
-2.000005E+1
-2.000005E+1
-2.000005E+1
-2.000005E+1
-2.000005E+1
-2.000005E+1
-2.000005E+1
-2.000005E+1
-2.000005E+1
-2.000005E+1
-2.000005E+1
-2.000005E+1
-2.000005E+1
-2.000005E+1
-2.000005E+1
-2.000005E+1
-2.000005E+1
-2.000005E+1
-2.000005E+1
-2.000005E+1
-2.000005E+1
-2.000005E+1
-2.000005E+1
-2.000005E+1
-1.384663E+1
-1.071259E+1
-9.602738E+0
-8.992688E+0
-8.639888E+0
-8.462018E+0
-8.409098E+0
-8.429678E+0
-8.548748E+0
-8.747198E+0
-9.047078E+0
-9.446918E+0
-9.977588E+0
-1.068319E+1
-1.163869E+1
-1.301020E+1
-1.522843E+1
-2.000005E+1
-2.000005E+1
-2.000005E+1
-2.000005E+1
-2.000005E+1
-2.000005E+1
-2.000005E+1
-2.000005E+1
-2.000005E+1
-2.000005E+1
-2.000005E+1
-2.000005E+1
-2.000005E+1
-2.000005E+1
-2.000005E+1
-2.000005E+1
-2.000005E+1
-2.000005E+1
-2.000005E+1
-2.000005E+1
-2.000005E+1
-2.000005E+1
-2.000005E+1
-2.000005E+1
-1.443022E+1
-1.146082E+1
-1.032745E+1
-9.714458E+0
-9.396938E+0
-9.299918E+0
-9.363128E+0
-9.602738E+0
-1.004374E+1
-1.071259E+1
-1.163869E+1
-1.284262E+1
-1.443022E+1
-1.610896E+1
-1.650439E+1
-1.499911E+1
-1.349383E+1
-1.247365E+1
-1.173277E+1
-1.114477E+1
-1.062439E+1
-1.013341E+1
-9.695348E+0
-9.283748E+0
-8.951528E+0
-8.675168E+0
-8.462018E+0
-8.326778E+0
-8.267978E+0
-8.287088E+0
-8.378228E+0
-8.516408E+0
-8.663408E+0
-8.808938E+0
-8.911838E+0
-8.938298E+0
-8.872148E+0
-8.722208E+0
-8.548748E+0
-8.388518E+0
-8.276798E+0
-8.219468E+0
-8.238578E+0
-8.337068E+0
-8.526698E+0
-8.772188E+0
-9.075008E+0
-9.396938E+0
-9.695348E+0
-9.873218E+0
-9.914378E+0
-9.811478E+0
-9.602738E+0
-9.363128E+0
-9.104408E+0
-8.885378E+0
-8.722208E+0
-8.639888E+0
-8.651648E+0
-8.772188E+0
-9.019148E+0
-9.396938E+0
-9.977588E+0
-1.080520E+1
-1.210027E+1
-1.426852E+1
-2.000005E+1
-2.000005E+1
-1.698949E+1
-1.319101E+1
-1.146082E+1
-1.037743E+1
-9.639488E+0
-9.119108E+0
-8.783948E+0
-8.582558E+0
-8.482598E+0
-8.462018E+0
-8.504648E+0
-8.594318E+0
-8.722208E+0
-8.885378E+0
-9.089708E+0
-9.316088E+0
-9.621848E+0
-9.977588E+0
-1.043035E+1
-1.090222E+1
-1.133734E+1
-1.163869E+1
-1.168573E+1
-1.146082E+1
-1.107274E+1
-1.068319E+1
-1.035244E+1
-1.013341E+1
-1.004374E+1
-1.006579E+1
-1.022749E+1
-1.051120E+1
-1.090222E+1
-1.137850E+1
-1.188271E+1
-1.221787E+1
-1.234135E+1
-1.215907E+1
-1.183273E+1
-1.146082E+1
-1.118152E+1
-1.103746E+1
-1.100218E+1
-1.114477E+1
-1.146082E+1
-1.193563E+1
-1.254274E+1
-1.338799E+1
-1.411858E+1
-1.443022E+1
-1.426852E+1
-1.360555E+1
-1.309840E+1
-1.261330E+1
-1.240750E+1
-1.227961E+1
-1.234135E+1
-1.254274E+1
-1.268680E+1
-1.268680E+1
-1.240750E+1
-1.198855E+1
-1.150492E+1
-1.096837E+1
-1.053913E+1
-1.015693E+1
-9.852638E+0
-9.621848E+0
-9.413108E+0
-9.252878E+0
-9.104408E+0
-9.005918E+0
-8.938298E+0
-8.925068E+0
-8.964758E+0
-9.075008E+0
-9.283748E+0
-9.585098E+0
-9.977588E+0
-1.053913E+1
-1.129765E+1
-1.240750E+1
-1.426852E+1
-2.000005E+1
-2.000005E+1
-2.000005E+1
-2.000005E+1
-2.000005E+1
-2.000005E+1
-2.000005E+1
-1.548421E+1
-1.338799E+1
-1.227961E+1
-1.154902E+1
-1.100218E+1
-1.062439E+1
-1.027747E+1
-9.999638E+0
-9.773258E+0
-9.621848E+0
-9.496898E+0
-9.379298E+0
-9.269048E+0
-9.148508E+0
-9.019148E+0
-8.872148E+0
-8.710448E+0
-8.538458E+0
-8.398808E+0
-8.297378E+0
-8.257688E+0
-8.287088E+0
-8.388518E+0
-8.548748E+0
-8.772188E+0
-9.033848E+0
-9.299918E+0
-9.514538E+0
-9.658598E+0
-9.714458E+0
-9.676238E+0
-9.602738E+0
-9.532178E+0
-9.496898E+0
-9.549818E+0
-9.676238E+0
-9.914378E+0
-1.025248E+1
-1.071259E+1
-1.133734E+1
-1.210027E+1
-1.309840E+1
-1.426852E+1
-1.577380E+1
-2.000005E+1
-2.000005E+1
-2.000005E+1
-2.000005E+1
-2.000005E+1
-2.000005E+1
-2.000005E+1
-2.000005E+1
-2.000005E+1
-2.000005E+1
-2.000005E+1
-2.000005E+1
-2.000005E+1
-2.000005E+1
-2.000005E+1
-2.000005E+1
-1.360555E+1
-1.100218E+1
-9.934958E+0
-9.299918E+0
-8.872148E+0
-8.560508E+0
-8.316488E+0
-8.107748E+0
-7.915178E+0
-7.740248E+0
-7.563848E+0
-7.419788E+0
-7.303658E+0
-7.230158E+0
-7.216928E+0
-7.266908E+0
-7.399208E+0
-7.628528E+0
-7.948988E+0
-8.388518E+0
-8.964758E+0
-9.733568E+0
-1.077433E+1
-1.227961E+1
-1.548421E+1
-2.000005E+1
-2.000005E+1
-2.000005E+1
-2.000005E+1
-2.000005E+1
-2.000005E+1
-1.443022E+1
-1.301020E+1
-1.204441E+1
-1.137850E+1
-1.080520E+1
-1.032745E+1
-9.893798E+0
-9.532178E+0
-9.222008E+0
-8.977988E+0
-8.833928E+0
-8.758958E+0
-8.758958E+0
-8.833928E+0
-8.977988E+0
-9.148508E+0
-9.316088E+0
-9.446918E+0
-9.496898E+0
-9.446918E+0
-9.346958E+0
-9.222008E+0
-9.119108E+0
-9.061778E+0
-9.104408E+0
-9.269048E+0
-9.585098E+0
-1.008784E+1
-1.090222E+1
-1.227961E+1
-1.610896E+1
-2.000005E+1
-2.000005E+1
-2.000005E+1
-2.000005E+1
-2.000005E+1
-2.000005E+1
-2.000005E+1
-2.000005E+1
-1.548421E+1
-1.338799E+1
-1.210027E+1
-1.118152E+1
-1.043035E+1
-9.811478E+0
-9.299918E+0
-8.898608E+0
-8.604608E+0
-8.409098E+0
-8.306198E+0
-8.287088E+0
-8.337068E+0
-8.439968E+0
-8.582558E+0
-8.747198E+0
-8.872148E+0
-8.938298E+0
-8.925068E+0
-8.833928E+0
-8.675168E+0
-8.472308E+0
-8.267978E+0
-8.070998E+0
-7.923998E+0
-7.825508E+0
-7.794638E+0
-7.834328E+0
-7.932818E+0
-8.097458E+0
-8.326778E+0
-8.604608E+0
-8.925068E+0
-9.238178E+0
-9.514538E+0
-9.733568E+0
-9.873218E+0
-9.914378E+0
-9.934958E+0
-9.934958E+0
-9.955538E+0
-1.006579E+1
-1.022749E+1
-1.048327E+1
-1.080520E+1
-1.121974E+1
-1.168573E+1
-1.210027E+1
-1.240750E+1
-1.234135E+1
-1.193563E+1
-1.137850E+1
-1.074346E+1
-1.015693E+1
-9.676238E+0
-9.283748E+0
-9.005918E+0
-8.858918E+0
-8.847158E+0
-8.977988E+0
-9.283748E+0
-9.811478E+0
-1.071259E+1
-1.254274E+1
-2.000005E+1
-2.000005E+1
-2.000005E+1
-2.000005E+1
-2.000005E+1
-2.000005E+1
-2.000005E+1
-2.000005E+1
-2.000005E+1
-2.000005E+1
-1.292494E+1
-1.110802E+1
-1.020397E+1
-9.658598E+0
-9.316088E+0
-9.104408E+0
-9.005918E+0
-8.992688E+0
-9.033848E+0
-9.119108E+0
-9.252878E+0
-9.429278E+0
-9.658598E+0
-9.955538E+0
-1.035244E+1
-1.093456E+1
-1.178275E+1
-1.309840E+1
-1.650439E+1
-2.000005E+1
-2.000005E+1
-2.000005E+1
-2.000005E+1
-2.000005E+1
-2.000005E+1
-1.479331E+1
-1.276324E+1
-1.159312E+1
-1.083607E+1
-1.022749E+1
-9.733568E+0
-9.316088E+0
-8.938298E+0
-8.616368E+0
-8.347358E+0
-8.134208E+0
-8.000438E+0
-7.941638E+0
-7.966628E+0
-8.088638E+0
-8.326778E+0
-8.710448E+0
-9.283748E+0
-1.010989E+1
-1.137850E+1
-1.397893E+1
-2.000005E+1
-2.000005E+1
-2.000005E+1
-2.000005E+1
-1.426852E+1
-1.188271E+1
-1.077433E+1
-1.015693E+1
-9.852638E+0
-9.792368E+0
-9.934958E+0
-1.030099E+1
-1.093456E+1
-1.198855E+1
-1.426852E+1
-2.000005E+1
-2.000005E+1
-2.000005E+1
-2.000005E+1
-2.000005E+1
-2.000005E+1
-2.000005E+1
-2.000005E+1
-2.000005E+1
-2.000005E+1
-2.000005E+1
-2.000005E+1
-1.849477E+1
-1.284262E+1
-1.159312E+1
-1.090222E+1
-1.051120E+1
-1.035244E+1
-1.037743E+1
-1.056706E+1
-1.100218E+1
-1.173277E+1
-1.309840E+1
-1.761424E+1
-2.000005E+1
-2.000005E+1
-2.000005E+1
-2.000005E+1
-2.000005E+1
-2.000005E+1
-1.234135E+1
-1.053913E+1
-9.480728E+0
-8.747198E+0
-8.228288E+0
-7.866668E+0
-7.628528E+0
-7.493288E+0
-7.453598E+0
-7.500638E+0
-7.628528E+0
-7.834328E+0
-8.097458E+0
-8.419388E+0
-8.795708E+0
-9.207308E+0
-9.639488E+0
-1.010989E+1
-1.062439E+1
-1.121974E+1
-1.198855E+1
-1.338799E+1
-2.000005E+1
-2.000005E+1
-2.000005E+1
-2.000005E+1
-2.000005E+1
-2.000005E+1
-2.000005E+1
-2.000005E+1
-2.000005E+1
-2.000005E+1
-2.000005E+1
-2.000005E+1
-2.000005E+1
-2.000005E+1
-2.000005E+1
-2.000005E+1
-2.000005E+1
-2.000005E+1
-2.000005E+1
-2.000005E+1
-2.000005E+1
-2.000005E+1
-2.000005E+1
-2.000005E+1
-2.000005E+1
-2.000005E+1
-2.000005E+1
-2.000005E+1
-2.000005E+1
-2.000005E+1
-2.000005E+1
-2.000005E+1
-2.000005E+1
-2.000005E+1
-2.000005E+1
-2.000005E+1
-2.000005E+1
-2.000005E+1
-2.000005E+1
-2.000005E+1
-2.000005E+1
-1.499911E+1
-1.360555E+1
-1.276324E+1
-1.221787E+1
-1.183273E+1
-1.150492E+1
-1.129765E+1
-1.114477E+1
-1.100218E+1
-1.086841E+1
-1.074346E+1
-1.056706E+1
-1.032745E+1
-1.006579E+1
-9.811478E+0
-9.621848E+0
-9.496898E+0
-9.480728E+0
-9.585098E+0
-9.832058E+0
-1.025248E+1
-1.090222E+1
-1.178275E+1
-1.301020E+1
-1.443022E+1
-1.548421E+1
-1.443022E+1
-1.301020E+1
-1.188271E+1
-1.103746E+1
-1.040389E+1
-9.999638E+0
-9.773258E+0
-9.714458E+0
-9.811478E+0
-1.008784E+1
-1.062439E+1
-1.159312E+1
-1.372315E+1
-2.000005E+1
-2.000005E+1
-2.000005E+1
-2.000005E+1
-2.000005E+1
-2.000005E+1
-2.000005E+1
-2.000005E+1
-2.000005E+1
-2.000005E+1
-1.610896E+1
-1.234135E+1
-1.114477E+1
-1.045681E+1
-1.006579E+1
-9.832058E+0
-9.714458E+0
-9.621848E+0
-9.567458E+0
-9.496898E+0
-9.413108E+0
-9.316088E+0
-9.192608E+0
-9.089708E+0
-9.005918E+0
-8.992688E+0
-9.075008E+0
-9.238178E+0
-9.514538E+0
-9.914378E+0
-1.043035E+1
-1.100218E+1
-1.150492E+1
-1.168573E+1
-1.141966E+1
-1.086841E+1
-1.022749E+1
-9.602738E+0
-9.104408E+0
-8.722208E+0
-8.462018E+0
-8.297378E+0
-8.228288E+0
-8.247398E+0
-8.357648E+0
-8.526698E+0
-8.747198E+0
-8.992688E+0
-9.252878E+0
-9.496898E+0
-9.733568E+0
-9.955538E+0
-1.018045E+1
-1.051120E+1
-1.096837E+1
-1.173277E+1
-1.309840E+1
-1.849477E+1
-2.000005E+1
-2.000005E+1
-2.000005E+1
-2.000005E+1
-2.000005E+1
-2.000005E+1
-2.000005E+1
-2.000005E+1
-2.000005E+1
-2.000005E+1
-2.000005E+1
-2.000005E+1
-2.000005E+1
-2.000005E+1
-2.000005E+1
-2.000005E+1
-2.000005E+1
-2.000005E+1
-2.000005E+1
-2.000005E+1
-2.000005E+1
-2.000005E+1
-2.000005E+1
-2.000005E+1
-2.000005E+1
-1.479331E+1
-1.319101E+1
-1.227961E+1
-1.154902E+1
-1.096837E+1
-1.048327E+1
-1.008784E+1
-9.773258E+0
-9.532178E+0
-9.396938E+0
-9.363128E+0
-9.463088E+0
-9.658598E+0
-1.002169E+1
-1.056706E+1
-1.133734E+1
-1.254274E+1
-1.499911E+1
-2.000005E+1
-2.000005E+1
-2.000005E+1
-2.000005E+1
-2.000005E+1
-2.000005E+1
-2.000005E+1
-2.000005E+1
-2.000005E+1
-1.548421E+1
-1.328803E+1
-1.221787E+1
-1.159312E+1
-1.118152E+1
-1.090222E+1
-1.071259E+1
-1.051120E+1
-1.032745E+1
-1.010989E+1
-9.914378E+0
-9.733568E+0
-9.602738E+0
-9.549818E+0
-9.567458E+0
-9.695348E+0
-9.934958E+0
-1.030099E+1
-1.077433E+1
-1.125796E+1
-1.163869E+1
-1.173277E+1
-1.154902E+1
-1.110802E+1
-1.056706E+1
-1.006579E+1
-9.658598E+0
-9.346958E+0
-9.119108E+0
-8.938298E+0
-8.822168E+0
-8.758958E+0
-8.735438E+0
-8.735438E+0
-8.772188E+0
-8.847158E+0
-8.992688E+0
-9.238178E+0
-9.621848E+0
-1.020397E+1
-1.114477E+1
-1.292494E+1
-2.000005E+1
-2.000005E+1
-2.000005E+1
-2.000005E+1
-2.000005E+1
-2.000005E+1
-2.000005E+1
-1.227961E+1
-1.077433E+1
-9.914378E+0
-9.413108E+0
-9.104408E+0
-8.964758E+0
-8.951528E+0
-9.089708E+0
-9.346958E+0
-9.733568E+0
-1.025248E+1
-1.096837E+1
-1.188271E+1
-1.319101E+1
-1.499911E+1
-1.761424E+1
-1.849477E+1
-1.650439E+1
-1.479331E+1
-1.360555E+1
-1.268680E+1
-1.204441E+1
-1.150492E+1
-1.107274E+1
-1.068319E+1
-1.027747E+1
-9.852638E+0
-9.446918E+0
-9.047078E+0
-8.710448E+0
-8.409098E+0
-8.170958E+0
-8.009258E+0
-7.915178E+0
-7.899008E+0
-7.975448E+0
-8.125388E+0
-8.357648E+0
-8.663408E+0
-9.033848E+0
-9.396938E+0
-9.733568E+0
-9.914378E+0
-9.893798E+0
-9.695348E+0
-9.396938E+0
-9.104408E+0
-8.858918E+0
-8.686928E+0
-8.616368E+0
-8.675168E+0
-8.858918E+0
-9.207308E+0
-9.752678E+0
-1.056706E+1
-1.198855E+1
-1.610896E+1
-2.000005E+1
-2.000005E+1
-2.000005E+1
-2.000005E+1
-2.000005E+1
-2.000005E+1
-2.000005E+1
-2.000005E+1
-1.522843E+1
-1.193563E+1
-1.071259E+1
-9.977588E+0
-9.549818E+0
-9.316088E+0
-9.222008E+0
-9.252878E+0
-9.379298E+0
-9.549818E+0
-9.733568E+0
-9.852638E+0
-9.873218E+0
-9.773258E+0
-9.621848E+0
-9.446918E+0
-9.299918E+0
-9.222008E+0
-9.238178E+0
-9.346958E+0
-9.567458E+0
-9.832058E+0
-1.015693E+1
-1.048327E+1
-1.077433E+1
-1.100218E+1
-1.114477E+1
-1.133734E+1
-1.159312E+1
-1.215907E+1
-1.309840E+1
-1.548421E+1
-2.000005E+1
-2.000005E+1
-2.000005E+1
-2.000005E+1
-2.000005E+1
-2.000005E+1
-2.000005E+1
-1.610896E+1
-1.319101E+1
-1.227961E+1
-1.193563E+1
-1.198855E+1
-1.234135E+1
-1.309840E+1
-1.443022E+1
-1.761424E+1
-2.000005E+1
-2.000005E+1
-2.000005E+1
-2.000005E+1
-2.000005E+1
-1.849477E+1
-1.698949E+1
-1.650439E+1
-1.650439E+1
-1.650439E+1
-1.650439E+1
-1.577380E+1
-1.479331E+1
-1.397893E+1
-1.319101E+1
-1.254274E+1
-1.193563E+1
-1.146082E+1
-1.103746E+1
-1.065379E+1
-1.032745E+1
-1.004374E+1
-9.792368E+0
-9.585098E+0
-9.429278E+0
-9.299918E+0
-9.222008E+0
-9.177908E+0
-9.192608E+0
-9.252878E+0
-9.379298E+0
-9.567458E+0
-9.832058E+0
-1.022749E+1
-1.077433E+1
-1.150492E+1
-1.247365E+1
-1.384663E+1
-1.577380E+1
-1.698949E+1
-1.610896E+1
-1.443022E+1
-1.319101E+1
-1.234135E+1
-1.178275E+1
-1.137850E+1
-1.114477E+1
-1.103746E+1
-1.096837E+1
-1.096837E+1
-1.103746E+1
-1.118152E+1
-1.137850E+1
-1.168573E+1
-1.210027E+1
-1.261330E+1
-1.301020E+1
-1.309840E+1
-1.276324E+1
-1.198855E+1
-1.118152E+1
-1.045681E+1
-9.852638E+0
-9.379298E+0
-9.047078E+0
-8.808938E+0
-8.663408E+0
-8.604608E+0
-8.594318E+0
-8.628128E+0
-8.675168E+0
-8.722208E+0
-8.772188E+0
-8.822168E+0
-8.872148E+0
-8.925068E+0
-8.977988E+0
-9.061778E+0
-9.177908E+0
-9.316088E+0
-9.496898E+0
-9.752678E+0
-1.008784E+1
-1.059499E+1
-1.137850E+1
-1.284262E+1
-2.000005E+1
-2.000005E+1
-2.000005E+1
-2.000005E+1
-2.000005E+1
-2.000005E+1
-2.000005E+1
-2.000005E+1
-2.000005E+1
-1.522843E+1
-1.254274E+1
-1.150492E+1
-1.103746E+1
-1.080520E+1
-1.068319E+1
-1.068319E+1
-1.065379E+1
-1.059499E+1
-1.045681E+1
-1.030099E+1
-1.010989E+1
-9.955538E+0
-9.873218E+0
-9.893798E+0
-9.999638E+0
-1.020397E+1
-1.056706E+1
-1.103746E+1
-1.173277E+1
-1.284262E+1
-1.522843E+1
-2.000005E+1
-2.000005E+1
-2.000005E+1
-2.000005E+1
-2.000005E+1
-2.000005E+1
-2.000005E+1
-2.000005E+1
-2.000005E+1
-1.309840E+1
-1.096837E+1
-9.934958E+0
-9.283748E+0
-8.885378E+0
-8.639888E+0
-8.548748E+0
-8.560508E+0
-8.651648E+0
-8.795708E+0
-8.964758E+0
-9.133808E+0
-9.252878E+0
-9.299918E+0
-9.269048E+0
-9.207308E+0
-9.133808E+0
-9.089708E+0
-9.089708E+0
-9.163208E+0
-9.299918E+0
-9.496898E+0
-9.752678E+0
-9.977588E+0
-1.013341E+1
-1.015693E+1
-1.002169E+1
-9.752678E+0
-9.446918E+0
-9.148508E+0
-8.925068E+0
-8.783948E+0
-8.772188E+0
-8.872148E+0
-9.089708E+0
-9.463088E+0
-9.999638E+0
-1.074346E+1
-1.168573E+1
-1.292494E+1
-1.460368E+1
-1.610896E+1
-1.610896E+1
-1.499911E+1
-1.384663E+1
-1.301020E+1
-1.247365E+1
-1.221787E+1
-1.221787E+1
-1.247365E+1
-1.309840E+1
-1.460368E+1
-2.000005E+1
-2.000005E+1
-2.000005E+1
-2.000005E+1
-2.000005E+1
-2.000005E+1
-2.000005E+1
-2.000005E+1
-2.000005E+1
-2.000005E+1
-2.000005E+1
-2.000005E+1
-2.000005E+1
-2.000005E+1
-2.000005E+1
-2.000005E+1
-2.000005E+1
-2.000005E+1
-2.000005E+1
-2.000005E+1
-2.000005E+1
-1.460368E+1
-1.338799E+1
-1.301020E+1
-1.292494E+1
-1.328803E+1
-1.426852E+1
-1.761424E+1
-2.000005E+1
-2.000005E+1
-2.000005E+1
-2.000005E+1
-2.000005E+1
-2.000005E+1
-2.000005E+1
-2.000005E+1
-2.000005E+1
-2.000005E+1
-2.000005E+1
-2.000005E+1
-2.000005E+1
-2.000005E+1
-2.000005E+1
-2.000005E+1
-1.548421E+1
-1.443022E+1
-1.384663E+1
-1.372315E+1
-1.384663E+1
-1.426852E+1
-1.479331E+1
-1.610896E+1
-2.000005E+1
-2.000005E+1
-2.000005E+1
