Date/Time	2022-06-02 05:57:01
Line location	1
Line name	A1
OTDR wavelength [nm]	1310
OTDR pulse duration [ns]	2
OTDR scan time [s]	10
OTDR scan length [m]	1.500000E+2
Length offset [m]	0.000000E+0
Length increment [m]	3.996806E-2
Switch ID	VIAVI Solutions,OTU 8000E,11654,FO,16.76
OTDR ID	JDSU,OTU 8000E,11654,OTU(SmartOTU),V7.22

Reflected amplitude [dB]
6.811820E-1
6.738320E-1
6.517820E-1
6.091520E-1
5.562320E-1
5.077220E-1
4.695020E-1
4.386320E-1
4.195220E-1
4.180520E-1
4.430420E-1
4.886120E-1
5.430020E-1
5.929820E-1
6.341420E-1
6.664820E-1
6.900020E-1
7.061720E-1
7.120520E-1
7.061720E-1
6.870620E-1
6.459020E-1
5.812220E-1
4.915520E-1
3.915920E-1
2.975120E-1
2.166620E-1
1.446320E-1
7.995200E-2
1.821200E-2
-3.764800E-2
-8.909800E-2
-1.346680E-1
-1.772980E-1
-2.125780E-1
-2.434480E-1
-2.669680E-1
-2.831380E-1
-2.919580E-1
-2.963680E-1
-2.948980E-1
-2.919580E-1
-2.890180E-1
-2.846080E-1
-2.831380E-1
-2.860780E-1
-2.919580E-1
-3.022480E-1
-3.169480E-1
-3.345880E-1
-3.551680E-1
-3.772180E-1
-3.992680E-1
-4.198480E-1
-4.389580E-1
-4.565980E-1
-4.698280E-1
-4.815880E-1
-4.904080E-1
-4.977580E-1
-5.051080E-1
-5.139280E-1
-5.227480E-1
-5.345080E-1
-5.447980E-1
-5.565580E-1
-5.668480E-1
-5.756680E-1
-5.800780E-1
-5.815480E-1
-5.786080E-1
-5.727280E-1
-5.653780E-1
-5.565580E-1
-5.477380E-1
-5.403880E-1
-5.359780E-1
-5.345080E-1
-5.374480E-1
-5.433280E-1
-5.521480E-1
-5.639080E-1
-5.771380E-1
-5.918380E-1
-6.065380E-1
-6.227080E-1
-6.388780E-1
-6.521080E-1
-6.653380E-1
-6.770980E-1
-6.873880E-1
-6.932680E-1
-6.976780E-1
-6.976780E-1
-6.962080E-1
-6.932680E-1
-6.888580E-1
-6.859180E-1
-6.815080E-1
-6.785680E-1
-6.770980E-1
-6.770980E-1
-6.756280E-1
-6.756280E-1
-6.741580E-1
-6.712180E-1
-6.697480E-1
-6.668080E-1
-6.653380E-1
-6.638680E-1
-6.638680E-1
-6.653380E-1
-6.682780E-1
-6.697480E-1
-6.726880E-1
-6.741580E-1
-6.741580E-1
-6.712180E-1
-6.682780E-1
-6.638680E-1
-6.565180E-1
-6.506380E-1
-6.447580E-1
-6.388780E-1
-6.359380E-1
-6.329980E-1
-6.315280E-1
-6.315280E-1
-6.329980E-1
-6.344680E-1
-6.374080E-1
-6.403480E-1
-6.432880E-1
-6.476980E-1
-6.521080E-1
-6.565180E-1
-6.609280E-1
-6.668080E-1
-6.712180E-1
-6.756280E-1
-6.800380E-1
-6.815080E-1
-6.829780E-1
-6.844480E-1
-6.256480E-1
-3.066580E-1
4.430420E-1
1.514672E+0
2.670092E+0
3.759362E+0
4.723682E+0
5.545412E+0
6.230432E+0
6.797852E+0
7.263842E+0
7.641632E+0
7.935632E+0
8.151722E+0
8.297252E+0
8.376632E+0
8.397212E+0
8.360462E+0
8.273732E+0
8.137022E+0
7.950332E+0
7.716602E+0
7.438772E+0
7.116842E+0
6.755222E+0
6.356852E+0
5.924672E+0
5.463092E+0
4.980932E+0
4.487012E+0
3.987212E+0
3.490352E+0
3.011132E+0
2.571602E+0
2.187932E+0
1.860122E+0
1.586702E+0
1.364732E+0
1.179512E+0
1.006052E+0
8.296520E-1
6.561920E-1
4.974320E-1
3.460220E-1
1.946120E-1
4.614200E-2
-9.056800E-2
-2.140480E-1
-3.257680E-1
-4.242580E-1
-5.051080E-1
-5.727280E-1
-6.256480E-1
-6.682780E-1
-7.006180E-1
-7.256080E-1
-7.432480E-1
-7.579480E-1
-7.682380E-1
-7.755880E-1
-7.814680E-1
-7.844080E-1
-7.858780E-1
-7.858780E-1
-7.829380E-1
-7.785280E-1
-7.726480E-1
-7.652980E-1
-7.579480E-1
-7.491280E-1
-7.403080E-1
-7.314880E-1
-7.241380E-1
-7.153180E-1
-7.079680E-1
-7.020880E-1
-6.962080E-1
-6.917980E-1
-6.888580E-1
-6.888580E-1
-6.888580E-1
-6.917980E-1
-6.962080E-1
-7.006180E-1
-7.064980E-1
-7.123780E-1
-7.167880E-1
-7.197280E-1
-7.211980E-1
-7.197280E-1
-7.167880E-1
-7.138480E-1
-7.094380E-1
-7.064980E-1
-7.050280E-1
-7.050280E-1
-7.064980E-1
-7.123780E-1
-7.182580E-1
-7.256080E-1
-7.344280E-1
-7.432480E-1
-7.520680E-1
-7.594180E-1
-7.667680E-1
-7.741180E-1
-7.814680E-1
-7.888180E-1
-7.946980E-1
-8.020480E-1
-8.079280E-1
-8.123380E-1
-8.152780E-1
-8.152780E-1
-8.123380E-1
-8.064580E-1
-7.976380E-1
-7.858780E-1
-7.755880E-1
-7.638280E-1
-7.550080E-1
-7.491280E-1
-7.461880E-1
-7.476580E-1
-7.520680E-1
-7.594180E-1
-7.682380E-1
-7.770580E-1
-7.844080E-1
-7.902880E-1
-7.946980E-1
-7.961680E-1
-7.946980E-1
-7.917580E-1
-7.873480E-1
-7.799980E-1
-7.741180E-1
-7.652980E-1
-7.564780E-1
-7.461880E-1
-7.358980E-1
-7.256080E-1
-7.167880E-1
-7.109080E-1
-7.064980E-1
-7.035580E-1
-7.050280E-1
-7.079680E-1
-7.123780E-1
-7.197280E-1
-7.270780E-1
-7.344280E-1
-7.417780E-1
-7.476580E-1
-7.535380E-1
-7.594180E-1
-7.623580E-1
-7.667680E-1
-7.697080E-1
-7.755880E-1
-7.799980E-1
-7.858780E-1
-7.932280E-1
-7.991080E-1
-8.064580E-1
-8.108680E-1
-8.138080E-1
-8.138080E-1
-8.123380E-1
-8.093980E-1
-8.035180E-1
-7.976380E-1
-7.917580E-1
-7.844080E-1
-7.785280E-1
-7.726480E-1
-7.652980E-1
-7.594180E-1
-7.550080E-1
-7.505980E-1
-7.476580E-1
-7.476580E-1
-7.476580E-1
-7.505980E-1
-7.535380E-1
-7.564780E-1
-7.594180E-1
-7.623580E-1
-7.638280E-1
-7.638280E-1
-7.623580E-1
-7.594180E-1
-7.564780E-1
-7.520680E-1
-7.476580E-1
-7.417780E-1
-7.358980E-1
-7.285480E-1
-7.197280E-1
-7.094380E-1
-6.962080E-1
-6.829780E-1
-6.668080E-1
-6.491680E-1
-6.315280E-1
-6.153580E-1
-6.006580E-1
-5.874280E-1
-5.771380E-1
-5.712580E-1
-5.697880E-1
-5.727280E-1
-5.815480E-1
-5.933080E-1
-6.080080E-1
-6.256480E-1
-6.447580E-1
-6.653380E-1
-6.844480E-1
-7.035580E-1
-7.197280E-1
-7.344280E-1
-7.476580E-1
-7.594180E-1
-7.682380E-1
-7.755880E-1
-7.814680E-1
-7.858780E-1
-7.902880E-1
-7.946980E-1
-7.976380E-1
-8.020480E-1
-8.049880E-1
-8.093980E-1
-8.123380E-1
-8.152780E-1
-8.167480E-1
-8.196880E-1
-8.226280E-1
-8.270380E-1
-8.314480E-1
-8.373280E-1
-8.432080E-1
-8.490880E-1
-8.520280E-1
-8.549680E-1
-8.549680E-1
-8.520280E-1
-8.476180E-1
-8.417380E-1
-8.358580E-1
-8.299780E-1
-8.240980E-1
-8.196880E-1
-8.167480E-1
-8.138080E-1
-8.093980E-1
-8.064580E-1
-8.005780E-1
-7.946980E-1
-7.858780E-1
-7.755880E-1
-7.638280E-1
-7.505980E-1
-7.358980E-1
-7.211980E-1
-7.064980E-1
-6.903280E-1
-6.756280E-1
-6.623980E-1
-6.476980E-1
-6.359380E-1
-6.241780E-1
-6.153580E-1
-6.080080E-1
-6.035980E-1
-6.021280E-1
-6.035980E-1
-6.080080E-1
-6.138880E-1
-6.227080E-1
-6.315280E-1
-6.418180E-1
-6.535780E-1
-6.638680E-1
-6.756280E-1
-6.873880E-1
-7.006180E-1
-7.123780E-1
-7.256080E-1
-7.388380E-1
-7.505980E-1
-7.623580E-1
-7.726480E-1
-7.814680E-1
-7.902880E-1
-7.976380E-1
-8.035180E-1
-8.079280E-1
-8.093980E-1
-8.079280E-1
-8.064580E-1
-8.020480E-1
-7.976380E-1
-7.917580E-1
-7.873480E-1
-7.829380E-1
-7.799980E-1
-7.785280E-1
-7.770580E-1
-7.755880E-1
-7.755880E-1
-7.741180E-1
-7.726480E-1
-7.711780E-1
-7.682380E-1
-7.652980E-1
-7.638280E-1
-7.608880E-1
-7.594180E-1
-7.594180E-1
-7.594180E-1
-7.623580E-1
-7.667680E-1
-7.711780E-1
-7.770580E-1
-7.799980E-1
-7.829380E-1
-7.844080E-1
-7.829380E-1
-7.799980E-1
-7.755880E-1
-7.711780E-1
-7.667680E-1
-7.623580E-1
-7.594180E-1
-7.579480E-1
-7.564780E-1
-7.550080E-1
-7.550080E-1
-7.564780E-1
-7.564780E-1
-7.579480E-1
-7.594180E-1
-7.608880E-1
-7.608880E-1
-7.623580E-1
-7.638280E-1
-7.652980E-1
-7.667680E-1
-7.682380E-1
-7.697080E-1
-7.697080E-1
-7.697080E-1
-7.697080E-1
-7.682380E-1
-7.667680E-1
-7.652980E-1
-7.638280E-1
-7.623580E-1
-7.623580E-1
-7.623580E-1
-7.623580E-1
-7.608880E-1
-7.594180E-1
-7.564780E-1
-7.520680E-1
-7.476580E-1
-7.403080E-1
-7.329580E-1
-7.256080E-1
-7.182580E-1
-7.123780E-1
-7.079680E-1
-7.050280E-1
-7.035580E-1
-7.035580E-1
-7.035580E-1
-7.064980E-1
-7.094380E-1
-7.138480E-1
-7.182580E-1
-7.256080E-1
-7.329580E-1
-7.432480E-1
-7.564780E-1
-7.697080E-1
-7.844080E-1
-7.991080E-1
-8.138080E-1
-8.255680E-1
-8.329180E-1
-8.358580E-1
-8.358580E-1
-8.285080E-1
-8.182180E-1
-8.049880E-1
-7.888180E-1
-7.711780E-1
-7.535380E-1
-7.358980E-1
-7.211980E-1
-7.064980E-1
-6.947380E-1
-6.844480E-1
-6.770980E-1
-6.712180E-1
-6.682780E-1
-6.668080E-1
-6.668080E-1
-6.697480E-1
-6.741580E-1
-6.800380E-1
-6.873880E-1
-6.962080E-1
-7.050280E-1
-7.138480E-1
-7.226680E-1
-7.329580E-1
-7.417780E-1
-7.505980E-1
-7.608880E-1
-7.697080E-1
-7.799980E-1
-7.888180E-1
-7.976380E-1
-8.035180E-1
-8.064580E-1
-8.079280E-1
-8.064580E-1
-8.020480E-1
-7.976380E-1
-7.917580E-1
-7.858780E-1
-7.799980E-1
-7.770580E-1
-7.741180E-1
-7.726480E-1
-7.697080E-1
-7.682380E-1
-7.652980E-1
-7.608880E-1
-7.564780E-1
-7.505980E-1
-7.447180E-1
-7.388380E-1
-7.329580E-1
-7.300180E-1
-7.256080E-1
-7.241380E-1
-7.211980E-1
-7.182580E-1
-7.167880E-1
-7.138480E-1
-7.109080E-1
-7.079680E-1
-7.050280E-1
-7.020880E-1
-6.991480E-1
-6.962080E-1
-6.917980E-1
-6.888580E-1
-6.859180E-1
-6.815080E-1
-6.800380E-1
-6.800380E-1
-6.815080E-1
-6.873880E-1
-6.947380E-1
-7.035580E-1
-7.153180E-1
-7.270780E-1
-7.373680E-1
-7.461880E-1
-7.535380E-1
-7.594180E-1
-7.623580E-1
-7.652980E-1
-7.652980E-1
-7.667680E-1
-7.667680E-1
-7.667680E-1
-7.667680E-1
-7.652980E-1
-7.652980E-1
-7.638280E-1
-7.623580E-1
-7.608880E-1
-7.594180E-1
-7.579480E-1
-7.564780E-1
-7.564780E-1
-7.564780E-1
-7.564780E-1
-7.579480E-1
-7.594180E-1
-7.608880E-1
-7.623580E-1
-7.638280E-1
-7.652980E-1
-7.667680E-1
-7.682380E-1
-7.711780E-1
-7.726480E-1
-7.741180E-1
-7.741180E-1
-7.741180E-1
-7.741180E-1
-7.726480E-1
-7.711780E-1
-7.697080E-1
-7.682380E-1
-7.682380E-1
-7.667680E-1
-7.652980E-1
-7.638280E-1
-7.594180E-1
-7.535380E-1
-7.461880E-1
-7.388380E-1
-7.285480E-1
-7.182580E-1
-7.094380E-1
-7.006180E-1
-6.932680E-1
-6.888580E-1
-6.859180E-1
-6.844480E-1
-6.873880E-1
-6.917980E-1
-6.976780E-1
-7.050280E-1
-7.138480E-1
-7.226680E-1
-7.329580E-1
-7.417780E-1
-7.491280E-1
-7.579480E-1
-7.638280E-1
-7.711780E-1
-7.770580E-1
-7.829380E-1
-7.873480E-1
-7.917580E-1
-7.946980E-1
-7.976380E-1
-7.976380E-1
-7.961680E-1
-7.917580E-1
-7.858780E-1
-7.799980E-1
-7.726480E-1
-7.667680E-1
-7.608880E-1
-7.564780E-1
-7.535380E-1
-7.520680E-1
-7.520680E-1
-7.520680E-1
-7.505980E-1
-7.491280E-1
-7.461880E-1
-7.417780E-1
-7.358980E-1
-7.300180E-1
-7.256080E-1
-7.211980E-1
-7.197280E-1
-7.211980E-1
-7.256080E-1
-7.314880E-1
-7.388380E-1
-7.447180E-1
-7.520680E-1
-7.579480E-1
-7.623580E-1
-7.667680E-1
-7.711780E-1
-7.770580E-1
-7.844080E-1
-7.932280E-1
-8.020480E-1
-8.138080E-1
-8.226280E-1
-8.314480E-1
-8.373280E-1
-8.387980E-1
-8.373280E-1
-8.343880E-1
-8.270380E-1
-8.211580E-1
-8.138080E-1
-8.093980E-1
-8.049880E-1
-8.020480E-1
-8.020480E-1
-8.005780E-1
-7.991080E-1
-7.961680E-1
-7.917580E-1
-7.844080E-1
-7.755880E-1
-7.667680E-1
-7.564780E-1
-7.461880E-1
-7.373680E-1
-7.300180E-1
-7.226680E-1
-7.182580E-1
-7.138480E-1
-7.094380E-1
-7.050280E-1
-6.991480E-1
-6.932680E-1
-6.859180E-1
-6.785680E-1
-6.697480E-1
-6.623980E-1
-6.550480E-1
-6.491680E-1
-6.462280E-1
-6.447580E-1
-6.476980E-1
-6.535780E-1
-6.609280E-1
-6.726880E-1
-6.873880E-1
-7.020880E-1
-7.182580E-1
-7.329580E-1
-7.461880E-1
-7.564780E-1
-7.623580E-1
-7.667680E-1
-7.682380E-1
-7.682380E-1
-7.652980E-1
-7.652980E-1
-7.652980E-1
-7.667680E-1
-7.697080E-1
-7.741180E-1
-7.799980E-1
-7.858780E-1
-7.917580E-1
-7.976380E-1
-8.005780E-1
-8.035180E-1
-8.049880E-1
-8.035180E-1
-8.020480E-1
-7.991080E-1
-7.946980E-1
-7.917580E-1
-7.873480E-1
-7.844080E-1
-7.799980E-1
-7.770580E-1
-7.711780E-1
-7.652980E-1
-7.579480E-1
-7.491280E-1
-7.388380E-1
-7.270780E-1
-7.153180E-1
-7.035580E-1
-6.947380E-1
-6.888580E-1
-6.859180E-1
-6.859180E-1
-6.888580E-1
-6.962080E-1
-7.064980E-1
-7.167880E-1
-7.300180E-1
-7.417780E-1
-7.535380E-1
-7.638280E-1
-7.741180E-1
-7.829380E-1
-7.888180E-1
-7.946980E-1
-7.991080E-1
-8.020480E-1
-8.035180E-1
-8.020480E-1
-7.991080E-1
-7.961680E-1
-7.902880E-1
-7.829380E-1
-7.755880E-1
-7.667680E-1
-7.594180E-1
-7.520680E-1
-7.447180E-1
-7.358980E-1
-7.300180E-1
-7.226680E-1
-7.167880E-1
-7.138480E-1
-7.123780E-1
-7.138480E-1
-7.167880E-1
-7.256080E-1
-7.373680E-1
-7.505980E-1
-7.682380E-1
-7.858780E-1
-8.035180E-1
-8.196880E-1
-8.343880E-1
-8.432080E-1
-8.476180E-1
-8.461480E-1
-8.402680E-1
-8.285080E-1
-8.138080E-1
-7.961680E-1
-7.785280E-1
-7.623580E-1
-7.491280E-1
-7.388380E-1
-7.314880E-1
-7.300180E-1
-7.314880E-1
-7.358980E-1
-7.432480E-1
-7.505980E-1
-7.594180E-1
-7.667680E-1
-7.741180E-1
-7.799980E-1
-7.844080E-1
-7.873480E-1
-7.873480E-1
-7.873480E-1
-7.858780E-1
-7.829380E-1
-7.785280E-1
-7.741180E-1
-7.697080E-1
-7.667680E-1
-7.638280E-1
-7.623580E-1
-7.623580E-1
-7.652980E-1
-7.682380E-1
-7.726480E-1
-7.785280E-1
-7.844080E-1
-7.888180E-1
-7.917580E-1
-7.917580E-1
-7.902880E-1
-7.873480E-1
-7.844080E-1
-7.799980E-1
-7.770580E-1
-7.755880E-1
-7.741180E-1
-7.755880E-1
-7.785280E-1
-7.814680E-1
-7.858780E-1
-7.888180E-1
-7.917580E-1
-7.932280E-1
-7.946980E-1
-7.946980E-1
-7.932280E-1
-7.917580E-1
-7.888180E-1
-7.858780E-1
-7.829380E-1
-7.799980E-1
-7.770580E-1
-7.741180E-1
-7.711780E-1
-7.682380E-1
-7.638280E-1
-7.608880E-1
-7.564780E-1
-7.505980E-1
-7.447180E-1
-7.373680E-1
-7.300180E-1
-7.241380E-1
-7.167880E-1
-7.109080E-1
-7.064980E-1
-7.035580E-1
-7.006180E-1
-7.006180E-1
-7.020880E-1
-7.050280E-1
-7.079680E-1
-7.123780E-1
-7.182580E-1
-7.241380E-1
-7.314880E-1
-7.388380E-1
-7.476580E-1
-7.579480E-1
-7.682380E-1
-7.785280E-1
-7.858780E-1
-7.932280E-1
-7.961680E-1
-7.976380E-1
-7.946980E-1
-7.888180E-1
-7.829380E-1
-7.741180E-1
-7.652980E-1
-7.564780E-1
-7.461880E-1
-7.388380E-1
-7.314880E-1
-7.256080E-1
-7.197280E-1
-7.153180E-1
-7.123780E-1
-7.094380E-1
-7.064980E-1
-7.035580E-1
-7.020880E-1
-6.991480E-1
-6.991480E-1
-6.991480E-1
-7.006180E-1
-7.035580E-1
-7.079680E-1
-7.153180E-1
-7.226680E-1
-7.329580E-1
-7.417780E-1
-7.520680E-1
-7.608880E-1
-7.697080E-1
-7.755880E-1
-7.799980E-1
-7.829380E-1
-7.844080E-1
-7.829380E-1
-7.814680E-1
-7.785280E-1
-7.770580E-1
-7.741180E-1
-7.711780E-1
-7.682380E-1
-7.652980E-1
-7.623580E-1
-7.594180E-1
-7.550080E-1
-7.505980E-1
-7.461880E-1
-7.417780E-1
-7.388380E-1
-7.344280E-1
-7.314880E-1
-7.300180E-1
-7.285480E-1
-7.285480E-1
-7.285480E-1
-7.300180E-1
-7.329580E-1
-7.344280E-1
-7.388380E-1
-7.417780E-1
-7.432480E-1
-7.461880E-1
-7.461880E-1
-7.447180E-1
-7.432480E-1
-7.403080E-1
-7.358980E-1
-7.314880E-1
-7.270780E-1
-7.241380E-1
-7.197280E-1
-7.182580E-1
-7.167880E-1
-7.197280E-1
-7.270780E-1
-7.373680E-1
-7.550080E-1
-7.785280E-1
-8.093980E-1
-8.461480E-1
-8.873080E-1
-9.328780E-1
-9.784480E-1
-1.025488E+0
-1.069588E+0
-1.110748E+0
-1.146028E+0
-1.178368E+0
-1.204828E+0
-1.228348E+0
-1.247458E+0
-1.263628E+0
-1.278328E+0
-1.290088E+0
-1.300378E+0
-1.307728E+0
-1.313608E+0
-1.319488E+0
-1.325368E+0
-1.329778E+0
-1.337128E+0
-1.344478E+0
-1.354768E+0
-1.367998E+0
-1.379758E+0
-1.392988E+0
-1.404748E+0
-1.415038E+0
-1.419448E+0
-1.420918E+0
-1.416508E+0
-1.409158E+0
-1.397398E+0
-1.384168E+0
-1.367998E+0
-1.354768E+0
-1.341538E+0
-1.331248E+0
-1.323898E+0
-1.319488E+0
-1.319488E+0
-1.322428E+0
-1.328308E+0
-1.337128E+0
-1.345948E+0
-1.354768E+0
-1.365058E+0
-1.375348E+0
-1.382698E+0
-1.390048E+0
-1.394458E+0
-1.395928E+0
-1.395928E+0
-1.392988E+0
-1.388578E+0
-1.384168E+0
-1.378288E+0
-1.373878E+0
-1.369468E+0
-1.366528E+0
-1.365058E+0
-1.365058E+0
-1.366528E+0
-1.370938E+0
-1.376818E+0
-1.382698E+0
-1.390048E+0
-1.395928E+0
-1.398868E+0
-1.400338E+0
-1.398868E+0
-1.394458E+0
-1.387108E+0
-1.378288E+0
-1.370938E+0
-1.363588E+0
-1.359178E+0
-1.357708E+0
-1.360648E+0
-1.365058E+0
-1.372408E+0
-1.381228E+0
-1.390048E+0
-1.397398E+0
-1.403278E+0
-1.407688E+0
-1.409158E+0
-1.407688E+0
-1.404748E+0
-1.398868E+0
-1.391518E+0
-1.382698E+0
-1.372408E+0
-1.360648E+0
-1.348888E+0
-1.335658E+0
-1.325368E+0
-1.316548E+0
-1.309198E+0
-1.304788E+0
-1.301848E+0
-1.303318E+0
-1.304788E+0
-1.309198E+0
-1.313608E+0
-1.319488E+0
-1.325368E+0
-1.334188E+0
-1.341538E+0
-1.350358E+0
-1.359178E+0
-1.367998E+0
-1.376818E+0
-1.385638E+0
-1.394458E+0
-1.401808E+0
-1.410628E+0
-1.419448E+0
-1.429738E+0
-1.437088E+0
-1.441498E+0
-1.444438E+0
-1.442968E+0
-1.437088E+0
-1.426798E+0
-1.413568E+0
-1.397398E+0
-1.381228E+0
-1.367998E+0
-1.356238E+0
-1.347418E+0
-1.343008E+0
-1.341538E+0
-1.345948E+0
-1.351828E+0
-1.359178E+0
-1.367998E+0
-1.376818E+0
-1.385638E+0
-1.394458E+0
-1.400338E+0
-1.406218E+0
-1.410628E+0
-1.413568E+0
-1.415038E+0
-1.415038E+0
-1.413568E+0
-1.409158E+0
-1.403278E+0
-1.395928E+0
-1.387108E+0
-1.376818E+0
-1.367998E+0
-1.359178E+0
-1.351828E+0
-1.345948E+0
-1.341538E+0
-1.340068E+0
-1.341538E+0
-1.344478E+0
-1.350358E+0
-1.357708E+0
-1.366528E+0
-1.376818E+0
-1.385638E+0
-1.394458E+0
-1.400338E+0
-1.403278E+0
-1.404748E+0
-1.403278E+0
-1.400338E+0
-1.397398E+0
-1.394458E+0
-1.391518E+0
-1.388578E+0
-1.388578E+0
-1.390048E+0
-1.391518E+0
-1.395928E+0
-1.400338E+0
-1.406218E+0
-1.410628E+0
-1.416508E+0
-1.422388E+0
-1.426798E+0
-1.428268E+0
-1.428268E+0
-1.426798E+0
-1.420918E+0
-1.413568E+0
-1.404748E+0
-1.395928E+0
-1.385638E+0
-1.376818E+0
-1.369468E+0
-1.363588E+0
-1.360648E+0
-1.357708E+0
-1.356238E+0
-1.356238E+0
-1.357708E+0
-1.359178E+0
-1.360648E+0
-1.363588E+0
-1.366528E+0
-1.369468E+0
-1.373878E+0
-1.378288E+0
-1.384168E+0
-1.390048E+0
-1.395928E+0
-1.400338E+0
-1.404748E+0
-1.406218E+0
-1.406218E+0
-1.403278E+0
-1.397398E+0
-1.391518E+0
-1.382698E+0
-1.375348E+0
-1.367998E+0
-1.362118E+0
-1.359178E+0
-1.357708E+0
-1.359178E+0
-1.360648E+0
-1.363588E+0
-1.367998E+0
-1.370938E+0
-1.373878E+0
-1.376818E+0
-1.381228E+0
-1.385638E+0
-1.391518E+0
-1.400338E+0
-1.409158E+0
-1.419448E+0
-1.431208E+0
-1.440028E+0
-1.447378E+0
-1.450318E+0
-1.447378E+0
-1.440028E+0
-1.428268E+0
-1.410628E+0
-1.391518E+0
-1.372408E+0
-1.354768E+0
-1.340068E+0
-1.331248E+0
-1.328308E+0
-1.331248E+0
-1.340068E+0
-1.354768E+0
-1.370938E+0
-1.390048E+0
-1.407688E+0
-1.425328E+0
-1.440028E+0
-1.450318E+0
-1.456198E+0
-1.459138E+0
-1.457668E+0
-1.453258E+0
-1.447378E+0
-1.441498E+0
-1.434148E+0
-1.429738E+0
-1.425328E+0
-1.422388E+0
-1.422388E+0
-1.420918E+0
-1.422388E+0
-1.422388E+0
-1.420918E+0
-1.417978E+0
-1.412098E+0
-1.406218E+0
-1.398868E+0
-1.390048E+0
-1.382698E+0
-1.373878E+0
-1.367998E+0
-1.362118E+0
-1.360648E+0
-1.359178E+0
-1.360648E+0
-1.365058E+0
-1.372408E+0
-1.382698E+0
-1.392988E+0
-1.404748E+0
-1.416508E+0
-1.426798E+0
-1.435618E+0
-1.441498E+0
-1.441498E+0
-1.438558E+0
-1.432678E+0
-1.423858E+0
-1.412098E+0
-1.401808E+0
-1.392988E+0
-1.387108E+0
-1.385638E+0
-1.388578E+0
-1.395928E+0
-1.406218E+0
-1.417978E+0
-1.429738E+0
-1.440028E+0
-1.448848E+0
-1.454728E+0
-1.457668E+0
-1.459138E+0
-1.457668E+0
-1.456198E+0
-1.453258E+0
-1.451788E+0
-1.450318E+0
-1.448848E+0
-1.448848E+0
-1.450318E+0
-1.450318E+0
-1.450318E+0
-1.448848E+0
-1.445908E+0
-1.440028E+0
-1.432678E+0
-1.423858E+0
-1.413568E+0
-1.403278E+0
-1.394458E+0
-1.387108E+0
-1.382698E+0
-1.382698E+0
-1.387108E+0
-1.394458E+0
-1.406218E+0
-1.419448E+0
-1.434148E+0
-1.445908E+0
-1.456198E+0
-1.463548E+0
-1.466488E+0
-1.465018E+0
-1.460608E+0
-1.453258E+0
-1.442968E+0
-1.431208E+0
-1.419448E+0
-1.406218E+0
-1.392988E+0
-1.381228E+0
-1.369468E+0
-1.360648E+0
-1.353298E+0
-1.348888E+0
-1.347418E+0
-1.348888E+0
-1.353298E+0
-1.359178E+0
-1.366528E+0
-1.375348E+0
-1.382698E+0
-1.388578E+0
-1.392988E+0
-1.394458E+0
-1.392988E+0
-1.390048E+0
-1.384168E+0
-1.378288E+0
-1.370938E+0
-1.362118E+0
-1.354768E+0
-1.347418E+0
-1.341538E+0
-1.338598E+0
-1.337128E+0
-1.338598E+0
-1.344478E+0
-1.351828E+0
-1.362118E+0
-1.375348E+0
-1.390048E+0
-1.403278E+0
-1.415038E+0
-1.425328E+0
-1.432678E+0
-1.435618E+0
-1.435618E+0
-1.434148E+0
-1.428268E+0
-1.423858E+0
-1.416508E+0
-1.410628E+0
-1.406218E+0
-1.403278E+0
-1.401808E+0
-1.403278E+0
-1.406218E+0
-1.410628E+0
-1.415038E+0
-1.419448E+0
-1.423858E+0
-1.425328E+0
-1.425328E+0
-1.422388E+0
-1.417978E+0
-1.412098E+0
-1.404748E+0
-1.397398E+0
-1.390048E+0
-1.382698E+0
-1.375348E+0
-1.369468E+0
-1.366528E+0
-1.363588E+0
-1.363588E+0
-1.365058E+0
-1.366528E+0
-1.370938E+0
-1.373878E+0
-1.376818E+0
-1.379758E+0
-1.381228E+0
-1.381228E+0
-1.379758E+0
-1.378288E+0
-1.376818E+0
-1.373878E+0
-1.372408E+0
-1.370938E+0
-1.370938E+0
-1.369468E+0
-1.367998E+0
-1.365058E+0
-1.362118E+0
-1.357708E+0
-1.351828E+0
-1.345948E+0
-1.340068E+0
-1.332718E+0
-1.328308E+0
-1.323898E+0
-1.320958E+0
-1.322428E+0
-1.325368E+0
-1.331248E+0
-1.338598E+0
-1.350358E+0
-1.365058E+0
-1.379758E+0
-1.398868E+0
-1.416508E+0
-1.435618E+0
-1.453258E+0
-1.467958E+0
-1.478248E+0
-1.485598E+0
-1.487068E+0
-1.485598E+0
-1.479718E+0
-1.470898E+0
-1.462078E+0
-1.451788E+0
-1.442968E+0
-1.434148E+0
-1.426798E+0
-1.420918E+0
-1.417978E+0
-1.416508E+0
-1.417978E+0
-1.420918E+0
-1.425328E+0
-1.429738E+0
-1.434148E+0
-1.437088E+0
-1.437088E+0
-1.432678E+0
-1.425328E+0
-1.413568E+0
-1.398868E+0
-1.382698E+0
-1.366528E+0
-1.351828E+0
-1.338598E+0
-1.326838E+0
-1.319488E+0
-1.315078E+0
-1.313608E+0
-1.313608E+0
-1.318018E+0
-1.323898E+0
-1.329778E+0
-1.337128E+0
-1.344478E+0
-1.351828E+0
-1.354768E+0
-1.356238E+0
-1.354768E+0
-1.351828E+0
-1.345948E+0
-1.338598E+0
-1.332718E+0
-1.325368E+0
-1.319488E+0
-1.315078E+0
-1.309198E+0
-1.306258E+0
-1.301848E+0
-1.297438E+0
-1.294498E+0
-1.293028E+0
-1.294498E+0
-1.297438E+0
-1.301848E+0
-1.310668E+0
-1.320958E+0
-1.334188E+0
-1.347418E+0
-1.362118E+0
-1.376818E+0
-1.390048E+0
-1.403278E+0
-1.413568E+0
-1.420918E+0
-1.426798E+0
-1.431208E+0
-1.434148E+0
-1.434148E+0
-1.435618E+0
-1.434148E+0
-1.434148E+0
-1.434148E+0
-1.431208E+0
-1.428268E+0
-1.423858E+0
-1.416508E+0
-1.410628E+0
-1.403278E+0
-1.398868E+0
-1.394458E+0
-1.392988E+0
-1.394458E+0
-1.397398E+0
-1.400338E+0
-1.403278E+0
-1.406218E+0
-1.406218E+0
-1.401808E+0
-1.397398E+0
-1.388578E+0
-1.379758E+0
-1.369468E+0
-1.360648E+0
-1.353298E+0
-1.347418E+0
-1.344478E+0
-1.341538E+0
-1.340068E+0
-1.340068E+0
-1.338598E+0
-1.337128E+0
-1.334188E+0
-1.332718E+0
-1.329778E+0
-1.328308E+0
-1.326838E+0
-1.326838E+0
-1.328308E+0
-1.329778E+0
-1.331248E+0
-1.332718E+0
-1.335658E+0
-1.340068E+0
-1.344478E+0
-1.351828E+0
-1.360648E+0
-1.372408E+0
-1.384168E+0
-1.397398E+0
-1.410628E+0
-1.422388E+0
-1.432678E+0
-1.440028E+0
-1.445908E+0
-1.447378E+0
-1.447378E+0
-1.445908E+0
-1.442968E+0
-1.438558E+0
-1.434148E+0
-1.429738E+0
-1.423858E+0
-1.417978E+0
-1.413568E+0
-1.409158E+0
-1.406218E+0
-1.403278E+0
-1.400338E+0
-1.397398E+0
-1.392988E+0
-1.390048E+0
-1.385638E+0
-1.379758E+0
-1.376818E+0
-1.372408E+0
-1.370938E+0
-1.369468E+0
-1.369468E+0
-1.369468E+0
-1.370938E+0
-1.373878E+0
-1.375348E+0
-1.378288E+0
-1.382698E+0
-1.387108E+0
-1.394458E+0
-1.400338E+0
-1.407688E+0
-1.415038E+0
-1.419448E+0
-1.422388E+0
-1.422388E+0
-1.419448E+0
-1.416508E+0
-1.412098E+0
-1.409158E+0
-1.406218E+0
-1.406218E+0
-1.407688E+0
-1.410628E+0
-1.413568E+0
-1.416508E+0
-1.420918E+0
-1.423858E+0
-1.426798E+0
-1.428268E+0
-1.431208E+0
-1.434148E+0
-1.438558E+0
-1.442968E+0
-1.448848E+0
-1.454728E+0
-1.462078E+0
-1.469428E+0
-1.475308E+0
-1.482658E+0
-1.487068E+0
-1.491478E+0
-1.492948E+0
-1.491478E+0
-1.488538E+0
-1.482658E+0
-1.475308E+0
-1.463548E+0
-1.453258E+0
-1.441498E+0
-1.431208E+0
-1.420918E+0
-1.415038E+0
-1.410628E+0
-1.410628E+0
-1.413568E+0
-1.417978E+0
-1.423858E+0
-1.431208E+0
-1.435618E+0
-1.437088E+0
-1.437088E+0
-1.434148E+0
-1.429738E+0
-1.423858E+0
-1.417978E+0
-1.413568E+0
-1.412098E+0
-1.410628E+0
-1.413568E+0
-1.416508E+0
-1.419448E+0
-1.422388E+0
-1.423858E+0
-1.422388E+0
-1.419448E+0
-1.412098E+0
-1.404748E+0
-1.395928E+0
-1.387108E+0
-1.379758E+0
-1.373878E+0
-1.370938E+0
-1.372408E+0
-1.376818E+0
-1.381228E+0
-1.387108E+0
-1.392988E+0
-1.397398E+0
-1.398868E+0
-1.400338E+0
-1.398868E+0
-1.397398E+0
-1.397398E+0
-1.398868E+0
-1.401808E+0
-1.407688E+0
-1.416508E+0
-1.426798E+0
-1.437088E+0
-1.447378E+0
-1.456198E+0
-1.462078E+0
-1.466488E+0
-1.467958E+0
-1.467958E+0
-1.465018E+0
-1.460608E+0
-1.453258E+0
-1.445908E+0
-1.438558E+0
-1.428268E+0
-1.419448E+0
-1.410628E+0
-1.401808E+0
-1.394458E+0
-1.388578E+0
-1.385638E+0
-1.384168E+0
-1.385638E+0
-1.387108E+0
-1.391518E+0
-1.394458E+0
-1.395928E+0
-1.395928E+0
-1.392988E+0
-1.384168E+0
-1.369468E+0
-1.348888E+0
-1.320958E+0
-1.285678E+0
-1.245988E+0
-1.203358E+0
-1.157788E+0
-1.113688E+0
-1.072528E+0
-1.037248E+0
-1.009318E+0
-9.887380E-1
-9.784480E-1
-9.784480E-1
-9.902080E-1
-1.026958E+0
-1.101928E+0
-1.215118E+0
-1.360648E+0
-1.542928E+0
-1.785478E+0
-2.070658E+0
-2.372008E+0
-2.695408E+0
-3.051148E+0
-3.417178E+0
-3.777328E+0
-4.127188E+0
-4.469698E+0
-4.806328E+0
-5.137078E+0
-5.464888E+0
-5.783878E+0
-6.096988E+0
-6.407158E+0
-6.711448E+0
-7.017208E+0
-7.331788E+0
-7.669888E+0
-8.041798E+0
-8.466628E+0
-8.994358E+0
-9.677908E+0
-1.065693E+1
-1.238271E+1
-2.050005E+1
-2.050005E+1
-2.050005E+1
-2.050005E+1
-2.050005E+1
-2.050005E+1
-2.050005E+1
-2.050005E+1
-2.050005E+1
-2.050005E+1
-2.050005E+1
-2.050005E+1
-2.050005E+1
-2.050005E+1
-2.050005E+1
-2.050005E+1
-2.050005E+1
-1.549911E+1
-1.434663E+1
-1.359840E+1
-1.318680E+1
-1.290750E+1
-1.277961E+1
-1.290750E+1
-1.334262E+1
-1.422315E+1
-1.660896E+1
-2.050005E+1
-2.050005E+1
-2.050005E+1
-2.050005E+1
-2.050005E+1
-1.461858E+1
-1.260027E+1
-1.153746E+1
-1.090389E+1
-1.058784E+1
-1.052169E+1
-1.072749E+1
-1.121259E+1
-1.218573E+1
-1.434663E+1
-2.050005E+1
-2.050005E+1
-2.050005E+1
-2.050005E+1
-2.050005E+1
-2.050005E+1
-2.050005E+1
-1.510368E+1
-1.277961E+1
-1.179765E+1
-1.127433E+1
-1.101120E+1
-1.093035E+1
-1.103913E+1
-1.133607E+1
-1.187850E+1
-1.290750E+1
-1.572843E+1
-2.050005E+1
-2.050005E+1
-2.050005E+1
-2.050005E+1
-2.050005E+1
-2.050005E+1
-2.050005E+1
-2.050005E+1
-2.050005E+1
-2.050005E+1
-2.050005E+1
-2.050005E+1
-2.050005E+1
-2.050005E+1
-2.050005E+1
-1.422315E+1
-1.223277E+1
-1.133607E+1
-1.087743E+1
-1.063341E+1
-1.063341E+1
-1.085244E+1
-1.140222E+1
-1.248855E+1
-1.627380E+1
-2.050005E+1
-2.050005E+1
-2.050005E+1
-2.050005E+1
-2.050005E+1
-2.050005E+1
-2.050005E+1
-2.050005E+1
-2.050005E+1
-2.050005E+1
-2.050005E+1
-2.050005E+1
-2.050005E+1
-2.050005E+1
-2.050005E+1
-2.050005E+1
-1.748949E+1
-1.238271E+1
-1.090389E+1
-1.003218E+1
-9.451528E+0
-9.048748E+0
-8.806198E+0
-8.709178E+0
-8.747398E+0
-8.939968E+0
-9.283948E+0
-9.816088E+0
-1.058784E+1
-1.164477E+1
-1.318680E+1
-1.549911E+1
-1.748949E+1
-1.549911E+1
-1.342494E+1
-1.218573E+1
-1.136841E+1
-1.087743E+1
-1.068045E+1
-1.077747E+1
-1.121259E+1
-1.228275E+1
-1.660896E+1
-2.050005E+1
-2.050005E+1
-2.050005E+1
-2.050005E+1
-2.050005E+1
-2.050005E+1
-2.050005E+1
-2.050005E+1
-2.050005E+1
-2.050005E+1
-2.050005E+1
-2.050005E+1
-2.050005E+1
-2.050005E+1
-2.050005E+1
-2.050005E+1
-2.050005E+1
-2.050005E+1
-2.050005E+1
-2.050005E+1
-2.050005E+1
-2.050005E+1
-2.050005E+1
-2.050005E+1
-2.050005E+1
-2.050005E+1
-2.050005E+1
-1.447893E+1
-1.183734E+1
-1.085244E+1
-1.037322E+1
-1.023357E+1
-1.037322E+1
-1.077747E+1
-1.157274E+1
-1.311330E+1
-2.050005E+1
-2.050005E+1
-2.050005E+1
-2.050005E+1
-2.050005E+1
-2.050005E+1
-2.050005E+1
-2.050005E+1
-2.050005E+1
-1.700439E+1
-1.311330E+1
-1.187850E+1
-1.121259E+1
-1.077747E+1
-1.054374E+1
-1.043496E+1
-1.047759E+1
-1.063341E+1
-1.093035E+1
-1.143456E+1
-1.223277E+1
-1.388799E+1
-2.050005E+1
-2.050005E+1
-2.050005E+1
-2.050005E+1
-2.050005E+1
-2.050005E+1
-2.050005E+1
-2.050005E+1
-2.050005E+1
-2.050005E+1
-2.050005E+1
-2.050005E+1
-2.050005E+1
-2.050005E+1
-2.050005E+1
-2.050005E+1
-2.050005E+1
-2.050005E+1
-2.050005E+1
-2.050005E+1
-2.050005E+1
-1.476852E+1
-1.209312E+1
-1.085244E+1
-1.001454E+1
-9.438298E+0
-9.016408E+0
-8.719468E+0
-8.500438E+0
-8.366668E+0
-8.310808E+0
-8.325508E+0
-8.407828E+0
-8.553358E+0
-8.767978E+0
-9.070798E+0
-9.477988E+0
-9.996898E+0
-1.065693E+1
-1.146837E+1
-1.243563E+1
-1.351020E+1
-1.447893E+1
-1.476852E+1
-1.447893E+1
-1.378803E+1
-1.326324E+1
-1.290750E+1
-1.271787E+1
-1.260027E+1
-1.265907E+1
-1.284135E+1
-1.311330E+1
-1.359840E+1
-1.434663E+1
-1.549911E+1
-2.050005E+1
-2.050005E+1
-2.050005E+1
-2.050005E+1
-2.050005E+1
-2.050005E+1
-2.050005E+1
-2.050005E+1
-1.660896E+1
-1.627380E+1
-1.811424E+1
-2.050005E+1
-2.050005E+1
-2.050005E+1
-2.050005E+1
-2.050005E+1
-2.050005E+1
-2.050005E+1
-2.050005E+1
-2.050005E+1
-2.050005E+1
-2.050005E+1
-2.050005E+1
-2.050005E+1
-2.050005E+1
-2.050005E+1
-2.050005E+1
-1.598421E+1
-1.493022E+1
-1.476852E+1
-1.549911E+1
-1.811424E+1
-2.050005E+1
-2.050005E+1
-2.050005E+1
-2.050005E+1
-2.050005E+1
-2.050005E+1
-1.493022E+1
-1.304274E+1
-1.196082E+1
-1.124346E+1
-1.077747E+1
-1.045554E+1
-1.025268E+1
-1.013949E+1
-1.008510E+1
-1.008510E+1
-1.012185E+1
-1.019535E+1
-1.029237E+1
-1.041438E+1
-1.060989E+1
-1.087743E+1
-1.121259E+1
-1.164477E+1
-1.218573E+1
-1.277961E+1
-1.334262E+1
-1.359840E+1
-1.334262E+1
-1.284135E+1
-1.223277E+1
-1.171974E+1
-1.130520E+1
-1.103913E+1
-1.087743E+1
-1.082745E+1
-1.090389E+1
-1.103913E+1
-1.115379E+1
-1.127433E+1
-1.130520E+1
-1.130520E+1
-1.118319E+1
-1.098327E+1
-1.077747E+1
-1.060989E+1
-1.047759E+1
-1.039380E+1
-1.031148E+1
-1.025268E+1
-1.019535E+1
-1.013949E+1
-1.006746E+1
-9.996898E+0
-9.946918E+0
-9.946918E+0
-1.001454E+1
-1.017624E+1
-1.041438E+1
-1.077747E+1
-1.130520E+1
-1.204902E+1
-1.304274E+1
-1.447893E+1
-1.660896E+1
-1.811424E+1
-1.598421E+1
-1.388799E+1
-1.254441E+1
-1.157274E+1
-1.093035E+1
-1.052169E+1
-1.031148E+1
-1.035264E+1
-1.060989E+1
-1.118319E+1
-1.238271E+1
-1.660896E+1
-2.050005E+1
-2.050005E+1
-2.050005E+1
-2.050005E+1
-2.050005E+1
-2.050005E+1
-2.050005E+1
-2.050005E+1
-2.050005E+1
-2.050005E+1
-2.050005E+1
-2.050005E+1
-2.050005E+1
-2.050005E+1
-2.050005E+1
-2.050005E+1
-1.748949E+1
-1.700439E+1
-2.050005E+1
-2.050005E+1
-2.050005E+1
-2.050005E+1
-2.050005E+1
-2.050005E+1
-2.050005E+1
-2.050005E+1
-2.050005E+1
-2.050005E+1
-2.050005E+1
-2.050005E+1
-2.050005E+1
-2.050005E+1
-2.050005E+1
-2.050005E+1
-2.050005E+1
-1.510368E+1
-1.351020E+1
-1.271787E+1
-1.213869E+1
-1.179765E+1
-1.164477E+1
-1.164477E+1
-1.179765E+1
-1.209312E+1
-1.260027E+1
-1.342494E+1
-1.493022E+1
-2.050005E+1
-2.050005E+1
-2.050005E+1
-2.050005E+1
-2.050005E+1
-2.050005E+1
-2.050005E+1
-2.050005E+1
-2.050005E+1
-2.050005E+1
-2.050005E+1
-2.050005E+1
-1.660896E+1
-1.410555E+1
-1.318680E+1
-1.284135E+1
-1.284135E+1
-1.304274E+1
-1.378803E+1
-1.572843E+1
-2.050005E+1
-2.050005E+1
-2.050005E+1
-2.050005E+1
-2.050005E+1
-2.050005E+1
-2.050005E+1
-2.050005E+1
-2.050005E+1
-2.050005E+1
-2.050005E+1
-2.050005E+1
-2.050005E+1
-2.050005E+1
-1.510368E+1
-1.399383E+1
-1.369101E+1
-1.359840E+1
-1.359840E+1
-1.359840E+1
-1.351020E+1
-1.334262E+1
-1.318680E+1
-1.304274E+1
-1.304274E+1
-1.318680E+1
-1.351020E+1
-1.410555E+1
-1.510368E+1
-1.700439E+1
-2.050005E+1
-2.050005E+1
-2.050005E+1
-2.050005E+1
-2.050005E+1
-2.050005E+1
-2.050005E+1
-2.050005E+1
-2.050005E+1
-2.050005E+1
-2.050005E+1
-2.050005E+1
-2.050005E+1
-2.050005E+1
-2.050005E+1
-2.050005E+1
-2.050005E+1
-2.050005E+1
-2.050005E+1
-2.050005E+1
-2.050005E+1
-2.050005E+1
-1.378803E+1
-1.150218E+1
-1.052169E+1
-9.980728E+0
-9.663208E+0
-9.519148E+0
-9.477988E+0
-9.533848E+0
-9.677908E+0
-9.863128E+0
-1.012185E+1
-1.043496E+1
-1.082745E+1
-1.127433E+1
-1.175796E+1
-1.223277E+1
-1.265907E+1
-1.297365E+1
-1.304274E+1
-1.284135E+1
-1.243563E+1
-1.209312E+1
-1.179765E+1
-1.157274E+1
-1.150218E+1
-1.160802E+1
-1.191966E+1
-1.254441E+1
-1.369101E+1
-1.660896E+1
-2.050005E+1
-2.050005E+1
-2.050005E+1
-2.050005E+1
-2.050005E+1
-2.050005E+1
-1.399383E+1
-1.200492E+1
-1.098327E+1
-1.037322E+1
-1.003218E+1
-9.896938E+0
-9.996898E+0
-1.033206E+1
-1.101120E+1
-1.228275E+1
-1.598421E+1
-2.050005E+1
-2.050005E+1
-2.050005E+1
-2.050005E+1
-2.050005E+1
-2.050005E+1
-2.050005E+1
-2.050005E+1
-2.050005E+1
-1.627380E+1
-1.510368E+1
-1.447893E+1
-1.378803E+1
-1.290750E+1
-1.209312E+1
-1.124346E+1
-1.054374E+1
-9.980728E+0
-9.519148E+0
-9.175168E+0
-8.939968E+0
-8.797378E+0
-8.747398E+0
-8.757688E+0
-8.816488E+0
-8.898808E+0
-9.016408E+0
-9.139888E+0
-9.272188E+0
-9.411838E+0
-9.575008E+0
-9.816088E+0
-1.013949E+1
-1.060989E+1
-1.133607E+1
-1.254441E+1
-1.572843E+1
-2.050005E+1
-2.050005E+1
-2.050005E+1
-2.050005E+1
-2.050005E+1
-2.050005E+1
-2.050005E+1
-2.050005E+1
-2.050005E+1
-2.050005E+1
-2.050005E+1
-2.050005E+1
-2.050005E+1
-2.050005E+1
-2.050005E+1
-2.050005E+1
-2.050005E+1
-2.050005E+1
-2.050005E+1
-2.050005E+1
-2.050005E+1
-2.050005E+1
-2.050005E+1
-2.050005E+1
-2.050005E+1
-2.050005E+1
-2.050005E+1
-2.050005E+1
-2.050005E+1
-2.050005E+1
-2.050005E+1
-2.050005E+1
-2.050005E+1
-2.050005E+1
-2.050005E+1
-2.050005E+1
-2.050005E+1
-2.050005E+1
-2.050005E+1
-2.050005E+1
-2.050005E+1
-2.050005E+1
-2.050005E+1
-2.050005E+1
-2.050005E+1
-2.050005E+1
-2.050005E+1
-1.422315E+1
-1.243563E+1
-1.153746E+1
-1.101120E+1
-1.072749E+1
-1.068045E+1
-1.085244E+1
-1.127433E+1
-1.213869E+1
-1.410555E+1
-2.050005E+1
-2.050005E+1
-2.050005E+1
-2.050005E+1
-2.050005E+1
-2.050005E+1
-2.050005E+1
-2.050005E+1
-2.050005E+1
-2.050005E+1
-2.050005E+1
-2.050005E+1
-2.050005E+1
-2.050005E+1
-2.050005E+1
-2.050005E+1
-2.050005E+1
-2.050005E+1
-2.050005E+1
-2.050005E+1
-2.050005E+1
-2.050005E+1
-2.050005E+1
-2.050005E+1
-2.050005E+1
-2.050005E+1
-2.050005E+1
-1.529331E+1
-1.254441E+1
-1.164477E+1
-1.121259E+1
-1.101120E+1
-1.101120E+1
-1.109499E+1
-1.121259E+1
-1.130520E+1
-1.136841E+1
-1.136841E+1
-1.127433E+1
-1.112439E+1
-1.095681E+1
-1.080099E+1
-1.070397E+1
-1.068045E+1
-1.072749E+1
-1.087743E+1
-1.115379E+1
-1.160802E+1
-1.243563E+1
-1.422315E+1
-2.050005E+1
-2.050005E+1
-2.050005E+1
-2.050005E+1
-2.050005E+1
-2.050005E+1
-2.050005E+1
-2.050005E+1
-2.050005E+1
-2.050005E+1
-2.050005E+1
-2.050005E+1
-2.050005E+1
-2.050005E+1
-2.050005E+1
-2.050005E+1
-2.050005E+1
-2.050005E+1
-2.050005E+1
-1.378803E+1
-1.218573E+1
-1.153746E+1
-1.124346E+1
-1.112439E+1
-1.112439E+1
-1.121259E+1
-1.136841E+1
-1.157274E+1
-1.179765E+1
-1.204902E+1
-1.228275E+1
-1.238271E+1
-1.233273E+1
-1.204902E+1
-1.164477E+1
-1.121259E+1
-1.085244E+1
-1.063341E+1
-1.052169E+1
-1.060989E+1
-1.098327E+1
-1.179765E+1
-1.378803E+1
-2.050005E+1
-2.050005E+1
-2.050005E+1
-2.050005E+1
-2.050005E+1
-2.050005E+1
-2.050005E+1
-2.050005E+1
-2.050005E+1
-2.050005E+1
-2.050005E+1
-2.050005E+1
-2.050005E+1
-2.050005E+1
-2.050005E+1
-2.050005E+1
-2.050005E+1
-2.050005E+1
-2.050005E+1
-2.050005E+1
-2.050005E+1
-2.050005E+1
-1.304274E+1
-1.130520E+1
-1.031148E+1
-9.619108E+0
-9.116368E+0
-8.747398E+0
-8.491618E+0
-8.341678E+0
-8.278468E+0
-8.294638E+0
-8.391658E+0
-8.570998E+0
-8.816488E+0
-9.139888E+0
-9.505918E+0
-9.946918E+0
-1.041438E+1
-1.087743E+1
-1.127433E+1
-1.157274E+1
-1.183734E+1
-1.204902E+1
-1.223277E+1
-1.254441E+1
-1.297365E+1
-1.388799E+1
-1.598421E+1
-2.050005E+1
-2.050005E+1
-2.050005E+1
-2.050005E+1
-2.050005E+1
-2.050005E+1
-2.050005E+1
-2.050005E+1
-2.050005E+1
-2.050005E+1
-2.050005E+1
-2.050005E+1
-2.050005E+1
-2.050005E+1
-2.050005E+1
-2.050005E+1
-2.050005E+1
-2.050005E+1
-2.050005E+1
-2.050005E+1
-2.050005E+1
-2.050005E+1
-2.050005E+1
-2.050005E+1
-2.050005E+1
-2.050005E+1
-2.050005E+1
-2.050005E+1
-2.050005E+1
-2.050005E+1
-2.050005E+1
-2.050005E+1
-2.050005E+1
-2.050005E+1
-2.050005E+1
-2.050005E+1
-2.050005E+1
-2.050005E+1
-2.050005E+1
-2.050005E+1
-2.050005E+1
-2.050005E+1
-2.050005E+1
-2.050005E+1
-2.050005E+1
-2.050005E+1
-2.050005E+1
-2.050005E+1
-2.050005E+1
-1.572843E+1
-1.260027E+1
-1.136841E+1
-1.060989E+1
-1.001454E+1
-9.533848E+0
-9.139888E+0
-8.816488E+0
-8.570998E+0
-8.407828E+0
-8.301988E+0
-8.287288E+0
-8.341678E+0
-8.466628E+0
-8.653318E+0
-8.888518E+0
-9.163408E+0
-9.477988E+0
-9.830788E+0
-1.019535E+1
-1.060989E+1
-1.106706E+1
-1.160802E+1
-1.233273E+1
-1.326324E+1
-1.476852E+1
-2.050005E+1
-2.050005E+1
-2.050005E+1
-2.050005E+1
-2.050005E+1
-2.050005E+1
-2.050005E+1
-2.050005E+1
-2.050005E+1
-2.050005E+1
-2.050005E+1
-2.050005E+1
-2.050005E+1
-2.050005E+1
-2.050005E+1
-2.050005E+1
-2.050005E+1
-2.050005E+1
-2.050005E+1
-2.050005E+1
-2.050005E+1
-2.050005E+1
-2.050005E+1
-2.050005E+1
-2.050005E+1
-2.050005E+1
-2.050005E+1
-2.050005E+1
-1.297365E+1
-1.168152E+1
-1.118319E+1
-1.112439E+1
-1.146837E+1
-1.243563E+1
-1.598421E+1
-2.050005E+1
-2.050005E+1
-2.050005E+1
-2.050005E+1
-2.050005E+1
-2.050005E+1
-2.050005E+1
-2.050005E+1
-2.050005E+1
-2.050005E+1
-2.050005E+1
-2.050005E+1
-2.050005E+1
-2.050005E+1
-2.050005E+1
-1.476852E+1
-1.271787E+1
-1.196082E+1
-1.153746E+1
-1.130520E+1
-1.112439E+1
-1.101120E+1
-1.090389E+1
-1.085244E+1
-1.087743E+1
-1.101120E+1
-1.133607E+1
-1.204902E+1
-1.351020E+1
-2.050005E+1
-2.050005E+1
-2.050005E+1
-2.050005E+1
-2.050005E+1
-2.050005E+1
-2.050005E+1
-2.050005E+1
-2.050005E+1
-2.050005E+1
-2.050005E+1
-2.050005E+1
-2.050005E+1
-2.050005E+1
-2.050005E+1
-2.050005E+1
-2.050005E+1
-2.050005E+1
-2.050005E+1
-2.050005E+1
-2.050005E+1
-2.050005E+1
-2.050005E+1
-2.050005E+1
-2.050005E+1
-2.050005E+1
-2.050005E+1
-2.050005E+1
-2.050005E+1
-2.050005E+1
-1.660896E+1
-1.290750E+1
-1.164477E+1
-1.093035E+1
-1.047759E+1
-1.017624E+1
-1.003218E+1
-9.963088E+0
-9.996898E+0
-1.008510E+1
-1.023357E+1
-1.041438E+1
-1.060989E+1
-1.085244E+1
-1.109499E+1
-1.140222E+1
-1.179765E+1
-1.238271E+1
-1.334262E+1
-1.529331E+1
-2.050005E+1
-2.050005E+1
-2.050005E+1
-2.050005E+1
-2.050005E+1
-2.050005E+1
-2.050005E+1
-2.050005E+1
-2.050005E+1
-2.050005E+1
-2.050005E+1
-2.050005E+1
-2.050005E+1
-2.050005E+1
-2.050005E+1
-2.050005E+1
-2.050005E+1
-2.050005E+1
-2.050005E+1
-2.050005E+1
-2.050005E+1
-2.050005E+1
-2.050005E+1
-2.050005E+1
-2.050005E+1
-2.050005E+1
-2.050005E+1
-2.050005E+1
-2.050005E+1
-2.050005E+1
-2.050005E+1
-2.050005E+1
-2.050005E+1
-2.050005E+1
-2.050005E+1
-2.050005E+1
-2.050005E+1
-2.050005E+1
-2.050005E+1
-2.050005E+1
-2.050005E+1
-2.050005E+1
-2.050005E+1
-2.050005E+1
-2.050005E+1
-2.050005E+1
-2.050005E+1
-2.050005E+1
-2.050005E+1
-2.050005E+1
-2.050005E+1
-2.050005E+1
-2.050005E+1
-2.050005E+1
-2.050005E+1
-2.050005E+1
-2.050005E+1
-2.050005E+1
-2.050005E+1
-1.748949E+1
-1.359840E+1
-1.254441E+1
-1.204902E+1
-1.200492E+1
-1.228275E+1
-1.311330E+1
-1.549911E+1
-2.050005E+1
-2.050005E+1
-2.050005E+1
-2.050005E+1
-2.050005E+1
-2.050005E+1
-2.050005E+1
-2.050005E+1
-2.050005E+1
-2.050005E+1
-2.050005E+1
-2.050005E+1
-2.050005E+1
-2.050005E+1
-2.050005E+1
-2.050005E+1
-2.050005E+1
-2.050005E+1
-2.050005E+1
-2.050005E+1
-2.050005E+1
-2.050005E+1
-2.050005E+1
-2.050005E+1
-2.050005E+1
-2.050005E+1
-2.050005E+1
-2.050005E+1
-2.050005E+1
-2.050005E+1
-2.050005E+1
-2.050005E+1
-2.050005E+1
-2.050005E+1
-2.050005E+1
-1.447893E+1
-1.304274E+1
-1.254441E+1
-1.248855E+1
-1.290750E+1
-1.410555E+1
-2.050005E+1
-2.050005E+1
-2.050005E+1
-2.050005E+1
-2.050005E+1
-2.050005E+1
-2.050005E+1
-2.050005E+1
-2.050005E+1
-2.050005E+1
-2.050005E+1
-1.748949E+1
-1.271787E+1
-1.150218E+1
-1.095681E+1
-1.075248E+1
-1.085244E+1
-1.124346E+1
-1.213869E+1
-1.447893E+1
-2.050005E+1
-2.050005E+1
-2.050005E+1
-2.050005E+1
-2.050005E+1
-2.050005E+1
-2.050005E+1
-2.050005E+1
-2.050005E+1
-2.050005E+1
-2.050005E+1
-2.050005E+1
-2.050005E+1
-2.050005E+1
-2.050005E+1
-2.050005E+1
-2.050005E+1
-2.050005E+1
-2.050005E+1
-2.050005E+1
-2.050005E+1
-2.050005E+1
-2.050005E+1
-2.050005E+1
-2.050005E+1
-2.050005E+1
-2.050005E+1
-2.050005E+1
-2.050005E+1
-2.050005E+1
-2.050005E+1
-2.050005E+1
-1.191966E+1
-1.021446E+1
-9.295708E+0
-8.700358E+0
-8.301988E+0
-8.041798E+0
-7.887448E+0
-7.822768E+0
-7.809538E+0
-7.847758E+0
-7.912438E+0
-7.987408E+0
-8.056498E+0
-8.128528E+0
-8.202028E+0
-8.294638E+0
-8.407828E+0
-8.562178E+0
-8.747398E+0
-8.962018E+0
-9.198688E+0
-9.411838E+0
-9.575008E+0
-9.648508E+0
-9.619108E+0
-9.505918E+0
-9.333928E+0
-9.163408E+0
-9.026698E+0
-8.939968E+0
-8.939968E+0
-9.026698E+0
-9.247198E+0
-9.619108E+0
-1.019535E+1
-1.112439E+1
-1.290750E+1
-2.050005E+1
-2.050005E+1
-2.050005E+1
-2.050005E+1
-2.050005E+1
-2.050005E+1
-2.050005E+1
-2.050005E+1
-2.050005E+1
-2.050005E+1
-1.461858E+1
-1.204902E+1
-1.085244E+1
-1.008510E+1
-9.561778E+0
-9.198688E+0
-8.972308E+0
-8.847358E+0
-8.816488E+0
-8.878228E+0
-9.016408E+0
-9.222208E+0
-9.477988E+0
-9.783748E+0
-1.012185E+1
-1.043496E+1
-1.072749E+1
-1.095681E+1
-1.106706E+1
-1.103913E+1
-1.085244E+1
-1.058784E+1
-1.031148E+1
-1.003218E+1
-9.799918E+0
-9.648508E+0
-9.589708E+0
-9.633808E+0
-9.799918E+0
-1.004982E+1
-1.037322E+1
-1.070397E+1
-1.093035E+1
-1.093035E+1
-1.070397E+1
-1.031148E+1
-9.846958E+0
-9.438298E+0
-9.116368E+0
-8.888518E+0
-8.738578E+0
-8.662138E+0
-8.662138E+0
-8.719468E+0
-8.816488E+0
-8.919388E+0
-9.038458E+0
-9.175168E+0
-9.322168E+0
-9.464758E+0
-9.619108E+0
-9.783748E+0
-9.913108E+0
-1.003218E+1
-1.012185E+1
-1.015860E+1
-1.019535E+1
-1.023357E+1
-1.031148E+1
-1.049964E+1
-1.082745E+1
-1.136841E+1
-1.233273E+1
-1.434663E+1
-2.050005E+1
-2.050005E+1
-2.050005E+1
-2.050005E+1
-2.050005E+1
-2.050005E+1
-2.050005E+1
-2.050005E+1
-2.050005E+1
-2.050005E+1
-2.050005E+1
-2.050005E+1
-2.050005E+1
-2.050005E+1
-2.050005E+1
-1.627380E+1
-1.334262E+1
-1.200492E+1
-1.118319E+1
-1.060989E+1
-1.029237E+1
-1.015860E+1
-1.021446E+1
-1.047759E+1
-1.098327E+1
-1.179765E+1
-1.318680E+1
-1.660896E+1
-2.050005E+1
-2.050005E+1
-2.050005E+1
-1.447893E+1
-1.223277E+1
-1.095681E+1
-1.017624E+1
-9.633808E+0
-9.308938E+0
-9.151648E+0
-9.163408E+0
-9.322168E+0
-9.663208E+0
-1.025268E+1
-1.121259E+1
-1.311330E+1
-2.050005E+1
-2.050005E+1
-2.050005E+1
-2.050005E+1
-2.050005E+1
-2.050005E+1
-2.050005E+1
-2.050005E+1
-2.050005E+1
-2.050005E+1
-1.899477E+1
-1.388799E+1
-1.277961E+1
-1.233273E+1
-1.218573E+1
-1.213869E+1
-1.223277E+1
-1.228275E+1
-1.238271E+1
-1.243563E+1
-1.243563E+1
-1.243563E+1
-1.243563E+1
-1.233273E+1
-1.204902E+1
-1.164477E+1
-1.118319E+1
-1.065693E+1
-1.015860E+1
-9.722008E+0
-9.372148E+0
-9.116368E+0
-8.950258E+0
-8.878228E+0
-8.898808E+0
-9.016408E+0
-9.247198E+0
-9.589708E+0
-1.008510E+1
-1.077747E+1
-1.179765E+1
-1.359840E+1
-2.050005E+1
-2.050005E+1
-2.050005E+1
-2.050005E+1
-2.050005E+1
-2.050005E+1
-2.050005E+1
-2.050005E+1
-2.050005E+1
-2.050005E+1
-2.050005E+1
-1.510368E+1
-1.369101E+1
-1.277961E+1
-1.213869E+1
-1.164477E+1
-1.130520E+1
-1.106706E+1
-1.095681E+1
-1.095681E+1
-1.109499E+1
-1.140222E+1
-1.196082E+1
-1.290750E+1
-1.476852E+1
-2.050005E+1
-2.050005E+1
-2.050005E+1
-2.050005E+1
-2.050005E+1
-2.050005E+1
-2.050005E+1
-2.050005E+1
-2.050005E+1
-2.050005E+1
-2.050005E+1
-2.050005E+1
-2.050005E+1
-2.050005E+1
-2.050005E+1
-2.050005E+1
-2.050005E+1
-2.050005E+1
-1.627380E+1
-1.175796E+1
-1.037322E+1
-9.533848E+0
-8.972308E+0
-8.597458E+0
-8.366668E+0
-8.232898E+0
-8.202028E+0
-8.254948E+0
-8.382838E+0
-8.588638E+0
-8.857648E+0
-9.198688E+0
-9.619108E+0
-1.012185E+1
-1.070397E+1
-1.143456E+1
-1.243563E+1
-1.399383E+1
-1.899477E+1
-2.050005E+1
-2.050005E+1
-2.050005E+1
-2.050005E+1
-2.050005E+1
-2.050005E+1
-2.050005E+1
-2.050005E+1
-2.050005E+1
-2.050005E+1
-1.627380E+1
-1.351020E+1
-1.223277E+1
-1.143456E+1
-1.087743E+1
-1.047759E+1
-1.019535E+1
-9.996898E+0
-9.879298E+0
-9.846958E+0
-9.863128E+0
-9.946918E+0
-1.006746E+1
-1.021446E+1
-1.041438E+1
-1.063341E+1
-1.090389E+1
-1.121259E+1
-1.164477E+1
-1.228275E+1
-1.342494E+1
-1.748949E+1
-2.050005E+1
-2.050005E+1
-2.050005E+1
-2.050005E+1
-2.050005E+1
-2.050005E+1
-2.050005E+1
-2.050005E+1
-2.050005E+1
-2.050005E+1
-2.050005E+1
-2.050005E+1
-2.050005E+1
-2.050005E+1
-2.050005E+1
-2.050005E+1
-2.050005E+1
-2.050005E+1
-2.050005E+1
-2.050005E+1
-1.493022E+1
-1.271787E+1
-1.168152E+1
-1.112439E+1
-1.080099E+1
-1.070397E+1
-1.080099E+1
-1.112439E+1
-1.175796E+1
-1.297365E+1
-1.748949E+1
-2.050005E+1
-2.050005E+1
-2.050005E+1
-2.050005E+1
-2.050005E+1
-2.050005E+1
-2.050005E+1
-2.050005E+1
-2.050005E+1
-2.050005E+1
-2.050005E+1
-2.050005E+1
-2.050005E+1
-2.050005E+1
-2.050005E+1
-2.050005E+1
-2.050005E+1
-2.050005E+1
-2.050005E+1
-2.050005E+1
-2.050005E+1
-2.050005E+1
-2.050005E+1
-2.050005E+1
-2.050005E+1
-2.050005E+1
-2.050005E+1
-1.660896E+1
-1.318680E+1
-1.238271E+1
-1.218573E+1
-1.243563E+1
-1.318680E+1
-1.493022E+1
-2.050005E+1
-2.050005E+1
-2.050005E+1
-2.050005E+1
-2.050005E+1
-2.050005E+1
-2.050005E+1
-2.050005E+1
-2.050005E+1
-2.050005E+1
-2.050005E+1
-2.050005E+1
-2.050005E+1
-2.050005E+1
-2.050005E+1
-2.050005E+1
-2.050005E+1
-2.050005E+1
-2.050005E+1
-2.050005E+1
-2.050005E+1
-2.050005E+1
-2.050005E+1
-2.050005E+1
-2.050005E+1
-2.050005E+1
-2.050005E+1
-2.050005E+1
-2.050005E+1
-2.050005E+1
-2.050005E+1
-2.050005E+1
-2.050005E+1
-2.050005E+1
-2.050005E+1
-2.050005E+1
-2.050005E+1
-2.050005E+1
-2.050005E+1
-2.050005E+1
-2.050005E+1
-2.050005E+1
-2.050005E+1
-2.050005E+1
-2.050005E+1
-2.050005E+1
-2.050005E+1
-2.050005E+1
-2.050005E+1
-2.050005E+1
-2.050005E+1
-2.050005E+1
-2.050005E+1
-2.050005E+1
-2.050005E+1
-2.050005E+1
-2.050005E+1
-1.399383E+1
-1.171974E+1
-1.075248E+1
-1.021446E+1
-9.929278E+0
-9.769048E+0
-9.692608E+0
-9.677908E+0
-9.692608E+0
-9.692608E+0
-9.663208E+0
-9.589708E+0
-9.477988E+0
-9.347158E+0
-9.210448E+0
-9.094318E+0
-9.016408E+0
-9.004648E+0
-9.048748E+0
-9.151648E+0
-9.308938E+0
-9.533848E+0
-9.846958E+0
-1.023357E+1
-1.070397E+1
-1.133607E+1
-1.228275E+1
-1.410555E+1
-2.050005E+1
-2.050005E+1
-2.050005E+1
-2.050005E+1
-2.050005E+1
-2.050005E+1
-2.050005E+1
-2.050005E+1
-2.050005E+1
-2.050005E+1
-2.050005E+1
-2.050005E+1
-1.549911E+1
-1.284135E+1
-1.157274E+1
-1.075248E+1
-1.019535E+1
-9.783748E+0
-9.519148E+0
-9.372148E+0
-9.322168E+0
-9.358918E+0
-9.492688E+0
-9.738178E+0
-1.010274E+1
-1.060989E+1
-1.136841E+1
-1.260027E+1
-1.529331E+1
-2.050005E+1
-2.050005E+1
-2.050005E+1
-2.050005E+1
-2.050005E+1
-2.050005E+1
-2.050005E+1
-1.748949E+1
-1.410555E+1
-1.318680E+1
-1.304274E+1
-1.351020E+1
-1.493022E+1
-2.050005E+1
-2.050005E+1
-2.050005E+1
-2.050005E+1
-2.050005E+1
-2.050005E+1
-2.050005E+1
-1.447893E+1
-1.284135E+1
-1.209312E+1
-1.187850E+1
-1.213869E+1
-1.311330E+1
-1.748949E+1
-2.050005E+1
-2.050005E+1
-2.050005E+1
-2.050005E+1
-2.050005E+1
-2.050005E+1
-2.050005E+1
-2.050005E+1
-2.050005E+1
-2.050005E+1
-2.050005E+1
-1.304274E+1
-1.179765E+1
-1.124346E+1
-1.095681E+1
-1.080099E+1
-1.068045E+1
-1.052169E+1
-1.029237E+1
-1.001454E+1
-9.722008E+0
-9.438298E+0
-9.210448E+0
-9.060508E+0
-8.982598E+0
-8.982598E+0
-9.060508E+0
-9.198688E+0
-9.385378E+0
-9.604408E+0
-9.830788E+0
-1.004982E+1
-1.021446E+1
-1.035264E+1
-1.049964E+1
-1.070397E+1
-1.106706E+1
-1.168152E+1
-1.297365E+1
-2.050005E+1
-2.050005E+1
-2.050005E+1
-2.050005E+1
-2.050005E+1
-2.050005E+1
-2.050005E+1
-2.050005E+1
-2.050005E+1
-2.050005E+1
-2.050005E+1
-1.660896E+1
-1.297365E+1
-1.200492E+1
-1.160802E+1
-1.150218E+1
-1.160802E+1
-1.183734E+1
-1.223277E+1
-1.265907E+1
-1.304274E+1
-1.334262E+1
-1.351020E+1
-1.351020E+1
-1.334262E+1
-1.304274E+1
-1.290750E+1
-1.297365E+1
-1.342494E+1
-1.461858E+1
-2.050005E+1
-2.050005E+1
-2.050005E+1
-2.050005E+1
-2.050005E+1
-2.050005E+1
-2.050005E+1
-2.050005E+1
-2.050005E+1
-2.050005E+1
-2.050005E+1
-2.050005E+1
-2.050005E+1
-2.050005E+1
-2.050005E+1
-2.050005E+1
-2.050005E+1
-2.050005E+1
-2.050005E+1
-2.050005E+1
-2.050005E+1
-2.050005E+1
-2.050005E+1
-2.050005E+1
-2.050005E+1
-2.050005E+1
-2.050005E+1
-2.050005E+1
-2.050005E+1
-2.050005E+1
-1.510368E+1
-1.326324E+1
-1.277961E+1
-1.284135E+1
-1.359840E+1
-1.660896E+1
-2.050005E+1
-2.050005E+1
-2.050005E+1
-2.050005E+1
-2.050005E+1
-2.050005E+1
-2.050005E+1
-2.050005E+1
-2.050005E+1
-2.050005E+1
-2.050005E+1
-2.050005E+1
-2.050005E+1
-2.050005E+1
-2.050005E+1
-2.050005E+1
-2.050005E+1
-2.050005E+1
-2.050005E+1
-2.050005E+1
-2.050005E+1
-2.050005E+1
-2.050005E+1
-2.050005E+1
-2.050005E+1
-1.627380E+1
-1.700439E+1
-2.050005E+1
-2.050005E+1
-2.050005E+1
-2.050005E+1
-2.050005E+1
-2.050005E+1
-2.050005E+1
-2.050005E+1
-2.050005E+1
-2.050005E+1
-2.050005E+1
-2.050005E+1
-1.399383E+1
-1.254441E+1
-1.179765E+1
-1.140222E+1
-1.118319E+1
-1.106706E+1
-1.101120E+1
-1.095681E+1
-1.085244E+1
-1.072749E+1
-1.060989E+1
-1.052169E+1
-1.049964E+1
-1.052169E+1
-1.065693E+1
-1.090389E+1
-1.133607E+1
-1.204902E+1
-1.334262E+1
-1.811424E+1
-2.050005E+1
-2.050005E+1
-2.050005E+1
-2.050005E+1
-2.050005E+1
-2.050005E+1
-2.050005E+1
-2.050005E+1
-2.050005E+1
-2.050005E+1
-2.050005E+1
-2.050005E+1
-1.342494E+1
-1.164477E+1
-1.082745E+1
-1.039380E+1
-1.019535E+1
-1.017624E+1
-1.033206E+1
-1.065693E+1
-1.118319E+1
-1.200492E+1
-1.359840E+1
-2.050005E+1
-2.050005E+1
-2.050005E+1
-2.050005E+1
-2.050005E+1
-2.050005E+1
-2.050005E+1
-2.050005E+1
-2.050005E+1
-2.050005E+1
-2.050005E+1
-2.050005E+1
-2.050005E+1
-2.050005E+1
-2.050005E+1
-1.284135E+1
-1.164477E+1
-1.121259E+1
-1.109499E+1
-1.127433E+1
-1.168152E+1
-1.233273E+1
-1.326324E+1
-1.476852E+1
-1.811424E+1
-2.050005E+1
-2.050005E+1
-2.050005E+1
-2.050005E+1
-2.050005E+1
-2.050005E+1
-2.050005E+1
-2.050005E+1
-2.050005E+1
-2.050005E+1
-2.050005E+1
-2.050005E+1
-2.050005E+1
-2.050005E+1
-2.050005E+1
-2.050005E+1
-2.050005E+1
-2.050005E+1
-2.050005E+1
-2.050005E+1
-2.050005E+1
-2.050005E+1
-2.050005E+1
-2.050005E+1
-2.050005E+1
-2.050005E+1
-2.050005E+1
-2.050005E+1
-2.050005E+1
-2.050005E+1
-2.050005E+1
-2.050005E+1
-2.050005E+1
-2.050005E+1
-2.050005E+1
-2.050005E+1
-2.050005E+1
-2.050005E+1
-2.050005E+1
-2.050005E+1
-2.050005E+1
-2.050005E+1
-2.050005E+1
-2.050005E+1
-2.050005E+1
-2.050005E+1
-2.050005E+1
-2.050005E+1
-2.050005E+1
-2.050005E+1
-2.050005E+1
-2.050005E+1
-2.050005E+1
-2.050005E+1
-2.050005E+1
-2.050005E+1
-2.050005E+1
-2.050005E+1
-2.050005E+1
-2.050005E+1
-2.050005E+1
-2.050005E+1
-2.050005E+1
-2.050005E+1
-2.050005E+1
-2.050005E+1
-2.050005E+1
-2.050005E+1
-2.050005E+1
-2.050005E+1
-2.050005E+1
-1.660896E+1
-1.399383E+1
-1.284135E+1
-1.218573E+1
-1.175796E+1
-1.150218E+1
-1.143456E+1
-1.153746E+1
-1.171974E+1
-1.200492E+1
-1.243563E+1
-1.290750E+1
-1.342494E+1
-1.378803E+1
-1.399383E+1
-1.399383E+1
-1.388799E+1
-1.359840E+1
-1.326324E+1
-1.290750E+1
-1.265907E+1
-1.248855E+1
-1.238271E+1
-1.238271E+1
-1.254441E+1
-1.284135E+1
-1.334262E+1
-1.388799E+1
-1.447893E+1
-1.493022E+1
-1.447893E+1
-1.369101E+1
-1.277961E+1
-1.200492E+1
-1.136841E+1
-1.087743E+1
-1.054374E+1
-1.033206E+1
-1.021446E+1
-1.017624E+1
-1.021446E+1
-1.033206E+1
-1.052169E+1
-1.080099E+1
-1.112439E+1
-1.153746E+1
-1.200492E+1
-1.248855E+1
-1.284135E+1
-1.297365E+1
-1.277961E+1
-1.238271E+1
-1.196082E+1
-1.157274E+1
