Date/Time	2022-06-27 09:30:15
Line location	1
Line name	A1
OTDR wavelength [nm]	1625
OTDR pulse duration [ns]	2
OTDR scan time [s]	10
OTDR scan length [m]	1.500000E+2
Length offset [m]	0.000000E+0
Length increment [m]	3.996806E-2
Switch ID	VIAVI Solutions,OTU 8000E,11654,FO,16.76
OTDR ID	JDSU,OTU 8000E,11654,OTU(SmartOTU),V7.22

Reflected amplitude [dB]
1.228222E+0
1.157662E+0
1.076812E+0
1.003312E+0
9.415720E-1
9.033520E-1
9.254020E-1
1.045942E+0
1.254682E+0
1.508992E+0
1.785352E+0
2.054362E+0
2.282212E+0
2.454202E+0
2.579152E+0
2.665882E+0
2.726152E+0
2.754082E+0
2.734972E+0
2.671762E+0
2.564452E+0
2.423332E+0
2.258692E+0
2.066122E+0
1.861792E+0
1.655992E+0
1.436962E+0
1.206172E+0
9.915520E-1
8.033920E-1
6.431620E-1
5.079220E-1
3.888520E-1
2.888920E-1
2.036320E-1
1.330720E-1
7.133200E-2
1.841200E-2
-2.862800E-2
-7.125800E-2
-1.080080E-1
-1.403480E-1
-1.668080E-1
-1.888580E-1
-2.079680E-1
-2.211980E-1
-2.314880E-1
-2.388380E-1
-2.461880E-1
-2.520680E-1
-2.608880E-1
-2.711780E-1
-2.858780E-1
-3.049880E-1
-3.270380E-1
-3.520280E-1
-3.784880E-1
-4.049480E-1
-4.299380E-1
-4.519880E-1
-4.710980E-1
-4.872680E-1
-4.990280E-1
-5.063780E-1
-5.107880E-1
-5.107880E-1
-5.078480E-1
-5.004980E-1
-4.887380E-1
-4.740380E-1
-4.549280E-1
-4.328780E-1
-4.093580E-1
-3.843680E-1
-3.593780E-1
-3.343880E-1
-3.123380E-1
-2.932280E-1
-2.770580E-1
-2.652980E-1
-2.579480E-1
-2.564780E-1
-2.594180E-1
-2.667680E-1
-2.770580E-1
-2.917580E-1
-3.093980E-1
-3.285080E-1
-3.476180E-1
-3.667280E-1
-3.858380E-1
-4.034780E-1
-4.211180E-1
-4.372880E-1
-4.534580E-1
-4.696280E-1
-4.857980E-1
-5.019680E-1
-5.196080E-1
-5.357780E-1
-5.534180E-1
-5.695880E-1
-5.857580E-1
-6.004580E-1
-6.122180E-1
-6.239780E-1
-6.342680E-1
-6.430880E-1
-6.504380E-1
-6.563180E-1
-6.607280E-1
-6.636680E-1
-6.636680E-1
-6.607280E-1
-6.563180E-1
-6.504380E-1
-6.445580E-1
-6.372080E-1
-6.327980E-1
-6.313280E-1
-6.313280E-1
-6.327980E-1
-6.386780E-1
-6.445580E-1
-6.519080E-1
-6.577880E-1
-6.621980E-1
-6.651380E-1
-6.680780E-1
-6.695480E-1
-6.739580E-1
-6.783680E-1
-6.857180E-1
-6.945380E-1
-7.048280E-1
-7.165880E-1
-7.283480E-1
-7.401080E-1
-7.503980E-1
-7.592180E-1
-7.650980E-1
-7.709780E-1
-7.371680E-1
-5.298980E-1
2.135200E-2
9.254020E-1
2.004382E+0
3.078952E+0
4.060912E+0
4.922332E+0
5.654392E+0
6.260032E+0
6.752482E+0
7.146442E+0
7.452202E+0
7.680052E+0
7.837342E+0
7.929952E+0
7.962292E+0
7.937302E+0
7.860862E+0
7.737382E+0
7.565392E+0
7.350772E+0
7.094992E+0
6.803932E+0
6.477592E+0
6.118912E+0
5.726422E+0
5.303062E+0
4.854712E+0
4.388722E+0
3.913912E+0
3.434692E+0
2.973112E+0
2.546812E+0
2.160202E+0
1.814752E+0
1.513402E+0
1.257622E+0
1.051822E+0
8.842420E-1
7.210720E-1
5.461420E-1
3.726820E-1
2.183320E-1
8.603200E-2
-2.715800E-2
-1.241780E-1
-2.079680E-1
-2.814680E-1
-3.446780E-1
-4.005380E-1
-4.490480E-1
-4.931480E-1
-5.298980E-1
-5.622380E-1
-5.886980E-1
-6.122180E-1
-6.298580E-1
-6.430880E-1
-6.533780E-1
-6.607280E-1
-6.636680E-1
-6.636680E-1
-6.621980E-1
-6.563180E-1
-6.504380E-1
-6.416180E-1
-6.313280E-1
-6.180980E-1
-6.048680E-1
-5.872280E-1
-5.681180E-1
-5.460680E-1
-5.210780E-1
-4.960880E-1
-4.710980E-1
-4.475780E-1
-4.269980E-1
-4.093580E-1
-3.946580E-1
-3.858380E-1
-3.814280E-1
-3.828980E-1
-3.873080E-1
-3.961280E-1
-4.078880E-1
-4.225880E-1
-4.387580E-1
-4.549280E-1
-4.710980E-1
-4.857980E-1
-4.990280E-1
-5.093180E-1
-5.210780E-1
-5.313680E-1
-5.431280E-1
-5.548880E-1
-5.695880E-1
-5.857580E-1
-6.019280E-1
-6.166280E-1
-6.313280E-1
-6.416180E-1
-6.489680E-1
-6.533780E-1
-6.519080E-1
-6.474980E-1
-6.401480E-1
-6.313280E-1
-6.239780E-1
-6.151580E-1
-6.092780E-1
-6.063380E-1
-6.048680E-1
-6.078080E-1
-6.122180E-1
-6.195680E-1
-6.283880E-1
-6.386780E-1
-6.489680E-1
-6.577880E-1
-6.666080E-1
-6.739580E-1
-6.783680E-1
-6.798380E-1
-6.798380E-1
-6.754280E-1
-6.710180E-1
-6.636680E-1
-6.577880E-1
-6.504380E-1
-6.445580E-1
-6.386780E-1
-6.342680E-1
-6.283880E-1
-6.210380E-1
-6.136880E-1
-6.033980E-1
-5.916380E-1
-5.784080E-1
-5.651780E-1
-5.504780E-1
-5.387180E-1
-5.269580E-1
-5.196080E-1
-5.166680E-1
-5.181380E-1
-5.225480E-1
-5.328380E-1
-5.460680E-1
-5.607680E-1
-5.784080E-1
-5.960480E-1
-6.136880E-1
-6.313280E-1
-6.460280E-1
-6.607280E-1
-6.724880E-1
-6.813080E-1
-6.886580E-1
-6.915980E-1
-6.930680E-1
-6.915980E-1
-6.871880E-1
-6.813080E-1
-6.724880E-1
-6.636680E-1
-6.533780E-1
-6.445580E-1
-6.357380E-1
-6.283880E-1
-6.225080E-1
-6.180980E-1
-6.151580E-1
-6.151580E-1
-6.151580E-1
-6.180980E-1
-6.225080E-1
-6.283880E-1
-6.342680E-1
-6.416180E-1
-6.489680E-1
-6.563180E-1
-6.636680E-1
-6.680780E-1
-6.724880E-1
-6.724880E-1
-6.710180E-1
-6.680780E-1
-6.636680E-1
-6.577880E-1
-6.504380E-1
-6.445580E-1
-6.372080E-1
-6.298580E-1
-6.225080E-1
-6.151580E-1
-6.048680E-1
-5.945780E-1
-5.813480E-1
-5.666480E-1
-5.504780E-1
-5.328380E-1
-5.151980E-1
-4.960880E-1
-4.784480E-1
-4.622780E-1
-4.490480E-1
-4.387580E-1
-4.328780E-1
-4.328780E-1
-4.372880E-1
-4.461080E-1
-4.608080E-1
-4.769780E-1
-4.960880E-1
-5.137280E-1
-5.313680E-1
-5.460680E-1
-5.592980E-1
-5.710580E-1
-5.813480E-1
-5.916380E-1
-6.019280E-1
-6.122180E-1
-6.239780E-1
-6.372080E-1
-6.519080E-1
-6.666080E-1
-6.827780E-1
-6.974780E-1
-7.136480E-1
-7.268780E-1
-7.386380E-1
-7.489280E-1
-7.562780E-1
-7.606880E-1
-7.621580E-1
-7.606880E-1
-7.562780E-1
-7.518680E-1
-7.459880E-1
-7.386380E-1
-7.327580E-1
-7.283480E-1
-7.224680E-1
-7.180580E-1
-7.107080E-1
-7.033580E-1
-6.915980E-1
-6.783680E-1
-6.636680E-1
-6.474980E-1
-6.327980E-1
-6.180980E-1
-6.063380E-1
-5.975180E-1
-5.901680E-1
-5.857580E-1
-5.828180E-1
-5.769380E-1
-5.710580E-1
-5.607680E-1
-5.475380E-1
-5.298980E-1
-5.093180E-1
-4.887380E-1
-4.681580E-1
-4.490480E-1
-4.343480E-1
-4.255280E-1
-4.225880E-1
-4.255280E-1
-4.328780E-1
-4.446380E-1
-4.593380E-1
-4.769780E-1
-4.931480E-1
-5.107880E-1
-5.284280E-1
-5.445980E-1
-5.622380E-1
-5.798780E-1
-5.975180E-1
-6.151580E-1
-6.313280E-1
-6.445580E-1
-6.548480E-1
-6.636680E-1
-6.666080E-1
-6.680780E-1
-6.680780E-1
-6.651380E-1
-6.621980E-1
-6.607280E-1
-6.592580E-1
-6.592580E-1
-6.607280E-1
-6.621980E-1
-6.651380E-1
-6.680780E-1
-6.695480E-1
-6.695480E-1
-6.680780E-1
-6.636680E-1
-6.577880E-1
-6.489680E-1
-6.386780E-1
-6.283880E-1
-6.166280E-1
-6.063380E-1
-5.960480E-1
-5.857580E-1
-5.798780E-1
-5.739980E-1
-5.725280E-1
-5.725280E-1
-5.754680E-1
-5.798780E-1
-5.872280E-1
-5.945780E-1
-6.019280E-1
-6.092780E-1
-6.136880E-1
-6.151580E-1
-6.122180E-1
-6.063380E-1
-5.975180E-1
-5.857580E-1
-5.710580E-1
-5.548880E-1
-5.401880E-1
-5.254880E-1
-5.137280E-1
-5.063780E-1
-5.019680E-1
-5.004980E-1
-5.049080E-1
-5.122580E-1
-5.225480E-1
-5.343080E-1
-5.460680E-1
-5.563580E-1
-5.651780E-1
-5.710580E-1
-5.739980E-1
-5.754680E-1
-5.754680E-1
-5.754680E-1
-5.769380E-1
-5.784080E-1
-5.842880E-1
-5.916380E-1
-6.004580E-1
-6.122180E-1
-6.239780E-1
-6.342680E-1
-6.445580E-1
-6.533780E-1
-6.607280E-1
-6.636680E-1
-6.651380E-1
-6.636680E-1
-6.607280E-1
-6.548480E-1
-6.474980E-1
-6.401480E-1
-6.342680E-1
-6.283880E-1
-6.239780E-1
-6.210380E-1
-6.195680E-1
-6.180980E-1
-6.180980E-1
-6.180980E-1
-6.180980E-1
-6.151580E-1
-6.122180E-1
-6.063380E-1
-6.004580E-1
-5.945780E-1
-5.901680E-1
-5.872280E-1
-5.857580E-1
-5.872280E-1
-5.901680E-1
-5.960480E-1
-6.033980E-1
-6.122180E-1
-6.195680E-1
-6.298580E-1
-6.386780E-1
-6.489680E-1
-6.592580E-1
-6.695480E-1
-6.798380E-1
-6.901280E-1
-6.989480E-1
-7.048280E-1
-7.077680E-1
-7.092380E-1
-7.077680E-1
-7.062980E-1
-7.018880E-1
-6.989480E-1
-6.960080E-1
-6.930680E-1
-6.915980E-1
-6.886580E-1
-6.857180E-1
-6.813080E-1
-6.739580E-1
-6.651380E-1
-6.548480E-1
-6.430880E-1
-6.313280E-1
-6.180980E-1
-6.063380E-1
-5.960480E-1
-5.886980E-1
-5.813480E-1
-5.784080E-1
-5.754680E-1
-5.769380E-1
-5.784080E-1
-5.828180E-1
-5.872280E-1
-5.916380E-1
-5.975180E-1
-6.033980E-1
-6.078080E-1
-6.136880E-1
-6.180980E-1
-6.239780E-1
-6.313280E-1
-6.372080E-1
-6.460280E-1
-6.548480E-1
-6.636680E-1
-6.739580E-1
-6.827780E-1
-6.915980E-1
-7.004180E-1
-7.062980E-1
-7.092380E-1
-7.121780E-1
-7.121780E-1
-7.107080E-1
-7.077680E-1
-7.048280E-1
-7.018880E-1
-6.974780E-1
-6.930680E-1
-6.871880E-1
-6.813080E-1
-6.739580E-1
-6.666080E-1
-6.577880E-1
-6.489680E-1
-6.416180E-1
-6.327980E-1
-6.269180E-1
-6.195680E-1
-6.136880E-1
-6.092780E-1
-6.063380E-1
-6.048680E-1
-6.063380E-1
-6.092780E-1
-6.166280E-1
-6.254480E-1
-6.372080E-1
-6.504380E-1
-6.636680E-1
-6.783680E-1
-6.915980E-1
-7.018880E-1
-7.107080E-1
-7.165880E-1
-7.180580E-1
-7.165880E-1
-7.136480E-1
-7.077680E-1
-7.004180E-1
-6.945380E-1
-6.871880E-1
-6.827780E-1
-6.783680E-1
-6.768980E-1
-6.754280E-1
-6.754280E-1
-6.768980E-1
-6.783680E-1
-6.798380E-1
-6.827780E-1
-6.857180E-1
-6.886580E-1
-6.945380E-1
-7.004180E-1
-7.077680E-1
-7.136480E-1
-7.195280E-1
-7.254080E-1
-7.283480E-1
-7.298180E-1
-7.283480E-1
-7.239380E-1
-7.151180E-1
-7.062980E-1
-6.945380E-1
-6.813080E-1
-6.666080E-1
-6.519080E-1
-6.357380E-1
-6.195680E-1
-6.033980E-1
-5.872280E-1
-5.725280E-1
-5.592980E-1
-5.475380E-1
-5.401880E-1
-5.372480E-1
-5.387180E-1
-5.475380E-1
-5.622380E-1
-5.813480E-1
-6.019280E-1
-6.254480E-1
-6.474980E-1
-6.666080E-1
-6.827780E-1
-6.930680E-1
-6.974780E-1
-6.989480E-1
-6.945380E-1
-6.886580E-1
-6.798380E-1
-6.724880E-1
-6.636680E-1
-6.577880E-1
-6.533780E-1
-6.504380E-1
-6.489680E-1
-6.489680E-1
-6.504380E-1
-6.519080E-1
-6.519080E-1
-6.519080E-1
-6.519080E-1
-6.504380E-1
-6.504380E-1
-6.504380E-1
-6.519080E-1
-6.548480E-1
-6.577880E-1
-6.621980E-1
-6.680780E-1
-6.724880E-1
-6.754280E-1
-6.783680E-1
-6.798380E-1
-6.798380E-1
-6.798380E-1
-6.798380E-1
-6.798380E-1
-6.813080E-1
-6.827780E-1
-6.857180E-1
-6.901280E-1
-6.945380E-1
-6.989480E-1
-7.018880E-1
-7.033580E-1
-7.018880E-1
-6.960080E-1
-6.886580E-1
-6.783680E-1
-6.666080E-1
-6.548480E-1
-6.430880E-1
-6.327980E-1
-6.239780E-1
-6.195680E-1
-6.180980E-1
-6.210380E-1
-6.254480E-1
-6.313280E-1
-6.386780E-1
-6.460280E-1
-6.519080E-1
-6.563180E-1
-6.592580E-1
-6.607280E-1
-6.592580E-1
-6.577880E-1
-6.548480E-1
-6.519080E-1
-6.489680E-1
-6.474980E-1
-6.460280E-1
-6.460280E-1
-6.460280E-1
-6.474980E-1
-6.474980E-1
-6.474980E-1
-6.474980E-1
-6.445580E-1
-6.416180E-1
-6.386780E-1
-6.342680E-1
-6.313280E-1
-6.283880E-1
-6.269180E-1
-6.269180E-1
-6.298580E-1
-6.327980E-1
-6.386780E-1
-6.430880E-1
-6.474980E-1
-6.504380E-1
-6.504380E-1
-6.489680E-1
-6.460280E-1
-6.401480E-1
-6.342680E-1
-6.298580E-1
-6.254480E-1
-6.239780E-1
-6.239780E-1
-6.269180E-1
-6.313280E-1
-6.372080E-1
-6.430880E-1
-6.489680E-1
-6.519080E-1
-6.533780E-1
-6.533780E-1
-6.519080E-1
-6.489680E-1
-6.445580E-1
-6.416180E-1
-6.386780E-1
-6.357380E-1
-6.357380E-1
-6.372080E-1
-6.416180E-1
-6.474980E-1
-6.563180E-1
-6.666080E-1
-6.768980E-1
-6.857180E-1
-6.915980E-1
-6.960080E-1
-6.960080E-1
-6.930680E-1
-6.871880E-1
-6.783680E-1
-6.680780E-1
-6.577880E-1
-6.504380E-1
-6.445580E-1
-6.416180E-1
-6.416180E-1
-6.460280E-1
-6.519080E-1
-6.607280E-1
-6.695480E-1
-6.768980E-1
-6.827780E-1
-6.857180E-1
-6.871880E-1
-6.842480E-1
-6.813080E-1
-6.754280E-1
-6.695480E-1
-6.651380E-1
-6.592580E-1
-6.563180E-1
-6.533780E-1
-6.519080E-1
-6.533780E-1
-6.563180E-1
-6.607280E-1
-6.666080E-1
-6.724880E-1
-6.768980E-1
-6.813080E-1
-6.813080E-1
-6.783680E-1
-6.724880E-1
-6.636680E-1
-6.548480E-1
-6.445580E-1
-6.372080E-1
-6.298580E-1
-6.254480E-1
-6.239780E-1
-6.239780E-1
-6.239780E-1
-6.254480E-1
-6.269180E-1
-6.283880E-1
-6.313280E-1
-6.357380E-1
-6.401480E-1
-6.489680E-1
-6.577880E-1
-6.680780E-1
-6.783680E-1
-6.857180E-1
-6.901280E-1
-6.901280E-1
-6.871880E-1
-6.798380E-1
-6.695480E-1
-6.577880E-1
-6.460280E-1
-6.372080E-1
-6.298580E-1
-6.269180E-1
-6.254480E-1
-6.283880E-1
-6.342680E-1
-6.416180E-1
-6.489680E-1
-6.592580E-1
-6.680780E-1
-6.768980E-1
-6.842480E-1
-6.915980E-1
-6.960080E-1
-7.004180E-1
-7.018880E-1
-7.004180E-1
-6.974780E-1
-6.930680E-1
-6.857180E-1
-6.768980E-1
-6.666080E-1
-6.548480E-1
-6.445580E-1
-6.342680E-1
-6.269180E-1
-6.210380E-1
-6.180980E-1
-6.166280E-1
-6.195680E-1
-6.239780E-1
-6.313280E-1
-6.401480E-1
-6.504380E-1
-6.607280E-1
-6.695480E-1
-6.783680E-1
-6.827780E-1
-6.842480E-1
-6.827780E-1
-6.768980E-1
-6.695480E-1
-6.577880E-1
-6.474980E-1
-6.357380E-1
-6.254480E-1
-6.166280E-1
-6.092780E-1
-6.033980E-1
-6.004580E-1
-5.989880E-1
-5.975180E-1
-5.975180E-1
-5.989880E-1
-6.004580E-1
-6.048680E-1
-6.092780E-1
-6.136880E-1
-6.210380E-1
-6.269180E-1
-6.327980E-1
-6.372080E-1
-6.416180E-1
-6.430880E-1
-6.445580E-1
-6.445580E-1
-6.460280E-1
-6.474980E-1
-6.504380E-1
-6.533780E-1
-6.592580E-1
-6.666080E-1
-6.724880E-1
-6.783680E-1
-6.842480E-1
-6.871880E-1
-6.886580E-1
-6.886580E-1
-6.857180E-1
-6.842480E-1
-6.813080E-1
-6.798380E-1
-6.783680E-1
-6.783680E-1
-6.798380E-1
-6.798380E-1
-6.813080E-1
-6.798380E-1
-6.783680E-1
-6.739580E-1
-6.695480E-1
-6.636680E-1
-6.577880E-1
-6.533780E-1
-6.519080E-1
-6.548480E-1
-6.592580E-1
-6.680780E-1
-6.783680E-1
-6.901280E-1
-7.018880E-1
-7.136480E-1
-7.239380E-1
-7.327580E-1
-7.386380E-1
-7.430480E-1
-7.459880E-1
-7.474580E-1
-7.459880E-1
-7.445180E-1
-7.401080E-1
-7.342280E-1
-7.283480E-1
-7.224680E-1
-7.165880E-1
-7.121780E-1
-7.107080E-1
-7.107080E-1
-7.121780E-1
-7.136480E-1
-7.180580E-1
-7.209980E-1
-7.239380E-1
-7.254080E-1
-7.268780E-1
-7.254080E-1
-7.224680E-1
-7.195280E-1
-7.151180E-1
-7.092380E-1
-7.048280E-1
-7.018880E-1
-6.974780E-1
-6.960080E-1
-6.945380E-1
-6.945380E-1
-6.945380E-1
-6.960080E-1
-6.960080E-1
-6.945380E-1
-6.930680E-1
-6.915980E-1
-6.901280E-1
-6.871880E-1
-6.857180E-1
-6.842480E-1
-6.842480E-1
-6.827780E-1
-6.827780E-1
-6.842480E-1
-6.857180E-1
-6.871880E-1
-6.901280E-1
-6.945380E-1
-6.974780E-1
-7.033580E-1
-7.077680E-1
-7.121780E-1
-7.151180E-1
-7.165880E-1
-7.165880E-1
-7.136480E-1
-7.107080E-1
-7.077680E-1
-7.033580E-1
-6.989480E-1
-6.974780E-1
-6.960080E-1
-6.974780E-1
-7.033580E-1
-7.107080E-1
-7.239380E-1
-7.430480E-1
-7.650980E-1
-7.944980E-1
-8.268380E-1
-8.621180E-1
-9.003380E-1
-9.400280E-1
-9.782480E-1
-1.014998E+0
-1.048808E+0
-1.081148E+0
-1.110548E+0
-1.137008E+0
-1.161998E+0
-1.185518E+0
-1.209038E+0
-1.231088E+0
-1.254608E+0
-1.275188E+0
-1.295768E+0
-1.313408E+0
-1.328108E+0
-1.338398E+0
-1.344278E+0
-1.348688E+0
-1.350158E+0
-1.351628E+0
-1.354568E+0
-1.360448E+0
-1.369268E+0
-1.382498E+0
-1.397198E+0
-1.416308E+0
-1.435418E+0
-1.454528E+0
-1.473638E+0
-1.488338E+0
-1.503038E+0
-1.514798E+0
-1.525088E+0
-1.535378E+0
-1.542728E+0
-1.550078E+0
-1.555958E+0
-1.561838E+0
-1.564778E+0
-1.566248E+0
-1.563308E+0
-1.557428E+0
-1.548608E+0
-1.536848E+0
-1.523618E+0
-1.508918E+0
-1.497158E+0
-1.486868E+0
-1.480988E+0
-1.480988E+0
-1.483928E+0
-1.494218E+0
-1.505978E+0
-1.522148E+0
-1.539788E+0
-1.555958E+0
-1.572128E+0
-1.586828E+0
-1.600058E+0
-1.610348E+0
-1.620638E+0
-1.627988E+0
-1.636808E+0
-1.642688E+0
-1.650038E+0
-1.657388E+0
-1.663268E+0
-1.669148E+0
-1.673558E+0
-1.677968E+0
-1.682378E+0
-1.686788E+0
-1.691198E+0
-1.695608E+0
-1.700018E+0
-1.704428E+0
-1.707368E+0
-1.708838E+0
-1.710308E+0
-1.710308E+0
-1.710308E+0
-1.711778E+0
-1.717658E+0
-1.725008E+0
-1.738238E+0
-1.754408E+0
-1.774988E+0
-1.798508E+0
-1.822028E+0
-1.845548E+0
-1.864658E+0
-1.879358E+0
-1.889648E+0
-1.891118E+0
-1.885238E+0
-1.873478E+0
-1.852898E+0
-1.826438E+0
-1.797038E+0
-1.767638E+0
-1.741178E+0
-1.719128E+0
-1.702958E+0
-1.695608E+0
-1.697078E+0
-1.705898E+0
-1.722068E+0
-1.742648E+0
-1.764698E+0
-1.786748E+0
-1.808798E+0
-1.827908E+0
-1.844078E+0
-1.858778E+0
-1.870538E+0
-1.882298E+0
-1.892588E+0
-1.905818E+0
-1.917578E+0
-1.930808E+0
-1.944038E+0
-1.955798E+0
-1.964618E+0
-1.970498E+0
-1.970498E+0
-1.966088E+0
-1.957268E+0
-1.945508E+0
-1.932278E+0
-1.917578E+0
-1.904348E+0
-1.892588E+0
-1.885238E+0
-1.883768E+0
-1.885238E+0
-1.891118E+0
-1.899938E+0
-1.913168E+0
-1.927868E+0
-1.944038E+0
-1.958738E+0
-1.971968E+0
-1.982258E+0
-1.991078E+0
-1.998428E+0
-2.002838E+0
-2.010188E+0
-2.016068E+0
-2.024888E+0
-2.036648E+0
-2.049878E+0
-2.064578E+0
-2.079278E+0
-2.093978E+0
-2.105738E+0
-2.114558E+0
-2.120438E+0
-2.124848E+0
-2.124848E+0
-2.124848E+0
-2.121908E+0
-2.116028E+0
-2.108678E+0
-2.099858E+0
-2.088098E+0
-2.074868E+0
-2.060168E+0
-2.045468E+0
-2.030768E+0
-2.017538E+0
-2.007248E+0
-2.001368E+0
-1.998428E+0
-2.001368E+0
-2.008718E+0
-2.017538E+0
-2.030768E+0
-2.045468E+0
-2.058698E+0
-2.071928E+0
-2.080748E+0
-2.088098E+0
-2.089568E+0
-2.088098E+0
-2.085158E+0
-2.080748E+0
-2.076338E+0
-2.073398E+0
-2.073398E+0
-2.074868E+0
-2.077808E+0
-2.085158E+0
-2.092508E+0
-2.099858E+0
-2.107208E+0
-2.116028E+0
-2.123378E+0
-2.130728E+0
-2.139548E+0
-2.148368E+0
-2.158658E+0
-2.167478E+0
-2.177768E+0
-2.186588E+0
-2.193938E+0
-2.198348E+0
-2.204228E+0
-2.208638E+0
-2.211578E+0
-2.218928E+0
-2.226278E+0
-2.236568E+0
-2.248328E+0
-2.260088E+0
-2.270378E+0
-2.277728E+0
-2.282138E+0
-2.282138E+0
-2.280668E+0
-2.277728E+0
-2.274788E+0
-2.273318E+0
-2.274788E+0
-2.276258E+0
-2.279198E+0
-2.282138E+0
-2.283608E+0
-2.285078E+0
-2.285078E+0
-2.283608E+0
-2.282138E+0
-2.280668E+0
-2.280668E+0
-2.280668E+0
-2.282138E+0
-2.283608E+0
-2.283608E+0
-2.285078E+0
-2.286548E+0
-2.288018E+0
-2.290958E+0
-2.293898E+0
-2.298308E+0
-2.304188E+0
-2.310068E+0
-2.317418E+0
-2.324768E+0
-2.332118E+0
-2.343878E+0
-2.355638E+0
-2.370338E+0
-2.386508E+0
-2.404148E+0
-2.421788E+0
-2.436488E+0
-2.449718E+0
-2.460008E+0
-2.468828E+0
-2.476178E+0
-2.486468E+0
-2.501168E+0
-2.520278E+0
-2.546738E+0
-2.582018E+0
-2.621708E+0
-2.664338E+0
-2.706968E+0
-2.746658E+0
-2.780468E+0
-2.805458E+0
-2.823098E+0
-2.833388E+0
-2.840738E+0
-2.845148E+0
-2.852498E+0
-2.865728E+0
-2.881898E+0
-2.903948E+0
-2.931878E+0
-2.959808E+0
-2.986268E+0
-3.009788E+0
-3.025958E+0
-3.031838E+0
-3.028898E+0
-3.017138E+0
-2.998028E+0
-2.974508E+0
-2.946578E+0
-2.920118E+0
-2.895128E+0
-2.874548E+0
-2.859848E+0
-2.849558E+0
-2.843678E+0
-2.842208E+0
-2.843678E+0
-2.848088E+0
-2.851028E+0
-2.853968E+0
-2.858378E+0
-2.861318E+0
-2.864258E+0
-2.865728E+0
-2.865728E+0
-2.865728E+0
-2.862788E+0
-2.856908E+0
-2.848088E+0
-2.834858E+0
-2.817218E+0
-2.796638E+0
-2.771648E+0
-2.746658E+0
-2.721668E+0
-2.698148E+0
-2.679038E+0
-2.664338E+0
-2.658458E+0
-2.658458E+0
-2.664338E+0
-2.679038E+0
-2.698148E+0
-2.721668E+0
-2.746658E+0
-2.771648E+0
-2.795168E+0
-2.812808E+0
-2.824568E+0
-2.830448E+0
-2.827508E+0
-2.821628E+0
-2.814278E+0
-2.808398E+0
-2.805458E+0
-2.808398E+0
-2.820158E+0
-2.840738E+0
-2.867198E+0
-2.902478E+0
-2.940698E+0
-2.981858E+0
-3.023018E+0
-3.061238E+0
-3.093578E+0
-3.118568E+0
-3.136208E+0
-3.146498E+0
-3.150908E+0
-3.149438E+0
-3.146498E+0
-3.140618E+0
-3.134738E+0
-3.128858E+0
-3.124448E+0
-3.118568E+0
-3.112688E+0
-3.102398E+0
-3.092108E+0
-3.077408E+0
-3.061238E+0
-3.045068E+0
-3.030368E+0
-3.015668E+0
-3.003908E+0
-2.996558E+0
-2.993618E+0
-2.993618E+0
-2.996558E+0
-3.002438E+0
-3.012728E+0
-3.024488E+0
-3.037718E+0
-3.052418E+0
-3.065648E+0
-3.075938E+0
-3.083288E+0
-3.089168E+0
-3.090638E+0
-3.089168E+0
-3.086228E+0
-3.083288E+0
-3.083288E+0
-3.083288E+0
-3.089168E+0
-3.097988E+0
-3.112688E+0
-3.127388E+0
-3.146498E+0
-3.167078E+0
-3.184718E+0
-3.203828E+0
-3.219998E+0
-3.236168E+0
-3.247928E+0
-3.261158E+0
-3.272918E+0
-3.286148E+0
-3.303788E+0
-3.325838E+0
-3.352298E+0
-3.381698E+0
-3.415508E+0
-3.450788E+0
-3.483128E+0
-3.508118E+0
-3.524288E+0
-3.525758E+0
-3.512528E+0
-3.486068E+0
-3.446378E+0
-3.399338E+0
-3.353768E+0
-3.311138E+0
-3.280268E+0
-3.264098E+0
-3.262628E+0
-3.274388E+0
-3.294968E+0
-3.322898E+0
-3.349358E+0
-3.369938E+0
-3.378758E+0
-3.374348E+0
-3.356708E+0
-3.327308E+0
-3.292028E+0
-3.253808E+0
-3.218528E+0
-3.187658E+0
-3.164138E+0
-3.147968E+0
-3.142088E+0
-3.143558E+0
-3.156788E+0
-3.177368E+0
-3.205298E+0
-3.237638E+0
-3.274388E+0
-3.312608E+0
-3.347888E+0
-3.380228E+0
-3.403748E+0
-3.419918E+0
-3.427268E+0
-3.428738E+0
-3.424328E+0
-3.418448E+0
-3.409628E+0
-3.402278E+0
-3.397868E+0
-3.396398E+0
-3.399338E+0
-3.403748E+0
-3.412568E+0
-3.425798E+0
-3.443438E+0
-3.462548E+0
-3.486068E+0
-3.508118E+0
-3.530168E+0
-3.547808E+0
-3.559568E+0
-3.568388E+0
-3.574268E+0
-3.578678E+0
-3.586028E+0
-3.599258E+0
-3.616898E+0
-3.641888E+0
-3.669818E+0
-3.697748E+0
-3.721268E+0
-3.737438E+0
-3.744788E+0
-3.744788E+0
-3.734498E+0
-3.721268E+0
-3.708038E+0
-3.697748E+0
-3.694808E+0
-3.697748E+0
-3.705098E+0
-3.716858E+0
-3.733028E+0
-3.749198E+0
-3.760958E+0
-3.769778E+0
-3.774188E+0
-3.775658E+0
-3.774188E+0
-3.774188E+0
-3.775658E+0
-3.780068E+0
-3.787418E+0
-3.800648E+0
-3.818288E+0
-3.838868E+0
-3.862388E+0
-3.884438E+0
-3.909428E+0
-3.934418E+0
-3.957938E+0
-3.977048E+0
-3.991748E+0
-4.002038E+0
-4.006448E+0
-4.000568E+0
-3.985868E+0
-3.963818E+0
-3.937358E+0
-3.910898E+0
-3.884438E+0
-3.862388E+0
-3.847688E+0
-3.840338E+0
-3.835928E+0
-3.835928E+0
-3.834458E+0
-3.831518E+0
-3.824168E+0
-3.813878E+0
-3.799178E+0
-3.785948E+0
-3.771248E+0
-3.759488E+0
-3.752138E+0
-3.747728E+0
-3.752138E+0
-3.760958E+0
-3.777128E+0
-3.799178E+0
-3.830048E+0
-3.865328E+0
-3.906488E+0
-3.949118E+0
-3.991748E+0
-4.034378E+0
-4.071128E+0
-4.100528E+0
-4.121108E+0
-4.134338E+0
-4.138748E+0
-4.135808E+0
-4.125518E+0
-4.110818E+0
-4.094648E+0
-4.081418E+0
-4.068188E+0
-4.056428E+0
-4.047608E+0
-4.040258E+0
-4.034378E+0
-4.025558E+0
-4.016738E+0
-4.004978E+0
-3.994688E+0
-3.984398E+0
-3.981458E+0
-3.988808E+0
-4.004978E+0
-4.034378E+0
-4.072598E+0
-4.119638E+0
-4.171088E+0
-4.222538E+0
-4.266638E+0
-4.301918E+0
-4.328378E+0
-4.341608E+0
-4.346018E+0
-4.343078E+0
-4.335728E+0
-4.328378E+0
-4.318088E+0
-4.310738E+0
-4.301918E+0
-4.294568E+0
-4.287218E+0
-4.279868E+0
-4.273988E+0
-4.269578E+0
-4.268108E+0
-4.268108E+0
-4.272518E+0
-4.276928E+0
-4.284278E+0
-4.288688E+0
-4.291628E+0
-4.293098E+0
-4.291628E+0
-4.293098E+0
-4.296038E+0
-4.306328E+0
-4.323968E+0
-4.350428E+0
-4.382768E+0
-4.419518E+0
-4.454798E+0
-4.484198E+0
-4.501838E+0
-4.504778E+0
-4.491548E+0
-4.465088E+0
-4.426868E+0
-4.387178E+0
-4.350428E+0
-4.322498E+0
-4.312208E+0
-4.315148E+0
-4.334258E+0
-4.366598E+0
-4.412168E+0
-4.465088E+0
-4.522418E+0
-4.581218E+0
-4.640018E+0
-4.697348E+0
-4.753208E+0
-4.806128E+0
-4.856108E+0
-4.898738E+0
-4.934018E+0
-4.960478E+0
-4.967828E+0
-4.964888E+0
-4.942838E+0
-4.911968E+0
-4.872278E+0
-4.829648E+0
-4.789958E+0
-4.759088E+0
-4.737038E+0
-4.728218E+0
-4.728218E+0
-4.732628E+0
-4.738508E+0
-4.738508E+0
-4.728218E+0
-4.695878E+0
-4.644428E+0
-4.575338E+0
-4.497428E+0
-4.412168E+0
-4.332788E+0
-4.262228E+0
-4.206368E+0
-4.172558E+0
-4.156388E+0
-4.154918E+0
-4.165208E+0
-4.185788E+0
-4.209308E+0
-4.238708E+0
-4.271048E+0
-4.309268E+0
-4.353368E+0
-4.407758E+0
-4.470968E+0
-4.545938E+0
-4.626788E+0
-4.709108E+0
-4.784078E+0
-4.850228E+0
-4.897268E+0
-4.922258E+0
-4.917848E+0
-4.888448E+0
-4.835528E+0
-4.766438E+0
-4.682648E+0
-4.594448E+0
-4.501838E+0
-4.418048E+0
-4.338668E+0
-4.273988E+0
-4.221068E+0
-4.181378E+0
-4.157858E+0
-4.146098E+0
-4.147568E+0
-4.159328E+0
-4.178438E+0
-4.201958E+0
-4.229888E+0
-4.259288E+0
-4.284278E+0
-4.306328E+0
-4.322498E+0
-4.335728E+0
-4.346018E+0
-4.351898E+0
-4.357778E+0
-4.369538E+0
-4.385708E+0
-4.409228E+0
-4.443038E+0
-4.488608E+0
-4.540058E+0
-4.598858E+0
-4.657658E+0
-4.713518E+0
-4.764968E+0
-4.807598E+0
-4.839938E+0
-4.866398E+0
-4.886978E+0
-4.903148E+0
-4.916378E+0
-4.922258E+0
-4.923728E+0
-4.916378E+0
-4.901678E+0
-4.882568E+0
-4.870808E+0
-4.866398E+0
-4.876688E+0
-4.904618E+0
-4.953128E+0
-5.020748E+0
-5.098658E+0
-5.178038E+0
-5.247128E+0
-5.301518E+0
-5.330918E+0
-5.336798E+0
-5.311808E+0
-5.264768E+0
-5.197148E+0
-5.111888E+0
-5.011928E+0
-4.903148E+0
-4.785548E+0
-4.665008E+0
-4.545938E+0
-4.431278E+0
-4.322498E+0
-4.229888E+0
-4.149038E+0
-4.085828E+0
-4.040258E+0
-4.013798E+0
-4.004978E+0
-4.016738E+0
-4.044668E+0
-4.091708E+0
-4.159328E+0
-4.244588E+0
-4.354838E+0
-4.490078E+0
-4.654718E+0
-4.847288E+0
-5.073668E+0
-5.330918E+0
-5.617568E+0
-5.924798E+0
-6.237908E+0
-6.556898E+0
-6.867068E+0
-7.164008E+0
-7.453598E+0
-7.747598E+0
-8.070998E+0
-8.450258E+0
-8.938298E+0
-9.585098E+0
-1.048327E+1
-1.183273E+1
-1.460368E+1
-2.000005E+1
-2.000005E+1
-2.000005E+1
-2.000005E+1
-1.849477E+1
-1.360555E+1
-1.240750E+1
-1.188271E+1
-1.183273E+1
-1.221787E+1
-1.328803E+1
-1.761424E+1
-2.000005E+1
-2.000005E+1
-2.000005E+1
-2.000005E+1
-2.000005E+1
-2.000005E+1
-2.000005E+1
-2.000005E+1
-2.000005E+1
-2.000005E+1
-2.000005E+1
-2.000005E+1
-2.000005E+1
-2.000005E+1
-2.000005E+1
-1.548421E+1
-1.372315E+1
-1.276324E+1
-1.215907E+1
-1.173277E+1
-1.141966E+1
-1.121974E+1
-1.114477E+1
-1.118152E+1
-1.129765E+1
-1.159312E+1
-1.221787E+1
-1.360555E+1
-2.000005E+1
-2.000005E+1
-2.000005E+1
-2.000005E+1
-2.000005E+1
-2.000005E+1
-2.000005E+1
-2.000005E+1
-2.000005E+1
-2.000005E+1
-2.000005E+1
-2.000005E+1
-2.000005E+1
-2.000005E+1
-2.000005E+1
-2.000005E+1
-1.261330E+1
-1.077433E+1
-9.914378E+0
-9.363128E+0
-9.005918E+0
-8.735438E+0
-8.526698E+0
-8.357648E+0
-8.219468E+0
-8.125388E+0
-8.097458E+0
-8.125388E+0
-8.219468E+0
-8.388518E+0
-8.616368E+0
-8.911838E+0
-9.252878E+0
-9.602738E+0
-9.934958E+0
-1.020397E+1
-1.040389E+1
-1.051120E+1
-1.053913E+1
-1.051120E+1
-1.048327E+1
-1.048327E+1
-1.051120E+1
-1.053913E+1
-1.062439E+1
-1.074346E+1
-1.086841E+1
-1.103746E+1
-1.114477E+1
-1.121974E+1
-1.121974E+1
-1.107274E+1
-1.080520E+1
-1.051120E+1
-1.018045E+1
-9.852638E+0
-9.549818E+0
-9.299918E+0
-9.148508E+0
-9.075008E+0
-9.089708E+0
-9.207308E+0
-9.446918E+0
-9.832058E+0
-1.040389E+1
-1.125796E+1
-1.284262E+1
-2.000005E+1
-2.000005E+1
-2.000005E+1
-2.000005E+1
-2.000005E+1
-2.000005E+1
-2.000005E+1
-2.000005E+1
-2.000005E+1
-2.000005E+1
-2.000005E+1
-2.000005E+1
-2.000005E+1
-2.000005E+1
-2.000005E+1
-2.000005E+1
-2.000005E+1
-2.000005E+1
-2.000005E+1
-2.000005E+1
-2.000005E+1
-2.000005E+1
-1.309840E+1
-1.178275E+1
-1.125796E+1
-1.107274E+1
-1.114477E+1
-1.137850E+1
-1.168573E+1
-1.198855E+1
-1.210027E+1
-1.188271E+1
-1.150492E+1
-1.103746E+1
-1.062439E+1
-1.027747E+1
-1.004374E+1
-9.934958E+0
-9.934958E+0
-1.004374E+1
-1.025248E+1
-1.062439E+1
-1.114477E+1
-1.188271E+1
-1.301020E+1
-1.499911E+1
-2.000005E+1
-2.000005E+1
-2.000005E+1
-2.000005E+1
-1.761424E+1
-1.397893E+1
-1.254274E+1
-1.168573E+1
-1.118152E+1
-1.090222E+1
-1.083607E+1
-1.096837E+1
-1.121974E+1
-1.154902E+1
-1.188271E+1
-1.215907E+1
-1.221787E+1
-1.215907E+1
-1.193563E+1
-1.173277E+1
-1.159312E+1
-1.163869E+1
-1.178275E+1
-1.210027E+1
-1.247365E+1
-1.284262E+1
-1.292494E+1
-1.254274E+1
-1.193563E+1
-1.118152E+1
-1.048327E+1
-9.873218E+0
-9.363128E+0
-8.951528E+0
-8.639888E+0
-8.419388E+0
-8.276798E+0
-8.219468E+0
-8.228288E+0
-8.297378E+0
-8.419388E+0
-8.570798E+0
-8.735438E+0
-8.858918E+0
-8.938298E+0
-8.951528E+0
-8.858918E+0
-8.698688E+0
-8.482598E+0
-8.238578E+0
-8.009258E+0
-7.825508E+0
-7.687328E+0
-7.606478E+0
-7.606478E+0
-7.687328E+0
-7.841678E+0
-8.079818E+0
-8.367938E+0
-8.698688E+0
-9.033848E+0
-9.330788E+0
-9.567458E+0
-9.714458E+0
-9.792368E+0
-9.832058E+0
-9.914378E+0
-1.004374E+1
-1.025248E+1
-1.056706E+1
-1.103746E+1
-1.163869E+1
-1.240750E+1
-1.349383E+1
-1.460368E+1
-1.548421E+1
-1.522843E+1
-1.426852E+1
-1.328803E+1
-1.240750E+1
-1.183273E+1
-1.141966E+1
-1.118152E+1
-1.110802E+1
-1.118152E+1
-1.146082E+1
-1.193563E+1
-1.268680E+1
-1.426852E+1
-2.000005E+1
-2.000005E+1
-2.000005E+1
-2.000005E+1
-2.000005E+1
-2.000005E+1
-2.000005E+1
-2.000005E+1
-2.000005E+1
-2.000005E+1
-2.000005E+1
-1.276324E+1
-1.107274E+1
-1.015693E+1
-9.567458E+0
-9.192608E+0
-8.992688E+0
-8.925068E+0
-8.992688E+0
-9.192608E+0
-9.532178E+0
-1.004374E+1
-1.083607E+1
-1.221787E+1
-1.761424E+1
-2.000005E+1
-2.000005E+1
-2.000005E+1
-2.000005E+1
-2.000005E+1
-2.000005E+1
-2.000005E+1
-2.000005E+1
-2.000005E+1
-2.000005E+1
-2.000005E+1
-2.000005E+1
-2.000005E+1
-2.000005E+1
-2.000005E+1
-2.000005E+1
-2.000005E+1
-2.000005E+1
-1.650439E+1
-1.372315E+1
-1.292494E+1
-1.240750E+1
-1.198855E+1
-1.150492E+1
-1.100218E+1
-1.051120E+1
-1.008784E+1
-9.773258E+0
-9.549818E+0
-9.446918E+0
-9.463088E+0
-9.602738E+0
-9.893798E+0
-1.037743E+1
-1.114477E+1
-1.261330E+1
-2.000005E+1
-2.000005E+1
-2.000005E+1
-2.000005E+1
-2.000005E+1
-2.000005E+1
-2.000005E+1
-2.000005E+1
-2.000005E+1
-2.000005E+1
-2.000005E+1
-2.000005E+1
-2.000005E+1
-2.000005E+1
-2.000005E+1
-2.000005E+1
-2.000005E+1
-1.349383E+1
-1.227961E+1
-1.188271E+1
-1.178275E+1
-1.188271E+1
-1.215907E+1
-1.247365E+1
-1.284262E+1
-1.292494E+1
-1.261330E+1
-1.210027E+1
-1.150492E+1
-1.093456E+1
-1.045681E+1
-1.008784E+1
-9.832058E+0
-9.639488E+0
-9.549818E+0
-9.514538E+0
-9.532178E+0
-9.602738E+0
-9.695348E+0
-9.811478E+0
-9.893798E+0
-9.914378E+0
-9.852638E+0
-9.676238E+0
-9.446918E+0
-9.163208E+0
-8.898608E+0
-8.675168E+0
-8.526698E+0
-8.482598E+0
-8.548748E+0
-8.722208E+0
-9.005918E+0
-9.413108E+0
-9.914378E+0
-1.048327E+1
-1.103746E+1
-1.146082E+1
-1.154902E+1
-1.133734E+1
-1.096837E+1
-1.059499E+1
-1.025248E+1
-9.977588E+0
-9.811478E+0
-9.752678E+0
-9.811478E+0
-9.934958E+0
-1.010989E+1
-1.032745E+1
-1.053913E+1
-1.068319E+1
-1.071259E+1
-1.065379E+1
-1.053913E+1
-1.043035E+1
-1.040389E+1
-1.043035E+1
-1.053913E+1
-1.074346E+1
-1.103746E+1
-1.137850E+1
-1.178275E+1
-1.221787E+1
-1.268680E+1
-1.338799E+1
-1.479331E+1
-2.000005E+1
-2.000005E+1
-2.000005E+1
-2.000005E+1
-2.000005E+1
-2.000005E+1
-2.000005E+1
-2.000005E+1
-2.000005E+1
-2.000005E+1
-2.000005E+1
-2.000005E+1
-2.000005E+1
-2.000005E+1
-2.000005E+1
-2.000005E+1
-2.000005E+1
-2.000005E+1
-2.000005E+1
-2.000005E+1
-2.000005E+1
-2.000005E+1
-2.000005E+1
-2.000005E+1
-2.000005E+1
-2.000005E+1
-2.000005E+1
-2.000005E+1
-2.000005E+1
-2.000005E+1
-2.000005E+1
-1.384663E+1
-1.173277E+1
-1.065379E+1
-9.955538E+0
-9.463088E+0
-9.163208E+0
-8.992688E+0
-8.977988E+0
-9.133808E+0
-9.463088E+0
-1.002169E+1
-1.100218E+1
-1.319101E+1
-2.000005E+1
-2.000005E+1
-2.000005E+1
-2.000005E+1
-2.000005E+1
-2.000005E+1
-2.000005E+1
-2.000005E+1
-2.000005E+1
-2.000005E+1
-2.000005E+1
-2.000005E+1
-2.000005E+1
-2.000005E+1
-1.698949E+1
-1.548421E+1
-1.460368E+1
-1.372315E+1
-1.284262E+1
-1.215907E+1
-1.159312E+1
-1.118152E+1
-1.093456E+1
-1.080520E+1
-1.083607E+1
-1.096837E+1
-1.129765E+1
-1.168573E+1
-1.221787E+1
-1.268680E+1
-1.301020E+1
-1.301020E+1
-1.284262E+1
-1.247365E+1
-1.221787E+1
-1.204441E+1
-1.198855E+1
-1.204441E+1
-1.221787E+1
-1.254274E+1
-1.301020E+1
-1.360555E+1
-1.443022E+1
-1.610896E+1
-2.000005E+1
-2.000005E+1
-2.000005E+1
-2.000005E+1
-2.000005E+1
-2.000005E+1
-2.000005E+1
-2.000005E+1
-2.000005E+1
-2.000005E+1
-2.000005E+1
-2.000005E+1
-2.000005E+1
-2.000005E+1
-2.000005E+1
-2.000005E+1
-2.000005E+1
-1.479331E+1
-1.292494E+1
-1.178275E+1
-1.100218E+1
-1.043035E+1
-1.006579E+1
-9.934958E+0
-9.999638E+0
-1.030099E+1
-1.100218E+1
-1.240750E+1
-2.000005E+1
-2.000005E+1
-2.000005E+1
-2.000005E+1
-2.000005E+1
-2.000005E+1
-2.000005E+1
-2.000005E+1
-2.000005E+1
-2.000005E+1
-1.384663E+1
-1.227961E+1
-1.154902E+1
-1.110802E+1
-1.083607E+1
-1.062439E+1
-1.045681E+1
-1.030099E+1
-1.018045E+1
-1.010989E+1
-1.006579E+1
-1.008784E+1
-1.018045E+1
-1.043035E+1
-1.083607E+1
-1.163869E+1
-1.338799E+1
-2.000005E+1
-2.000005E+1
-2.000005E+1
-2.000005E+1
-2.000005E+1
-2.000005E+1
-2.000005E+1
-2.000005E+1
-2.000005E+1
-2.000005E+1
-2.000005E+1
-2.000005E+1
-2.000005E+1
-2.000005E+1
-2.000005E+1
-2.000005E+1
-2.000005E+1
-2.000005E+1
-2.000005E+1
-2.000005E+1
-2.000005E+1
-2.000005E+1
-2.000005E+1
-1.761424E+1
-1.146082E+1
-1.004374E+1
-9.269048E+0
-8.822168E+0
-8.604608E+0
-8.570798E+0
-8.722208E+0
-9.089708E+0
-9.773258E+0
-1.103746E+1
-1.479331E+1
-2.000005E+1
-2.000005E+1
-2.000005E+1
-2.000005E+1
-2.000005E+1
-2.000005E+1
-2.000005E+1
-2.000005E+1
-2.000005E+1
-2.000005E+1
-1.479331E+1
-1.193563E+1
-1.096837E+1
-1.045681E+1
-1.015693E+1
-9.977588E+0
-9.811478E+0
-9.639488E+0
-9.429278E+0
-9.222008E+0
-9.019148E+0
-8.872148E+0
-8.808938E+0
-8.833928E+0
-8.992688E+0
-9.299918E+0
-9.752678E+0
-1.040389E+1
-1.121974E+1
-1.215907E+1
-1.284262E+1
-1.284262E+1
-1.215907E+1
-1.129765E+1
-1.053913E+1
-9.977588E+0
-9.567458E+0
-9.283748E+0
-9.104408E+0
-8.977988E+0
-8.911838E+0
-8.858918E+0
-8.783948E+0
-8.675168E+0
-8.526698E+0
-8.378228E+0
-8.219468E+0
-8.079818E+0
-7.966628E+0
-7.899008E+0
-7.882838E+0
-7.915178E+0
-7.982798E+0
-8.097458E+0
-8.247398E+0
-8.429678E+0
-8.639888E+0
-8.858918E+0
-9.104408E+0
-9.379298E+0
-9.733568E+0
-1.018045E+1
-1.083607E+1
-1.183273E+1
-1.384663E+1
-2.000005E+1
-2.000005E+1
-2.000005E+1
-2.000005E+1
-2.000005E+1
-2.000005E+1
-2.000005E+1
-2.000005E+1
-2.000005E+1
-2.000005E+1
-2.000005E+1
-2.000005E+1
-2.000005E+1
-1.460368E+1
-1.276324E+1
-1.183273E+1
-1.114477E+1
-1.056706E+1
-1.006579E+1
-9.658598E+0
-9.316088E+0
-9.033848E+0
-8.795708E+0
-8.616368E+0
-8.472308E+0
-8.367938E+0
-8.287088E+0
-8.238578E+0
-8.219468E+0
-8.228288E+0
-8.287088E+0
-8.409098E+0
-8.604608E+0
-8.911838E+0
-9.346958E+0
-9.977588E+0
-1.103746E+1
-1.328803E+1
-2.000005E+1
-2.000005E+1
-2.000005E+1
-2.000005E+1
-2.000005E+1
-2.000005E+1
-2.000005E+1
-2.000005E+1
-2.000005E+1
-2.000005E+1
-2.000005E+1
-1.268680E+1
-1.062439E+1
-9.676238E+0
-9.148508E+0
-8.872148E+0
-8.758958E+0
-8.772188E+0
-8.898608E+0
-9.104408E+0
-9.379298E+0
-9.733568E+0
-1.013341E+1
-1.068319E+1
-1.141966E+1
-1.276324E+1
-2.000005E+1
-2.000005E+1
-2.000005E+1
-2.000005E+1
-2.000005E+1
-2.000005E+1
-2.000005E+1
-2.000005E+1
-2.000005E+1
-2.000005E+1
-2.000005E+1
-2.000005E+1
-2.000005E+1
-2.000005E+1
-2.000005E+1
-2.000005E+1
-2.000005E+1
-2.000005E+1
-2.000005E+1
-1.610896E+1
-1.284262E+1
-1.168573E+1
-1.103746E+1
-1.065379E+1
-1.045681E+1
-1.035244E+1
-1.037743E+1
-1.053913E+1
-1.080520E+1
-1.118152E+1
-1.168573E+1
-1.234135E+1
-1.309840E+1
-1.411858E+1
-1.548421E+1
-1.761424E+1
-2.000005E+1
-2.000005E+1
-2.000005E+1
-2.000005E+1
-2.000005E+1
-2.000005E+1
-2.000005E+1
-2.000005E+1
-2.000005E+1
-2.000005E+1
-2.000005E+1
-2.000005E+1
-1.221787E+1
-1.048327E+1
-9.480728E+0
-8.808938E+0
-8.357648E+0
-8.070998E+0
-7.915178E+0
-7.891658E+0
-7.982798E+0
-8.190068E+0
-8.516408E+0
-8.977988E+0
-9.602738E+0
-1.037743E+1
-1.137850E+1
-1.268680E+1
-1.411858E+1
-1.522843E+1
-1.479331E+1
-1.372315E+1
-1.268680E+1
-1.193563E+1
-1.141966E+1
-1.114477E+1
-1.107274E+1
-1.121974E+1
-1.173277E+1
-1.301020E+1
-2.000005E+1
-2.000005E+1
-2.000005E+1
-2.000005E+1
-2.000005E+1
-2.000005E+1
-2.000005E+1
-2.000005E+1
-2.000005E+1
-2.000005E+1
-2.000005E+1
-2.000005E+1
-1.548421E+1
-1.276324E+1
-1.210027E+1
-1.198855E+1
-1.221787E+1
-1.261330E+1
-1.292494E+1
-1.292494E+1
-1.254274E+1
-1.193563E+1
-1.133734E+1
-1.083607E+1
-1.045681E+1
-1.025248E+1
-1.015693E+1
-1.015693E+1
-1.022749E+1
-1.030099E+1
-1.040389E+1
-1.051120E+1
-1.062439E+1
-1.077433E+1
-1.100218E+1
-1.141966E+1
-1.215907E+1
-1.349383E+1
-1.849477E+1
-2.000005E+1
-2.000005E+1
-2.000005E+1
-2.000005E+1
-2.000005E+1
-2.000005E+1
-2.000005E+1
-2.000005E+1
-2.000005E+1
-2.000005E+1
-2.000005E+1
-2.000005E+1
-2.000005E+1
-2.000005E+1
-2.000005E+1
-2.000005E+1
-2.000005E+1
-2.000005E+1
-2.000005E+1
-2.000005E+1
-2.000005E+1
-2.000005E+1
-2.000005E+1
-2.000005E+1
-2.000005E+1
-2.000005E+1
-2.000005E+1
-2.000005E+1
-2.000005E+1
-2.000005E+1
-2.000005E+1
-2.000005E+1
-1.499911E+1
-1.309840E+1
-1.210027E+1
-1.150492E+1
-1.121974E+1
-1.114477E+1
-1.125796E+1
-1.159312E+1
-1.215907E+1
-1.301020E+1
-1.426852E+1
-1.761424E+1
-2.000005E+1
-2.000005E+1
-2.000005E+1
-2.000005E+1
-2.000005E+1
-2.000005E+1
-2.000005E+1
-2.000005E+1
-2.000005E+1
-2.000005E+1
-2.000005E+1
-2.000005E+1
-2.000005E+1
-2.000005E+1
-2.000005E+1
-1.247365E+1
-1.093456E+1
-1.015693E+1
-9.695348E+0
-9.446918E+0
-9.363128E+0
-9.446918E+0
-9.658598E+0
-1.002169E+1
-1.048327E+1
-1.107274E+1
-1.173277E+1
-1.227961E+1
-1.247365E+1
-1.234135E+1
-1.204441E+1
-1.173277E+1
-1.154902E+1
-1.163869E+1
-1.204441E+1
-1.309840E+1
-1.849477E+1
-2.000005E+1
-2.000005E+1
-2.000005E+1
-2.000005E+1
-2.000005E+1
-2.000005E+1
-2.000005E+1
-2.000005E+1
-1.349383E+1
-1.110802E+1
-1.002169E+1
-9.396938E+0
-9.005918E+0
-8.808938E+0
-8.758958E+0
-8.858918E+0
-9.119108E+0
-9.532178E+0
-1.018045E+1
-1.121974E+1
-1.338799E+1
-2.000005E+1
-2.000005E+1
-2.000005E+1
-2.000005E+1
-2.000005E+1
-2.000005E+1
-2.000005E+1
-2.000005E+1
-2.000005E+1
-2.000005E+1
-2.000005E+1
-2.000005E+1
-2.000005E+1
-2.000005E+1
-2.000005E+1
-2.000005E+1
-2.000005E+1
-2.000005E+1
-1.499911E+1
-1.240750E+1
-1.146082E+1
-1.103746E+1
-1.096837E+1
-1.114477E+1
-1.163869E+1
-1.254274E+1
-1.411858E+1
-2.000005E+1
-2.000005E+1
-2.000005E+1
-2.000005E+1
-2.000005E+1
-1.698949E+1
-1.384663E+1
-1.234135E+1
-1.133734E+1
-1.053913E+1
-9.852638E+0
-9.283748E+0
-8.772188E+0
-8.326778E+0
-7.948988E+0
-7.643228E+0
-7.399208E+0
-7.216928E+0
-7.094918E+0
-7.027298E+0
-7.015538E+0
-7.065518E+0
-7.164008E+0
-7.328648E+0
-7.549148E+0
-7.841678E+0
-8.209178E+0
-8.663408E+0
-9.207308E+0
-9.852638E+0
-1.059499E+1
-1.137850E+1
-1.210027E+1
-1.247365E+1
-1.240750E+1
-1.204441E+1
-1.159312E+1
-1.118152E+1
-1.093456E+1
-1.083607E+1
-1.090222E+1
-1.118152E+1
-1.173277E+1
-1.268680E+1
-1.548421E+1
-2.000005E+1
-2.000005E+1
-2.000005E+1
-2.000005E+1
-2.000005E+1
-2.000005E+1
-2.000005E+1
-2.000005E+1
-2.000005E+1
-2.000005E+1
-2.000005E+1
-2.000005E+1
-2.000005E+1
-2.000005E+1
-2.000005E+1
-2.000005E+1
-2.000005E+1
-1.548421E+1
-1.284262E+1
-1.173277E+1
-1.107274E+1
-1.068319E+1
-1.056706E+1
-1.062439E+1
-1.093456E+1
-1.159312E+1
-1.292494E+1
-2.000005E+1
-2.000005E+1
-2.000005E+1
-2.000005E+1
-2.000005E+1
-2.000005E+1
-2.000005E+1
-2.000005E+1
-2.000005E+1
-2.000005E+1
-2.000005E+1
-2.000005E+1
-2.000005E+1
-2.000005E+1
-2.000005E+1
-2.000005E+1
-2.000005E+1
-2.000005E+1
-2.000005E+1
-2.000005E+1
-2.000005E+1
-2.000005E+1
-2.000005E+1
-2.000005E+1
-2.000005E+1
-2.000005E+1
-2.000005E+1
-2.000005E+1
-2.000005E+1
-2.000005E+1
-1.210027E+1
-1.080520E+1
-1.015693E+1
-9.811478E+0
-9.676238E+0
-9.639488E+0
-9.733568E+0
-9.893798E+0
-1.013341E+1
-1.045681E+1
-1.090222E+1
-1.154902E+1
-1.261330E+1
-1.522843E+1
-2.000005E+1
-2.000005E+1
-2.000005E+1
-2.000005E+1
-2.000005E+1
-2.000005E+1
-2.000005E+1
-2.000005E+1
-2.000005E+1
-2.000005E+1
-2.000005E+1
-2.000005E+1
-2.000005E+1
-2.000005E+1
-2.000005E+1
-2.000005E+1
-2.000005E+1
-2.000005E+1
-2.000005E+1
-2.000005E+1
-2.000005E+1
-2.000005E+1
-2.000005E+1
-2.000005E+1
-1.761424E+1
-1.240750E+1
-1.096837E+1
-1.008784E+1
-9.496898E+0
-9.089708E+0
-8.822168E+0
-8.663408E+0
-8.604608E+0
-8.639888E+0
-8.772188E+0
-9.005918E+0
-9.316088E+0
-9.695348E+0
-1.010989E+1
-1.048327E+1
-1.077433E+1
-1.083607E+1
-1.077433E+1
-1.059499E+1
-1.045681E+1
-1.040389E+1
-1.051120E+1
-1.086841E+1
-1.163869E+1
-1.360555E+1
-2.000005E+1
-2.000005E+1
-2.000005E+1
-2.000005E+1
-2.000005E+1
-2.000005E+1
-2.000005E+1
-2.000005E+1
-2.000005E+1
-2.000005E+1
-2.000005E+1
-2.000005E+1
-2.000005E+1
-2.000005E+1
-2.000005E+1
-2.000005E+1
-2.000005E+1
-2.000005E+1
-2.000005E+1
-2.000005E+1
-2.000005E+1
-2.000005E+1
-2.000005E+1
-2.000005E+1
-2.000005E+1
-2.000005E+1
-2.000005E+1
-2.000005E+1
-2.000005E+1
-2.000005E+1
-2.000005E+1
-2.000005E+1
-2.000005E+1
-2.000005E+1
-2.000005E+1
-2.000005E+1
-2.000005E+1
-2.000005E+1
-2.000005E+1
-2.000005E+1
-2.000005E+1
-2.000005E+1
-2.000005E+1
-2.000005E+1
-2.000005E+1
-2.000005E+1
-2.000005E+1
-2.000005E+1
-1.698949E+1
-1.479331E+1
-1.397893E+1
-1.384663E+1
-1.443022E+1
-1.650439E+1
-2.000005E+1
-2.000005E+1
-2.000005E+1
-2.000005E+1
-2.000005E+1
-2.000005E+1
-2.000005E+1
-2.000005E+1
-2.000005E+1
-2.000005E+1
-2.000005E+1
-2.000005E+1
-2.000005E+1
-2.000005E+1
-2.000005E+1
-2.000005E+1
-2.000005E+1
-2.000005E+1
-1.328803E+1
-1.159312E+1
-1.086841E+1
-1.051120E+1
-1.045681E+1
-1.065379E+1
-1.110802E+1
-1.204441E+1
-1.460368E+1
-2.000005E+1
-2.000005E+1
-2.000005E+1
-2.000005E+1
-2.000005E+1
-2.000005E+1
-2.000005E+1
-2.000005E+1
-2.000005E+1
-2.000005E+1
-2.000005E+1
-2.000005E+1
-2.000005E+1
-2.000005E+1
-2.000005E+1
-2.000005E+1
-2.000005E+1
-1.261330E+1
-1.133734E+1
-1.068319E+1
-1.027747E+1
-9.999638E+0
-9.773258E+0
-9.602738E+0
-9.514538E+0
-9.496898E+0
-9.602738E+0
-9.852638E+0
-1.030099E+1
-1.103746E+1
-1.234135E+1
-1.577380E+1
-2.000005E+1
-2.000005E+1
-2.000005E+1
-2.000005E+1
-2.000005E+1
-2.000005E+1
-2.000005E+1
-1.849477E+1
-1.360555E+1
-1.210027E+1
-1.125796E+1
-1.071259E+1
-1.035244E+1
-1.013341E+1
-1.008784E+1
-1.018045E+1
-1.048327E+1
-1.103746E+1
-1.210027E+1
-1.443022E+1
-2.000005E+1
-2.000005E+1
-2.000005E+1
-2.000005E+1
-2.000005E+1
-2.000005E+1
-2.000005E+1
-2.000005E+1
-2.000005E+1
-2.000005E+1
-2.000005E+1
-2.000005E+1
-2.000005E+1
-2.000005E+1
-2.000005E+1
-2.000005E+1
-2.000005E+1
-2.000005E+1
-2.000005E+1
-2.000005E+1
-2.000005E+1
-2.000005E+1
-2.000005E+1
-2.000005E+1
-2.000005E+1
-2.000005E+1
-2.000005E+1
-2.000005E+1
-2.000005E+1
-2.000005E+1
-2.000005E+1
-2.000005E+1
-2.000005E+1
-2.000005E+1
-2.000005E+1
-2.000005E+1
-2.000005E+1
-1.650439E+1
-1.384663E+1
-1.247365E+1
-1.163869E+1
-1.103746E+1
-1.056706E+1
-1.020397E+1
-9.934958E+0
-9.714458E+0
-9.549818E+0
-9.429278E+0
-9.299918E+0
-9.207308E+0
-9.148508E+0
-9.119108E+0
-9.148508E+0
-9.238178E+0
-9.396938E+0
-9.639488E+0
-9.999638E+0
-1.053913E+1
-1.125796E+1
-1.240750E+1
-1.460368E+1
-2.000005E+1
-2.000005E+1
-2.000005E+1
-2.000005E+1
-2.000005E+1
-2.000005E+1
-2.000005E+1
-1.460368E+1
-1.284262E+1
-1.193563E+1
-1.137850E+1
-1.107274E+1
-1.090222E+1
-1.077433E+1
-1.074346E+1
-1.071259E+1
-1.065379E+1
-1.059499E+1
-1.045681E+1
-1.030099E+1
-1.013341E+1
-9.955538E+0
-9.792368E+0
-9.676238E+0
-9.621848E+0
-9.639488E+0
-9.752678E+0
-9.977588E+0
-1.035244E+1
-1.096837E+1
-1.210027E+1
-1.499911E+1
-2.000005E+1
-2.000005E+1
-2.000005E+1
-2.000005E+1
-2.000005E+1
-2.000005E+1
-2.000005E+1
-2.000005E+1
-2.000005E+1
-2.000005E+1
-2.000005E+1
-2.000005E+1
-2.000005E+1
-2.000005E+1
-2.000005E+1
-2.000005E+1
-1.372315E+1
-1.163869E+1
-1.051120E+1
-9.714458E+0
-9.104408E+0
-8.628128E+0
-8.247398E+0
-7.957808E+0
-7.747598E+0
-7.628528E+0
-7.591778E+0
-7.643228E+0
-7.778468E+0
-8.000438E+0
-8.297378E+0
-8.675168E+0
-9.119108E+0
-9.602738E+0
-1.006579E+1
-1.040389E+1
-1.059499E+1
-1.056706E+1
-1.035244E+1
-1.002169E+1
-9.714458E+0
-9.413108E+0
-9.177908E+0
-8.992688E+0
-8.858918E+0
-8.795708E+0
-8.795708E+0
-8.847158E+0
-8.925068E+0
-9.047078E+0
-9.192608E+0
-9.299918E+0
-9.379298E+0
-9.396938E+0
-9.379298E+0
-9.330788E+0
-9.269048E+0
-9.252878E+0
-9.316088E+0
-9.496898E+0
-9.811478E+0
-1.035244E+1
-1.114477E+1
-1.254274E+1
-1.650439E+1
-2.000005E+1
-2.000005E+1
-2.000005E+1
-2.000005E+1
-2.000005E+1
-2.000005E+1
-2.000005E+1
-1.610896E+1
-1.301020E+1
-1.188271E+1
-1.129765E+1
-1.096837E+1
-1.086841E+1
-1.093456E+1
-1.114477E+1
-1.141966E+1
-1.168573E+1
-1.163869E+1
-1.125796E+1
-1.068319E+1
-1.004374E+1
-9.463088E+0
-8.992688E+0
-8.628128E+0
-8.398808E+0
-8.287088E+0
-8.287088E+0
-8.409098E+0
-8.639888E+0
-9.005918E+0
-9.514538E+0
-1.020397E+1
-1.114477E+1
-1.254274E+1
-1.548421E+1
-2.000005E+1
-2.000005E+1
-2.000005E+1
-2.000005E+1
-2.000005E+1
-2.000005E+1
-2.000005E+1
-2.000005E+1
-2.000005E+1
-2.000005E+1
-1.372315E+1
-1.154902E+1
-1.035244E+1
-9.585098E+0
-9.061778E+0
-8.747198E+0
-8.594318E+0
-8.582558E+0
-8.710448E+0
-8.938298E+0
-9.252878E+0
-9.621848E+0
-9.934958E+0
-1.013341E+1
-1.013341E+1
-9.955538E+0
-9.676238E+0
-9.379298E+0
-9.119108E+0
-8.911838E+0
-8.795708E+0
-8.758958E+0
-8.795708E+0
-8.885378E+0
-9.019148E+0
-9.177908E+0
-9.346958E+0
-9.514538E+0
-9.658598E+0
-9.773258E+0
-9.893798E+0
-9.999638E+0
-1.015693E+1
-1.037743E+1
-1.062439E+1
-1.093456E+1
-1.125796E+1
-1.159312E+1
-1.178275E+1
-1.188271E+1
-1.178275E+1
-1.150492E+1
-1.118152E+1
-1.083607E+1
-1.053913E+1
-1.027747E+1
-1.008784E+1
-9.914378E+0
-9.811478E+0
-9.752678E+0
-9.733568E+0
-9.752678E+0
-9.773258E+0
-9.792368E+0
-9.852638E+0
-9.914378E+0
-1.002169E+1
-1.018045E+1
-1.045681E+1
-1.090222E+1
-1.168573E+1
-1.319101E+1
-2.000005E+1
-2.000005E+1
-2.000005E+1
-2.000005E+1
-2.000005E+1
-2.000005E+1
-2.000005E+1
-2.000005E+1
-2.000005E+1
-2.000005E+1
-2.000005E+1
-2.000005E+1
-2.000005E+1
-2.000005E+1
-2.000005E+1
-2.000005E+1
-2.000005E+1
-2.000005E+1
-2.000005E+1
-2.000005E+1
-2.000005E+1
-2.000005E+1
-2.000005E+1
-2.000005E+1
-2.000005E+1
-2.000005E+1
-2.000005E+1
-2.000005E+1
-2.000005E+1
-2.000005E+1
-2.000005E+1
-1.397893E+1
-1.163869E+1
-1.048327E+1
-9.733568E+0
-9.207308E+0
-8.822168E+0
-8.570798E+0
-8.419388E+0
-8.367938E+0
-8.398808E+0
-8.494358E+0
-8.639888E+0
-8.795708E+0
-8.951528E+0
-9.061778E+0
-9.148508E+0
-9.222008E+0
-9.283748E+0
-9.396938E+0
-9.585098E+0
-9.914378E+0
-1.043035E+1
-1.118152E+1
-1.234135E+1
-1.426852E+1
-2.000005E+1
-2.000005E+1
-2.000005E+1
-2.000005E+1
-2.000005E+1
-2.000005E+1
-1.761424E+1
-1.610896E+1
-1.548421E+1
-1.522843E+1
-1.522843E+1
-1.499911E+1
-1.479331E+1
-1.443022E+1
-1.411858E+1
-1.397893E+1
-1.397893E+1
-1.411858E+1
-1.460368E+1
-1.522843E+1
-1.610896E+1
-1.577380E+1
-1.443022E+1
-1.301020E+1
-1.183273E+1
-1.080520E+1
-9.977588E+0
-9.346958E+0
-8.847158E+0
-8.504648E+0
-8.276798E+0
-8.170958E+0
-8.190068E+0
-8.326778E+0
-8.570798E+0
-8.938298E+0
-9.396938E+0
-9.914378E+0
-1.040389E+1
-1.068319E+1
-1.071259E+1
-1.045681E+1
-1.010989E+1
-9.792368E+0
-9.549818E+0
-9.446918E+0
-9.496898E+0
-9.714458E+0
-1.015693E+1
-1.093456E+1
-1.227961E+1
-1.650439E+1
-2.000005E+1
-2.000005E+1
-2.000005E+1
-2.000005E+1
-2.000005E+1
-2.000005E+1
-2.000005E+1
-2.000005E+1
-2.000005E+1
-2.000005E+1
-2.000005E+1
-2.000005E+1
-2.000005E+1
-2.000005E+1
-2.000005E+1
-2.000005E+1
-2.000005E+1
-2.000005E+1
-2.000005E+1
-2.000005E+1
-2.000005E+1
-2.000005E+1
-2.000005E+1
-2.000005E+1
-2.000005E+1
-2.000005E+1
-2.000005E+1
-2.000005E+1
-2.000005E+1
-2.000005E+1
-2.000005E+1
-1.479331E+1
-1.234135E+1
-1.141966E+1
-1.100218E+1
-1.090222E+1
-1.103746E+1
-1.146082E+1
-1.215907E+1
-1.338799E+1
-1.698949E+1
-2.000005E+1
-2.000005E+1
-2.000005E+1
-2.000005E+1
-2.000005E+1
-2.000005E+1
-2.000005E+1
-2.000005E+1
-2.000005E+1
-2.000005E+1
-2.000005E+1
-2.000005E+1
-1.650439E+1
-1.372315E+1
-1.227961E+1
-1.137850E+1
-1.071259E+1
-1.022749E+1
-9.852638E+0
-9.602738E+0
-9.463088E+0
-9.429278E+0
-9.496898E+0
-9.639488E+0
-9.852638E+0
-1.020397E+1
-1.068319E+1
-1.141966E+1
-1.254274E+1
-1.499911E+1
-2.000005E+1
-2.000005E+1
-2.000005E+1
-2.000005E+1
-2.000005E+1
-2.000005E+1
-2.000005E+1
-2.000005E+1
-2.000005E+1
-2.000005E+1
-2.000005E+1
-2.000005E+1
-2.000005E+1
-2.000005E+1
-2.000005E+1
-2.000005E+1
-2.000005E+1
-2.000005E+1
-2.000005E+1
-2.000005E+1
-2.000005E+1
-2.000005E+1
-2.000005E+1
-2.000005E+1
-2.000005E+1
-2.000005E+1
-2.000005E+1
-2.000005E+1
-1.284262E+1
-1.100218E+1
-1.002169E+1
-9.396938E+0
-8.977988E+0
-8.686928E+0
-8.472308E+0
-8.306198E+0
-8.181248E+0
-8.079818E+0
-7.991618E+0
-7.907828E+0
-7.834328E+0
-7.771118E+0
-7.724078E+0
-7.694678E+0
-7.672628E+0
-7.665278E+0
-7.672628E+0
-7.694678E+0
-7.732898E+0
-7.787288E+0
-7.857848E+0
-7.957808E+0
-8.079818E+0
-8.228288E+0
-8.398808E+0
-8.594318E+0
-8.783948E+0
-8.977988E+0
-9.177908E+0
-9.396938E+0
-9.639488E+0
-9.893798E+0
-1.018045E+1
-1.053913E+1
-1.093456E+1
-1.133734E+1
-1.173277E+1
-1.204441E+1
-1.227961E+1
-1.234135E+1
-1.240750E+1
-1.240750E+1
-1.247365E+1
-1.268680E+1
-1.309840E+1
-1.397893E+1
-1.577380E+1
-2.000005E+1
-2.000005E+1
-2.000005E+1
-2.000005E+1
-2.000005E+1
-2.000005E+1
-2.000005E+1
-2.000005E+1
-2.000005E+1
-2.000005E+1
-2.000005E+1
-2.000005E+1
-2.000005E+1
-2.000005E+1
-2.000005E+1
-2.000005E+1
-1.577380E+1
-1.443022E+1
-1.384663E+1
-1.338799E+1
-1.301020E+1
-1.254274E+1
-1.210027E+1
-1.163869E+1
-1.114477E+1
-1.068319E+1
-1.025248E+1
-9.832058E+0
-9.463088E+0
-9.148508E+0
-8.847158E+0
-8.594318E+0
-8.367938E+0
-8.190068E+0
-8.062178E+0
-7.991618E+0
-7.982798E+0
-8.018078E+0
-8.125388E+0
-8.276798E+0
-8.494358E+0
-8.735438E+0
-8.992688E+0
-9.207308E+0
-9.363128E+0
-9.446918E+0
-9.429278E+0
-9.363128E+0
-9.283748E+0
-9.252878E+0
-9.299918E+0
-9.480728E+0
-9.832058E+0
-1.043035E+1
-1.150492E+1
-1.397893E+1
-2.000005E+1
-2.000005E+1
-2.000005E+1
-2.000005E+1
-2.000005E+1
-2.000005E+1
-2.000005E+1
-2.000005E+1
-2.000005E+1
-2.000005E+1
-2.000005E+1
-2.000005E+1
-2.000005E+1
-1.650439E+1
-1.227961E+1
-1.080520E+1
-9.873218E+0
-9.207308E+0
-8.735438E+0
-8.409098E+0
-8.190068E+0
-8.079818E+0
-8.044538E+0
-8.079818E+0
-8.170958E+0
-8.287088E+0
-8.409098E+0
-8.516408E+0
-8.582558E+0
-8.616368E+0
-8.616368E+0
-8.594318E+0
-8.560508E+0
-8.538458E+0
-8.538458E+0
-8.560508E+0
-8.604608E+0
-8.663408E+0
-8.747198E+0
-8.822168E+0
-8.911838E+0
-9.005918E+0
-9.104408E+0
-9.238178E+0
-9.413108E+0
-9.658598E+0
-1.002169E+1
-1.051120E+1
-1.118152E+1
-1.210027E+1
-1.360555E+1
-1.698949E+1
-2.000005E+1
-2.000005E+1
-2.000005E+1
-2.000005E+1
-2.000005E+1
-2.000005E+1
-2.000005E+1
-2.000005E+1
-2.000005E+1
-2.000005E+1
-2.000005E+1
-2.000005E+1
-2.000005E+1
-2.000005E+1
-2.000005E+1
-2.000005E+1
-2.000005E+1
-2.000005E+1
-2.000005E+1
-2.000005E+1
-2.000005E+1
-2.000005E+1
-2.000005E+1
-1.254274E+1
-1.077433E+1
-9.893798E+0
-9.330788E+0
-8.992688E+0
-8.783948E+0
-8.686928E+0
-8.686928E+0
-8.758958E+0
-8.911838E+0
-9.163208E+0
-9.532178E+0
-1.013341E+1
-1.118152E+1
-1.384663E+1
-2.000005E+1
-2.000005E+1
-2.000005E+1
-2.000005E+1
-2.000005E+1
-2.000005E+1
-2.000005E+1
-2.000005E+1
-2.000005E+1
-2.000005E+1
-2.000005E+1
-2.000005E+1
-2.000005E+1
-2.000005E+1
-2.000005E+1
-2.000005E+1
-2.000005E+1
-2.000005E+1
-2.000005E+1
-2.000005E+1
-2.000005E+1
-2.000005E+1
-2.000005E+1
-2.000005E+1
-2.000005E+1
-2.000005E+1
-1.349383E+1
-1.183273E+1
-1.103746E+1
-1.062439E+1
-1.051120E+1
-1.071259E+1
-1.133734E+1
-1.292494E+1
-2.000005E+1
-2.000005E+1
-2.000005E+1
-2.000005E+1
-2.000005E+1
