Date/Time	2022-06-08 07:00:46
Line location	1
Line name	A1
OTDR wavelength [nm]	1550
OTDR pulse duration [ns]	2
OTDR scan time [s]	10
OTDR scan length [m]	1.500000E+2
Length offset [m]	0.000000E+0
Length increment [m]	3.996806E-2
Switch ID	VIAVI Solutions,OTU 8000E,11654,FO,16.76
OTDR ID	JDSU,OTU 8000E,11654,OTU(SmartOTU),V7.22

Reflected amplitude [dB]
8.024520E-1
7.936320E-1
7.642320E-1
7.216020E-1
6.804420E-1
6.436920E-1
6.128220E-1
5.893020E-1
5.878320E-1
6.392820E-1
7.495320E-1
9.038820E-1
1.077342E+0
1.236102E+0
1.362522E+0
1.458072E+0
1.525692E+0
1.575672E+0
1.602132E+0
1.599192E+0
1.572732E+0
1.519812E+0
1.437492E+0
1.333122E+0
1.209642E+0
1.069992E+0
9.303420E-1
8.009820E-1
6.730920E-1
5.481420E-1
4.334820E-1
3.364620E-1
2.570820E-1
1.924020E-1
1.394820E-1
9.391200E-2
5.422200E-2
1.894200E-2
-1.192800E-2
-3.838800E-2
-6.337800E-2
-8.395800E-2
-1.015980E-1
-1.192380E-1
-1.324680E-1
-1.456980E-1
-1.574580E-1
-1.662780E-1
-1.765680E-1
-1.839180E-1
-1.912680E-1
-1.971480E-1
-2.015580E-1
-2.059680E-1
-2.089080E-1
-2.133180E-1
-2.162580E-1
-2.191980E-1
-2.236080E-1
-2.294880E-1
-2.338980E-1
-2.397780E-1
-2.456580E-1
-2.530080E-1
-2.588880E-1
-2.662380E-1
-2.721180E-1
-2.779980E-1
-2.809380E-1
-2.824080E-1
-2.794680E-1
-2.721180E-1
-2.603580E-1
-2.441880E-1
-2.250780E-1
-2.015580E-1
-1.780380E-1
-1.530480E-1
-1.295280E-1
-1.074780E-1
-9.130800E-2
-7.954800E-2
-7.219800E-2
-7.219800E-2
-7.807800E-2
-8.983800E-2
-1.060080E-1
-1.265880E-1
-1.501080E-1
-1.750980E-1
-2.000880E-1
-2.250780E-1
-2.485980E-1
-2.691780E-1
-2.868180E-1
-3.029880E-1
-3.162180E-1
-3.279780E-1
-3.382680E-1
-3.485580E-1
-3.573780E-1
-3.647280E-1
-3.735480E-1
-3.808980E-1
-3.882480E-1
-3.955980E-1
-4.000080E-1
-4.058880E-1
-4.102980E-1
-4.132380E-1
-4.161780E-1
-4.191180E-1
-4.220580E-1
-4.235280E-1
-4.249980E-1
-4.264680E-1
-4.264680E-1
-4.264680E-1
-4.264680E-1
-4.249980E-1
-4.249980E-1
-4.235280E-1
-4.235280E-1
-4.220580E-1
-4.220580E-1
-4.220580E-1
-4.220580E-1
-4.220580E-1
-4.220580E-1
-4.235280E-1
-4.249980E-1
-4.279380E-1
-4.323480E-1
-4.367580E-1
-4.411680E-1
-4.470480E-1
-4.514580E-1
-4.558680E-1
-4.588080E-1
-4.602780E-1
-4.617480E-1
-4.617480E-1
-4.602780E-1
-4.588080E-1
-4.220580E-1
-2.015580E-1
4.217220E-1
1.441902E+0
2.614962E+0
3.749802E+0
4.761162E+0
5.625522E+0
6.345822E+0
6.942642E+0
7.436562E+0
7.837872E+0
8.153922E+0
8.389122E+0
8.552292E+0
8.646372E+0
8.680182E+0
8.658132E+0
8.583162E+0
8.458212E+0
8.283282E+0
8.059842E+0
7.792302E+0
7.482132E+0
7.130802E+0
6.741252E+0
6.316422E+0
5.860722E+0
5.382972E+0
4.890522E+0
4.392192E+0
3.898272E+0
3.421992E+0
2.983932E+0
2.589972E+0
2.237172E+0
1.931412E+0
1.677102E+0
1.463952E+0
1.280202E+0
1.114092E+0
9.597420E-1
8.083320E-1
6.539820E-1
4.937520E-1
3.335220E-1
1.894620E-1
7.039200E-2
-2.809800E-2
-1.074780E-1
-1.721580E-1
-2.250780E-1
-2.662380E-1
-2.985780E-1
-3.250380E-1
-3.470880E-1
-3.632580E-1
-3.764880E-1
-3.867780E-1
-3.955980E-1
-4.000080E-1
-4.044180E-1
-4.073580E-1
-4.088280E-1
-4.102980E-1
-4.117680E-1
-4.147080E-1
-4.176480E-1
-4.205880E-1
-4.249980E-1
-4.279380E-1
-4.308780E-1
-4.338180E-1
-4.338180E-1
-4.323480E-1
-4.294080E-1
-4.249980E-1
-4.191180E-1
-4.117680E-1
-4.044180E-1
-3.955980E-1
-3.882480E-1
-3.823680E-1
-3.779580E-1
-3.750180E-1
-3.750180E-1
-3.764880E-1
-3.808980E-1
-3.853080E-1
-3.911880E-1
-3.970680E-1
-4.029480E-1
-4.073580E-1
-4.102980E-1
-4.132380E-1
-4.132380E-1
-4.147080E-1
-4.132380E-1
-4.117680E-1
-4.102980E-1
-4.073580E-1
-4.029480E-1
-3.985380E-1
-3.911880E-1
-3.853080E-1
-3.779580E-1
-3.720780E-1
-3.661980E-1
-3.632580E-1
-3.617880E-1
-3.632580E-1
-3.661980E-1
-3.720780E-1
-3.794280E-1
-3.882480E-1
-3.970680E-1
-4.058880E-1
-4.147080E-1
-4.220580E-1
-4.279380E-1
-4.308780E-1
-4.323480E-1
-4.323480E-1
-4.308780E-1
-4.279380E-1
-4.235280E-1
-4.191180E-1
-4.147080E-1
-4.102980E-1
-4.058880E-1
-4.029480E-1
-3.985380E-1
-3.941280E-1
-3.897180E-1
-3.853080E-1
-3.808980E-1
-3.764880E-1
-3.720780E-1
-3.676680E-1
-3.647280E-1
-3.617880E-1
-3.588480E-1
-3.573780E-1
-3.559080E-1
-3.559080E-1
-3.559080E-1
-3.573780E-1
-3.588480E-1
-3.617880E-1
-3.661980E-1
-3.691380E-1
-3.735480E-1
-3.779580E-1
-3.823680E-1
-3.853080E-1
-3.867780E-1
-3.882480E-1
-3.897180E-1
-3.897180E-1
-3.911880E-1
-3.941280E-1
-3.985380E-1
-4.044180E-1
-4.117680E-1
-4.191180E-1
-4.279380E-1
-4.367580E-1
-4.441080E-1
-4.499880E-1
-4.529280E-1
-4.543980E-1
-4.529280E-1
-4.499880E-1
-4.441080E-1
-4.367580E-1
-4.294080E-1
-4.220580E-1
-4.147080E-1
-4.102980E-1
-4.073580E-1
-4.073580E-1
-4.088280E-1
-4.117680E-1
-4.147080E-1
-4.191180E-1
-4.235280E-1
-4.279380E-1
-4.308780E-1
-4.352880E-1
-4.382280E-1
-4.411680E-1
-4.426380E-1
-4.426380E-1
-4.426380E-1
-4.411680E-1
-4.382280E-1
-4.338180E-1
-4.264680E-1
-4.191180E-1
-4.102980E-1
-4.000080E-1
-3.867780E-1
-3.735480E-1
-3.588480E-1
-3.441480E-1
-3.294480E-1
-3.176880E-1
-3.088680E-1
-3.029880E-1
-3.015180E-1
-3.044580E-1
-3.103380E-1
-3.206280E-1
-3.323880E-1
-3.456180E-1
-3.588480E-1
-3.720780E-1
-3.838380E-1
-3.926580E-1
-4.000080E-1
-4.029480E-1
-4.044180E-1
-4.029480E-1
-4.000080E-1
-3.970680E-1
-3.926580E-1
-3.897180E-1
-3.882480E-1
-3.867780E-1
-3.897180E-1
-3.926580E-1
-3.970680E-1
-4.014780E-1
-4.088280E-1
-4.147080E-1
-4.220580E-1
-4.294080E-1
-4.367580E-1
-4.441080E-1
-4.514580E-1
-4.573380E-1
-4.632180E-1
-4.661580E-1
-4.676280E-1
-4.676280E-1
-4.661580E-1
-4.646880E-1
-4.617480E-1
-4.602780E-1
-4.588080E-1
-4.588080E-1
-4.602780E-1
-4.617480E-1
-4.646880E-1
-4.661580E-1
-4.676280E-1
-4.676280E-1
-4.661580E-1
-4.617480E-1
-4.558680E-1
-4.485180E-1
-4.411680E-1
-4.323480E-1
-4.220580E-1
-4.117680E-1
-4.029480E-1
-3.941280E-1
-3.853080E-1
-3.779580E-1
-3.720780E-1
-3.661980E-1
-3.632580E-1
-3.603180E-1
-3.603180E-1
-3.603180E-1
-3.632580E-1
-3.676680E-1
-3.735480E-1
-3.808980E-1
-3.882480E-1
-3.985380E-1
-4.088280E-1
-4.191180E-1
-4.294080E-1
-4.382280E-1
-4.455780E-1
-4.499880E-1
-4.543980E-1
-4.573380E-1
-4.573380E-1
-4.588080E-1
-4.588080E-1
-4.588080E-1
-4.602780E-1
-4.617480E-1
-4.632180E-1
-4.646880E-1
-4.676280E-1
-4.690980E-1
-4.720380E-1
-4.735080E-1
-4.749780E-1
-4.764480E-1
-4.779180E-1
-4.779180E-1
-4.764480E-1
-4.764480E-1
-4.735080E-1
-4.705680E-1
-4.661580E-1
-4.617480E-1
-4.558680E-1
-4.485180E-1
-4.396980E-1
-4.308780E-1
-4.235280E-1
-4.147080E-1
-4.088280E-1
-4.044180E-1
-4.014780E-1
-4.014780E-1
-4.014780E-1
-4.029480E-1
-4.058880E-1
-4.073580E-1
-4.088280E-1
-4.088280E-1
-4.073580E-1
-4.058880E-1
-4.044180E-1
-4.014780E-1
-4.000080E-1
-3.970680E-1
-3.941280E-1
-3.926580E-1
-3.911880E-1
-3.897180E-1
-3.897180E-1
-3.911880E-1
-3.926580E-1
-3.941280E-1
-3.970680E-1
-4.014780E-1
-4.058880E-1
-4.102980E-1
-4.132380E-1
-4.176480E-1
-4.191180E-1
-4.220580E-1
-4.220580E-1
-4.220580E-1
-4.220580E-1
-4.235280E-1
-4.249980E-1
-4.264680E-1
-4.279380E-1
-4.308780E-1
-4.323480E-1
-4.338180E-1
-4.352880E-1
-4.352880E-1
-4.352880E-1
-4.352880E-1
-4.338180E-1
-4.323480E-1
-4.308780E-1
-4.279380E-1
-4.264680E-1
-4.235280E-1
-4.220580E-1
-4.205880E-1
-4.191180E-1
-4.205880E-1
-4.220580E-1
-4.249980E-1
-4.294080E-1
-4.338180E-1
-4.382280E-1
-4.411680E-1
-4.426380E-1
-4.426380E-1
-4.411680E-1
-4.367580E-1
-4.323480E-1
-4.264680E-1
-4.220580E-1
-4.176480E-1
-4.132380E-1
-4.088280E-1
-4.058880E-1
-4.029480E-1
-4.000080E-1
-3.970680E-1
-3.941280E-1
-3.926580E-1
-3.911880E-1
-3.897180E-1
-3.897180E-1
-3.882480E-1
-3.882480E-1
-3.882480E-1
-3.897180E-1
-3.911880E-1
-3.955980E-1
-4.014780E-1
-4.088280E-1
-4.161780E-1
-4.249980E-1
-4.352880E-1
-4.426380E-1
-4.514580E-1
-4.573380E-1
-4.632180E-1
-4.690980E-1
-4.735080E-1
-4.793880E-1
-4.852680E-1
-4.911480E-1
-4.984980E-1
-5.058480E-1
-5.117280E-1
-5.190780E-1
-5.234880E-1
-5.264280E-1
-5.278980E-1
-5.264280E-1
-5.234880E-1
-5.190780E-1
-5.117280E-1
-5.058480E-1
-4.984980E-1
-4.911480E-1
-4.837980E-1
-4.779180E-1
-4.735080E-1
-4.690980E-1
-4.646880E-1
-4.632180E-1
-4.617480E-1
-4.617480E-1
-4.632180E-1
-4.661580E-1
-4.690980E-1
-4.720380E-1
-4.764480E-1
-4.808580E-1
-4.837980E-1
-4.867380E-1
-4.882080E-1
-4.867380E-1
-4.852680E-1
-4.793880E-1
-4.735080E-1
-4.646880E-1
-4.529280E-1
-4.411680E-1
-4.279380E-1
-4.147080E-1
-4.014780E-1
-3.882480E-1
-3.764880E-1
-3.647280E-1
-3.544380E-1
-3.470880E-1
-3.412080E-1
-3.382680E-1
-3.382680E-1
-3.412080E-1
-3.485580E-1
-3.588480E-1
-3.720780E-1
-3.882480E-1
-4.044180E-1
-4.220580E-1
-4.396980E-1
-4.558680E-1
-4.690980E-1
-4.793880E-1
-4.867380E-1
-4.911480E-1
-4.926180E-1
-4.926180E-1
-4.896780E-1
-4.852680E-1
-4.808580E-1
-4.749780E-1
-4.690980E-1
-4.632180E-1
-4.573380E-1
-4.499880E-1
-4.441080E-1
-4.367580E-1
-4.308780E-1
-4.249980E-1
-4.191180E-1
-4.132380E-1
-4.102980E-1
-4.058880E-1
-4.029480E-1
-4.000080E-1
-3.985380E-1
-3.955980E-1
-3.941280E-1
-3.911880E-1
-3.897180E-1
-3.897180E-1
-3.897180E-1
-3.926580E-1
-3.955980E-1
-4.029480E-1
-4.102980E-1
-4.205880E-1
-4.308780E-1
-4.411680E-1
-4.514580E-1
-4.617480E-1
-4.676280E-1
-4.720380E-1
-4.749780E-1
-4.735080E-1
-4.705680E-1
-4.661580E-1
-4.588080E-1
-4.514580E-1
-4.455780E-1
-4.382280E-1
-4.323480E-1
-4.279380E-1
-4.249980E-1
-4.235280E-1
-4.220580E-1
-4.235280E-1
-4.249980E-1
-4.264680E-1
-4.279380E-1
-4.279380E-1
-4.294080E-1
-4.294080E-1
-4.294080E-1
-4.294080E-1
-4.294080E-1
-4.308780E-1
-4.338180E-1
-4.367580E-1
-4.396980E-1
-4.426380E-1
-4.455780E-1
-4.485180E-1
-4.514580E-1
-4.543980E-1
-4.558680E-1
-4.588080E-1
-4.602780E-1
-4.632180E-1
-4.646880E-1
-4.661580E-1
-4.646880E-1
-4.632180E-1
-4.588080E-1
-4.529280E-1
-4.455780E-1
-4.382280E-1
-4.294080E-1
-4.205880E-1
-4.132380E-1
-4.058880E-1
-4.000080E-1
-3.955980E-1
-3.926580E-1
-3.911880E-1
-3.911880E-1
-3.926580E-1
-3.955980E-1
-3.985380E-1
-4.044180E-1
-4.088280E-1
-4.147080E-1
-4.205880E-1
-4.279380E-1
-4.338180E-1
-4.396980E-1
-4.455780E-1
-4.514580E-1
-4.588080E-1
-4.632180E-1
-4.676280E-1
-4.720380E-1
-4.735080E-1
-4.749780E-1
-4.735080E-1
-4.720380E-1
-4.690980E-1
-4.646880E-1
-4.588080E-1
-4.543980E-1
-4.485180E-1
-4.441080E-1
-4.382280E-1
-4.338180E-1
-4.279380E-1
-4.235280E-1
-4.191180E-1
-4.147080E-1
-4.117680E-1
-4.088280E-1
-4.073580E-1
-4.058880E-1
-4.044180E-1
-4.029480E-1
-4.014780E-1
-3.985380E-1
-3.955980E-1
-3.926580E-1
-3.911880E-1
-3.897180E-1
-3.882480E-1
-3.882480E-1
-3.897180E-1
-3.926580E-1
-3.955980E-1
-4.014780E-1
-4.073580E-1
-4.132380E-1
-4.191180E-1
-4.264680E-1
-4.308780E-1
-4.352880E-1
-4.396980E-1
-4.411680E-1
-4.426380E-1
-4.426380E-1
-4.411680E-1
-4.396980E-1
-4.382280E-1
-4.382280E-1
-4.367580E-1
-4.352880E-1
-4.352880E-1
-4.352880E-1
-4.352880E-1
-4.367580E-1
-4.382280E-1
-4.411680E-1
-4.441080E-1
-4.485180E-1
-4.543980E-1
-4.617480E-1
-4.676280E-1
-4.749780E-1
-4.823280E-1
-4.882080E-1
-4.926180E-1
-4.970280E-1
-4.970280E-1
-4.970280E-1
-4.940880E-1
-4.882080E-1
-4.823280E-1
-4.764480E-1
-4.690980E-1
-4.632180E-1
-4.588080E-1
-4.558680E-1
-4.529280E-1
-4.529280E-1
-4.529280E-1
-4.529280E-1
-4.529280E-1
-4.514580E-1
-4.514580E-1
-4.514580E-1
-4.499880E-1
-4.499880E-1
-4.485180E-1
-4.485180E-1
-4.485180E-1
-4.485180E-1
-4.485180E-1
-4.485180E-1
-4.470480E-1
-4.441080E-1
-4.411680E-1
-4.382280E-1
-4.352880E-1
-4.323480E-1
-4.279380E-1
-4.249980E-1
-4.220580E-1
-4.191180E-1
-4.161780E-1
-4.132380E-1
-4.102980E-1
-4.058880E-1
-4.029480E-1
-4.014780E-1
-4.000080E-1
-3.985380E-1
-3.985380E-1
-3.985380E-1
-4.000080E-1
-4.014780E-1
-4.044180E-1
-4.088280E-1
-4.132380E-1
-4.191180E-1
-4.249980E-1
-4.323480E-1
-4.382280E-1
-4.455780E-1
-4.514580E-1
-4.558680E-1
-4.573380E-1
-4.588080E-1
-4.588080E-1
-4.573380E-1
-4.543980E-1
-4.514580E-1
-4.499880E-1
-4.470480E-1
-4.441080E-1
-4.411680E-1
-4.382280E-1
-4.338180E-1
-4.294080E-1
-4.235280E-1
-4.191180E-1
-4.147080E-1
-4.102980E-1
-4.088280E-1
-4.073580E-1
-4.058880E-1
-4.058880E-1
-4.073580E-1
-4.073580E-1
-4.073580E-1
-4.058880E-1
-4.044180E-1
-4.029480E-1
-4.014780E-1
-3.985380E-1
-3.970680E-1
-3.955980E-1
-3.941280E-1
-3.941280E-1
-3.955980E-1
-3.985380E-1
-4.029480E-1
-4.073580E-1
-4.132380E-1
-4.191180E-1
-4.249980E-1
-4.308780E-1
-4.338180E-1
-4.352880E-1
-4.367580E-1
-4.352880E-1
-4.352880E-1
-4.338180E-1
-4.323480E-1
-4.308780E-1
-4.294080E-1
-4.279380E-1
-4.264680E-1
-4.249980E-1
-4.235280E-1
-4.220580E-1
-4.220580E-1
-4.205880E-1
-4.220580E-1
-4.235280E-1
-4.249980E-1
-4.279380E-1
-4.308780E-1
-4.323480E-1
-4.323480E-1
-4.323480E-1
-4.294080E-1
-4.249980E-1
-4.191180E-1
-4.117680E-1
-4.058880E-1
-4.000080E-1
-3.955980E-1
-3.926580E-1
-3.926580E-1
-3.926580E-1
-3.941280E-1
-3.970680E-1
-3.985380E-1
-4.000080E-1
-4.014780E-1
-4.014780E-1
-4.014780E-1
-4.000080E-1
-4.000080E-1
-4.000080E-1
-4.000080E-1
-4.000080E-1
-4.029480E-1
-4.058880E-1
-4.102980E-1
-4.147080E-1
-4.220580E-1
-4.279380E-1
-4.352880E-1
-4.426380E-1
-4.485180E-1
-4.529280E-1
-4.543980E-1
-4.543980E-1
-4.514580E-1
-4.470480E-1
-4.426380E-1
-4.367580E-1
-4.338180E-1
-4.308780E-1
-4.294080E-1
-4.294080E-1
-4.323480E-1
-4.352880E-1
-4.396980E-1
-4.441080E-1
-4.485180E-1
-4.529280E-1
-4.573380E-1
-4.602780E-1
-4.646880E-1
-4.676280E-1
-4.720380E-1
-4.749780E-1
-4.793880E-1
-4.837980E-1
-4.882080E-1
-4.911480E-1
-4.926180E-1
-4.940880E-1
-4.911480E-1
-4.882080E-1
-4.823280E-1
-4.764480E-1
-4.705680E-1
-4.646880E-1
-4.588080E-1
-4.558680E-1
-4.529280E-1
-4.514580E-1
-4.499880E-1
-4.499880E-1
-4.485180E-1
-4.485180E-1
-4.455780E-1
-4.441080E-1
-4.396980E-1
-4.352880E-1
-4.294080E-1
-4.235280E-1
-4.176480E-1
-4.102980E-1
-4.044180E-1
-4.000080E-1
-3.970680E-1
-3.970680E-1
-3.970680E-1
-4.000080E-1
-4.029480E-1
-4.088280E-1
-4.147080E-1
-4.220580E-1
-4.308780E-1
-4.396980E-1
-4.485180E-1
-4.573380E-1
-4.661580E-1
-4.720380E-1
-4.779180E-1
-4.823280E-1
-4.852680E-1
-4.852680E-1
-4.852680E-1
-4.852680E-1
-4.837980E-1
-4.823280E-1
-4.837980E-1
-4.867380E-1
-4.940880E-1
-5.043780E-1
-5.190780E-1
-5.381880E-1
-5.602380E-1
-5.852280E-1
-6.116880E-1
-6.410880E-1
-6.719580E-1
-7.013580E-1
-7.322280E-1
-7.616280E-1
-7.910280E-1
-8.204280E-1
-8.483580E-1
-8.762880E-1
-9.056880E-1
-9.321480E-1
-9.600780E-1
-9.865380E-1
-1.011528E+0
-1.033578E+0
-1.055628E+0
-1.073268E+0
-1.087968E+0
-1.098258E+0
-1.104138E+0
-1.107078E+0
-1.105608E+0
-1.102668E+0
-1.098258E+0
-1.093848E+0
-1.090908E+0
-1.089438E+0
-1.092378E+0
-1.096788E+0
-1.102668E+0
-1.111488E+0
-1.120308E+0
-1.129128E+0
-1.137948E+0
-1.146768E+0
-1.154118E+0
-1.161468E+0
-1.167348E+0
-1.173228E+0
-1.177638E+0
-1.180578E+0
-1.183518E+0
-1.183518E+0
-1.184988E+0
-1.183518E+0
-1.183518E+0
-1.182048E+0
-1.180578E+0
-1.180578E+0
-1.179108E+0
-1.179108E+0
-1.180578E+0
-1.182048E+0
-1.184988E+0
-1.189398E+0
-1.193808E+0
-1.199688E+0
-1.205568E+0
-1.211448E+0
-1.217328E+0
-1.220268E+0
-1.223208E+0
-1.226148E+0
-1.227618E+0
-1.229088E+0
-1.232028E+0
-1.234968E+0
-1.237908E+0
-1.240848E+0
-1.243788E+0
-1.246728E+0
-1.248198E+0
-1.249668E+0
-1.249668E+0
-1.251138E+0
-1.252608E+0
-1.254078E+0
-1.255548E+0
-1.257018E+0
-1.255548E+0
-1.254078E+0
-1.251138E+0
-1.245258E+0
-1.239378E+0
-1.233498E+0
-1.226148E+0
-1.221738E+0
-1.217328E+0
-1.217328E+0
-1.218798E+0
-1.223208E+0
-1.230558E+0
-1.239378E+0
-1.246728E+0
-1.255548E+0
-1.261428E+0
-1.267308E+0
-1.271718E+0
-1.273188E+0
-1.274658E+0
-1.276128E+0
-1.277598E+0
-1.280538E+0
-1.283478E+0
-1.287888E+0
-1.292298E+0
-1.296708E+0
-1.301118E+0
-1.304058E+0
-1.306998E+0
-1.308468E+0
-1.309938E+0
-1.311408E+0
-1.314348E+0
-1.317288E+0
-1.321698E+0
-1.324638E+0
-1.327578E+0
-1.329048E+0
-1.329048E+0
-1.329048E+0
-1.326108E+0
-1.323168E+0
-1.318758E+0
-1.315818E+0
-1.312878E+0
-1.311408E+0
-1.311408E+0
-1.312878E+0
-1.317288E+0
-1.321698E+0
-1.327578E+0
-1.334928E+0
-1.343748E+0
-1.351098E+0
-1.359918E+0
-1.368738E+0
-1.379028E+0
-1.389318E+0
-1.399608E+0
-1.409898E+0
-1.418718E+0
-1.427538E+0
-1.434888E+0
-1.440768E+0
-1.445178E+0
-1.448118E+0
-1.451058E+0
-1.452528E+0
-1.453998E+0
-1.456938E+0
-1.458408E+0
-1.459878E+0
-1.461348E+0
-1.461348E+0
-1.461348E+0
-1.459878E+0
-1.456938E+0
-1.453998E+0
-1.451058E+0
-1.446648E+0
-1.442238E+0
-1.439298E+0
-1.436358E+0
-1.434888E+0
-1.434888E+0
-1.437828E+0
-1.440768E+0
-1.445178E+0
-1.449588E+0
-1.453998E+0
-1.458408E+0
-1.461348E+0
-1.462818E+0
-1.464288E+0
-1.465758E+0
-1.468698E+0
-1.471638E+0
-1.476048E+0
-1.481928E+0
-1.487808E+0
-1.493688E+0
-1.499568E+0
-1.503978E+0
-1.506918E+0
-1.508388E+0
-1.509858E+0
-1.509858E+0
-1.511328E+0
-1.512798E+0
-1.515738E+0
-1.518678E+0
-1.523088E+0
-1.527498E+0
-1.531908E+0
-1.533378E+0
-1.533378E+0
-1.531908E+0
-1.528968E+0
-1.524558E+0
-1.520148E+0
-1.515738E+0
-1.514268E+0
-1.514268E+0
-1.515738E+0
-1.520148E+0
-1.524558E+0
-1.531908E+0
-1.537788E+0
-1.546608E+0
-1.553958E+0
-1.562778E+0
-1.571598E+0
-1.581888E+0
-1.590708E+0
-1.599528E+0
-1.606878E+0
-1.612758E+0
-1.617168E+0
-1.617168E+0
-1.617168E+0
-1.617168E+0
-1.617168E+0
-1.618638E+0
-1.621578E+0
-1.625988E+0
-1.631868E+0
-1.637748E+0
-1.645098E+0
-1.650978E+0
-1.656858E+0
-1.659798E+0
-1.662738E+0
-1.665678E+0
-1.667148E+0
-1.670088E+0
-1.670088E+0
-1.670088E+0
-1.668618E+0
-1.665678E+0
-1.661268E+0
-1.653918E+0
-1.645098E+0
-1.634808E+0
-1.624518E+0
-1.614228E+0
-1.605408E+0
-1.598058E+0
-1.593648E+0
-1.589238E+0
-1.587768E+0
-1.589238E+0
-1.592178E+0
-1.598058E+0
-1.606878E+0
-1.614228E+0
-1.623048E+0
-1.631868E+0
-1.637748E+0
-1.642158E+0
-1.645098E+0
-1.645098E+0
-1.643628E+0
-1.643628E+0
-1.643628E+0
-1.646568E+0
-1.652448E+0
-1.662738E+0
-1.675968E+0
-1.693608E+0
-1.712718E+0
-1.733298E+0
-1.753878E+0
-1.772988E+0
-1.789158E+0
-1.800918E+0
-1.809738E+0
-1.814148E+0
-1.814148E+0
-1.812678E+0
-1.808268E+0
-1.805328E+0
-1.800918E+0
-1.799448E+0
-1.799448E+0
-1.802388E+0
-1.806798E+0
-1.814148E+0
-1.822968E+0
-1.833258E+0
-1.845018E+0
-1.856778E+0
-1.868538E+0
-1.877358E+0
-1.886178E+0
-1.890588E+0
-1.893528E+0
-1.892058E+0
-1.889118E+0
-1.881768E+0
-1.874418E+0
-1.865598E+0
-1.855308E+0
-1.845018E+0
-1.833258E+0
-1.822968E+0
-1.812678E+0
-1.802388E+0
-1.793568E+0
-1.784748E+0
-1.777398E+0
-1.772988E+0
-1.770048E+0
-1.768578E+0
-1.768578E+0
-1.771518E+0
-1.774458E+0
-1.780338E+0
-1.787688E+0
-1.796508E+0
-1.805328E+0
-1.814148E+0
-1.820028E+0
-1.825908E+0
-1.828848E+0
-1.828848E+0
-1.828848E+0
-1.825908E+0
-1.824438E+0
-1.822968E+0
-1.822968E+0
-1.822968E+0
-1.824438E+0
-1.825908E+0
-1.824438E+0
-1.822968E+0
-1.818558E+0
-1.815618E+0
-1.811208E+0
-1.809738E+0
-1.809738E+0
-1.814148E+0
-1.822968E+0
-1.834728E+0
-1.850898E+0
-1.870008E+0
-1.889118E+0
-1.909698E+0
-1.927338E+0
-1.943508E+0
-1.955268E+0
-1.965558E+0
-1.971438E+0
-1.974378E+0
-1.975848E+0
-1.975848E+0
-1.975848E+0
-1.974378E+0
-1.974378E+0
-1.972908E+0
-1.971438E+0
-1.969968E+0
-1.968498E+0
-1.965558E+0
-1.961148E+0
-1.958208E+0
-1.955268E+0
-1.950858E+0
-1.947918E+0
-1.946448E+0
-1.944978E+0
-1.943508E+0
-1.944978E+0
-1.946448E+0
-1.952328E+0
-1.958208E+0
-1.968498E+0
-1.981728E+0
-1.994958E+0
-2.009658E+0
-2.024358E+0
-2.037588E+0
-2.047878E+0
-2.055228E+0
-2.059638E+0
-2.061108E+0
-2.059638E+0
-2.059638E+0
-2.059638E+0
-2.061108E+0
-2.064048E+0
-2.071398E+0
-2.080218E+0
-2.090508E+0
-2.102268E+0
-2.112558E+0
-2.122848E+0
-2.130198E+0
-2.133138E+0
-2.134608E+0
-2.131668E+0
-2.127258E+0
-2.121378E+0
-2.114028E+0
-2.106678E+0
-2.100798E+0
-2.094918E+0
-2.091978E+0
-2.089038E+0
-2.089038E+0
-2.089038E+0
-2.090508E+0
-2.094918E+0
-2.099328E+0
-2.106678E+0
-2.114028E+0
-2.122848E+0
-2.130198E+0
-2.137548E+0
-2.141958E+0
-2.146368E+0
-2.147838E+0
-2.147838E+0
-2.147838E+0
-2.146368E+0
-2.146368E+0
-2.146368E+0
-2.149308E+0
-2.152248E+0
-2.156658E+0
-2.162538E+0
-2.168418E+0
-2.174298E+0
-2.180178E+0
-2.184588E+0
-2.187528E+0
-2.190468E+0
-2.190468E+0
-2.191938E+0
-2.190468E+0
-2.190468E+0
-2.187528E+0
-2.184588E+0
-2.180178E+0
-2.174298E+0
-2.166948E+0
-2.158128E+0
-2.149308E+0
-2.140488E+0
-2.133138E+0
-2.125788E+0
-2.119908E+0
-2.115498E+0
-2.112558E+0
-2.109618E+0
-2.109618E+0
-2.109618E+0
-2.114028E+0
-2.119908E+0
-2.130198E+0
-2.141958E+0
-2.155188E+0
-2.169888E+0
-2.186058E+0
-2.202228E+0
-2.218398E+0
-2.233098E+0
-2.247798E+0
-2.263968E+0
-2.278668E+0
-2.293368E+0
-2.306598E+0
-2.319828E+0
-2.330118E+0
-2.335998E+0
-2.338938E+0
-2.338938E+0
-2.334528E+0
-2.327178E+0
-2.319828E+0
-2.309538E+0
-2.300718E+0
-2.293368E+0
-2.286018E+0
-2.281608E+0
-2.278668E+0
-2.275728E+0
-2.275728E+0
-2.275728E+0
-2.277198E+0
-2.278668E+0
-2.280138E+0
-2.281608E+0
-2.284548E+0
-2.284548E+0
-2.286018E+0
-2.286018E+0
-2.284548E+0
-2.284548E+0
-2.283078E+0
-2.281608E+0
-2.281608E+0
-2.283078E+0
-2.286018E+0
-2.290428E+0
-2.294838E+0
-2.300718E+0
-2.306598E+0
-2.312478E+0
-2.318358E+0
-2.321298E+0
-2.322768E+0
-2.321298E+0
-2.316888E+0
-2.309538E+0
-2.302188E+0
-2.293368E+0
-2.284548E+0
-2.277198E+0
-2.272788E+0
-2.272788E+0
-2.274258E+0
-2.281608E+0
-2.290428E+0
-2.303658E+0
-2.321298E+0
-2.338938E+0
-2.359518E+0
-2.380098E+0
-2.402148E+0
-2.421258E+0
-2.440368E+0
-2.456538E+0
-2.469768E+0
-2.478588E+0
-2.485938E+0
-2.491818E+0
-2.494758E+0
-2.497698E+0
-2.500638E+0
-2.505048E+0
-2.509458E+0
-2.512398E+0
-2.516808E+0
-2.518278E+0
-2.516808E+0
-2.513868E+0
-2.506518E+0
-2.494758E+0
-2.482998E+0
-2.469768E+0
-2.455068E+0
-2.444778E+0
-2.435958E+0
-2.430078E+0
-2.427138E+0
-2.427138E+0
-2.428608E+0
-2.433018E+0
-2.438898E+0
-2.444778E+0
-2.452128E+0
-2.459478E+0
-2.468298E+0
-2.477118E+0
-2.484468E+0
-2.490348E+0
-2.494758E+0
-2.496228E+0
-2.493288E+0
-2.488878E+0
-2.480058E+0
-2.471238E+0
-2.460948E+0
-2.450658E+0
-2.441838E+0
-2.433018E+0
-2.428608E+0
-2.427138E+0
-2.428608E+0
-2.433018E+0
-2.441838E+0
-2.453598E+0
-2.469768E+0
-2.487408E+0
-2.507988E+0
-2.528568E+0
-2.549148E+0
-2.568258E+0
-2.585898E+0
-2.602068E+0
-2.615298E+0
-2.625588E+0
-2.634408E+0
-2.641758E+0
-2.647638E+0
-2.653518E+0
-2.657928E+0
-2.660868E+0
-2.665278E+0
-2.668218E+0
-2.672628E+0
-2.675568E+0
-2.679978E+0
-2.682918E+0
-2.684388E+0
-2.685858E+0
-2.684388E+0
-2.681448E+0
-2.675568E+0
-2.669688E+0
-2.660868E+0
-2.653518E+0
-2.644698E+0
-2.635878E+0
-2.627058E+0
-2.619708E+0
-2.613828E+0
-2.610888E+0
-2.609418E+0
-2.610888E+0
-2.613828E+0
-2.618238E+0
-2.624118E+0
-2.628528E+0
-2.631468E+0
-2.631468E+0
-2.627058E+0
-2.621178E+0
-2.613828E+0
-2.605008E+0
-2.596188E+0
-2.590308E+0
-2.585898E+0
-2.585898E+0
-2.588838E+0
-2.596188E+0
-2.605008E+0
-2.616768E+0
-2.631468E+0
-2.646168E+0
-2.662338E+0
-2.678508E+0
-2.694678E+0
-2.707908E+0
-2.721138E+0
-2.732898E+0
-2.741718E+0
-2.749068E+0
-2.754948E+0
-2.759358E+0
-2.763768E+0
-2.766708E+0
-2.771118E+0
-2.775528E+0
-2.781408E+0
-2.788758E+0
-2.794638E+0
-2.801988E+0
-2.806398E+0
-2.809338E+0
-2.810808E+0
-2.807868E+0
-2.803458E+0
-2.796108E+0
-2.785818E+0
-2.774058E+0
-2.763768E+0
-2.753478E+0
-2.743188E+0
-2.734368E+0
-2.727018E+0
-2.721138E+0
-2.715258E+0
-2.709378E+0
-2.702028E+0
-2.696148E+0
-2.690268E+0
-2.685858E+0
-2.682918E+0
-2.681448E+0
-2.684388E+0
-2.690268E+0
-2.699088E+0
-2.709378E+0
-2.721138E+0
-2.735838E+0
-2.750538E+0
-2.766708E+0
-2.781408E+0
-2.796108E+0
-2.810808E+0
-2.822568E+0
-2.831388E+0
-2.837268E+0
-2.843148E+0
-2.846088E+0
-2.849028E+0
-2.851968E+0
-2.856378E+0
-2.860788E+0
-2.863728E+0
-2.868138E+0
-2.871078E+0
-2.871078E+0
-2.868138E+0
-2.865198E+0
-2.859318E+0
-2.853438E+0
-2.849028E+0
-2.847558E+0
-2.850498E+0
-2.856378E+0
-2.866668E+0
-2.878428E+0
-2.891658E+0
-2.906358E+0
-2.918118E+0
-2.926938E+0
-2.932818E+0
-2.934288E+0
-2.932818E+0
-2.928408E+0
-2.921058E+0
-2.910768E+0
-2.899008E+0
-2.887248E+0
-2.874018E+0
-2.860788E+0
-2.847558E+0
-2.837268E+0
-2.828448E+0
-2.822568E+0
-2.816688E+0
-2.812278E+0
-2.806398E+0
-2.796108E+0
-2.775528E+0
-2.747598E+0
-2.712318E+0
-2.671158E+0
-2.594718E+0
-2.466828E+0
-2.311008E+0
-2.168418E+0
-2.050818E+0
-1.956738E+0
-1.886178E+0
-1.831788E+0
-1.796508E+0
-1.787688E+0
-1.818558E+0
-1.892058E+0
-2.006718E+0
-2.162538E+0
-2.363928E+0
-2.600598E+0
-2.857848E+0
-3.120978E+0
-3.391458E+0
-3.676638E+0
-3.991218E+0
-4.333728E+0
-4.693878E+0
-5.070198E+0
-5.468568E+0
-5.888988E+0
-6.331458E+0
-6.784218E+0
-7.241388E+0
-7.686798E+0
-8.102808E+0
-8.479128E+0
-8.821638E+0
-9.137688E+0
-9.428748E+0
-9.713928E+0
-1.001381E+1
-1.034309E+1
-1.071206E+1
-1.110749E+1
-1.141913E+1
-1.165433E+1
-1.171607E+1
-1.159259E+1
-1.128389E+1
-1.092374E+1
-1.057535E+1
-1.027694E+1
-1.005791E+1
-9.955008E+0
-9.984408E+0
-1.014905E+1
-1.051949E+1
-1.115747E+1
-1.234082E+1
-1.610843E+1
-2.088005E+1
-2.088005E+1
-2.088005E+1
-2.088005E+1
-2.088005E+1
-2.088005E+1
-2.088005E+1
-2.088005E+1
-2.088005E+1
-2.088005E+1
-2.088005E+1
-2.088005E+1
-2.088005E+1
-2.088005E+1
-2.088005E+1
-2.088005E+1
-2.088005E+1
-2.088005E+1
-2.088005E+1
-2.088005E+1
-2.088005E+1
-2.088005E+1
-2.088005E+1
-2.088005E+1
-2.088005E+1
-2.088005E+1
-2.088005E+1
-2.088005E+1
-2.088005E+1
-2.088005E+1
-2.088005E+1
-1.397840E+1
-1.225850E+1
-1.133681E+1
-1.075322E+1
-1.037690E+1
-1.016375E+1
-1.007261E+1
-1.010201E+1
-1.024313E+1
-1.048274E+1
-1.083554E+1
-1.131035E+1
-1.188218E+1
-1.251869E+1
-1.309787E+1
-1.342274E+1
-1.322135E+1
-1.266275E+1
-1.195274E+1
-1.125743E+1
-1.071206E+1
-1.025930E+1
-9.941778E+0
-9.713928E+0
-9.590448E+0
-9.543408E+0
-9.578688E+0
-9.663948E+0
-9.791838E+0
-9.955008E+0
-1.013288E+1
-1.027694E+1
-1.037690E+1
-1.037690E+1
-1.030928E+1
-1.016375E+1
-9.955008E+0
-9.752148E+0
-9.566928E+0
-9.418458E+0
-9.342018E+0
-9.330258E+0
-9.406698E+0
-9.555168E+0
-9.778608E+0
-1.008731E+1
-1.048274E+1
-1.096784E+1
-1.162346E+1
-1.256573E+1
-1.437383E+1
-2.088005E+1
-2.088005E+1
-2.088005E+1
-2.088005E+1
-2.088005E+1
-2.088005E+1
-2.088005E+1
-2.088005E+1
-2.088005E+1
-2.088005E+1
-2.088005E+1
-2.088005E+1
-2.088005E+1
-2.088005E+1
-2.088005E+1
-2.088005E+1
-1.213796E+1
-1.069148E+1
-9.913848E+0
-9.418458E+0
-9.108288E+0
-8.924538E+0
-8.837808E+0
-8.828988E+0
-8.889258E+0
-9.005388E+0
-9.156798E+0
-9.352308E+0
-9.566928E+0
-9.765378E+0
-9.927078E+0
-1.002851E+1
-1.004321E+1
-1.001381E+1
-9.927078E+0
-9.831528E+0
-9.765378E+0
-9.738918E+0
-9.778608E+0
-9.872688E+0
-9.999108E+0
-1.017992E+1
-1.037690E+1
-1.057535E+1
-1.071206E+1
-1.079438E+1
-1.083554E+1
-1.085759E+1
-1.085759E+1
-1.087964E+1
-1.090169E+1
-1.092374E+1
-1.090169E+1
-1.083554E+1
-1.067237E+1
-1.044746E+1
-1.017992E+1
-9.927078E+0
-9.675708E+0
-9.484608E+0
-9.352308E+0
-9.289098E+0
-9.299388E+0
-9.362598E+0
-9.484608E+0
-9.663948E+0
-9.899148E+0
-1.017992E+1
-1.048274E+1
-1.079438E+1
-1.110749E+1
-1.139120E+1
-1.162346E+1
-1.181456E+1
-1.198802E+1
-1.217765E+1
-1.234082E+1
-1.256573E+1
-1.281563E+1
-1.309787E+1
-1.342274E+1
-1.380494E+1
-1.416803E+1
-1.460315E+1
-1.548368E+1
-1.786949E+1
-2.088005E+1
-2.088005E+1
-2.088005E+1
-2.088005E+1
-2.088005E+1
-2.088005E+1
-2.088005E+1
-2.088005E+1
-2.088005E+1
-2.088005E+1
-2.088005E+1
-2.088005E+1
-2.088005E+1
-2.088005E+1
-2.088005E+1
-2.088005E+1
-2.088005E+1
-1.426799E+1
-1.213796E+1
-1.118099E+1
-1.065326E+1
-1.037690E+1
-1.022696E+1
-1.019609E+1
-1.025930E+1
-1.041218E+1
-1.067237E+1
-1.103693E+1
-1.156319E+1
-1.229966E+1
-1.349330E+1
-1.698896E+1
-2.088005E+1
-2.088005E+1
-2.088005E+1
-2.088005E+1
-2.088005E+1
-2.088005E+1
-2.088005E+1
-2.088005E+1
-2.088005E+1
-2.088005E+1
-2.088005E+1
-2.088005E+1
-2.088005E+1
-2.088005E+1
-1.460315E+1
-1.349330E+1
-1.315961E+1
-1.335365E+1
-1.407101E+1
-1.587911E+1
-2.088005E+1
-2.088005E+1
-2.088005E+1
-2.088005E+1
-2.088005E+1
-2.088005E+1
-2.088005E+1
-2.088005E+1
-2.088005E+1
-2.088005E+1
-2.088005E+1
-2.088005E+1
-2.088005E+1
-2.088005E+1
-2.088005E+1
-2.088005E+1
-2.088005E+1
-2.088005E+1
-2.088005E+1
-2.088005E+1
-2.088005E+1
-2.088005E+1
-2.088005E+1
-2.088005E+1
-2.088005E+1
-2.088005E+1
-2.088005E+1
-2.088005E+1
-2.088005E+1
-2.088005E+1
-2.088005E+1
-2.088005E+1
-2.088005E+1
-2.088005E+1
-2.088005E+1
-2.088005E+1
-2.088005E+1
-2.088005E+1
-2.088005E+1
-2.088005E+1
-2.088005E+1
-2.088005E+1
-1.786949E+1
-1.587911E+1
-1.485893E+1
-1.448555E+1
-1.426799E+1
-1.426799E+1
-1.460315E+1
-1.567331E+1
-2.088005E+1
-2.088005E+1
-2.088005E+1
-2.088005E+1
-2.088005E+1
-2.088005E+1
-2.088005E+1
-2.088005E+1
-2.088005E+1
-2.088005E+1
-1.665380E+1
-1.309787E+1
-1.171607E+1
-1.085759E+1
-1.022696E+1
-9.738918E+0
-9.362598E+0
-9.050958E+0
-8.803998E+0
-8.627598E+0
-8.508528E+0
-8.464428E+0
-8.479128E+0
-8.567328E+0
-8.730498E+0
-8.977458E+0
-9.319968E+0
-9.791838E+0
-1.042982E+1
-1.139120E+1
-1.315961E+1
-2.088005E+1
-2.088005E+1
-2.088005E+1
-2.088005E+1
-2.088005E+1
-2.088005E+1
-2.088005E+1
-2.088005E+1
-2.088005E+1
-2.088005E+1
-2.088005E+1
-2.088005E+1
-2.088005E+1
-2.088005E+1
-2.088005E+1
-2.088005E+1
-2.088005E+1
-2.088005E+1
-2.088005E+1
-2.088005E+1
-1.567331E+1
-1.380494E+1
-1.276271E+1
-1.213796E+1
-1.168520E+1
-1.141913E+1
-1.131035E+1
-1.125743E+1
-1.131035E+1
-1.147499E+1
-1.174841E+1
-1.209974E+1
-1.256573E+1
-1.315961E+1
-1.397840E+1
-1.514852E+1
-1.698896E+1
-2.088005E+1
-2.088005E+1
-2.088005E+1
-2.088005E+1
-2.088005E+1
-2.088005E+1
-2.088005E+1
-2.088005E+1
-2.088005E+1
-2.088005E+1
-2.088005E+1
-2.088005E+1
-2.088005E+1
-2.088005E+1
-2.088005E+1
-1.499858E+1
-1.286855E+1
-1.213796E+1
-1.195274E+1
-1.217765E+1
-1.298027E+1
-1.567331E+1
-2.088005E+1
-2.088005E+1
-2.088005E+1
-2.088005E+1
-2.088005E+1
-2.088005E+1
-2.088005E+1
-2.088005E+1
-2.088005E+1
-2.088005E+1
-2.088005E+1
-2.088005E+1
-2.088005E+1
-2.088005E+1
-2.088005E+1
-2.088005E+1
-2.088005E+1
-2.088005E+1
-2.088005E+1
-2.088005E+1
-2.088005E+1
-2.088005E+1
-2.088005E+1
-2.088005E+1
-2.088005E+1
-1.849424E+1
-1.448555E+1
-1.349330E+1
-1.309787E+1
-1.303907E+1
-1.322135E+1
-1.364324E+1
-1.472663E+1
-1.937477E+1
-2.088005E+1
-2.088005E+1
-2.088005E+1
-2.088005E+1
-2.088005E+1
-2.088005E+1
-2.088005E+1
-2.088005E+1
-2.088005E+1
-2.088005E+1
-2.088005E+1
-2.088005E+1
-2.088005E+1
-1.937477E+1
-1.372262E+1
-1.271273E+1
-1.242902E+1
-1.271273E+1
-1.364324E+1
-1.738439E+1
-2.088005E+1
-2.088005E+1
-2.088005E+1
-2.088005E+1
-2.088005E+1
-2.088005E+1
-2.088005E+1
-2.088005E+1
-2.088005E+1
-2.088005E+1
-2.088005E+1
-2.088005E+1
-2.088005E+1
-2.088005E+1
-2.088005E+1
-2.088005E+1
-2.088005E+1
-2.088005E+1
-2.088005E+1
-2.088005E+1
-2.088005E+1
-2.088005E+1
-2.088005E+1
-2.088005E+1
-2.088005E+1
-2.088005E+1
-2.088005E+1
-2.088005E+1
-2.088005E+1
-2.088005E+1
-2.088005E+1
-2.088005E+1
-2.088005E+1
-2.088005E+1
-2.088005E+1
-2.088005E+1
-2.088005E+1
-1.389020E+1
-1.225850E+1
-1.153379E+1
-1.118099E+1
-1.108397E+1
-1.123244E+1
-1.165433E+1
-1.251869E+1
-1.485893E+1
-2.088005E+1
-2.088005E+1
-2.088005E+1
-2.088005E+1
-2.088005E+1
-2.088005E+1
-2.088005E+1
-2.088005E+1
-2.088005E+1
-2.088005E+1
-2.088005E+1
-2.088005E+1
-2.088005E+1
-2.088005E+1
-2.088005E+1
-2.088005E+1
-2.088005E+1
-2.088005E+1
-2.088005E+1
-2.088005E+1
-2.088005E+1
-2.088005E+1
-2.088005E+1
-2.088005E+1
-2.088005E+1
-2.088005E+1
-2.088005E+1
-2.088005E+1
-2.088005E+1
-2.088005E+1
-2.088005E+1
-2.088005E+1
-2.088005E+1
-2.088005E+1
-2.088005E+1
-2.088005E+1
-2.088005E+1
-2.088005E+1
-2.088005E+1
-2.088005E+1
-2.088005E+1
-2.088005E+1
-2.088005E+1
-2.088005E+1
-2.088005E+1
-1.665380E+1
-1.342274E+1
-1.247312E+1
-1.206152E+1
-1.191746E+1
-1.184837E+1
-1.178222E+1
-1.162346E+1
-1.131035E+1
-1.092374E+1
-1.048274E+1
-1.010201E+1
-9.805068E+0
-9.627198E+0
-9.555168E+0
-9.578688E+0
-9.727158E+0
-9.969708E+0
-1.029311E+1
-1.065326E+1
-1.101341E+1
-1.131035E+1
-1.153379E+1
-1.168520E+1
-1.181456E+1
-1.198802E+1
-1.225850E+1
-1.271273E+1
-1.349330E+1
-1.472663E+1
-1.738439E+1
-2.088005E+1
-2.088005E+1
-2.088005E+1
-2.088005E+1
-2.088005E+1
-2.088005E+1
-2.088005E+1
-2.088005E+1
-2.088005E+1
-2.088005E+1
-2.088005E+1
-2.088005E+1
-2.088005E+1
-2.088005E+1
-2.088005E+1
-2.088005E+1
-2.088005E+1
-2.088005E+1
-2.088005E+1
-2.088005E+1
-2.088005E+1
-2.088005E+1
-2.088005E+1
-2.088005E+1
-2.088005E+1
-2.088005E+1
-2.088005E+1
-2.088005E+1
-2.088005E+1
-2.088005E+1
-2.088005E+1
-2.088005E+1
-2.088005E+1
-2.088005E+1
-2.088005E+1
-1.315961E+1
-1.188218E+1
-1.136327E+1
-1.123244E+1
-1.133681E+1
-1.165433E+1
-1.221734E+1
-1.315961E+1
-1.472663E+1
-1.937477E+1
-2.088005E+1
-2.088005E+1
-2.088005E+1
-2.088005E+1
-1.636421E+1
-1.416803E+1
-1.303907E+1
-1.234082E+1
-1.195274E+1
-1.171607E+1
-1.162346E+1
-1.165433E+1
-1.174841E+1
-1.195274E+1
-1.217765E+1
-1.247312E+1
-1.276271E+1
-1.298027E+1
-1.322135E+1
-1.335365E+1
-1.328750E+1
-1.315961E+1
-1.298027E+1
-1.271273E+1
-1.242902E+1
-1.213796E+1
-1.184837E+1
-1.162346E+1
-1.141913E+1
-1.123244E+1
-1.108397E+1
-1.096784E+1
-1.087964E+1
-1.083554E+1
-1.083554E+1
-1.085759E+1
-1.092374E+1
-1.098989E+1
-1.113248E+1
-1.131035E+1
-1.159259E+1
-1.191746E+1
-1.242902E+1
-1.322135E+1
-1.460315E+1
-2.088005E+1
-2.088005E+1
-2.088005E+1
-2.088005E+1
-2.088005E+1
-2.088005E+1
-2.088005E+1
-2.088005E+1
-2.088005E+1
-2.088005E+1
-2.088005E+1
-2.088005E+1
-2.088005E+1
-2.088005E+1
-2.088005E+1
-2.088005E+1
-2.088005E+1
-2.088005E+1
-2.088005E+1
-2.088005E+1
-2.088005E+1
-2.088005E+1
-2.088005E+1
-2.088005E+1
-2.088005E+1
-2.088005E+1
-2.088005E+1
-2.088005E+1
-2.088005E+1
-2.088005E+1
-2.088005E+1
-2.088005E+1
-2.088005E+1
-2.088005E+1
-2.088005E+1
-2.088005E+1
-2.088005E+1
-2.088005E+1
-2.088005E+1
-2.088005E+1
-2.088005E+1
-1.437383E+1
-1.266275E+1
-1.171607E+1
-1.108397E+1
-1.071206E+1
-1.051949E+1
-1.050185E+1
-1.059446E+1
-1.083554E+1
-1.118099E+1
-1.165433E+1
-1.213796E+1
-1.256573E+1
-1.281563E+1
-1.281563E+1
-1.261277E+1
-1.238492E+1
-1.213796E+1
-1.202477E+1
-1.198802E+1
-1.213796E+1
-1.234082E+1
-1.266275E+1
-1.303907E+1
-1.342274E+1
-1.372262E+1
-1.380494E+1
-1.364324E+1
-1.328750E+1
-1.286855E+1
-1.238492E+1
-1.188218E+1
-1.141913E+1
-1.098989E+1
-1.061357E+1
-1.027694E+1
-9.955008E+0
-9.688938E+0
-9.474318E+0
-9.299388E+0
-9.167088E+0
-9.089178E+0
-9.080358E+0
-9.127398E+0
-9.247938E+0
-9.428748E+0
-9.702168E+0
-1.005791E+1
-1.053860E+1
-1.115747E+1
-1.195274E+1
-1.309787E+1
-1.485893E+1
-2.088005E+1
-2.088005E+1
-2.088005E+1
-2.088005E+1
-1.698896E+1
-1.407101E+1
-1.271273E+1
-1.178222E+1
-1.113248E+1
-1.065326E+1
-1.034309E+1
-1.013288E+1
-9.999108E+0
-9.969708E+0
-9.999108E+0
-1.011818E+1
-1.032692E+1
-1.059446E+1
-1.094579E+1
-1.136327E+1
-1.184837E+1
-1.238492E+1
-1.286855E+1
-1.328750E+1
-1.335365E+1
-1.309787E+1
-1.266275E+1
-1.217765E+1
-1.171607E+1
-1.131035E+1
-1.096784E+1
-1.071206E+1
-1.050185E+1
-1.032692E+1
-1.019609E+1
-1.007261E+1
-9.984408E+0
-9.899148E+0
-9.844758E+0
-9.778608E+0
-9.738918E+0
-9.702168E+0
-9.688938E+0
-9.675708E+0
-9.702168E+0
-9.752148E+0
-9.857988E+0
-9.999108E+0
-1.022696E+1
-1.055624E+1
-1.101341E+1
-1.168520E+1
-1.266275E+1
-1.448555E+1
-2.088005E+1
-2.088005E+1
-2.088005E+1
-2.088005E+1
-2.088005E+1
-2.088005E+1
-2.088005E+1
-2.088005E+1
-2.088005E+1
-2.088005E+1
-1.531022E+1
-1.356680E+1
-1.261277E+1
-1.202477E+1
-1.156319E+1
-1.125743E+1
-1.106045E+1
-1.098989E+1
-1.101341E+1
-1.115747E+1
-1.144706E+1
-1.191746E+1
-1.266275E+1
-1.397840E+1
-1.786949E+1
-2.088005E+1
-2.088005E+1
-2.088005E+1
-2.088005E+1
-2.088005E+1
-2.088005E+1
-2.088005E+1
-2.088005E+1
-2.088005E+1
-2.088005E+1
-2.088005E+1
-1.738439E+1
-1.472663E+1
-1.372262E+1
-1.315961E+1
-1.266275E+1
-1.213796E+1
-1.153379E+1
-1.087964E+1
-1.022696E+1
-9.627198E+0
-9.099468E+0
-8.658468E+0
-8.299788E+0
-8.026368E+0
-7.836738E+0
-7.726488E+0
-7.691208E+0
-7.722078E+0
-7.820568E+0
-7.969038E+0
-8.170428E+0
-8.401218E+0
-8.667288E+0
-8.950998E+0
-9.237648E+0
-9.531648E+0
-9.805068E+0
-1.004321E+1
-1.024313E+1
-1.037690E+1
-1.042982E+1
-1.042982E+1
-1.039454E+1
-1.032692E+1
-1.025930E+1
-1.021079E+1
-1.021079E+1
-1.025930E+1
-1.034309E+1
-1.046510E+1
-1.067237E+1
-1.096784E+1
-1.136327E+1
-1.188218E+1
-1.266275E+1
-1.416803E+1
-2.088005E+1
-2.088005E+1
-2.088005E+1
-2.088005E+1
-2.088005E+1
-2.088005E+1
-2.088005E+1
-2.088005E+1
-2.088005E+1
-2.088005E+1
-2.088005E+1
-2.088005E+1
-2.088005E+1
-2.088005E+1
-2.088005E+1
-2.088005E+1
-2.088005E+1
-2.088005E+1
-1.372262E+1
-1.217765E+1
-1.141913E+1
-1.101341E+1
-1.075322E+1
-1.057535E+1
-1.044746E+1
-1.037690E+1
-1.032692E+1
-1.030928E+1
-1.032692E+1
-1.034309E+1
-1.039454E+1
-1.042982E+1
-1.044746E+1
-1.042982E+1
-1.037690E+1
-1.029311E+1
-1.021079E+1
-1.016375E+1
-1.017992E+1
-1.029311E+1
-1.051949E+1
-1.090169E+1
-1.153379E+1
-1.256573E+1
-1.514852E+1
-2.088005E+1
-2.088005E+1
-2.088005E+1
-2.088005E+1
-2.088005E+1
-2.088005E+1
-2.088005E+1
-2.088005E+1
-2.088005E+1
-2.088005E+1
-2.088005E+1
-2.088005E+1
-2.088005E+1
-2.088005E+1
-2.088005E+1
-2.088005E+1
-2.088005E+1
-2.088005E+1
-2.088005E+1
-2.088005E+1
-2.088005E+1
-2.088005E+1
-2.088005E+1
-2.088005E+1
-2.088005E+1
-2.088005E+1
-2.088005E+1
-2.088005E+1
-2.088005E+1
-2.088005E+1
-2.088005E+1
-2.088005E+1
-2.088005E+1
-2.088005E+1
-2.088005E+1
-2.088005E+1
-2.088005E+1
-2.088005E+1
-2.088005E+1
-2.088005E+1
-2.088005E+1
-2.088005E+1
-2.088005E+1
-2.088005E+1
-2.088005E+1
-1.499858E+1
-1.380494E+1
-1.303907E+1
-1.251869E+1
-1.213796E+1
-1.184837E+1
-1.162346E+1
-1.141913E+1
-1.125743E+1
-1.106045E+1
-1.087964E+1
-1.063268E+1
-1.037690E+1
-1.011818E+1
-9.857988E+0
-9.615438E+0
-9.396408E+0
-9.217068E+0
-9.089178E+0
-9.014208E+0
-8.996568E+0
-9.050958E+0
-9.206778E+0
-9.462558E+0
-9.872688E+0
-1.048274E+1
-1.144706E+1
-1.328750E+1
-2.088005E+1
-2.088005E+1
-2.088005E+1
-2.088005E+1
-2.088005E+1
-2.088005E+1
-2.088005E+1
-2.088005E+1
-2.088005E+1
-2.088005E+1
-2.088005E+1
-2.088005E+1
-2.088005E+1
-2.088005E+1
-2.088005E+1
-2.088005E+1
-2.088005E+1
-2.088005E+1
-2.088005E+1
-2.088005E+1
-2.088005E+1
-2.088005E+1
-2.088005E+1
-2.088005E+1
-2.088005E+1
-2.088005E+1
-2.088005E+1
-2.088005E+1
-2.088005E+1
-2.088005E+1
-2.088005E+1
-2.088005E+1
-2.088005E+1
-2.088005E+1
-2.088005E+1
-2.088005E+1
-2.088005E+1
-2.088005E+1
-2.088005E+1
-2.088005E+1
-2.088005E+1
-2.088005E+1
-2.088005E+1
-2.088005E+1
-2.088005E+1
-2.088005E+1
-1.636421E+1
-1.472663E+1
-1.364324E+1
-1.303907E+1
-1.261277E+1
-1.238492E+1
-1.229966E+1
-1.221734E+1
-1.213796E+1
-1.202477E+1
-1.184837E+1
-1.162346E+1
-1.139120E+1
-1.118099E+1
-1.101341E+1
-1.092374E+1
-1.096784E+1
-1.115747E+1
-1.150439E+1
-1.202477E+1
-1.292441E+1
-1.460315E+1
-2.088005E+1
-2.088005E+1
-2.088005E+1
-2.088005E+1
-2.088005E+1
-2.088005E+1
-2.088005E+1
-2.088005E+1
-2.088005E+1
-2.088005E+1
-2.088005E+1
-2.088005E+1
-2.088005E+1
-2.088005E+1
-2.088005E+1
-2.088005E+1
-2.088005E+1
-2.088005E+1
-2.088005E+1
-2.088005E+1
-2.088005E+1
-2.088005E+1
-2.088005E+1
-2.088005E+1
-2.088005E+1
-2.088005E+1
-2.088005E+1
-2.088005E+1
-2.088005E+1
-2.088005E+1
-2.088005E+1
-2.088005E+1
-2.088005E+1
-2.088005E+1
-2.088005E+1
-2.088005E+1
-2.088005E+1
-2.088005E+1
-2.088005E+1
-2.088005E+1
-2.088005E+1
-2.088005E+1
-2.088005E+1
-2.088005E+1
-2.088005E+1
-2.088005E+1
-2.088005E+1
-2.088005E+1
-2.088005E+1
-2.088005E+1
-2.088005E+1
-2.088005E+1
-2.088005E+1
-2.088005E+1
-1.499858E+1
-1.276271E+1
-1.181456E+1
-1.133681E+1
-1.113248E+1
-1.113248E+1
-1.136327E+1
-1.181456E+1
-1.251869E+1
-1.349330E+1
-1.472663E+1
-1.610843E+1
-1.665380E+1
-1.610843E+1
-1.514852E+1
-1.437383E+1
-1.389020E+1
-1.380494E+1
-1.416803E+1
-1.514852E+1
-1.937477E+1
-2.088005E+1
-2.088005E+1
-2.088005E+1
-2.088005E+1
-2.088005E+1
-2.088005E+1
-1.937477E+1
-1.356680E+1
-1.206152E+1
-1.123244E+1
-1.077380E+1
-1.059446E+1
-1.067237E+1
-1.103693E+1
-1.191746E+1
-1.416803E+1
-2.088005E+1
-2.088005E+1
-2.088005E+1
-2.088005E+1
-2.088005E+1
-2.088005E+1
-2.088005E+1
-2.088005E+1
-2.088005E+1
-2.088005E+1
-2.088005E+1
-2.088005E+1
-2.088005E+1
-2.088005E+1
-2.088005E+1
-2.088005E+1
-2.088005E+1
-2.088005E+1
-1.786949E+1
-1.610843E+1
-1.514852E+1
-1.485893E+1
-1.514852E+1
-1.587911E+1
-2.088005E+1
-2.088005E+1
-2.088005E+1
-2.088005E+1
-2.088005E+1
-2.088005E+1
-2.088005E+1
-2.088005E+1
-1.426799E+1
-1.238492E+1
-1.133681E+1
-1.065326E+1
-1.021079E+1
-9.955008E+0
-9.831528E+0
-9.857988E+0
-1.004321E+1
-1.037690E+1
-1.092374E+1
-1.171607E+1
-1.298027E+1
-1.531022E+1
-2.088005E+1
-2.088005E+1
-2.088005E+1
-2.088005E+1
-1.485893E+1
-1.286855E+1
-1.165433E+1
-1.083554E+1
-1.024313E+1
-9.778608E+0
-9.440508E+0
-9.186198E+0
-9.033318E+0
-8.942178E+0
-8.933358E+0
-9.014208E+0
-9.177378E+0
-9.440508E+0
-9.805068E+0
-1.032692E+1
-1.103693E+1
-1.206152E+1
-1.372262E+1
-2.088005E+1
-2.088005E+1
-2.088005E+1
-2.088005E+1
-2.088005E+1
-2.088005E+1
-2.088005E+1
-2.088005E+1
-2.088005E+1
-2.088005E+1
-2.088005E+1
-2.088005E+1
-2.088005E+1
-2.088005E+1
-2.088005E+1
-2.088005E+1
-2.088005E+1
-2.088005E+1
-2.088005E+1
-2.088005E+1
-2.088005E+1
-1.426799E+1
-1.276271E+1
-1.188218E+1
-1.125743E+1
-1.077380E+1
-1.041218E+1
-1.016375E+1
-9.999108E+0
-9.941778E+0
-1.001381E+1
-1.024313E+1
-1.067237E+1
-1.144706E+1
-1.309787E+1
-2.088005E+1
-2.088005E+1
-2.088005E+1
-2.088005E+1
-2.088005E+1
-2.088005E+1
-2.088005E+1
-2.088005E+1
-2.088005E+1
-2.088005E+1
-2.088005E+1
-2.088005E+1
-2.088005E+1
-2.088005E+1
-2.088005E+1
-2.088005E+1
-2.088005E+1
-2.088005E+1
-2.088005E+1
-2.088005E+1
-2.088005E+1
-2.088005E+1
-2.088005E+1
-2.088005E+1
-2.088005E+1
-2.088005E+1
-2.088005E+1
-2.088005E+1
-2.088005E+1
-2.088005E+1
-2.088005E+1
-2.088005E+1
-1.738439E+1
-1.610843E+1
-1.665380E+1
-1.849424E+1
-2.088005E+1
-2.088005E+1
-2.088005E+1
-2.088005E+1
-2.088005E+1
-1.636421E+1
-1.499858E+1
-1.448555E+1
-1.448555E+1
-1.548368E+1
-2.088005E+1
-2.088005E+1
-2.088005E+1
-2.088005E+1
-2.088005E+1
-2.088005E+1
-2.088005E+1
-2.088005E+1
-2.088005E+1
-2.088005E+1
-2.088005E+1
-2.088005E+1
-2.088005E+1
-2.088005E+1
-2.088005E+1
-2.088005E+1
-2.088005E+1
-2.088005E+1
-1.328750E+1
-1.156319E+1
-1.079438E+1
-1.037690E+1
-1.016375E+1
-1.008731E+1
-1.008731E+1
-1.013288E+1
-1.017992E+1
-1.021079E+1
-1.025930E+1
-1.034309E+1
-1.050185E+1
-1.077380E+1
-1.120745E+1
-1.184837E+1
-1.292441E+1
-1.499858E+1
-2.088005E+1
-2.088005E+1
-2.088005E+1
-2.088005E+1
-2.088005E+1
-2.088005E+1
-2.088005E+1
-2.088005E+1
-1.610843E+1
-1.372262E+1
-1.225850E+1
-1.123244E+1
-1.042982E+1
-9.805068E+0
-9.319968E+0
-8.968638E+0
-8.754018E+0
-8.667288E+0
-8.705508E+0
-8.862798E+0
-9.167088E+0
-9.627198E+0
-1.030928E+1
-1.136327E+1
-1.335365E+1
-2.088005E+1
-2.088005E+1
-2.088005E+1
-2.088005E+1
-2.088005E+1
-2.088005E+1
-2.088005E+1
-2.088005E+1
-2.088005E+1
-2.088005E+1
-2.088005E+1
-2.088005E+1
-2.088005E+1
-2.088005E+1
-2.088005E+1
-2.088005E+1
-2.088005E+1
-2.088005E+1
-2.088005E+1
-2.088005E+1
-1.738439E+1
-1.567331E+1
-1.531022E+1
-1.531022E+1
-1.548368E+1
-1.567331E+1
-1.548368E+1
-1.472663E+1
-1.389020E+1
-1.309787E+1
-1.238492E+1
-1.181456E+1
-1.136327E+1
-1.108397E+1
-1.094579E+1
-1.096784E+1
-1.120745E+1
-1.165433E+1
-1.251869E+1
-1.426799E+1
-2.088005E+1
-2.088005E+1
-2.088005E+1
-2.088005E+1
-2.088005E+1
-2.088005E+1
-2.088005E+1
-1.587911E+1
-1.335365E+1
-1.234082E+1
-1.181456E+1
-1.159259E+1
-1.165433E+1
-1.206152E+1
-1.298027E+1
-1.567331E+1
-2.088005E+1
-2.088005E+1
-2.088005E+1
-2.088005E+1
-2.088005E+1
-2.088005E+1
-2.088005E+1
-2.088005E+1
-1.786949E+1
-1.266275E+1
-1.125743E+1
-1.050185E+1
-1.002851E+1
-9.738918E+0
-9.602208E+0
-9.590448E+0
-9.688938E+0
-9.899148E+0
-1.022696E+1
-1.069148E+1
-1.136327E+1
-1.238492E+1
-1.448555E+1
-2.088005E+1
-2.088005E+1
-2.088005E+1
-2.088005E+1
-2.088005E+1
-2.088005E+1
-2.088005E+1
-2.088005E+1
-2.088005E+1
-2.088005E+1
-2.088005E+1
-2.088005E+1
-2.088005E+1
-2.088005E+1
-2.088005E+1
-2.088005E+1
-2.088005E+1
-2.088005E+1
-2.088005E+1
-1.472663E+1
-1.266275E+1
-1.159259E+1
-1.096784E+1
-1.057535E+1
-1.034309E+1
-1.025930E+1
-1.029311E+1
-1.044746E+1
-1.073264E+1
-1.115747E+1
-1.181456E+1
-1.281563E+1
-1.485893E+1
-2.088005E+1
-2.088005E+1
-2.088005E+1
-2.088005E+1
-2.088005E+1
-2.088005E+1
-2.088005E+1
-2.088005E+1
-2.088005E+1
-2.088005E+1
-2.088005E+1
-2.088005E+1
-2.088005E+1
-2.088005E+1
-2.088005E+1
-2.088005E+1
-2.088005E+1
-2.088005E+1
-2.088005E+1
-2.088005E+1
-2.088005E+1
-2.088005E+1
-2.088005E+1
-2.088005E+1
-2.088005E+1
-2.088005E+1
-2.088005E+1
-2.088005E+1
-2.088005E+1
-2.088005E+1
-2.088005E+1
-2.088005E+1
-2.088005E+1
-2.088005E+1
-2.088005E+1
-2.088005E+1
-2.088005E+1
-2.088005E+1
-2.088005E+1
-2.088005E+1
-2.088005E+1
-2.088005E+1
-1.426799E+1
-1.238492E+1
-1.128389E+1
-1.051949E+1
-9.899148E+0
-9.406698E+0
-9.014208E+0
-8.698158E+0
-8.464428E+0
-8.299788E+0
-8.202768E+0
-8.189538E+0
-8.240988E+0
-8.373288E+0
-8.589378E+0
-8.906898E+0
-9.352308E+0
-9.984408E+0
-1.094579E+1
-1.276271E+1
-2.088005E+1
-2.088005E+1
-2.088005E+1
-2.088005E+1
-2.088005E+1
-2.088005E+1
-2.088005E+1
-2.088005E+1
-2.088005E+1
-2.088005E+1
-2.088005E+1
-2.088005E+1
-2.088005E+1
-2.088005E+1
-1.407101E+1
-1.298027E+1
-1.247312E+1
-1.221734E+1
-1.213796E+1
-1.202477E+1
-1.191746E+1
-1.178222E+1
-1.153379E+1
-1.125743E+1
-1.096784E+1
-1.067237E+1
-1.037690E+1
-1.008731E+1
-9.818298E+0
-9.543408E+0
-9.289098E+0
-9.050958E+0
-8.837808E+0
-8.658468E+0
-8.537928E+0
-8.464428E+0
-8.457078E+0
-8.530578E+0
-8.681988E+0
-8.942178E+0
-9.319968E+0
-9.831528E+0
-1.055624E+1
-1.159259E+1
-1.328750E+1
-1.937477E+1
-2.088005E+1
-2.088005E+1
-2.088005E+1
-2.088005E+1
-2.088005E+1
-2.088005E+1
-2.088005E+1
-2.088005E+1
-2.088005E+1
-2.088005E+1
-2.088005E+1
-2.088005E+1
-2.088005E+1
-2.088005E+1
-2.088005E+1
-2.088005E+1
-2.088005E+1
-2.088005E+1
-2.088005E+1
-2.088005E+1
-2.088005E+1
-2.088005E+1
-2.088005E+1
-2.088005E+1
-2.088005E+1
-2.088005E+1
-2.088005E+1
-2.088005E+1
-2.088005E+1
-2.088005E+1
-2.088005E+1
-2.088005E+1
-2.088005E+1
-2.088005E+1
-2.088005E+1
-2.088005E+1
-2.088005E+1
-2.088005E+1
-2.088005E+1
-1.460315E+1
-1.238492E+1
-1.144706E+1
-1.092374E+1
-1.061357E+1
-1.048274E+1
-1.050185E+1
-1.071206E+1
-1.115747E+1
-1.195274E+1
-1.349330E+1
-2.088005E+1
-2.088005E+1
-2.088005E+1
-2.088005E+1
-2.088005E+1
-2.088005E+1
-2.088005E+1
-2.088005E+1
-1.548368E+1
-1.242902E+1
-1.115747E+1
-1.039454E+1
-9.899148E+0
-9.590448E+0
-9.418458E+0
-9.352308E+0
-9.418458E+0
-9.590448E+0
-9.885918E+0
-1.032692E+1
-1.092374E+1
-1.178222E+1
-1.298027E+1
-1.531022E+1
-2.088005E+1
-2.088005E+1
-2.088005E+1
-2.088005E+1
-2.088005E+1
-2.088005E+1
-2.088005E+1
-2.088005E+1
-2.088005E+1
-2.088005E+1
-2.088005E+1
-2.088005E+1
-2.088005E+1
-2.088005E+1
-2.088005E+1
-2.088005E+1
-2.088005E+1
-2.088005E+1
-2.088005E+1
-2.088005E+1
-2.088005E+1
-2.088005E+1
-2.088005E+1
-2.088005E+1
-2.088005E+1
-2.088005E+1
-2.088005E+1
-2.088005E+1
-2.088005E+1
-1.364324E+1
-1.195274E+1
-1.113248E+1
-1.067237E+1
-1.044746E+1
-1.039454E+1
-1.050185E+1
-1.075322E+1
-1.118099E+1
-1.181456E+1
-1.271273E+1
-1.407101E+1
-1.636421E+1
-2.088005E+1
-2.088005E+1
-2.088005E+1
-1.567331E+1
-1.372262E+1
-1.251869E+1
-1.174841E+1
-1.120745E+1
-1.081496E+1
-1.057535E+1
-1.048274E+1
-1.050185E+1
-1.063268E+1
-1.087964E+1
-1.125743E+1
-1.181456E+1
-1.261277E+1
-1.380494E+1
-1.636421E+1
-2.088005E+1
-2.088005E+1
-2.088005E+1
-2.088005E+1
-2.088005E+1
-2.088005E+1
-2.088005E+1
-2.088005E+1
-2.088005E+1
-2.088005E+1
-2.088005E+1
-2.088005E+1
-2.088005E+1
-2.088005E+1
-2.088005E+1
-2.088005E+1
-1.610843E+1
-1.303907E+1
-1.156319E+1
-1.055624E+1
-9.818298E+0
-9.237648E+0
-8.787828E+0
-8.449728E+0
-8.202768E+0
-8.044008E+0
-7.969038E+0
-7.985208E+0
-8.091048E+0
-8.299788E+0
-8.620248E+0
-9.070068E+0
-9.688938E+0
-1.053860E+1
-1.174841E+1
-1.380494E+1
-2.088005E+1
-2.088005E+1
-2.088005E+1
-2.088005E+1
-2.088005E+1
-2.088005E+1
-2.088005E+1
-2.088005E+1
-2.088005E+1
-2.088005E+1
-2.088005E+1
-2.088005E+1
-2.088005E+1
-2.088005E+1
-2.088005E+1
-2.088005E+1
-2.088005E+1
-1.665380E+1
-1.460315E+1
-1.397840E+1
-1.364324E+1
-1.356680E+1
-1.356680E+1
-1.349330E+1
-1.349330E+1
-1.342274E+1
-1.328750E+1
-1.315961E+1
-1.292441E+1
-1.276271E+1
-1.271273E+1
-1.271273E+1
-1.292441E+1
-1.328750E+1
-1.416803E+1
-1.698896E+1
-2.088005E+1
-2.088005E+1
-2.088005E+1
-2.088005E+1
-2.088005E+1
-2.088005E+1
-2.088005E+1
-2.088005E+1
-2.088005E+1
-2.088005E+1
-2.088005E+1
-2.088005E+1
-1.303907E+1
-1.150439E+1
-1.077380E+1
-1.039454E+1
-1.019609E+1
-1.011818E+1
-1.008731E+1
-1.004321E+1
-9.955008E+0
-9.791838E+0
-9.566928E+0
-9.309678E+0
-9.080358E+0
-8.880438E+0
-8.762838E+0
-8.714328E+0
-8.762838E+0
-8.889258E+0
-9.089178E+0
-9.362598E+0
-9.675708E+0
-1.002851E+1
-1.039454E+1
-1.077380E+1
-1.118099E+1
-1.168520E+1
-1.242902E+1
-1.380494E+1
-2.088005E+1
-2.088005E+1
-2.088005E+1
-2.088005E+1
-2.088005E+1
-2.088005E+1
-2.088005E+1
-2.088005E+1
-2.088005E+1
-2.088005E+1
-2.088005E+1
-2.088005E+1
-2.088005E+1
-2.088005E+1
-2.088005E+1
-2.088005E+1
-2.088005E+1
-2.088005E+1
-2.088005E+1
-2.088005E+1
-2.088005E+1
-2.088005E+1
-2.088005E+1
-2.088005E+1
-2.088005E+1
-2.088005E+1
-1.407101E+1
-1.209974E+1
-1.133681E+1
-1.106045E+1
-1.113248E+1
-1.153379E+1
-1.238492E+1
-1.416803E+1
-2.088005E+1
-2.088005E+1
-2.088005E+1
-2.088005E+1
-2.088005E+1
-2.088005E+1
-2.088005E+1
-2.088005E+1
-2.088005E+1
-2.088005E+1
-1.472663E+1
-1.251869E+1
-1.141913E+1
-1.075322E+1
-1.029311E+1
-1.001381E+1
-9.844758E+0
-9.805068E+0
-9.872688E+0
-1.005791E+1
-1.037690E+1
-1.083554E+1
-1.153379E+1
-1.256573E+1
-1.472663E+1
-2.088005E+1
-2.088005E+1
-2.088005E+1
-2.088005E+1
-2.088005E+1
-2.088005E+1
-2.088005E+1
-2.088005E+1
-1.587911E+1
-1.298027E+1
-1.184837E+1
-1.123244E+1
-1.092374E+1
-1.081496E+1
-1.087964E+1
-1.108397E+1
-1.141913E+1
-1.181456E+1
-1.217765E+1
-1.247312E+1
-1.247312E+1
-1.225850E+1
-1.191746E+1
-1.153379E+1
-1.118099E+1
-1.090169E+1
-1.075322E+1
-1.075322E+1
-1.090169E+1
-1.131035E+1
-1.209974E+1
-1.389020E+1
-2.088005E+1
-2.088005E+1
-2.088005E+1
-2.088005E+1
-2.088005E+1
-2.088005E+1
-2.088005E+1
-2.088005E+1
-2.088005E+1
-2.088005E+1
-1.448555E+1
-1.195274E+1
-1.079438E+1
-1.004321E+1
-9.531648E+0
-9.206778E+0
-9.033318E+0
-8.996568E+0
-9.127398E+0
