Date/Time	2022-06-06 13:17:47
Line location	3
Line name	C1
OTDR wavelength [nm]	1310
OTDR pulse duration [ns]	2
OTDR scan time [s]	10
OTDR scan length [m]	1.500000E+2
Length offset [m]	0.000000E+0
Length increment [m]	3.996806E-2
Switch ID	VIAVI Solutions,OTU 8000E,11654,FO,16.76
OTDR ID	JDSU,OTU 8000E,11654,OTU(SmartOTU),V7.22

Reflected amplitude [dB]
6.797120E-1
6.723620E-1
6.459020E-1
6.091520E-1
5.694620E-1
5.356520E-1
5.077220E-1
4.886120E-1
4.768520E-1
4.753820E-1
4.944920E-1
5.385920E-1
5.915120E-1
6.400220E-1
6.797120E-1
7.105820E-1
7.341020E-1
7.488020E-1
7.561520E-1
7.502720E-1
7.208720E-1
6.708920E-1
6.091520E-1
5.341820E-1
4.474520E-1
3.519020E-1
2.592920E-1
1.755020E-1
1.005320E-1
3.585200E-2
-2.147800E-2
-7.292800E-2
-1.184980E-1
-1.581880E-1
-1.919980E-1
-2.228680E-1
-2.478580E-1
-2.684380E-1
-2.860780E-1
-2.993080E-1
-3.095980E-1
-3.184180E-1
-3.228280E-1
-3.272380E-1
-3.316480E-1
-3.345880E-1
-3.389980E-1
-3.434080E-1
-3.492880E-1
-3.581080E-1
-3.683980E-1
-3.786880E-1
-3.904480E-1
-4.036780E-1
-4.169080E-1
-4.301380E-1
-4.433680E-1
-4.565980E-1
-4.683580E-1
-4.815880E-1
-4.948180E-1
-5.080480E-1
-5.212780E-1
-5.330380E-1
-5.433280E-1
-5.521480E-1
-5.594980E-1
-5.624380E-1
-5.594980E-1
-5.536180E-1
-5.433280E-1
-5.315680E-1
-5.051080E-1
-4.448380E-1
-3.610480E-1
-2.699080E-1
-1.802380E-1
-9.497800E-2
-2.294800E-2
3.291200E-2
7.554200E-2
1.064120E-1
1.240520E-1
1.328720E-1
1.314020E-1
1.240520E-1
1.108220E-1
8.730200E-2
4.614200E-2
-1.559800E-2
-9.350800E-2
-1.802380E-1
-2.640280E-1
-3.375280E-1
-4.036780E-1
-4.624780E-1
-5.139280E-1
-5.594980E-1
-5.977180E-1
-6.285880E-1
-6.535780E-1
-6.726880E-1
-6.859180E-1
-6.962080E-1
-7.035580E-1
-7.094380E-1
-7.138480E-1
-7.167880E-1
-7.197280E-1
-7.241380E-1
-7.270780E-1
-7.300180E-1
-7.329580E-1
-7.358980E-1
-7.388380E-1
-7.417780E-1
-7.432480E-1
-7.447180E-1
-7.461880E-1
-7.461880E-1
-7.491280E-1
-7.520680E-1
-7.550080E-1
-7.608880E-1
-7.667680E-1
-7.726480E-1
-7.785280E-1
-7.829380E-1
-7.873480E-1
-7.917580E-1
-7.932280E-1
-7.961680E-1
-7.976380E-1
-8.005780E-1
-8.020480E-1
-8.064580E-1
-8.093980E-1
-8.123380E-1
-8.138080E-1
-8.152780E-1
-8.138080E-1
-8.093980E-1
-8.035180E-1
-7.946980E-1
-7.829380E-1
-7.711780E-1
-7.579480E-1
-7.447180E-1
-7.300180E-1
-7.167880E-1
-7.006180E-1
-6.844480E-1
-6.668080E-1
-6.476980E-1
-6.271180E-1
-6.065380E-1
-5.874280E-1
-5.683180E-1
-5.521480E-1
-5.389180E-1
-5.286280E-1
-5.212780E-1
-5.198080E-1
-5.212780E-1
-5.271580E-1
-5.374480E-1
-5.521480E-1
-5.683180E-1
-5.874280E-1
-6.080080E-1
-6.271180E-1
-6.447580E-1
-6.594580E-1
-6.712180E-1
-6.815080E-1
-6.873880E-1
-6.903280E-1
-6.917980E-1
-6.932680E-1
-6.947380E-1
-6.962080E-1
-6.976780E-1
-7.006180E-1
-7.035580E-1
-7.050280E-1
-7.079680E-1
-7.094380E-1
-7.109080E-1
-7.123780E-1
-7.123780E-1
-7.138480E-1
-7.167880E-1
-7.197280E-1
-7.241380E-1
-7.300180E-1
-7.373680E-1
-7.461880E-1
-7.550080E-1
-7.623580E-1
-7.682380E-1
-7.711780E-1
-7.726480E-1
-7.726480E-1
-7.697080E-1
-7.638280E-1
-7.579480E-1
-7.520680E-1
-7.461880E-1
-7.403080E-1
-7.358980E-1
-7.314880E-1
-7.300180E-1
-7.270780E-1
-7.256080E-1
-7.241380E-1
-7.241380E-1
-7.226680E-1
-7.211980E-1
-7.197280E-1
-7.167880E-1
-7.138480E-1
-7.094380E-1
-7.035580E-1
-6.976780E-1
-6.932680E-1
-6.873880E-1
-6.829780E-1
-6.800380E-1
-6.800380E-1
-6.815080E-1
-6.844480E-1
-6.917980E-1
-6.991480E-1
-7.094380E-1
-7.182580E-1
-7.270780E-1
-7.344280E-1
-7.388380E-1
-7.403080E-1
-7.403080E-1
-7.373680E-1
-7.344280E-1
-7.314880E-1
-7.285480E-1
-7.256080E-1
-7.241380E-1
-7.226680E-1
-7.211980E-1
-7.197280E-1
-7.182580E-1
-7.167880E-1
-7.153180E-1
-7.123780E-1
-7.079680E-1
-7.035580E-1
-6.976780E-1
-6.903280E-1
-6.815080E-1
-6.741580E-1
-6.653380E-1
-6.594580E-1
-6.565180E-1
-6.565180E-1
-6.579880E-1
-6.623980E-1
-6.697480E-1
-6.770980E-1
-6.844480E-1
-6.917980E-1
-6.976780E-1
-7.020880E-1
-7.050280E-1
-7.050280E-1
-7.050280E-1
-7.020880E-1
-6.991480E-1
-6.947380E-1
-6.903280E-1
-6.873880E-1
-6.829780E-1
-6.815080E-1
-6.785680E-1
-6.785680E-1
-6.785680E-1
-6.800380E-1
-6.815080E-1
-6.844480E-1
-6.873880E-1
-6.903280E-1
-6.932680E-1
-6.947380E-1
-6.962080E-1
-6.962080E-1
-6.947380E-1
-6.932680E-1
-6.917980E-1
-6.903280E-1
-6.888580E-1
-6.873880E-1
-6.859180E-1
-6.844480E-1
-6.844480E-1
-6.829780E-1
-6.829780E-1
-6.829780E-1
-6.829780E-1
-6.844480E-1
-6.859180E-1
-6.888580E-1
-6.932680E-1
-6.976780E-1
-7.035580E-1
-7.109080E-1
-7.182580E-1
-7.256080E-1
-7.329580E-1
-7.403080E-1
-7.491280E-1
-7.564780E-1
-7.638280E-1
-7.711780E-1
-7.755880E-1
-7.785280E-1
-7.785280E-1
-7.755880E-1
-7.711780E-1
-7.638280E-1
-7.550080E-1
-7.461880E-1
-7.373680E-1
-7.300180E-1
-7.241380E-1
-7.182580E-1
-7.138480E-1
-7.109080E-1
-7.079680E-1
-7.064980E-1
-7.064980E-1
-7.064980E-1
-7.064980E-1
-7.094380E-1
-7.109080E-1
-7.123780E-1
-7.138480E-1
-7.138480E-1
-7.123780E-1
-7.109080E-1
-7.094380E-1
-7.064980E-1
-7.050280E-1
-7.035580E-1
-7.050280E-1
-7.079680E-1
-7.138480E-1
-7.197280E-1
-7.285480E-1
-7.373680E-1
-7.447180E-1
-7.520680E-1
-7.564780E-1
-7.564780E-1
-7.550080E-1
-7.505980E-1
-7.447180E-1
-7.358980E-1
-7.285480E-1
-7.226680E-1
-7.182580E-1
-7.167880E-1
-7.167880E-1
-7.182580E-1
-7.226680E-1
-7.256080E-1
-7.285480E-1
-7.314880E-1
-7.314880E-1
-7.314880E-1
-7.300180E-1
-7.256080E-1
-7.197280E-1
-7.138480E-1
-7.079680E-1
-7.006180E-1
-6.932680E-1
-6.859180E-1
-6.800380E-1
-6.741580E-1
-6.697480E-1
-6.668080E-1
-6.653380E-1
-6.653380E-1
-6.668080E-1
-6.697480E-1
-6.712180E-1
-6.741580E-1
-6.756280E-1
-6.756280E-1
-6.756280E-1
-6.756280E-1
-6.726880E-1
-6.697480E-1
-6.682780E-1
-6.653380E-1
-6.623980E-1
-6.609280E-1
-6.594580E-1
-6.594580E-1
-6.594580E-1
-6.609280E-1
-6.623980E-1
-6.668080E-1
-6.697480E-1
-6.756280E-1
-6.815080E-1
-6.888580E-1
-6.962080E-1
-7.035580E-1
-7.109080E-1
-7.167880E-1
-7.226680E-1
-7.270780E-1
-7.285480E-1
-7.285480E-1
-7.256080E-1
-7.226680E-1
-7.182580E-1
-7.138480E-1
-7.094380E-1
-7.064980E-1
-7.035580E-1
-7.020880E-1
-7.006180E-1
-7.006180E-1
-7.006180E-1
-7.006180E-1
-7.006180E-1
-7.006180E-1
-7.020880E-1
-7.035580E-1
-7.064980E-1
-7.109080E-1
-7.153180E-1
-7.197280E-1
-7.226680E-1
-7.256080E-1
-7.256080E-1
-7.226680E-1
-7.182580E-1
-7.123780E-1
-7.050280E-1
-6.976780E-1
-6.903280E-1
-6.829780E-1
-6.770980E-1
-6.726880E-1
-6.697480E-1
-6.682780E-1
-6.668080E-1
-6.668080E-1
-6.668080E-1
-6.668080E-1
-6.668080E-1
-6.668080E-1
-6.668080E-1
-6.668080E-1
-6.668080E-1
-6.697480E-1
-6.726880E-1
-6.770980E-1
-6.815080E-1
-6.859180E-1
-6.903280E-1
-6.932680E-1
-6.947380E-1
-6.947380E-1
-6.947380E-1
-6.962080E-1
-6.976780E-1
-7.006180E-1
-7.064980E-1
-7.138480E-1
-7.226680E-1
-7.329580E-1
-7.417780E-1
-7.505980E-1
-7.564780E-1
-7.594180E-1
-7.594180E-1
-7.564780E-1
-7.520680E-1
-7.447180E-1
-7.373680E-1
-7.300180E-1
-7.241380E-1
-7.182580E-1
-7.138480E-1
-7.094380E-1
-7.079680E-1
-7.064980E-1
-7.050280E-1
-7.050280E-1
-7.050280E-1
-7.050280E-1
-7.035580E-1
-7.020880E-1
-6.976780E-1
-6.917980E-1
-6.873880E-1
-6.815080E-1
-6.756280E-1
-6.726880E-1
-6.712180E-1
-6.712180E-1
-6.726880E-1
-6.756280E-1
-6.785680E-1
-6.829780E-1
-6.873880E-1
-6.917980E-1
-6.962080E-1
-7.006180E-1
-7.050280E-1
-7.109080E-1
-7.153180E-1
-7.211980E-1
-7.241380E-1
-7.270780E-1
-7.270780E-1
-7.270780E-1
-7.241380E-1
-7.211980E-1
-7.167880E-1
-7.109080E-1
-7.064980E-1
-7.020880E-1
-6.991480E-1
-6.962080E-1
-6.962080E-1
-6.962080E-1
-6.976780E-1
-7.006180E-1
-7.020880E-1
-7.050280E-1
-7.079680E-1
-7.094380E-1
-7.094380E-1
-7.094380E-1
-7.094380E-1
-7.079680E-1
-7.079680E-1
-7.079680E-1
-7.079680E-1
-7.109080E-1
-7.123780E-1
-7.153180E-1
-7.182580E-1
-7.197280E-1
-7.197280E-1
-7.182580E-1
-7.153180E-1
-7.094380E-1
-7.020880E-1
-6.932680E-1
-6.844480E-1
-6.770980E-1
-6.697480E-1
-6.638680E-1
-6.609280E-1
-6.594580E-1
-6.609280E-1
-6.638680E-1
-6.697480E-1
-6.756280E-1
-6.829780E-1
-6.903280E-1
-6.976780E-1
-7.035580E-1
-7.094380E-1
-7.123780E-1
-7.123780E-1
-7.109080E-1
-7.079680E-1
-7.035580E-1
-6.976780E-1
-6.917980E-1
-6.844480E-1
-6.770980E-1
-6.712180E-1
-6.653380E-1
-6.609280E-1
-6.579880E-1
-6.565180E-1
-6.565180E-1
-6.565180E-1
-6.579880E-1
-6.594580E-1
-6.594580E-1
-6.594580E-1
-6.594580E-1
-6.565180E-1
-6.535780E-1
-6.506380E-1
-6.476980E-1
-6.462280E-1
-6.447580E-1
-6.432880E-1
-6.432880E-1
-6.462280E-1
-6.491680E-1
-6.535780E-1
-6.579880E-1
-6.638680E-1
-6.697480E-1
-6.756280E-1
-6.829780E-1
-6.903280E-1
-6.976780E-1
-7.050280E-1
-7.109080E-1
-7.153180E-1
-7.197280E-1
-7.211980E-1
-7.211980E-1
-7.197280E-1
-7.153180E-1
-7.109080E-1
-7.035580E-1
-6.976780E-1
-6.903280E-1
-6.844480E-1
-6.785680E-1
-6.756280E-1
-6.726880E-1
-6.726880E-1
-6.741580E-1
-6.770980E-1
-6.800380E-1
-6.844480E-1
-6.903280E-1
-6.947380E-1
-6.991480E-1
-7.035580E-1
-7.079680E-1
-7.109080E-1
-7.123780E-1
-7.153180E-1
-7.182580E-1
-7.197280E-1
-7.226680E-1
-7.241380E-1
-7.241380E-1
-7.241380E-1
-7.211980E-1
-7.167880E-1
-7.123780E-1
-7.050280E-1
-6.976780E-1
-6.903280E-1
-6.829780E-1
-6.770980E-1
-6.712180E-1
-6.653380E-1
-6.623980E-1
-6.609280E-1
-6.594580E-1
-6.609280E-1
-6.638680E-1
-6.682780E-1
-6.741580E-1
-6.815080E-1
-6.873880E-1
-6.932680E-1
-6.991480E-1
-7.035580E-1
-7.064980E-1
-7.094380E-1
-7.094380E-1
-7.109080E-1
-7.109080E-1
-7.123780E-1
-7.153180E-1
-7.182580E-1
-7.226680E-1
-7.285480E-1
-7.329580E-1
-7.358980E-1
-7.388380E-1
-7.403080E-1
-7.388380E-1
-7.344280E-1
-7.300180E-1
-7.241380E-1
-7.182580E-1
-7.123780E-1
-7.050280E-1
-7.006180E-1
-6.962080E-1
-6.932680E-1
-6.917980E-1
-6.917980E-1
-6.917980E-1
-6.947380E-1
-6.976780E-1
-7.020880E-1
-7.079680E-1
-7.138480E-1
-7.197280E-1
-7.241380E-1
-7.285480E-1
-7.314880E-1
-7.329580E-1
-7.329580E-1
-7.329580E-1
-7.314880E-1
-7.300180E-1
-7.256080E-1
-7.211980E-1
-7.138480E-1
-7.064980E-1
-6.962080E-1
-6.873880E-1
-6.770980E-1
-6.682780E-1
-6.594580E-1
-6.535780E-1
-6.506380E-1
-6.491680E-1
-6.491680E-1
-6.521080E-1
-6.550480E-1
-6.579880E-1
-6.609280E-1
-6.638680E-1
-6.653380E-1
-6.668080E-1
-6.682780E-1
-6.682780E-1
-6.697480E-1
-6.697480E-1
-6.697480E-1
-6.712180E-1
-6.726880E-1
-6.726880E-1
-6.741580E-1
-6.756280E-1
-6.770980E-1
-6.800380E-1
-6.815080E-1
-6.844480E-1
-6.873880E-1
-6.903280E-1
-6.932680E-1
-6.962080E-1
-6.976780E-1
-6.991480E-1
-7.006180E-1
-7.006180E-1
-6.991480E-1
-6.976780E-1
-6.932680E-1
-6.903280E-1
-6.844480E-1
-6.785680E-1
-6.726880E-1
-6.668080E-1
-6.609280E-1
-6.565180E-1
-6.521080E-1
-6.491680E-1
-6.491680E-1
-6.491680E-1
-6.491680E-1
-6.521080E-1
-6.565180E-1
-6.594580E-1
-6.653380E-1
-6.697480E-1
-6.726880E-1
-6.741580E-1
-6.756280E-1
-6.741580E-1
-6.712180E-1
-6.668080E-1
-6.623980E-1
-6.579880E-1
-6.550480E-1
-6.550480E-1
-6.565180E-1
-6.609280E-1
-6.682780E-1
-6.785680E-1
-6.888580E-1
-6.976780E-1
-7.064980E-1
-7.138480E-1
-7.167880E-1
-7.182580E-1
-7.167880E-1
-7.138480E-1
-7.109080E-1
-7.064980E-1
-7.050280E-1
-7.035580E-1
-7.035580E-1
-7.050280E-1
-7.064980E-1
-7.094380E-1
-7.123780E-1
-7.153180E-1
-7.167880E-1
-7.182580E-1
-7.197280E-1
-7.211980E-1
-7.226680E-1
-7.256080E-1
-7.270780E-1
-7.285480E-1
-7.285480E-1
-7.300180E-1
-7.300180E-1
-7.300180E-1
-7.314880E-1
-7.329580E-1
-7.358980E-1
-7.388380E-1
-7.447180E-1
-7.505980E-1
-7.579480E-1
-7.638280E-1
-7.682380E-1
-7.697080E-1
-7.697080E-1
-7.652980E-1
-7.594180E-1
-7.491280E-1
-7.388380E-1
-7.285480E-1
-7.182580E-1
-7.109080E-1
-7.064980E-1
-7.035580E-1
-7.020880E-1
-7.035580E-1
-7.050280E-1
-7.079680E-1
-7.094380E-1
-7.109080E-1
-7.109080E-1
-7.094380E-1
-7.079680E-1
-7.050280E-1
-7.035580E-1
-7.020880E-1
-7.020880E-1
-7.020880E-1
-7.035580E-1
-7.064980E-1
-7.109080E-1
-7.153180E-1
-7.197280E-1
-7.226680E-1
-7.256080E-1
-7.270780E-1
-7.270780E-1
-7.256080E-1
-7.226680E-1
-7.211980E-1
-7.182580E-1
-7.167880E-1
-7.153180E-1
-7.138480E-1
-7.109080E-1
-7.094380E-1
-7.064980E-1
-7.035580E-1
-6.991480E-1
-6.932680E-1
-6.888580E-1
-6.829780E-1
-6.785680E-1
-6.756280E-1
-6.741580E-1
-6.726880E-1
-6.726880E-1
-6.726880E-1
-6.726880E-1
-6.726880E-1
-6.712180E-1
-6.697480E-1
-6.668080E-1
-6.638680E-1
-6.623980E-1
-6.609280E-1
-6.594580E-1
-6.609280E-1
-6.623980E-1
-6.638680E-1
-6.668080E-1
-6.697480E-1
-6.726880E-1
-6.726880E-1
-6.741580E-1
-6.726880E-1
-6.697480E-1
-6.668080E-1
-6.638680E-1
-6.609280E-1
-6.565180E-1
-6.535780E-1
-6.491680E-1
-6.447580E-1
-6.418180E-1
-6.388780E-1
-6.374080E-1
-6.374080E-1
-6.403480E-1
-6.462280E-1
-6.535780E-1
-6.623980E-1
-6.726880E-1
-6.815080E-1
-6.888580E-1
-6.932680E-1
-6.962080E-1
-6.947380E-1
-6.917980E-1
-6.859180E-1
-6.800380E-1
-6.756280E-1
-6.712180E-1
-6.712180E-1
-6.726880E-1
-6.770980E-1
-6.844480E-1
-6.932680E-1
-7.035580E-1
-7.138480E-1
-7.241380E-1
-7.329580E-1
-7.403080E-1
-7.461880E-1
-7.505980E-1
-7.535380E-1
-7.550080E-1
-7.550080E-1
-7.550080E-1
-7.535380E-1
-7.520680E-1
-7.520680E-1
-7.505980E-1
-7.491280E-1
-7.491280E-1
-7.491280E-1
-7.476580E-1
-7.476580E-1
-7.476580E-1
-7.476580E-1
-7.476580E-1
-7.476580E-1
-7.461880E-1
-7.447180E-1
-7.417780E-1
-7.373680E-1
-7.314880E-1
-7.256080E-1
-7.182580E-1
-7.109080E-1
-7.035580E-1
-6.962080E-1
-6.888580E-1
-6.829780E-1
-6.770980E-1
-6.712180E-1
-6.653380E-1
-6.594580E-1
-6.521080E-1
-6.462280E-1
-6.403480E-1
-6.374080E-1
-6.374080E-1
-6.403480E-1
-6.462280E-1
-6.565180E-1
-6.697480E-1
-6.859180E-1
-7.020880E-1
-7.182580E-1
-7.344280E-1
-7.476580E-1
-7.564780E-1
-7.652980E-1
-7.697080E-1
-7.726480E-1
-7.741180E-1
-7.755880E-1
-7.755880E-1
-7.755880E-1
-7.770580E-1
-7.770580E-1
-7.770580E-1
-7.770580E-1
-7.770580E-1
-7.755880E-1
-7.726480E-1
-7.682380E-1
-7.623580E-1
-7.564780E-1
-7.505980E-1
-7.447180E-1
-7.403080E-1
-7.358980E-1
-7.329580E-1
-7.314880E-1
-7.300180E-1
-7.270780E-1
-7.226680E-1
-7.182580E-1
-7.138480E-1
-7.079680E-1
-7.035580E-1
-7.006180E-1
-6.991480E-1
-6.991480E-1
-7.020880E-1
-7.079680E-1
-7.153180E-1
-7.256080E-1
-7.373680E-1
-7.520680E-1
-7.697080E-1
-7.917580E-1
-8.167480E-1
-8.461480E-1
-8.799580E-1
-9.196480E-1
-9.652180E-1
-1.016668E+0
-1.072528E+0
-1.134268E+0
-1.198948E+0
-1.265098E+0
-1.331248E+0
-1.397398E+0
-1.462078E+0
-1.522348E+0
-1.579678E+0
-1.632598E+0
-1.679638E+0
-1.722268E+0
-1.757548E+0
-1.786948E+0
-1.811938E+0
-1.828108E+0
-1.841338E+0
-1.847218E+0
-1.851628E+0
-1.851628E+0
-1.850158E+0
-1.847218E+0
-1.845748E+0
-1.844278E+0
-1.844278E+0
-1.845748E+0
-1.850158E+0
-1.856038E+0
-1.866328E+0
-1.876618E+0
-1.888378E+0
-1.901608E+0
-1.914838E+0
-1.928068E+0
-1.942768E+0
-1.957468E+0
-1.973638E+0
-1.986868E+0
-2.001568E+0
-2.013328E+0
-2.022148E+0
-2.028028E+0
-2.030968E+0
-2.030968E+0
-2.029498E+0
-2.026558E+0
-2.026558E+0
-2.026558E+0
-2.032438E+0
-2.039788E+0
-2.053018E+0
-2.067718E+0
-2.082418E+0
-2.097118E+0
-2.107408E+0
-2.114758E+0
-2.116228E+0
-2.113288E+0
-2.107408E+0
-2.100058E+0
-2.091238E+0
-2.085358E+0
-2.083888E+0
-2.083888E+0
-2.089768E+0
-2.098588E+0
-2.108878E+0
-2.120638E+0
-2.130928E+0
-2.139748E+0
-2.145628E+0
-2.147098E+0
-2.145628E+0
-2.138278E+0
-2.127988E+0
-2.114758E+0
-2.100058E+0
-2.085358E+0
-2.072128E+0
-2.061838E+0
-2.055958E+0
-2.054488E+0
-2.060368E+0
-2.072128E+0
-2.088298E+0
-2.107408E+0
-2.129458E+0
-2.152978E+0
-2.175028E+0
-2.194138E+0
-2.211778E+0
-2.225008E+0
-2.235298E+0
-2.242648E+0
-2.248528E+0
-2.251468E+0
-2.252938E+0
-2.255878E+0
-2.255878E+0
-2.255878E+0
-2.254408E+0
-2.249998E+0
-2.244118E+0
-2.235298E+0
-2.225008E+0
-2.213248E+0
-2.201488E+0
-2.189728E+0
-2.177968E+0
-2.167678E+0
-2.157388E+0
-2.147098E+0
-2.136808E+0
-2.126518E+0
-2.117698E+0
-2.108878E+0
-2.102998E+0
-2.101528E+0
-2.104468E+0
-2.113288E+0
-2.126518E+0
-2.145628E+0
-2.167678E+0
-2.192668E+0
-2.220598E+0
-2.247058E+0
-2.273518E+0
-2.298508E+0
-2.322028E+0
-2.344078E+0
-2.363188E+0
-2.379358E+0
-2.392588E+0
-2.402878E+0
-2.408758E+0
-2.410228E+0
-2.408758E+0
-2.405818E+0
-2.401408E+0
-2.395528E+0
-2.389648E+0
-2.386708E+0
-2.383768E+0
-2.383768E+0
-2.383768E+0
-2.386708E+0
-2.389648E+0
-2.394058E+0
-2.399938E+0
-2.408758E+0
-2.420518E+0
-2.435218E+0
-2.452858E+0
-2.470498E+0
-2.486668E+0
-2.498428E+0
-2.505778E+0
-2.505778E+0
-2.501368E+0
-2.491078E+0
-2.480788E+0
-2.471968E+0
-2.466088E+0
-2.466088E+0
-2.471968E+0
-2.482258E+0
-2.495488E+0
-2.510188E+0
-2.523418E+0
-2.533708E+0
-2.539588E+0
-2.541058E+0
-2.539588E+0
-2.533708E+0
-2.524888E+0
-2.514598E+0
-2.504308E+0
-2.492548E+0
-2.483728E+0
-2.477848E+0
-2.474908E+0
-2.476378E+0
-2.482258E+0
-2.491078E+0
-2.502838E+0
-2.517538E+0
-2.532238E+0
-2.548408E+0
-2.561638E+0
-2.573398E+0
-2.583688E+0
-2.589568E+0
-2.591038E+0
-2.591038E+0
-2.588098E+0
-2.583688E+0
-2.580748E+0
-2.580748E+0
-2.585158E+0
-2.593978E+0
-2.607208E+0
-2.624848E+0
-2.643958E+0
-2.663068E+0
-2.679238E+0
-2.692468E+0
-2.696878E+0
-2.695408E+0
-2.688058E+0
-2.674828E+0
-2.660128E+0
-2.643958E+0
-2.629258E+0
-2.617498E+0
-2.607208E+0
-2.601328E+0
-2.595448E+0
-2.592508E+0
-2.591038E+0
-2.588098E+0
-2.586628E+0
-2.585158E+0
-2.586628E+0
-2.588098E+0
-2.595448E+0
-2.605738E+0
-2.620438E+0
-2.641018E+0
-2.664538E+0
-2.690998E+0
-2.718928E+0
-2.745388E+0
-2.765968E+0
-2.782138E+0
-2.790958E+0
-2.792428E+0
-2.788018E+0
-2.777728E+0
-2.767438E+0
-2.757148E+0
-2.749798E+0
-2.746858E+0
-2.748328E+0
-2.754208E+0
-2.764498E+0
-2.776258E+0
-2.788018E+0
-2.801248E+0
-2.811538E+0
-2.818888E+0
-2.821828E+0
-2.821828E+0
-2.817418E+0
-2.808598E+0
-2.798308E+0
-2.785078E+0
-2.773318E+0
-2.763028E+0
-2.754208E+0
-2.749798E+0
-2.749798E+0
-2.754208E+0
-2.763028E+0
-2.776258E+0
-2.790958E+0
-2.808598E+0
-2.826238E+0
-2.842408E+0
-2.857108E+0
-2.870338E+0
-2.879158E+0
-2.886508E+0
-2.892388E+0
-2.896798E+0
-2.899738E+0
-2.904148E+0
-2.910028E+0
-2.915908E+0
-2.924728E+0
-2.932078E+0
-2.942368E+0
-2.951188E+0
-2.961478E+0
-2.971768E+0
-2.982058E+0
-2.990878E+0
-2.999698E+0
-3.005578E+0
-3.009988E+0
-3.009988E+0
-3.007048E+0
-3.004108E+0
-2.998228E+0
-2.995288E+0
-2.992348E+0
-2.992348E+0
-2.995288E+0
-2.999698E+0
-3.005578E+0
-3.011458E+0
-3.015868E+0
-3.017338E+0
-3.015868E+0
-3.012928E+0
-3.009988E+0
-3.005578E+0
-3.005578E+0
-3.005578E+0
-3.009988E+0
-3.017338E+0
-3.029098E+0
-3.043798E+0
-3.058498E+0
-3.076138E+0
-3.092308E+0
-3.109948E+0
-3.126118E+0
-3.139348E+0
-3.152578E+0
-3.159928E+0
-3.164338E+0
-3.164338E+0
-3.159928E+0
-3.152578E+0
-3.142288E+0
-3.131998E+0
-3.123178E+0
-3.118768E+0
-3.118768E+0
-3.124648E+0
-3.134938E+0
-3.151108E+0
-3.168748E+0
-3.190798E+0
-3.212848E+0
-3.233428E+0
-3.254008E+0
-3.270178E+0
-3.284878E+0
-3.298108E+0
-3.309868E+0
-3.320158E+0
-3.327508E+0
-3.336328E+0
-3.343678E+0
-3.349558E+0
-3.355438E+0
-3.359848E+0
-3.361318E+0
-3.364258E+0
-3.367198E+0
-3.370138E+0
-3.376018E+0
-3.383368E+0
-3.395128E+0
-3.406888E+0
-3.420118E+0
-3.430408E+0
-3.436288E+0
-3.434818E+0
-3.425998E+0
-3.406888E+0
-3.378958E+0
-3.346618E+0
-3.312808E+0
-3.280468E+0
-3.254008E+0
-3.236368E+0
-3.229018E+0
-3.234898E+0
-3.248128E+0
-3.270178E+0
-3.298108E+0
-3.326038E+0
-3.351028E+0
-3.371608E+0
-3.383368E+0
-3.387778E+0
-3.384838E+0
-3.377488E+0
-3.368668E+0
-3.361318E+0
-3.356908E+0
-3.356908E+0
-3.361318E+0
-3.371608E+0
-3.384838E+0
-3.401008E+0
-3.415708E+0
-3.431878E+0
-3.443638E+0
-3.450988E+0
-3.453928E+0
-3.450988E+0
-3.443638E+0
-3.430408E+0
-3.414238E+0
-3.398068E+0
-3.383368E+0
-3.373078E+0
-3.367198E+0
-3.368668E+0
-3.376018E+0
-3.390718E+0
-3.408358E+0
-3.428938E+0
-3.450988E+0
-3.473038E+0
-3.495088E+0
-3.517138E+0
-3.537718E+0
-3.558298E+0
-3.581818E+0
-3.605338E+0
-3.627388E+0
-3.647968E+0
-3.664138E+0
-3.674428E+0
-3.674428E+0
-3.667078E+0
-3.649438E+0
-3.627388E+0
-3.602398E+0
-3.577408E+0
-3.553888E+0
-3.539188E+0
-3.530368E+0
-3.531838E+0
-3.540658E+0
-3.558298E+0
-3.581818E+0
-3.609748E+0
-3.640618E+0
-3.672958E+0
-3.703828E+0
-3.733228E+0
-3.756748E+0
-3.771448E+0
-3.774388E+0
-3.767038E+0
-3.747928E+0
-3.717058E+0
-3.678838E+0
-3.636208E+0
-3.593578E+0
-3.556828E+0
-3.530368E+0
-3.514198E+0
-3.511258E+0
-3.518608E+0
-3.539188E+0
-3.568588E+0
-3.602398E+0
-3.639148E+0
-3.674428E+0
-3.705298E+0
-3.733228E+0
-3.755278E+0
-3.771448E+0
-3.783208E+0
-3.792028E+0
-3.796438E+0
-3.799378E+0
-3.799378E+0
-3.797908E+0
-3.796438E+0
-3.793498E+0
-3.789088E+0
-3.783208E+0
-3.775858E+0
-3.768508E+0
-3.759688E+0
-3.753808E+0
-3.750868E+0
-3.750868E+0
-3.756748E+0
-3.768508E+0
-3.783208E+0
-3.797908E+0
-3.812608E+0
-3.824368E+0
-3.828778E+0
-3.827308E+0
-3.817018E+0
-3.797908E+0
-3.775858E+0
-3.750868E+0
-3.724408E+0
-3.699418E+0
-3.678838E+0
-3.662668E+0
-3.653848E+0
-3.649438E+0
-3.649438E+0
-3.652378E+0
-3.659728E+0
-3.668548E+0
-3.677368E+0
-3.684718E+0
-3.690598E+0
-3.690598E+0
-3.684718E+0
-3.674428E+0
-3.658258E+0
-3.637678E+0
-3.617098E+0
-3.599458E+0
-3.587698E+0
-3.584758E+0
-3.595048E+0
-3.617098E+0
-3.650908E+0
-3.692068E+0
-3.740578E+0
-3.789088E+0
-3.836128E+0
-3.878758E+0
-3.914038E+0
-3.941968E+0
-3.966958E+0
-3.989008E+0
-4.011058E+0
-4.031638E+0
-4.052218E+0
-4.074268E+0
-4.091908E+0
-4.108078E+0
-4.119838E+0
-4.124248E+0
-4.125718E+0
-4.121308E+0
-4.113958E+0
-4.106608E+0
-4.097788E+0
-4.091908E+0
-4.084558E+0
-4.081618E+0
-4.080148E+0
-4.080148E+0
-4.083088E+0
-4.087498E+0
-4.094848E+0
-4.100728E+0
-4.106608E+0
-4.111018E+0
-4.111018E+0
-4.111018E+0
-4.106608E+0
-4.100728E+0
-4.093378E+0
-4.086028E+0
-4.081618E+0
-4.077208E+0
-4.075738E+0
-4.072798E+0
-4.068388E+0
-4.062508E+0
-4.055158E+0
-4.044868E+0
-4.034578E+0
-4.027228E+0
-4.024288E+0
-4.028698E+0
-4.041928E+0
-4.063978E+0
-4.091908E+0
-4.124248E+0
-4.158058E+0
-4.187458E+0
-4.209508E+0
-4.222738E+0
-4.227148E+0
-4.224208E+0
-4.216858E+0
-4.205098E+0
-4.196278E+0
-4.187458E+0
-4.180108E+0
-4.174228E+0
-4.166878E+0
-4.155118E+0
-4.141888E+0
-4.127188E+0
-4.109548E+0
-4.091908E+0
-4.072798E+0
-4.058098E+0
-4.047808E+0
-4.038988E+0
-4.033108E+0
-4.030168E+0
-4.031638E+0
-4.037518E+0
-4.049278E+0
-4.066918E+0
-4.091908E+0
-4.121308E+0
-4.158058E+0
-4.200688E+0
-4.249198E+0
-4.299178E+0
-4.355038E+0
-4.412368E+0
-4.472638E+0
-4.529968E+0
-4.585828E+0
-4.635808E+0
-4.679908E+0
-4.716658E+0
-4.746058E+0
-4.769578E+0
-4.788688E+0
-4.806328E+0
-4.821028E+0
-4.835728E+0
-4.848958E+0
-4.856308E+0
-4.859248E+0
-4.857778E+0
-4.848958E+0
-4.834258E+0
-4.816618E+0
-4.796038E+0
-4.775458E+0
-4.759288E+0
-4.743118E+0
-4.732828E+0
-4.726948E+0
-4.728418E+0
-4.735768E+0
-4.750468E+0
-4.776928E+0
-4.810738E+0
-4.848958E+0
-4.888648E+0
-4.925398E+0
-4.956268E+0
-4.973908E+0
-4.982728E+0
-4.979788E+0
-4.968028E+0
-4.948918E+0
-4.928338E+0
-4.909228E+0
-4.888648E+0
-4.871008E+0
-4.853368E+0
-4.837198E+0
-4.823968E+0
-4.815148E+0
-4.806328E+0
-4.797508E+0
-4.788688E+0
-4.775458E+0
-4.760758E+0
-4.738708E+0
-4.712248E+0
-4.679908E+0
-4.647568E+0
-4.613758E+0
-4.585828E+0
-4.559368E+0
-4.540258E+0
-4.528498E+0
-4.524088E+0
-4.527028E+0
-4.538788E+0
-4.556428E+0
-4.584358E+0
-4.616698E+0
-4.656388E+0
-4.700488E+0
-4.748998E+0
-4.798978E+0
-4.847488E+0
-4.893058E+0
-4.931278E+0
-4.959208E+0
-4.973908E+0
-4.978318E+0
-4.968028E+0
-4.945978E+0
-4.915108E+0
-4.879828E+0
-4.846018E+0
-4.813678E+0
-4.790158E+0
-4.775458E+0
-4.772518E+0
-4.779868E+0
-4.801918E+0
-4.835728E+0
-4.879828E+0
-4.931278E+0
-4.987138E+0
-5.044468E+0
-5.098858E+0
-5.147368E+0
-5.182648E+0
-5.198818E+0
-5.198818E+0
-5.179708E+0
-5.147368E+0
-5.100328E+0
-5.050348E+0
-5.003308E+0
-4.962148E+0
-4.935688E+0
-4.920988E+0
-4.922458E+0
-4.940098E+0
-4.970968E+0
-5.012128E+0
-5.059168E+0
-5.104738E+0
-5.142958E+0
-5.169418E+0
-5.179708E+0
-5.175298E+0
-5.151778E+0
-5.115028E+0
-5.072398E+0
-5.028298E+0
-4.987138E+0
-4.948918E+0
-4.919518E+0
-4.897468E+0
-4.884238E+0
-4.878358E+0
-4.876888E+0
-4.881298E+0
-4.891588E+0
-4.906288E+0
-4.925398E+0
-4.951858E+0
-4.982728E+0
-5.018008E+0
-5.053288E+0
-5.084158E+0
-5.107678E+0
-5.119438E+0
-5.112088E+0
-5.081218E+0
-5.026828E+0
-4.943038E+0
-4.834258E+0
-4.700488E+0
-4.540258E+0
-4.360918E+0
-4.180108E+0
-3.909628E+0
-3.378958E+0
-2.645428E+0
-1.914838E+0
-1.284208E+0
-7.741180E-1
-3.889780E-1
-1.155580E-1
7.407200E-2
2.034320E-1
2.916320E-1
3.460220E-1
3.548420E-1
3.004520E-1
1.813820E-1
4.982000E-3
-2.287480E-1
-5.227480E-1
-8.505580E-1
-1.190128E+0
-1.550278E+0
-1.958938E+0
-2.414638E+0
-2.898268E+0
-3.408358E+0
-3.939028E+0
-4.481458E+0
-5.035648E+0
-5.603068E+0
-6.188128E+0
-6.789358E+0
-7.397938E+0
-8.000638E+0
-8.579818E+0
-9.139888E+0
-9.677908E+0
-1.019535E+1
-1.070397E+1
-1.127433E+1
-1.196082E+1
-1.277961E+1
-1.378803E+1
-1.461858E+1
-1.510368E+1
-1.447893E+1
-1.359840E+1
-1.265907E+1
-1.183734E+1
-1.124346E+1
-1.082745E+1
-1.052169E+1
-1.035264E+1
-1.023357E+1
-1.013949E+1
-1.008510E+1
-9.996898E+0
-9.896938E+0
-9.769048E+0
-9.648508E+0
-9.561778E+0
-9.561778E+0
-9.648508E+0
-9.830788E+0
-1.013949E+1
-1.058784E+1
-1.109499E+1
-1.160802E+1
-1.191966E+1
-1.187850E+1
-1.146837E+1
-1.095681E+1
-1.047759E+1
-1.006746E+1
-9.769048E+0
-9.575008E+0
-9.464758E+0
-9.438298E+0
-9.451528E+0
-9.477988E+0
-9.519148E+0
-9.561778E+0
-9.575008E+0
-9.589708E+0
-9.604408E+0
-9.633808E+0
-9.707308E+0
-9.799918E+0
-9.946918E+0
-1.015860E+1
-1.052169E+1
-1.103913E+1
-1.187850E+1
-1.342494E+1
-2.050005E+1
-2.050005E+1
-2.050005E+1
-2.050005E+1
-2.050005E+1
-2.050005E+1
-2.050005E+1
-2.050005E+1
-2.050005E+1
-2.050005E+1
-2.050005E+1
-2.050005E+1
-2.050005E+1
-2.050005E+1
-2.050005E+1
-2.050005E+1
-2.050005E+1
-2.050005E+1
-2.050005E+1
-2.050005E+1
-2.050005E+1
-2.050005E+1
-2.050005E+1
-2.050005E+1
-2.050005E+1
-2.050005E+1
-2.050005E+1
-2.050005E+1
-2.050005E+1
-2.050005E+1
-2.050005E+1
-2.050005E+1
-2.050005E+1
-2.050005E+1
-2.050005E+1
-2.050005E+1
-2.050005E+1
-1.351020E+1
-1.187850E+1
-1.112439E+1
-1.068045E+1
-1.043496E+1
-1.029237E+1
-1.027326E+1
-1.037322E+1
-1.063341E+1
-1.121259E+1
-1.243563E+1
-1.899477E+1
-2.050005E+1
-2.050005E+1
-2.050005E+1
-2.050005E+1
-2.050005E+1
-2.050005E+1
-2.050005E+1
-2.050005E+1
-2.050005E+1
-2.050005E+1
-2.050005E+1
-1.136841E+1
-9.896938E+0
-9.139888E+0
-8.719468E+0
-8.500438E+0
-8.466628E+0
-8.579818E+0
-8.847358E+0
-9.295708E+0
-9.996898E+0
-1.118319E+1
-1.399383E+1
-2.050005E+1
-2.050005E+1
-2.050005E+1
-2.050005E+1
-2.050005E+1
-2.050005E+1
-2.050005E+1
-2.050005E+1
-2.050005E+1
-2.050005E+1
-2.050005E+1
-2.050005E+1
-2.050005E+1
-2.050005E+1
-1.311330E+1
-1.150218E+1
-1.082745E+1
-1.063341E+1
-1.080099E+1
-1.140222E+1
-1.271787E+1
-2.050005E+1
-2.050005E+1
-2.050005E+1
-2.050005E+1
-2.050005E+1
-2.050005E+1
-2.050005E+1
-2.050005E+1
-2.050005E+1
-2.050005E+1
-2.050005E+1
-2.050005E+1
-2.050005E+1
-2.050005E+1
-2.050005E+1
-2.050005E+1
-2.050005E+1
-2.050005E+1
-2.050005E+1
-2.050005E+1
-2.050005E+1
-2.050005E+1
-2.050005E+1
-2.050005E+1
-2.050005E+1
-2.050005E+1
-1.549911E+1
-1.238271E+1
-1.112439E+1
-1.039380E+1
-9.963088E+0
-9.738178E+0
-9.677908E+0
-9.769048E+0
-9.996898E+0
-1.037322E+1
-1.093035E+1
-1.168152E+1
-1.284135E+1
-1.476852E+1
-2.050005E+1
-2.050005E+1
-2.050005E+1
-2.050005E+1
-2.050005E+1
-2.050005E+1
-2.050005E+1
-2.050005E+1
-2.050005E+1
-2.050005E+1
-2.050005E+1
-2.050005E+1
-2.050005E+1
-2.050005E+1
-2.050005E+1
-2.050005E+1
-2.050005E+1
-2.050005E+1
-2.050005E+1
-2.050005E+1
-1.811424E+1
-1.271787E+1
-1.143456E+1
-1.085244E+1
-1.056579E+1
-1.049964E+1
-1.060989E+1
-1.080099E+1
-1.101120E+1
-1.115379E+1
-1.112439E+1
-1.090389E+1
-1.058784E+1
-1.023357E+1
-9.929278E+0
-9.692608E+0
-9.533848E+0
-9.477988E+0
-9.492688E+0
-9.589708E+0
-9.738178E+0
-9.913108E+0
-1.012185E+1
-1.033206E+1
-1.058784E+1
-1.085244E+1
-1.118319E+1
-1.160802E+1
-1.218573E+1
-1.326324E+1
-1.627380E+1
-2.050005E+1
-2.050005E+1
-2.050005E+1
-2.050005E+1
-2.050005E+1
-2.050005E+1
-2.050005E+1
-2.050005E+1
-2.050005E+1
-2.050005E+1
-2.050005E+1
-2.050005E+1
-2.050005E+1
-2.050005E+1
-1.378803E+1
-1.160802E+1
-1.090389E+1
-1.077747E+1
-1.101120E+1
-1.171974E+1
-1.342494E+1
-2.050005E+1
-2.050005E+1
-2.050005E+1
-2.050005E+1
-2.050005E+1
-2.050005E+1
-2.050005E+1
-2.050005E+1
-2.050005E+1
-2.050005E+1
-2.050005E+1
-2.050005E+1
-2.050005E+1
-2.050005E+1
-2.050005E+1
-2.050005E+1
-2.050005E+1
-2.050005E+1
-2.050005E+1
-2.050005E+1
-2.050005E+1
-2.050005E+1
-2.050005E+1
-2.050005E+1
-2.050005E+1
-2.050005E+1
-2.050005E+1
-1.223277E+1
-1.087743E+1
-1.019535E+1
-9.799918E+0
-9.561778E+0
-9.451528E+0
-9.425068E+0
-9.492688E+0
-9.619108E+0
-9.816088E+0
-1.004982E+1
-1.033206E+1
-1.065693E+1
-1.103913E+1
-1.140222E+1
-1.171974E+1
-1.204902E+1
-1.243563E+1
-1.304274E+1
-1.388799E+1
-1.598421E+1
-2.050005E+1
-2.050005E+1
-2.050005E+1
-2.050005E+1
-2.050005E+1
-2.050005E+1
-2.050005E+1
-1.598421E+1
-1.311330E+1
-1.204902E+1
-1.157274E+1
-1.146837E+1
-1.175796E+1
-1.260027E+1
-1.493022E+1
-2.050005E+1
-2.050005E+1
-2.050005E+1
-2.050005E+1
-2.050005E+1
-2.050005E+1
-2.050005E+1
-2.050005E+1
-2.050005E+1
-2.050005E+1
-2.050005E+1
-2.050005E+1
-1.213869E+1
-1.060989E+1
-9.769048E+0
-9.235438E+0
-8.909098E+0
-8.747398E+0
-8.700358E+0
-8.757688E+0
-8.898808E+0
-9.104608E+0
-9.372148E+0
-9.707308E+0
-1.008510E+1
-1.049964E+1
-1.090389E+1
-1.133607E+1
-1.171974E+1
-1.204902E+1
-1.228275E+1
-1.233273E+1
-1.223277E+1
-1.209312E+1
-1.196082E+1
-1.183734E+1
-1.175796E+1
-1.175796E+1
-1.191966E+1
-1.223277E+1
-1.277961E+1
-1.369101E+1
-1.549911E+1
-2.050005E+1
-2.050005E+1
-2.050005E+1
-2.050005E+1
-2.050005E+1
-2.050005E+1
-2.050005E+1
-2.050005E+1
-2.050005E+1
-1.510368E+1
-1.248855E+1
-1.124346E+1
-1.052169E+1
-1.006746E+1
-9.830788E+0
-9.769048E+0
-9.879298E+0
-1.019535E+1
-1.072749E+1
-1.160802E+1
-1.318680E+1
-2.050005E+1
-2.050005E+1
-2.050005E+1
-2.050005E+1
-2.050005E+1
-2.050005E+1
-2.050005E+1
-2.050005E+1
-2.050005E+1
-2.050005E+1
-2.050005E+1
-2.050005E+1
-2.050005E+1
-2.050005E+1
-2.050005E+1
-2.050005E+1
-2.050005E+1
-2.050005E+1
-2.050005E+1
-2.050005E+1
-2.050005E+1
-2.050005E+1
-2.050005E+1
-2.050005E+1
-1.598421E+1
-1.388799E+1
-1.326324E+1
-1.326324E+1
-1.399383E+1
-1.627380E+1
-2.050005E+1
-2.050005E+1
-2.050005E+1
-2.050005E+1
-2.050005E+1
-2.050005E+1
-2.050005E+1
-2.050005E+1
-2.050005E+1
-2.050005E+1
-1.510368E+1
-1.218573E+1
-1.103913E+1
-1.031148E+1
-9.846958E+0
-9.533848E+0
-9.347158E+0
-9.283948E+0
-9.322168E+0
-9.464758E+0
-9.752878E+0
-1.021446E+1
-1.095681E+1
-1.233273E+1
-1.811424E+1
-2.050005E+1
-2.050005E+1
-2.050005E+1
-2.050005E+1
-2.050005E+1
-2.050005E+1
-2.050005E+1
-2.050005E+1
-2.050005E+1
-2.050005E+1
-2.050005E+1
-2.050005E+1
-2.050005E+1
-2.050005E+1
-2.050005E+1
-2.050005E+1
-2.050005E+1
-2.050005E+1
-2.050005E+1
-1.899477E+1
-1.447893E+1
-1.342494E+1
-1.304274E+1
-1.304274E+1
-1.359840E+1
-1.529331E+1
-2.050005E+1
-2.050005E+1
-2.050005E+1
-2.050005E+1
-2.050005E+1
-2.050005E+1
-2.050005E+1
-2.050005E+1
-2.050005E+1
-2.050005E+1
-2.050005E+1
-2.050005E+1
-2.050005E+1
-2.050005E+1
-1.598421E+1
-1.228275E+1
-1.118319E+1
-1.063341E+1
-1.037322E+1
-1.033206E+1
-1.049964E+1
-1.090389E+1
-1.164477E+1
-1.297365E+1
-1.811424E+1
-2.050005E+1
-2.050005E+1
-2.050005E+1
-2.050005E+1
-2.050005E+1
-2.050005E+1
-2.050005E+1
-1.811424E+1
-1.399383E+1
-1.290750E+1
-1.243563E+1
-1.218573E+1
-1.209312E+1
-1.213869E+1
-1.228275E+1
-1.254441E+1
-1.297365E+1
-1.378803E+1
-1.572843E+1
-2.050005E+1
-2.050005E+1
-2.050005E+1
-2.050005E+1
-2.050005E+1
-2.050005E+1
-2.050005E+1
-2.050005E+1
-2.050005E+1
-2.050005E+1
-2.050005E+1
-2.050005E+1
-2.050005E+1
-2.050005E+1
-2.050005E+1
-2.050005E+1
-2.050005E+1
-2.050005E+1
-2.050005E+1
-2.050005E+1
-2.050005E+1
-2.050005E+1
-2.050005E+1
-2.050005E+1
-2.050005E+1
-1.422315E+1
-1.228275E+1
-1.150218E+1
-1.112439E+1
-1.101120E+1
-1.109499E+1
-1.136841E+1
-1.196082E+1
-1.318680E+1
-2.050005E+1
-2.050005E+1
-2.050005E+1
-2.050005E+1
-2.050005E+1
-2.050005E+1
-2.050005E+1
-2.050005E+1
-2.050005E+1
-2.050005E+1
-2.050005E+1
-2.050005E+1
-2.050005E+1
-2.050005E+1
-2.050005E+1
-2.050005E+1
-2.050005E+1
-2.050005E+1
-2.050005E+1
-2.050005E+1
-2.050005E+1
-2.050005E+1
-1.748949E+1
-1.342494E+1
-1.213869E+1
-1.143456E+1
-1.098327E+1
-1.070397E+1
-1.049964E+1
-1.039380E+1
-1.035264E+1
-1.037322E+1
-1.047759E+1
-1.065693E+1
-1.093035E+1
-1.130520E+1
-1.183734E+1
-1.260027E+1
-1.399383E+1
-2.050005E+1
-2.050005E+1
-2.050005E+1
-2.050005E+1
-2.050005E+1
-2.050005E+1
-2.050005E+1
-2.050005E+1
-2.050005E+1
-2.050005E+1
-2.050005E+1
-2.050005E+1
-1.476852E+1
-1.318680E+1
-1.254441E+1
-1.228275E+1
-1.223277E+1
-1.228275E+1
-1.233273E+1
-1.223277E+1
-1.200492E+1
-1.168152E+1
-1.124346E+1
-1.082745E+1
-1.043496E+1
-1.008510E+1
-9.799918E+0
-9.589708E+0
-9.425068E+0
-9.308938E+0
-9.272188E+0
-9.308938E+0
-9.398608E+0
-9.561778E+0
-9.799918E+0
-1.010274E+1
-1.045554E+1
-1.085244E+1
-1.124346E+1
-1.153746E+1
-1.164477E+1
-1.157274E+1
-1.133607E+1
-1.101120E+1
-1.065693E+1
-1.031148E+1
-9.996898E+0
-9.752878E+0
-9.575008E+0
-9.492688E+0
-9.492688E+0
-9.604408E+0
-9.846958E+0
-1.027326E+1
-1.095681E+1
-1.218573E+1
-1.493022E+1
-2.050005E+1
-2.050005E+1
-2.050005E+1
-2.050005E+1
-2.050005E+1
-1.899477E+1
-1.248855E+1
-1.095681E+1
-1.010274E+1
-9.604408E+0
-9.358918E+0
-9.308938E+0
-9.477988E+0
-9.863128E+0
-1.054374E+1
-1.171974E+1
-1.434663E+1
-2.050005E+1
-2.050005E+1
-2.050005E+1
-2.050005E+1
-2.050005E+1
-1.627380E+1
-1.260027E+1
-1.130520E+1
-1.063341E+1
-1.027326E+1
-1.012185E+1
-1.019535E+1
-1.043496E+1
-1.090389E+1
-1.157274E+1
-1.265907E+1
-1.476852E+1
-2.050005E+1
-2.050005E+1
-2.050005E+1
-2.050005E+1
-2.050005E+1
-2.050005E+1
-2.050005E+1
-2.050005E+1
-2.050005E+1
-2.050005E+1
-2.050005E+1
-2.050005E+1
-2.050005E+1
-2.050005E+1
-2.050005E+1
-2.050005E+1
-2.050005E+1
-2.050005E+1
-2.050005E+1
-2.050005E+1
-2.050005E+1
-2.050005E+1
-2.050005E+1
-2.050005E+1
-2.050005E+1
-1.549911E+1
-1.447893E+1
-1.434663E+1
-1.493022E+1
-1.627380E+1
-2.050005E+1
-2.050005E+1
-2.050005E+1
-2.050005E+1
-2.050005E+1
-2.050005E+1
-1.899477E+1
-1.660896E+1
-1.598421E+1
-1.572843E+1
-1.529331E+1
-1.476852E+1
-1.399383E+1
-1.311330E+1
-1.223277E+1
-1.136841E+1
-1.065693E+1
-1.008510E+1
-9.604408E+0
-9.210448E+0
-8.909098E+0
-8.690068E+0
-8.553358E+0
-8.475448E+0
-8.432818E+0
-8.432818E+0
-8.457808E+0
-8.518078E+0
-8.597458E+0
-8.700358E+0
-8.847358E+0
-9.060508E+0
-9.385378E+0
-9.830788E+0
-1.043496E+1
-1.130520E+1
-1.265907E+1
-1.510368E+1
-2.050005E+1
-2.050005E+1
-2.050005E+1
-2.050005E+1
-1.529331E+1
-1.318680E+1
-1.218573E+1
-1.160802E+1
-1.127433E+1
-1.112439E+1
-1.115379E+1
-1.127433E+1
-1.150218E+1
-1.171974E+1
-1.187850E+1
-1.196082E+1
-1.187850E+1
-1.175796E+1
-1.160802E+1
-1.153746E+1
-1.164477E+1
-1.191966E+1
-1.243563E+1
-1.351020E+1
-1.598421E+1
-2.050005E+1
-2.050005E+1
-2.050005E+1
-2.050005E+1
-2.050005E+1
-2.050005E+1
-2.050005E+1
-1.598421E+1
-1.311330E+1
-1.179765E+1
-1.095681E+1
-1.035264E+1
-9.946918E+0
-9.692608E+0
-9.604408E+0
-9.677908E+0
-9.929278E+0
-1.041438E+1
-1.118319E+1
-1.248855E+1
-1.510368E+1
-2.050005E+1
-2.050005E+1
-2.050005E+1
-2.050005E+1
-1.598421E+1
-1.359840E+1
-1.254441E+1
-1.196082E+1
-1.160802E+1
-1.136841E+1
-1.115379E+1
-1.098327E+1
-1.080099E+1
-1.063341E+1
-1.054374E+1
-1.054374E+1
-1.068045E+1
-1.101120E+1
-1.164477E+1
-1.284135E+1
-1.660896E+1
-2.050005E+1
-2.050005E+1
-2.050005E+1
-2.050005E+1
-2.050005E+1
-2.050005E+1
-2.050005E+1
-2.050005E+1
-2.050005E+1
-2.050005E+1
-2.050005E+1
-2.050005E+1
-2.050005E+1
-2.050005E+1
-2.050005E+1
-2.050005E+1
-2.050005E+1
-1.410555E+1
-1.326324E+1
-1.311330E+1
-1.359840E+1
-1.461858E+1
-1.748949E+1
-2.050005E+1
-2.050005E+1
-2.050005E+1
-2.050005E+1
-2.050005E+1
-2.050005E+1
-2.050005E+1
-2.050005E+1
-2.050005E+1
-2.050005E+1
-2.050005E+1
-2.050005E+1
-2.050005E+1
-2.050005E+1
-2.050005E+1
-2.050005E+1
-1.899477E+1
-1.304274E+1
-1.153746E+1
-1.065693E+1
-1.010274E+1
-9.738178E+0
-9.519148E+0
-9.438298E+0
-9.464758E+0
-9.604408E+0
-9.863128E+0
-1.025268E+1
-1.085244E+1
-1.175796E+1
-1.318680E+1
-1.700439E+1
-2.050005E+1
-2.050005E+1
-2.050005E+1
-2.050005E+1
-1.351020E+1
-1.171974E+1
-1.068045E+1
-9.980728E+0
-9.505918E+0
-9.222208E+0
-9.060508E+0
-9.016408E+0
-9.048748E+0
-9.139888E+0
-9.295708E+0
-9.492688E+0
-9.738178E+0
-1.006746E+1
-1.054374E+1
-1.124346E+1
-1.243563E+1
-1.598421E+1
-2.050005E+1
-2.050005E+1
-2.050005E+1
-2.050005E+1
-2.050005E+1
-2.050005E+1
-2.050005E+1
-2.050005E+1
-2.050005E+1
-2.050005E+1
-2.050005E+1
-2.050005E+1
-2.050005E+1
-2.050005E+1
-2.050005E+1
-2.050005E+1
-2.050005E+1
-2.050005E+1
-2.050005E+1
-2.050005E+1
-2.050005E+1
-1.529331E+1
-1.326324E+1
-1.223277E+1
-1.146837E+1
-1.093035E+1
-1.052169E+1
-1.021446E+1
-1.001454E+1
-9.929278E+0
-9.963088E+0
-1.013949E+1
-1.052169E+1
-1.115379E+1
-1.223277E+1
-1.476852E+1
-2.050005E+1
-2.050005E+1
-2.050005E+1
-2.050005E+1
-2.050005E+1
-2.050005E+1
-2.050005E+1
-2.050005E+1
-2.050005E+1
-2.050005E+1
-2.050005E+1
-2.050005E+1
-2.050005E+1
-2.050005E+1
-2.050005E+1
-2.050005E+1
-1.627380E+1
-1.369101E+1
-1.271787E+1
-1.213869E+1
-1.191966E+1
-1.187850E+1
-1.209312E+1
-1.248855E+1
-1.326324E+1
-1.493022E+1
-2.050005E+1
-2.050005E+1
-2.050005E+1
-2.050005E+1
-2.050005E+1
-2.050005E+1
-2.050005E+1
-2.050005E+1
-2.050005E+1
-2.050005E+1
-2.050005E+1
-2.050005E+1
-2.050005E+1
-1.700439E+1
-1.342494E+1
-1.196082E+1
-1.103913E+1
-1.041438E+1
-9.980728E+0
-9.692608E+0
-9.547078E+0
-9.519148E+0
-9.604408E+0
-9.783748E+0
-1.004982E+1
-1.039380E+1
-1.080099E+1
-1.124346E+1
-1.168152E+1
-1.218573E+1
-1.271787E+1
-1.334262E+1
-1.410555E+1
-1.510368E+1
-1.700439E+1
-2.050005E+1
-2.050005E+1
-2.050005E+1
-2.050005E+1
-1.899477E+1
-1.660896E+1
-1.510368E+1
-1.434663E+1
-1.388799E+1
-1.351020E+1
-1.318680E+1
-1.284135E+1
-1.243563E+1
-1.200492E+1
-1.160802E+1
-1.124346E+1
-1.087743E+1
-1.049964E+1
-1.017624E+1
-9.846958E+0
-9.519148E+0
-9.222208E+0
-8.962018E+0
-8.738578E+0
-8.597458E+0
-8.526898E+0
-8.526898E+0
-8.607748E+0
-8.757688E+0
-8.962018E+0
-9.175168E+0
-9.358918E+0
-9.464758E+0
-9.477988E+0
-9.398608E+0
-9.258958E+0
-9.104608E+0
-8.982598E+0
-8.898808E+0
-8.878228E+0
-8.909098E+0
-9.016408E+0
-9.198688E+0
-9.451528E+0
-9.769048E+0
-1.015860E+1
-1.058784E+1
-1.101120E+1
-1.136841E+1
-1.153746E+1
-1.143456E+1
-1.115379E+1
-1.072749E+1
-1.027326E+1
-9.863128E+0
-9.519148E+0
-9.272188E+0
-9.070798E+0
-8.939968E+0
-8.867938E+0
-8.857648E+0
-8.888518E+0
-8.939968E+0
-9.004648E+0
-9.082558E+0
-9.175168E+0
-9.258958E+0
-9.333928E+0
-9.411838E+0
-9.492688E+0
-9.604408E+0
-9.769048E+0
-9.963088E+0
-1.021446E+1
-1.052169E+1
-1.095681E+1
-1.150218E+1
-1.223277E+1
-1.318680E+1
-1.493022E+1
-2.050005E+1
-2.050005E+1
-2.050005E+1
-2.050005E+1
-2.050005E+1
-2.050005E+1
-2.050005E+1
-2.050005E+1
-2.050005E+1
-2.050005E+1
-2.050005E+1
-2.050005E+1
-2.050005E+1
-1.422315E+1
-1.164477E+1
-1.043496E+1
-9.663208E+0
-9.116368E+0
-8.747398E+0
-8.491618E+0
-8.325508E+0
-8.247598E+0
-8.232898E+0
-8.278468E+0
-8.374018E+0
-8.526898E+0
-8.747398E+0
-9.038458E+0
-9.438298E+0
-9.963088E+0
-1.072749E+1
-1.200492E+1
-1.529331E+1
-2.050005E+1
-2.050005E+1
-2.050005E+1
-2.050005E+1
-2.050005E+1
-2.050005E+1
-2.050005E+1
-2.050005E+1
-2.050005E+1
-2.050005E+1
-1.359840E+1
-1.196082E+1
-1.124346E+1
-1.090389E+1
-1.082745E+1
-1.095681E+1
-1.124346E+1
-1.175796E+1
-1.254441E+1
-1.399383E+1
-2.050005E+1
-2.050005E+1
-2.050005E+1
-2.050005E+1
-2.050005E+1
-2.050005E+1
-2.050005E+1
-2.050005E+1
-2.050005E+1
-2.050005E+1
-2.050005E+1
-2.050005E+1
-2.050005E+1
-2.050005E+1
-1.290750E+1
-1.098327E+1
-1.004982E+1
-9.492688E+0
-9.163408E+0
-8.994358E+0
-8.950258E+0
-9.026698E+0
-9.175168E+0
-9.385378E+0
-9.589708E+0
-9.738178E+0
-9.752878E+0
-9.604408E+0
-9.358918E+0
-9.048748E+0
-8.747398E+0
-8.500438E+0
-8.310808E+0
-8.209378E+0
-8.194678E+0
-8.247598E+0
-8.382838E+0
-8.579818E+0
-8.826778E+0
-9.104608E+0
-9.398608E+0
-9.663208E+0
-9.896938E+0
-1.006746E+1
-1.019535E+1
-1.029237E+1
-1.033206E+1
-1.039380E+1
-1.045554E+1
-1.054374E+1
-1.065693E+1
-1.077747E+1
-1.090389E+1
-1.109499E+1
-1.130520E+1
-1.157274E+1
-1.191966E+1
-1.248855E+1
-1.342494E+1
-1.529331E+1
-2.050005E+1
-2.050005E+1
-2.050005E+1
-2.050005E+1
-2.050005E+1
-2.050005E+1
-2.050005E+1
-2.050005E+1
-2.050005E+1
-2.050005E+1
-2.050005E+1
-2.050005E+1
-2.050005E+1
-2.050005E+1
-2.050005E+1
-2.050005E+1
-2.050005E+1
-2.050005E+1
-2.050005E+1
-2.050005E+1
-2.050005E+1
-2.050005E+1
-2.050005E+1
-2.050005E+1
-2.050005E+1
-2.050005E+1
-2.050005E+1
-2.050005E+1
-2.050005E+1
-2.050005E+1
-2.050005E+1
-2.050005E+1
-1.318680E+1
-1.124346E+1
-1.031148E+1
-9.752878E+0
-9.451528E+0
-9.322168E+0
-9.322168E+0
-9.438298E+0
-9.604408E+0
-9.783748E+0
-9.913108E+0
-9.963088E+0
-9.946918E+0
-9.879298E+0
-9.830788E+0
-9.879298E+0
-1.003218E+1
-1.037322E+1
-1.095681E+1
-1.196082E+1
-1.434663E+1
-2.050005E+1
-2.050005E+1
-2.050005E+1
-2.050005E+1
-2.050005E+1
-2.050005E+1
-2.050005E+1
-2.050005E+1
-2.050005E+1
-2.050005E+1
-2.050005E+1
-2.050005E+1
-2.050005E+1
-2.050005E+1
-2.050005E+1
-2.050005E+1
-2.050005E+1
-2.050005E+1
-2.050005E+1
-2.050005E+1
-2.050005E+1
-2.050005E+1
-2.050005E+1
-2.050005E+1
-2.050005E+1
-2.050005E+1
-2.050005E+1
-1.399383E+1
-1.228275E+1
-1.124346E+1
-1.049964E+1
-9.996898E+0
-9.633808E+0
-9.398608E+0
-9.272188E+0
-9.235438E+0
-9.258958E+0
-9.333928E+0
-9.438298E+0
-9.561778E+0
-9.692608E+0
-9.816088E+0
-9.929278E+0
-1.004982E+1
-1.023357E+1
-1.052169E+1
-1.098327E+1
-1.171974E+1
-1.311330E+1
-2.050005E+1
-2.050005E+1
-2.050005E+1
-2.050005E+1
-2.050005E+1
-2.050005E+1
-2.050005E+1
-2.050005E+1
-2.050005E+1
-2.050005E+1
-2.050005E+1
-2.050005E+1
-2.050005E+1
-2.050005E+1
-2.050005E+1
-2.050005E+1
-2.050005E+1
-2.050005E+1
-2.050005E+1
-2.050005E+1
-2.050005E+1
-2.050005E+1
-1.549911E+1
-1.277961E+1
-1.153746E+1
-1.075248E+1
-1.023357E+1
-9.896938E+0
-9.692608E+0
-9.589708E+0
-9.589708E+0
-9.663208E+0
-9.799918E+0
-9.980728E+0
-1.015860E+1
-1.031148E+1
-1.045554E+1
-1.056579E+1
-1.068045E+1
-1.082745E+1
-1.101120E+1
-1.127433E+1
-1.164477E+1
-1.223277E+1
-1.304274E+1
-1.410555E+1
-1.598421E+1
-2.050005E+1
-2.050005E+1
-2.050005E+1
-2.050005E+1
-2.050005E+1
-2.050005E+1
-2.050005E+1
-2.050005E+1
-2.050005E+1
-2.050005E+1
-2.050005E+1
-2.050005E+1
-2.050005E+1
-2.050005E+1
-2.050005E+1
-2.050005E+1
-2.050005E+1
-2.050005E+1
-2.050005E+1
-2.050005E+1
-2.050005E+1
-2.050005E+1
-2.050005E+1
-2.050005E+1
-1.572843E+1
-1.369101E+1
-1.290750E+1
-1.265907E+1
-1.265907E+1
-1.290750E+1
-1.351020E+1
-1.493022E+1
-2.050005E+1
-2.050005E+1
-2.050005E+1
-2.050005E+1
-2.050005E+1
-2.050005E+1
-2.050005E+1
-2.050005E+1
-2.050005E+1
-2.050005E+1
-2.050005E+1
-2.050005E+1
-2.050005E+1
-2.050005E+1
-2.050005E+1
-2.050005E+1
-2.050005E+1
-2.050005E+1
-2.050005E+1
-2.050005E+1
-2.050005E+1
-2.050005E+1
-2.050005E+1
-2.050005E+1
-2.050005E+1
-2.050005E+1
-1.700439E+1
-1.187850E+1
-1.047759E+1
-9.663208E+0
-9.139888E+0
-8.816488E+0
-8.634208E+0
-8.562178E+0
-8.588638E+0
-8.709178E+0
-8.919388E+0
-9.210448E+0
-9.589708E+0
-1.003218E+1
-1.054374E+1
-1.106706E+1
-1.160802E+1
-1.218573E+1
-1.284135E+1
-1.388799E+1
-1.700439E+1
-2.050005E+1
-2.050005E+1
-2.050005E+1
-2.050005E+1
-2.050005E+1
-2.050005E+1
-2.050005E+1
-2.050005E+1
-2.050005E+1
-2.050005E+1
-2.050005E+1
-2.050005E+1
-1.627380E+1
-1.318680E+1
-1.228275E+1
-1.187850E+1
-1.183734E+1
-1.213869E+1
-1.290750E+1
-1.493022E+1
-2.050005E+1
-2.050005E+1
-2.050005E+1
-2.050005E+1
-2.050005E+1
-2.050005E+1
-2.050005E+1
-2.050005E+1
-2.050005E+1
-2.050005E+1
-1.388799E+1
-1.248855E+1
-1.175796E+1
-1.133607E+1
-1.109499E+1
-1.085244E+1
-1.065693E+1
-1.047759E+1
-1.029237E+1
-1.010274E+1
-9.929278E+0
-9.799918E+0
-9.738178E+0
-9.752878E+0
-9.830788E+0
-9.929278E+0
-1.004982E+1
-1.013949E+1
-1.015860E+1
-1.006746E+1
-9.879298E+0
-9.648508E+0
-9.438298E+0
-9.272188E+0
-9.186928E+0
-9.186928E+0
-9.295708E+0
-9.519148E+0
-9.830788E+0
-1.023357E+1
-1.065693E+1
-1.098327E+1
-1.109499E+1
-1.095681E+1
-1.058784E+1
-1.015860E+1
-9.738178E+0
-9.358918E+0
-9.094318E+0
-8.919388E+0
-8.847358E+0
-8.857648E+0
-8.950258E+0
-9.151648E+0
-9.425068E+0
-9.799918E+0
-1.023357E+1
-1.075248E+1
-1.130520E+1
-1.175796E+1
-1.196082E+1
-1.187850E+1
-1.157274E+1
-1.118319E+1
-1.077747E+1
-1.041438E+1
-1.017624E+1
-1.003218E+1
-9.980728E+0
-9.996898E+0
-1.008510E+1
-1.025268E+1
-1.049964E+1
-1.087743E+1
-1.143456E+1
-1.233273E+1
-1.422315E+1
-2.050005E+1
-2.050005E+1
-2.050005E+1
-2.050005E+1
-2.050005E+1
-2.050005E+1
-2.050005E+1
-2.050005E+1
-2.050005E+1
-2.050005E+1
-2.050005E+1
-2.050005E+1
-2.050005E+1
-2.050005E+1
-2.050005E+1
-2.050005E+1
-2.050005E+1
-2.050005E+1
-2.050005E+1
-2.050005E+1
-2.050005E+1
-2.050005E+1
-2.050005E+1
-2.050005E+1
-2.050005E+1
-2.050005E+1
-2.050005E+1
-2.050005E+1
-2.050005E+1
-2.050005E+1
-1.461858E+1
-1.228275E+1
-1.124346E+1
-1.063341E+1
-1.023357E+1
-1.003218E+1
-9.963088E+0
-9.996898E+0
-1.012185E+1
-1.029237E+1
-1.043496E+1
-1.054374E+1
-1.056579E+1
-1.049964E+1
-1.037322E+1
-1.025268E+1
-1.017624E+1
-1.015860E+1
-1.019535E+1
-1.031148E+1
-1.049964E+1
-1.075248E+1
-1.101120E+1
-1.124346E+1
-1.140222E+1
-1.143456E+1
-1.133607E+1
-1.115379E+1
-1.090389E+1
-1.063341E+1
-1.041438E+1
-1.027326E+1
-1.021446E+1
-1.027326E+1
-1.049964E+1
-1.098327E+1
-1.187850E+1
-1.410555E+1
-2.050005E+1
-2.050005E+1
-2.050005E+1
-2.050005E+1
-2.050005E+1
-2.050005E+1
-2.050005E+1
-2.050005E+1
-2.050005E+1
-2.050005E+1
-2.050005E+1
-2.050005E+1
-2.050005E+1
-2.050005E+1
-2.050005E+1
-2.050005E+1
-2.050005E+1
-1.476852E+1
-1.304274E+1
-1.213869E+1
-1.157274E+1
-1.124346E+1
-1.109499E+1
-1.112439E+1
-1.127433E+1
-1.160802E+1
-1.213869E+1
-1.277961E+1
-1.359840E+1
-1.447893E+1
-1.476852E+1
-1.434663E+1
-1.351020E+1
-1.265907E+1
-1.196082E+1
-1.146837E+1
-1.118319E+1
-1.106706E+1
-1.121259E+1
-1.175796E+1
-1.297365E+1
-2.050005E+1
-2.050005E+1
-2.050005E+1
-2.050005E+1
-2.050005E+1
-2.050005E+1
-2.050005E+1
-2.050005E+1
-2.050005E+1
-2.050005E+1
-2.050005E+1
-2.050005E+1
-2.050005E+1
-2.050005E+1
-2.050005E+1
-2.050005E+1
-2.050005E+1
-1.378803E+1
-1.243563E+1
-1.183734E+1
-1.153746E+1
-1.140222E+1
-1.143456E+1
-1.160802E+1
-1.191966E+1
-1.233273E+1
-1.297365E+1
-1.422315E+1
-2.050005E+1
-2.050005E+1
-2.050005E+1
-2.050005E+1
-2.050005E+1
-2.050005E+1
-2.050005E+1
-2.050005E+1
-2.050005E+1
-2.050005E+1
-2.050005E+1
-2.050005E+1
-2.050005E+1
-2.050005E+1
-1.326324E+1
-1.095681E+1
-1.001454E+1
-9.519148E+0
-9.283948E+0
-9.258958E+0
-9.398608E+0
-9.769048E+0
-1.045554E+1
-1.179765E+1
-2.050005E+1
-2.050005E+1
-2.050005E+1
-2.050005E+1
-2.050005E+1
-2.050005E+1
-2.050005E+1
-2.050005E+1
-2.050005E+1
-2.050005E+1
-2.050005E+1
-2.050005E+1
-2.050005E+1
-2.050005E+1
-1.304274E+1
-1.101120E+1
-9.996898E+0
-9.347158E+0
-8.939968E+0
-8.690068E+0
-8.579818E+0
-8.607748E+0
-8.767978E+0
-9.048748E+0
-9.464758E+0
-9.996898E+0
-1.063341E+1
-1.127433E+1
-1.179765E+1
-1.196082E+1
-1.175796E+1
-1.133607E+1
-1.082745E+1
-1.039380E+1
-1.006746E+1
-9.830788E+0
-9.722008E+0
-9.752878E+0
-9.946918E+0
-1.037322E+1
-1.121259E+1
-1.297365E+1
-2.050005E+1
-2.050005E+1
-2.050005E+1
-2.050005E+1
-2.050005E+1
-2.050005E+1
-2.050005E+1
-2.050005E+1
-2.050005E+1
-2.050005E+1
-1.899477E+1
-1.304274E+1
-1.179765E+1
-1.112439E+1
-1.068045E+1
-1.039380E+1
-1.017624E+1
-1.003218E+1
-9.980728E+0
-1.001454E+1
-1.019535E+1
-1.052169E+1
-1.106706E+1
-1.191966E+1
-1.342494E+1
-1.811424E+1
-2.050005E+1
-2.050005E+1
-2.050005E+1
-2.050005E+1
-2.050005E+1
-1.476852E+1
-1.271787E+1
-1.164477E+1
-1.101120E+1
-1.056579E+1
-1.027326E+1
-1.006746E+1
-9.946918E+0
-9.846958E+0
-9.783748E+0
-9.707308E+0
-9.604408E+0
-9.492688E+0
-9.385378E+0
-9.295708E+0
-9.222208E+0
-9.198688E+0
-9.222208E+0
-9.333928E+0
-9.533848E+0
-9.830788E+0
-1.029237E+1
-1.095681E+1
-1.200492E+1
-1.422315E+1
-2.050005E+1
-2.050005E+1
-2.050005E+1
-2.050005E+1
-2.050005E+1
-2.050005E+1
-2.050005E+1
-2.050005E+1
-2.050005E+1
-2.050005E+1
-2.050005E+1
-2.050005E+1
-2.050005E+1
-2.050005E+1
-2.050005E+1
-2.050005E+1
-2.050005E+1
-2.050005E+1
-2.050005E+1
-2.050005E+1
-2.050005E+1
-2.050005E+1
-2.050005E+1
-2.050005E+1
-2.050005E+1
-2.050005E+1
-2.050005E+1
-1.510368E+1
-1.140222E+1
-1.008510E+1
-9.283948E+0
-8.757688E+0
-8.399008E+0
-8.187328E+0
-8.084428E+0
-8.063848E+0
-8.121178E+0
-8.232898E+0
-8.415178E+0
-8.643028E+0
-8.919388E+0
-9.272188E+0
-9.692608E+0
-1.029237E+1
-1.115379E+1
-1.271787E+1
-2.050005E+1
-2.050005E+1
-2.050005E+1
-2.050005E+1
-2.050005E+1
-2.050005E+1
-2.050005E+1
-2.050005E+1
-2.050005E+1
-2.050005E+1
-2.050005E+1
-2.050005E+1
-1.811424E+1
-1.254441E+1
-1.112439E+1
-1.029237E+1
-9.738178E+0
-9.398608E+0
-9.198688E+0
-9.128128E+0
-9.151648E+0
-9.295708E+0
-9.533848E+0
-9.879298E+0
-1.033206E+1
-1.082745E+1
-1.140222E+1
-1.196082E+1
-1.254441E+1
-1.297365E+1
-1.318680E+1
-1.318680E+1
-1.304274E+1
-1.271787E+1
-1.233273E+1
-1.191966E+1
-1.150218E+1
-1.115379E+1
-1.090389E+1
-1.075248E+1
-1.070397E+1
-1.080099E+1
-1.109499E+1
-1.160802E+1
-1.248855E+1
-1.434663E+1
-2.050005E+1
-2.050005E+1
-2.050005E+1
-2.050005E+1
-2.050005E+1
-2.050005E+1
-2.050005E+1
-2.050005E+1
-2.050005E+1
-2.050005E+1
-2.050005E+1
-2.050005E+1
-2.050005E+1
-2.050005E+1
-2.050005E+1
-2.050005E+1
-2.050005E+1
-1.899477E+1
-1.447893E+1
-1.369101E+1
-1.388799E+1
-1.572843E+1
-2.050005E+1
-2.050005E+1
-2.050005E+1
-2.050005E+1
-2.050005E+1
-2.050005E+1
-2.050005E+1
-2.050005E+1
-2.050005E+1
-2.050005E+1
-2.050005E+1
-2.050005E+1
-2.050005E+1
-2.050005E+1
-2.050005E+1
-2.050005E+1
-2.050005E+1
-2.050005E+1
-2.050005E+1
-2.050005E+1
-2.050005E+1
-2.050005E+1
-1.493022E+1
-1.326324E+1
-1.260027E+1
-1.238271E+1
-1.248855E+1
-1.304274E+1
-1.434663E+1
-2.050005E+1
-2.050005E+1
-2.050005E+1
-2.050005E+1
-2.050005E+1
-2.050005E+1
-2.050005E+1
-2.050005E+1
-2.050005E+1
-2.050005E+1
-2.050005E+1
-2.050005E+1
-2.050005E+1
-2.050005E+1
-2.050005E+1
-2.050005E+1
-2.050005E+1
-2.050005E+1
-2.050005E+1
-2.050005E+1
-2.050005E+1
-2.050005E+1
-2.050005E+1
