Date/Time	2022-06-26 20:03:57
Line location	1
Line name	A1
OTDR wavelength [nm]	1310
OTDR pulse duration [ns]	2
OTDR scan time [s]	10
OTDR scan length [m]	1.500000E+2
Length offset [m]	0.000000E+0
Length increment [m]	3.996806E-2
Switch ID	VIAVI Solutions,OTU 8000E,11654,FO,16.76
OTDR ID	JDSU,OTU 8000E,11654,OTU(SmartOTU),V7.22

Reflected amplitude [dB]
7.105820E-1
7.002920E-1
6.723620E-1
6.326720E-1
5.900420E-1
5.503520E-1
5.194820E-1
4.944920E-1
4.768520E-1
4.680320E-1
4.768520E-1
5.033120E-1
5.415320E-1
5.797520E-1
6.150320E-1
6.429620E-1
6.664820E-1
6.811820E-1
6.914720E-1
6.958820E-1
6.870620E-1
6.576620E-1
6.032720E-1
5.371220E-1
4.621520E-1
3.754220E-1
2.784020E-1
1.843220E-1
9.612200E-2
2.115200E-2
-4.352800E-2
-9.791800E-2
-1.420180E-1
-1.787680E-1
-2.066980E-1
-2.287480E-1
-2.449180E-1
-2.566780E-1
-2.669680E-1
-2.743180E-1
-2.801980E-1
-2.860780E-1
-2.904880E-1
-2.963680E-1
-3.037180E-1
-3.110680E-1
-3.198880E-1
-3.316480E-1
-3.448780E-1
-3.595780E-1
-3.772180E-1
-3.948580E-1
-4.154380E-1
-4.345480E-1
-4.565980E-1
-4.771780E-1
-4.977580E-1
-5.168680E-1
-5.359780E-1
-5.550880E-1
-5.727280E-1
-5.888980E-1
-6.050680E-1
-6.182980E-1
-6.300580E-1
-6.403480E-1
-6.476980E-1
-6.535780E-1
-6.579880E-1
-6.594580E-1
-6.609280E-1
-6.623980E-1
-6.638680E-1
-6.638680E-1
-6.638680E-1
-6.638680E-1
-6.638680E-1
-6.638680E-1
-6.623980E-1
-6.579880E-1
-6.535780E-1
-6.476980E-1
-6.418180E-1
-6.359380E-1
-6.300580E-1
-6.271180E-1
-6.241780E-1
-6.227080E-1
-6.241780E-1
-6.256480E-1
-6.271180E-1
-6.300580E-1
-6.315280E-1
-6.315280E-1
-6.315280E-1
-6.300580E-1
-6.300580E-1
-6.285880E-1
-6.271180E-1
-6.256480E-1
-6.241780E-1
-6.241780E-1
-6.227080E-1
-6.227080E-1
-6.212380E-1
-6.197680E-1
-6.182980E-1
-6.168280E-1
-6.153580E-1
-6.138880E-1
-6.109480E-1
-6.094780E-1
-6.094780E-1
-6.094780E-1
-6.109480E-1
-6.138880E-1
-6.182980E-1
-6.256480E-1
-6.344680E-1
-6.447580E-1
-6.535780E-1
-6.623980E-1
-6.697480E-1
-6.741580E-1
-6.756280E-1
-6.756280E-1
-6.726880E-1
-6.712180E-1
-6.697480E-1
-6.697480E-1
-6.712180E-1
-6.741580E-1
-6.800380E-1
-6.873880E-1
-6.962080E-1
-7.050280E-1
-7.123780E-1
-7.197280E-1
-7.285480E-1
-7.358980E-1
-7.447180E-1
-7.535380E-1
-7.623580E-1
-7.711780E-1
-7.373680E-1
-4.962880E-1
1.490420E-1
1.154522E+0
2.289362E+0
3.391862E+0
4.385582E+0
5.239652E+0
5.954072E+0
6.547952E+0
7.038932E+0
7.438772E+0
7.756292E+0
7.992962E+0
8.156132E+0
8.253152E+0
8.286962E+0
8.266382E+0
8.192882E+0
8.069402E+0
7.895942E+0
7.675442E+0
7.409372E+0
7.099202E+0
6.747872E+0
6.356852E+0
5.933492E+0
5.480732E+0
5.007392E+0
4.517882E+0
4.019552E+0
3.516812E+0
3.030242E+0
2.580422E+0
2.184992E+0
1.848362E+0
1.567592E+0
1.329452E+0
1.123652E+0
9.413720E-1
7.752620E-1
6.091520E-1
4.459820E-1
2.975120E-1
1.549220E-1
1.527200E-2
-1.140880E-1
-2.287480E-1
-3.272380E-1
-4.154380E-1
-4.933480E-1
-5.594980E-1
-6.168280E-1
-6.638680E-1
-7.006180E-1
-7.285480E-1
-7.476580E-1
-7.608880E-1
-7.667680E-1
-7.697080E-1
-7.697080E-1
-7.682380E-1
-7.667680E-1
-7.652980E-1
-7.652980E-1
-7.652980E-1
-7.652980E-1
-7.667680E-1
-7.652980E-1
-7.638280E-1
-7.608880E-1
-7.550080E-1
-7.476580E-1
-7.388380E-1
-7.314880E-1
-7.226680E-1
-7.167880E-1
-7.123780E-1
-7.109080E-1
-7.109080E-1
-7.123780E-1
-7.167880E-1
-7.211980E-1
-7.270780E-1
-7.314880E-1
-7.358980E-1
-7.403080E-1
-7.447180E-1
-7.476580E-1
-7.535380E-1
-7.579480E-1
-7.652980E-1
-7.726480E-1
-7.799980E-1
-7.888180E-1
-7.946980E-1
-8.005780E-1
-8.035180E-1
-8.035180E-1
-8.020480E-1
-7.976380E-1
-7.932280E-1
-7.873480E-1
-7.829380E-1
-7.799980E-1
-7.799980E-1
-7.829380E-1
-7.873480E-1
-7.946980E-1
-8.035180E-1
-8.138080E-1
-8.226280E-1
-8.299780E-1
-8.343880E-1
-8.373280E-1
-8.373280E-1
-8.358580E-1
-8.314480E-1
-8.285080E-1
-8.240980E-1
-8.196880E-1
-8.167480E-1
-8.152780E-1
-8.138080E-1
-8.152780E-1
-8.152780E-1
-8.167480E-1
-8.182180E-1
-8.196880E-1
-8.211580E-1
-8.226280E-1
-8.226280E-1
-8.211580E-1
-8.196880E-1
-8.167480E-1
-8.138080E-1
-8.093980E-1
-8.049880E-1
-8.005780E-1
-7.976380E-1
-7.961680E-1
-7.946980E-1
-7.961680E-1
-7.976380E-1
-8.005780E-1
-8.035180E-1
-8.064580E-1
-8.108680E-1
-8.152780E-1
-8.211580E-1
-8.285080E-1
-8.358580E-1
-8.432080E-1
-8.490880E-1
-8.549680E-1
-8.593780E-1
-8.593780E-1
-8.593780E-1
-8.549680E-1
-8.505580E-1
-8.432080E-1
-8.373280E-1
-8.314480E-1
-8.255680E-1
-8.211580E-1
-8.167480E-1
-8.138080E-1
-8.123380E-1
-8.108680E-1
-8.108680E-1
-8.108680E-1
-8.123380E-1
-8.152780E-1
-8.196880E-1
-8.240980E-1
-8.285080E-1
-8.314480E-1
-8.343880E-1
-8.343880E-1
-8.314480E-1
-8.255680E-1
-8.182180E-1
-8.093980E-1
-7.991080E-1
-7.902880E-1
-7.844080E-1
-7.799980E-1
-7.799980E-1
-7.829380E-1
-7.888180E-1
-7.961680E-1
-8.049880E-1
-8.123380E-1
-8.182180E-1
-8.211580E-1
-8.196880E-1
-8.152780E-1
-8.064580E-1
-7.946980E-1
-7.799980E-1
-7.623580E-1
-7.461880E-1
-7.285480E-1
-7.109080E-1
-6.932680E-1
-6.785680E-1
-6.653380E-1
-6.535780E-1
-6.462280E-1
-6.418180E-1
-6.403480E-1
-6.432880E-1
-6.506380E-1
-6.609280E-1
-6.741580E-1
-6.888580E-1
-7.050280E-1
-7.226680E-1
-7.403080E-1
-7.564780E-1
-7.726480E-1
-7.858780E-1
-7.976380E-1
-8.064580E-1
-8.138080E-1
-8.182180E-1
-8.196880E-1
-8.211580E-1
-8.211580E-1
-8.211580E-1
-8.211580E-1
-8.226280E-1
-8.240980E-1
-8.270380E-1
-8.314480E-1
-8.358580E-1
-8.387980E-1
-8.417380E-1
-8.432080E-1
-8.432080E-1
-8.417380E-1
-8.387980E-1
-8.343880E-1
-8.285080E-1
-8.226280E-1
-8.167480E-1
-8.108680E-1
-8.049880E-1
-8.005780E-1
-7.961680E-1
-7.932280E-1
-7.917580E-1
-7.917580E-1
-7.946980E-1
-7.976380E-1
-8.005780E-1
-8.049880E-1
-8.079280E-1
-8.108680E-1
-8.108680E-1
-8.079280E-1
-8.035180E-1
-7.961680E-1
-7.873480E-1
-7.755880E-1
-7.638280E-1
-7.491280E-1
-7.344280E-1
-7.182580E-1
-7.020880E-1
-6.844480E-1
-6.697480E-1
-6.550480E-1
-6.447580E-1
-6.374080E-1
-6.359380E-1
-6.374080E-1
-6.447580E-1
-6.565180E-1
-6.712180E-1
-6.873880E-1
-7.050280E-1
-7.197280E-1
-7.329580E-1
-7.447180E-1
-7.535380E-1
-7.594180E-1
-7.638280E-1
-7.667680E-1
-7.711780E-1
-7.741180E-1
-7.799980E-1
-7.858780E-1
-7.932280E-1
-8.035180E-1
-8.123380E-1
-8.226280E-1
-8.314480E-1
-8.387980E-1
-8.446780E-1
-8.490880E-1
-8.505580E-1
-8.505580E-1
-8.490880E-1
-8.476180E-1
-8.432080E-1
-8.387980E-1
-8.343880E-1
-8.270380E-1
-8.196880E-1
-8.123380E-1
-8.049880E-1
-7.991080E-1
-7.961680E-1
-7.946980E-1
-7.961680E-1
-8.020480E-1
-8.093980E-1
-8.196880E-1
-8.299780E-1
-8.402680E-1
-8.476180E-1
-8.549680E-1
-8.579080E-1
-8.579080E-1
-8.564380E-1
-8.520280E-1
-8.446780E-1
-8.373280E-1
-8.285080E-1
-8.211580E-1
-8.123380E-1
-8.049880E-1
-7.991080E-1
-7.917580E-1
-7.858780E-1
-7.799980E-1
-7.726480E-1
-7.652980E-1
-7.594180E-1
-7.535380E-1
-7.476580E-1
-7.447180E-1
-7.417780E-1
-7.403080E-1
-7.388380E-1
-7.373680E-1
-7.358980E-1
-7.329580E-1
-7.300180E-1
-7.256080E-1
-7.226680E-1
-7.197280E-1
-7.197280E-1
-7.226680E-1
-7.270780E-1
-7.329580E-1
-7.417780E-1
-7.520680E-1
-7.608880E-1
-7.682380E-1
-7.726480E-1
-7.755880E-1
-7.741180E-1
-7.711780E-1
-7.667680E-1
-7.623580E-1
-7.579480E-1
-7.535380E-1
-7.520680E-1
-7.520680E-1
-7.550080E-1
-7.594180E-1
-7.667680E-1
-7.741180E-1
-7.829380E-1
-7.932280E-1
-8.020480E-1
-8.108680E-1
-8.182180E-1
-8.255680E-1
-8.299780E-1
-8.343880E-1
-8.358580E-1
-8.373280E-1
-8.387980E-1
-8.387980E-1
-8.387980E-1
-8.373280E-1
-8.343880E-1
-8.314480E-1
-8.255680E-1
-8.196880E-1
-8.123380E-1
-8.035180E-1
-7.946980E-1
-7.858780E-1
-7.770580E-1
-7.697080E-1
-7.652980E-1
-7.623580E-1
-7.608880E-1
-7.623580E-1
-7.667680E-1
-7.726480E-1
-7.785280E-1
-7.858780E-1
-7.932280E-1
-8.005780E-1
-8.064580E-1
-8.108680E-1
-8.138080E-1
-8.138080E-1
-8.138080E-1
-8.123380E-1
-8.108680E-1
-8.079280E-1
-8.064580E-1
-8.064580E-1
-8.064580E-1
-8.079280E-1
-8.093980E-1
-8.123380E-1
-8.152780E-1
-8.182180E-1
-8.211580E-1
-8.255680E-1
-8.285080E-1
-8.329180E-1
-8.373280E-1
-8.402680E-1
-8.432080E-1
-8.461480E-1
-8.490880E-1
-8.505580E-1
-8.505580E-1
-8.505580E-1
-8.490880E-1
-8.490880E-1
-8.476180E-1
-8.476180E-1
-8.461480E-1
-8.461480E-1
-8.461480E-1
-8.476180E-1
-8.490880E-1
-8.505580E-1
-8.520280E-1
-8.549680E-1
-8.549680E-1
-8.564380E-1
-8.549680E-1
-8.505580E-1
-8.461480E-1
-8.402680E-1
-8.329180E-1
-8.240980E-1
-8.152780E-1
-8.064580E-1
-7.976380E-1
-7.888180E-1
-7.814680E-1
-7.741180E-1
-7.667680E-1
-7.594180E-1
-7.520680E-1
-7.461880E-1
-7.417780E-1
-7.373680E-1
-7.344280E-1
-7.344280E-1
-7.344280E-1
-7.373680E-1
-7.403080E-1
-7.461880E-1
-7.535380E-1
-7.594180E-1
-7.667680E-1
-7.726480E-1
-7.770580E-1
-7.814680E-1
-7.844080E-1
-7.873480E-1
-7.888180E-1
-7.917580E-1
-7.946980E-1
-7.991080E-1
-8.035180E-1
-8.064580E-1
-8.108680E-1
-8.123380E-1
-8.138080E-1
-8.123380E-1
-8.079280E-1
-8.020480E-1
-7.946980E-1
-7.858780E-1
-7.770580E-1
-7.682380E-1
-7.608880E-1
-7.550080E-1
-7.520680E-1
-7.535380E-1
-7.579480E-1
-7.638280E-1
-7.741180E-1
-7.858780E-1
-7.976380E-1
-8.108680E-1
-8.226280E-1
-8.329180E-1
-8.417380E-1
-8.490880E-1
-8.534980E-1
-8.564380E-1
-8.549680E-1
-8.534980E-1
-8.490880E-1
-8.417380E-1
-8.343880E-1
-8.270380E-1
-8.196880E-1
-8.123380E-1
-8.064580E-1
-8.020480E-1
-8.005780E-1
-7.991080E-1
-7.991080E-1
-7.991080E-1
-7.991080E-1
-7.976380E-1
-7.961680E-1
-7.946980E-1
-7.932280E-1
-7.917580E-1
-7.917580E-1
-7.932280E-1
-7.961680E-1
-7.991080E-1
-8.020480E-1
-8.049880E-1
-8.049880E-1
-8.035180E-1
-8.005780E-1
-7.976380E-1
-7.932280E-1
-7.888180E-1
-7.844080E-1
-7.829380E-1
-7.814680E-1
-7.814680E-1
-7.829380E-1
-7.844080E-1
-7.844080E-1
-7.844080E-1
-7.844080E-1
-7.829380E-1
-7.814680E-1
-7.785280E-1
-7.741180E-1
-7.711780E-1
-7.682380E-1
-7.652980E-1
-7.638280E-1
-7.623580E-1
-7.623580E-1
-7.623580E-1
-7.638280E-1
-7.638280E-1
-7.652980E-1
-7.667680E-1
-7.697080E-1
-7.711780E-1
-7.741180E-1
-7.770580E-1
-7.799980E-1
-7.844080E-1
-7.888180E-1
-7.932280E-1
-7.976380E-1
-8.035180E-1
-8.093980E-1
-8.152780E-1
-8.226280E-1
-8.314480E-1
-8.402680E-1
-8.505580E-1
-8.579080E-1
-8.652580E-1
-8.681980E-1
-8.667280E-1
-8.637880E-1
-8.549680E-1
-8.446780E-1
-8.314480E-1
-8.182180E-1
-8.049880E-1
-7.932280E-1
-7.814680E-1
-7.741180E-1
-7.682380E-1
-7.667680E-1
-7.682380E-1
-7.726480E-1
-7.785280E-1
-7.873480E-1
-7.961680E-1
-8.064580E-1
-8.138080E-1
-8.211580E-1
-8.255680E-1
-8.285080E-1
-8.285080E-1
-8.270380E-1
-8.226280E-1
-8.167480E-1
-8.108680E-1
-8.035180E-1
-7.946980E-1
-7.873480E-1
-7.799980E-1
-7.726480E-1
-7.667680E-1
-7.638280E-1
-7.608880E-1
-7.594180E-1
-7.608880E-1
-7.623580E-1
-7.638280E-1
-7.667680E-1
-7.697080E-1
-7.711780E-1
-7.741180E-1
-7.755880E-1
-7.785280E-1
-7.829380E-1
-7.873480E-1
-7.946980E-1
-8.020480E-1
-8.108680E-1
-8.211580E-1
-8.299780E-1
-8.387980E-1
-8.461480E-1
-8.520280E-1
-8.564380E-1
-8.593780E-1
-8.593780E-1
-8.608480E-1
-8.608480E-1
-8.608480E-1
-8.608480E-1
-8.593780E-1
-8.593780E-1
-8.579080E-1
-8.549680E-1
-8.520280E-1
-8.476180E-1
-8.432080E-1
-8.373280E-1
-8.329180E-1
-8.270380E-1
-8.226280E-1
-8.167480E-1
-8.093980E-1
-8.020480E-1
-7.946980E-1
-7.858780E-1
-7.785280E-1
-7.741180E-1
-7.711780E-1
-7.697080E-1
-7.726480E-1
-7.785280E-1
-7.858780E-1
-7.946980E-1
-8.035180E-1
-8.108680E-1
-8.152780E-1
-8.182180E-1
-8.196880E-1
-8.182180E-1
-8.167480E-1
-8.138080E-1
-8.123380E-1
-8.108680E-1
-8.108680E-1
-8.108680E-1
-8.123380E-1
-8.123380E-1
-8.138080E-1
-8.123380E-1
-8.123380E-1
-8.108680E-1
-8.108680E-1
-8.108680E-1
-8.123380E-1
-8.138080E-1
-8.182180E-1
-8.226280E-1
-8.285080E-1
-8.329180E-1
-8.373280E-1
-8.417380E-1
-8.446780E-1
-8.461480E-1
-8.476180E-1
-8.476180E-1
-8.490880E-1
-8.520280E-1
-8.549680E-1
-8.579080E-1
-8.608480E-1
-8.623180E-1
-8.623180E-1
-8.608480E-1
-8.549680E-1
-8.476180E-1
-8.373280E-1
-8.255680E-1
-8.123380E-1
-7.991080E-1
-7.873480E-1
-7.785280E-1
-7.711780E-1
-7.682380E-1
-7.667680E-1
-7.682380E-1
-7.711780E-1
-7.741180E-1
-7.770580E-1
-7.785280E-1
-7.799980E-1
-7.785280E-1
-7.785280E-1
-7.785280E-1
-7.785280E-1
-7.799980E-1
-7.829380E-1
-7.888180E-1
-7.976380E-1
-8.079280E-1
-8.182180E-1
-8.285080E-1
-8.373280E-1
-8.446780E-1
-8.490880E-1
-8.505580E-1
-8.505580E-1
-8.490880E-1
-8.461480E-1
-8.432080E-1
-8.402680E-1
-8.402680E-1
-8.417380E-1
-8.446780E-1
-8.476180E-1
-8.534980E-1
-8.593780E-1
-8.637880E-1
-8.681980E-1
-8.711380E-1
-8.740780E-1
-8.740780E-1
-8.726080E-1
-8.696680E-1
-8.667280E-1
-8.623180E-1
-8.579080E-1
-8.549680E-1
-8.534980E-1
-8.520280E-1
-8.534980E-1
-8.549680E-1
-8.564380E-1
-8.579080E-1
-8.593780E-1
-8.593780E-1
-8.564380E-1
-8.520280E-1
-8.461480E-1
-8.387980E-1
-8.314480E-1
-8.240980E-1
-8.167480E-1
-8.108680E-1
-8.064580E-1
-8.020480E-1
-8.005780E-1
-7.991080E-1
-7.991080E-1
-7.991080E-1
-7.991080E-1
-7.976380E-1
-7.961680E-1
-7.946980E-1
-7.902880E-1
-7.873480E-1
-7.829380E-1
-7.799980E-1
-7.770580E-1
-7.741180E-1
-7.726480E-1
-7.726480E-1
-7.726480E-1
-7.741180E-1
-7.741180E-1
-7.726480E-1
-7.711780E-1
-7.697080E-1
-7.652980E-1
-7.608880E-1
-7.579480E-1
-7.535380E-1
-7.520680E-1
-7.520680E-1
-7.535380E-1
-7.579480E-1
-7.638280E-1
-7.726480E-1
-7.814680E-1
-7.917580E-1
-8.020480E-1
-8.123380E-1
-8.211580E-1
-8.285080E-1
-8.343880E-1
-8.358580E-1
-8.373280E-1
-8.358580E-1
-8.343880E-1
-8.299780E-1
-8.255680E-1
-8.211580E-1
-8.167480E-1
-8.123380E-1
-8.079280E-1
-8.064580E-1
-8.035180E-1
-8.035180E-1
-8.049880E-1
-8.064580E-1
-8.064580E-1
-8.079280E-1
-8.079280E-1
-8.064580E-1
-8.035180E-1
-7.991080E-1
-7.946980E-1
-7.888180E-1
-7.829380E-1
-7.785280E-1
-7.741180E-1
-7.711780E-1
-7.697080E-1
-7.697080E-1
-7.711780E-1
-7.741180E-1
-7.770580E-1
-7.814680E-1
-7.858780E-1
-7.917580E-1
-7.961680E-1
-8.020480E-1
-8.079280E-1
-8.108680E-1
-8.152780E-1
-8.182180E-1
-8.182180E-1
-8.182180E-1
-8.152780E-1
-8.108680E-1
-8.079280E-1
-8.020480E-1
-7.991080E-1
-7.961680E-1
-7.961680E-1
-7.976380E-1
-8.035180E-1
-8.108680E-1
-8.226280E-1
-8.373280E-1
-8.549680E-1
-8.740780E-1
-8.975980E-1
-9.196480E-1
-9.446380E-1
-9.696280E-1
-9.946180E-1
-1.021078E+0
-1.046068E+0
-1.071058E+0
-1.097518E+0
-1.123978E+0
-1.151908E+0
-1.178368E+0
-1.206298E+0
-1.234228E+0
-1.260688E+0
-1.287148E+0
-1.313608E+0
-1.337128E+0
-1.360648E+0
-1.381228E+0
-1.400338E+0
-1.416508E+0
-1.431208E+0
-1.441498E+0
-1.450318E+0
-1.457668E+0
-1.465018E+0
-1.470898E+0
-1.478248E+0
-1.485598E+0
-1.492948E+0
-1.500298E+0
-1.509118E+0
-1.516468E+0
-1.522348E+0
-1.529698E+0
-1.534108E+0
-1.539988E+0
-1.544398E+0
-1.550278E+0
-1.556158E+0
-1.562038E+0
-1.567918E+0
-1.573798E+0
-1.578208E+0
-1.584088E+0
-1.588498E+0
-1.592908E+0
-1.597318E+0
-1.601728E+0
-1.607608E+0
-1.613488E+0
-1.619368E+0
-1.625248E+0
-1.631128E+0
-1.635538E+0
-1.638478E+0
-1.639948E+0
-1.641418E+0
-1.639948E+0
-1.638478E+0
-1.637008E+0
-1.635538E+0
-1.632598E+0
-1.632598E+0
-1.632598E+0
-1.634068E+0
-1.635538E+0
-1.638478E+0
-1.642888E+0
-1.645828E+0
-1.648768E+0
-1.650238E+0
-1.651708E+0
-1.651708E+0
-1.650238E+0
-1.648768E+0
-1.647298E+0
-1.647298E+0
-1.648768E+0
-1.653178E+0
-1.659058E+0
-1.669348E+0
-1.681108E+0
-1.694338E+0
-1.707568E+0
-1.720798E+0
-1.729618E+0
-1.734028E+0
-1.734028E+0
-1.728148E+0
-1.717858E+0
-1.704628E+0
-1.688458E+0
-1.672288E+0
-1.659058E+0
-1.647298E+0
-1.639948E+0
-1.637008E+0
-1.637008E+0
-1.641418E+0
-1.647298E+0
-1.656118E+0
-1.664938E+0
-1.672288E+0
-1.678168E+0
-1.682578E+0
-1.685518E+0
-1.685518E+0
-1.682578E+0
-1.679638E+0
-1.675228E+0
-1.670818E+0
-1.667878E+0
-1.664938E+0
-1.663468E+0
-1.664938E+0
-1.669348E+0
-1.675228E+0
-1.684048E+0
-1.694338E+0
-1.706098E+0
-1.719328E+0
-1.732558E+0
-1.744318E+0
-1.756078E+0
-1.764898E+0
-1.773718E+0
-1.782538E+0
-1.789888E+0
-1.795768E+0
-1.801648E+0
-1.807528E+0
-1.810468E+0
-1.811938E+0
-1.810468E+0
-1.808998E+0
-1.804588E+0
-1.800178E+0
-1.795768E+0
-1.794298E+0
-1.792828E+0
-1.795768E+0
-1.798708E+0
-1.806058E+0
-1.813408E+0
-1.822228E+0
-1.832518E+0
-1.841338E+0
-1.848688E+0
-1.854568E+0
-1.858978E+0
-1.861918E+0
-1.861918E+0
-1.861918E+0
-1.858978E+0
-1.856038E+0
-1.850158E+0
-1.844278E+0
-1.835458E+0
-1.828108E+0
-1.817818E+0
-1.810468E+0
-1.801648E+0
-1.795768E+0
-1.791358E+0
-1.789888E+0
-1.788418E+0
-1.788418E+0
-1.788418E+0
-1.789888E+0
-1.788418E+0
-1.788418E+0
-1.786948E+0
-1.785478E+0
-1.785478E+0
-1.786948E+0
-1.791358E+0
-1.797238E+0
-1.806058E+0
-1.817818E+0
-1.831048E+0
-1.844278E+0
-1.858978E+0
-1.873678E+0
-1.885438E+0
-1.897198E+0
-1.906018E+0
-1.911898E+0
-1.916308E+0
-1.917778E+0
-1.917778E+0
-1.916308E+0
-1.913368E+0
-1.911898E+0
-1.911898E+0
-1.911898E+0
-1.913368E+0
-1.914838E+0
-1.917778E+0
-1.922188E+0
-1.928068E+0
-1.935418E+0
-1.947178E+0
-1.960408E+0
-1.976578E+0
-1.995688E+0
-2.017738E+0
-2.039788E+0
-2.060368E+0
-2.079478E+0
-2.095648E+0
-2.108878E+0
-2.116228E+0
-2.120638E+0
-2.120638E+0
-2.117698E+0
-2.110348E+0
-2.101528E+0
-2.089768E+0
-2.078008E+0
-2.067718E+0
-2.058898E+0
-2.053018E+0
-2.048608E+0
-2.047138E+0
-2.048608E+0
-2.053018E+0
-2.060368E+0
-2.069188E+0
-2.080948E+0
-2.092708E+0
-2.102998E+0
-2.113288E+0
-2.122108E+0
-2.126518E+0
-2.127988E+0
-2.126518E+0
-2.123578E+0
-2.120638E+0
-2.117698E+0
-2.116228E+0
-2.119168E+0
-2.123578E+0
-2.132398E+0
-2.142688E+0
-2.152978E+0
-2.164738E+0
-2.175028E+0
-2.183848E+0
-2.191198E+0
-2.197078E+0
-2.201488E+0
-2.204428E+0
-2.207368E+0
-2.208838E+0
-2.210308E+0
-2.211778E+0
-2.214718E+0
-2.216188E+0
-2.216188E+0
-2.216188E+0
-2.214718E+0
-2.213248E+0
-2.208838E+0
-2.204428E+0
-2.200018E+0
-2.197078E+0
-2.195608E+0
-2.197078E+0
-2.200018E+0
-2.205898E+0
-2.213248E+0
-2.220598E+0
-2.227948E+0
-2.235298E+0
-2.239708E+0
-2.244118E+0
-2.245588E+0
-2.247058E+0
-2.245588E+0
-2.244118E+0
-2.238238E+0
-2.230888E+0
-2.220598E+0
-2.205898E+0
-2.191198E+0
-2.175028E+0
-2.160328E+0
-2.148568E+0
-2.142688E+0
-2.141218E+0
-2.147098E+0
-2.157388E+0
-2.173558E+0
-2.189728E+0
-2.207368E+0
-2.225008E+0
-2.239708E+0
-2.251468E+0
-2.260288E+0
-2.264698E+0
-2.267638E+0
-2.269108E+0
-2.267638E+0
-2.266168E+0
-2.264698E+0
-2.263228E+0
-2.261758E+0
-2.261758E+0
-2.258818E+0
-2.257348E+0
-2.254408E+0
-2.249998E+0
-2.244118E+0
-2.238238E+0
-2.230888E+0
-2.225008E+0
-2.219128E+0
-2.216188E+0
-2.217658E+0
-2.222068E+0
-2.230888E+0
-2.245588E+0
-2.263228E+0
-2.285278E+0
-2.307328E+0
-2.329378E+0
-2.347018E+0
-2.358778E+0
-2.363188E+0
-2.361718E+0
-2.352898E+0
-2.339668E+0
-2.323498E+0
-2.308798E+0
-2.297038E+0
-2.288218E+0
-2.283808E+0
-2.283808E+0
-2.285278E+0
-2.288218E+0
-2.291158E+0
-2.292628E+0
-2.289688E+0
-2.285278E+0
-2.277928E+0
-2.269108E+0
-2.258818E+0
-2.247058E+0
-2.238238E+0
-2.230888E+0
-2.227948E+0
-2.227948E+0
-2.233828E+0
-2.245588E+0
-2.261758E+0
-2.282338E+0
-2.304388E+0
-2.330848E+0
-2.355838E+0
-2.380828E+0
-2.405818E+0
-2.430808E+0
-2.452858E+0
-2.473438E+0
-2.491078E+0
-2.505778E+0
-2.514598E+0
-2.519008E+0
-2.516068E+0
-2.507248E+0
-2.492548E+0
-2.473438E+0
-2.451388E+0
-2.429338E+0
-2.408758E+0
-2.391118E+0
-2.377888E+0
-2.370538E+0
-2.367598E+0
-2.367598E+0
-2.372008E+0
-2.377888E+0
-2.386708E+0
-2.395528E+0
-2.402878E+0
-2.410228E+0
-2.416108E+0
-2.420518E+0
-2.421988E+0
-2.420518E+0
-2.420518E+0
-2.419048E+0
-2.420518E+0
-2.423458E+0
-2.429338E+0
-2.438158E+0
-2.451388E+0
-2.463148E+0
-2.476378E+0
-2.486668E+0
-2.496958E+0
-2.504308E+0
-2.508718E+0
-2.511658E+0
-2.511658E+0
-2.511658E+0
-2.510188E+0
-2.510188E+0
-2.508718E+0
-2.508718E+0
-2.510188E+0
-2.513128E+0
-2.520478E+0
-2.527828E+0
-2.536648E+0
-2.545468E+0
-2.551348E+0
-2.555758E+0
-2.557228E+0
-2.557228E+0
-2.552818E+0
-2.548408E+0
-2.543998E+0
-2.539588E+0
-2.538118E+0
-2.536648E+0
-2.536648E+0
-2.536648E+0
-2.535178E+0
-2.533708E+0
-2.527828E+0
-2.521948E+0
-2.514598E+0
-2.507248E+0
-2.501368E+0
-2.496958E+0
-2.495488E+0
-2.498428E+0
-2.505778E+0
-2.517538E+0
-2.530768E+0
-2.546938E+0
-2.564578E+0
-2.580748E+0
-2.595448E+0
-2.607208E+0
-2.616028E+0
-2.621908E+0
-2.624848E+0
-2.627788E+0
-2.630728E+0
-2.636608E+0
-2.646898E+0
-2.658658E+0
-2.673358E+0
-2.688058E+0
-2.701288E+0
-2.711578E+0
-2.717458E+0
-2.718928E+0
-2.715988E+0
-2.713048E+0
-2.710108E+0
-2.710108E+0
-2.713048E+0
-2.718928E+0
-2.724808E+0
-2.733628E+0
-2.742448E+0
-2.748328E+0
-2.752738E+0
-2.754208E+0
-2.752738E+0
-2.751268E+0
-2.749798E+0
-2.749798E+0
-2.749798E+0
-2.749798E+0
-2.749798E+0
-2.749798E+0
-2.748328E+0
-2.746858E+0
-2.743918E+0
-2.740978E+0
-2.736568E+0
-2.732158E+0
-2.729218E+0
-2.724808E+0
-2.721868E+0
-2.720398E+0
-2.720398E+0
-2.720398E+0
-2.723338E+0
-2.727748E+0
-2.733628E+0
-2.740978E+0
-2.749798E+0
-2.757148E+0
-2.767438E+0
-2.777728E+0
-2.788018E+0
-2.796838E+0
-2.804188E+0
-2.810068E+0
-2.813008E+0
-2.814478E+0
-2.814478E+0
-2.813008E+0
-2.811538E+0
-2.810068E+0
-2.813008E+0
-2.817418E+0
-2.824768E+0
-2.830648E+0
-2.837998E+0
-2.842408E+0
-2.842408E+0
-2.837998E+0
-2.827708E+0
-2.814478E+0
-2.801248E+0
-2.786548E+0
-2.773318E+0
-2.765968E+0
-2.761558E+0
-2.763028E+0
-2.768908E+0
-2.776258E+0
-2.786548E+0
-2.796838E+0
-2.805658E+0
-2.813008E+0
-2.817418E+0
-2.818888E+0
-2.817418E+0
-2.813008E+0
-2.805658E+0
-2.795368E+0
-2.782138E+0
-2.765968E+0
-2.749798E+0
-2.733628E+0
-2.718928E+0
-2.708638E+0
-2.701288E+0
-2.701288E+0
-2.708638E+0
-2.721868E+0
-2.740978E+0
-2.765968E+0
-2.793898E+0
-2.823298E+0
-2.852698E+0
-2.879158E+0
-2.902678E+0
-2.921788E+0
-2.936488E+0
-2.946778E+0
-2.955598E+0
-2.960008E+0
-2.965888E+0
-2.970298E+0
-2.974708E+0
-2.977648E+0
-2.980588E+0
-2.982058E+0
-2.980588E+0
-2.976178E+0
-2.971768E+0
-2.965888E+0
-2.960008E+0
-2.954128E+0
-2.949718E+0
-2.945308E+0
-2.942368E+0
-2.937958E+0
-2.930608E+0
-2.921788E+0
-2.908558E+0
-2.890918E+0
-2.871808E+0
-2.852698E+0
-2.835058E+0
-2.821828E+0
-2.813008E+0
-2.814478E+0
-2.823298E+0
-2.843878E+0
-2.873278E+0
-2.908558E+0
-2.949718E+0
-2.990878E+0
-3.027628E+0
-3.058498E+0
-3.076138E+0
-3.082018E+0
-3.077608E+0
-3.062908E+0
-3.043798E+0
-3.021748E+0
-3.002638E+0
-2.990878E+0
-2.984998E+0
-2.987938E+0
-2.996758E+0
-3.012928E+0
-3.030568E+0
-3.051148E+0
-3.068788E+0
-3.084958E+0
-3.098188E+0
-3.105538E+0
-3.109948E+0
-3.108478E+0
-3.104068E+0
-3.098188E+0
-3.093778E+0
-3.090838E+0
-3.092308E+0
-3.099658E+0
-3.111418E+0
-3.129058E+0
-3.149638E+0
-3.173158E+0
-3.196678E+0
-3.217258E+0
-3.234898E+0
-3.246658E+0
-3.254008E+0
-3.255478E+0
-3.252538E+0
-3.245188E+0
-3.236368E+0
-3.226078E+0
-3.215788E+0
-3.205498E+0
-3.196678E+0
-3.189328E+0
-3.183448E+0
-3.177568E+0
-3.171688E+0
-3.164338E+0
-3.158458E+0
-3.149638E+0
-3.140818E+0
-3.131998E+0
-3.121708E+0
-3.112888E+0
-3.105538E+0
-3.099658E+0
-3.096718E+0
-3.096718E+0
-3.098188E+0
-3.102598E+0
-3.108478E+0
-3.115828E+0
-3.123178E+0
-3.131998E+0
-3.137878E+0
-3.143758E+0
-3.146698E+0
-3.146698E+0
-3.145228E+0
-3.140818E+0
-3.134938E+0
-3.127588E+0
-3.121708E+0
-3.117298E+0
-3.115828E+0
-3.114358E+0
-3.115828E+0
-3.115828E+0
-3.117298E+0
-3.117298E+0
-3.117298E+0
-3.115828E+0
-3.115828E+0
-3.115828E+0
-3.121708E+0
-3.129058E+0
-3.142288E+0
-3.155518E+0
-3.171688E+0
-3.187858E+0
-3.201088E+0
-3.214318E+0
-3.226078E+0
-3.237838E+0
-3.251068E+0
-3.265768E+0
-3.284878E+0
-3.308398E+0
-3.331918E+0
-3.355438E+0
-3.376018E+0
-3.392188E+0
-3.401008E+0
-3.405418E+0
-3.403948E+0
-3.398068E+0
-3.393658E+0
-3.390718E+0
-3.390718E+0
-3.396598E+0
-3.406888E+0
-3.423058E+0
-3.442168E+0
-3.462748E+0
-3.480388E+0
-3.495088E+0
-3.502438E+0
-3.499498E+0
-3.489208E+0
-3.470098E+0
-3.445108E+0
-3.417178E+0
-3.389248E+0
-3.365728E+0
-3.349558E+0
-3.342208E+0
-3.342208E+0
-3.349558E+0
-3.361318E+0
-3.373078E+0
-3.383368E+0
-3.387778E+0
-3.384838E+0
-3.374548E+0
-3.358378E+0
-3.339268E+0
-3.321628E+0
-3.308398E+0
-3.305458E+0
-3.312808E+0
-3.330448E+0
-3.359848E+0
-3.395128E+0
-3.431878E+0
-3.465688E+0
-3.487738E+0
-3.493618E+0
-3.480388E+0
-3.448048E+0
-3.399538E+0
-3.340738E+0
-3.276058E+0
-3.212848E+0
-3.154048E+0
-3.104068E+0
-3.067318E+0
-3.045268E+0
-3.039388E+0
-3.052618E+0
-3.084958E+0
-3.139348E+0
-3.215788E+0
-3.314278E+0
-3.436288E+0
-3.583288E+0
-3.756748E+0
-3.955198E+0
-4.184518E+0
-4.440298E+0
-4.728418E+0
-5.044468E+0
-5.388448E+0
-5.757418E+0
-6.138148E+0
-6.523288E+0
-6.889318E+0
-7.218598E+0
-7.493488E+0
-7.711048E+0
-7.893328E+0
-8.049148E+0
-8.209378E+0
-8.391658E+0
-8.616568E+0
-8.919388E+0
-9.283948E+0
-9.752878E+0
-1.031148E+1
-1.101120E+1
-1.187850E+1
-1.290750E+1
-1.388799E+1
-1.461858E+1
-1.447893E+1
-1.378803E+1
-1.290750E+1
-1.218573E+1
-1.157274E+1
-1.112439E+1
-1.080099E+1
-1.058784E+1
-1.045554E+1
-1.039380E+1
-1.035264E+1
-1.035264E+1
-1.033206E+1
-1.031148E+1
-1.023357E+1
-1.012185E+1
-1.001454E+1
-9.913108E+0
-9.846958E+0
-9.816088E+0
-9.863128E+0
-1.003218E+1
-1.037322E+1
-1.093035E+1
-1.191966E+1
-1.434663E+1
-2.050005E+1
-2.050005E+1
-2.050005E+1
-2.050005E+1
-2.050005E+1
-2.050005E+1
-2.050005E+1
-2.050005E+1
-2.050005E+1
-2.050005E+1
-2.050005E+1
-1.297365E+1
-1.130520E+1
-1.047759E+1
-9.980728E+0
-9.648508E+0
-9.411838E+0
-9.247198E+0
-9.104608E+0
-8.972308E+0
-8.847358E+0
-8.738578E+0
-8.634208E+0
-8.553358E+0
-8.500438E+0
-8.482798E+0
-8.500438E+0
-8.562178E+0
-8.662138E+0
-8.816488E+0
-9.026698E+0
-9.295708E+0
-9.633808E+0
-1.004982E+1
-1.056579E+1
-1.115379E+1
-1.175796E+1
-1.218573E+1
-1.228275E+1
-1.196082E+1
-1.136841E+1
-1.070397E+1
-1.012185E+1
-9.648508E+0
-9.295708E+0
-9.048748E+0
-8.909098E+0
-8.857648E+0
-8.919388E+0
-9.070798E+0
-9.322168E+0
-9.663208E+0
-1.006746E+1
-1.052169E+1
-1.093035E+1
-1.115379E+1
-1.115379E+1
-1.095681E+1
-1.060989E+1
-1.031148E+1
-1.006746E+1
-9.963088E+0
-9.980728E+0
-1.015860E+1
-1.047759E+1
-1.098327E+1
-1.171974E+1
-1.284135E+1
-1.461858E+1
-2.050005E+1
-2.050005E+1
-2.050005E+1
-2.050005E+1
-2.050005E+1
-2.050005E+1
-2.050005E+1
-2.050005E+1
-2.050005E+1
-2.050005E+1
-2.050005E+1
-2.050005E+1
-2.050005E+1
-2.050005E+1
-2.050005E+1
-2.050005E+1
-2.050005E+1
-2.050005E+1
-2.050005E+1
-2.050005E+1
-2.050005E+1
-1.748949E+1
-1.572843E+1
-1.598421E+1
-2.050005E+1
-2.050005E+1
-2.050005E+1
-2.050005E+1
-2.050005E+1
-2.050005E+1
-2.050005E+1
-2.050005E+1
-2.050005E+1
-2.050005E+1
-2.050005E+1
-2.050005E+1
-2.050005E+1
-2.050005E+1
-2.050005E+1
-2.050005E+1
-2.050005E+1
-2.050005E+1
-1.700439E+1
-1.434663E+1
-1.369101E+1
-1.369101E+1
-1.410555E+1
-1.549911E+1
-2.050005E+1
-2.050005E+1
-2.050005E+1
-2.050005E+1
-2.050005E+1
-2.050005E+1
-2.050005E+1
-2.050005E+1
-2.050005E+1
-2.050005E+1
-1.549911E+1
-1.410555E+1
-1.410555E+1
-1.510368E+1
-2.050005E+1
-2.050005E+1
-2.050005E+1
-2.050005E+1
-2.050005E+1
-2.050005E+1
-2.050005E+1
-2.050005E+1
-2.050005E+1
-2.050005E+1
-2.050005E+1
-2.050005E+1
-2.050005E+1
-2.050005E+1
-2.050005E+1
-2.050005E+1
-2.050005E+1
-2.050005E+1
-2.050005E+1
-2.050005E+1
-2.050005E+1
-2.050005E+1
-2.050005E+1
-2.050005E+1
-2.050005E+1
-2.050005E+1
-2.050005E+1
-2.050005E+1
-2.050005E+1
-2.050005E+1
-2.050005E+1
-2.050005E+1
-2.050005E+1
-2.050005E+1
-2.050005E+1
-2.050005E+1
-2.050005E+1
-2.050005E+1
-2.050005E+1
-2.050005E+1
-2.050005E+1
-2.050005E+1
-2.050005E+1
-2.050005E+1
-2.050005E+1
-2.050005E+1
-2.050005E+1
-2.050005E+1
-2.050005E+1
-2.050005E+1
-2.050005E+1
-2.050005E+1
-2.050005E+1
-2.050005E+1
-2.050005E+1
-2.050005E+1
-2.050005E+1
-2.050005E+1
-2.050005E+1
-2.050005E+1
-2.050005E+1
-2.050005E+1
-2.050005E+1
-2.050005E+1
-2.050005E+1
-2.050005E+1
-2.050005E+1
-2.050005E+1
-1.899477E+1
-1.318680E+1
-1.191966E+1
-1.136841E+1
-1.115379E+1
-1.124346E+1
-1.157274E+1
-1.218573E+1
-1.311330E+1
-1.422315E+1
-1.510368E+1
-1.476852E+1
-1.369101E+1
-1.254441E+1
-1.157274E+1
-1.077747E+1
-1.017624E+1
-9.692608E+0
-9.308938E+0
-8.994358E+0
-8.757688E+0
-8.579818E+0
-8.482798E+0
-8.466628E+0
-8.509258E+0
-8.625388E+0
-8.816488E+0
-9.082558E+0
-9.425068E+0
-9.830788E+0
-1.031148E+1
-1.087743E+1
-1.157274E+1
-1.243563E+1
-1.359840E+1
-1.549911E+1
-2.050005E+1
-2.050005E+1
-2.050005E+1
-2.050005E+1
-2.050005E+1
-1.598421E+1
-1.334262E+1
-1.191966E+1
-1.090389E+1
-1.013949E+1
-9.533848E+0
-9.070798E+0
-8.747398E+0
-8.544538E+0
-8.466628E+0
-8.500438E+0
-8.653318E+0
-8.929678E+0
-9.347158E+0
-9.879298E+0
-1.052169E+1
-1.121259E+1
-1.187850E+1
-1.243563E+1
-1.284135E+1
-1.318680E+1
-1.369101E+1
-1.529331E+1
-2.050005E+1
-2.050005E+1
-2.050005E+1
-2.050005E+1
-2.050005E+1
-2.050005E+1
-2.050005E+1
-2.050005E+1
-2.050005E+1
-2.050005E+1
-2.050005E+1
-2.050005E+1
-1.399383E+1
-1.290750E+1
-1.265907E+1
-1.290750E+1
-1.369101E+1
-1.529331E+1
-2.050005E+1
-2.050005E+1
-2.050005E+1
-1.748949E+1
-1.369101E+1
-1.200492E+1
-1.093035E+1
-1.023357E+1
-9.738178E+0
-9.411838E+0
-9.210448E+0
-9.116368E+0
-9.104608E+0
-9.175168E+0
-9.295708E+0
-9.492688E+0
-9.738178E+0
-1.001454E+1
-1.035264E+1
-1.070397E+1
-1.101120E+1
-1.118319E+1
-1.115379E+1
-1.098327E+1
-1.072749E+1
-1.047759E+1
-1.029237E+1
-1.021446E+1
-1.027326E+1
-1.049964E+1
-1.093035E+1
-1.164477E+1
-1.297365E+1
-1.748949E+1
-2.050005E+1
-2.050005E+1
-2.050005E+1
-2.050005E+1
-2.050005E+1
-2.050005E+1
-2.050005E+1
-2.050005E+1
-2.050005E+1
-2.050005E+1
-2.050005E+1
-2.050005E+1
-2.050005E+1
-2.050005E+1
-2.050005E+1
-2.050005E+1
-2.050005E+1
-2.050005E+1
-2.050005E+1
-2.050005E+1
-2.050005E+1
-2.050005E+1
-2.050005E+1
-2.050005E+1
-2.050005E+1
-2.050005E+1
-2.050005E+1
-1.369101E+1
-1.213869E+1
-1.133607E+1
-1.082745E+1
-1.054374E+1
-1.045554E+1
-1.054374E+1
-1.085244E+1
-1.150218E+1
-1.277961E+1
-2.050005E+1
-2.050005E+1
-2.050005E+1
-2.050005E+1
-2.050005E+1
-2.050005E+1
-2.050005E+1
-2.050005E+1
-2.050005E+1
-2.050005E+1
-2.050005E+1
-2.050005E+1
-2.050005E+1
-2.050005E+1
-2.050005E+1
-2.050005E+1
-2.050005E+1
-2.050005E+1
-2.050005E+1
-1.572843E+1
-1.243563E+1
-1.124346E+1
-1.056579E+1
-1.013949E+1
-9.863128E+0
-9.692608E+0
-9.589708E+0
-9.547078E+0
-9.519148E+0
-9.505918E+0
-9.477988E+0
-9.438298E+0
-9.398608E+0
-9.333928E+0
-9.283948E+0
-9.247198E+0
-9.258958E+0
-9.333928E+0
-9.477988E+0
-9.738178E+0
-1.017624E+1
-1.093035E+1
-1.238271E+1
-2.050005E+1
-2.050005E+1
-2.050005E+1
-2.050005E+1
-2.050005E+1
-2.050005E+1
-2.050005E+1
-2.050005E+1
-2.050005E+1
-2.050005E+1
-2.050005E+1
-2.050005E+1
-2.050005E+1
-2.050005E+1
-2.050005E+1
-2.050005E+1
-1.627380E+1
-1.434663E+1
-1.378803E+1
-1.378803E+1
-1.434663E+1
-1.660896E+1
-2.050005E+1
-2.050005E+1
-2.050005E+1
-2.050005E+1
-2.050005E+1
-2.050005E+1
-2.050005E+1
-2.050005E+1
-2.050005E+1
-2.050005E+1
-2.050005E+1
-2.050005E+1
-2.050005E+1
-2.050005E+1
-1.529331E+1
-1.209312E+1
-1.093035E+1
-1.033206E+1
-1.001454E+1
-9.896938E+0
-9.929278E+0
-1.012185E+1
-1.049964E+1
-1.109499E+1
-1.196082E+1
-1.351020E+1
-2.050005E+1
-2.050005E+1
-2.050005E+1
-2.050005E+1
-2.050005E+1
-2.050005E+1
-2.050005E+1
-2.050005E+1
-2.050005E+1
-2.050005E+1
-2.050005E+1
-2.050005E+1
-2.050005E+1
-2.050005E+1
-2.050005E+1
-2.050005E+1
-2.050005E+1
-2.050005E+1
-2.050005E+1
-2.050005E+1
-2.050005E+1
-2.050005E+1
-2.050005E+1
-2.050005E+1
-1.660896E+1
-1.434663E+1
-1.318680E+1
-1.233273E+1
-1.175796E+1
-1.133607E+1
-1.103913E+1
-1.087743E+1
-1.080099E+1
-1.080099E+1
-1.093035E+1
-1.115379E+1
-1.146837E+1
-1.191966E+1
-1.254441E+1
-1.359840E+1
-1.598421E+1
-2.050005E+1
-2.050005E+1
-2.050005E+1
-2.050005E+1
-2.050005E+1
-2.050005E+1
-2.050005E+1
-2.050005E+1
-2.050005E+1
-2.050005E+1
-2.050005E+1
-2.050005E+1
-2.050005E+1
-1.290750E+1
-1.118319E+1
-1.021446E+1
-9.575008E+0
-9.104608E+0
-8.747398E+0
-8.457808E+0
-8.224078E+0
-8.049148E+0
-7.912438E+0
-7.822768E+0
-7.778668E+0
-7.778668E+0
-7.841878E+0
-7.959478E+0
-8.150578E+0
-8.407828E+0
-8.728288E+0
-9.139888E+0
-9.633808E+0
-1.023357E+1
-1.101120E+1
-1.200492E+1
-1.359840E+1
-2.050005E+1
-2.050005E+1
-2.050005E+1
-2.050005E+1
-2.050005E+1
-2.050005E+1
-2.050005E+1
-2.050005E+1
-2.050005E+1
-2.050005E+1
-2.050005E+1
-2.050005E+1
-2.050005E+1
-2.050005E+1
-2.050005E+1
-2.050005E+1
-2.050005E+1
-2.050005E+1
-2.050005E+1
-2.050005E+1
-2.050005E+1
-2.050005E+1
-2.050005E+1
-2.050005E+1
-2.050005E+1
-2.050005E+1
-2.050005E+1
-2.050005E+1
-2.050005E+1
-2.050005E+1
-2.050005E+1
-2.050005E+1
-2.050005E+1
-2.050005E+1
-2.050005E+1
-2.050005E+1
-2.050005E+1
-2.050005E+1
-2.050005E+1
-2.050005E+1
-2.050005E+1
-2.050005E+1
-2.050005E+1
-2.050005E+1
-1.811424E+1
-1.342494E+1
-1.204902E+1
-1.130520E+1
-1.082745E+1
-1.058784E+1
-1.049964E+1
-1.054374E+1
-1.070397E+1
-1.095681E+1
-1.130520E+1
-1.171974E+1
-1.228275E+1
-1.304274E+1
-1.434663E+1
-1.811424E+1
-2.050005E+1
-2.050005E+1
-2.050005E+1
-2.050005E+1
-2.050005E+1
-2.050005E+1
-2.050005E+1
-2.050005E+1
-2.050005E+1
-2.050005E+1
-2.050005E+1
-2.050005E+1
-2.050005E+1
-2.050005E+1
-2.050005E+1
-2.050005E+1
-2.050005E+1
-2.050005E+1
-2.050005E+1
-1.388799E+1
-1.179765E+1
-1.085244E+1
-1.031148E+1
-1.001454E+1
-9.863128E+0
-9.846958E+0
-9.963088E+0
-1.023357E+1
-1.068045E+1
-1.146837E+1
-1.311330E+1
-2.050005E+1
-2.050005E+1
-2.050005E+1
-2.050005E+1
-2.050005E+1
-2.050005E+1
-2.050005E+1
-2.050005E+1
-2.050005E+1
-2.050005E+1
-2.050005E+1
-2.050005E+1
-2.050005E+1
-2.050005E+1
-2.050005E+1
-2.050005E+1
-2.050005E+1
-2.050005E+1
-1.510368E+1
-1.410555E+1
-1.461858E+1
-2.050005E+1
-2.050005E+1
-2.050005E+1
-2.050005E+1
-2.050005E+1
-2.050005E+1
-2.050005E+1
-2.050005E+1
-2.050005E+1
-2.050005E+1
-2.050005E+1
-2.050005E+1
-2.050005E+1
-2.050005E+1
-2.050005E+1
-2.050005E+1
-2.050005E+1
-2.050005E+1
-2.050005E+1
-2.050005E+1
-2.050005E+1
-2.050005E+1
-2.050005E+1
-1.572843E+1
-1.434663E+1
-1.378803E+1
-1.359840E+1
-1.359840E+1
-1.369101E+1
-1.388799E+1
-1.399383E+1
-1.410555E+1
-1.399383E+1
-1.388799E+1
-1.369101E+1
-1.351020E+1
-1.342494E+1
-1.334262E+1
-1.342494E+1
-1.378803E+1
-1.447893E+1
-1.598421E+1
-2.050005E+1
-2.050005E+1
-2.050005E+1
-2.050005E+1
-2.050005E+1
-1.899477E+1
-1.447893E+1
-1.290750E+1
-1.187850E+1
-1.118319E+1
-1.070397E+1
-1.039380E+1
-1.021446E+1
-1.015860E+1
-1.019535E+1
-1.031148E+1
-1.047759E+1
-1.070397E+1
-1.095681E+1
-1.124346E+1
-1.164477E+1
-1.218573E+1
-1.311330E+1
-1.529331E+1
-2.050005E+1
-2.050005E+1
-2.050005E+1
-2.050005E+1
-2.050005E+1
-2.050005E+1
-2.050005E+1
-2.050005E+1
-2.050005E+1
-2.050005E+1
-2.050005E+1
-2.050005E+1
-2.050005E+1
-2.050005E+1
-2.050005E+1
-2.050005E+1
-2.050005E+1
-2.050005E+1
-2.050005E+1
-2.050005E+1
-2.050005E+1
-2.050005E+1
-2.050005E+1
-2.050005E+1
-2.050005E+1
-2.050005E+1
-2.050005E+1
-2.050005E+1
-1.351020E+1
-1.200492E+1
-1.130520E+1
-1.095681E+1
-1.082745E+1
-1.087743E+1
-1.103913E+1
-1.136841E+1
-1.179765E+1
-1.238271E+1
-1.311330E+1
-1.422315E+1
-1.660896E+1
-2.050005E+1
-2.050005E+1
-2.050005E+1
-2.050005E+1
-2.050005E+1
-2.050005E+1
-2.050005E+1
-2.050005E+1
-2.050005E+1
-2.050005E+1
-2.050005E+1
-2.050005E+1
-2.050005E+1
-2.050005E+1
-2.050005E+1
-2.050005E+1
-2.050005E+1
-2.050005E+1
-2.050005E+1
-2.050005E+1
-2.050005E+1
-2.050005E+1
-2.050005E+1
-2.050005E+1
-2.050005E+1
-2.050005E+1
-2.050005E+1
-2.050005E+1
-2.050005E+1
-2.050005E+1
-2.050005E+1
-2.050005E+1
-2.050005E+1
-2.050005E+1
-2.050005E+1
-2.050005E+1
-1.748949E+1
-1.304274E+1
-1.153746E+1
-1.058784E+1
-9.929278E+0
-9.477988E+0
-9.186928E+0
-9.038458E+0
-8.994358E+0
-9.038458E+0
-9.151648E+0
-9.322168E+0
-9.505918E+0
-9.633808E+0
-9.692608E+0
-9.633808E+0
-9.477988E+0
-9.272188E+0
-9.038458E+0
-8.847358E+0
-8.690068E+0
-8.607748E+0
-8.597458E+0
-8.653318E+0
-8.787088E+0
-8.972308E+0
-9.198688E+0
-9.464758E+0
-9.738178E+0
-1.003218E+1
-1.029237E+1
-1.056579E+1
-1.080099E+1
-1.103913E+1
-1.127433E+1
-1.140222E+1
-1.146837E+1
-1.136841E+1
-1.112439E+1
-1.077747E+1
-1.041438E+1
-1.004982E+1
-9.707308E+0
-9.411838E+0
-9.163408E+0
-8.972308E+0
-8.826778E+0
-8.738578E+0
-8.690068E+0
-8.700358E+0
-8.767978E+0
-8.898808E+0
-9.082558E+0
-9.322168E+0
-9.619108E+0
-9.946918E+0
-1.031148E+1
-1.065693E+1
-1.098327E+1
-1.133607E+1
-1.179765E+1
-1.243563E+1
-1.351020E+1
-1.700439E+1
-2.050005E+1
-2.050005E+1
-2.050005E+1
-2.050005E+1
-2.050005E+1
-2.050005E+1
-2.050005E+1
-2.050005E+1
-2.050005E+1
-2.050005E+1
-2.050005E+1
-2.050005E+1
-2.050005E+1
-2.050005E+1
-2.050005E+1
-2.050005E+1
-2.050005E+1
-2.050005E+1
-2.050005E+1
-2.050005E+1
-2.050005E+1
-2.050005E+1
-2.050005E+1
-2.050005E+1
-2.050005E+1
-2.050005E+1
-2.050005E+1
-2.050005E+1
-2.050005E+1
-1.342494E+1
-1.160802E+1
-1.072749E+1
-1.019535E+1
-9.879298E+0
-9.692608E+0
-9.633808E+0
-9.633808E+0
-9.707308E+0
-9.799918E+0
-9.913108E+0
-1.003218E+1
-1.013949E+1
-1.023357E+1
-1.029237E+1
-1.033206E+1
-1.037322E+1
-1.035264E+1
-1.031148E+1
-1.021446E+1
-1.010274E+1
-9.980728E+0
-9.863128E+0
-9.783748E+0
-9.738178E+0
-9.783748E+0
-9.896938E+0
-1.010274E+1
-1.043496E+1
-1.090389E+1
-1.157274E+1
-1.254441E+1
-1.422315E+1
-2.050005E+1
-2.050005E+1
-2.050005E+1
-2.050005E+1
-2.050005E+1
-2.050005E+1
-2.050005E+1
-2.050005E+1
-1.748949E+1
-1.447893E+1
-1.326324E+1
-1.265907E+1
-1.218573E+1
-1.183734E+1
-1.150218E+1
-1.121259E+1
-1.095681E+1
-1.068045E+1
-1.043496E+1
-1.019535E+1
-9.980728E+0
-9.830788E+0
-9.752878E+0
-9.722008E+0
-9.769048E+0
-9.913108E+0
-1.013949E+1
-1.043496E+1
-1.077747E+1
-1.109499E+1
-1.130520E+1
-1.136841E+1
-1.124346E+1
-1.098327E+1
-1.072749E+1
-1.049964E+1
-1.033206E+1
-1.023357E+1
-1.017624E+1
-1.015860E+1
-1.013949E+1
-1.006746E+1
-9.929278E+0
-9.752878E+0
-9.533848E+0
-9.333928E+0
-9.139888E+0
-9.004648E+0
-8.919388E+0
-8.898808E+0
-8.950258E+0
-9.082558E+0
-9.295708E+0
-9.633808E+0
-1.013949E+1
-1.087743E+1
-1.213869E+1
-1.529331E+1
-2.050005E+1
-2.050005E+1
-2.050005E+1
-2.050005E+1
-2.050005E+1
-2.050005E+1
-2.050005E+1
-2.050005E+1
-2.050005E+1
-2.050005E+1
-2.050005E+1
-2.050005E+1
-2.050005E+1
-2.050005E+1
-2.050005E+1
-2.050005E+1
-2.050005E+1
-2.050005E+1
-2.050005E+1
-2.050005E+1
-1.549911E+1
-1.277961E+1
-1.179765E+1
-1.136841E+1
-1.121259E+1
-1.130520E+1
-1.157274E+1
-1.209312E+1
-1.290750E+1
-1.447893E+1
-2.050005E+1
-2.050005E+1
-2.050005E+1
-2.050005E+1
-2.050005E+1
-2.050005E+1
-2.050005E+1
-2.050005E+1
-2.050005E+1
-2.050005E+1
-2.050005E+1
-2.050005E+1
-2.050005E+1
-2.050005E+1
-2.050005E+1
-2.050005E+1
-2.050005E+1
-1.899477E+1
-1.318680E+1
-1.223277E+1
-1.191966E+1
-1.209312E+1
-1.254441E+1
-1.342494E+1
-1.493022E+1
-1.811424E+1
-2.050005E+1
-2.050005E+1
-1.811424E+1
-1.529331E+1
-1.399383E+1
-1.318680E+1
-1.265907E+1
-1.238271E+1
-1.213869E+1
-1.196082E+1
-1.179765E+1
-1.164477E+1
-1.146837E+1
-1.127433E+1
-1.109499E+1
-1.090389E+1
-1.075248E+1
-1.060989E+1
-1.049964E+1
-1.039380E+1
-1.031148E+1
-1.025268E+1
-1.019535E+1
-1.013949E+1
-1.008510E+1
-1.006746E+1
-1.006746E+1
-1.010274E+1
-1.019535E+1
-1.033206E+1
-1.058784E+1
-1.095681E+1
-1.150218E+1
-1.243563E+1
-1.434663E+1
-2.050005E+1
-2.050005E+1
-2.050005E+1
-2.050005E+1
-2.050005E+1
-2.050005E+1
-2.050005E+1
-2.050005E+1
-2.050005E+1
-2.050005E+1
-2.050005E+1
-2.050005E+1
-2.050005E+1
-2.050005E+1
-2.050005E+1
-2.050005E+1
-2.050005E+1
-2.050005E+1
-2.050005E+1
-2.050005E+1
-2.050005E+1
-2.050005E+1
-2.050005E+1
-2.050005E+1
-2.050005E+1
-2.050005E+1
-2.050005E+1
-2.050005E+1
-2.050005E+1
-2.050005E+1
-1.549911E+1
-1.388799E+1
-1.318680E+1
-1.277961E+1
-1.260027E+1
-1.260027E+1
-1.284135E+1
-1.334262E+1
-1.422315E+1
-1.700439E+1
-2.050005E+1
-2.050005E+1
-2.050005E+1
-2.050005E+1
-2.050005E+1
-2.050005E+1
-2.050005E+1
-2.050005E+1
-2.050005E+1
-2.050005E+1
-2.050005E+1
-2.050005E+1
-2.050005E+1
-2.050005E+1
-2.050005E+1
-2.050005E+1
-2.050005E+1
-2.050005E+1
-2.050005E+1
-2.050005E+1
-2.050005E+1
-2.050005E+1
-2.050005E+1
-2.050005E+1
-1.369101E+1
-1.213869E+1
-1.127433E+1
-1.072749E+1
-1.041438E+1
-1.029237E+1
-1.035264E+1
-1.058784E+1
-1.103913E+1
-1.168152E+1
-1.271787E+1
-1.447893E+1
-2.050005E+1
-2.050005E+1
-2.050005E+1
-2.050005E+1
-2.050005E+1
-2.050005E+1
-2.050005E+1
-2.050005E+1
-2.050005E+1
-1.493022E+1
-1.290750E+1
-1.164477E+1
-1.070397E+1
-9.996898E+0
-9.464758E+0
-9.060508E+0
-8.787088E+0
-8.607748E+0
-8.526898E+0
-8.544538E+0
-8.653318E+0
-8.867938E+0
-9.175168E+0
-9.589708E+0
-1.010274E+1
-1.075248E+1
-1.153746E+1
-1.243563E+1
-1.326324E+1
-1.388799E+1
-1.422315E+1
-1.422315E+1
-1.399383E+1
-1.351020E+1
-1.304274E+1
-1.254441E+1
-1.196082E+1
-1.133607E+1
-1.070397E+1
-1.012185E+1
-9.604408E+0
-9.186928E+0
-8.857648E+0
-8.634208E+0
-8.491618E+0
-8.441638E+0
-8.475448E+0
-8.579818E+0
-8.757688E+0
-9.004648E+0
-9.322168E+0
-9.722008E+0
-1.023357E+1
-1.090389E+1
-1.191966E+1
-1.378803E+1
-2.050005E+1
-2.050005E+1
-2.050005E+1
-2.050005E+1
-2.050005E+1
-2.050005E+1
-2.050005E+1
-2.050005E+1
-2.050005E+1
-2.050005E+1
-2.050005E+1
-2.050005E+1
-1.359840E+1
-1.179765E+1
-1.087743E+1
-1.027326E+1
-9.816088E+0
-9.492688E+0
-9.235438E+0
-9.060508E+0
-8.939968E+0
-8.888518E+0
-8.909098E+0
-9.004648E+0
-9.210448E+0
-9.547078E+0
-1.008510E+1
-1.090389E+1
-1.248855E+1
-2.050005E+1
-2.050005E+1
-2.050005E+1
-2.050005E+1
-2.050005E+1
-2.050005E+1
-2.050005E+1
-2.050005E+1
-2.050005E+1
-2.050005E+1
-2.050005E+1
-2.050005E+1
-2.050005E+1
-2.050005E+1
-1.209312E+1
-1.060989E+1
-9.799918E+0
-9.308938E+0
-9.038458E+0
-8.939968E+0
-9.026698E+0
-9.295708E+0
-9.830788E+0
-1.080099E+1
-1.304274E+1
-2.050005E+1
-2.050005E+1
-2.050005E+1
-2.050005E+1
-2.050005E+1
-2.050005E+1
-2.050005E+1
-2.050005E+1
-2.050005E+1
-2.050005E+1
-2.050005E+1
-2.050005E+1
-2.050005E+1
-1.410555E+1
-1.271787E+1
-1.213869E+1
-1.187850E+1
-1.183734E+1
-1.191966E+1
-1.204902E+1
-1.218573E+1
-1.228275E+1
-1.228275E+1
-1.218573E+1
-1.200492E+1
-1.179765E+1
-1.157274E+1
-1.136841E+1
-1.118319E+1
-1.106706E+1
-1.098327E+1
-1.093035E+1
-1.087743E+1
-1.085244E+1
-1.077747E+1
-1.065693E+1
-1.049964E+1
-1.027326E+1
-1.004982E+1
-9.799918E+0
-9.575008E+0
-9.358918E+0
-9.163408E+0
-8.994358E+0
-8.867938E+0
-8.776798E+0
-8.728288E+0
-8.728288E+0
-8.787088E+0
-8.919388E+0
-9.128128E+0
-9.425068E+0
-9.846958E+0
-1.039380E+1
-1.112439E+1
-1.209312E+1
-1.342494E+1
-1.510368E+1
-1.748949E+1
-1.811424E+1
-1.700439E+1
-1.572843E+1
-1.529331E+1
-1.572843E+1
-1.899477E+1
-2.050005E+1
-2.050005E+1
-2.050005E+1
-2.050005E+1
-2.050005E+1
-2.050005E+1
-2.050005E+1
-2.050005E+1
-2.050005E+1
-2.050005E+1
-2.050005E+1
-2.050005E+1
-2.050005E+1
-2.050005E+1
-2.050005E+1
-2.050005E+1
-2.050005E+1
-2.050005E+1
-2.050005E+1
-2.050005E+1
-2.050005E+1
-2.050005E+1
-2.050005E+1
-2.050005E+1
-2.050005E+1
-2.050005E+1
-1.899477E+1
-1.284135E+1
-1.140222E+1
-1.063341E+1
-1.017624E+1
-9.913108E+0
-9.799918E+0
-9.783748E+0
-9.816088E+0
-9.879298E+0
-9.946918E+0
-9.946918E+0
-9.896938E+0
-9.799918E+0
-9.692608E+0
-9.604408E+0
-9.547078E+0
-9.533848E+0
-9.589708E+0
-9.722008E+0
-9.929278E+0
-1.019535E+1
-1.052169E+1
-1.087743E+1
-1.130520E+1
-1.175796E+1
-1.218573E+1
-1.254441E+1
-1.290750E+1
-1.318680E+1
-1.342494E+1
-1.359840E+1
-1.359840E+1
-1.369101E+1
-1.369101E+1
-1.359840E+1
-1.351020E+1
-1.318680E+1
-1.277961E+1
-1.238271E+1
-1.191966E+1
-1.150218E+1
-1.115379E+1
-1.087743E+1
-1.068045E+1
-1.060989E+1
-1.068045E+1
-1.093035E+1
-1.143456E+1
-1.238271E+1
-1.493022E+1
-2.050005E+1
-2.050005E+1
-2.050005E+1
-2.050005E+1
-2.050005E+1
-2.050005E+1
-2.050005E+1
-2.050005E+1
-2.050005E+1
-2.050005E+1
-2.050005E+1
-2.050005E+1
-2.050005E+1
-2.050005E+1
-2.050005E+1
-1.233273E+1
-1.080099E+1
-9.980728E+0
-9.451528E+0
-9.116368E+0
-8.929678E+0
-8.837068E+0
-8.826778E+0
-8.898808E+0
-9.026698E+0
-9.222208E+0
-9.477988E+0
-9.769048E+0
-1.008510E+1
-1.041438E+1
-1.072749E+1
-1.101120E+1
-1.121259E+1
-1.130520E+1
-1.127433E+1
-1.118319E+1
-1.101120E+1
-1.085244E+1
-1.068045E+1
-1.056579E+1
-1.052169E+1
-1.052169E+1
-1.060989E+1
-1.075248E+1
-1.095681E+1
-1.121259E+1
-1.150218E+1
-1.179765E+1
-1.209312E+1
-1.233273E+1
-1.248855E+1
-1.254441E+1
-1.248855E+1
-1.233273E+1
-1.209312E+1
-1.171974E+1
-1.136841E+1
-1.106706E+1
-1.082745E+1
-1.068045E+1
-1.060989E+1
-1.060989E+1
-1.065693E+1
-1.072749E+1
-1.070397E+1
-1.056579E+1
-1.027326E+1
-9.879298E+0
-9.425068E+0
-8.972308E+0
-8.570998E+0
-8.224078E+0
-7.946248E+0
-7.722808E+0
-7.555228E+0
-7.430278E+0
-7.342078E+0
-7.286218E+0
-7.252408E+0
-7.233298E+0
-7.237708E+0
-7.262698E+0
-7.321498E+0
-7.414108E+0
-7.549348E+0
-7.741918E+0
-7.993288E+0
-8.318158E+0
-8.709178E+0
-9.175168E+0
-9.722008E+0
-1.037322E+1
-1.115379E+1
-1.223277E+1
-1.399383E+1
-2.050005E+1
-2.050005E+1
-2.050005E+1
-2.050005E+1
-2.050005E+1
-2.050005E+1
-2.050005E+1
-2.050005E+1
-2.050005E+1
-2.050005E+1
-2.050005E+1
-2.050005E+1
-2.050005E+1
-2.050005E+1
-2.050005E+1
-2.050005E+1
-2.050005E+1
-2.050005E+1
-2.050005E+1
-1.572843E+1
-1.200492E+1
-1.065693E+1
-9.816088E+0
-9.247198E+0
-8.857648E+0
-8.588638E+0
-8.423998E+0
-8.350498E+0
-8.325508E+0
-8.325508E+0
-8.341678E+0
-8.350498E+0
-8.341678E+0
-8.325508E+0
-8.294638E+0
-8.271118E+0
-8.287288E+0
-8.341678E+0
-8.466628E+0
-8.662138E+0
-8.950258E+0
-9.358918E+0
-9.929278E+0
-1.077747E+1
-1.218573E+1
-1.660896E+1
-2.050005E+1
-2.050005E+1
-2.050005E+1
-2.050005E+1
-2.050005E+1
-2.050005E+1
-2.050005E+1
-2.050005E+1
-2.050005E+1
-2.050005E+1
-2.050005E+1
-2.050005E+1
-2.050005E+1
-2.050005E+1
-2.050005E+1
-2.050005E+1
-2.050005E+1
-2.050005E+1
-2.050005E+1
-2.050005E+1
-2.050005E+1
-2.050005E+1
-2.050005E+1
-2.050005E+1
-2.050005E+1
-2.050005E+1
-2.050005E+1
-2.050005E+1
-2.050005E+1
-2.050005E+1
-2.050005E+1
-2.050005E+1
-2.050005E+1
-2.050005E+1
-2.050005E+1
-2.050005E+1
-2.050005E+1
-2.050005E+1
-2.050005E+1
-2.050005E+1
-2.050005E+1
-2.050005E+1
-2.050005E+1
-2.050005E+1
-2.050005E+1
-2.050005E+1
-1.748949E+1
-1.529331E+1
-1.461858E+1
-1.422315E+1
-1.399383E+1
-1.378803E+1
-1.342494E+1
-1.297365E+1
-1.243563E+1
-1.200492E+1
-1.164477E+1
-1.136841E+1
-1.118319E+1
-1.109499E+1
-1.109499E+1
-1.115379E+1
-1.127433E+1
-1.146837E+1
-1.175796E+1
-1.209312E+1
-1.248855E+1
-1.311330E+1
-1.410555E+1
-1.598421E+1
-2.050005E+1
-2.050005E+1
-2.050005E+1
-2.050005E+1
-2.050005E+1
-2.050005E+1
-2.050005E+1
-2.050005E+1
-2.050005E+1
-2.050005E+1
-2.050005E+1
-2.050005E+1
-2.050005E+1
-2.050005E+1
-2.050005E+1
-2.050005E+1
-2.050005E+1
-2.050005E+1
-2.050005E+1
-2.050005E+1
-2.050005E+1
-2.050005E+1
-2.050005E+1
-2.050005E+1
-2.050005E+1
-2.050005E+1
-2.050005E+1
-2.050005E+1
-2.050005E+1
-2.050005E+1
-2.050005E+1
-2.050005E+1
-2.050005E+1
-1.447893E+1
-1.200492E+1
-1.103913E+1
-1.052169E+1
-1.023357E+1
-1.010274E+1
-1.006746E+1
-1.013949E+1
-1.037322E+1
-1.077747E+1
-1.146837E+1
-1.271787E+1
-1.700439E+1
-2.050005E+1
-2.050005E+1
-2.050005E+1
-2.050005E+1
-2.050005E+1
-2.050005E+1
-2.050005E+1
-2.050005E+1
-2.050005E+1
-2.050005E+1
-2.050005E+1
-2.050005E+1
-2.050005E+1
-2.050005E+1
-2.050005E+1
-2.050005E+1
-2.050005E+1
-2.050005E+1
-2.050005E+1
-1.461858E+1
-1.290750E+1
-1.204902E+1
-1.153746E+1
-1.127433E+1
-1.112439E+1
-1.103913E+1
-1.098327E+1
-1.087743E+1
-1.072749E+1
-1.047759E+1
-1.012185E+1
-9.738178E+0
-9.347158E+0
-8.962018E+0
-8.625388E+0
-8.334328E+0
-8.106478E+0
-7.938898E+0
-7.847758E+0
-7.834528E+0
-7.899208E+0
-8.056498E+0
-8.294638E+0
-8.625388E+0
-9.060508E+0
-9.561778E+0
-1.012185E+1
-1.065693E+1
-1.106706E+1
-1.121259E+1
-1.106706E+1
-1.072749E+1
-1.033206E+1
-9.929278E+0
-9.589708E+0
-9.295708E+0
-9.082558E+0
-8.929678E+0
-8.847358E+0
-8.826778E+0
-8.878228E+0
-9.004648E+0
-9.210448E+0
-9.505918E+0
-9.879298E+0
-1.033206E+1
-1.087743E+1
-1.146837E+1
-1.196082E+1
-1.218573E+1
-1.204902E+1
-1.157274E+1
-1.093035E+1
-1.027326E+1
-9.677908E+0
-9.175168E+0
-8.767978E+0
-8.432818E+0
-8.172628E+0
-7.966828E+0
-7.828648E+0
-7.741918E+0
-7.699288E+0
-7.699288E+0
-7.741918E+0
-7.822768E+0
-7.938898E+0
-8.106478E+0
-8.301988E+0
-8.535718E+0
-8.787088E+0
-9.048748E+0
-9.295708E+0
-9.505918E+0
-9.663208E+0
-9.769048E+0
-9.816088E+0
-9.830788E+0
-9.830788E+0
-9.863128E+0
-9.929278E+0
-1.006746E+1
-1.029237E+1
-1.065693E+1
-1.118319E+1
-1.200492E+1
-1.359840E+1
-2.050005E+1
-2.050005E+1
-2.050005E+1
-2.050005E+1
-2.050005E+1
-2.050005E+1
-2.050005E+1
-2.050005E+1
-2.050005E+1
-2.050005E+1
-2.050005E+1
-1.529331E+1
-1.228275E+1
-1.115379E+1
-1.049964E+1
-1.012185E+1
-9.963088E+0
-9.980728E+0
-1.013949E+1
-1.045554E+1
-1.095681E+1
-1.160802E+1
-1.243563E+1
-1.342494E+1
-1.399383E+1
-1.388799E+1
-1.297365E+1
-1.204902E+1
-1.118319E+1
-1.052169E+1
-9.996898E+0
-9.619108E+0
-9.347158E+0
-9.163408E+0
-9.070798E+0
-9.038458E+0
-9.048748E+0
-9.116368E+0
-9.222208E+0
-9.372148E+0
-9.561778E+0
-9.799918E+0
-1.008510E+1
-1.039380E+1
-1.068045E+1
-1.090389E+1
-1.095681E+1
-1.080099E+1
-1.049964E+1
-1.008510E+1
-9.677908E+0
-9.308938E+0
-9.004648E+0
-8.797378E+0
-8.681248E+0
-8.653318E+0
-8.728288E+0
-8.909098E+0
-9.222208E+0
-9.707308E+0
-1.041438E+1
-1.150218E+1
-1.369101E+1
-2.050005E+1
-2.050005E+1
-2.050005E+1
-2.050005E+1
-2.050005E+1
-2.050005E+1
-2.050005E+1
-2.050005E+1
-2.050005E+1
-2.050005E+1
-2.050005E+1
-2.050005E+1
-2.050005E+1
-2.050005E+1
-2.050005E+1
-2.050005E+1
-2.050005E+1
-2.050005E+1
-1.461858E+1
-1.168152E+1
-1.043496E+1
-9.677908E+0
-9.175168E+0
-8.857648E+0
-8.670958E+0
-8.597458E+0
-8.616568E+0
-8.719468E+0
-8.878228E+0
-9.094318E+0
-9.347158E+0
-9.604408E+0
-9.830788E+0
-9.996898E+0
-1.010274E+1
-1.012185E+1
-1.006746E+1
-9.980728E+0
-9.896938E+0
-9.830788E+0
-9.816088E+0
-9.846958E+0
-9.913108E+0
-1.004982E+1
-1.025268E+1
-1.052169E+1
-1.087743E+1
-1.136841E+1
-1.209312E+1
-1.351020E+1
-2.050005E+1
-2.050005E+1
-2.050005E+1
-2.050005E+1
-2.050005E+1
-2.050005E+1
-2.050005E+1
-2.050005E+1
-2.050005E+1
-2.050005E+1
-2.050005E+1
-2.050005E+1
-2.050005E+1
-2.050005E+1
-2.050005E+1
-2.050005E+1
-2.050005E+1
-2.050005E+1
-1.461858E+1
-1.133607E+1
-1.012185E+1
-9.411838E+0
-8.962018E+0
-8.662138E+0
-8.466628E+0
-8.366668E+0
-8.325508E+0
-8.341678E+0
-8.391658E+0
-8.457808E+0
-8.544538E+0
-8.634208E+0
-8.728288E+0
-8.837068E+0
-8.950258E+0
-9.104608E+0
-9.322168E+0
-9.619108E+0
-1.004982E+1
-1.068045E+1
-1.171974E+1
-1.378803E+1
-2.050005E+1
-2.050005E+1
-2.050005E+1
-2.050005E+1
-2.050005E+1
-2.050005E+1
-2.050005E+1
-1.660896E+1
-1.248855E+1
-1.112439E+1
-1.033206E+1
-9.783748E+0
