Date/Time	2022-06-20 19:08:41
Line location	3
Line name	C1
OTDR wavelength [nm]	1625
OTDR pulse duration [ns]	2
OTDR scan time [s]	10
OTDR scan length [m]	1.500000E+2
Length offset [m]	0.000000E+0
Length increment [m]	3.996806E-2
Switch ID	VIAVI Solutions,OTU 8000E,11654,FO,16.76
OTDR ID	JDSU,OTU 8000E,11654,OTU(SmartOTU),V7.22

Reflected amplitude [dB]
1.278202E+0
1.213522E+0
1.144432E+0
1.084162E+0
1.034182E+0
9.944920E-1
9.739120E-1
1.022422E+0
1.179712E+0
1.406092E+0
1.655992E+0
1.911772E+0
2.146972E+0
2.339542E+0
2.483602E+0
2.586502E+0
2.654122E+0
2.684992E+0
2.679112E+0
2.642362E+0
2.574742E+0
2.467432E+0
2.316022E+0
2.136682E+0
1.945582E+0
1.738312E+0
1.519282E+0
1.303192E+0
1.094452E+0
8.989420E-1
7.181320E-1
5.534920E-1
4.123720E-1
2.933020E-1
1.948120E-1
1.124920E-1
4.046200E-2
-1.980800E-2
-7.272800E-2
-1.182980E-1
-1.565180E-1
-1.859180E-1
-2.079680E-1
-2.241380E-1
-2.344280E-1
-2.403080E-1
-2.432480E-1
-2.432480E-1
-2.447180E-1
-2.476580E-1
-2.520680E-1
-2.594180E-1
-2.711780E-1
-2.858780E-1
-3.020480E-1
-3.226280E-1
-3.432080E-1
-3.652580E-1
-3.858380E-1
-4.049480E-1
-4.225880E-1
-4.387580E-1
-4.505180E-1
-4.608080E-1
-4.696280E-1
-4.755080E-1
-4.784480E-1
-4.799180E-1
-4.769780E-1
-4.710980E-1
-4.593380E-1
-4.431680E-1
-4.196480E-1
-3.902480E-1
-3.564380E-1
-3.196880E-1
-2.829380E-1
-2.461880E-1
-2.153180E-1
-1.888580E-1
-1.697480E-1
-1.579880E-1
-1.550480E-1
-1.609280E-1
-1.741580E-1
-1.947380E-1
-2.197280E-1
-2.491280E-1
-2.814680E-1
-3.152780E-1
-3.490880E-1
-3.814280E-1
-4.108280E-1
-4.387580E-1
-4.652180E-1
-4.887380E-1
-5.093180E-1
-5.284280E-1
-5.475380E-1
-5.637080E-1
-5.784080E-1
-5.916380E-1
-6.048680E-1
-6.166280E-1
-6.269180E-1
-6.357380E-1
-6.430880E-1
-6.504380E-1
-6.577880E-1
-6.636680E-1
-6.710180E-1
-6.798380E-1
-6.886580E-1
-7.004180E-1
-7.107080E-1
-7.239380E-1
-7.356980E-1
-7.489280E-1
-7.592180E-1
-7.680380E-1
-7.739180E-1
-7.783280E-1
-7.783280E-1
-7.753880E-1
-7.695080E-1
-7.592180E-1
-7.474580E-1
-7.356980E-1
-7.224680E-1
-7.092380E-1
-7.004180E-1
-6.915980E-1
-6.871880E-1
-6.857180E-1
-6.857180E-1
-6.886580E-1
-6.901280E-1
-6.930680E-1
-6.945380E-1
-6.930680E-1
-6.901280E-1
-6.842480E-1
-6.739580E-1
-6.607280E-1
-6.430880E-1
-6.210380E-1
-5.975180E-1
-5.725280E-1
-5.343080E-1
-4.755080E-1
-3.946580E-1
-2.976380E-1
-1.903280E-1
-8.301800E-2
1.253200E-2
9.044200E-2
1.507120E-1
1.948120E-1
2.256820E-1
2.433220E-1
2.521420E-1
2.462620E-1
2.212720E-1
1.742320E-1
1.154320E-1
5.516200E-2
-5.108000E-3
-6.243800E-2
-1.168280E-1
-1.697480E-1
-2.211980E-1
-2.711780E-1
-3.167480E-1
-3.593780E-1
-3.990680E-1
-4.328780E-1
-4.608080E-1
-4.828580E-1
-4.990280E-1
-5.078480E-1
-5.122580E-1
-5.122580E-1
-5.093180E-1
-5.049080E-1
-5.019680E-1
-5.004980E-1
-5.019680E-1
-5.063780E-1
-5.122580E-1
-5.196080E-1
-5.284280E-1
-5.357780E-1
-5.431280E-1
-5.475380E-1
-5.519480E-1
-5.534180E-1
-5.548880E-1
-5.548880E-1
-5.534180E-1
-5.534180E-1
-5.534180E-1
-5.534180E-1
-5.534180E-1
-5.534180E-1
-5.519480E-1
-5.490080E-1
-5.445980E-1
-5.372480E-1
-5.284280E-1
-5.166680E-1
-5.049080E-1
-4.931480E-1
-4.799180E-1
-4.681580E-1
-4.578680E-1
-4.475780E-1
-4.387580E-1
-4.314080E-1
-4.225880E-1
-4.137680E-1
-4.064180E-1
-3.975980E-1
-3.917180E-1
-3.873080E-1
-3.843680E-1
-3.858380E-1
-3.917180E-1
-4.005380E-1
-4.122980E-1
-4.269980E-1
-4.416980E-1
-4.593380E-1
-4.740380E-1
-4.887380E-1
-5.034380E-1
-5.151980E-1
-5.254880E-1
-5.343080E-1
-5.416580E-1
-5.475380E-1
-5.534180E-1
-5.592980E-1
-5.637080E-1
-5.710580E-1
-5.784080E-1
-5.872280E-1
-5.989880E-1
-6.122180E-1
-6.254480E-1
-6.386780E-1
-6.504380E-1
-6.577880E-1
-6.607280E-1
-6.592580E-1
-6.548480E-1
-6.460280E-1
-6.357380E-1
-6.239780E-1
-6.136880E-1
-6.063380E-1
-6.004580E-1
-5.975180E-1
-5.960480E-1
-5.960480E-1
-5.975180E-1
-6.004580E-1
-6.019280E-1
-6.033980E-1
-6.033980E-1
-6.033980E-1
-6.033980E-1
-6.004580E-1
-5.975180E-1
-5.945780E-1
-5.931080E-1
-5.916380E-1
-5.916380E-1
-5.945780E-1
-5.989880E-1
-6.063380E-1
-6.151580E-1
-6.239780E-1
-6.327980E-1
-6.401480E-1
-6.445580E-1
-6.489680E-1
-6.504380E-1
-6.504380E-1
-6.504380E-1
-6.504380E-1
-6.504380E-1
-6.533780E-1
-6.563180E-1
-6.607280E-1
-6.636680E-1
-6.666080E-1
-6.680780E-1
-6.680780E-1
-6.666080E-1
-6.621980E-1
-6.592580E-1
-6.548480E-1
-6.533780E-1
-6.519080E-1
-6.519080E-1
-6.519080E-1
-6.533780E-1
-6.533780E-1
-6.519080E-1
-6.504380E-1
-6.445580E-1
-6.401480E-1
-6.327980E-1
-6.269180E-1
-6.225080E-1
-6.166280E-1
-6.136880E-1
-6.122180E-1
-6.122180E-1
-6.122180E-1
-6.122180E-1
-6.122180E-1
-6.122180E-1
-6.136880E-1
-6.151580E-1
-6.166280E-1
-6.210380E-1
-6.239780E-1
-6.298580E-1
-6.357380E-1
-6.416180E-1
-6.460280E-1
-6.519080E-1
-6.548480E-1
-6.563180E-1
-6.548480E-1
-6.519080E-1
-6.460280E-1
-6.386780E-1
-6.283880E-1
-6.166280E-1
-6.048680E-1
-5.931080E-1
-5.828180E-1
-5.754680E-1
-5.695880E-1
-5.666480E-1
-5.651780E-1
-5.651780E-1
-5.666480E-1
-5.666480E-1
-5.666480E-1
-5.637080E-1
-5.607680E-1
-5.548880E-1
-5.475380E-1
-5.401880E-1
-5.313680E-1
-5.254880E-1
-5.196080E-1
-5.166680E-1
-5.166680E-1
-5.210780E-1
-5.269580E-1
-5.372480E-1
-5.490080E-1
-5.637080E-1
-5.784080E-1
-5.916380E-1
-6.033980E-1
-6.122180E-1
-6.180980E-1
-6.210380E-1
-6.225080E-1
-6.210380E-1
-6.195680E-1
-6.166280E-1
-6.151580E-1
-6.136880E-1
-6.122180E-1
-6.107480E-1
-6.092780E-1
-6.063380E-1
-6.019280E-1
-5.960480E-1
-5.886980E-1
-5.813480E-1
-5.725280E-1
-5.637080E-1
-5.563580E-1
-5.504780E-1
-5.475380E-1
-5.490080E-1
-5.534180E-1
-5.607680E-1
-5.725280E-1
-5.872280E-1
-6.019280E-1
-6.166280E-1
-6.298580E-1
-6.386780E-1
-6.430880E-1
-6.430880E-1
-6.386780E-1
-6.313280E-1
-6.180980E-1
-6.048680E-1
-5.886980E-1
-5.710580E-1
-5.519480E-1
-5.328380E-1
-5.137280E-1
-4.960880E-1
-4.784480E-1
-4.622780E-1
-4.475780E-1
-4.372880E-1
-4.284680E-1
-4.240580E-1
-4.225880E-1
-4.240580E-1
-4.269980E-1
-4.314080E-1
-4.358180E-1
-4.431680E-1
-4.519880E-1
-4.622780E-1
-4.740380E-1
-4.887380E-1
-5.078480E-1
-5.284280E-1
-5.519480E-1
-5.769380E-1
-6.004580E-1
-6.254480E-1
-6.460280E-1
-6.651380E-1
-6.798380E-1
-6.901280E-1
-6.974780E-1
-7.004180E-1
-7.004180E-1
-6.960080E-1
-6.901280E-1
-6.827780E-1
-6.724880E-1
-6.621980E-1
-6.533780E-1
-6.430880E-1
-6.357380E-1
-6.283880E-1
-6.225080E-1
-6.195680E-1
-6.166280E-1
-6.136880E-1
-6.122180E-1
-6.122180E-1
-6.122180E-1
-6.122180E-1
-6.136880E-1
-6.166280E-1
-6.195680E-1
-6.239780E-1
-6.283880E-1
-6.313280E-1
-6.313280E-1
-6.283880E-1
-6.239780E-1
-6.151580E-1
-6.048680E-1
-5.945780E-1
-5.828180E-1
-5.725280E-1
-5.651780E-1
-5.592980E-1
-5.548880E-1
-5.534180E-1
-5.534180E-1
-5.534180E-1
-5.534180E-1
-5.534180E-1
-5.534180E-1
-5.534180E-1
-5.519480E-1
-5.504780E-1
-5.490080E-1
-5.475380E-1
-5.460680E-1
-5.431280E-1
-5.401880E-1
-5.387180E-1
-5.357780E-1
-5.343080E-1
-5.357780E-1
-5.372480E-1
-5.416580E-1
-5.475380E-1
-5.563580E-1
-5.666480E-1
-5.784080E-1
-5.916380E-1
-6.048680E-1
-6.166280E-1
-6.283880E-1
-6.372080E-1
-6.445580E-1
-6.460280E-1
-6.460280E-1
-6.416180E-1
-6.327980E-1
-6.239780E-1
-6.136880E-1
-6.033980E-1
-5.931080E-1
-5.857580E-1
-5.813480E-1
-5.784080E-1
-5.784080E-1
-5.798780E-1
-5.813480E-1
-5.842880E-1
-5.872280E-1
-5.886980E-1
-5.886980E-1
-5.872280E-1
-5.813480E-1
-5.754680E-1
-5.666480E-1
-5.563580E-1
-5.475380E-1
-5.387180E-1
-5.328380E-1
-5.298980E-1
-5.298980E-1
-5.357780E-1
-5.445980E-1
-5.563580E-1
-5.695880E-1
-5.842880E-1
-5.975180E-1
-6.078080E-1
-6.166280E-1
-6.210380E-1
-6.225080E-1
-6.225080E-1
-6.210380E-1
-6.166280E-1
-6.136880E-1
-6.078080E-1
-6.033980E-1
-5.975180E-1
-5.916380E-1
-5.842880E-1
-5.769380E-1
-5.695880E-1
-5.637080E-1
-5.592980E-1
-5.578280E-1
-5.578280E-1
-5.622380E-1
-5.681180E-1
-5.754680E-1
-5.857580E-1
-5.945780E-1
-6.033980E-1
-6.107480E-1
-6.166280E-1
-6.210380E-1
-6.225080E-1
-6.239780E-1
-6.239780E-1
-6.239780E-1
-6.254480E-1
-6.283880E-1
-6.313280E-1
-6.357380E-1
-6.430880E-1
-6.489680E-1
-6.563180E-1
-6.621980E-1
-6.680780E-1
-6.710180E-1
-6.739580E-1
-6.739580E-1
-6.710180E-1
-6.651380E-1
-6.563180E-1
-6.445580E-1
-6.298580E-1
-6.136880E-1
-5.975180E-1
-5.813480E-1
-5.666480E-1
-5.534180E-1
-5.431280E-1
-5.357780E-1
-5.313680E-1
-5.298980E-1
-5.313680E-1
-5.372480E-1
-5.460680E-1
-5.578280E-1
-5.710580E-1
-5.872280E-1
-6.019280E-1
-6.180980E-1
-6.327980E-1
-6.474980E-1
-6.607280E-1
-6.710180E-1
-6.813080E-1
-6.886580E-1
-6.960080E-1
-7.018880E-1
-7.062980E-1
-7.077680E-1
-7.077680E-1
-7.062980E-1
-7.018880E-1
-6.945380E-1
-6.857180E-1
-6.768980E-1
-6.680780E-1
-6.621980E-1
-6.577880E-1
-6.563180E-1
-6.563180E-1
-6.577880E-1
-6.592580E-1
-6.592580E-1
-6.607280E-1
-6.592580E-1
-6.577880E-1
-6.563180E-1
-6.548480E-1
-6.548480E-1
-6.548480E-1
-6.563180E-1
-6.577880E-1
-6.592580E-1
-6.592580E-1
-6.592580E-1
-6.577880E-1
-6.548480E-1
-6.533780E-1
-6.519080E-1
-6.504380E-1
-6.489680E-1
-6.489680E-1
-6.489680E-1
-6.504380E-1
-6.489680E-1
-6.474980E-1
-6.460280E-1
-6.416180E-1
-6.342680E-1
-6.269180E-1
-6.180980E-1
-6.092780E-1
-6.004580E-1
-5.945780E-1
-5.916380E-1
-5.901680E-1
-5.931080E-1
-5.960480E-1
-5.989880E-1
-6.033980E-1
-6.048680E-1
-6.063380E-1
-6.078080E-1
-6.078080E-1
-6.078080E-1
-6.078080E-1
-6.092780E-1
-6.107480E-1
-6.107480E-1
-6.122180E-1
-6.107480E-1
-6.092780E-1
-6.078080E-1
-6.048680E-1
-6.033980E-1
-6.019280E-1
-6.033980E-1
-6.063380E-1
-6.107480E-1
-6.166280E-1
-6.239780E-1
-6.313280E-1
-6.386780E-1
-6.460280E-1
-6.519080E-1
-6.548480E-1
-6.563180E-1
-6.563180E-1
-6.563180E-1
-6.563180E-1
-6.548480E-1
-6.548480E-1
-6.563180E-1
-6.592580E-1
-6.607280E-1
-6.636680E-1
-6.651380E-1
-6.651380E-1
-6.651380E-1
-6.621980E-1
-6.607280E-1
-6.577880E-1
-6.563180E-1
-6.563180E-1
-6.563180E-1
-6.592580E-1
-6.621980E-1
-6.651380E-1
-6.666080E-1
-6.680780E-1
-6.666080E-1
-6.636680E-1
-6.577880E-1
-6.504380E-1
-6.401480E-1
-6.313280E-1
-6.195680E-1
-6.092780E-1
-5.989880E-1
-5.886980E-1
-5.813480E-1
-5.739980E-1
-5.710580E-1
-5.710580E-1
-5.725280E-1
-5.769380E-1
-5.828180E-1
-5.916380E-1
-6.004580E-1
-6.078080E-1
-6.136880E-1
-6.180980E-1
-6.210380E-1
-6.225080E-1
-6.210380E-1
-6.195680E-1
-6.166280E-1
-6.136880E-1
-6.122180E-1
-6.092780E-1
-6.078080E-1
-6.078080E-1
-6.078080E-1
-6.107480E-1
-6.136880E-1
-6.180980E-1
-6.225080E-1
-6.283880E-1
-6.342680E-1
-6.401480E-1
-6.445580E-1
-6.474980E-1
-6.489680E-1
-6.489680E-1
-6.474980E-1
-6.430880E-1
-6.401480E-1
-6.342680E-1
-6.283880E-1
-6.225080E-1
-6.136880E-1
-6.063380E-1
-5.975180E-1
-5.872280E-1
-5.769380E-1
-5.681180E-1
-5.622380E-1
-5.563580E-1
-5.534180E-1
-5.534180E-1
-5.563580E-1
-5.607680E-1
-5.666480E-1
-5.725280E-1
-5.784080E-1
-5.842880E-1
-5.886980E-1
-5.931080E-1
-5.975180E-1
-6.019280E-1
-6.048680E-1
-6.078080E-1
-6.107480E-1
-6.122180E-1
-6.122180E-1
-6.107480E-1
-6.078080E-1
-6.004580E-1
-5.931080E-1
-5.842880E-1
-5.739980E-1
-5.651780E-1
-5.563580E-1
-5.504780E-1
-5.475380E-1
-5.460680E-1
-5.490080E-1
-5.534180E-1
-5.578280E-1
-5.651780E-1
-5.725280E-1
-5.813480E-1
-5.901680E-1
-5.989880E-1
-6.078080E-1
-6.166280E-1
-6.254480E-1
-6.313280E-1
-6.372080E-1
-6.386780E-1
-6.386780E-1
-6.342680E-1
-6.283880E-1
-6.195680E-1
-6.092780E-1
-6.004580E-1
-5.901680E-1
-5.828180E-1
-5.784080E-1
-5.754680E-1
-5.754680E-1
-5.784080E-1
-5.842880E-1
-5.901680E-1
-5.960480E-1
-6.019280E-1
-6.063380E-1
-6.092780E-1
-6.107480E-1
-6.107480E-1
-6.078080E-1
-6.048680E-1
-6.019280E-1
-5.989880E-1
-5.975180E-1
-5.975180E-1
-5.975180E-1
-5.975180E-1
-5.989880E-1
-6.004580E-1
-6.019280E-1
-6.019280E-1
-6.019280E-1
-6.004580E-1
-5.989880E-1
-5.960480E-1
-5.916380E-1
-5.872280E-1
-5.828180E-1
-5.784080E-1
-5.739980E-1
-5.710580E-1
-5.681180E-1
-5.666480E-1
-5.666480E-1
-5.681180E-1
-5.695880E-1
-5.725280E-1
-5.739980E-1
-5.754680E-1
-5.769380E-1
-5.769380E-1
-5.754680E-1
-5.739980E-1
-5.725280E-1
-5.725280E-1
-5.725280E-1
-5.754680E-1
-5.798780E-1
-5.872280E-1
-5.945780E-1
-6.048680E-1
-6.151580E-1
-6.254480E-1
-6.357380E-1
-6.460280E-1
-6.563180E-1
-6.651380E-1
-6.739580E-1
-6.813080E-1
-6.886580E-1
-6.960080E-1
-7.004180E-1
-7.062980E-1
-7.092380E-1
-7.121780E-1
-7.151180E-1
-7.151180E-1
-7.165880E-1
-7.151180E-1
-7.136480E-1
-7.107080E-1
-7.092380E-1
-7.048280E-1
-7.018880E-1
-6.989480E-1
-6.960080E-1
-6.945380E-1
-6.915980E-1
-6.886580E-1
-6.871880E-1
-6.842480E-1
-6.827780E-1
-6.813080E-1
-6.783680E-1
-6.768980E-1
-6.739580E-1
-6.695480E-1
-6.651380E-1
-6.592580E-1
-6.519080E-1
-6.430880E-1
-6.342680E-1
-6.239780E-1
-6.136880E-1
-6.048680E-1
-5.960480E-1
-5.901680E-1
-5.872280E-1
-5.857580E-1
-5.857580E-1
-5.886980E-1
-5.931080E-1
-5.989880E-1
-6.033980E-1
-6.092780E-1
-6.122180E-1
-6.151580E-1
-6.180980E-1
-6.195680E-1
-6.225080E-1
-6.239780E-1
-6.254480E-1
-6.283880E-1
-6.313280E-1
-6.327980E-1
-6.357380E-1
-6.357380E-1
-6.372080E-1
-6.357380E-1
-6.357380E-1
-6.342680E-1
-6.342680E-1
-6.342680E-1
-6.342680E-1
-6.357380E-1
-6.386780E-1
-6.401480E-1
-6.416180E-1
-6.416180E-1
-6.416180E-1
-6.401480E-1
-6.372080E-1
-6.357380E-1
-6.342680E-1
-6.327980E-1
-6.342680E-1
-6.357380E-1
-6.372080E-1
-6.401480E-1
-6.430880E-1
-6.445580E-1
-6.445580E-1
-6.445580E-1
-6.430880E-1
-6.401480E-1
-6.357380E-1
-6.313280E-1
-6.269180E-1
-6.225080E-1
-6.166280E-1
-6.122180E-1
-6.078080E-1
-6.033980E-1
-6.004580E-1
-6.004580E-1
-6.004580E-1
-6.019280E-1
-6.048680E-1
-6.092780E-1
-6.151580E-1
-6.210380E-1
-6.254480E-1
-6.313280E-1
-6.342680E-1
-6.357380E-1
-6.357380E-1
-6.342680E-1
-6.298580E-1
-6.239780E-1
-6.180980E-1
-6.092780E-1
-6.019280E-1
-5.931080E-1
-5.857580E-1
-5.798780E-1
-5.754680E-1
-5.725280E-1
-5.710580E-1
-5.710580E-1
-5.725280E-1
-5.739980E-1
-5.754680E-1
-5.784080E-1
-5.798780E-1
-5.813480E-1
-5.842880E-1
-5.872280E-1
-5.916380E-1
-5.989880E-1
-6.048680E-1
-6.136880E-1
-6.195680E-1
-6.239780E-1
-6.254480E-1
-6.239780E-1
-6.195680E-1
-6.107480E-1
-6.019280E-1
-5.931080E-1
-5.857580E-1
-5.828180E-1
-5.828180E-1
-5.886980E-1
-6.004580E-1
-6.180980E-1
-6.430880E-1
-6.739580E-1
-7.151180E-1
-7.636280E-1
-8.194880E-1
-8.841680E-1
-9.547280E-1
-1.028228E+0
-1.104668E+0
-1.179638E+0
-1.251668E+0
-1.320758E+0
-1.383968E+0
-1.444238E+0
-1.501568E+0
-1.554488E+0
-1.605938E+0
-1.654448E+0
-1.697078E+0
-1.736768E+0
-1.769108E+0
-1.794098E+0
-1.813208E+0
-1.823498E+0
-1.829378E+0
-1.830848E+0
-1.829378E+0
-1.827908E+0
-1.827908E+0
-1.829378E+0
-1.832318E+0
-1.836728E+0
-1.842608E+0
-1.848488E+0
-1.854368E+0
-1.858778E+0
-1.860248E+0
-1.863188E+0
-1.864658E+0
-1.864658E+0
-1.864658E+0
-1.863188E+0
-1.860248E+0
-1.854368E+0
-1.845548E+0
-1.835258E+0
-1.822028E+0
-1.808798E+0
-1.797038E+0
-1.786748E+0
-1.782338E+0
-1.782338E+0
-1.788218E+0
-1.799978E+0
-1.814678E+0
-1.832318E+0
-1.848488E+0
-1.863188E+0
-1.873478E+0
-1.880828E+0
-1.885238E+0
-1.885238E+0
-1.885238E+0
-1.885238E+0
-1.886708E+0
-1.891118E+0
-1.895528E+0
-1.901408E+0
-1.908758E+0
-1.914638E+0
-1.920518E+0
-1.924928E+0
-1.929338E+0
-1.932278E+0
-1.935218E+0
-1.938158E+0
-1.941098E+0
-1.946978E+0
-1.954328E+0
-1.964618E+0
-1.976378E+0
-1.991078E+0
-2.008718E+0
-2.027828E+0
-2.046938E+0
-2.064578E+0
-2.080748E+0
-2.091038E+0
-2.098388E+0
-2.099858E+0
-2.096918E+0
-2.091038E+0
-2.082218E+0
-2.074868E+0
-2.068988E+0
-2.066048E+0
-2.067518E+0
-2.073398E+0
-2.083688E+0
-2.095448E+0
-2.111618E+0
-2.126318E+0
-2.141018E+0
-2.154248E+0
-2.164538E+0
-2.167478E+0
-2.163068E+0
-2.152778E+0
-2.135138E+0
-2.111618E+0
-2.083688E+0
-2.055758E+0
-2.029298E+0
-2.005778E+0
-1.989608E+0
-1.980788E+0
-1.980788E+0
-1.988138E+0
-1.999898E+0
-2.017538E+0
-2.035178E+0
-2.052818E+0
-2.068988E+0
-2.082218E+0
-2.091038E+0
-2.096918E+0
-2.102798E+0
-2.105738E+0
-2.110148E+0
-2.114558E+0
-2.118968E+0
-2.123378E+0
-2.126318E+0
-2.129258E+0
-2.129258E+0
-2.127788E+0
-2.124848E+0
-2.120438E+0
-2.116028E+0
-2.111618E+0
-2.108678E+0
-2.108678E+0
-2.108678E+0
-2.113088E+0
-2.118968E+0
-2.127788E+0
-2.138078E+0
-2.146898E+0
-2.155718E+0
-2.161598E+0
-2.163068E+0
-2.160128E+0
-2.152778E+0
-2.142488E+0
-2.129258E+0
-2.114558E+0
-2.098388E+0
-2.083688E+0
-2.071928E+0
-2.060168E+0
-2.051348E+0
-2.046938E+0
-2.045468E+0
-2.049878E+0
-2.061638E+0
-2.077808E+0
-2.101328E+0
-2.129258E+0
-2.161598E+0
-2.195408E+0
-2.229218E+0
-2.257148E+0
-2.279198E+0
-2.292428E+0
-2.298308E+0
-2.295368E+0
-2.288018E+0
-2.276258E+0
-2.264498E+0
-2.254208E+0
-2.246858E+0
-2.242448E+0
-2.242448E+0
-2.242448E+0
-2.242448E+0
-2.242448E+0
-2.240978E+0
-2.239508E+0
-2.235098E+0
-2.230688E+0
-2.226278E+0
-2.221868E+0
-2.220398E+0
-2.218928E+0
-2.217458E+0
-2.218928E+0
-2.223338E+0
-2.232158E+0
-2.242448E+0
-2.257148E+0
-2.276258E+0
-2.296838E+0
-2.318888E+0
-2.337998E+0
-2.355638E+0
-2.367398E+0
-2.374748E+0
-2.376218E+0
-2.373278E+0
-2.367398E+0
-2.360048E+0
-2.354168E+0
-2.349758E+0
-2.349758E+0
-2.354168E+0
-2.362988E+0
-2.373278E+0
-2.386508E+0
-2.398268E+0
-2.410028E+0
-2.418848E+0
-2.421788E+0
-2.421788E+0
-2.415908E+0
-2.407088E+0
-2.396798E+0
-2.385038E+0
-2.374748E+0
-2.367398E+0
-2.362988E+0
-2.362988E+0
-2.367398E+0
-2.373278E+0
-2.382098E+0
-2.392388E+0
-2.402678E+0
-2.411498E+0
-2.417378E+0
-2.421788E+0
-2.420318E+0
-2.415908E+0
-2.407088E+0
-2.396798E+0
-2.385038E+0
-2.374748E+0
-2.370338E+0
-2.373278E+0
-2.383568E+0
-2.402678E+0
-2.429138E+0
-2.462948E+0
-2.501168E+0
-2.540858E+0
-2.577608E+0
-2.609948E+0
-2.636408E+0
-2.654048E+0
-2.662868E+0
-2.664338E+0
-2.659928E+0
-2.651108E+0
-2.640818E+0
-2.627588E+0
-2.617298E+0
-2.611418E+0
-2.607008E+0
-2.607008E+0
-2.608478E+0
-2.612888E+0
-2.615828E+0
-2.615828E+0
-2.612888E+0
-2.605538E+0
-2.590838E+0
-2.574668E+0
-2.555558E+0
-2.536448E+0
-2.520278E+0
-2.509988E+0
-2.505578E+0
-2.509988E+0
-2.523218E+0
-2.543798E+0
-2.570258E+0
-2.599658E+0
-2.630528E+0
-2.658458E+0
-2.681978E+0
-2.696678E+0
-2.704028E+0
-2.705498E+0
-2.701088E+0
-2.692268E+0
-2.680508E+0
-2.667278E+0
-2.654048E+0
-2.642288E+0
-2.630528E+0
-2.617298E+0
-2.607008E+0
-2.595248E+0
-2.584958E+0
-2.574668E+0
-2.564378E+0
-2.557028E+0
-2.551148E+0
-2.548208E+0
-2.548208E+0
-2.551148E+0
-2.559968E+0
-2.570258E+0
-2.586428E+0
-2.604068E+0
-2.623178E+0
-2.640818E+0
-2.655518E+0
-2.667278E+0
-2.674628E+0
-2.679038E+0
-2.677568E+0
-2.674628E+0
-2.673158E+0
-2.673158E+0
-2.676098E+0
-2.683448E+0
-2.692268E+0
-2.705498E+0
-2.720198E+0
-2.734898E+0
-2.746658E+0
-2.756948E+0
-2.762828E+0
-2.762828E+0
-2.759888E+0
-2.752538E+0
-2.740778E+0
-2.730488E+0
-2.720198E+0
-2.715788E+0
-2.717258E+0
-2.726078E+0
-2.742248E+0
-2.764298E+0
-2.789288E+0
-2.814278E+0
-2.837798E+0
-2.853968E+0
-2.864258E+0
-2.864258E+0
-2.855438E+0
-2.842208E+0
-2.823098E+0
-2.802518E+0
-2.781938E+0
-2.761358E+0
-2.745188E+0
-2.731958E+0
-2.721668E+0
-2.715788E+0
-2.714318E+0
-2.715788E+0
-2.723138E+0
-2.733428E+0
-2.745188E+0
-2.762828E+0
-2.780468E+0
-2.799578E+0
-2.817218E+0
-2.830448E+0
-2.840738E+0
-2.842208E+0
-2.837798E+0
-2.827508E+0
-2.811338E+0
-2.792228E+0
-2.770178E+0
-2.752538E+0
-2.736368E+0
-2.726078E+0
-2.721668E+0
-2.724608E+0
-2.734898E+0
-2.751068E+0
-2.770178E+0
-2.792228E+0
-2.815748E+0
-2.840738E+0
-2.864258E+0
-2.884838E+0
-2.903948E+0
-2.920118E+0
-2.931878E+0
-2.940698E+0
-2.946578E+0
-2.952458E+0
-2.956868E+0
-2.964218E+0
-2.974508E+0
-2.989208E+0
-3.009788E+0
-3.036248E+0
-3.067118E+0
-3.100928E+0
-3.134738E+0
-3.167078E+0
-3.195008E+0
-3.217058E+0
-3.231758E+0
-3.236168E+0
-3.231758E+0
-3.219998E+0
-3.200888E+0
-3.180308E+0
-3.156788E+0
-3.134738E+0
-3.114158E+0
-3.102398E+0
-3.095048E+0
-3.095048E+0
-3.099458E+0
-3.106808E+0
-3.115628E+0
-3.121508E+0
-3.122978E+0
-3.117098E+0
-3.103868E+0
-3.084758E+0
-3.061238E+0
-3.031838E+0
-3.003908E+0
-2.975978E+0
-2.950988E+0
-2.928938E+0
-2.912768E+0
-2.901008E+0
-2.896598E+0
-2.899538E+0
-2.911298E+0
-2.930408E+0
-2.956868E+0
-2.987738E+0
-3.023018E+0
-3.058298E+0
-3.093578E+0
-3.121508E+0
-3.146498E+0
-3.164138E+0
-3.174428E+0
-3.178838E+0
-3.178838E+0
-3.177368E+0
-3.172958E+0
-3.170018E+0
-3.167078E+0
-3.167078E+0
-3.170018E+0
-3.174428E+0
-3.181778E+0
-3.189128E+0
-3.195008E+0
-3.200888E+0
-3.203828E+0
-3.200888E+0
-3.195008E+0
-3.183248E+0
-3.167078E+0
-3.146498E+0
-3.125918E+0
-3.103868E+0
-3.083288E+0
-3.067118E+0
-3.053888E+0
-3.046538E+0
-3.045068E+0
-3.049478E+0
-3.056828E+0
-3.070058E+0
-3.086228E+0
-3.105338E+0
-3.124448E+0
-3.143558E+0
-3.159728E+0
-3.171488E+0
-3.180308E+0
-3.186188E+0
-3.187658E+0
-3.190598E+0
-3.192068E+0
-3.199418E+0
-3.208238E+0
-3.217058E+0
-3.225878E+0
-3.230288E+0
-3.227348E+0
-3.218528E+0
-3.200888E+0
-3.178838E+0
-3.153848E+0
-3.130328E+0
-3.112688E+0
-3.100928E+0
-3.099458E+0
-3.105338E+0
-3.120038E+0
-3.139148E+0
-3.161198E+0
-3.186188E+0
-3.209708E+0
-3.230288E+0
-3.250868E+0
-3.265568E+0
-3.280268E+0
-3.292028E+0
-3.302318E+0
-3.312608E+0
-3.325838E+0
-3.337598E+0
-3.347888E+0
-3.358178E+0
-3.362588E+0
-3.364058E+0
-3.359648E+0
-3.352298E+0
-3.342008E+0
-3.331718E+0
-3.325838E+0
-3.327308E+0
-3.336128E+0
-3.352298E+0
-3.377288E+0
-3.408158E+0
-3.444908E+0
-3.487538E+0
-3.531638E+0
-3.578678E+0
-3.625718E+0
-3.669818E+0
-3.709508E+0
-3.740378E+0
-3.758018E+0
-3.759488E+0
-3.743318E+0
-3.710978E+0
-3.662468E+0
-3.605138E+0
-3.543398E+0
-3.478718E+0
-3.419918E+0
-3.366998E+0
-3.322898E+0
-3.289088E+0
-3.265568E+0
-3.252338E+0
-3.249398E+0
-3.255278E+0
-3.268508E+0
-3.286148E+0
-3.303788E+0
-3.319958E+0
-3.334658E+0
-3.342008E+0
-3.342008E+0
-3.334658E+0
-3.322898E+0
-3.309668E+0
-3.294968E+0
-3.281738E+0
-3.271448E+0
-3.264098E+0
-3.261158E+0
-3.262628E+0
-3.268508E+0
-3.278798E+0
-3.293498E+0
-3.312608E+0
-3.339068E+0
-3.371408E+0
-3.408158E+0
-3.447848E+0
-3.487538E+0
-3.522818E+0
-3.552218E+0
-3.577208E+0
-3.590438E+0
-3.596318E+0
-3.596318E+0
-3.591908E+0
-3.584558E+0
-3.578678E+0
-3.571328E+0
-3.566918E+0
-3.562508E+0
-3.562508E+0
-3.562508E+0
-3.563978E+0
-3.568388E+0
-3.577208E+0
-3.587498E+0
-3.602198E+0
-3.618368E+0
-3.637478E+0
-3.656588E+0
-3.677168E+0
-3.694808E+0
-3.709508E+0
-3.718328E+0
-3.722738E+0
-3.716858E+0
-3.706568E+0
-3.691868E+0
-3.671288E+0
-3.649238E+0
-3.633068E+0
-3.618368E+0
-3.611018E+0
-3.611018E+0
-3.615428E+0
-3.624248E+0
-3.637478E+0
-3.653648E+0
-3.669818E+0
-3.684518E+0
-3.700688E+0
-3.716858E+0
-3.733028E+0
-3.749198E+0
-3.765368E+0
-3.781538E+0
-3.799178E+0
-3.819758E+0
-3.841808E+0
-3.860918E+0
-3.881498E+0
-3.897668E+0
-3.910898E+0
-3.916778E+0
-3.915308E+0
-3.906488E+0
-3.891788E+0
-3.872678E+0
-3.849158E+0
-3.824168E+0
-3.803588E+0
-3.784478E+0
-3.768308E+0
-3.756548E+0
-3.747728E+0
-3.740378E+0
-3.734498E+0
-3.728618E+0
-3.722738E+0
-3.716858E+0
-3.716858E+0
-3.719798E+0
-3.730088E+0
-3.746258E+0
-3.771248E+0
-3.803588E+0
-3.837398E+0
-3.869738E+0
-3.896198E+0
-3.913838E+0
-3.919718E+0
-3.910898E+0
-3.890318E+0
-3.859448E+0
-3.822698E+0
-3.781538E+0
-3.740378E+0
-3.697748E+0
-3.658058E+0
-3.622778E+0
-3.590438E+0
-3.562508E+0
-3.538988E+0
-3.524288E+0
-3.516938E+0
-3.521348E+0
-3.538988E+0
-3.565448E+0
-3.600728E+0
-3.646298E+0
-3.696278E+0
-3.746258E+0
-3.794768E+0
-3.832988E+0
-3.862388E+0
-3.878558E+0
-3.884438E+0
-3.881498E+0
-3.871208E+0
-3.856508E+0
-3.843278E+0
-3.832988E+0
-3.824168E+0
-3.821228E+0
-3.818288E+0
-3.818288E+0
-3.818288E+0
-3.819758E+0
-3.821228E+0
-3.822698E+0
-3.825638E+0
-3.831518E+0
-3.840338E+0
-3.852098E+0
-3.868268E+0
-3.888848E+0
-3.910898E+0
-3.935888E+0
-3.960878E+0
-3.982928E+0
-4.000568E+0
-4.010858E+0
-4.013798E+0
-4.009388E+0
-3.999098E+0
-3.981458E+0
-3.963818E+0
-3.949118E+0
-3.935888E+0
-3.930008E+0
-3.928538E+0
-3.932948E+0
-3.938828E+0
-3.947648E+0
-3.957938E+0
-3.968228E+0
-3.979988E+0
-3.990278E+0
-4.000568E+0
-4.009388E+0
-4.018208E+0
-4.022618E+0
-4.022618E+0
-4.018208E+0
-4.007918E+0
-3.993218E+0
-3.972638E+0
-3.949118E+0
-3.925598E+0
-3.900608E+0
-3.874148E+0
-3.847688E+0
-3.816818E+0
-3.781538E+0
-3.737438E+0
-3.678638E+0
-3.606608E+0
-3.519878E+0
-3.427268E+0
-3.337598E+0
-3.025958E+0
-2.242448E+0
-1.222268E+0
-2.226680E-1
6.813820E-1
1.466362E+0
2.117572E+0
2.645302E+0
3.070132E+0
3.406762E+0
3.656662E+0
3.834532E+0
3.949192E+0
4.003582E+0
4.000642E+0
3.941842E+0
3.828652E+0
3.664012E+0
3.453802E+0
3.198022E+0
2.896672E+0
2.549752E+0
2.157262E+0
1.735372E+0
1.284082E+0
7.975120E-1
2.888920E-1
-2.388380E-1
-7.709780E-1
-1.288418E+0
-1.782338E+0
-2.248328E+0
-2.683448E+0
-3.086228E+0
-3.459608E+0
-3.806528E+0
-4.131398E+0
-4.437158E+0
-4.731158E+0
-5.020748E+0
-5.316218E+0
-5.626388E+0
-5.967428E+0
-6.345218E+0
-6.767108E+0
-7.236038E+0
-7.763768E+0
-8.347358E+0
-8.977988E+0
-9.658598E+0
-1.035244E+1
-1.107274E+1
-1.173277E+1
-1.227961E+1
-1.268680E+1
-1.276324E+1
-1.284262E+1
-1.276324E+1
-1.284262E+1
-1.301020E+1
-1.338799E+1
-1.372315E+1
-1.384663E+1
-1.338799E+1
-1.247365E+1
-1.141966E+1
-1.048327E+1
-9.714458E+0
-9.089708E+0
-8.594318E+0
-8.228288E+0
-7.975448E+0
-7.825508E+0
-7.754948E+0
-7.754948E+0
-7.810808E+0
-7.899008E+0
-8.018078E+0
-8.143028E+0
-8.257688E+0
-8.347358E+0
-8.429678E+0
-8.494358E+0
-8.560508E+0
-8.639888E+0
-8.735438E+0
-8.872148E+0
-9.075008E+0
-9.299918E+0
-9.549818E+0
-9.752678E+0
-9.873218E+0
-9.893798E+0
-9.792368E+0
-9.621848E+0
-9.429278E+0
-9.299918E+0
-9.283748E+0
-9.429278E+0
-9.792368E+0
-1.045681E+1
-1.173277E+1
-1.650439E+1
-2.000005E+1
-2.000005E+1
-2.000005E+1
-2.000005E+1
-2.000005E+1
-2.000005E+1
-2.000005E+1
-2.000005E+1
-2.000005E+1
-2.000005E+1
-2.000005E+1
-1.411858E+1
-1.254274E+1
-1.168573E+1
-1.114477E+1
-1.074346E+1
-1.048327E+1
-1.027747E+1
-1.013341E+1
-1.008784E+1
-1.010989E+1
-1.022749E+1
-1.043035E+1
-1.071259E+1
-1.110802E+1
-1.154902E+1
-1.198855E+1
-1.227961E+1
-1.227961E+1
-1.204441E+1
-1.163869E+1
-1.118152E+1
-1.080520E+1
-1.053913E+1
-1.040389E+1
-1.040389E+1
-1.059499E+1
-1.093456E+1
-1.154902E+1
-1.268680E+1
-1.548421E+1
-2.000005E+1
-2.000005E+1
-2.000005E+1
-2.000005E+1
-2.000005E+1
-2.000005E+1
-2.000005E+1
-2.000005E+1
-2.000005E+1
-2.000005E+1
-2.000005E+1
-2.000005E+1
-2.000005E+1
-2.000005E+1
-2.000005E+1
-2.000005E+1
-2.000005E+1
-2.000005E+1
-2.000005E+1
-2.000005E+1
-2.000005E+1
-2.000005E+1
-2.000005E+1
-2.000005E+1
-2.000005E+1
-2.000005E+1
-2.000005E+1
-2.000005E+1
-2.000005E+1
-2.000005E+1
-2.000005E+1
-2.000005E+1
-2.000005E+1
-2.000005E+1
-2.000005E+1
-2.000005E+1
-2.000005E+1
-2.000005E+1
-2.000005E+1
-2.000005E+1
-2.000005E+1
-2.000005E+1
-2.000005E+1
-2.000005E+1
-2.000005E+1
-2.000005E+1
-2.000005E+1
-1.849477E+1
-1.411858E+1
-1.240750E+1
-1.121974E+1
-1.035244E+1
-9.676238E+0
-9.177908E+0
-8.822168E+0
-8.604608E+0
-8.526698E+0
-8.604608E+0
-8.858918E+0
-9.330788E+0
-1.013341E+1
-1.159312E+1
-1.761424E+1
-2.000005E+1
-2.000005E+1
-2.000005E+1
-2.000005E+1
-2.000005E+1
-2.000005E+1
-2.000005E+1
-1.254274E+1
-1.074346E+1
-9.893798E+0
-9.429278E+0
-9.207308E+0
-9.163208E+0
-9.283748E+0
-9.532178E+0
-9.914378E+0
-1.043035E+1
-1.110802E+1
-1.188271E+1
-1.261330E+1
-1.292494E+1
-1.268680E+1
-1.198855E+1
-1.118152E+1
-1.045681E+1
-9.893798E+0
-9.480728E+0
-9.192608E+0
-9.061778E+0
-9.047078E+0
-9.163208E+0
-9.413108E+0
-9.792368E+0
-1.037743E+1
-1.118152E+1
-1.247365E+1
-1.577380E+1
-2.000005E+1
-2.000005E+1
-2.000005E+1
-2.000005E+1
-2.000005E+1
-2.000005E+1
-2.000005E+1
-2.000005E+1
-2.000005E+1
-2.000005E+1
-2.000005E+1
-2.000005E+1
-2.000005E+1
-2.000005E+1
-2.000005E+1
-2.000005E+1
-2.000005E+1
-2.000005E+1
-2.000005E+1
-2.000005E+1
-2.000005E+1
-2.000005E+1
-2.000005E+1
-2.000005E+1
-2.000005E+1
-2.000005E+1
-2.000005E+1
-2.000005E+1
-2.000005E+1
-2.000005E+1
-2.000005E+1
-2.000005E+1
-2.000005E+1
-2.000005E+1
-2.000005E+1
-2.000005E+1
-1.328803E+1
-1.146082E+1
-1.062439E+1
-1.018045E+1
-9.934958E+0
-9.873218E+0
-9.934958E+0
-1.008784E+1
-1.035244E+1
-1.068319E+1
-1.103746E+1
-1.133734E+1
-1.159312E+1
-1.168573E+1
-1.163869E+1
-1.146082E+1
-1.125796E+1
-1.103746E+1
-1.083607E+1
-1.068319E+1
-1.059499E+1
-1.053913E+1
-1.048327E+1
-1.040389E+1
-1.030099E+1
-1.020397E+1
-1.008784E+1
-9.934958E+0
-9.811478E+0
-9.714458E+0
-9.639488E+0
-9.602738E+0
-9.549818E+0
-9.514538E+0
-9.463088E+0
-9.396938E+0
-9.283748E+0
-9.177908E+0
-9.047078E+0
-8.911838E+0
-8.772188E+0
-8.628128E+0
-8.472308E+0
-8.306198E+0
-8.125388E+0
-7.941638E+0
-7.771118E+0
-7.613828E+0
-7.487408E+0
-7.399208E+0
-7.366868E+0
-7.380098E+0
-7.446248E+0
-7.563848E+0
-7.724078E+0
-7.923998E+0
-8.162138E+0
-8.419388E+0
-8.663408E+0
-8.885378E+0
-9.075008E+0
-9.238178E+0
-9.363128E+0
-9.463088E+0
-9.549818E+0
-9.676238E+0
-9.832058E+0
-1.006579E+1
-1.032745E+1
-1.068319E+1
-1.118152E+1
-1.183273E+1
-1.268680E+1
-1.384663E+1
-1.522843E+1
-1.610896E+1
-1.499911E+1
-1.360555E+1
-1.240750E+1
-1.150492E+1
-1.083607E+1
-1.040389E+1
-1.013341E+1
-9.999638E+0
-9.999638E+0
-1.008784E+1
-1.022749E+1
-1.043035E+1
-1.065379E+1
-1.083607E+1
-1.096837E+1
-1.103746E+1
-1.103746E+1
-1.100218E+1
-1.096837E+1
-1.093456E+1
-1.093456E+1
-1.096837E+1
-1.110802E+1
-1.129765E+1
-1.159312E+1
-1.198855E+1
-1.240750E+1
-1.276324E+1
-1.292494E+1
-1.268680E+1
-1.227961E+1
-1.168573E+1
-1.110802E+1
-1.065379E+1
-1.030099E+1
-1.006579E+1
-9.934958E+0
-9.934958E+0
-1.004374E+1
-1.027747E+1
-1.065379E+1
-1.121974E+1
-1.204441E+1
-1.349383E+1
-1.849477E+1
-2.000005E+1
-2.000005E+1
-2.000005E+1
-2.000005E+1
-2.000005E+1
-2.000005E+1
-2.000005E+1
-2.000005E+1
-2.000005E+1
-2.000005E+1
-2.000005E+1
-2.000005E+1
-2.000005E+1
-2.000005E+1
-2.000005E+1
-2.000005E+1
-2.000005E+1
-2.000005E+1
-2.000005E+1
-1.240750E+1
-1.074346E+1
-9.792368E+0
-9.222008E+0
-8.847158E+0
-8.639888E+0
-8.560508E+0
-8.604608E+0
-8.795708E+0
-9.133808E+0
-9.658598E+0
-1.045681E+1
-1.178275E+1
-1.548421E+1
-2.000005E+1
-2.000005E+1
-2.000005E+1
-2.000005E+1
-2.000005E+1
-2.000005E+1
-2.000005E+1
-2.000005E+1
-2.000005E+1
-2.000005E+1
-2.000005E+1
-2.000005E+1
-2.000005E+1
-2.000005E+1
-2.000005E+1
-2.000005E+1
-2.000005E+1
-2.000005E+1
-1.698949E+1
-1.349383E+1
-1.234135E+1
-1.163869E+1
-1.114477E+1
-1.071259E+1
-1.037743E+1
-1.006579E+1
-9.852638E+0
-9.733568E+0
-9.714458E+0
-9.852638E+0
-1.018045E+1
-1.083607E+1
-1.221787E+1
-2.000005E+1
-2.000005E+1
-2.000005E+1
-2.000005E+1
-2.000005E+1
-2.000005E+1
-2.000005E+1
-2.000005E+1
-2.000005E+1
-2.000005E+1
-2.000005E+1
-2.000005E+1
-2.000005E+1
-2.000005E+1
-2.000005E+1
-1.360555E+1
-1.150492E+1
-1.059499E+1
-1.015693E+1
-9.977588E+0
-1.004374E+1
-1.037743E+1
-1.110802E+1
-1.261330E+1
-2.000005E+1
-2.000005E+1
-2.000005E+1
-2.000005E+1
-2.000005E+1
-2.000005E+1
-2.000005E+1
-2.000005E+1
-2.000005E+1
-2.000005E+1
-2.000005E+1
-2.000005E+1
-2.000005E+1
-1.360555E+1
-1.215907E+1
-1.159312E+1
-1.146082E+1
-1.168573E+1
-1.234135E+1
-1.397893E+1
-2.000005E+1
-2.000005E+1
-2.000005E+1
-2.000005E+1
-2.000005E+1
-2.000005E+1
-2.000005E+1
-2.000005E+1
-2.000005E+1
-2.000005E+1
-2.000005E+1
-2.000005E+1
-2.000005E+1
-2.000005E+1
-1.522843E+1
-1.328803E+1
-1.227961E+1
-1.163869E+1
-1.121974E+1
-1.100218E+1
-1.093456E+1
-1.103746E+1
-1.133734E+1
-1.183273E+1
-1.261330E+1
-1.384663E+1
-1.761424E+1
-2.000005E+1
-2.000005E+1
-2.000005E+1
-2.000005E+1
-2.000005E+1
-2.000005E+1
-2.000005E+1
-2.000005E+1
-2.000005E+1
-1.479331E+1
-1.338799E+1
-1.268680E+1
-1.240750E+1
-1.234135E+1
-1.247365E+1
-1.284262E+1
-1.372315E+1
-1.577380E+1
-2.000005E+1
-2.000005E+1
-2.000005E+1
-2.000005E+1
-2.000005E+1
-2.000005E+1
-2.000005E+1
-2.000005E+1
-2.000005E+1
-2.000005E+1
-2.000005E+1
-2.000005E+1
-2.000005E+1
-2.000005E+1
-2.000005E+1
-2.000005E+1
-2.000005E+1
-2.000005E+1
-2.000005E+1
-2.000005E+1
-2.000005E+1
-2.000005E+1
-2.000005E+1
-2.000005E+1
-2.000005E+1
-2.000005E+1
-2.000005E+1
-2.000005E+1
-2.000005E+1
-2.000005E+1
-2.000005E+1
-2.000005E+1
-1.849477E+1
-2.000005E+1
-2.000005E+1
-2.000005E+1
-2.000005E+1
-2.000005E+1
-2.000005E+1
-2.000005E+1
-2.000005E+1
-2.000005E+1
-2.000005E+1
-2.000005E+1
-2.000005E+1
-2.000005E+1
-2.000005E+1
-2.000005E+1
-2.000005E+1
-2.000005E+1
-2.000005E+1
-2.000005E+1
-2.000005E+1
-2.000005E+1
-2.000005E+1
-2.000005E+1
-2.000005E+1
-2.000005E+1
-2.000005E+1
-1.761424E+1
-1.650439E+1
-1.548421E+1
-1.460368E+1
-1.360555E+1
-1.268680E+1
-1.193563E+1
-1.133734E+1
-1.086841E+1
-1.056706E+1
-1.043035E+1
-1.048327E+1
-1.077433E+1
-1.146082E+1
-1.292494E+1
-2.000005E+1
-2.000005E+1
-2.000005E+1
-2.000005E+1
-2.000005E+1
-2.000005E+1
-2.000005E+1
-2.000005E+1
-2.000005E+1
-2.000005E+1
-2.000005E+1
-2.000005E+1
-2.000005E+1
-2.000005E+1
-1.261330E+1
-1.083607E+1
-9.955538E+0
-9.413108E+0
-9.047078E+0
-8.808938E+0
-8.651648E+0
-8.548748E+0
-8.494358E+0
-8.462018E+0
-8.429678E+0
-8.398808E+0
-8.367938E+0
-8.347358E+0
-8.357648E+0
-8.388518E+0
-8.462018E+0
-8.582558E+0
-8.758958E+0
-8.977988E+0
-9.252878E+0
-9.532178E+0
-9.792368E+0
-9.999638E+0
-1.010989E+1
-1.008784E+1
-9.977588E+0
-9.811478E+0
-9.658598E+0
-9.549818E+0
-9.496898E+0
-9.532178E+0
-9.695348E+0
-9.999638E+0
-1.053913E+1
-1.141966E+1
-1.328803E+1
-2.000005E+1
-2.000005E+1
-2.000005E+1
-2.000005E+1
-2.000005E+1
-2.000005E+1
-2.000005E+1
-2.000005E+1
-2.000005E+1
-2.000005E+1
-2.000005E+1
-2.000005E+1
-2.000005E+1
-1.522843E+1
-1.309840E+1
-1.193563E+1
-1.103746E+1
-1.025248E+1
-9.621848E+0
-9.119108E+0
-8.722208E+0
-8.429678E+0
-8.219468E+0
-8.070998E+0
-8.000438E+0
-7.982798E+0
-7.991618E+0
-8.018078E+0
-8.062178E+0
-8.097458E+0
-8.143028E+0
-8.181248E+0
-8.228288E+0
-8.267978E+0
-8.306198E+0
-8.326778E+0
-8.326778E+0
-8.287088E+0
-8.219468E+0
-8.125388E+0
-8.000438E+0
-7.866668E+0
-7.740248E+0
-7.613828E+0
-7.507988E+0
-7.406558E+0
-7.334528E+0
-7.290428E+0
-7.278668E+0
-7.309538E+0
-7.387448E+0
-7.507988E+0
-7.672628E+0
-7.866668E+0
-8.079818E+0
-8.276798E+0
-8.450258E+0
-8.570798E+0
-8.651648E+0
-8.698688E+0
-8.758958E+0
-8.847158E+0
-9.033848E+0
-9.330788E+0
-9.792368E+0
-1.053913E+1
-1.183273E+1
-1.548421E+1
-2.000005E+1
-2.000005E+1
-2.000005E+1
-2.000005E+1
-2.000005E+1
-2.000005E+1
-2.000005E+1
-2.000005E+1
-1.411858E+1
-1.163869E+1
-1.062439E+1
-1.010989E+1
-9.914378E+0
-1.002169E+1
-1.045681E+1
-1.154902E+1
-1.548421E+1
-2.000005E+1
-2.000005E+1
-2.000005E+1
-2.000005E+1
-2.000005E+1
-2.000005E+1
-2.000005E+1
-2.000005E+1
-2.000005E+1
-1.761424E+1
-1.146082E+1
-1.013341E+1
-9.514538E+0
-9.207308E+0
-9.148508E+0
-9.269048E+0
-9.602738E+0
-1.018045E+1
-1.114477E+1
-1.284262E+1
-2.000005E+1
-2.000005E+1
-2.000005E+1
-2.000005E+1
-2.000005E+1
-2.000005E+1
-2.000005E+1
-2.000005E+1
-2.000005E+1
-2.000005E+1
-2.000005E+1
-2.000005E+1
-2.000005E+1
-2.000005E+1
-2.000005E+1
-2.000005E+1
-2.000005E+1
-2.000005E+1
-2.000005E+1
-2.000005E+1
-2.000005E+1
-2.000005E+1
-2.000005E+1
-2.000005E+1
-2.000005E+1
-2.000005E+1
-2.000005E+1
-2.000005E+1
-2.000005E+1
-2.000005E+1
-1.349383E+1
-1.210027E+1
-1.150492E+1
-1.133734E+1
-1.137850E+1
-1.163869E+1
-1.210027E+1
-1.276324E+1
-1.360555E+1
-1.479331E+1
-1.610896E+1
-1.849477E+1
-2.000005E+1
-2.000005E+1
-2.000005E+1
-2.000005E+1
-2.000005E+1
-2.000005E+1
-2.000005E+1
-2.000005E+1
-2.000005E+1
-2.000005E+1
-2.000005E+1
-2.000005E+1
-1.849477E+1
-2.000005E+1
-2.000005E+1
-2.000005E+1
-2.000005E+1
-2.000005E+1
-2.000005E+1
-2.000005E+1
-1.610896E+1
-1.309840E+1
-1.193563E+1
-1.129765E+1
-1.100218E+1
-1.096837E+1
-1.121974E+1
-1.183273E+1
-1.301020E+1
-1.650439E+1
-2.000005E+1
-2.000005E+1
-2.000005E+1
-2.000005E+1
-2.000005E+1
-2.000005E+1
-2.000005E+1
-2.000005E+1
-2.000005E+1
-2.000005E+1
-2.000005E+1
-2.000005E+1
-2.000005E+1
-2.000005E+1
-2.000005E+1
-2.000005E+1
-2.000005E+1
-2.000005E+1
-2.000005E+1
-2.000005E+1
-2.000005E+1
-2.000005E+1
-2.000005E+1
-2.000005E+1
-2.000005E+1
-2.000005E+1
-1.268680E+1
-1.077433E+1
-9.977588E+0
-9.602738E+0
-9.496898E+0
-9.602738E+0
-9.914378E+0
-1.043035E+1
-1.118152E+1
-1.221787E+1
-1.397893E+1
-2.000005E+1
-2.000005E+1
-2.000005E+1
-2.000005E+1
-2.000005E+1
-2.000005E+1
-2.000005E+1
-2.000005E+1
-2.000005E+1
-2.000005E+1
-2.000005E+1
-2.000005E+1
-2.000005E+1
-2.000005E+1
-2.000005E+1
-2.000005E+1
-2.000005E+1
-2.000005E+1
-2.000005E+1
-1.426852E+1
-1.254274E+1
-1.146082E+1
-1.068319E+1
-1.004374E+1
-9.567458E+0
-9.192608E+0
-8.911838E+0
-8.722208E+0
-8.616368E+0
-8.604608E+0
-8.663408E+0
-8.808938E+0
-9.033848E+0
-9.379298E+0
-9.852638E+0
-1.051120E+1
-1.146082E+1
-1.328803E+1
-2.000005E+1
-2.000005E+1
-2.000005E+1
-2.000005E+1
-2.000005E+1
-2.000005E+1
-2.000005E+1
-2.000005E+1
-2.000005E+1
-2.000005E+1
-2.000005E+1
-1.443022E+1
-1.193563E+1
-1.086841E+1
-1.025248E+1
-9.852638E+0
-9.639488E+0
-9.549818E+0
-9.602738E+0
-9.752678E+0
-1.002169E+1
-1.037743E+1
-1.077433E+1
-1.107274E+1
-1.121974E+1
-1.107274E+1
-1.071259E+1
-1.025248E+1
-9.811478E+0
-9.446918E+0
-9.177908E+0
-9.005918E+0
-8.951528E+0
-9.005918E+0
-9.177908E+0
-9.480728E+0
-9.934958E+0
-1.056706E+1
-1.141966E+1
-1.268680E+1
-1.499911E+1
-2.000005E+1
-2.000005E+1
-2.000005E+1
-2.000005E+1
-2.000005E+1
-2.000005E+1
-2.000005E+1
-2.000005E+1
-1.610896E+1
-1.292494E+1
-1.141966E+1
-1.035244E+1
-9.585098E+0
-9.005918E+0
-8.570798E+0
-8.267978E+0
-8.053358E+0
-7.941638E+0
-7.899008E+0
-7.932818E+0
-8.018078E+0
-8.143028E+0
-8.287088E+0
-8.439968E+0
-8.594318E+0
-8.735438E+0
-8.872148E+0
-9.005918E+0
-9.177908E+0
-9.379298E+0
-9.658598E+0
-9.999638E+0
-1.040389E+1
-1.077433E+1
-1.110802E+1
-1.121974E+1
-1.107274E+1
-1.071259E+1
-1.025248E+1
-9.811478E+0
-9.413108E+0
-9.089708E+0
-8.833928E+0
-8.651648E+0
-8.526698E+0
-8.450258E+0
-8.419388E+0
-8.450258E+0
-8.526698E+0
-8.651648E+0
-8.833928E+0
-9.089708E+0
-9.446918E+0
-9.873218E+0
-1.037743E+1
-1.086841E+1
-1.129765E+1
-1.146082E+1
-1.129765E+1
-1.090222E+1
-1.037743E+1
-9.873218E+0
-9.446918E+0
-9.104408E+0
-8.847158E+0
-8.675168E+0
-8.560508E+0
-8.504648E+0
-8.494358E+0
-8.526698E+0
-8.594318E+0
-8.698688E+0
-8.822168E+0
-8.992688E+0
-9.207308E+0
-9.480728E+0
-9.832058E+0
-1.025248E+1
-1.083607E+1
-1.150492E+1
-1.227961E+1
-1.292494E+1
-1.309840E+1
-1.261330E+1
-1.178275E+1
-1.093456E+1
-1.025248E+1
-9.714458E+0
-9.316088E+0
-9.033848E+0
-8.872148E+0
-8.822168E+0
-8.885378E+0
-9.061778E+0
-9.396938E+0
-9.934958E+0
-1.080520E+1
-1.254274E+1
-2.000005E+1
-2.000005E+1
-2.000005E+1
-2.000005E+1
-2.000005E+1
-2.000005E+1
-2.000005E+1
-2.000005E+1
-1.284262E+1
-1.129765E+1
-1.048327E+1
-9.977588E+0
-9.621848E+0
-9.316088E+0
-9.061778E+0
-8.822168E+0
-8.594318E+0
-8.409098E+0
-8.257688E+0
-8.170958E+0
-8.162138E+0
-8.228288E+0
-8.388518E+0
-8.616368E+0
-8.951528E+0
-9.363128E+0
-9.873218E+0
-1.051120E+1
-1.133734E+1
-1.261330E+1
-1.610896E+1
-2.000005E+1
-2.000005E+1
-2.000005E+1
-2.000005E+1
-2.000005E+1
-2.000005E+1
-2.000005E+1
-2.000005E+1
-2.000005E+1
-2.000005E+1
-2.000005E+1
-2.000005E+1
-2.000005E+1
-2.000005E+1
-2.000005E+1
-2.000005E+1
-2.000005E+1
-2.000005E+1
-2.000005E+1
-2.000005E+1
-2.000005E+1
-2.000005E+1
-2.000005E+1
-2.000005E+1
-2.000005E+1
-2.000005E+1
-2.000005E+1
-2.000005E+1
-2.000005E+1
-2.000005E+1
-2.000005E+1
-2.000005E+1
-2.000005E+1
-2.000005E+1
-2.000005E+1
-2.000005E+1
-1.411858E+1
-1.129765E+1
-1.022749E+1
-9.639488E+0
-9.283748E+0
-9.119108E+0
-9.061778E+0
-9.119108E+0
-9.252878E+0
-9.446918E+0
-9.676238E+0
-9.893798E+0
-1.004374E+1
-1.010989E+1
-1.010989E+1
-1.002169E+1
-9.934958E+0
-9.832058E+0
-9.752678E+0
-9.695348E+0
-9.639488E+0
-9.549818E+0
-9.446918E+0
-9.283748E+0
-9.104408E+0
-8.925068E+0
-8.758958E+0
-8.628128E+0
-8.538458E+0
-8.504648E+0
-8.516408E+0
-8.582558E+0
-8.698688E+0
-8.847158E+0
-9.019148E+0
-9.177908E+0
-9.316088E+0
-9.396938E+0
-9.413108E+0
-9.330788E+0
-9.207308E+0
-9.061778E+0
-8.885378E+0
-8.710448E+0
-8.570798E+0
-8.462018E+0
-8.409098E+0
-8.378228E+0
-8.378228E+0
-8.429678E+0
-8.538458E+0
-8.686928E+0
-8.885378E+0
-9.133808E+0
-9.480728E+0
-9.934958E+0
-1.053913E+1
-1.125796E+1
-1.215907E+1
-1.319101E+1
-1.384663E+1
-1.360555E+1
-1.268680E+1
-1.188271E+1
-1.121974E+1
-1.077433E+1
-1.053913E+1
-1.051120E+1
-1.068319E+1
-1.103746E+1
-1.150492E+1
-1.210027E+1
-1.261330E+1
-1.268680E+1
-1.234135E+1
-1.163869E+1
-1.096837E+1
-1.037743E+1
-9.914378E+0
-9.532178E+0
-9.238178E+0
-8.992688E+0
-8.795708E+0
-8.628128E+0
-8.482598E+0
-8.347358E+0
-8.247398E+0
-8.181248E+0
-8.153318E+0
-8.170958E+0
-8.247398E+0
-8.388518E+0
-8.594318E+0
-8.885378E+0
-9.283748E+0
-9.832058E+0
-1.068319E+1
-1.215907E+1
-2.000005E+1
-2.000005E+1
-2.000005E+1
-2.000005E+1
-2.000005E+1
-2.000005E+1
-2.000005E+1
-2.000005E+1
-2.000005E+1
-1.173277E+1
-9.914378E+0
-8.938298E+0
-8.297378E+0
-7.857848E+0
-7.569728E+0
-7.393328E+0
-7.297778E+0
-7.259558E+0
-7.278668E+0
-7.334528E+0
-7.419788E+0
-7.534448E+0
-7.650578E+0
-7.787288E+0
-7.923998E+0
-8.079818E+0
-8.276798E+0
-8.516408E+0
-8.833928E+0
-9.269048E+0
-9.873218E+0
-1.074346E+1
-1.210027E+1
-1.479331E+1
-2.000005E+1
-2.000005E+1
-2.000005E+1
-2.000005E+1
-1.548421E+1
-1.301020E+1
-1.188271E+1
-1.125796E+1
-1.086841E+1
-1.065379E+1
-1.051120E+1
-1.043035E+1
-1.035244E+1
-1.022749E+1
-1.006579E+1
-9.873218E+0
-9.639488E+0
-9.429278E+0
-9.269048E+0
-9.148508E+0
-9.104408E+0
-9.119108E+0
-9.222008E+0
-9.413108E+0
-9.733568E+0
-1.018045E+1
-1.083607E+1
-1.178275E+1
-1.360555E+1
-2.000005E+1
-2.000005E+1
-2.000005E+1
-2.000005E+1
-2.000005E+1
-2.000005E+1
-2.000005E+1
-2.000005E+1
-2.000005E+1
-2.000005E+1
-2.000005E+1
-2.000005E+1
-2.000005E+1
-2.000005E+1
-2.000005E+1
-2.000005E+1
-2.000005E+1
-1.698949E+1
-1.261330E+1
-1.178275E+1
-1.173277E+1
-1.247365E+1
-1.548421E+1
-2.000005E+1
-2.000005E+1
-2.000005E+1
-2.000005E+1
-2.000005E+1
-2.000005E+1
-2.000005E+1
-2.000005E+1
-2.000005E+1
-2.000005E+1
-2.000005E+1
-2.000005E+1
-2.000005E+1
-2.000005E+1
-2.000005E+1
-2.000005E+1
-2.000005E+1
-2.000005E+1
-2.000005E+1
-2.000005E+1
-2.000005E+1
-2.000005E+1
-2.000005E+1
-2.000005E+1
-2.000005E+1
-2.000005E+1
-2.000005E+1
-2.000005E+1
-2.000005E+1
-2.000005E+1
-2.000005E+1
-2.000005E+1
-2.000005E+1
-2.000005E+1
-2.000005E+1
-2.000005E+1
-2.000005E+1
-1.460368E+1
-1.261330E+1
-1.154902E+1
-1.077433E+1
-1.020397E+1
-9.792368E+0
-9.480728E+0
-9.269048E+0
-9.148508E+0
-9.089708E+0
-9.119108E+0
-9.207308E+0
-9.346958E+0
-9.567458E+0
-9.852638E+0
-1.020397E+1
-1.065379E+1
-1.107274E+1
-1.150492E+1
-1.173277E+1
-1.168573E+1
-1.137850E+1
-1.083607E+1
-1.032745E+1
-9.893798E+0
-9.567458E+0
-9.316088E+0
-9.177908E+0
-9.133808E+0
-9.207308E+0
-9.363128E+0
-9.621848E+0
-9.977588E+0
-1.048327E+1
-1.125796E+1
-1.254274E+1
-1.698949E+1
-2.000005E+1
-2.000005E+1
-2.000005E+1
-2.000005E+1
-2.000005E+1
-2.000005E+1
-2.000005E+1
-2.000005E+1
-2.000005E+1
-2.000005E+1
-2.000005E+1
-2.000005E+1
-2.000005E+1
-2.000005E+1
-2.000005E+1
-2.000005E+1
-2.000005E+1
-2.000005E+1
-2.000005E+1
-2.000005E+1
-2.000005E+1
-2.000005E+1
-2.000005E+1
-2.000005E+1
-2.000005E+1
-2.000005E+1
-2.000005E+1
-2.000005E+1
-2.000005E+1
-2.000005E+1
-2.000005E+1
-2.000005E+1
-2.000005E+1
-2.000005E+1
-2.000005E+1
-2.000005E+1
-2.000005E+1
-2.000005E+1
-2.000005E+1
-1.761424E+1
-1.499911E+1
-1.411858E+1
-1.372315E+1
-1.384663E+1
-1.426852E+1
-1.522843E+1
-1.761424E+1
-2.000005E+1
-2.000005E+1
-2.000005E+1
-2.000005E+1
-2.000005E+1
-2.000005E+1
-1.650439E+1
-1.268680E+1
-1.110802E+1
-1.008784E+1
-9.413108E+0
-8.964758E+0
-8.663408E+0
-8.482598E+0
-8.398808E+0
-8.398808E+0
-8.472308E+0
-8.616368E+0
-8.795708E+0
-9.005918E+0
-9.269048E+0
-9.585098E+0
-9.914378E+0
-1.022749E+1
-1.048327E+1
-1.065379E+1
-1.065379E+1
-1.048327E+1
-1.020397E+1
-9.914378E+0
-9.658598E+0
-9.463088E+0
-9.363128E+0
-9.363128E+0
-9.480728E+0
-9.714458E+0
-1.010989E+1
-1.068319E+1
-1.150492E+1
-1.284262E+1
-1.577380E+1
-2.000005E+1
-2.000005E+1
-2.000005E+1
-2.000005E+1
-2.000005E+1
-2.000005E+1
-2.000005E+1
-1.372315E+1
-1.193563E+1
-1.090222E+1
-1.018045E+1
-9.639488E+0
-9.238178E+0
-8.938298E+0
-8.735438E+0
-8.582558E+0
-8.482598E+0
-8.439968E+0
-8.429678E+0
-8.462018E+0
-8.516408E+0
-8.582558E+0
-8.686928E+0
-8.822168E+0
-9.005918E+0
-9.269048E+0
-9.658598E+0
-1.022749E+1
-1.121974E+1
-1.338799E+1
-2.000005E+1
-2.000005E+1
-2.000005E+1
-2.000005E+1
-2.000005E+1
-2.000005E+1
-2.000005E+1
-2.000005E+1
-2.000005E+1
-2.000005E+1
-2.000005E+1
-2.000005E+1
-2.000005E+1
-2.000005E+1
-2.000005E+1
-1.384663E+1
-1.188271E+1
-1.090222E+1
-1.025248E+1
-9.714458E+0
-9.283748E+0
-8.898608E+0
-8.570798E+0
-8.306198E+0
-8.097458E+0
-7.975448E+0
-7.923998E+0
-7.957808E+0
-8.088638E+0
-8.306198E+0
-8.616368E+0
-8.992688E+0
-9.396938E+0
-9.773258E+0
-1.006579E+1
-1.018045E+1
-1.015693E+1
-1.008784E+1
-1.002169E+1
-1.004374E+1
-1.015693E+1
-1.037743E+1
-1.074346E+1
-1.121974E+1
-1.163869E+1
-1.188271E+1
-1.178275E+1
-1.146082E+1
-1.103746E+1
-1.065379E+1
-1.035244E+1
-1.020397E+1
-1.020397E+1
-1.037743E+1
-1.074346E+1
-1.137850E+1
-1.234135E+1
-1.397893E+1
-2.000005E+1
-2.000005E+1
-2.000005E+1
-2.000005E+1
-2.000005E+1
-2.000005E+1
-2.000005E+1
-2.000005E+1
-2.000005E+1
-2.000005E+1
-2.000005E+1
-2.000005E+1
-2.000005E+1
-2.000005E+1
-2.000005E+1
-2.000005E+1
-2.000005E+1
-2.000005E+1
-1.548421E+1
-1.163869E+1
-1.030099E+1
-9.549818E+0
-9.104408E+0
-8.847158E+0
-8.772188E+0
-8.872148E+0
-9.148508E+0
-9.658598E+0
-1.053913E+1
-1.221787E+1
-2.000005E+1
-2.000005E+1
-2.000005E+1
-2.000005E+1
-2.000005E+1
-2.000005E+1
-2.000005E+1
-2.000005E+1
-2.000005E+1
-1.328803E+1
-1.163869E+1
-1.080520E+1
-1.030099E+1
-9.977588E+0
-9.773258E+0
-9.639488E+0
-9.585098E+0
-9.602738E+0
-9.676238E+0
-9.852638E+0
-1.010989E+1
-1.053913E+1
-1.114477E+1
-1.198855E+1
-1.328803E+1
-1.548421E+1
-2.000005E+1
-2.000005E+1
-2.000005E+1
-1.499911E+1
-1.309840E+1
-1.204441E+1
-1.129765E+1
-1.083607E+1
-1.053913E+1
-1.037743E+1
-1.027747E+1
-1.020397E+1
-1.010989E+1
-9.999638E+0
-9.852638E+0
-9.639488E+0
-9.413108E+0
-9.192608E+0
-9.019148E+0
-8.898608E+0
-8.822168E+0
-8.808938E+0
-8.872148E+0
-9.005918E+0
-9.192608E+0
-9.413108E+0
-9.658598E+0
-9.873218E+0
-1.002169E+1
-1.006579E+1
-1.002169E+1
-9.914378E+0
-9.752678E+0
-9.602738E+0
-9.480728E+0
-9.396938E+0
-9.363128E+0
-9.330788E+0
-9.330788E+0
-9.330788E+0
-9.346958E+0
-9.346958E+0
-9.363128E+0
-9.429278E+0
-9.567458E+0
-9.792368E+0
-1.008784E+1
-1.051120E+1
-1.107274E+1
-1.178275E+1
-1.261330E+1
-1.349383E+1
-1.460368E+1
-1.610896E+1
-2.000005E+1
-2.000005E+1
-2.000005E+1
-2.000005E+1
-2.000005E+1
-2.000005E+1
-2.000005E+1
-2.000005E+1
-2.000005E+1
-2.000005E+1
-2.000005E+1
-2.000005E+1
-2.000005E+1
-2.000005E+1
-2.000005E+1
-1.761424E+1
-1.698949E+1
-1.849477E+1
-2.000005E+1
-2.000005E+1
-2.000005E+1
-2.000005E+1
-2.000005E+1
-2.000005E+1
-2.000005E+1
-2.000005E+1
-2.000005E+1
-2.000005E+1
-2.000005E+1
-2.000005E+1
-2.000005E+1
-2.000005E+1
-2.000005E+1
-2.000005E+1
-2.000005E+1
-2.000005E+1
-2.000005E+1
-2.000005E+1
-2.000005E+1
-2.000005E+1
-2.000005E+1
-2.000005E+1
-2.000005E+1
-2.000005E+1
-2.000005E+1
-2.000005E+1
-2.000005E+1
-1.319101E+1
-1.133734E+1
-1.035244E+1
-9.733568E+0
-9.330788E+0
-9.119108E+0
-9.075008E+0
-9.192608E+0
-9.496898E+0
-1.013341E+1
-1.137850E+1
-1.610896E+1
-2.000005E+1
-2.000005E+1
-2.000005E+1
-2.000005E+1
-2.000005E+1
-2.000005E+1
-2.000005E+1
-2.000005E+1
-2.000005E+1
-2.000005E+1
-2.000005E+1
-2.000005E+1
-2.000005E+1
-2.000005E+1
-1.443022E+1
-1.129765E+1
-1.018045E+1
-9.585098E+0
-9.238178E+0
-9.033848E+0
-8.925068E+0
-8.885378E+0
-8.872148E+0
-8.911838E+0
-8.977988E+0
-9.061778E+0
-9.192608E+0
-9.363128E+0
-9.585098E+0
-9.852638E+0
-1.013341E+1
-1.048327E+1
-1.086841E+1
-1.129765E+1
-1.193563E+1
-1.284262E+1
-1.479331E+1
-2.000005E+1
-2.000005E+1
-2.000005E+1
-2.000005E+1
-2.000005E+1
-2.000005E+1
-2.000005E+1
-2.000005E+1
-2.000005E+1
-2.000005E+1
-2.000005E+1
-2.000005E+1
-2.000005E+1
-2.000005E+1
-2.000005E+1
-2.000005E+1
-2.000005E+1
-2.000005E+1
-2.000005E+1
-2.000005E+1
-1.548421E+1
-1.188271E+1
-1.043035E+1
-9.532178E+0
-8.925068E+0
-8.494358E+0
-8.219468E+0
-8.088638E+0
-8.079818E+0
-8.190068E+0
-8.419388E+0
-8.747198E+0
-9.148508E+0
-9.567458E+0
-9.914378E+0
-1.010989E+1
-1.010989E+1
-9.955538E+0
-9.733568E+0
-9.532178E+0
-9.429278E+0
-9.429278E+0
-9.549818E+0
-9.811478E+0
-1.022749E+1
-1.080520E+1
-1.146082E+1
-1.215907E+1
-1.268680E+1
-1.261330E+1
-1.210027E+1
-1.133734E+1
-1.062439E+1
-1.002169E+1
-9.514538E+0
-9.119108E+0
-8.822168E+0
-8.616368E+0
-8.516408E+0
-8.526698E+0
-8.651648E+0
-8.925068E+0
-9.413108E+0
-1.018045E+1
-1.159312E+1
-1.761424E+1
-2.000005E+1
-2.000005E+1
-2.000005E+1
-2.000005E+1
-2.000005E+1
-2.000005E+1
-2.000005E+1
-2.000005E+1
-2.000005E+1
-2.000005E+1
-2.000005E+1
-2.000005E+1
-2.000005E+1
-2.000005E+1
-2.000005E+1
-2.000005E+1
-2.000005E+1
-2.000005E+1
-2.000005E+1
-2.000005E+1
-2.000005E+1
-2.000005E+1
-1.761424E+1
-1.610896E+1
-1.548421E+1
-1.548421E+1
-1.610896E+1
-1.698949E+1
-2.000005E+1
-2.000005E+1
-2.000005E+1
-2.000005E+1
-2.000005E+1
-2.000005E+1
-2.000005E+1
-2.000005E+1
-2.000005E+1
-2.000005E+1
-2.000005E+1
-2.000005E+1
-2.000005E+1
-2.000005E+1
-2.000005E+1
-2.000005E+1
-2.000005E+1
-2.000005E+1
-2.000005E+1
-2.000005E+1
-2.000005E+1
-2.000005E+1
-2.000005E+1
-2.000005E+1
-2.000005E+1
-2.000005E+1
-2.000005E+1
-2.000005E+1
-2.000005E+1
-2.000005E+1
-2.000005E+1
-2.000005E+1
-2.000005E+1
-1.650439E+1
-1.254274E+1
-1.141966E+1
-1.080520E+1
-1.045681E+1
-1.022749E+1
-1.006579E+1
-9.914378E+0
-9.733568E+0
-9.496898E+0
-9.238178E+0
-8.938298E+0
-8.651648E+0
-8.419388E+0
-8.247398E+0
-8.162138E+0
-8.190068E+0
-8.357648E+0
-8.686928E+0
-9.252878E+0
-1.015693E+1
-1.193563E+1
-2.000005E+1
-2.000005E+1
-2.000005E+1
-2.000005E+1
-2.000005E+1
-2.000005E+1
-2.000005E+1
-2.000005E+1
-2.000005E+1
-2.000005E+1
-2.000005E+1
-2.000005E+1
-2.000005E+1
-2.000005E+1
-2.000005E+1
-2.000005E+1
-2.000005E+1
-2.000005E+1
-1.522843E+1
-1.397893E+1
-1.411858E+1
-1.610896E+1
-2.000005E+1
-2.000005E+1
-2.000005E+1
-2.000005E+1
-2.000005E+1
-2.000005E+1
-2.000005E+1
-2.000005E+1
-2.000005E+1
-2.000005E+1
-2.000005E+1
-2.000005E+1
-2.000005E+1
-2.000005E+1
-2.000005E+1
-2.000005E+1
-2.000005E+1
-2.000005E+1
