Date/Time	2022-06-05 00:43:58
Line location	3
Line name	C1
OTDR wavelength [nm]	1625
OTDR pulse duration [ns]	2
OTDR scan time [s]	10
OTDR scan length [m]	1.500000E+2
Length offset [m]	0.000000E+0
Length increment [m]	3.996806E-2
Switch ID	VIAVI Solutions,OTU 8000E,11654,FO,16.76
OTDR ID	JDSU,OTU 8000E,11654,OTU(SmartOTU),V7.22

Reflected amplitude [dB]
1.434022E+0
1.331122E+0
1.225282E+0
1.132672E+0
1.057702E+0
1.013602E+0
1.028302E+0
1.123852E+0
1.292902E+0
1.508992E+0
1.748602E+0
1.986742E+0
2.199892E+0
2.367472E+0
2.490952E+0
2.579152E+0
2.640892E+0
2.670292E+0
2.651182E+0
2.582092E+0
2.476252E+0
2.335132E+0
2.169022E+0
1.989682E+0
1.797112E+0
1.603072E+0
1.406092E+0
1.200292E+0
1.001842E+0
8.254420E-1
6.681520E-1
5.285020E-1
4.079620E-1
3.080020E-1
2.256820E-1
1.565920E-1
9.779200E-2
4.928200E-2
9.592000E-3
-2.421800E-2
-5.067800E-2
-7.125800E-2
-8.595800E-2
-9.771800E-2
-1.050680E-1
-1.094780E-1
-1.109480E-1
-1.124180E-1
-1.109480E-1
-1.109480E-1
-1.124180E-1
-1.153580E-1
-1.212380E-1
-1.315280E-1
-1.447580E-1
-1.623980E-1
-1.829780E-1
-2.064980E-1
-2.314880E-1
-2.579480E-1
-2.844080E-1
-3.093980E-1
-3.314480E-1
-3.520280E-1
-3.667280E-1
-3.784880E-1
-3.843680E-1
-3.843680E-1
-3.784880E-1
-3.667280E-1
-3.490880E-1
-3.285080E-1
-3.020480E-1
-2.726480E-1
-2.417780E-1
-2.094380E-1
-1.800380E-1
-1.521080E-1
-1.285880E-1
-1.124180E-1
-1.021280E-1
-1.006580E-1
-1.065380E-1
-1.197680E-1
-1.403480E-1
-1.653380E-1
-1.962080E-1
-2.270780E-1
-2.594180E-1
-2.888180E-1
-3.167480E-1
-3.402680E-1
-3.608480E-1
-3.770180E-1
-3.902480E-1
-4.034780E-1
-4.167080E-1
-4.299380E-1
-4.431680E-1
-4.593380E-1
-4.769780E-1
-4.946180E-1
-5.122580E-1
-5.284280E-1
-5.445980E-1
-5.592980E-1
-5.725280E-1
-5.842880E-1
-5.945780E-1
-6.033980E-1
-6.092780E-1
-6.136880E-1
-6.151580E-1
-6.136880E-1
-6.122180E-1
-6.063380E-1
-5.989880E-1
-5.901680E-1
-5.813480E-1
-5.710580E-1
-5.607680E-1
-5.519480E-1
-5.445980E-1
-5.401880E-1
-5.372480E-1
-5.372480E-1
-5.401880E-1
-5.445980E-1
-5.504780E-1
-5.563580E-1
-5.651780E-1
-5.739980E-1
-5.857580E-1
-5.989880E-1
-6.136880E-1
-6.298580E-1
-6.460280E-1
-6.636680E-1
-6.813080E-1
-6.945380E-1
-7.048280E-1
-7.092380E-1
-7.092380E-1
-7.033580E-1
-6.915980E-1
-6.768980E-1
-6.607280E-1
-6.283880E-1
-5.607680E-1
-4.622780E-1
-3.373280E-1
-2.006180E-1
-7.419800E-2
3.458200E-2
1.213120E-1
1.889320E-1
2.389120E-1
2.741920E-1
2.977120E-1
3.094720E-1
3.124120E-1
3.050620E-1
2.874220E-1
2.594920E-1
2.168620E-1
1.536520E-1
7.868200E-2
2.242000E-3
-6.537800E-2
-1.271180E-1
-1.815080E-1
-2.300180E-1
-2.726480E-1
-3.093980E-1
-3.417380E-1
-3.696680E-1
-3.931880E-1
-4.137680E-1
-4.299380E-1
-4.431680E-1
-4.534580E-1
-4.608080E-1
-4.637480E-1
-4.652180E-1
-4.652180E-1
-4.622780E-1
-4.593380E-1
-4.549280E-1
-4.490480E-1
-4.416980E-1
-4.358180E-1
-4.284680E-1
-4.225880E-1
-4.181780E-1
-4.152380E-1
-4.152380E-1
-4.181780E-1
-4.225880E-1
-4.299380E-1
-4.387580E-1
-4.461080E-1
-4.549280E-1
-4.637480E-1
-4.696280E-1
-4.740380E-1
-4.769780E-1
-4.784480E-1
-4.755080E-1
-4.710980E-1
-4.637480E-1
-4.534580E-1
-4.416980E-1
-4.284680E-1
-4.122980E-1
-3.961280E-1
-3.814280E-1
-3.652580E-1
-3.520280E-1
-3.387980E-1
-3.285080E-1
-3.211580E-1
-3.152780E-1
-3.123380E-1
-3.108680E-1
-3.108680E-1
-3.138080E-1
-3.182180E-1
-3.270380E-1
-3.373280E-1
-3.505580E-1
-3.667280E-1
-3.843680E-1
-4.049480E-1
-4.269980E-1
-4.461080E-1
-4.652180E-1
-4.799180E-1
-4.916780E-1
-4.990280E-1
-5.034380E-1
-5.049080E-1
-5.049080E-1
-5.049080E-1
-5.034380E-1
-5.034380E-1
-5.019680E-1
-5.019680E-1
-5.019680E-1
-5.034380E-1
-5.049080E-1
-5.078480E-1
-5.122580E-1
-5.181380E-1
-5.240180E-1
-5.313680E-1
-5.372480E-1
-5.416580E-1
-5.431280E-1
-5.431280E-1
-5.416580E-1
-5.387180E-1
-5.372480E-1
-5.357780E-1
-5.343080E-1
-5.357780E-1
-5.387180E-1
-5.416580E-1
-5.431280E-1
-5.445980E-1
-5.431280E-1
-5.416580E-1
-5.372480E-1
-5.313680E-1
-5.254880E-1
-5.196080E-1
-5.137280E-1
-5.093180E-1
-5.049080E-1
-5.004980E-1
-4.960880E-1
-4.902080E-1
-4.828580E-1
-4.740380E-1
-4.622780E-1
-4.505180E-1
-4.387580E-1
-4.284680E-1
-4.196480E-1
-4.122980E-1
-4.093580E-1
-4.108280E-1
-4.167080E-1
-4.240580E-1
-4.328780E-1
-4.446380E-1
-4.549280E-1
-4.637480E-1
-4.710980E-1
-4.755080E-1
-4.784480E-1
-4.799180E-1
-4.784480E-1
-4.755080E-1
-4.725680E-1
-4.681580E-1
-4.622780E-1
-4.563980E-1
-4.505180E-1
-4.446380E-1
-4.402280E-1
-4.372880E-1
-4.372880E-1
-4.402280E-1
-4.461080E-1
-4.549280E-1
-4.681580E-1
-4.828580E-1
-5.004980E-1
-5.196080E-1
-5.357780E-1
-5.519480E-1
-5.637080E-1
-5.725280E-1
-5.769380E-1
-5.769380E-1
-5.739980E-1
-5.681180E-1
-5.607680E-1
-5.504780E-1
-5.401880E-1
-5.313680E-1
-5.210780E-1
-5.122580E-1
-5.063780E-1
-5.004980E-1
-4.990280E-1
-4.975580E-1
-4.990280E-1
-5.019680E-1
-5.049080E-1
-5.078480E-1
-5.093180E-1
-5.078480E-1
-5.034380E-1
-4.960880E-1
-4.857980E-1
-4.755080E-1
-4.622780E-1
-4.505180E-1
-4.402280E-1
-4.314080E-1
-4.240580E-1
-4.181780E-1
-4.137680E-1
-4.122980E-1
-4.122980E-1
-4.122980E-1
-4.137680E-1
-4.152380E-1
-4.167080E-1
-4.196480E-1
-4.240580E-1
-4.284680E-1
-4.328780E-1
-4.402280E-1
-4.490480E-1
-4.608080E-1
-4.725680E-1
-4.843280E-1
-4.960880E-1
-5.078480E-1
-5.151980E-1
-5.210780E-1
-5.240180E-1
-5.240180E-1
-5.210780E-1
-5.166680E-1
-5.107880E-1
-5.034380E-1
-4.960880E-1
-4.887380E-1
-4.813880E-1
-4.740380E-1
-4.681580E-1
-4.622780E-1
-4.578680E-1
-4.549280E-1
-4.519880E-1
-4.505180E-1
-4.505180E-1
-4.505180E-1
-4.505180E-1
-4.490480E-1
-4.461080E-1
-4.402280E-1
-4.343480E-1
-4.284680E-1
-4.225880E-1
-4.167080E-1
-4.122980E-1
-4.122980E-1
-4.122980E-1
-4.152380E-1
-4.181780E-1
-4.196480E-1
-4.211180E-1
-4.196480E-1
-4.152380E-1
-4.093580E-1
-4.020080E-1
-3.961280E-1
-3.887780E-1
-3.843680E-1
-3.799580E-1
-3.770180E-1
-3.755480E-1
-3.755480E-1
-3.755480E-1
-3.784880E-1
-3.828980E-1
-3.887780E-1
-3.975980E-1
-4.064180E-1
-4.167080E-1
-4.284680E-1
-4.387580E-1
-4.505180E-1
-4.593380E-1
-4.681580E-1
-4.755080E-1
-4.828580E-1
-4.887380E-1
-4.946180E-1
-5.019680E-1
-5.078480E-1
-5.166680E-1
-5.254880E-1
-5.343080E-1
-5.431280E-1
-5.534180E-1
-5.622380E-1
-5.725280E-1
-5.798780E-1
-5.872280E-1
-5.931080E-1
-5.960480E-1
-5.975180E-1
-5.960480E-1
-5.931080E-1
-5.901680E-1
-5.872280E-1
-5.857580E-1
-5.857580E-1
-5.857580E-1
-5.872280E-1
-5.901680E-1
-5.901680E-1
-5.901680E-1
-5.872280E-1
-5.813480E-1
-5.725280E-1
-5.607680E-1
-5.460680E-1
-5.313680E-1
-5.166680E-1
-5.034380E-1
-4.931480E-1
-4.828580E-1
-4.769780E-1
-4.725680E-1
-4.681580E-1
-4.652180E-1
-4.637480E-1
-4.593380E-1
-4.549280E-1
-4.505180E-1
-4.446380E-1
-4.416980E-1
-4.387580E-1
-4.387580E-1
-4.416980E-1
-4.461080E-1
-4.549280E-1
-4.637480E-1
-4.725680E-1
-4.813880E-1
-4.887380E-1
-4.931480E-1
-4.960880E-1
-4.960880E-1
-4.946180E-1
-4.931480E-1
-4.902080E-1
-4.872680E-1
-4.843280E-1
-4.813880E-1
-4.799180E-1
-4.784480E-1
-4.755080E-1
-4.740380E-1
-4.710980E-1
-4.696280E-1
-4.681580E-1
-4.666880E-1
-4.666880E-1
-4.681580E-1
-4.696280E-1
-4.725680E-1
-4.769780E-1
-4.813880E-1
-4.872680E-1
-4.916780E-1
-4.975580E-1
-5.034380E-1
-5.093180E-1
-5.151980E-1
-5.196080E-1
-5.240180E-1
-5.269580E-1
-5.284280E-1
-5.298980E-1
-5.298980E-1
-5.284280E-1
-5.269580E-1
-5.254880E-1
-5.225480E-1
-5.196080E-1
-5.181380E-1
-5.151980E-1
-5.137280E-1
-5.107880E-1
-5.078480E-1
-5.063780E-1
-5.034380E-1
-5.004980E-1
-4.975580E-1
-4.975580E-1
-4.990280E-1
-5.019680E-1
-5.093180E-1
-5.210780E-1
-5.357780E-1
-5.534180E-1
-5.725280E-1
-5.931080E-1
-6.136880E-1
-6.313280E-1
-6.445580E-1
-6.533780E-1
-6.563180E-1
-6.563180E-1
-6.533780E-1
-6.460280E-1
-6.386780E-1
-6.283880E-1
-6.180980E-1
-6.078080E-1
-5.975180E-1
-5.872280E-1
-5.769380E-1
-5.666480E-1
-5.548880E-1
-5.460680E-1
-5.357780E-1
-5.269580E-1
-5.196080E-1
-5.137280E-1
-5.093180E-1
-5.078480E-1
-5.078480E-1
-5.093180E-1
-5.137280E-1
-5.166680E-1
-5.210780E-1
-5.240180E-1
-5.254880E-1
-5.254880E-1
-5.254880E-1
-5.240180E-1
-5.225480E-1
-5.225480E-1
-5.240180E-1
-5.254880E-1
-5.284280E-1
-5.313680E-1
-5.357780E-1
-5.401880E-1
-5.431280E-1
-5.460680E-1
-5.475380E-1
-5.490080E-1
-5.475380E-1
-5.460680E-1
-5.416580E-1
-5.372480E-1
-5.313680E-1
-5.254880E-1
-5.196080E-1
-5.151980E-1
-5.122580E-1
-5.122580E-1
-5.137280E-1
-5.181380E-1
-5.254880E-1
-5.328380E-1
-5.416580E-1
-5.490080E-1
-5.578280E-1
-5.651780E-1
-5.725280E-1
-5.784080E-1
-5.828180E-1
-5.857580E-1
-5.872280E-1
-5.872280E-1
-5.842880E-1
-5.784080E-1
-5.710580E-1
-5.622380E-1
-5.519480E-1
-5.416580E-1
-5.298980E-1
-5.196080E-1
-5.093180E-1
-5.004980E-1
-4.931480E-1
-4.887380E-1
-4.872680E-1
-4.872680E-1
-4.916780E-1
-4.990280E-1
-5.078480E-1
-5.181380E-1
-5.298980E-1
-5.416580E-1
-5.519480E-1
-5.607680E-1
-5.681180E-1
-5.725280E-1
-5.754680E-1
-5.754680E-1
-5.754680E-1
-5.739980E-1
-5.710580E-1
-5.681180E-1
-5.637080E-1
-5.607680E-1
-5.563580E-1
-5.519480E-1
-5.490080E-1
-5.445980E-1
-5.416580E-1
-5.387180E-1
-5.343080E-1
-5.313680E-1
-5.269580E-1
-5.210780E-1
-5.166680E-1
-5.107880E-1
-5.034380E-1
-4.975580E-1
-4.931480E-1
-4.887380E-1
-4.843280E-1
-4.813880E-1
-4.799180E-1
-4.784480E-1
-4.769780E-1
-4.755080E-1
-4.755080E-1
-4.755080E-1
-4.769780E-1
-4.799180E-1
-4.828580E-1
-4.872680E-1
-4.931480E-1
-4.975580E-1
-5.019680E-1
-5.049080E-1
-5.063780E-1
-5.063780E-1
-5.049080E-1
-4.990280E-1
-4.931480E-1
-4.843280E-1
-4.769780E-1
-4.681580E-1
-4.608080E-1
-4.549280E-1
-4.519880E-1
-4.519880E-1
-4.534580E-1
-4.578680E-1
-4.622780E-1
-4.681580E-1
-4.740380E-1
-4.784480E-1
-4.799180E-1
-4.799180E-1
-4.784480E-1
-4.755080E-1
-4.710980E-1
-4.681580E-1
-4.652180E-1
-4.637480E-1
-4.652180E-1
-4.681580E-1
-4.710980E-1
-4.740380E-1
-4.784480E-1
-4.799180E-1
-4.799180E-1
-4.769780E-1
-4.740380E-1
-4.681580E-1
-4.637480E-1
-4.578680E-1
-4.549280E-1
-4.519880E-1
-4.519880E-1
-4.549280E-1
-4.578680E-1
-4.637480E-1
-4.696280E-1
-4.755080E-1
-4.799180E-1
-4.843280E-1
-4.887380E-1
-4.916780E-1
-4.946180E-1
-4.975580E-1
-5.004980E-1
-5.019680E-1
-5.049080E-1
-5.063780E-1
-5.093180E-1
-5.137280E-1
-5.166680E-1
-5.210780E-1
-5.269580E-1
-5.313680E-1
-5.357780E-1
-5.387180E-1
-5.401880E-1
-5.416580E-1
-5.401880E-1
-5.372480E-1
-5.328380E-1
-5.298980E-1
-5.269580E-1
-5.254880E-1
-5.254880E-1
-5.269580E-1
-5.284280E-1
-5.313680E-1
-5.357780E-1
-5.401880E-1
-5.445980E-1
-5.490080E-1
-5.534180E-1
-5.578280E-1
-5.622380E-1
-5.666480E-1
-5.710580E-1
-5.725280E-1
-5.739980E-1
-5.725280E-1
-5.695880E-1
-5.637080E-1
-5.563580E-1
-5.490080E-1
-5.401880E-1
-5.313680E-1
-5.225480E-1
-5.166680E-1
-5.107880E-1
-5.063780E-1
-5.019680E-1
-4.990280E-1
-4.975580E-1
-4.960880E-1
-4.960880E-1
-4.975580E-1
-4.990280E-1
-5.019680E-1
-5.078480E-1
-5.137280E-1
-5.210780E-1
-5.284280E-1
-5.357780E-1
-5.416580E-1
-5.475380E-1
-5.490080E-1
-5.475380E-1
-5.445980E-1
-5.372480E-1
-5.284280E-1
-5.196080E-1
-5.107880E-1
-5.034380E-1
-4.975580E-1
-4.960880E-1
-4.960880E-1
-4.975580E-1
-5.004980E-1
-5.034380E-1
-5.049080E-1
-5.049080E-1
-5.019680E-1
-4.960880E-1
-4.902080E-1
-4.828580E-1
-4.755080E-1
-4.696280E-1
-4.666880E-1
-4.666880E-1
-4.696280E-1
-4.755080E-1
-4.813880E-1
-4.887380E-1
-4.960880E-1
-5.019680E-1
-5.063780E-1
-5.078480E-1
-5.078480E-1
-5.078480E-1
-5.063780E-1
-5.049080E-1
-5.034380E-1
-5.019680E-1
-5.019680E-1
-5.034380E-1
-5.063780E-1
-5.093180E-1
-5.137280E-1
-5.196080E-1
-5.240180E-1
-5.284280E-1
-5.328380E-1
-5.357780E-1
-5.401880E-1
-5.416580E-1
-5.445980E-1
-5.475380E-1
-5.490080E-1
-5.504780E-1
-5.490080E-1
-5.475380E-1
-5.431280E-1
-5.372480E-1
-5.313680E-1
-5.240180E-1
-5.181380E-1
-5.122580E-1
-5.063780E-1
-5.034380E-1
-4.990280E-1
-4.960880E-1
-4.931480E-1
-4.902080E-1
-4.872680E-1
-4.843280E-1
-4.813880E-1
-4.799180E-1
-4.784480E-1
-4.799180E-1
-4.828580E-1
-4.872680E-1
-4.916780E-1
-4.960880E-1
-5.004980E-1
-5.019680E-1
-5.019680E-1
-5.004980E-1
-4.990280E-1
-4.960880E-1
-4.931480E-1
-4.916780E-1
-4.931480E-1
-4.975580E-1
-5.034380E-1
-5.122580E-1
-5.225480E-1
-5.328380E-1
-5.445980E-1
-5.548880E-1
-5.651780E-1
-5.725280E-1
-5.784080E-1
-5.813480E-1
-5.828180E-1
-5.813480E-1
-5.769380E-1
-5.725280E-1
-5.666480E-1
-5.592980E-1
-5.548880E-1
-5.504780E-1
-5.475380E-1
-5.475380E-1
-5.490080E-1
-5.519480E-1
-5.578280E-1
-5.637080E-1
-5.695880E-1
-5.754680E-1
-5.798780E-1
-5.828180E-1
-5.842880E-1
-5.842880E-1
-5.813480E-1
-5.784080E-1
-5.725280E-1
-5.666480E-1
-5.592980E-1
-5.534180E-1
-5.460680E-1
-5.387180E-1
-5.328380E-1
-5.284280E-1
-5.254880E-1
-5.210780E-1
-5.196080E-1
-5.196080E-1
-5.196080E-1
-5.210780E-1
-5.254880E-1
-5.298980E-1
-5.357780E-1
-5.431280E-1
-5.519480E-1
-5.622380E-1
-5.725280E-1
-5.813480E-1
-5.901680E-1
-5.960480E-1
-5.989880E-1
-6.004580E-1
-5.975180E-1
-5.931080E-1
-5.857580E-1
-5.769380E-1
-5.666480E-1
-5.578280E-1
-5.475380E-1
-5.372480E-1
-5.269580E-1
-5.181380E-1
-5.093180E-1
-5.004980E-1
-4.931480E-1
-4.857980E-1
-4.799180E-1
-4.755080E-1
-4.725680E-1
-4.710980E-1
-4.710980E-1
-4.710980E-1
-4.755080E-1
-4.784480E-1
-4.828580E-1
-4.887380E-1
-4.931480E-1
-4.960880E-1
-4.990280E-1
-4.990280E-1
-4.975580E-1
-4.960880E-1
-4.931480E-1
-4.902080E-1
-4.872680E-1
-4.843280E-1
-4.828580E-1
-4.828580E-1
-4.843280E-1
-4.887380E-1
-4.946180E-1
-5.034380E-1
-5.122580E-1
-5.240180E-1
-5.343080E-1
-5.445980E-1
-5.534180E-1
-5.592980E-1
-5.622380E-1
-5.607680E-1
-5.592980E-1
-5.548880E-1
-5.519480E-1
-5.490080E-1
-5.475380E-1
-5.490080E-1
-5.534180E-1
-5.592980E-1
-5.666480E-1
-5.739980E-1
-5.813480E-1
-5.857580E-1
-5.872280E-1
-5.857580E-1
-5.813480E-1
-5.725280E-1
-5.622380E-1
-5.490080E-1
-5.372480E-1
-5.269580E-1
-5.181380E-1
-5.122580E-1
-5.093180E-1
-5.107880E-1
-5.137280E-1
-5.166680E-1
-5.210780E-1
-5.254880E-1
-5.284280E-1
-5.313680E-1
-5.328380E-1
-5.328380E-1
-5.328380E-1
-5.298980E-1
-5.254880E-1
-5.166680E-1
-5.063780E-1
-4.931480E-1
-4.769780E-1
-4.593380E-1
-4.446380E-1
-4.314080E-1
-4.225880E-1
-4.196480E-1
-4.240580E-1
-4.387580E-1
-4.608080E-1
-4.916780E-1
-5.328380E-1
-5.813480E-1
-6.386780E-1
-7.033580E-1
-7.724480E-1
-8.459480E-1
-9.223880E-1
-9.988280E-1
-1.075268E+0
-1.145828E+0
-1.211978E+0
-1.272248E+0
-1.325168E+0
-1.372208E+0
-1.413368E+0
-1.450118E+0
-1.483928E+0
-1.513328E+0
-1.544198E+0
-1.570658E+0
-1.597118E+0
-1.620638E+0
-1.642688E+0
-1.661798E+0
-1.679438E+0
-1.694138E+0
-1.708838E+0
-1.722068E+0
-1.732358E+0
-1.744118E+0
-1.752938E+0
-1.760288E+0
-1.766168E+0
-1.769108E+0
-1.769108E+0
-1.767638E+0
-1.764698E+0
-1.758818E+0
-1.755878E+0
-1.754408E+0
-1.755878E+0
-1.761758E+0
-1.773518E+0
-1.789688E+0
-1.808798E+0
-1.832318E+0
-1.854368E+0
-1.874948E+0
-1.892588E+0
-1.905818E+0
-1.914638E+0
-1.917578E+0
-1.919048E+0
-1.917578E+0
-1.914638E+0
-1.910228E+0
-1.905818E+0
-1.899938E+0
-1.895528E+0
-1.891118E+0
-1.885238E+0
-1.882298E+0
-1.877888E+0
-1.876418E+0
-1.876418E+0
-1.877888E+0
-1.882298E+0
-1.888178E+0
-1.895528E+0
-1.908758E+0
-1.926398E+0
-1.948448E+0
-1.976378E+0
-2.008718E+0
-2.045468E+0
-2.082218E+0
-2.118968E+0
-2.151308E+0
-2.179238E+0
-2.199818E+0
-2.214518E+0
-2.224808E+0
-2.229218E+0
-2.232158E+0
-2.233628E+0
-2.236568E+0
-2.239508E+0
-2.245388E+0
-2.251268E+0
-2.258618E+0
-2.265968E+0
-2.273318E+0
-2.277728E+0
-2.282138E+0
-2.286548E+0
-2.289488E+0
-2.290958E+0
-2.290958E+0
-2.288018E+0
-2.285078E+0
-2.280668E+0
-2.273318E+0
-2.263028E+0
-2.251268E+0
-2.239508E+0
-2.229218E+0
-2.221868E+0
-2.220398E+0
-2.224808E+0
-2.236568E+0
-2.254208E+0
-2.277728E+0
-2.305658E+0
-2.336528E+0
-2.365928E+0
-2.393858E+0
-2.417378E+0
-2.436488E+0
-2.449718E+0
-2.458538E+0
-2.461478E+0
-2.461478E+0
-2.458538E+0
-2.451188E+0
-2.445308E+0
-2.439428E+0
-2.435018E+0
-2.430608E+0
-2.430608E+0
-2.435018E+0
-2.440898E+0
-2.449718E+0
-2.460008E+0
-2.470298E+0
-2.479118E+0
-2.484998E+0
-2.489408E+0
-2.489408E+0
-2.489408E+0
-2.487938E+0
-2.487938E+0
-2.489408E+0
-2.492348E+0
-2.498228E+0
-2.507048E+0
-2.517338E+0
-2.530568E+0
-2.543798E+0
-2.559968E+0
-2.574668E+0
-2.590838E+0
-2.607008E+0
-2.623178E+0
-2.639348E+0
-2.655518E+0
-2.671688E+0
-2.684918E+0
-2.696678E+0
-2.705498E+0
-2.711378E+0
-2.714318E+0
-2.714318E+0
-2.714318E+0
-2.714318E+0
-2.714318E+0
-2.717258E+0
-2.721668E+0
-2.729018E+0
-2.740778E+0
-2.754008E+0
-2.768708E+0
-2.784878E+0
-2.801048E+0
-2.815748E+0
-2.827508E+0
-2.834858E+0
-2.837798E+0
-2.839268E+0
-2.836328E+0
-2.833388E+0
-2.830448E+0
-2.828978E+0
-2.827508E+0
-2.828978E+0
-2.830448E+0
-2.830448E+0
-2.830448E+0
-2.828978E+0
-2.826038E+0
-2.821628E+0
-2.818688E+0
-2.817218E+0
-2.817218E+0
-2.821628E+0
-2.827508E+0
-2.837798E+0
-2.851028E+0
-2.865728E+0
-2.883368E+0
-2.901008E+0
-2.917178E+0
-2.931878E+0
-2.945108E+0
-2.952458E+0
-2.956868E+0
-2.958338E+0
-2.958338E+0
-2.958338E+0
-2.959808E+0
-2.965688E+0
-2.977448E+0
-2.995088E+0
-3.018608E+0
-3.049478E+0
-3.083288E+0
-3.120038E+0
-3.161198E+0
-3.203828E+0
-3.244988E+0
-3.286148E+0
-3.322898E+0
-3.353768E+0
-3.375818E+0
-3.383168E+0
-3.378758E+0
-3.358178E+0
-3.327308E+0
-3.286148E+0
-3.242048E+0
-3.200888E+0
-3.164138E+0
-3.139148E+0
-3.125918E+0
-3.124448E+0
-3.134738E+0
-3.150908E+0
-3.171488E+0
-3.195008E+0
-3.215588E+0
-3.233228E+0
-3.247928E+0
-3.258218E+0
-3.262628E+0
-3.262628E+0
-3.259688E+0
-3.253808E+0
-3.246458E+0
-3.236168E+0
-3.225878E+0
-3.215588E+0
-3.208238E+0
-3.205298E+0
-3.203828E+0
-3.206768E+0
-3.209708E+0
-3.214118E+0
-3.219998E+0
-3.222938E+0
-3.225878E+0
-3.227348E+0
-3.227348E+0
-3.227348E+0
-3.227348E+0
-3.228818E+0
-3.230288E+0
-3.230288E+0
-3.233228E+0
-3.233228E+0
-3.234698E+0
-3.234698E+0
-3.233228E+0
-3.231758E+0
-3.231758E+0
-3.234698E+0
-3.242048E+0
-3.253808E+0
-3.275858E+0
-3.305258E+0
-3.343478E+0
-3.390518E+0
-3.443438E+0
-3.499298E+0
-3.558098E+0
-3.611018E+0
-3.658058E+0
-3.696278E+0
-3.722738E+0
-3.735968E+0
-3.734498E+0
-3.718328E+0
-3.691868E+0
-3.652178E+0
-3.606608E+0
-3.558098E+0
-3.512528E+0
-3.471368E+0
-3.443438E+0
-3.425798E+0
-3.425798E+0
-3.436088E+0
-3.458138E+0
-3.486068E+0
-3.515468E+0
-3.541928E+0
-3.559568E+0
-3.569858E+0
-3.571328E+0
-3.565448E+0
-3.558098E+0
-3.552218E+0
-3.550748E+0
-3.558098E+0
-3.569858E+0
-3.590438E+0
-3.613958E+0
-3.640418E+0
-3.665408E+0
-3.685988E+0
-3.702158E+0
-3.712448E+0
-3.716858E+0
-3.715388E+0
-3.706568E+0
-3.694808E+0
-3.678638E+0
-3.660998E+0
-3.640418E+0
-3.624248E+0
-3.613958E+0
-3.612488E+0
-3.621308E+0
-3.640418E+0
-3.671288E+0
-3.710978E+0
-3.752138E+0
-3.790358E+0
-3.821228E+0
-3.840338E+0
-3.844748E+0
-3.838868E+0
-3.824168E+0
-3.807998E+0
-3.791828E+0
-3.781538E+0
-3.778598E+0
-3.780068E+0
-3.784478E+0
-3.788888E+0
-3.790358E+0
-3.788888E+0
-3.784478E+0
-3.780068E+0
-3.775658E+0
-3.775658E+0
-3.784478E+0
-3.800648E+0
-3.825638E+0
-3.856508E+0
-3.890318E+0
-3.925598E+0
-3.959408E+0
-3.987338E+0
-4.009388E+0
-4.024088E+0
-4.032908E+0
-4.034378E+0
-4.028498E+0
-4.022618E+0
-4.015268E+0
-4.007918E+0
-4.006448E+0
-4.007918E+0
-4.015268E+0
-4.028498E+0
-4.047608E+0
-4.068188E+0
-4.088768E+0
-4.112288E+0
-4.135808E+0
-4.160798E+0
-4.185788E+0
-4.210778E+0
-4.237238E+0
-4.265168E+0
-4.291628E+0
-4.316618E+0
-4.340138E+0
-4.357778E+0
-4.369538E+0
-4.373948E+0
-4.372478E+0
-4.363658E+0
-4.348958E+0
-4.331318E+0
-4.313678E+0
-4.298978E+0
-4.290158E+0
-4.287218E+0
-4.291628E+0
-4.301918E+0
-4.318088E+0
-4.335728E+0
-4.356308E+0
-4.376888E+0
-4.394528E+0
-4.412168E+0
-4.432748E+0
-4.451858E+0
-4.473908E+0
-4.500368E+0
-4.526828E+0
-4.554758E+0
-4.582688E+0
-4.610618E+0
-4.635608E+0
-4.654718E+0
-4.663538E+0
-4.663538E+0
-4.651778E+0
-4.629728E+0
-4.600328E+0
-4.565048E+0
-4.523888E+0
-4.487138E+0
-4.448918E+0
-4.415108E+0
-4.385708E+0
-4.363658E+0
-4.346018E+0
-4.334258E+0
-4.332788E+0
-4.340138E+0
-4.356308E+0
-4.384238E+0
-4.419518E+0
-4.462148E+0
-4.512128E+0
-4.565048E+0
-4.619438E+0
-4.672358E+0
-4.722338E+0
-4.764968E+0
-4.800248E+0
-4.828178E+0
-4.847288E+0
-4.861988E+0
-4.870808E+0
-4.876688E+0
-4.886978E+0
-4.898738E+0
-4.916378E+0
-4.931078E+0
-4.945778E+0
-4.956068E+0
-4.957538E+0
-4.951658E+0
-4.938428E+0
-4.919318E+0
-4.898738E+0
-4.881098E+0
-4.861988E+0
-4.850228E+0
-4.839938E+0
-4.831118E+0
-4.828178E+0
-4.825238E+0
-4.828178E+0
-4.835528E+0
-4.851698E+0
-4.881098E+0
-4.923728E+0
-4.981058E+0
-5.053088E+0
-5.135408E+0
-5.222138E+0
-5.302988E+0
-5.375018E+0
-5.432348E+0
-5.464688E+0
-5.474978E+0
-5.469098E+0
-5.455868E+0
-5.439698E+0
-5.424998E+0
-5.413238E+0
-5.413238E+0
-5.419118E+0
-5.424998E+0
-5.424998E+0
-5.416178E+0
-5.395598E+0
-5.367668E+0
-5.329448E+0
-5.283878E+0
-5.239778E+0
-5.198618E+0
-5.160398E+0
-5.126588E+0
-5.091308E+0
-5.057498E+0
-5.025158E+0
-4.992818E+0
-4.960478E+0
-4.934018E+0
-4.919318E+0
-4.917848E+0
-4.932548E+0
-4.966358E+0
-5.020748E+0
-5.091308E+0
-5.178038E+0
-5.272118E+0
-5.367668E+0
-5.451458E+0
-5.519078E+0
-5.555828E+0
-5.555828E+0
-5.524958E+0
-5.464688E+0
-5.388248E+0
-5.305928E+0
-5.228018E+0
-5.160398E+0
-5.116298E+0
-5.091308E+0
-5.085428E+0
-5.098658E+0
-5.123648E+0
-5.155988E+0
-5.189798E+0
-5.220668E+0
-5.244188E+0
-5.272118E+0
-5.301518E+0
-5.338268E+0
-5.389718E+0
-5.464688E+0
-5.563178E+0
-5.679308E+0
-5.807198E+0
-5.938028E+0
-6.058568E+0
-6.152648E+0
-6.208508E+0
-6.215858E+0
-6.174698E+0
-6.089438E+0
-5.971838E+0
-5.833658E+0
-5.682248E+0
-5.532308E+0
-5.392658E+0
-5.272118E+0
-5.170688E+0
-5.094248E+0
-5.039858E+0
-5.011928E+0
-5.007518E+0
-5.025158E+0
-5.060438E+0
-5.116298E+0
-5.191268E+0
-5.286818E+0
-5.401478E+0
-5.527898E+0
-5.655788E+0
-5.779268E+0
-5.885108E+0
-5.964488E+0
-6.008588E+0
-6.015938E+0
-5.998298E+0
-5.967428E+0
-5.940968E+0
-5.920388E+0
-5.917448E+0
-5.930678E+0
-5.961548E+0
-5.998298E+0
-6.043868E+0
-6.086498E+0
-6.123248E+0
-6.148238E+0
-6.162938E+0
-6.162938E+0
-6.152648E+0
-6.123248E+0
-6.076208E+0
-6.018878E+0
-5.951258E+0
-5.877758E+0
-5.801318E+0
-5.733698E+0
-5.673428E+0
-5.635208E+0
-5.617568E+0
-5.629328E+0
-5.670488E+0
-5.751338E+0
-5.877758E+0
-6.046808E+0
-6.265838E+0
-6.521618E+0
-6.811208E+0
-7.111088E+0
-7.387448E+0
-7.599128E+0
-7.709378E+0
-7.702028E+0
-7.584428E+0
-7.393328E+0
-7.169888E+0
-6.944978E+0
-6.742118E+0
-6.565718E+0
-6.409898E+0
-6.284948E+0
-6.177638E+0
-6.086498E+0
-5.995358E+0
-5.901278E+0
-5.804258E+0
-5.699888E+0
-5.596988E+0
-5.497028E+0
-5.411768E+0
-5.344148E+0
-5.305928E+0
-5.298578E+0
-5.320628E+0
-5.375018E+0
-5.454398E+0
-5.552888E+0
-5.658728E+0
-5.770448E+0
-5.874818E+0
-5.974778E+0
-6.071798E+0
-6.167348E+0
-6.273188E+0
-6.389318E+0
-6.521618E+0
-6.665678E+0
-6.806798E+0
-6.934688E+0
-7.033178E+0
-7.077278E+0
-7.071398E+0
-7.015538E+0
-6.930278E+0
-6.836198E+0
-6.742118E+0
-6.671558E+0
-6.611288E+0
-6.570128E+0
-6.530438E+0
-6.486338E+0
-6.427538E+0
-6.356978E+0
-6.270248E+0
-6.174698E+0
-6.083558E+0
-6.002708E+0
-5.948318E+0
-5.917448E+0
-5.917448E+0
-5.948318E+0
-5.998298E+0
-6.068858E+0
-6.145298E+0
-6.218798E+0
-6.277598E+0
-6.317288E+0
-6.333458E+0
-6.336398E+0
-6.333458E+0
-6.324638E+0
-6.324638E+0
-6.333458E+0
-6.349628E+0
-6.368738E+0
-6.393728E+0
-6.414308E+0
-6.431948E+0
-6.452528E+0
-6.470168E+0
-6.495158E+0
-6.530438E+0
-6.578948E+0
-6.633338E+0
-6.699488E+0
-6.762698E+0
-6.811208E+0
-6.836198E+0
-6.831788E+0
-6.796508E+0
-6.733298E+0
-6.648038E+0
-6.552488E+0
-6.461348E+0
-6.393728E+0
-6.356978E+0
-6.349628E+0
-6.381968E+0
-6.452528E+0
-6.552488E+0
-6.680378E+0
-6.825908E+0
-6.977318E+0
-7.128728E+0
-7.278668E+0
-7.419788E+0
-7.563848E+0
-7.709378E+0
-7.874018E+0
-8.070998E+0
-8.287088E+0
-8.560508E+0
-8.885378E+0
-9.283748E+0
-9.733568E+0
-1.027747E+1
-1.090222E+1
-1.168573E+1
-1.261330E+1
-1.360555E+1
-1.443022E+1
-1.460368E+1
-1.384663E+1
-1.268680E+1
-1.163869E+1
-1.071259E+1
-9.955538E+0
-9.330788E+0
-8.822168E+0
-8.409098E+0
-8.070998E+0
-7.794638E+0
-7.577078E+0
-7.399208E+0
-7.253678E+0
-7.128728E+0
-7.015538E+0
-6.903818E+0
-6.786218E+0
-6.652448E+0
-6.499568E+0
-6.329048E+0
-6.133538E+0
-5.920388E+0
-5.691068E+0
-5.454398E+0
-5.213318E+0
-4.967828E+0
-4.704698E+0
-4.363658E+0
-3.943238E+0
-3.541928E+0
-3.224408E+0
-2.990678E+0
-2.823098E+0
-2.708438E+0
-2.640818E+0
-2.615828E+0
-2.630528E+0
-2.683448E+0
-2.770178E+0
-2.893658E+0
-3.049478E+0
-3.237638E+0
-3.458138E+0
-3.710978E+0
-3.996158E+0
-4.315148E+0
-4.669418E+0
-5.056028E+0
-5.472038E+0
-5.904218E+0
-6.333458E+0
-6.727418E+0
-7.061108E+0
-7.290428E+0
-7.425668E+0
-7.466828E+0
-7.446248E+0
-7.412438E+0
-7.380098E+0
-7.374218E+0
-7.406558E+0
-7.487408E+0
-7.621178E+0
-7.825508E+0
-8.107748E+0
-8.482598E+0
-8.977988E+0
-9.621848E+0
-1.043035E+1
-1.154902E+1
-1.309840E+1
-1.548421E+1
-2.000005E+1
-2.000005E+1
-2.000005E+1
-2.000005E+1
-1.849477E+1
-2.000005E+1
-2.000005E+1
-2.000005E+1
-2.000005E+1
-2.000005E+1
-2.000005E+1
-2.000005E+1
-2.000005E+1
-2.000005E+1
-2.000005E+1
-1.384663E+1
-1.125796E+1
-1.008784E+1
-9.396938E+0
-8.977988E+0
-8.758958E+0
-8.698688E+0
-8.783948E+0
-9.019148E+0
-9.413108E+0
-9.977588E+0
-1.071259E+1
-1.168573E+1
-1.319101E+1
-1.761424E+1
-2.000005E+1
-2.000005E+1
-2.000005E+1
-2.000005E+1
-2.000005E+1
-2.000005E+1
-2.000005E+1
-2.000005E+1
-2.000005E+1
-2.000005E+1
-2.000005E+1
-2.000005E+1
-2.000005E+1
-2.000005E+1
-2.000005E+1
-2.000005E+1
-2.000005E+1
-2.000005E+1
-2.000005E+1
-2.000005E+1
-2.000005E+1
-2.000005E+1
-2.000005E+1
-2.000005E+1
-2.000005E+1
-2.000005E+1
-2.000005E+1
-2.000005E+1
-2.000005E+1
-2.000005E+1
-2.000005E+1
-2.000005E+1
-2.000005E+1
-2.000005E+1
-2.000005E+1
-2.000005E+1
-2.000005E+1
-2.000005E+1
-2.000005E+1
-2.000005E+1
-1.849477E+1
-1.188271E+1
-1.053913E+1
-9.811478E+0
-9.363128E+0
-9.047078E+0
-8.808938E+0
-8.616368E+0
-8.450258E+0
-8.306198E+0
-8.181248E+0
-8.097458E+0
-8.062178E+0
-8.088638E+0
-8.200358E+0
-8.409098E+0
-8.758958E+0
-9.283748E+0
-1.006579E+1
-1.133734E+1
-1.411858E+1
-2.000005E+1
-2.000005E+1
-2.000005E+1
-2.000005E+1
-2.000005E+1
-2.000005E+1
-2.000005E+1
-2.000005E+1
-2.000005E+1
-2.000005E+1
-2.000005E+1
-2.000005E+1
-2.000005E+1
-2.000005E+1
-2.000005E+1
-2.000005E+1
-2.000005E+1
-2.000005E+1
-2.000005E+1
-2.000005E+1
-2.000005E+1
-2.000005E+1
-2.000005E+1
-1.849477E+1
-1.301020E+1
-1.204441E+1
-1.173277E+1
-1.183273E+1
-1.234135E+1
-1.328803E+1
-1.548421E+1
-2.000005E+1
-2.000005E+1
-2.000005E+1
-2.000005E+1
-2.000005E+1
-2.000005E+1
-2.000005E+1
-2.000005E+1
-2.000005E+1
-2.000005E+1
-1.426852E+1
-1.276324E+1
-1.204441E+1
-1.159312E+1
-1.137850E+1
-1.129765E+1
-1.141966E+1
-1.173277E+1
-1.215907E+1
-1.268680E+1
-1.338799E+1
-1.426852E+1
-1.522843E+1
-1.650439E+1
-1.761424E+1
-2.000005E+1
-2.000005E+1
-2.000005E+1
-2.000005E+1
-2.000005E+1
-2.000005E+1
-2.000005E+1
-2.000005E+1
-2.000005E+1
-2.000005E+1
-2.000005E+1
-2.000005E+1
-2.000005E+1
-2.000005E+1
-2.000005E+1
-2.000005E+1
-2.000005E+1
-2.000005E+1
-2.000005E+1
-2.000005E+1
-2.000005E+1
-2.000005E+1
-2.000005E+1
-2.000005E+1
-2.000005E+1
-2.000005E+1
-2.000005E+1
-2.000005E+1
-2.000005E+1
-2.000005E+1
-2.000005E+1
-2.000005E+1
-2.000005E+1
-2.000005E+1
-2.000005E+1
-2.000005E+1
-2.000005E+1
-2.000005E+1
-2.000005E+1
-2.000005E+1
-2.000005E+1
-2.000005E+1
-2.000005E+1
-2.000005E+1
-2.000005E+1
-2.000005E+1
-2.000005E+1
-2.000005E+1
-2.000005E+1
-2.000005E+1
-1.610896E+1
-1.426852E+1
-1.349383E+1
-1.328803E+1
-1.338799E+1
-1.411858E+1
-1.548421E+1
-2.000005E+1
-2.000005E+1
-2.000005E+1
-2.000005E+1
-2.000005E+1
-2.000005E+1
-1.460368E+1
-1.284262E+1
-1.178275E+1
-1.093456E+1
-1.030099E+1
-9.773258E+0
-9.330788E+0
-8.964758E+0
-8.651648E+0
-8.419388E+0
-8.247398E+0
-8.134208E+0
-8.079818E+0
-8.088638E+0
-8.162138E+0
-8.297378E+0
-8.516408E+0
-8.847158E+0
-9.299918E+0
-9.955538E+0
-1.093456E+1
-1.284262E+1
-2.000005E+1
-2.000005E+1
-2.000005E+1
-2.000005E+1
-2.000005E+1
-2.000005E+1
-2.000005E+1
-2.000005E+1
-2.000005E+1
-2.000005E+1
-2.000005E+1
-2.000005E+1
-2.000005E+1
-2.000005E+1
-2.000005E+1
-2.000005E+1
-2.000005E+1
-2.000005E+1
-2.000005E+1
-1.522843E+1
-1.240750E+1
-1.121974E+1
-1.043035E+1
-9.852638E+0
-9.379298E+0
-8.992688E+0
-8.663408E+0
-8.388518E+0
-8.153318E+0
-7.957808E+0
-7.794638E+0
-7.672628E+0
-7.584428E+0
-7.534448E+0
-7.521218E+0
-7.541798E+0
-7.599128E+0
-7.679978E+0
-7.778468E+0
-7.866668E+0
-7.941638E+0
-7.975448E+0
-7.975448E+0
-7.941638E+0
-7.882838E+0
-7.818158E+0
-7.763768E+0
-7.740248E+0
-7.763768E+0
-7.834328E+0
-7.948988E+0
-8.116568E+0
-8.337068E+0
-8.604608E+0
-8.911838E+0
-9.252878E+0
-9.621848E+0
-9.999638E+0
-1.040389E+1
-1.083607E+1
-1.133734E+1
-1.193563E+1
-1.284262E+1
-1.479331E+1
-2.000005E+1
-2.000005E+1
-2.000005E+1
-2.000005E+1
-2.000005E+1
-2.000005E+1
-2.000005E+1
-1.426852E+1
-1.154902E+1
-1.032745E+1
-9.585098E+0
-9.119108E+0
-8.872148E+0
-8.783948E+0
-8.847158E+0
-9.019148E+0
-9.316088E+0
-9.714458E+0
-1.020397E+1
-1.080520E+1
-1.150492E+1
-1.247365E+1
-1.426852E+1
-2.000005E+1
-2.000005E+1
-2.000005E+1
-2.000005E+1
-2.000005E+1
-2.000005E+1
-2.000005E+1
-2.000005E+1
-2.000005E+1
-2.000005E+1
-2.000005E+1
-2.000005E+1
-2.000005E+1
-2.000005E+1
-2.000005E+1
-2.000005E+1
-2.000005E+1
-2.000005E+1
-2.000005E+1
-1.397893E+1
-1.234135E+1
-1.133734E+1
-1.062439E+1
-1.015693E+1
-9.873218E+0
-9.733568E+0
-9.733568E+0
-9.852638E+0
-1.006579E+1
-1.035244E+1
-1.065379E+1
-1.083607E+1
-1.083607E+1
-1.065379E+1
-1.032745E+1
-9.977588E+0
-9.658598E+0
-9.429278E+0
-9.316088E+0
-9.346958E+0
-9.549818E+0
-9.934958E+0
-1.065379E+1
-1.198855E+1
-1.761424E+1
-2.000005E+1
-2.000005E+1
-2.000005E+1
-2.000005E+1
-2.000005E+1
-2.000005E+1
-2.000005E+1
-2.000005E+1
-2.000005E+1
-2.000005E+1
-2.000005E+1
-2.000005E+1
-2.000005E+1
-2.000005E+1
-2.000005E+1
-2.000005E+1
-2.000005E+1
-2.000005E+1
-2.000005E+1
-2.000005E+1
-2.000005E+1
-1.411858E+1
-1.284262E+1
-1.227961E+1
-1.215907E+1
-1.240750E+1
-1.309840E+1
-1.460368E+1
-2.000005E+1
-2.000005E+1
-2.000005E+1
-2.000005E+1
-2.000005E+1
-2.000005E+1
-2.000005E+1
-2.000005E+1
-2.000005E+1
-2.000005E+1
-2.000005E+1
-2.000005E+1
-2.000005E+1
-2.000005E+1
-2.000005E+1
-2.000005E+1
-2.000005E+1
-2.000005E+1
-2.000005E+1
-1.479331E+1
-1.360555E+1
-1.292494E+1
-1.254274E+1
-1.234135E+1
-1.227961E+1
-1.234135E+1
-1.276324E+1
-1.372315E+1
-1.698949E+1
-2.000005E+1
-2.000005E+1
-2.000005E+1
-2.000005E+1
-2.000005E+1
-2.000005E+1
-2.000005E+1
-2.000005E+1
-2.000005E+1
-2.000005E+1
-2.000005E+1
-2.000005E+1
-2.000005E+1
-1.384663E+1
-1.221787E+1
-1.183273E+1
-1.221787E+1
-1.411858E+1
-2.000005E+1
-2.000005E+1
-2.000005E+1
-2.000005E+1
-2.000005E+1
-2.000005E+1
-2.000005E+1
-2.000005E+1
-2.000005E+1
-2.000005E+1
-2.000005E+1
-2.000005E+1
-2.000005E+1
-2.000005E+1
-2.000005E+1
-2.000005E+1
-2.000005E+1
-2.000005E+1
-2.000005E+1
-2.000005E+1
-2.000005E+1
-2.000005E+1
-2.000005E+1
-2.000005E+1
-2.000005E+1
-2.000005E+1
-2.000005E+1
-2.000005E+1
-2.000005E+1
-2.000005E+1
-2.000005E+1
-2.000005E+1
-2.000005E+1
-2.000005E+1
-2.000005E+1
-2.000005E+1
-2.000005E+1
-2.000005E+1
-2.000005E+1
-2.000005E+1
-2.000005E+1
-2.000005E+1
-2.000005E+1
-2.000005E+1
-2.000005E+1
-2.000005E+1
-2.000005E+1
-2.000005E+1
-2.000005E+1
-2.000005E+1
-2.000005E+1
-2.000005E+1
-2.000005E+1
-2.000005E+1
-2.000005E+1
-2.000005E+1
-2.000005E+1
-2.000005E+1
-2.000005E+1
-2.000005E+1
-2.000005E+1
-2.000005E+1
-2.000005E+1
-2.000005E+1
-2.000005E+1
-2.000005E+1
-2.000005E+1
-2.000005E+1
-2.000005E+1
-2.000005E+1
-2.000005E+1
-2.000005E+1
-2.000005E+1
-2.000005E+1
-2.000005E+1
-2.000005E+1
-2.000005E+1
-2.000005E+1
-2.000005E+1
-2.000005E+1
-2.000005E+1
-2.000005E+1
-2.000005E+1
-2.000005E+1
-2.000005E+1
-2.000005E+1
-2.000005E+1
-2.000005E+1
-1.479331E+1
-1.210027E+1
-1.096837E+1
-1.030099E+1
-9.852638E+0
-9.602738E+0
-9.480728E+0
-9.463088E+0
-9.567458E+0
-9.752678E+0
-1.002169E+1
-1.035244E+1
-1.077433E+1
-1.129765E+1
-1.198855E+1
-1.319101E+1
-1.650439E+1
-2.000005E+1
-2.000005E+1
-2.000005E+1
-2.000005E+1
-2.000005E+1
-2.000005E+1
-2.000005E+1
-2.000005E+1
-2.000005E+1
-1.577380E+1
-1.168573E+1
-1.035244E+1
-9.549818E+0
-9.047078E+0
-8.710448E+0
-8.516408E+0
-8.429678E+0
-8.450258E+0
-8.604608E+0
-8.898608E+0
-9.413108E+0
-1.025248E+1
-1.183273E+1
-2.000005E+1
-2.000005E+1
-2.000005E+1
-2.000005E+1
-2.000005E+1
-2.000005E+1
-2.000005E+1
-2.000005E+1
-2.000005E+1
-2.000005E+1
-2.000005E+1
-2.000005E+1
-2.000005E+1
-2.000005E+1
-2.000005E+1
-2.000005E+1
-1.460368E+1
-1.183273E+1
-1.077433E+1
-1.025248E+1
-9.977588E+0
-9.934958E+0
-1.006579E+1
-1.037743E+1
-1.086841E+1
-1.163869E+1
-1.276324E+1
-1.522843E+1
-2.000005E+1
-2.000005E+1
-2.000005E+1
-2.000005E+1
-2.000005E+1
-2.000005E+1
-2.000005E+1
-2.000005E+1
-2.000005E+1
-1.577380E+1
-1.349383E+1
-1.240750E+1
-1.163869E+1
-1.103746E+1
-1.051120E+1
-1.006579E+1
-9.676238E+0
-9.299918E+0
-8.977988E+0
-8.698688E+0
-8.482598E+0
-8.316488E+0
-8.238578E+0
-8.238578E+0
-8.326778E+0
-8.538458E+0
-8.898608E+0
-9.463088E+0
-1.037743E+1
-1.210027E+1
-2.000005E+1
-2.000005E+1
-2.000005E+1
-2.000005E+1
-2.000005E+1
-2.000005E+1
-2.000005E+1
-2.000005E+1
-2.000005E+1
-2.000005E+1
-2.000005E+1
-2.000005E+1
-2.000005E+1
-2.000005E+1
-2.000005E+1
-1.360555E+1
-1.086841E+1
-9.695348E+0
-9.019148E+0
-8.594318E+0
-8.347358E+0
-8.228288E+0
-8.238578E+0
-8.357648E+0
-8.594318E+0
-8.977988E+0
-9.532178E+0
-1.037743E+1
-1.188271E+1
-2.000005E+1
-2.000005E+1
-2.000005E+1
-2.000005E+1
-2.000005E+1
-2.000005E+1
-2.000005E+1
-2.000005E+1
-2.000005E+1
-2.000005E+1
-2.000005E+1
-2.000005E+1
-2.000005E+1
-2.000005E+1
-2.000005E+1
-2.000005E+1
-2.000005E+1
-2.000005E+1
-2.000005E+1
-2.000005E+1
-2.000005E+1
-2.000005E+1
-2.000005E+1
-2.000005E+1
-2.000005E+1
-2.000005E+1
-2.000005E+1
-2.000005E+1
-2.000005E+1
-1.650439E+1
-1.338799E+1
-1.227961E+1
-1.150492E+1
-1.090222E+1
-1.043035E+1
-9.999638E+0
-9.639488E+0
-9.346958E+0
-9.163208E+0
-9.075008E+0
-9.133808E+0
-9.346958E+0
-9.792368E+0
-1.065379E+1
-1.247365E+1
-2.000005E+1
-2.000005E+1
-2.000005E+1
-2.000005E+1
-2.000005E+1
-2.000005E+1
-2.000005E+1
-2.000005E+1
-2.000005E+1
-2.000005E+1
-2.000005E+1
-2.000005E+1
-1.301020E+1
-1.163869E+1
-1.090222E+1
-1.040389E+1
-9.999638E+0
-9.658598E+0
-9.330788E+0
-9.061778E+0
-8.833928E+0
-8.663408E+0
-8.560508E+0
-8.516408E+0
-8.570798E+0
-8.722208E+0
-8.964758E+0
-9.316088E+0
-9.773258E+0
-1.035244E+1
-1.107274E+1
-1.198855E+1
-1.319101E+1
-1.522843E+1
-2.000005E+1
-2.000005E+1
-2.000005E+1
-2.000005E+1
-2.000005E+1
-2.000005E+1
-2.000005E+1
-2.000005E+1
-2.000005E+1
-2.000005E+1
-2.000005E+1
-2.000005E+1
-2.000005E+1
-2.000005E+1
-2.000005E+1
-2.000005E+1
-2.000005E+1
-2.000005E+1
-2.000005E+1
-2.000005E+1
-2.000005E+1
-2.000005E+1
-2.000005E+1
-2.000005E+1
-2.000005E+1
-2.000005E+1
-2.000005E+1
-2.000005E+1
-1.548421E+1
-1.328803E+1
-1.284262E+1
-1.319101E+1
-1.499911E+1
-2.000005E+1
-2.000005E+1
-2.000005E+1
-2.000005E+1
-2.000005E+1
-2.000005E+1
-2.000005E+1
-2.000005E+1
-2.000005E+1
-2.000005E+1
-2.000005E+1
-2.000005E+1
-2.000005E+1
-2.000005E+1
-2.000005E+1
-2.000005E+1
-2.000005E+1
-2.000005E+1
-2.000005E+1
-2.000005E+1
-2.000005E+1
-2.000005E+1
-2.000005E+1
-2.000005E+1
-2.000005E+1
-2.000005E+1
-2.000005E+1
-2.000005E+1
-2.000005E+1
-2.000005E+1
-2.000005E+1
-2.000005E+1
-1.522843E+1
-1.276324E+1
-1.168573E+1
-1.107274E+1
-1.074346E+1
-1.059499E+1
-1.062439E+1
-1.086841E+1
-1.137850E+1
-1.227961E+1
-1.460368E+1
-2.000005E+1
-2.000005E+1
-2.000005E+1
-2.000005E+1
-2.000005E+1
-2.000005E+1
-2.000005E+1
-2.000005E+1
-2.000005E+1
-2.000005E+1
-2.000005E+1
-2.000005E+1
-2.000005E+1
-2.000005E+1
-2.000005E+1
-2.000005E+1
-2.000005E+1
-2.000005E+1
-1.610896E+1
-1.204441E+1
-1.077433E+1
-1.004374E+1
-9.532178E+0
-9.177908E+0
-8.898608E+0
-8.686928E+0
-8.504648E+0
-8.357648E+0
-8.238578E+0
-8.143028E+0
-8.079818E+0
-8.035718E+0
-8.026898E+0
-8.062178E+0
-8.125388E+0
-8.228288E+0
-8.367938E+0
-8.538458E+0
-8.735438E+0
-8.964758E+0
-9.238178E+0
-9.549818E+0
-9.914378E+0
-1.040389E+1
-1.100218E+1
-1.178275E+1
-1.268680E+1
-1.360555E+1
-1.443022E+1
-1.426852E+1
-1.338799E+1
-1.240750E+1
-1.154902E+1
-1.096837E+1
-1.051120E+1
-1.018045E+1
-9.893798E+0
-9.676238E+0
-9.480728E+0
-9.252878E+0
-8.992688E+0
-8.710448E+0
-8.409098E+0
-8.125388E+0
-7.866668E+0
-7.657928E+0
-7.500638E+0
-7.419788E+0
-7.406558E+0
-7.472708E+0
-7.621178E+0
-7.857848E+0
-8.209178E+0
-8.686928E+0
-9.346958E+0
-1.032745E+1
-1.210027E+1
-2.000005E+1
-2.000005E+1
-2.000005E+1
-2.000005E+1
-2.000005E+1
-2.000005E+1
-2.000005E+1
-2.000005E+1
-2.000005E+1
-2.000005E+1
-2.000005E+1
-2.000005E+1
-2.000005E+1
-2.000005E+1
-2.000005E+1
-2.000005E+1
-2.000005E+1
-2.000005E+1
-2.000005E+1
-2.000005E+1
-2.000005E+1
-2.000005E+1
-1.319101E+1
-1.168573E+1
-1.096837E+1
-1.053913E+1
-1.032745E+1
-1.027747E+1
-1.037743E+1
-1.056706E+1
-1.086841E+1
-1.125796E+1
-1.168573E+1
-1.227961E+1
-1.309840E+1
-1.426852E+1
-1.849477E+1
-2.000005E+1
-2.000005E+1
-2.000005E+1
-2.000005E+1
-2.000005E+1
-2.000005E+1
-2.000005E+1
-2.000005E+1
-2.000005E+1
-2.000005E+1
-2.000005E+1
-2.000005E+1
-2.000005E+1
-2.000005E+1
-2.000005E+1
-2.000005E+1
-2.000005E+1
-2.000005E+1
-2.000005E+1
-2.000005E+1
-2.000005E+1
-2.000005E+1
-2.000005E+1
-2.000005E+1
-2.000005E+1
-2.000005E+1
-2.000005E+1
-2.000005E+1
-2.000005E+1
-1.849477E+1
-1.411858E+1
-1.301020E+1
-1.240750E+1
-1.227961E+1
-1.240750E+1
-1.301020E+1
-1.443022E+1
-2.000005E+1
-2.000005E+1
-2.000005E+1
-2.000005E+1
-2.000005E+1
-2.000005E+1
-2.000005E+1
-2.000005E+1
-2.000005E+1
-1.460368E+1
-1.309840E+1
-1.254274E+1
-1.240750E+1
-1.254274E+1
-1.309840E+1
-1.426852E+1
-2.000005E+1
-2.000005E+1
-2.000005E+1
-2.000005E+1
-2.000005E+1
-2.000005E+1
-2.000005E+1
-2.000005E+1
-2.000005E+1
-2.000005E+1
-2.000005E+1
-1.254274E+1
-1.056706E+1
-9.585098E+0
-8.977988E+0
-8.604608E+0
-8.419388E+0
-8.378228E+0
-8.482598E+0
-8.710448E+0
-9.104408E+0
-9.639488E+0
-1.037743E+1
-1.137850E+1
-1.276324E+1
-1.522843E+1
-2.000005E+1
-2.000005E+1
-2.000005E+1
-2.000005E+1
-2.000005E+1
-2.000005E+1
-2.000005E+1
-2.000005E+1
-2.000005E+1
-2.000005E+1
-2.000005E+1
-2.000005E+1
-2.000005E+1
-2.000005E+1
-2.000005E+1
-2.000005E+1
-2.000005E+1
-2.000005E+1
-2.000005E+1
-2.000005E+1
-2.000005E+1
-2.000005E+1
-1.338799E+1
-1.168573E+1
-1.077433E+1
-1.018045E+1
-9.752678E+0
-9.429278E+0
-9.222008E+0
-9.075008E+0
-8.992688E+0
-8.964758E+0
-9.019148E+0
-9.133808E+0
-9.346958E+0
-9.695348E+0
-1.027747E+1
-1.133734E+1
-1.411858E+1
-2.000005E+1
-2.000005E+1
-2.000005E+1
-2.000005E+1
-2.000005E+1
-2.000005E+1
-2.000005E+1
-2.000005E+1
-2.000005E+1
-2.000005E+1
-2.000005E+1
-2.000005E+1
-2.000005E+1
-2.000005E+1
-2.000005E+1
-2.000005E+1
-2.000005E+1
-2.000005E+1
-1.499911E+1
-1.234135E+1
-1.141966E+1
-1.107274E+1
-1.110802E+1
-1.150492E+1
-1.247365E+1
-1.577380E+1
-2.000005E+1
-2.000005E+1
-2.000005E+1
-2.000005E+1
-2.000005E+1
-2.000005E+1
-2.000005E+1
-2.000005E+1
-2.000005E+1
-2.000005E+1
-2.000005E+1
-2.000005E+1
-2.000005E+1
-2.000005E+1
-2.000005E+1
-2.000005E+1
-2.000005E+1
-2.000005E+1
-2.000005E+1
-2.000005E+1
-2.000005E+1
-2.000005E+1
-2.000005E+1
-2.000005E+1
-2.000005E+1
-2.000005E+1
-2.000005E+1
-2.000005E+1
-1.650439E+1
-1.349383E+1
-1.234135E+1
-1.159312E+1
-1.103746E+1
-1.056706E+1
-1.018045E+1
-9.832058E+0
-9.549818E+0
-9.330788E+0
-9.222008E+0
-9.207308E+0
-9.316088E+0
-9.549818E+0
-9.977588E+0
-1.059499E+1
-1.150492E+1
-1.284262E+1
-1.479331E+1
-1.761424E+1
-1.650439E+1
-1.411858E+1
-1.240750E+1
-1.133734E+1
-1.056706E+1
-1.002169E+1
-9.621848E+0
-9.346958E+0
-9.163208E+0
-9.019148E+0
-8.885378E+0
-8.747198E+0
-8.594318E+0
-8.429678E+0
-8.257688E+0
-8.088638E+0
-7.957808E+0
-7.882838E+0
-7.882838E+0
-7.948988E+0
-8.088638E+0
-8.306198E+0
-8.582558E+0
-8.898608E+0
-9.222008E+0
-9.514538E+0
-9.752678E+0
-9.914378E+0
-1.004374E+1
-1.022749E+1
-1.053913E+1
-1.107274E+1
-1.204441E+1
-1.460368E+1
-2.000005E+1
-2.000005E+1
-2.000005E+1
-2.000005E+1
-2.000005E+1
-2.000005E+1
-2.000005E+1
-2.000005E+1
-2.000005E+1
-2.000005E+1
-2.000005E+1
-2.000005E+1
-2.000005E+1
-2.000005E+1
-2.000005E+1
-2.000005E+1
-2.000005E+1
-2.000005E+1
-1.548421E+1
-1.338799E+1
-1.234135E+1
-1.178275E+1
-1.154902E+1
-1.173277E+1
-1.234135E+1
-1.411858E+1
-2.000005E+1
-2.000005E+1
-2.000005E+1
-2.000005E+1
-2.000005E+1
-2.000005E+1
-2.000005E+1
-2.000005E+1
-2.000005E+1
-2.000005E+1
-2.000005E+1
-2.000005E+1
-1.761424E+1
-1.301020E+1
-1.183273E+1
-1.129765E+1
-1.107274E+1
-1.107274E+1
-1.133734E+1
-1.193563E+1
-1.309840E+1
-1.650439E+1
-2.000005E+1
-2.000005E+1
-2.000005E+1
-2.000005E+1
-2.000005E+1
-2.000005E+1
-2.000005E+1
-2.000005E+1
-2.000005E+1
-2.000005E+1
-2.000005E+1
-2.000005E+1
-2.000005E+1
-2.000005E+1
-2.000005E+1
-2.000005E+1
-2.000005E+1
-2.000005E+1
-2.000005E+1
-2.000005E+1
-1.479331E+1
-1.240750E+1
-1.129765E+1
-1.059499E+1
-1.008784E+1
-9.752678E+0
-9.549818E+0
-9.446918E+0
-9.446918E+0
-9.549818E+0
-9.752678E+0
-1.004374E+1
-1.043035E+1
-1.086841E+1
-1.141966E+1
-1.204441E+1
-1.268680E+1
-1.349383E+1
-1.443022E+1
-1.610896E+1
-2.000005E+1
-2.000005E+1
-2.000005E+1
-2.000005E+1
-2.000005E+1
-2.000005E+1
-2.000005E+1
-2.000005E+1
-1.443022E+1
-1.247365E+1
-1.133734E+1
-1.051120E+1
-9.873218E+0
-9.379298E+0
-8.977988E+0
-8.675168E+0
-8.439968E+0
-8.267978E+0
-8.153318E+0
-8.079818E+0
-8.053358E+0
-8.079818E+0
-8.162138E+0
-8.297378E+0
-8.482598E+0
-8.747198E+0
-9.089708E+0
-9.514538E+0
-1.006579E+1
-1.080520E+1
-1.188271E+1
-1.397893E+1
-2.000005E+1
-2.000005E+1
-2.000005E+1
-2.000005E+1
-2.000005E+1
-2.000005E+1
-2.000005E+1
-2.000005E+1
-2.000005E+1
-2.000005E+1
-2.000005E+1
-2.000005E+1
-1.284262E+1
-1.110802E+1
-1.020397E+1
-9.602738E+0
-9.163208E+0
-8.795708E+0
-8.494358E+0
-8.238578E+0
-8.035718E+0
-7.882838E+0
-7.787288E+0
-7.747598E+0
-7.787288E+0
-7.907828E+0
-8.116568E+0
-8.419388E+0
-8.833928E+0
-9.413108E+0
-1.020397E+1
-1.141966E+1
-1.372315E+1
-2.000005E+1
-2.000005E+1
-2.000005E+1
-2.000005E+1
-2.000005E+1
-2.000005E+1
-2.000005E+1
-2.000005E+1
-2.000005E+1
-2.000005E+1
-2.000005E+1
-2.000005E+1
-2.000005E+1
-2.000005E+1
-1.240750E+1
-1.083607E+1
-9.955538E+0
-9.379298E+0
-9.033848E+0
-8.822168E+0
-8.735438E+0
-8.747198E+0
-8.858918E+0
-9.075008E+0
-9.413108E+0
-9.893798E+0
-1.062439E+1
-1.178275E+1
-1.499911E+1
-2.000005E+1
-2.000005E+1
-2.000005E+1
-2.000005E+1
-2.000005E+1
-2.000005E+1
-2.000005E+1
-2.000005E+1
-2.000005E+1
-2.000005E+1
-2.000005E+1
-2.000005E+1
-2.000005E+1
-2.000005E+1
-1.610896E+1
-1.397893E+1
-1.319101E+1
-1.284262E+1
-1.284262E+1
-1.319101E+1
-1.426852E+1
-1.849477E+1
-2.000005E+1
-2.000005E+1
-2.000005E+1
-2.000005E+1
-2.000005E+1
-2.000005E+1
-2.000005E+1
-2.000005E+1
-1.240750E+1
-1.080520E+1
-9.893798E+0
-9.316088E+0
-8.977988E+0
-8.822168E+0
-8.808938E+0
-8.925068E+0
-9.177908E+0
-9.602738E+0
-1.027747E+1
-1.133734E+1
-1.360555E+1
-2.000005E+1
-2.000005E+1
-2.000005E+1
-2.000005E+1
-2.000005E+1
-2.000005E+1
-2.000005E+1
-2.000005E+1
-2.000005E+1
-2.000005E+1
-2.000005E+1
-2.000005E+1
-2.000005E+1
-2.000005E+1
-2.000005E+1
-2.000005E+1
-2.000005E+1
-2.000005E+1
-2.000005E+1
-2.000005E+1
-2.000005E+1
-2.000005E+1
-2.000005E+1
-2.000005E+1
-2.000005E+1
-2.000005E+1
-2.000005E+1
-2.000005E+1
-2.000005E+1
-2.000005E+1
-2.000005E+1
-2.000005E+1
-1.411858E+1
-1.204441E+1
-1.118152E+1
-1.065379E+1
-1.032745E+1
-1.008784E+1
-9.873218E+0
-9.676238E+0
-9.496898E+0
-9.346958E+0
-9.252878E+0
-9.238178E+0
-9.316088E+0
-9.496898E+0
-9.873218E+0
-1.053913E+1
-1.173277E+1
-1.522843E+1
-2.000005E+1
-2.000005E+1
-2.000005E+1
-2.000005E+1
-2.000005E+1
-2.000005E+1
-2.000005E+1
-2.000005E+1
-2.000005E+1
-2.000005E+1
-2.000005E+1
-2.000005E+1
-2.000005E+1
-2.000005E+1
-2.000005E+1
-2.000005E+1
-2.000005E+1
-2.000005E+1
-2.000005E+1
-2.000005E+1
-2.000005E+1
-2.000005E+1
-2.000005E+1
-2.000005E+1
-2.000005E+1
-2.000005E+1
-2.000005E+1
-2.000005E+1
-2.000005E+1
-2.000005E+1
-2.000005E+1
-2.000005E+1
-2.000005E+1
-2.000005E+1
-2.000005E+1
-2.000005E+1
-2.000005E+1
-2.000005E+1
-2.000005E+1
-2.000005E+1
-2.000005E+1
-2.000005E+1
-2.000005E+1
-2.000005E+1
-1.338799E+1
-1.141966E+1
-1.051120E+1
-9.999638E+0
-9.733568E+0
-9.676238E+0
-9.733568E+0
-9.934958E+0
-1.020397E+1
-1.053913E+1
-1.080520E+1
-1.090222E+1
-1.074346E+1
-1.035244E+1
-9.893798E+0
-9.396938E+0
-8.951528E+0
-8.604608E+0
-8.347358E+0
-8.200358E+0
-8.162138E+0
-8.238578E+0
-8.439968E+0
-8.795708E+0
-9.346958E+0
-1.015693E+1
-1.154902E+1
-1.548421E+1
-2.000005E+1
-2.000005E+1
-2.000005E+1
-2.000005E+1
-2.000005E+1
-2.000005E+1
-2.000005E+1
-2.000005E+1
-2.000005E+1
-2.000005E+1
-2.000005E+1
-2.000005E+1
-2.000005E+1
-2.000005E+1
-2.000005E+1
-2.000005E+1
-2.000005E+1
-2.000005E+1
-2.000005E+1
-2.000005E+1
-2.000005E+1
-2.000005E+1
-2.000005E+1
-2.000005E+1
-2.000005E+1
-2.000005E+1
-1.577380E+1
-1.301020E+1
-1.188271E+1
-1.114477E+1
-1.065379E+1
-1.027747E+1
-1.002169E+1
-9.832058E+0
-9.695348E+0
-9.585098E+0
-9.496898E+0
-9.413108E+0
-9.330788E+0
-9.252878E+0
-9.177908E+0
-9.104408E+0
-9.033848E+0
-8.977988E+0
-8.951528E+0
-8.964758E+0
-9.005918E+0
-9.104408E+0
-9.283748E+0
-9.549818E+0
-9.934958E+0
-1.040389E+1
-1.100218E+1
-1.163869E+1
-1.221787E+1
-1.247365E+1
-1.210027E+1
-1.146082E+1
-1.071259E+1
-1.006579E+1
-9.532178E+0
-9.089708E+0
-8.758958E+0
-8.504648E+0
-8.316488E+0
-8.209178E+0
-8.143028E+0
-8.125388E+0
-8.143028E+0
-8.200358E+0
-8.306198E+0
-8.450258E+0
-8.663408E+0
-8.951528E+0
-9.363128E+0
-9.955538E+0
-1.090222E+1
-1.284262E+1
-2.000005E+1
-2.000005E+1
-2.000005E+1
-2.000005E+1
-2.000005E+1
-2.000005E+1
-2.000005E+1
-2.000005E+1
-2.000005E+1
-2.000005E+1
-2.000005E+1
-2.000005E+1
-1.577380E+1
-1.118152E+1
-9.792368E+0
-8.992688E+0
-8.494358E+0
-8.162138E+0
-7.982798E+0
-7.899008E+0
-7.915178E+0
-8.000438E+0
-8.162138E+0
-8.367938E+0
-8.616368E+0
-8.872148E+0
-9.133808E+0
-9.379298E+0
-9.602738E+0
-9.811478E+0
-9.999638E+0
-1.022749E+1
-1.051120E+1
-1.093456E+1
-1.154902E+1
-1.234135E+1
-1.349383E+1
-1.499911E+1
-1.577380E+1
-1.460368E+1
-1.309840E+1
-1.178275E+1
-1.083607E+1
-1.015693E+1
-9.639488E+0
-9.299918E+0
-9.061778E+0
-8.938298E+0
-8.872148E+0
-8.858918E+0
-8.858918E+0
-8.833928E+0
-8.795708E+0
-8.722208E+0
-8.616368E+0
-8.526698E+0
-8.450258E+0
-8.429678E+0
-8.462018E+0
-8.570798E+0
-8.747198E+0
-8.992688E+0
-9.299918E+0
-9.621848E+0
-9.914378E+0
-1.010989E+1
-1.015693E+1
-1.008784E+1
-9.914378E+0
-9.676238E+0
-9.463088E+0
-9.269048E+0
-9.104408E+0
-9.005918E+0
-8.938298E+0
-8.911838E+0
-8.925068E+0
-8.964758E+0
-9.047078E+0
-9.163208E+0
-9.299918E+0
-9.496898E+0
-9.752678E+0
-1.010989E+1
-1.056706E+1
-1.121974E+1
-1.215907E+1
-1.384663E+1
-2.000005E+1
-2.000005E+1
-2.000005E+1
-2.000005E+1
-2.000005E+1
-2.000005E+1
-1.849477E+1
-1.479331E+1
-1.384663E+1
-1.397893E+1
-1.548421E+1
-2.000005E+1
-2.000005E+1
-2.000005E+1
-2.000005E+1
-2.000005E+1
-2.000005E+1
-2.000005E+1
-2.000005E+1
-2.000005E+1
-2.000005E+1
-2.000005E+1
-2.000005E+1
-2.000005E+1
-2.000005E+1
-2.000005E+1
-2.000005E+1
-2.000005E+1
-2.000005E+1
-2.000005E+1
-2.000005E+1
-2.000005E+1
-2.000005E+1
-2.000005E+1
-2.000005E+1
-2.000005E+1
-2.000005E+1
-2.000005E+1
-2.000005E+1
-2.000005E+1
-2.000005E+1
-2.000005E+1
-2.000005E+1
-2.000005E+1
-2.000005E+1
-2.000005E+1
-2.000005E+1
-1.183273E+1
-1.020397E+1
-9.363128E+0
-8.885378E+0
-8.628128E+0
-8.538458E+0
-8.594318E+0
-8.783948E+0
-9.133808E+0
-9.714458E+0
-1.062439E+1
-1.240750E+1
-2.000005E+1
-2.000005E+1
-2.000005E+1
-2.000005E+1
-2.000005E+1
-2.000005E+1
-2.000005E+1
-2.000005E+1
-2.000005E+1
-2.000005E+1
-2.000005E+1
-2.000005E+1
-2.000005E+1
-2.000005E+1
-2.000005E+1
-2.000005E+1
-2.000005E+1
-2.000005E+1
-2.000005E+1
-2.000005E+1
-2.000005E+1
-2.000005E+1
-2.000005E+1
-2.000005E+1
-2.000005E+1
-2.000005E+1
-2.000005E+1
-2.000005E+1
-1.610896E+1
-1.610896E+1
-2.000005E+1
-2.000005E+1
-2.000005E+1
-2.000005E+1
-2.000005E+1
-2.000005E+1
-2.000005E+1
-2.000005E+1
-2.000005E+1
-2.000005E+1
-2.000005E+1
-2.000005E+1
-2.000005E+1
-2.000005E+1
-2.000005E+1
-1.443022E+1
-1.173277E+1
-1.071259E+1
-1.018045E+1
-9.934958E+0
-9.873218E+0
-9.977588E+0
-1.025248E+1
-1.068319E+1
-1.137850E+1
-1.240750E+1
-1.460368E+1
-2.000005E+1
-2.000005E+1
-2.000005E+1
-2.000005E+1
-2.000005E+1
-2.000005E+1
-2.000005E+1
-2.000005E+1
-2.000005E+1
-2.000005E+1
-2.000005E+1
-2.000005E+1
-2.000005E+1
-2.000005E+1
-2.000005E+1
-2.000005E+1
-2.000005E+1
-2.000005E+1
-2.000005E+1
-2.000005E+1
-2.000005E+1
-2.000005E+1
-2.000005E+1
-2.000005E+1
-2.000005E+1
-2.000005E+1
-2.000005E+1
-2.000005E+1
-2.000005E+1
-2.000005E+1
-2.000005E+1
-2.000005E+1
-2.000005E+1
-2.000005E+1
-2.000005E+1
-2.000005E+1
-2.000005E+1
-2.000005E+1
-2.000005E+1
-2.000005E+1
-2.000005E+1
-2.000005E+1
-2.000005E+1
-2.000005E+1
-2.000005E+1
-2.000005E+1
-2.000005E+1
-2.000005E+1
-1.319101E+1
-1.096837E+1
-9.811478E+0
-9.061778E+0
-8.570798E+0
-8.247398E+0
-8.053358E+0
-7.966628E+0
-7.975448E+0
-8.070998E+0
-8.257688E+0
-8.516408E+0
-8.847158E+0
-9.283748E+0
-9.852638E+0
-1.062439E+1
-1.168573E+1
-1.349383E+1
-2.000005E+1
-2.000005E+1
-2.000005E+1
-2.000005E+1
-2.000005E+1
-2.000005E+1
-2.000005E+1
-2.000005E+1
-2.000005E+1
-2.000005E+1
-2.000005E+1
-2.000005E+1
-2.000005E+1
-2.000005E+1
-2.000005E+1
-2.000005E+1
-2.000005E+1
-2.000005E+1
-2.000005E+1
-2.000005E+1
-2.000005E+1
-2.000005E+1
-2.000005E+1
-1.292494E+1
-1.137850E+1
-1.083607E+1
-1.071259E+1
-1.093456E+1
-1.163869E+1
-1.349383E+1
-2.000005E+1
-2.000005E+1
-2.000005E+1
-2.000005E+1
-2.000005E+1
-2.000005E+1
-2.000005E+1
-2.000005E+1
-2.000005E+1
-2.000005E+1
-2.000005E+1
-2.000005E+1
-2.000005E+1
-2.000005E+1
-2.000005E+1
-2.000005E+1
-2.000005E+1
-2.000005E+1
-2.000005E+1
-2.000005E+1
-2.000005E+1
-2.000005E+1
-2.000005E+1
-2.000005E+1
-2.000005E+1
-2.000005E+1
-2.000005E+1
-2.000005E+1
-2.000005E+1
-2.000005E+1
-2.000005E+1
-1.522843E+1
-1.309840E+1
-1.276324E+1
-1.328803E+1
-1.610896E+1
-2.000005E+1
-2.000005E+1
-2.000005E+1
-2.000005E+1
-2.000005E+1
-2.000005E+1
-2.000005E+1
-2.000005E+1
-2.000005E+1
