Date/Time	2022-06-16 06:42:51
Line location	1
Line name	A1
OTDR wavelength [nm]	1550
OTDR pulse duration [ns]	2
OTDR scan time [s]	10
OTDR scan length [m]	1.500000E+2
Length offset [m]	0.000000E+0
Length increment [m]	3.996806E-2
Switch ID	VIAVI Solutions,OTU 8000E,11654,FO,16.76
OTDR ID	JDSU,OTU 8000E,11654,OTU(SmartOTU),V7.22

Reflected amplitude [dB]
8.921220E-1
8.715420E-1
8.186220E-1
7.480620E-1
6.775020E-1
6.157620E-1
5.657820E-1
5.305020E-1
5.260920E-1
5.746020E-1
6.642720E-1
7.848120E-1
9.391620E-1
1.105272E+0
1.264032E+0
1.400742E+0
1.506582E+0
1.583022E+0
1.630062E+0
1.638882E+0
1.625652E+0
1.594782E+0
1.544802E+0
1.468362E+0
1.355172E+0
1.205232E+0
1.049412E+0
9.068220E-1
7.774620E-1
6.422220E-1
5.025720E-1
3.702720E-1
2.556120E-1
1.615320E-1
8.509200E-2
2.188200E-2
-2.956800E-2
-7.072800E-2
-1.045380E-1
-1.309980E-1
-1.515780E-1
-1.677480E-1
-1.795080E-1
-1.897980E-1
-1.986180E-1
-2.074380E-1
-2.162580E-1
-2.250780E-1
-2.353680E-1
-2.456580E-1
-2.559480E-1
-2.647680E-1
-2.721180E-1
-2.779980E-1
-2.824080E-1
-2.853480E-1
-2.853480E-1
-2.838780E-1
-2.824080E-1
-2.794680E-1
-2.779980E-1
-2.779980E-1
-2.794680E-1
-2.809380E-1
-2.838780E-1
-2.882880E-1
-2.926980E-1
-2.971080E-1
-3.000480E-1
-3.015180E-1
-3.015180E-1
-2.971080E-1
-2.912280E-1
-2.809380E-1
-2.677080E-1
-2.530080E-1
-2.353680E-1
-2.162580E-1
-2.000880E-1
-1.839180E-1
-1.706880E-1
-1.618680E-1
-1.589280E-1
-1.603980E-1
-1.677480E-1
-1.795080E-1
-1.971480E-1
-2.162580E-1
-2.397780E-1
-2.662380E-1
-2.926980E-1
-3.206280E-1
-3.470880E-1
-3.750180E-1
-4.000080E-1
-4.220580E-1
-4.411680E-1
-4.573380E-1
-4.705680E-1
-4.793880E-1
-4.867380E-1
-4.911480E-1
-4.940880E-1
-4.955580E-1
-4.970280E-1
-4.970280E-1
-4.984980E-1
-4.984980E-1
-5.014380E-1
-5.043780E-1
-5.087880E-1
-5.146680E-1
-5.220180E-1
-5.293680E-1
-5.381880E-1
-5.455380E-1
-5.514180E-1
-5.543580E-1
-5.543580E-1
-5.514180E-1
-5.455380E-1
-5.367180E-1
-5.264280E-1
-5.146680E-1
-5.043780E-1
-4.955580E-1
-4.867380E-1
-4.779180E-1
-4.720380E-1
-4.661580E-1
-4.602780E-1
-4.558680E-1
-4.514580E-1
-4.470480E-1
-4.455780E-1
-4.441080E-1
-4.441080E-1
-4.455780E-1
-4.485180E-1
-4.514580E-1
-4.558680E-1
-4.588080E-1
-4.617480E-1
-4.632180E-1
-4.646880E-1
-3.735480E-1
6.010200E-2
9.700320E-1
2.162202E+0
3.383772E+0
4.495092E+0
5.446182E+0
6.241452E+0
6.902952E+0
7.454202E+0
7.906962E+0
8.270052E+0
8.549352E+0
8.750742E+0
8.880102E+0
8.946252E+0
8.953602E+0
8.905092E+0
8.805132E+0
8.655192E+0
8.455272E+0
8.208312E+0
7.917252E+0
7.583562E+0
7.210182E+0
6.798582E+0
6.354642E+0
5.882772E+0
5.391792E+0
4.889052E+0
4.386312E+0
3.890922E+0
3.419052E+0
2.986872E+0
2.606142E+0
2.273922E+0
1.982862E+0
1.738842E+0
1.540392E+0
1.366932E+0
1.199352E+0
1.024422E+0
8.303820E-1
6.289920E-1
4.423020E-1
2.791320E-1
1.438920E-1
3.364200E-2
-5.602800E-2
-1.295280E-1
-1.897980E-1
-2.397780E-1
-2.809380E-1
-3.147480E-1
-3.412080E-1
-3.617880E-1
-3.764880E-1
-3.897180E-1
-4.000080E-1
-4.102980E-1
-4.205880E-1
-4.308780E-1
-4.411680E-1
-4.529280E-1
-4.632180E-1
-4.720380E-1
-4.793880E-1
-4.837980E-1
-4.852680E-1
-4.852680E-1
-4.837980E-1
-4.793880E-1
-4.735080E-1
-4.676280E-1
-4.602780E-1
-4.529280E-1
-4.455780E-1
-4.367580E-1
-4.308780E-1
-4.249980E-1
-4.220580E-1
-4.191180E-1
-4.205880E-1
-4.235280E-1
-4.294080E-1
-4.367580E-1
-4.441080E-1
-4.514580E-1
-4.588080E-1
-4.646880E-1
-4.690980E-1
-4.720380E-1
-4.735080E-1
-4.735080E-1
-4.735080E-1
-4.735080E-1
-4.735080E-1
-4.735080E-1
-4.720380E-1
-4.705680E-1
-4.690980E-1
-4.661580E-1
-4.632180E-1
-4.588080E-1
-4.543980E-1
-4.499880E-1
-4.455780E-1
-4.411680E-1
-4.367580E-1
-4.338180E-1
-4.294080E-1
-4.264680E-1
-4.235280E-1
-4.220580E-1
-4.205880E-1
-4.191180E-1
-4.191180E-1
-4.205880E-1
-4.220580E-1
-4.249980E-1
-4.279380E-1
-4.338180E-1
-4.396980E-1
-4.455780E-1
-4.543980E-1
-4.632180E-1
-4.720380E-1
-4.793880E-1
-4.867380E-1
-4.926180E-1
-4.955580E-1
-4.970280E-1
-4.955580E-1
-4.911480E-1
-4.852680E-1
-4.764480E-1
-4.676280E-1
-4.558680E-1
-4.426380E-1
-4.294080E-1
-4.161780E-1
-4.044180E-1
-3.941280E-1
-3.853080E-1
-3.794280E-1
-3.779580E-1
-3.779580E-1
-3.808980E-1
-3.853080E-1
-3.926580E-1
-4.000080E-1
-4.088280E-1
-4.161780E-1
-4.235280E-1
-4.308780E-1
-4.382280E-1
-4.441080E-1
-4.514580E-1
-4.573380E-1
-4.632180E-1
-4.690980E-1
-4.764480E-1
-4.823280E-1
-4.867380E-1
-4.926180E-1
-4.955580E-1
-4.984980E-1
-4.984980E-1
-4.970280E-1
-4.940880E-1
-4.896780E-1
-4.837980E-1
-4.764480E-1
-4.690980E-1
-4.632180E-1
-4.573380E-1
-4.514580E-1
-4.485180E-1
-4.485180E-1
-4.499880E-1
-4.543980E-1
-4.602780E-1
-4.661580E-1
-4.749780E-1
-4.823280E-1
-4.882080E-1
-4.940880E-1
-4.970280E-1
-4.984980E-1
-4.970280E-1
-4.940880E-1
-4.896780E-1
-4.852680E-1
-4.808580E-1
-4.749780E-1
-4.690980E-1
-4.632180E-1
-4.573380E-1
-4.485180E-1
-4.411680E-1
-4.308780E-1
-4.191180E-1
-4.058880E-1
-3.911880E-1
-3.779580E-1
-3.647280E-1
-3.544380E-1
-3.456180E-1
-3.397380E-1
-3.367980E-1
-3.367980E-1
-3.412080E-1
-3.470880E-1
-3.559080E-1
-3.647280E-1
-3.750180E-1
-3.838380E-1
-3.941280E-1
-4.029480E-1
-4.117680E-1
-4.191180E-1
-4.249980E-1
-4.308780E-1
-4.338180E-1
-4.352880E-1
-4.352880E-1
-4.352880E-1
-4.352880E-1
-4.352880E-1
-4.352880E-1
-4.367580E-1
-4.382280E-1
-4.411680E-1
-4.455780E-1
-4.485180E-1
-4.514580E-1
-4.543980E-1
-4.558680E-1
-4.558680E-1
-4.558680E-1
-4.558680E-1
-4.558680E-1
-4.558680E-1
-4.573380E-1
-4.588080E-1
-4.617480E-1
-4.632180E-1
-4.661580E-1
-4.676280E-1
-4.690980E-1
-4.690980E-1
-4.690980E-1
-4.661580E-1
-4.632180E-1
-4.588080E-1
-4.529280E-1
-4.470480E-1
-4.382280E-1
-4.294080E-1
-4.176480E-1
-4.073580E-1
-3.955980E-1
-3.853080E-1
-3.750180E-1
-3.676680E-1
-3.617880E-1
-3.588480E-1
-3.588480E-1
-3.603180E-1
-3.647280E-1
-3.706080E-1
-3.779580E-1
-3.838380E-1
-3.911880E-1
-3.970680E-1
-4.044180E-1
-4.117680E-1
-4.191180E-1
-4.279380E-1
-4.352880E-1
-4.426380E-1
-4.499880E-1
-4.558680E-1
-4.602780E-1
-4.646880E-1
-4.676280E-1
-4.690980E-1
-4.690980E-1
-4.690980E-1
-4.690980E-1
-4.676280E-1
-4.676280E-1
-4.676280E-1
-4.676280E-1
-4.705680E-1
-4.735080E-1
-4.779180E-1
-4.837980E-1
-4.896780E-1
-4.955580E-1
-5.014380E-1
-5.058480E-1
-5.073180E-1
-5.087880E-1
-5.073180E-1
-5.043780E-1
-5.014380E-1
-4.955580E-1
-4.896780E-1
-4.852680E-1
-4.793880E-1
-4.764480E-1
-4.735080E-1
-4.720380E-1
-4.720380E-1
-4.735080E-1
-4.749780E-1
-4.764480E-1
-4.779180E-1
-4.793880E-1
-4.808580E-1
-4.793880E-1
-4.779180E-1
-4.764480E-1
-4.735080E-1
-4.690980E-1
-4.661580E-1
-4.617480E-1
-4.588080E-1
-4.558680E-1
-4.529280E-1
-4.514580E-1
-4.514580E-1
-4.499880E-1
-4.499880E-1
-4.499880E-1
-4.499880E-1
-4.499880E-1
-4.499880E-1
-4.485180E-1
-4.485180E-1
-4.470480E-1
-4.441080E-1
-4.426380E-1
-4.411680E-1
-4.411680E-1
-4.426380E-1
-4.441080E-1
-4.485180E-1
-4.514580E-1
-4.573380E-1
-4.617480E-1
-4.661580E-1
-4.705680E-1
-4.735080E-1
-4.749780E-1
-4.764480E-1
-4.764480E-1
-4.764480E-1
-4.764480E-1
-4.764480E-1
-4.764480E-1
-4.779180E-1
-4.793880E-1
-4.837980E-1
-4.867380E-1
-4.911480E-1
-4.940880E-1
-4.984980E-1
-4.999680E-1
-4.999680E-1
-4.999680E-1
-4.970280E-1
-4.940880E-1
-4.911480E-1
-4.867380E-1
-4.837980E-1
-4.808580E-1
-4.779180E-1
-4.749780E-1
-4.720380E-1
-4.676280E-1
-4.646880E-1
-4.602780E-1
-4.573380E-1
-4.529280E-1
-4.499880E-1
-4.455780E-1
-4.411680E-1
-4.382280E-1
-4.338180E-1
-4.308780E-1
-4.279380E-1
-4.249980E-1
-4.220580E-1
-4.220580E-1
-4.220580E-1
-4.220580E-1
-4.249980E-1
-4.279380E-1
-4.323480E-1
-4.367580E-1
-4.411680E-1
-4.455780E-1
-4.514580E-1
-4.573380E-1
-4.617480E-1
-4.661580E-1
-4.705680E-1
-4.749780E-1
-4.779180E-1
-4.808580E-1
-4.823280E-1
-4.837980E-1
-4.837980E-1
-4.852680E-1
-4.867380E-1
-4.896780E-1
-4.926180E-1
-4.970280E-1
-5.014380E-1
-5.073180E-1
-5.131980E-1
-5.176080E-1
-5.220180E-1
-5.234880E-1
-5.249580E-1
-5.234880E-1
-5.220180E-1
-5.205480E-1
-5.176080E-1
-5.146680E-1
-5.117280E-1
-5.102580E-1
-5.087880E-1
-5.058480E-1
-5.043780E-1
-5.014380E-1
-4.970280E-1
-4.926180E-1
-4.867380E-1
-4.823280E-1
-4.764480E-1
-4.705680E-1
-4.646880E-1
-4.617480E-1
-4.588080E-1
-4.573380E-1
-4.573380E-1
-4.573380E-1
-4.588080E-1
-4.602780E-1
-4.617480E-1
-4.602780E-1
-4.573380E-1
-4.514580E-1
-4.426380E-1
-4.323480E-1
-4.191180E-1
-4.058880E-1
-3.926580E-1
-3.808980E-1
-3.720780E-1
-3.661980E-1
-3.632580E-1
-3.647280E-1
-3.676680E-1
-3.750180E-1
-3.823680E-1
-3.926580E-1
-4.029480E-1
-4.147080E-1
-4.249980E-1
-4.352880E-1
-4.455780E-1
-4.543980E-1
-4.632180E-1
-4.690980E-1
-4.735080E-1
-4.779180E-1
-4.808580E-1
-4.823280E-1
-4.837980E-1
-4.837980E-1
-4.837980E-1
-4.823280E-1
-4.808580E-1
-4.793880E-1
-4.764480E-1
-4.735080E-1
-4.705680E-1
-4.676280E-1
-4.661580E-1
-4.646880E-1
-4.661580E-1
-4.676280E-1
-4.720380E-1
-4.764480E-1
-4.808580E-1
-4.852680E-1
-4.882080E-1
-4.926180E-1
-4.940880E-1
-4.955580E-1
-4.970280E-1
-4.955580E-1
-4.955580E-1
-4.926180E-1
-4.896780E-1
-4.852680E-1
-4.808580E-1
-4.749780E-1
-4.690980E-1
-4.632180E-1
-4.588080E-1
-4.543980E-1
-4.514580E-1
-4.499880E-1
-4.485180E-1
-4.470480E-1
-4.441080E-1
-4.411680E-1
-4.382280E-1
-4.352880E-1
-4.338180E-1
-4.338180E-1
-4.367580E-1
-4.411680E-1
-4.499880E-1
-4.588080E-1
-4.705680E-1
-4.808580E-1
-4.896780E-1
-4.984980E-1
-5.029080E-1
-5.043780E-1
-5.043780E-1
-5.029080E-1
-4.984980E-1
-4.940880E-1
-4.896780E-1
-4.867380E-1
-4.837980E-1
-4.823280E-1
-4.808580E-1
-4.808580E-1
-4.808580E-1
-4.823280E-1
-4.837980E-1
-4.837980E-1
-4.852680E-1
-4.852680E-1
-4.867380E-1
-4.896780E-1
-4.911480E-1
-4.940880E-1
-4.970280E-1
-4.999680E-1
-5.014380E-1
-5.029080E-1
-5.014380E-1
-4.999680E-1
-4.955580E-1
-4.911480E-1
-4.852680E-1
-4.793880E-1
-4.735080E-1
-4.690980E-1
-4.646880E-1
-4.602780E-1
-4.588080E-1
-4.588080E-1
-4.588080E-1
-4.602780E-1
-4.617480E-1
-4.661580E-1
-4.705680E-1
-4.764480E-1
-4.823280E-1
-4.896780E-1
-4.984980E-1
-5.058480E-1
-5.131980E-1
-5.190780E-1
-5.249580E-1
-5.278980E-1
-5.293680E-1
-5.278980E-1
-5.249580E-1
-5.205480E-1
-5.161380E-1
-5.131980E-1
-5.102580E-1
-5.087880E-1
-5.087880E-1
-5.102580E-1
-5.131980E-1
-5.161380E-1
-5.190780E-1
-5.220180E-1
-5.220180E-1
-5.205480E-1
-5.161380E-1
-5.102580E-1
-5.029080E-1
-4.940880E-1
-4.852680E-1
-4.764480E-1
-4.705680E-1
-4.676280E-1
-4.661580E-1
-4.690980E-1
-4.735080E-1
-4.808580E-1
-4.911480E-1
-4.999680E-1
-5.087880E-1
-5.176080E-1
-5.249580E-1
-5.293680E-1
-5.308380E-1
-5.308380E-1
-5.293680E-1
-5.264280E-1
-5.234880E-1
-5.190780E-1
-5.146680E-1
-5.117280E-1
-5.087880E-1
-5.058480E-1
-5.029080E-1
-4.984980E-1
-4.940880E-1
-4.882080E-1
-4.823280E-1
-4.749780E-1
-4.676280E-1
-4.617480E-1
-4.558680E-1
-4.514580E-1
-4.470480E-1
-4.455780E-1
-4.455780E-1
-4.470480E-1
-4.499880E-1
-4.529280E-1
-4.558680E-1
-4.602780E-1
-4.632180E-1
-4.661580E-1
-4.690980E-1
-4.720380E-1
-4.735080E-1
-4.764480E-1
-4.793880E-1
-4.837980E-1
-4.882080E-1
-4.926180E-1
-4.970280E-1
-5.014380E-1
-5.058480E-1
-5.073180E-1
-5.073180E-1
-5.058480E-1
-5.014380E-1
-4.970280E-1
-4.911480E-1
-4.867380E-1
-4.808580E-1
-4.764480E-1
-4.735080E-1
-4.720380E-1
-4.705680E-1
-4.705680E-1
-4.705680E-1
-4.705680E-1
-4.705680E-1
-4.690980E-1
-4.690980E-1
-4.690980E-1
-4.705680E-1
-4.720380E-1
-4.735080E-1
-4.764480E-1
-4.808580E-1
-4.852680E-1
-4.896780E-1
-4.955580E-1
-4.999680E-1
-5.029080E-1
-5.073180E-1
-5.117280E-1
-5.146680E-1
-5.190780E-1
-5.220180E-1
-5.234880E-1
-5.264280E-1
-5.278980E-1
-5.278980E-1
-5.264280E-1
-5.249580E-1
-5.205480E-1
-5.161380E-1
-5.087880E-1
-5.014380E-1
-4.940880E-1
-4.867380E-1
-4.793880E-1
-4.735080E-1
-4.690980E-1
-4.661580E-1
-4.646880E-1
-4.632180E-1
-4.646880E-1
-4.646880E-1
-4.676280E-1
-4.690980E-1
-4.705680E-1
-4.705680E-1
-4.705680E-1
-4.705680E-1
-4.690980E-1
-4.661580E-1
-4.632180E-1
-4.602780E-1
-4.573380E-1
-4.558680E-1
-4.543980E-1
-4.543980E-1
-4.573380E-1
-4.602780E-1
-4.661580E-1
-4.720380E-1
-4.779180E-1
-4.852680E-1
-4.896780E-1
-4.940880E-1
-4.955580E-1
-4.955580E-1
-4.926180E-1
-4.896780E-1
-4.852680E-1
-4.808580E-1
-4.764480E-1
-4.749780E-1
-4.735080E-1
-4.735080E-1
-4.749780E-1
-4.779180E-1
-4.808580E-1
-4.837980E-1
-4.867380E-1
-4.882080E-1
-4.896780E-1
-4.896780E-1
-4.867380E-1
-4.837980E-1
-4.808580E-1
-4.764480E-1
-4.720380E-1
-4.690980E-1
-4.661580E-1
-4.646880E-1
-4.646880E-1
-4.646880E-1
-4.661580E-1
-4.676280E-1
-4.705680E-1
-4.749780E-1
-4.779180E-1
-4.808580E-1
-4.837980E-1
-4.837980E-1
-4.837980E-1
-4.808580E-1
-4.764480E-1
-4.705680E-1
-4.632180E-1
-4.558680E-1
-4.499880E-1
-4.426380E-1
-4.367580E-1
-4.323480E-1
-4.279380E-1
-4.264680E-1
-4.235280E-1
-4.235280E-1
-4.235280E-1
-4.249980E-1
-4.279380E-1
-4.308780E-1
-4.367580E-1
-4.426380E-1
-4.514580E-1
-4.588080E-1
-4.690980E-1
-4.779180E-1
-4.867380E-1
-4.940880E-1
-5.014380E-1
-5.073180E-1
-5.117280E-1
-5.161380E-1
-5.205480E-1
-5.220180E-1
-5.249580E-1
-5.249580E-1
-5.234880E-1
-5.220180E-1
-5.176080E-1
-5.131980E-1
-5.087880E-1
-5.029080E-1
-4.970280E-1
-4.911480E-1
-4.852680E-1
-4.808580E-1
-4.764480E-1
-4.720380E-1
-4.690980E-1
-4.661580E-1
-4.632180E-1
-4.617480E-1
-4.602780E-1
-4.588080E-1
-4.602780E-1
-4.602780E-1
-4.632180E-1
-4.646880E-1
-4.676280E-1
-4.705680E-1
-4.720380E-1
-4.749780E-1
-4.764480E-1
-4.793880E-1
-4.808580E-1
-4.837980E-1
-4.852680E-1
-4.896780E-1
-4.926180E-1
-4.970280E-1
-4.999680E-1
-5.043780E-1
-5.073180E-1
-5.102580E-1
-5.131980E-1
-5.176080E-1
-5.205480E-1
-5.249580E-1
-5.293680E-1
-5.323080E-1
-5.352480E-1
-5.367180E-1
-5.367180E-1
-5.352480E-1
-5.337780E-1
-5.293680E-1
-5.264280E-1
-5.220180E-1
-5.161380E-1
-5.117280E-1
-5.073180E-1
-5.029080E-1
-4.984980E-1
-4.940880E-1
-4.911480E-1
-4.882080E-1
-4.852680E-1
-4.837980E-1
-4.823280E-1
-4.823280E-1
-4.808580E-1
-4.793880E-1
-4.764480E-1
-4.735080E-1
-4.690980E-1
-4.646880E-1
-4.617480E-1
-4.588080E-1
-4.573380E-1
-4.573380E-1
-4.588080E-1
-4.646880E-1
-4.720380E-1
-4.837980E-1
-4.984980E-1
-5.161380E-1
-5.367180E-1
-5.617080E-1
-5.896380E-1
-6.190380E-1
-6.528480E-1
-6.866580E-1
-7.234080E-1
-7.601580E-1
-7.969080E-1
-8.336580E-1
-8.718780E-1
-9.086280E-1
-9.439080E-1
-9.791880E-1
-1.011528E+0
-1.040928E+0
-1.068858E+0
-1.092378E+0
-1.111488E+0
-1.129128E+0
-1.140888E+0
-1.149708E+0
-1.155588E+0
-1.158528E+0
-1.159998E+0
-1.161468E+0
-1.159998E+0
-1.161468E+0
-1.161468E+0
-1.164408E+0
-1.167348E+0
-1.173228E+0
-1.180578E+0
-1.189398E+0
-1.199688E+0
-1.209978E+0
-1.221738E+0
-1.232028E+0
-1.242318E+0
-1.251138E+0
-1.257018E+0
-1.259958E+0
-1.261428E+0
-1.261428E+0
-1.261428E+0
-1.261428E+0
-1.261428E+0
-1.264368E+0
-1.270248E+0
-1.276128E+0
-1.283478E+0
-1.290828E+0
-1.296708E+0
-1.304058E+0
-1.308468E+0
-1.312878E+0
-1.315818E+0
-1.318758E+0
-1.320228E+0
-1.321698E+0
-1.321698E+0
-1.323168E+0
-1.323168E+0
-1.324638E+0
-1.326108E+0
-1.329048E+0
-1.333458E+0
-1.337868E+0
-1.343748E+0
-1.349628E+0
-1.355508E+0
-1.359918E+0
-1.361388E+0
-1.361388E+0
-1.358448E+0
-1.354038E+0
-1.348158E+0
-1.342278E+0
-1.337868E+0
-1.334928E+0
-1.333458E+0
-1.334928E+0
-1.337868E+0
-1.343748E+0
-1.351098E+0
-1.359918E+0
-1.368738E+0
-1.379028E+0
-1.389318E+0
-1.398138E+0
-1.408428E+0
-1.417248E+0
-1.426068E+0
-1.433418E+0
-1.442238E+0
-1.451058E+0
-1.459878E+0
-1.470168E+0
-1.480458E+0
-1.490748E+0
-1.502508E+0
-1.511328E+0
-1.520148E+0
-1.526028E+0
-1.528968E+0
-1.530438E+0
-1.528968E+0
-1.526028E+0
-1.520148E+0
-1.514268E+0
-1.508388E+0
-1.501038E+0
-1.495158E+0
-1.489278E+0
-1.486338E+0
-1.484868E+0
-1.484868E+0
-1.489278E+0
-1.493688E+0
-1.499568E+0
-1.506918E+0
-1.511328E+0
-1.515738E+0
-1.515738E+0
-1.514268E+0
-1.509858E+0
-1.503978E+0
-1.496628E+0
-1.490748E+0
-1.484868E+0
-1.480458E+0
-1.478988E+0
-1.480458E+0
-1.481928E+0
-1.484868E+0
-1.489278E+0
-1.493688E+0
-1.499568E+0
-1.505448E+0
-1.511328E+0
-1.518678E+0
-1.527498E+0
-1.537788E+0
-1.549548E+0
-1.562778E+0
-1.576008E+0
-1.592178E+0
-1.608348E+0
-1.624518E+0
-1.642158E+0
-1.658328E+0
-1.674498E+0
-1.687728E+0
-1.700958E+0
-1.709778E+0
-1.715658E+0
-1.718598E+0
-1.715658E+0
-1.709778E+0
-1.699488E+0
-1.687728E+0
-1.674498E+0
-1.664208E+0
-1.655388E+0
-1.649508E+0
-1.648038E+0
-1.649508E+0
-1.653918E+0
-1.661268E+0
-1.667148E+0
-1.674498E+0
-1.681848E+0
-1.686258E+0
-1.692138E+0
-1.696548E+0
-1.702428E+0
-1.706838E+0
-1.712718E+0
-1.718598E+0
-1.721538E+0
-1.724478E+0
-1.724478E+0
-1.723008E+0
-1.720068E+0
-1.714188E+0
-1.708308E+0
-1.702428E+0
-1.696548E+0
-1.692138E+0
-1.689198E+0
-1.686258E+0
-1.684788E+0
-1.681848E+0
-1.681848E+0
-1.681848E+0
-1.684788E+0
-1.687728E+0
-1.693608E+0
-1.702428E+0
-1.714188E+0
-1.728888E+0
-1.746528E+0
-1.765638E+0
-1.784748E+0
-1.806798E+0
-1.825908E+0
-1.843548E+0
-1.858248E+0
-1.867068E+0
-1.872948E+0
-1.874418E+0
-1.870008E+0
-1.865598E+0
-1.859718E+0
-1.855308E+0
-1.850898E+0
-1.850898E+0
-1.850898E+0
-1.853838E+0
-1.858248E+0
-1.861188E+0
-1.864128E+0
-1.865598E+0
-1.865598E+0
-1.865598E+0
-1.864128E+0
-1.862658E+0
-1.864128E+0
-1.865598E+0
-1.870008E+0
-1.875888E+0
-1.881768E+0
-1.889118E+0
-1.896468E+0
-1.900878E+0
-1.905288E+0
-1.905288E+0
-1.905288E+0
-1.900878E+0
-1.896468E+0
-1.892058E+0
-1.886178E+0
-1.883238E+0
-1.880298E+0
-1.877358E+0
-1.877358E+0
-1.877358E+0
-1.880298E+0
-1.883238E+0
-1.887648E+0
-1.893528E+0
-1.900878E+0
-1.909698E+0
-1.919988E+0
-1.930278E+0
-1.940568E+0
-1.950858E+0
-1.959678E+0
-1.968498E+0
-1.974378E+0
-1.978788E+0
-1.981728E+0
-1.984668E+0
-1.987608E+0
-1.992018E+0
-1.996428E+0
-2.003778E+0
-2.012598E+0
-2.022888E+0
-2.036118E+0
-2.049348E+0
-2.062578E+0
-2.074338E+0
-2.084628E+0
-2.091978E+0
-2.097858E+0
-2.097858E+0
-2.094918E+0
-2.090508E+0
-2.084628E+0
-2.077278E+0
-2.071398E+0
-2.065518E+0
-2.062578E+0
-2.059638E+0
-2.059638E+0
-2.061108E+0
-2.064048E+0
-2.066988E+0
-2.068458E+0
-2.071398E+0
-2.072868E+0
-2.074338E+0
-2.074338E+0
-2.075808E+0
-2.078748E+0
-2.083158E+0
-2.089038E+0
-2.097858E+0
-2.105208E+0
-2.115498E+0
-2.124318E+0
-2.131668E+0
-2.137548E+0
-2.141958E+0
-2.143428E+0
-2.146368E+0
-2.146368E+0
-2.147838E+0
-2.149308E+0
-2.152248E+0
-2.156658E+0
-2.162538E+0
-2.169888E+0
-2.178708E+0
-2.187528E+0
-2.197818E+0
-2.206638E+0
-2.212518E+0
-2.218398E+0
-2.221338E+0
-2.222808E+0
-2.222808E+0
-2.221338E+0
-2.218398E+0
-2.215458E+0
-2.211048E+0
-2.208108E+0
-2.203698E+0
-2.199288E+0
-2.196348E+0
-2.193408E+0
-2.191938E+0
-2.193408E+0
-2.197818E+0
-2.206638E+0
-2.216928E+0
-2.228688E+0
-2.240448E+0
-2.253678E+0
-2.263968E+0
-2.271318E+0
-2.275728E+0
-2.278668E+0
-2.278668E+0
-2.277198E+0
-2.275728E+0
-2.274258E+0
-2.274258E+0
-2.275728E+0
-2.275728E+0
-2.278668E+0
-2.281608E+0
-2.283078E+0
-2.287488E+0
-2.291898E+0
-2.296308E+0
-2.300718E+0
-2.306598E+0
-2.312478E+0
-2.316888E+0
-2.322768E+0
-2.328648E+0
-2.335998E+0
-2.341878E+0
-2.349228E+0
-2.356578E+0
-2.363928E+0
-2.371278E+0
-2.377158E+0
-2.381568E+0
-2.385978E+0
-2.390388E+0
-2.394798E+0
-2.400678E+0
-2.408028E+0
-2.416848E+0
-2.427138E+0
-2.437428E+0
-2.447718E+0
-2.456538E+0
-2.462418E+0
-2.463888E+0
-2.462418E+0
-2.456538E+0
-2.447718E+0
-2.435958E+0
-2.422728E+0
-2.410968E+0
-2.397738E+0
-2.385978E+0
-2.377158E+0
-2.369808E+0
-2.366868E+0
-2.368338E+0
-2.374218E+0
-2.385978E+0
-2.402148E+0
-2.422728E+0
-2.446248E+0
-2.469768E+0
-2.491818E+0
-2.509458E+0
-2.524158E+0
-2.531508E+0
-2.534448E+0
-2.534448E+0
-2.531508E+0
-2.527098E+0
-2.525628E+0
-2.525628E+0
-2.527098E+0
-2.532978E+0
-2.540328E+0
-2.547678E+0
-2.555028E+0
-2.563848E+0
-2.569728E+0
-2.574138E+0
-2.577078E+0
-2.580018E+0
-2.580018E+0
-2.580018E+0
-2.580018E+0
-2.577078E+0
-2.572668E+0
-2.568258E+0
-2.562378E+0
-2.556498E+0
-2.550618E+0
-2.544738E+0
-2.543268E+0
-2.543268E+0
-2.547678E+0
-2.555028E+0
-2.566788E+0
-2.578548E+0
-2.591778E+0
-2.605008E+0
-2.616768E+0
-2.627058E+0
-2.634408E+0
-2.640288E+0
-2.643228E+0
-2.646168E+0
-2.647638E+0
-2.649108E+0
-2.650578E+0
-2.652048E+0
-2.653518E+0
-2.653518E+0
-2.653518E+0
-2.652048E+0
-2.650578E+0
-2.647638E+0
-2.644698E+0
-2.643228E+0
-2.641758E+0
-2.643228E+0
-2.646168E+0
-2.653518E+0
-2.663808E+0
-2.675568E+0
-2.687328E+0
-2.700558E+0
-2.712318E+0
-2.721138E+0
-2.728488E+0
-2.731428E+0
-2.731428E+0
-2.728488E+0
-2.724078E+0
-2.719668E+0
-2.716728E+0
-2.716728E+0
-2.718198E+0
-2.722608E+0
-2.729958E+0
-2.738778E+0
-2.749068E+0
-2.759358E+0
-2.769648E+0
-2.778468E+0
-2.784348E+0
-2.788758E+0
-2.793168E+0
-2.794638E+0
-2.796108E+0
-2.796108E+0
-2.797578E+0
-2.800518E+0
-2.803458E+0
-2.806398E+0
-2.809338E+0
-2.813748E+0
-2.818158E+0
-2.822568E+0
-2.828448E+0
-2.832858E+0
-2.838738E+0
-2.846088E+0
-2.853438E+0
-2.863728E+0
-2.875488E+0
-2.888718E+0
-2.903418E+0
-2.918118E+0
-2.932818E+0
-2.944578E+0
-2.951928E+0
-2.956338E+0
-2.957808E+0
-2.953398E+0
-2.947518E+0
-2.940168E+0
-2.931348E+0
-2.922528E+0
-2.913708E+0
-2.904888E+0
-2.897538E+0
-2.891658E+0
-2.885778E+0
-2.881368E+0
-2.878428E+0
-2.878428E+0
-2.879898E+0
-2.885778E+0
-2.894598E+0
-2.906358E+0
-2.922528E+0
-2.940168E+0
-2.960748E+0
-2.981328E+0
-3.000438E+0
-3.018078E+0
-3.032778E+0
-3.041598E+0
-3.044538E+0
-3.041598E+0
-3.034248E+0
-3.021018E+0
-3.006318E+0
-2.991618E+0
-2.979858E+0
-2.971038E+0
-2.968098E+0
-2.971038E+0
-2.979858E+0
-2.991618E+0
-3.006318E+0
-3.021018E+0
-3.031308E+0
-3.040128E+0
-3.041598E+0
-3.040128E+0
-3.032778E+0
-3.023958E+0
-3.013668E+0
-3.001908E+0
-2.994558E+0
-2.987208E+0
-2.982798E+0
-2.981328E+0
-2.982798E+0
-2.982798E+0
-2.984268E+0
-2.985738E+0
-2.988678E+0
-2.993088E+0
-2.998968E+0
-3.009258E+0
-3.023958E+0
-3.044538E+0
-3.069528E+0
-3.095988E+0
-3.125388E+0
-3.153318E+0
-3.176838E+0
-3.197418E+0
-3.209178E+0
-3.215058E+0
-3.212118E+0
-3.203298E+0
-3.190068E+0
-3.173898E+0
-3.157728E+0
-3.141558E+0
-3.129798E+0
-3.120978E+0
-3.118038E+0
-3.119508E+0
-3.126858E+0
-3.135678E+0
-3.148908E+0
-3.162138E+0
-3.173898E+0
-3.185658E+0
-3.194478E+0
-3.201828E+0
-3.207708E+0
-3.212118E+0
-3.216528E+0
-3.222408E+0
-3.229758E+0
-3.240048E+0
-3.248868E+0
-3.259158E+0
-3.267978E+0
-3.275328E+0
-3.279738E+0
-3.279738E+0
-3.278268E+0
-3.275328E+0
-3.272388E+0
-3.269448E+0
-3.267978E+0
-3.267978E+0
-3.270918E+0
-3.273858E+0
-3.276798E+0
-3.279738E+0
-3.282678E+0
-3.282678E+0
-3.281208E+0
-3.275328E+0
-3.266508E+0
-3.254748E+0
-3.242988E+0
-3.228288E+0
-3.215058E+0
-3.203298E+0
-3.193008E+0
-3.185658E+0
-3.182718E+0
-3.184188E+0
-3.187128E+0
-3.194478E+0
-3.204768E+0
-3.215058E+0
-3.225348E+0
-3.232698E+0
-3.238578E+0
-3.241518E+0
-3.240048E+0
-3.235638E+0
-3.229758E+0
-3.225348E+0
-3.222408E+0
-3.223878E+0
-3.231228E+0
-3.244458E+0
-3.265038E+0
-3.290028E+0
-3.320898E+0
-3.353238E+0
-3.387048E+0
-3.420858E+0
-3.450258E+0
-3.475248E+0
-3.492888E+0
-3.501708E+0
-3.503178E+0
-3.498768E+0
-3.488478E+0
-3.473778E+0
-3.457608E+0
-3.442908E+0
-3.431148E+0
-3.422328E+0
-3.413508E+0
-3.409098E+0
-3.403218E+0
-3.397338E+0
-3.392928E+0
-3.388518E+0
-3.385578E+0
-3.382638E+0
-3.384108E+0
-3.388518E+0
-3.395868E+0
-3.406158E+0
-3.417918E+0
-3.434088E+0
-3.450258E+0
-3.469368E+0
-3.492888E+0
-3.516408E+0
-3.541398E+0
-3.567858E+0
-3.591378E+0
-3.610488E+0
-3.623718E+0
-3.628128E+0
-3.623718E+0
-3.611958E+0
-3.592848E+0
-3.570798E+0
-3.545808E+0
-3.522288E+0
-3.503178E+0
-3.488478E+0
-3.478188E+0
-3.470838E+0
-3.466428E+0
-3.463488E+0
-3.462018E+0
-3.457608E+0
-3.451728E+0
-3.445848E+0
-3.439968E+0
-3.435558E+0
-3.432618E+0
-3.432618E+0
-3.435558E+0
-3.441438E+0
-3.448788E+0
-3.459078E+0
-3.469368E+0
-3.481128E+0
-3.494358E+0
-3.509058E+0
-3.525228E+0
-3.545808E+0
-3.570798E+0
-3.595788E+0
-3.623718E+0
-3.650178E+0
-3.673698E+0
-3.692808E+0
-3.706038E+0
-3.710448E+0
-3.707508E+0
-3.700158E+0
-3.688398E+0
-3.675168E+0
-3.661938E+0
-3.650178E+0
-3.639888E+0
-3.628128E+0
-3.613428E+0
-3.588438E+0
-3.553158E+0
-3.501708E+0
-3.434088E+0
-3.351768E+0
-3.248868E+0
-3.126858E+0
-2.996028E+0
-2.874018E+0
-2.771118E+0
-2.688798E+0
-2.631468E+0
-2.599128E+0
-2.593248E+0
-2.610888E+0
-2.647638E+0
-2.699088E+0
-2.793168E+0
-2.959278E+0
-3.191538E+0
-3.451728E+0
-3.720738E+0
-3.994158E+0
-4.279338E+0
-4.577748E+0
-4.896738E+0
-5.234838E+0
-5.597928E+0
-5.986008E+0
-6.396138E+0
-6.828318E+0
-7.278138E+0
-7.747068E+0
-8.221878E+0
-8.705508E+0
-9.186198E+0
-9.675708E+0
-1.019609E+1
-1.075322E+1
-1.139120E+1
-1.225850E+1
-1.349330E+1
-1.587911E+1
-2.088005E+1
-2.088005E+1
-2.088005E+1
-2.088005E+1
-2.088005E+1
-1.849424E+1
-1.485893E+1
-1.372262E+1
-1.303907E+1
-1.271273E+1
-1.256573E+1
-1.242902E+1
-1.234082E+1
-1.213796E+1
-1.191746E+1
-1.168520E+1
-1.147499E+1
-1.131035E+1
-1.123244E+1
-1.128389E+1
-1.144706E+1
-1.181456E+1
-1.238492E+1
-1.328750E+1
-1.514852E+1
-2.088005E+1
-2.088005E+1
-2.088005E+1
-2.088005E+1
-2.088005E+1
-2.088005E+1
-2.088005E+1
-2.088005E+1
-2.088005E+1
-2.088005E+1
-2.088005E+1
-2.088005E+1
-2.088005E+1
-2.088005E+1
-2.088005E+1
-2.088005E+1
-2.088005E+1
-2.088005E+1
-2.088005E+1
-2.088005E+1
-2.088005E+1
-2.088005E+1
-2.088005E+1
-2.088005E+1
-2.088005E+1
-1.472663E+1
-1.303907E+1
-1.256573E+1
-1.271273E+1
-1.356680E+1
-1.849424E+1
-2.088005E+1
-2.088005E+1
-2.088005E+1
-2.088005E+1
-2.088005E+1
-2.088005E+1
-2.088005E+1
-2.088005E+1
-2.088005E+1
-2.088005E+1
-2.088005E+1
-2.088005E+1
-1.460315E+1
-1.335365E+1
-1.303907E+1
-1.315961E+1
-1.380494E+1
-1.548368E+1
-2.088005E+1
-2.088005E+1
-2.088005E+1
-2.088005E+1
-2.088005E+1
-2.088005E+1
-2.088005E+1
-2.088005E+1
-2.088005E+1
-2.088005E+1
-2.088005E+1
-2.088005E+1
-2.088005E+1
-2.088005E+1
-2.088005E+1
-2.088005E+1
-2.088005E+1
-2.088005E+1
-2.088005E+1
-2.088005E+1
-2.088005E+1
-2.088005E+1
-2.088005E+1
-1.531022E+1
-1.335365E+1
-1.242902E+1
-1.181456E+1
-1.139120E+1
-1.106045E+1
-1.075322E+1
-1.048274E+1
-1.024313E+1
-1.002851E+1
-9.831528E+0
-9.652188E+0
-9.474318E+0
-9.330258E+0
-9.206778E+0
-9.118578E+0
-9.042138E+0
-8.996568E+0
-8.987748E+0
-9.033318E+0
-9.127398E+0
-9.278808E+0
-9.519888E+0
-9.857988E+0
-1.039454E+1
-1.123244E+1
-1.276271E+1
-2.088005E+1
-2.088005E+1
-2.088005E+1
-2.088005E+1
-2.088005E+1
-2.088005E+1
-2.088005E+1
-2.088005E+1
-2.088005E+1
-2.088005E+1
-2.088005E+1
-1.849424E+1
-1.380494E+1
-1.266275E+1
-1.206152E+1
-1.168520E+1
-1.141913E+1
-1.118099E+1
-1.098989E+1
-1.081496E+1
-1.069148E+1
-1.063268E+1
-1.061357E+1
-1.065326E+1
-1.075322E+1
-1.085759E+1
-1.098989E+1
-1.108397E+1
-1.113248E+1
-1.113248E+1
-1.110749E+1
-1.108397E+1
-1.113248E+1
-1.128389E+1
-1.162346E+1
-1.217765E+1
-1.322135E+1
-1.548368E+1
-2.088005E+1
-2.088005E+1
-2.088005E+1
-2.088005E+1
-1.397840E+1
-1.191746E+1
-1.079438E+1
-1.004321E+1
-9.590448E+0
-9.342018E+0
-9.268518E+0
-9.352308E+0
-9.566928E+0
-9.913848E+0
-1.036073E+1
-1.087964E+1
-1.133681E+1
-1.165433E+1
-1.171607E+1
-1.162346E+1
-1.141913E+1
-1.120745E+1
-1.110749E+1
-1.110749E+1
-1.125743E+1
-1.159259E+1
-1.217765E+1
-1.315961E+1
-1.531022E+1
-2.088005E+1
-2.088005E+1
-2.088005E+1
-2.088005E+1
-2.088005E+1
-2.088005E+1
-2.088005E+1
-2.088005E+1
-2.088005E+1
-1.636421E+1
-1.587911E+1
-1.636421E+1
-1.937477E+1
-2.088005E+1
-2.088005E+1
-2.088005E+1
-2.088005E+1
-2.088005E+1
-2.088005E+1
-2.088005E+1
-1.485893E+1
-1.292441E+1
-1.188218E+1
-1.123244E+1
-1.085759E+1
-1.069148E+1
-1.067237E+1
-1.079438E+1
-1.101341E+1
-1.128389E+1
-1.153379E+1
-1.168520E+1
-1.165433E+1
-1.150439E+1
-1.128389E+1
-1.108397E+1
-1.092374E+1
-1.085759E+1
-1.087964E+1
-1.103693E+1
-1.128389E+1
-1.162346E+1
-1.206152E+1
-1.261277E+1
-1.309787E+1
-1.356680E+1
-1.372262E+1
-1.364324E+1
-1.335365E+1
-1.303907E+1
-1.286855E+1
-1.276271E+1
-1.298027E+1
-1.356680E+1
-1.514852E+1
-2.088005E+1
-2.088005E+1
-2.088005E+1
-2.088005E+1
-2.088005E+1
-2.088005E+1
-2.088005E+1
-2.088005E+1
-2.088005E+1
-2.088005E+1
-2.088005E+1
-2.088005E+1
-2.088005E+1
-2.088005E+1
-2.088005E+1
-2.088005E+1
-2.088005E+1
-2.088005E+1
-2.088005E+1
-1.567331E+1
-1.407101E+1
-1.335365E+1
-1.309787E+1
-1.328750E+1
-1.407101E+1
-1.698896E+1
-2.088005E+1
-2.088005E+1
-2.088005E+1
-2.088005E+1
-2.088005E+1
-2.088005E+1
-2.088005E+1
-2.088005E+1
-2.088005E+1
-2.088005E+1
-2.088005E+1
-2.088005E+1
-2.088005E+1
-2.088005E+1
-2.088005E+1
-2.088005E+1
-1.567331E+1
-1.328750E+1
-1.206152E+1
-1.128389E+1
-1.079438E+1
-1.050185E+1
-1.037690E+1
-1.041218E+1
-1.061357E+1
-1.101341E+1
-1.162346E+1
-1.251869E+1
-1.389020E+1
-1.587911E+1
-1.738439E+1
-1.610843E+1
-1.389020E+1
-1.242902E+1
-1.139120E+1
-1.059446E+1
-1.001381E+1
-9.566928E+0
-9.258228E+0
-9.042138E+0
-8.906898E+0
-8.855448E+0
-8.880438E+0
-8.996568E+0
-9.206778E+0
-9.508128E+0
-9.941778E+0
-1.055624E+1
-1.144706E+1
-1.292441E+1
-1.937477E+1
-2.088005E+1
-2.088005E+1
-2.088005E+1
-2.088005E+1
-2.088005E+1
-2.088005E+1
-2.088005E+1
-2.088005E+1
-2.088005E+1
-2.088005E+1
-2.088005E+1
-2.088005E+1
-2.088005E+1
-2.088005E+1
-2.088005E+1
-2.088005E+1
-2.088005E+1
-2.088005E+1
-2.088005E+1
-2.088005E+1
-1.610843E+1
-1.281563E+1
-1.150439E+1
-1.071206E+1
-1.016375E+1
-9.791838E+0
-9.578688E+0
-9.508128E+0
-9.578688E+0
-9.791838E+0
-1.019609E+1
-1.081496E+1
-1.184837E+1
-1.380494E+1
-2.088005E+1
-2.088005E+1
-2.088005E+1
-2.088005E+1
-2.088005E+1
-2.088005E+1
-2.088005E+1
-1.426799E+1
-1.303907E+1
-1.238492E+1
-1.206152E+1
-1.195274E+1
-1.202477E+1
-1.225850E+1
-1.266275E+1
-1.328750E+1
-1.426799E+1
-1.567331E+1
-1.786949E+1
-1.937477E+1
-1.738439E+1
-1.531022E+1
-1.380494E+1
-1.292441E+1
-1.234082E+1
-1.202477E+1
-1.198802E+1
-1.213796E+1
-1.256573E+1
-1.328750E+1
-1.460315E+1
-1.849424E+1
-2.088005E+1
-2.088005E+1
-2.088005E+1
-2.088005E+1
-2.088005E+1
-2.088005E+1
-2.088005E+1
-2.088005E+1
-2.088005E+1
-2.088005E+1
-2.088005E+1
-2.088005E+1
-2.088005E+1
-2.088005E+1
-2.088005E+1
-2.088005E+1
-2.088005E+1
-2.088005E+1
-2.088005E+1
-2.088005E+1
-2.088005E+1
-2.088005E+1
-1.610843E+1
-1.261277E+1
-1.165433E+1
-1.133681E+1
-1.141913E+1
-1.195274E+1
-1.328750E+1
-2.088005E+1
-2.088005E+1
-2.088005E+1
-2.088005E+1
-2.088005E+1
-2.088005E+1
-2.088005E+1
-2.088005E+1
-2.088005E+1
-2.088005E+1
-2.088005E+1
-2.088005E+1
-2.088005E+1
-1.849424E+1
-1.437383E+1
-1.292441E+1
-1.198802E+1
-1.133681E+1
-1.087964E+1
-1.061357E+1
-1.048274E+1
-1.051949E+1
-1.075322E+1
-1.120745E+1
-1.202477E+1
-1.356680E+1
-2.088005E+1
-2.088005E+1
-2.088005E+1
-2.088005E+1
-2.088005E+1
-2.088005E+1
-2.088005E+1
-2.088005E+1
-1.849424E+1
-1.286855E+1
-1.136327E+1
-1.050185E+1
-9.927078E+0
-9.566928E+0
-9.384648E+0
-9.342018E+0
-9.440508E+0
-9.675708E+0
-1.007261E+1
-1.065326E+1
-1.144706E+1
-1.247312E+1
-1.372262E+1
-1.499858E+1
-1.514852E+1
-1.416803E+1
-1.309787E+1
-1.217765E+1
-1.153379E+1
-1.110749E+1
-1.081496E+1
-1.063268E+1
-1.055624E+1
-1.057535E+1
-1.065326E+1
-1.077380E+1
-1.094579E+1
-1.120745E+1
-1.153379E+1
-1.195274E+1
-1.234082E+1
-1.261277E+1
-1.261277E+1
-1.229966E+1
-1.171607E+1
-1.108397E+1
-1.050185E+1
-1.002851E+1
-9.713928E+0
-9.519888E+0
-9.474318E+0
-9.543408E+0
-9.727158E+0
-1.002851E+1
-1.041218E+1
-1.083554E+1
-1.120745E+1
-1.147499E+1
-1.156319E+1
-1.144706E+1
-1.123244E+1
-1.101341E+1
-1.079438E+1
-1.065326E+1
-1.053860E+1
-1.050185E+1
-1.048274E+1
-1.046510E+1
-1.044746E+1
-1.041218E+1
-1.036073E+1
-1.030928E+1
-1.027694E+1
-1.029311E+1
-1.036073E+1
-1.050185E+1
-1.073264E+1
-1.101341E+1
-1.136327E+1
-1.168520E+1
-1.191746E+1
-1.195274E+1
-1.178222E+1
-1.147499E+1
-1.113248E+1
-1.077380E+1
-1.048274E+1
-1.025930E+1
-1.011818E+1
-1.002851E+1
-9.999108E+0
-9.999108E+0
-1.004321E+1
-1.008731E+1
-1.013288E+1
-1.022696E+1
-1.037690E+1
-1.065326E+1
-1.115747E+1
-1.206152E+1
-1.416803E+1
-2.088005E+1
-2.088005E+1
-2.088005E+1
-2.088005E+1
-2.088005E+1
-2.088005E+1
-2.088005E+1
-2.088005E+1
-2.088005E+1
-2.088005E+1
-2.088005E+1
-1.364324E+1
-1.251869E+1
-1.217765E+1
-1.234082E+1
-1.292441E+1
-1.437383E+1
-2.088005E+1
-2.088005E+1
-2.088005E+1
-2.088005E+1
-2.088005E+1
-2.088005E+1
-2.088005E+1
-2.088005E+1
-2.088005E+1
-2.088005E+1
-1.416803E+1
-1.221734E+1
-1.120745E+1
-1.057535E+1
-1.019609E+1
-9.999108E+0
-9.999108E+0
-1.021079E+1
-1.069148E+1
-1.162346E+1
-1.380494E+1
-2.088005E+1
-2.088005E+1
-2.088005E+1
-2.088005E+1
-2.088005E+1
-2.088005E+1
-2.088005E+1
-2.088005E+1
-2.088005E+1
-2.088005E+1
-2.088005E+1
-2.088005E+1
-2.088005E+1
-2.088005E+1
-2.088005E+1
-2.088005E+1
-2.088005E+1
-2.088005E+1
-2.088005E+1
-2.088005E+1
-2.088005E+1
-2.088005E+1
-2.088005E+1
-2.088005E+1
-2.088005E+1
-2.088005E+1
-2.088005E+1
-2.088005E+1
-2.088005E+1
-2.088005E+1
-2.088005E+1
-2.088005E+1
-2.088005E+1
-1.738439E+1
-1.356680E+1
-1.225850E+1
-1.147499E+1
-1.090169E+1
-1.039454E+1
-9.927078E+0
-9.496368E+0
-9.118578E+0
-8.787828E+0
-8.508528E+0
-8.292438E+0
-8.146908E+0
-8.067528E+0
-8.061648E+0
-8.127798E+0
-8.273328E+0
-8.493828E+0
-8.812818E+0
-9.258228E+0
-9.872688E+0
-1.079438E+1
-1.247312E+1
-2.088005E+1
-2.088005E+1
-2.088005E+1
-2.088005E+1
-2.088005E+1
-2.088005E+1
-2.088005E+1
-2.088005E+1
-2.088005E+1
-2.088005E+1
-2.088005E+1
-2.088005E+1
-2.088005E+1
-2.088005E+1
-2.088005E+1
-2.088005E+1
-2.088005E+1
-2.088005E+1
-2.088005E+1
-2.088005E+1
-2.088005E+1
-2.088005E+1
-2.088005E+1
-2.088005E+1
-2.088005E+1
-2.088005E+1
-2.088005E+1
-2.088005E+1
-2.088005E+1
-1.849424E+1
-1.281563E+1
-1.133681E+1
-1.048274E+1
-9.984408E+0
-9.727158E+0
-9.663948E+0
-9.765378E+0
-1.005791E+1
-1.057535E+1
-1.136327E+1
-1.261277E+1
-1.485893E+1
-2.088005E+1
-2.088005E+1
-2.088005E+1
-2.088005E+1
-1.531022E+1
-1.328750E+1
-1.225850E+1
-1.162346E+1
-1.118099E+1
-1.085759E+1
-1.063268E+1
-1.041218E+1
-1.021079E+1
-1.001381E+1
-9.818298E+0
-9.638958E+0
-9.474318E+0
-9.352308E+0
-9.268518E+0
-9.247938E+0
-9.268518E+0
-9.352308E+0
-9.496368E+0
-9.702168E+0
-9.999108E+0
-1.039454E+1
-1.096784E+1
-1.184837E+1
-1.342274E+1
-2.088005E+1
-2.088005E+1
-2.088005E+1
-2.088005E+1
-2.088005E+1
-2.088005E+1
-2.088005E+1
-2.088005E+1
-2.088005E+1
-2.088005E+1
-2.088005E+1
-2.088005E+1
-2.088005E+1
-2.088005E+1
-2.088005E+1
-2.088005E+1
-2.088005E+1
-1.389020E+1
-1.221734E+1
-1.150439E+1
-1.125743E+1
-1.125743E+1
-1.153379E+1
-1.198802E+1
-1.271273E+1
-1.389020E+1
-1.610843E+1
-2.088005E+1
-2.088005E+1
-2.088005E+1
-2.088005E+1
-2.088005E+1
-2.088005E+1
-2.088005E+1
-2.088005E+1
-2.088005E+1
-2.088005E+1
-2.088005E+1
-2.088005E+1
-2.088005E+1
-2.088005E+1
-2.088005E+1
-2.088005E+1
-2.088005E+1
-2.088005E+1
-2.088005E+1
-2.088005E+1
-2.088005E+1
-2.088005E+1
-2.088005E+1
-2.088005E+1
-2.088005E+1
-2.088005E+1
-1.698896E+1
-1.514852E+1
-1.407101E+1
-1.349330E+1
-1.303907E+1
-1.271273E+1
-1.242902E+1
-1.221734E+1
-1.195274E+1
-1.174841E+1
-1.159259E+1
-1.150439E+1
-1.147499E+1
-1.150439E+1
-1.165433E+1
-1.191746E+1
-1.225850E+1
-1.266275E+1
-1.298027E+1
-1.322135E+1
-1.328750E+1
-1.298027E+1
-1.242902E+1
-1.178222E+1
-1.118099E+1
-1.065326E+1
-1.021079E+1
-9.885918E+0
-9.638958E+0
-9.474318E+0
-9.396408E+0
-9.418458E+0
-9.508128E+0
-9.652188E+0
-9.857988E+0
-1.010201E+1
-1.037690E+1
-1.067237E+1
-1.094579E+1
-1.115747E+1
-1.131035E+1
-1.141913E+1
-1.144706E+1
-1.141913E+1
-1.136327E+1
-1.136327E+1
-1.144706E+1
-1.168520E+1
-1.206152E+1
-1.271273E+1
-1.372262E+1
-1.567331E+1
-2.088005E+1
-2.088005E+1
-2.088005E+1
-2.088005E+1
-2.088005E+1
-2.088005E+1
-2.088005E+1
-2.088005E+1
-2.088005E+1
-2.088005E+1
-2.088005E+1
-2.088005E+1
-2.088005E+1
-2.088005E+1
-2.088005E+1
-2.088005E+1
-2.088005E+1
-2.088005E+1
-2.088005E+1
-2.088005E+1
-2.088005E+1
-2.088005E+1
-2.088005E+1
-2.088005E+1
-2.088005E+1
-2.088005E+1
-2.088005E+1
-2.088005E+1
-2.088005E+1
-2.088005E+1
-2.088005E+1
-2.088005E+1
-2.088005E+1
-2.088005E+1
-2.088005E+1
-2.088005E+1
-2.088005E+1
-1.349330E+1
-1.213796E+1
-1.147499E+1
-1.106045E+1
-1.081496E+1
-1.069148E+1
-1.067237E+1
-1.073264E+1
-1.087964E+1
-1.106045E+1
-1.131035E+1
-1.156319E+1
-1.178222E+1
-1.195274E+1
-1.209974E+1
-1.225850E+1
-1.242902E+1
-1.266275E+1
-1.303907E+1
-1.349330E+1
-1.407101E+1
-1.448555E+1
-1.472663E+1
-1.437383E+1
-1.372262E+1
-1.303907E+1
-1.247312E+1
-1.206152E+1
-1.178222E+1
-1.168520E+1
-1.171607E+1
-1.191746E+1
-1.234082E+1
-1.298027E+1
-1.397840E+1
-1.587911E+1
-2.088005E+1
-2.088005E+1
-2.088005E+1
-2.088005E+1
-2.088005E+1
-2.088005E+1
-2.088005E+1
-2.088005E+1
-2.088005E+1
-2.088005E+1
-2.088005E+1
-2.088005E+1
-2.088005E+1
-2.088005E+1
-2.088005E+1
-2.088005E+1
-2.088005E+1
-2.088005E+1
-2.088005E+1
-2.088005E+1
-2.088005E+1
-2.088005E+1
-2.088005E+1
-2.088005E+1
-2.088005E+1
-2.088005E+1
-2.088005E+1
-2.088005E+1
-2.088005E+1
-2.088005E+1
-2.088005E+1
-2.088005E+1
-2.088005E+1
-2.088005E+1
-2.088005E+1
-2.088005E+1
-2.088005E+1
-2.088005E+1
-2.088005E+1
-2.088005E+1
-2.088005E+1
-2.088005E+1
-2.088005E+1
-2.088005E+1
-2.088005E+1
-2.088005E+1
-2.088005E+1
-2.088005E+1
-1.698896E+1
-1.372262E+1
-1.271273E+1
-1.209974E+1
-1.174841E+1
-1.150439E+1
-1.133681E+1
-1.125743E+1
-1.123244E+1
-1.131035E+1
-1.141913E+1
-1.156319E+1
-1.171607E+1
-1.181456E+1
-1.181456E+1
-1.174841E+1
-1.156319E+1
-1.139120E+1
-1.128389E+1
-1.125743E+1
-1.136327E+1
-1.159259E+1
-1.198802E+1
-1.256573E+1
-1.342274E+1
-1.460315E+1
-1.665380E+1
-2.088005E+1
-2.088005E+1
-2.088005E+1
-2.088005E+1
-2.088005E+1
-2.088005E+1
-2.088005E+1
-2.088005E+1
-2.088005E+1
-2.088005E+1
-2.088005E+1
-2.088005E+1
-2.088005E+1
-2.088005E+1
-2.088005E+1
-2.088005E+1
-2.088005E+1
-2.088005E+1
-2.088005E+1
-2.088005E+1
-2.088005E+1
-2.088005E+1
-2.088005E+1
-2.088005E+1
-2.088005E+1
-2.088005E+1
-2.088005E+1
-2.088005E+1
-2.088005E+1
-2.088005E+1
-2.088005E+1
-2.088005E+1
-2.088005E+1
-2.088005E+1
-1.937477E+1
-2.088005E+1
-2.088005E+1
-2.088005E+1
-2.088005E+1
-2.088005E+1
-2.088005E+1
-2.088005E+1
-2.088005E+1
-2.088005E+1
-2.088005E+1
-2.088005E+1
-2.088005E+1
-2.088005E+1
-2.088005E+1
-2.088005E+1
-2.088005E+1
-1.531022E+1
-1.292441E+1
-1.191746E+1
-1.133681E+1
-1.101341E+1
-1.087964E+1
-1.096784E+1
-1.123244E+1
-1.171607E+1
-1.247312E+1
-1.349330E+1
-1.472663E+1
-1.567331E+1
-1.531022E+1
-1.407101E+1
-1.292441E+1
-1.195274E+1
-1.128389E+1
-1.077380E+1
-1.041218E+1
-1.013288E+1
-9.913848E+0
-9.752148E+0
-9.638958E+0
-9.555168E+0
-9.519888E+0
-9.531648E+0
-9.602208E+0
-9.765378E+0
-1.004321E+1
-1.046510E+1
-1.108397E+1
-1.209974E+1
-1.397840E+1
-2.088005E+1
-2.088005E+1
-2.088005E+1
-2.088005E+1
-2.088005E+1
-2.088005E+1
-2.088005E+1
-2.088005E+1
-2.088005E+1
-2.088005E+1
-2.088005E+1
-2.088005E+1
-2.088005E+1
-2.088005E+1
-2.088005E+1
-2.088005E+1
-2.088005E+1
-2.088005E+1
-2.088005E+1
-2.088005E+1
-2.088005E+1
-2.088005E+1
-2.088005E+1
-2.088005E+1
-2.088005E+1
-2.088005E+1
-2.088005E+1
-2.088005E+1
-2.088005E+1
-2.088005E+1
-2.088005E+1
-2.088005E+1
-2.088005E+1
-2.088005E+1
-2.088005E+1
-2.088005E+1
-2.088005E+1
-2.088005E+1
-2.088005E+1
-2.088005E+1
-2.088005E+1
-2.088005E+1
-2.088005E+1
-1.665380E+1
-1.437383E+1
-1.309787E+1
-1.225850E+1
-1.162346E+1
-1.118099E+1
-1.087964E+1
-1.067237E+1
-1.050185E+1
-1.036073E+1
-1.017992E+1
-9.955008E+0
-9.663948E+0
-9.319968E+0
-8.968638E+0
-8.627598E+0
-8.318898E+0
-8.061648E+0
-7.852908E+0
-7.701498E+0
-7.607418E+0
-7.575078E+0
-7.594188E+0
-7.666218E+0
-7.788228E+0
-7.969038E+0
-8.214528E+0
-8.530578E+0
-8.942178E+0
-9.484608E+0
-1.024313E+1
-1.144706E+1
-1.426799E+1
-2.088005E+1
-2.088005E+1
-2.088005E+1
-2.088005E+1
-2.088005E+1
-2.088005E+1
-2.088005E+1
-2.088005E+1
-2.088005E+1
-2.088005E+1
-2.088005E+1
-2.088005E+1
-2.088005E+1
-2.088005E+1
-1.567331E+1
-1.238492E+1
-1.128389E+1
-1.069148E+1
-1.034309E+1
-1.013288E+1
-1.002851E+1
-9.999108E+0
-1.002851E+1
-1.010201E+1
-1.021079E+1
-1.037690E+1
-1.061357E+1
-1.096784E+1
-1.144706E+1
-1.213796E+1
-1.335365E+1
-1.636421E+1
-2.088005E+1
-2.088005E+1
-2.088005E+1
-2.088005E+1
-2.088005E+1
-2.088005E+1
-2.088005E+1
-2.088005E+1
-2.088005E+1
-2.088005E+1
-2.088005E+1
-2.088005E+1
-2.088005E+1
-2.088005E+1
-2.088005E+1
-2.088005E+1
-2.088005E+1
-2.088005E+1
-2.088005E+1
-2.088005E+1
-2.088005E+1
-2.088005E+1
-2.088005E+1
-2.088005E+1
-2.088005E+1
-2.088005E+1
-2.088005E+1
-2.088005E+1
-2.088005E+1
-2.088005E+1
-2.088005E+1
-2.088005E+1
-2.088005E+1
-2.088005E+1
-2.088005E+1
-2.088005E+1
-2.088005E+1
-2.088005E+1
-2.088005E+1
-2.088005E+1
-2.088005E+1
-2.088005E+1
-2.088005E+1
-2.088005E+1
-2.088005E+1
-2.088005E+1
-2.088005E+1
-2.088005E+1
-2.088005E+1
-2.088005E+1
-1.448555E+1
-1.281563E+1
-1.191746E+1
-1.139120E+1
-1.103693E+1
-1.083554E+1
-1.073264E+1
-1.073264E+1
-1.081496E+1
-1.098989E+1
-1.128389E+1
-1.168520E+1
-1.217765E+1
-1.271273E+1
-1.322135E+1
-1.349330E+1
-1.349330E+1
-1.322135E+1
-1.298027E+1
-1.281563E+1
-1.276271E+1
-1.281563E+1
-1.303907E+1
-1.328750E+1
-1.349330E+1
-1.342274E+1
-1.298027E+1
-1.238492E+1
-1.174841E+1
-1.115747E+1
-1.063268E+1
-1.021079E+1
-9.857988E+0
-9.602208E+0
-9.418458E+0
-9.309678E+0
-9.278808E+0
-9.309678E+0
-9.418458E+0
-9.590448E+0
-9.831528E+0
-1.013288E+1
-1.048274E+1
-1.087964E+1
-1.133681E+1
-1.178222E+1
-1.217765E+1
-1.238492E+1
-1.238492E+1
-1.213796E+1
-1.178222E+1
-1.133681E+1
-1.094579E+1
-1.063268E+1
-1.039454E+1
-1.027694E+1
-1.024313E+1
-1.029311E+1
-1.042982E+1
-1.067237E+1
-1.096784E+1
-1.133681E+1
-1.174841E+1
-1.229966E+1
-1.292441E+1
-1.364324E+1
-1.460315E+1
-1.610843E+1
-1.849424E+1
-2.088005E+1
-2.088005E+1
-2.088005E+1
-2.088005E+1
-2.088005E+1
-2.088005E+1
-1.786949E+1
-1.567331E+1
-1.426799E+1
-1.328750E+1
-1.242902E+1
-1.178222E+1
-1.125743E+1
-1.085759E+1
-1.055624E+1
-1.032692E+1
-1.017992E+1
-1.010201E+1
-1.010201E+1
-1.016375E+1
-1.025930E+1
-1.041218E+1
-1.059446E+1
-1.081496E+1
-1.106045E+1
-1.139120E+1
-1.178222E+1
-1.225850E+1
-1.286855E+1
-1.364324E+1
-1.472663E+1
-1.698896E+1
-2.088005E+1
-2.088005E+1
-2.088005E+1
-2.088005E+1
-2.088005E+1
-2.088005E+1
-2.088005E+1
-2.088005E+1
-2.088005E+1
-2.088005E+1
-2.088005E+1
-2.088005E+1
-2.088005E+1
-2.088005E+1
-2.088005E+1
-2.088005E+1
-2.088005E+1
-2.088005E+1
-2.088005E+1
-2.088005E+1
-2.088005E+1
-2.088005E+1
-2.088005E+1
-2.088005E+1
-1.407101E+1
-1.247312E+1
-1.159259E+1
-1.101341E+1
-1.061357E+1
-1.036073E+1
-1.022696E+1
-1.014905E+1
-1.013288E+1
-1.016375E+1
-1.021079E+1
-1.027694E+1
-1.034309E+1
-1.039454E+1
-1.046510E+1
-1.059446E+1
-1.077380E+1
-1.106045E+1
-1.150439E+1
-1.213796E+1
-1.315961E+1
-1.499858E+1
-2.088005E+1
-2.088005E+1
-2.088005E+1
-2.088005E+1
-1.738439E+1
-1.372262E+1
-1.217765E+1
-1.115747E+1
-1.042982E+1
-9.913848E+0
-9.543408E+0
-9.309678E+0
-9.206778E+0
-9.237648E+0
-9.406698E+0
-9.738918E+0
-1.030928E+1
-1.123244E+1
-1.303907E+1
-2.088005E+1
-2.088005E+1
-2.088005E+1
-2.088005E+1
-2.088005E+1
-2.088005E+1
-2.088005E+1
-2.088005E+1
-2.088005E+1
-2.088005E+1
-2.088005E+1
-2.088005E+1
-2.088005E+1
-2.088005E+1
-2.088005E+1
-2.088005E+1
-2.088005E+1
-2.088005E+1
-2.088005E+1
-2.088005E+1
-2.088005E+1
-2.088005E+1
-2.088005E+1
-2.088005E+1
-2.088005E+1
-2.088005E+1
-1.587911E+1
-1.292441E+1
-1.156319E+1
-1.065326E+1
-9.955008E+0
-9.406698E+0
-8.977458E+0
-8.634948E+0
-8.380638E+0
-8.202768E+0
-8.096928E+0
-8.055768E+0
-8.073408E+0
-8.158668E+0
-8.299788E+0
-8.493828E+0
-8.730498E+0
-9.023028E+0
-9.362598E+0
-9.778608E+0
-1.027694E+1
-1.092374E+1
-1.181456E+1
-1.342274E+1
-2.088005E+1
-2.088005E+1
-2.088005E+1
-2.088005E+1
-2.088005E+1
-2.088005E+1
-2.088005E+1
-2.088005E+1
-2.088005E+1
-2.088005E+1
-2.088005E+1
-2.088005E+1
-2.088005E+1
-2.088005E+1
-2.088005E+1
-2.088005E+1
-2.088005E+1
-2.088005E+1
-2.088005E+1
-2.088005E+1
-2.088005E+1
-2.088005E+1
-2.088005E+1
-2.088005E+1
-2.088005E+1
-2.088005E+1
-2.088005E+1
-2.088005E+1
-2.088005E+1
-2.088005E+1
-2.088005E+1
-2.088005E+1
-2.088005E+1
-2.088005E+1
-2.088005E+1
-2.088005E+1
-2.088005E+1
-2.088005E+1
-1.587911E+1
-1.448555E+1
-1.389020E+1
-1.356680E+1
-1.342274E+1
-1.349330E+1
-1.364324E+1
-1.389020E+1
-1.426799E+1
-1.460315E+1
-1.485893E+1
-1.460315E+1
-1.416803E+1
-1.349330E+1
-1.298027E+1
-1.261277E+1
-1.242902E+1
-1.247312E+1
-1.281563E+1
-1.372262E+1
-1.636421E+1
-2.088005E+1
-2.088005E+1
-2.088005E+1
-2.088005E+1
-2.088005E+1
-2.088005E+1
-2.088005E+1
-2.088005E+1
-2.088005E+1
-2.088005E+1
-2.088005E+1
-2.088005E+1
-2.088005E+1
-2.088005E+1
-2.088005E+1
-1.499858E+1
-1.335365E+1
-1.261277E+1
-1.229966E+1
-1.217765E+1
-1.225850E+1
-1.247312E+1
-1.286855E+1
-1.342274E+1
-1.426799E+1
-1.587911E+1
-2.088005E+1
-2.088005E+1
-2.088005E+1
-2.088005E+1
-2.088005E+1
-2.088005E+1
-2.088005E+1
-2.088005E+1
-1.665380E+1
-1.276271E+1
-1.131035E+1
-1.041218E+1
-9.791838E+0
-9.342018E+0
-9.042138E+0
-8.862798E+0
-8.787828E+0
-8.779008E+0
-8.821638E+0
-8.906898E+0
-9.023028E+0
-9.147978E+0
-9.258228E+0
-9.362598E+0
-9.462558E+0
-9.566928E+0
-9.702168E+0
-9.857988E+0
-1.005791E+1
-1.025930E+1
-1.048274E+1
-1.069148E+1
-1.087964E+1
-1.103693E+1
-1.120745E+1
-1.139120E+1
-1.165433E+1
-1.202477E+1
-1.271273E+1
-1.407101E+1
-2.088005E+1
-2.088005E+1
-2.088005E+1
-2.088005E+1
-2.088005E+1
-2.088005E+1
-2.088005E+1
-2.088005E+1
-2.088005E+1
-2.088005E+1
-2.088005E+1
-2.088005E+1
-2.088005E+1
-2.088005E+1
-2.088005E+1
-2.088005E+1
-2.088005E+1
-2.088005E+1
-2.088005E+1
-2.088005E+1
-1.636421E+1
-1.342274E+1
-1.271273E+1
-1.271273E+1
-1.342274E+1
-1.610843E+1
-2.088005E+1
-2.088005E+1
-2.088005E+1
-2.088005E+1
-2.088005E+1
-2.088005E+1
-2.088005E+1
-2.088005E+1
-2.088005E+1
-2.088005E+1
-2.088005E+1
-2.088005E+1
-2.088005E+1
-2.088005E+1
-2.088005E+1
-2.088005E+1
-2.088005E+1
-2.088005E+1
-2.088005E+1
-2.088005E+1
-1.849424E+1
-1.698896E+1
-1.587911E+1
-1.514852E+1
-1.448555E+1
-1.397840E+1
-1.364324E+1
-1.349330E+1
-1.349330E+1
-1.380494E+1
-1.426799E+1
-1.485893E+1
-1.514852E+1
-1.472663E+1
-1.380494E+1
-1.286855E+1
-1.202477E+1
-1.131035E+1
-1.079438E+1
-1.039454E+1
-1.011818E+1
-9.927078E+0
-9.831528E+0
-9.805068E+0
-9.844758E+0
-9.941778E+0
-1.010201E+1
-1.027694E+1
-1.048274E+1
-1.065326E+1
-1.079438E+1
-1.087964E+1
-1.090169E+1
-1.092374E+1
-1.094579E+1
-1.106045E+1
-1.125743E+1
-1.156319E+1
-1.198802E+1
-1.247312E+1
-1.292441E+1
-1.315961E+1
-1.309787E+1
-1.266275E+1
-1.213796E+1
-1.168520E+1
-1.131035E+1
-1.108397E+1
-1.098989E+1
-1.098989E+1
-1.110749E+1
-1.128389E+1
-1.153379E+1
-1.174841E+1
-1.191746E+1
-1.202477E+1
-1.198802E+1
-1.195274E+1
-1.184837E+1
-1.174841E+1
-1.168520E+1
-1.165433E+1
-1.159259E+1
-1.150439E+1
-1.139120E+1
-1.120745E+1
-1.106045E+1
-1.090169E+1
-1.079438E+1
-1.069148E+1
-1.063268E+1
-1.057535E+1
-1.048274E+1
-1.034309E+1
-1.011818E+1
-9.844758E+0
-9.566928E+0
-9.299388E+0
-9.070068E+0
-8.915718E+0
-8.846628E+0
-8.862798E+0
-8.959818E+0
-9.137688E+0
-9.396408E+0
-9.727158E+0
-1.011818E+1
-1.055624E+1
-1.106045E+1
-1.165433E+1
-1.242902E+1
-1.356680E+1
-1.665380E+1
-2.088005E+1
-2.088005E+1
-2.088005E+1
-2.088005E+1
-2.088005E+1
-2.088005E+1
-2.088005E+1
-2.088005E+1
-2.088005E+1
-2.088005E+1
-2.088005E+1
-2.088005E+1
-2.088005E+1
-2.088005E+1
-2.088005E+1
-2.088005E+1
-2.088005E+1
-2.088005E+1
-2.088005E+1
-2.088005E+1
-2.088005E+1
-2.088005E+1
-2.088005E+1
-2.088005E+1
-2.088005E+1
-2.088005E+1
-2.088005E+1
-2.088005E+1
-2.088005E+1
-2.088005E+1
-2.088005E+1
-2.088005E+1
-2.088005E+1
-2.088005E+1
-2.088005E+1
-2.088005E+1
-2.088005E+1
-2.088005E+1
-2.088005E+1
-2.088005E+1
-2.088005E+1
-2.088005E+1
-2.088005E+1
-2.088005E+1
-2.088005E+1
-2.088005E+1
-2.088005E+1
-2.088005E+1
-2.088005E+1
-2.088005E+1
-2.088005E+1
-2.088005E+1
-1.256573E+1
-1.118099E+1
-1.050185E+1
-1.016375E+1
-1.004321E+1
-1.011818E+1
-1.037690E+1
-1.083554E+1
-1.159259E+1
-1.286855E+1
-1.665380E+1
-2.088005E+1
-2.088005E+1
-2.088005E+1
-2.088005E+1
-2.088005E+1
-2.088005E+1
-2.088005E+1
-2.088005E+1
-2.088005E+1
-2.088005E+1
-2.088005E+1
-2.088005E+1
-2.088005E+1
-2.088005E+1
-1.786949E+1
-1.298027E+1
-1.188218E+1
-1.141913E+1
-1.141913E+1
-1.181456E+1
-1.276271E+1
-1.499858E+1
-2.088005E+1
-2.088005E+1
-2.088005E+1
-2.088005E+1
-2.088005E+1
-2.088005E+1
-1.407101E+1
-1.217765E+1
-1.125743E+1
-1.069148E+1
-1.034309E+1
-1.016375E+1
-1.010201E+1
-1.010201E+1
-1.014905E+1
-1.024313E+1
-1.034309E+1
-1.046510E+1
-1.061357E+1
-1.077380E+1
-1.098989E+1
-1.123244E+1
-1.150439E+1
-1.178222E+1
-1.198802E+1
-1.209974E+1
-1.206152E+1
-1.191746E+1
-1.165433E+1
-1.139120E+1
-1.118099E+1
-1.103693E+1
-1.098989E+1
-1.108397E+1
-1.133681E+1
-1.178222E+1
-1.256573E+1
-1.407101E+1
-2.088005E+1
-2.088005E+1
-2.088005E+1
-2.088005E+1
-2.088005E+1
-2.088005E+1
-2.088005E+1
-2.088005E+1
-2.088005E+1
-2.088005E+1
-2.088005E+1
-2.088005E+1
-2.088005E+1
-2.088005E+1
-2.088005E+1
-2.088005E+1
-2.088005E+1
-2.088005E+1
-2.088005E+1
-2.088005E+1
-2.088005E+1
-2.088005E+1
-2.088005E+1
-2.088005E+1
-2.088005E+1
-2.088005E+1
-1.437383E+1
-1.202477E+1
-1.096784E+1
-1.034309E+1
-9.955008E+0
-9.713928E+0
-9.566928E+0
-9.508128E+0
-9.496368E+0
-9.519888E+0
-9.566928E+0
-9.627198E+0
-9.702168E+0
-9.791838E+0
-9.885918E+0
-9.999108E+0
-1.013288E+1
-1.029311E+1
-1.051949E+1
-1.079438E+1
-1.123244E+1
-1.184837E+1
-1.281563E+1
-1.448555E+1
-2.088005E+1
-2.088005E+1
-2.088005E+1
-2.088005E+1
-2.088005E+1
-2.088005E+1
-1.448555E+1
-1.261277E+1
-1.159259E+1
-1.087964E+1
-1.041218E+1
-1.010201E+1
-9.927078E+0
-9.872688E+0
-9.927078E+0
-1.011818E+1
-1.046510E+1
-1.098989E+1
-1.181456E+1
-1.322135E+1
-1.849424E+1
-2.088005E+1
-2.088005E+1
-2.088005E+1
-2.088005E+1
-2.088005E+1
-2.088005E+1
-2.088005E+1
-2.088005E+1
-2.088005E+1
-2.088005E+1
-2.088005E+1
-2.088005E+1
-2.088005E+1
-2.088005E+1
-2.088005E+1
-2.088005E+1
-2.088005E+1
-1.448555E+1
-1.281563E+1
-1.198802E+1
-1.144706E+1
-1.101341E+1
-1.067237E+1
-1.039454E+1
-1.016375E+1
-9.969708E+0
-9.818298E+0
-9.688938E+0
-9.602208E+0
-9.519888E+0
-9.450798E+0
-9.384648E+0
-9.299388E+0
-9.227358E+0
-9.177378E+0
-9.137688E+0
-9.137688E+0
-9.167088E+0
-9.258228E+0
-9.406698E+0
-9.638958E+0
-9.955008E+0
-1.037690E+1
-1.098989E+1
-1.181456E+1
-1.309787E+1
-1.548368E+1
-2.088005E+1
-2.088005E+1
-2.088005E+1
-2.088005E+1
-2.088005E+1
-1.567331E+1
-1.364324E+1
-1.256573E+1
-1.184837E+1
-1.131035E+1
-1.090169E+1
