Date/Time	2022-06-28 07:04:43
Line location	1
Line name	A1
OTDR wavelength [nm]	1310
OTDR pulse duration [ns]	2
OTDR scan time [s]	10
OTDR scan length [m]	1.500000E+2
Length offset [m]	0.000000E+0
Length increment [m]	3.996806E-2
Switch ID	VIAVI Solutions,OTU 8000E,11654,FO,16.76
OTDR ID	JDSU,OTU 8000E,11654,OTU(SmartOTU),V7.22

Reflected amplitude [dB]
7.693820E-1
7.252820E-1
6.723620E-1
6.209120E-1
5.724020E-1
5.312420E-1
4.989020E-1
4.753820E-1
4.592120E-1
4.518620E-1
4.548020E-1
4.739120E-1
5.180120E-1
5.694620E-1
6.165020E-1
6.547220E-1
6.826520E-1
7.047020E-1
7.135220E-1
7.032320E-1
6.723620E-1
6.253220E-1
5.650520E-1
4.944920E-1
4.121720E-1
3.195620E-1
2.210720E-1
1.225820E-1
2.997200E-2
-5.234800E-2
-1.214380E-1
-1.772980E-1
-2.213980E-1
-2.552080E-1
-2.801980E-1
-2.963680E-1
-3.081280E-1
-3.125380E-1
-3.154780E-1
-3.140080E-1
-3.110680E-1
-3.095980E-1
-3.081280E-1
-3.081280E-1
-3.110680E-1
-3.169480E-1
-3.257680E-1
-3.375280E-1
-3.522280E-1
-3.713380E-1
-3.933880E-1
-4.154380E-1
-4.404280E-1
-4.639480E-1
-4.874680E-1
-5.080480E-1
-5.271580E-1
-5.447980E-1
-5.609680E-1
-5.741980E-1
-5.859580E-1
-5.962480E-1
-6.065380E-1
-6.168280E-1
-6.271180E-1
-6.374080E-1
-6.476980E-1
-6.579880E-1
-6.682780E-1
-6.770980E-1
-6.844480E-1
-6.888580E-1
-6.903280E-1
-6.888580E-1
-6.844480E-1
-6.770980E-1
-6.682780E-1
-6.594580E-1
-6.521080E-1
-6.447580E-1
-6.403480E-1
-6.374080E-1
-6.359380E-1
-6.359380E-1
-6.388780E-1
-6.418180E-1
-6.447580E-1
-6.491680E-1
-6.535780E-1
-6.579880E-1
-6.638680E-1
-6.682780E-1
-6.741580E-1
-6.785680E-1
-6.815080E-1
-6.844480E-1
-6.873880E-1
-6.903280E-1
-6.932680E-1
-6.962080E-1
-7.020880E-1
-7.079680E-1
-7.138480E-1
-7.197280E-1
-7.256080E-1
-7.285480E-1
-7.300180E-1
-7.285480E-1
-7.256080E-1
-7.211980E-1
-7.153180E-1
-7.064980E-1
-6.976780E-1
-6.888580E-1
-6.785680E-1
-6.682780E-1
-6.594580E-1
-6.506380E-1
-6.432880E-1
-6.403480E-1
-6.388780E-1
-6.418180E-1
-6.491680E-1
-6.579880E-1
-6.682780E-1
-6.800380E-1
-6.917980E-1
-7.020880E-1
-7.109080E-1
-7.167880E-1
-7.211980E-1
-7.226680E-1
-7.226680E-1
-7.197280E-1
-7.167880E-1
-7.138480E-1
-7.109080E-1
-7.094380E-1
-7.079680E-1
-7.094380E-1
-7.109080E-1
-7.138480E-1
-7.167880E-1
-7.197280E-1
-6.682780E-1
-3.860380E-1
2.901620E-1
1.298582E+0
2.423132E+0
3.502112E+0
4.464962E+0
5.289632E+0
5.976122E+0
6.545012E+0
7.015412E+0
7.396142E+0
7.694552E+0
7.916522E+0
8.064992E+0
8.148782E+0
8.170832E+0
8.138492E+0
8.054702E+0
7.920932E+0
7.738652E+0
7.509332E+0
7.234442E+0
6.916922E+0
6.559712E+0
6.164282E+0
5.735042E+0
5.277872E+0
4.801592E+0
4.310612E+0
3.813752E+0
3.319832E+0
2.847962E+0
2.415782E+0
2.037992E+0
1.714592E+0
1.441172E+0
1.208912E+0
1.008992E+0
8.370020E-1
6.841220E-1
5.385920E-1
3.901220E-1
2.357720E-1
8.142200E-2
-6.263800E-2
-1.919980E-1
-3.066580E-1
-4.022080E-1
-4.801180E-1
-5.433280E-1
-5.933080E-1
-6.315280E-1
-6.623980E-1
-6.844480E-1
-7.006180E-1
-7.123780E-1
-7.197280E-1
-7.270780E-1
-7.344280E-1
-7.417780E-1
-7.491280E-1
-7.579480E-1
-7.682380E-1
-7.785280E-1
-7.873480E-1
-7.961680E-1
-8.020480E-1
-8.064580E-1
-8.064580E-1
-8.035180E-1
-7.976380E-1
-7.902880E-1
-7.814680E-1
-7.726480E-1
-7.652980E-1
-7.594180E-1
-7.550080E-1
-7.520680E-1
-7.520680E-1
-7.550080E-1
-7.608880E-1
-7.667680E-1
-7.741180E-1
-7.829380E-1
-7.902880E-1
-7.976380E-1
-8.035180E-1
-8.079280E-1
-8.093980E-1
-8.108680E-1
-8.093980E-1
-8.093980E-1
-8.079280E-1
-8.079280E-1
-8.079280E-1
-8.079280E-1
-8.079280E-1
-8.064580E-1
-8.049880E-1
-8.035180E-1
-8.005780E-1
-7.991080E-1
-7.991080E-1
-8.005780E-1
-8.064580E-1
-8.123380E-1
-8.211580E-1
-8.299780E-1
-8.387980E-1
-8.461480E-1
-8.505580E-1
-8.534980E-1
-8.505580E-1
-8.476180E-1
-8.417380E-1
-8.343880E-1
-8.255680E-1
-8.182180E-1
-8.123380E-1
-8.079280E-1
-8.035180E-1
-8.020480E-1
-8.035180E-1
-8.049880E-1
-8.079280E-1
-8.108680E-1
-8.138080E-1
-8.152780E-1
-8.152780E-1
-8.152780E-1
-8.138080E-1
-8.108680E-1
-8.079280E-1
-8.064580E-1
-8.035180E-1
-8.005780E-1
-7.961680E-1
-7.888180E-1
-7.799980E-1
-7.697080E-1
-7.579480E-1
-7.461880E-1
-7.358980E-1
-7.285480E-1
-7.241380E-1
-7.241380E-1
-7.300180E-1
-7.373680E-1
-7.491280E-1
-7.623580E-1
-7.726480E-1
-7.829380E-1
-7.902880E-1
-7.932280E-1
-7.946980E-1
-7.917580E-1
-7.858780E-1
-7.785280E-1
-7.711780E-1
-7.623580E-1
-7.550080E-1
-7.461880E-1
-7.388380E-1
-7.329580E-1
-7.285480E-1
-7.270780E-1
-7.270780E-1
-7.285480E-1
-7.329580E-1
-7.388380E-1
-7.476580E-1
-7.550080E-1
-7.652980E-1
-7.741180E-1
-7.814680E-1
-7.888180E-1
-7.961680E-1
-7.991080E-1
-8.020480E-1
-8.005780E-1
-7.976380E-1
-7.917580E-1
-7.814680E-1
-7.711780E-1
-7.594180E-1
-7.491280E-1
-7.388380E-1
-7.300180E-1
-7.256080E-1
-7.226680E-1
-7.211980E-1
-7.226680E-1
-7.256080E-1
-7.285480E-1
-7.314880E-1
-7.329580E-1
-7.344280E-1
-7.344280E-1
-7.300180E-1
-7.241380E-1
-7.153180E-1
-7.035580E-1
-6.903280E-1
-6.756280E-1
-6.623980E-1
-6.506380E-1
-6.403480E-1
-6.344680E-1
-6.315280E-1
-6.329980E-1
-6.359380E-1
-6.418180E-1
-6.491680E-1
-6.550480E-1
-6.623980E-1
-6.668080E-1
-6.712180E-1
-6.756280E-1
-6.785680E-1
-6.815080E-1
-6.859180E-1
-6.903280E-1
-6.962080E-1
-7.035580E-1
-7.109080E-1
-7.182580E-1
-7.256080E-1
-7.329580E-1
-7.388380E-1
-7.432480E-1
-7.491280E-1
-7.535380E-1
-7.579480E-1
-7.623580E-1
-7.682380E-1
-7.755880E-1
-7.814680E-1
-7.888180E-1
-7.932280E-1
-7.976380E-1
-7.991080E-1
-7.991080E-1
-7.961680E-1
-7.917580E-1
-7.858780E-1
-7.799980E-1
-7.741180E-1
-7.682380E-1
-7.638280E-1
-7.594180E-1
-7.579480E-1
-7.564780E-1
-7.579480E-1
-7.594180E-1
-7.623580E-1
-7.682380E-1
-7.741180E-1
-7.799980E-1
-7.858780E-1
-7.902880E-1
-7.917580E-1
-7.902880E-1
-7.873480E-1
-7.799980E-1
-7.697080E-1
-7.594180E-1
-7.491280E-1
-7.403080E-1
-7.314880E-1
-7.270780E-1
-7.241380E-1
-7.241380E-1
-7.270780E-1
-7.314880E-1
-7.373680E-1
-7.461880E-1
-7.579480E-1
-7.697080E-1
-7.844080E-1
-7.976380E-1
-8.123380E-1
-8.255680E-1
-8.373280E-1
-8.461480E-1
-8.520280E-1
-8.549680E-1
-8.549680E-1
-8.520280E-1
-8.490880E-1
-8.461480E-1
-8.446780E-1
-8.432080E-1
-8.461480E-1
-8.505580E-1
-8.564380E-1
-8.652580E-1
-8.740780E-1
-8.828980E-1
-8.917180E-1
-8.990680E-1
-9.049480E-1
-9.078880E-1
-9.093580E-1
-9.093580E-1
-9.078880E-1
-9.020080E-1
-8.946580E-1
-8.843680E-1
-8.726080E-1
-8.579080E-1
-8.417380E-1
-8.255680E-1
-8.093980E-1
-7.946980E-1
-7.814680E-1
-7.711780E-1
-7.638280E-1
-7.594180E-1
-7.564780E-1
-7.550080E-1
-7.550080E-1
-7.535380E-1
-7.535380E-1
-7.520680E-1
-7.505980E-1
-7.505980E-1
-7.491280E-1
-7.505980E-1
-7.520680E-1
-7.550080E-1
-7.579480E-1
-7.594180E-1
-7.623580E-1
-7.638280E-1
-7.638280E-1
-7.638280E-1
-7.638280E-1
-7.652980E-1
-7.667680E-1
-7.697080E-1
-7.741180E-1
-7.799980E-1
-7.844080E-1
-7.902880E-1
-7.946980E-1
-7.991080E-1
-8.035180E-1
-8.079280E-1
-8.123380E-1
-8.167480E-1
-8.211580E-1
-8.270380E-1
-8.329180E-1
-8.373280E-1
-8.417380E-1
-8.461480E-1
-8.490880E-1
-8.505580E-1
-8.505580E-1
-8.505580E-1
-8.490880E-1
-8.490880E-1
-8.476180E-1
-8.476180E-1
-8.476180E-1
-8.476180E-1
-8.461480E-1
-8.461480E-1
-8.446780E-1
-8.446780E-1
-8.432080E-1
-8.417380E-1
-8.402680E-1
-8.387980E-1
-8.373280E-1
-8.358580E-1
-8.343880E-1
-8.329180E-1
-8.314480E-1
-8.285080E-1
-8.255680E-1
-8.211580E-1
-8.167480E-1
-8.108680E-1
-8.035180E-1
-7.961680E-1
-7.873480E-1
-7.785280E-1
-7.697080E-1
-7.623580E-1
-7.550080E-1
-7.476580E-1
-7.432480E-1
-7.417780E-1
-7.417780E-1
-7.432480E-1
-7.476580E-1
-7.535380E-1
-7.608880E-1
-7.697080E-1
-7.770580E-1
-7.844080E-1
-7.888180E-1
-7.917580E-1
-7.917580E-1
-7.888180E-1
-7.844080E-1
-7.785280E-1
-7.726480E-1
-7.667680E-1
-7.623580E-1
-7.608880E-1
-7.608880E-1
-7.638280E-1
-7.667680E-1
-7.726480E-1
-7.770580E-1
-7.814680E-1
-7.858780E-1
-7.873480E-1
-7.873480E-1
-7.858780E-1
-7.844080E-1
-7.829380E-1
-7.814680E-1
-7.814680E-1
-7.829380E-1
-7.858780E-1
-7.917580E-1
-7.991080E-1
-8.064580E-1
-8.152780E-1
-8.226280E-1
-8.299780E-1
-8.329180E-1
-8.343880E-1
-8.329180E-1
-8.285080E-1
-8.240980E-1
-8.182180E-1
-8.138080E-1
-8.123380E-1
-8.123380E-1
-8.152780E-1
-8.196880E-1
-8.255680E-1
-8.314480E-1
-8.387980E-1
-8.446780E-1
-8.476180E-1
-8.490880E-1
-8.490880E-1
-8.461480E-1
-8.402680E-1
-8.329180E-1
-8.255680E-1
-8.152780E-1
-8.064580E-1
-7.976380E-1
-7.873480E-1
-7.785280E-1
-7.711780E-1
-7.638280E-1
-7.564780E-1
-7.520680E-1
-7.476580E-1
-7.461880E-1
-7.447180E-1
-7.461880E-1
-7.491280E-1
-7.520680E-1
-7.579480E-1
-7.638280E-1
-7.711780E-1
-7.785280E-1
-7.858780E-1
-7.946980E-1
-8.005780E-1
-8.064580E-1
-8.093980E-1
-8.108680E-1
-8.108680E-1
-8.079280E-1
-8.049880E-1
-8.005780E-1
-7.961680E-1
-7.917580E-1
-7.888180E-1
-7.858780E-1
-7.829380E-1
-7.814680E-1
-7.799980E-1
-7.785280E-1
-7.770580E-1
-7.741180E-1
-7.741180E-1
-7.741180E-1
-7.741180E-1
-7.785280E-1
-7.829380E-1
-7.888180E-1
-7.961680E-1
-8.035180E-1
-8.108680E-1
-8.152780E-1
-8.182180E-1
-8.196880E-1
-8.182180E-1
-8.167480E-1
-8.138080E-1
-8.123380E-1
-8.108680E-1
-8.093980E-1
-8.108680E-1
-8.108680E-1
-8.138080E-1
-8.167480E-1
-8.196880E-1
-8.211580E-1
-8.226280E-1
-8.226280E-1
-8.226280E-1
-8.196880E-1
-8.138080E-1
-8.064580E-1
-7.976380E-1
-7.873480E-1
-7.755880E-1
-7.638280E-1
-7.520680E-1
-7.403080E-1
-7.329580E-1
-7.270780E-1
-7.256080E-1
-7.256080E-1
-7.300180E-1
-7.373680E-1
-7.461880E-1
-7.564780E-1
-7.667680E-1
-7.755880E-1
-7.829380E-1
-7.873480E-1
-7.902880E-1
-7.888180E-1
-7.858780E-1
-7.814680E-1
-7.741180E-1
-7.682380E-1
-7.623580E-1
-7.564780E-1
-7.535380E-1
-7.535380E-1
-7.550080E-1
-7.594180E-1
-7.652980E-1
-7.726480E-1
-7.799980E-1
-7.888180E-1
-7.946980E-1
-8.005780E-1
-8.049880E-1
-8.079280E-1
-8.093980E-1
-8.108680E-1
-8.123380E-1
-8.123380E-1
-8.138080E-1
-8.167480E-1
-8.182180E-1
-8.196880E-1
-8.226280E-1
-8.255680E-1
-8.270380E-1
-8.299780E-1
-8.343880E-1
-8.373280E-1
-8.417380E-1
-8.461480E-1
-8.505580E-1
-8.549680E-1
-8.579080E-1
-8.593780E-1
-8.608480E-1
-8.593780E-1
-8.564380E-1
-8.520280E-1
-8.476180E-1
-8.417380E-1
-8.373280E-1
-8.343880E-1
-8.299780E-1
-8.285080E-1
-8.270380E-1
-8.240980E-1
-8.211580E-1
-8.182180E-1
-8.152780E-1
-8.123380E-1
-8.108680E-1
-8.108680E-1
-8.123380E-1
-8.182180E-1
-8.240980E-1
-8.329180E-1
-8.432080E-1
-8.520280E-1
-8.593780E-1
-8.652580E-1
-8.681980E-1
-8.681980E-1
-8.652580E-1
-8.608480E-1
-8.534980E-1
-8.446780E-1
-8.373280E-1
-8.285080E-1
-8.211580E-1
-8.138080E-1
-8.064580E-1
-8.005780E-1
-7.961680E-1
-7.932280E-1
-7.902880E-1
-7.888180E-1
-7.873480E-1
-7.888180E-1
-7.902880E-1
-7.932280E-1
-7.961680E-1
-8.005780E-1
-8.049880E-1
-8.108680E-1
-8.152780E-1
-8.196880E-1
-8.240980E-1
-8.285080E-1
-8.314480E-1
-8.358580E-1
-8.402680E-1
-8.432080E-1
-8.476180E-1
-8.520280E-1
-8.564380E-1
-8.608480E-1
-8.637880E-1
-8.652580E-1
-8.667280E-1
-8.652580E-1
-8.608480E-1
-8.564380E-1
-8.490880E-1
-8.417380E-1
-8.358580E-1
-8.314480E-1
-8.285080E-1
-8.285080E-1
-8.299780E-1
-8.329180E-1
-8.373280E-1
-8.402680E-1
-8.432080E-1
-8.432080E-1
-8.417380E-1
-8.373280E-1
-8.314480E-1
-8.240980E-1
-8.167480E-1
-8.079280E-1
-8.005780E-1
-7.932280E-1
-7.888180E-1
-7.858780E-1
-7.829380E-1
-7.829380E-1
-7.814680E-1
-7.814680E-1
-7.814680E-1
-7.799980E-1
-7.770580E-1
-7.726480E-1
-7.682380E-1
-7.623580E-1
-7.564780E-1
-7.505980E-1
-7.447180E-1
-7.388380E-1
-7.329580E-1
-7.285480E-1
-7.226680E-1
-7.182580E-1
-7.138480E-1
-7.094380E-1
-7.079680E-1
-7.079680E-1
-7.109080E-1
-7.167880E-1
-7.256080E-1
-7.344280E-1
-7.461880E-1
-7.594180E-1
-7.711780E-1
-7.829380E-1
-7.932280E-1
-8.020480E-1
-8.108680E-1
-8.182180E-1
-8.255680E-1
-8.314480E-1
-8.387980E-1
-8.432080E-1
-8.476180E-1
-8.505580E-1
-8.505580E-1
-8.476180E-1
-8.417380E-1
-8.343880E-1
-8.270380E-1
-8.167480E-1
-8.093980E-1
-8.020480E-1
-7.976380E-1
-7.961680E-1
-7.961680E-1
-7.976380E-1
-8.005780E-1
-8.035180E-1
-8.064580E-1
-8.093980E-1
-8.108680E-1
-8.123380E-1
-8.123380E-1
-8.108680E-1
-8.093980E-1
-8.064580E-1
-8.035180E-1
-7.991080E-1
-7.946980E-1
-7.917580E-1
-7.888180E-1
-7.873480E-1
-7.873480E-1
-7.888180E-1
-7.917580E-1
-7.961680E-1
-8.005780E-1
-8.035180E-1
-8.079280E-1
-8.093980E-1
-8.093980E-1
-8.079280E-1
-8.064580E-1
-8.035180E-1
-8.020480E-1
-8.020480E-1
-8.020480E-1
-8.049880E-1
-8.079280E-1
-8.108680E-1
-8.138080E-1
-8.167480E-1
-8.167480E-1
-8.167480E-1
-8.138080E-1
-8.108680E-1
-8.079280E-1
-8.049880E-1
-8.020480E-1
-8.005780E-1
-8.020480E-1
-8.049880E-1
-8.093980E-1
-8.152780E-1
-8.226280E-1
-8.285080E-1
-8.343880E-1
-8.373280E-1
-8.373280E-1
-8.358580E-1
-8.329180E-1
-8.270380E-1
-8.211580E-1
-8.152780E-1
-8.093980E-1
-8.064580E-1
-8.035180E-1
-8.020480E-1
-8.005780E-1
-8.005780E-1
-8.005780E-1
-8.005780E-1
-8.005780E-1
-8.005780E-1
-8.020480E-1
-8.049880E-1
-8.093980E-1
-8.152780E-1
-8.226280E-1
-8.299780E-1
-8.358580E-1
-8.402680E-1
-8.432080E-1
-8.446780E-1
-8.432080E-1
-8.402680E-1
-8.358580E-1
-8.299780E-1
-8.255680E-1
-8.211580E-1
-8.167480E-1
-8.108680E-1
-8.064580E-1
-8.005780E-1
-7.946980E-1
-7.888180E-1
-7.829380E-1
-7.755880E-1
-7.697080E-1
-7.652980E-1
-7.594180E-1
-7.564780E-1
-7.520680E-1
-7.505980E-1
-7.476580E-1
-7.461880E-1
-7.432480E-1
-7.403080E-1
-7.388380E-1
-7.358980E-1
-7.344280E-1
-7.344280E-1
-7.358980E-1
-7.403080E-1
-7.476580E-1
-7.564780E-1
-7.682380E-1
-7.799980E-1
-7.932280E-1
-8.035180E-1
-8.123380E-1
-8.196880E-1
-8.226280E-1
-8.240980E-1
-8.226280E-1
-8.211580E-1
-8.196880E-1
-8.182180E-1
-8.167480E-1
-8.167480E-1
-8.182180E-1
-8.196880E-1
-8.226280E-1
-8.240980E-1
-8.255680E-1
-8.255680E-1
-8.240980E-1
-8.226280E-1
-8.196880E-1
-8.167480E-1
-8.123380E-1
-8.093980E-1
-8.064580E-1
-8.035180E-1
-8.020480E-1
-8.020480E-1
-8.020480E-1
-8.035180E-1
-8.035180E-1
-8.020480E-1
-8.005780E-1
-7.991080E-1
-7.961680E-1
-7.932280E-1
-7.917580E-1
-7.917580E-1
-7.932280E-1
-7.961680E-1
-8.035180E-1
-8.108680E-1
-8.211580E-1
-8.314480E-1
-8.446780E-1
-8.579080E-1
-8.711380E-1
-8.873080E-1
-9.034780E-1
-9.225880E-1
-9.431680E-1
-9.666880E-1
-9.931480E-1
-1.019608E+0
-1.049008E+0
-1.078408E+0
-1.107808E+0
-1.138678E+0
-1.168078E+0
-1.197478E+0
-1.225408E+0
-1.253338E+0
-1.278328E+0
-1.303318E+0
-1.326838E+0
-1.350358E+0
-1.370938E+0
-1.392988E+0
-1.412098E+0
-1.429738E+0
-1.444438E+0
-1.454728E+0
-1.463548E+0
-1.467958E+0
-1.469428E+0
-1.466488E+0
-1.465018E+0
-1.460608E+0
-1.459138E+0
-1.459138E+0
-1.462078E+0
-1.466488E+0
-1.472368E+0
-1.479718E+0
-1.485598E+0
-1.490008E+0
-1.492948E+0
-1.492948E+0
-1.491478E+0
-1.488538E+0
-1.484128E+0
-1.479718E+0
-1.478248E+0
-1.478248E+0
-1.479718E+0
-1.484128E+0
-1.490008E+0
-1.494418E+0
-1.500298E+0
-1.503238E+0
-1.504708E+0
-1.503238E+0
-1.501768E+0
-1.498828E+0
-1.494418E+0
-1.491478E+0
-1.490008E+0
-1.488538E+0
-1.490008E+0
-1.492948E+0
-1.498828E+0
-1.506178E+0
-1.516468E+0
-1.528228E+0
-1.539988E+0
-1.554688E+0
-1.567918E+0
-1.582618E+0
-1.594378E+0
-1.606138E+0
-1.613488E+0
-1.619368E+0
-1.622308E+0
-1.623778E+0
-1.623778E+0
-1.622308E+0
-1.620838E+0
-1.620838E+0
-1.622308E+0
-1.623778E+0
-1.626718E+0
-1.628188E+0
-1.631128E+0
-1.631128E+0
-1.631128E+0
-1.629658E+0
-1.628188E+0
-1.626718E+0
-1.625248E+0
-1.625248E+0
-1.626718E+0
-1.631128E+0
-1.638478E+0
-1.647298E+0
-1.659058E+0
-1.672288E+0
-1.686988E+0
-1.701688E+0
-1.714918E+0
-1.726678E+0
-1.735498E+0
-1.741378E+0
-1.742848E+0
-1.741378E+0
-1.734028E+0
-1.725208E+0
-1.711978E+0
-1.698748E+0
-1.685518E+0
-1.673758E+0
-1.663468E+0
-1.656118E+0
-1.650238E+0
-1.647298E+0
-1.644358E+0
-1.642888E+0
-1.641418E+0
-1.641418E+0
-1.641418E+0
-1.642888E+0
-1.644358E+0
-1.648768E+0
-1.653178E+0
-1.657588E+0
-1.663468E+0
-1.667878E+0
-1.673758E+0
-1.678168E+0
-1.682578E+0
-1.685518E+0
-1.688458E+0
-1.689928E+0
-1.689928E+0
-1.688458E+0
-1.684048E+0
-1.679638E+0
-1.675228E+0
-1.669348E+0
-1.666408E+0
-1.663468E+0
-1.660528E+0
-1.660528E+0
-1.660528E+0
-1.661998E+0
-1.661998E+0
-1.663468E+0
-1.663468E+0
-1.663468E+0
-1.664938E+0
-1.667878E+0
-1.672288E+0
-1.676698E+0
-1.684048E+0
-1.694338E+0
-1.704628E+0
-1.713448E+0
-1.722268E+0
-1.729618E+0
-1.732558E+0
-1.734028E+0
-1.732558E+0
-1.729618E+0
-1.728148E+0
-1.725208E+0
-1.725208E+0
-1.726678E+0
-1.731088E+0
-1.738438E+0
-1.747258E+0
-1.759018E+0
-1.770778E+0
-1.782538E+0
-1.795768E+0
-1.808998E+0
-1.822228E+0
-1.833988E+0
-1.847218E+0
-1.857508E+0
-1.867798E+0
-1.878088E+0
-1.885438E+0
-1.892788E+0
-1.897198E+0
-1.900138E+0
-1.903078E+0
-1.903078E+0
-1.901608E+0
-1.898668E+0
-1.892788E+0
-1.885438E+0
-1.875148E+0
-1.863388E+0
-1.850158E+0
-1.836928E+0
-1.825168E+0
-1.817818E+0
-1.813408E+0
-1.811938E+0
-1.816348E+0
-1.825168E+0
-1.833988E+0
-1.845748E+0
-1.856038E+0
-1.866328E+0
-1.875148E+0
-1.882498E+0
-1.889848E+0
-1.897198E+0
-1.904548E+0
-1.911898E+0
-1.919248E+0
-1.926598E+0
-1.933948E+0
-1.941298E+0
-1.947178E+0
-1.951588E+0
-1.957468E+0
-1.964818E+0
-1.972168E+0
-1.980988E+0
-1.989808E+0
-1.997158E+0
-2.004508E+0
-2.007448E+0
-2.010388E+0
-2.008918E+0
-2.005978E+0
-2.003038E+0
-1.998628E+0
-1.994218E+0
-1.989808E+0
-1.985398E+0
-1.979518E+0
-1.972168E+0
-1.963348E+0
-1.955998E+0
-1.947178E+0
-1.939828E+0
-1.932478E+0
-1.926598E+0
-1.922188E+0
-1.916308E+0
-1.911898E+0
-1.906018E+0
-1.900138E+0
-1.895728E+0
-1.892788E+0
-1.892788E+0
-1.897198E+0
-1.906018E+0
-1.917778E+0
-1.932478E+0
-1.948648E+0
-1.963348E+0
-1.976578E+0
-1.986868E+0
-1.991278E+0
-1.992748E+0
-1.991278E+0
-1.985398E+0
-1.979518E+0
-1.970698E+0
-1.963348E+0
-1.957468E+0
-1.951588E+0
-1.945708E+0
-1.942768E+0
-1.941298E+0
-1.941298E+0
-1.945708E+0
-1.953058E+0
-1.964818E+0
-1.979518E+0
-1.997158E+0
-2.016268E+0
-2.033908E+0
-2.051548E+0
-2.067718E+0
-2.079478E+0
-2.088298E+0
-2.094178E+0
-2.098588E+0
-2.100058E+0
-2.101528E+0
-2.104468E+0
-2.105938E+0
-2.107408E+0
-2.107408E+0
-2.107408E+0
-2.104468E+0
-2.100058E+0
-2.094178E+0
-2.083888E+0
-2.073598E+0
-2.061838E+0
-2.051548E+0
-2.042728E+0
-2.039788E+0
-2.039788E+0
-2.047138E+0
-2.058898E+0
-2.075068E+0
-2.092708E+0
-2.110348E+0
-2.127988E+0
-2.142688E+0
-2.154448E+0
-2.163268E+0
-2.167678E+0
-2.169148E+0
-2.166208E+0
-2.160328E+0
-2.150038E+0
-2.136808E+0
-2.122108E+0
-2.105938E+0
-2.089768E+0
-2.078008E+0
-2.069188E+0
-2.067718E+0
-2.073598E+0
-2.085358E+0
-2.102998E+0
-2.126518E+0
-2.150038E+0
-2.175028E+0
-2.197078E+0
-2.216188E+0
-2.229418E+0
-2.239708E+0
-2.247058E+0
-2.251468E+0
-2.254408E+0
-2.258818E+0
-2.263228E+0
-2.270578E+0
-2.277928E+0
-2.288218E+0
-2.297038E+0
-2.304388E+0
-2.310268E+0
-2.313208E+0
-2.310268E+0
-2.302918E+0
-2.294098E+0
-2.280868E+0
-2.267638E+0
-2.254408E+0
-2.242648E+0
-2.233828E+0
-2.227948E+0
-2.225008E+0
-2.225008E+0
-2.227948E+0
-2.233828E+0
-2.241178E+0
-2.248528E+0
-2.257348E+0
-2.264698E+0
-2.272048E+0
-2.277928E+0
-2.282338E+0
-2.285278E+0
-2.286748E+0
-2.286748E+0
-2.288218E+0
-2.286748E+0
-2.285278E+0
-2.283808E+0
-2.279398E+0
-2.274988E+0
-2.267638E+0
-2.261758E+0
-2.254408E+0
-2.248528E+0
-2.245588E+0
-2.245588E+0
-2.249998E+0
-2.257348E+0
-2.269108E+0
-2.282338E+0
-2.295568E+0
-2.307328E+0
-2.319088E+0
-2.326438E+0
-2.330848E+0
-2.329378E+0
-2.324968E+0
-2.319088E+0
-2.313208E+0
-2.304388E+0
-2.297038E+0
-2.291158E+0
-2.285278E+0
-2.279398E+0
-2.274988E+0
-2.270578E+0
-2.264698E+0
-2.261758E+0
-2.258818E+0
-2.257348E+0
-2.258818E+0
-2.263228E+0
-2.270578E+0
-2.279398E+0
-2.288218E+0
-2.298508E+0
-2.308798E+0
-2.317618E+0
-2.323498E+0
-2.326438E+0
-2.329378E+0
-2.332318E+0
-2.335258E+0
-2.339668E+0
-2.347018E+0
-2.355838E+0
-2.366128E+0
-2.376418E+0
-2.385238E+0
-2.391118E+0
-2.392588E+0
-2.386708E+0
-2.376418E+0
-2.363188E+0
-2.347018E+0
-2.330848E+0
-2.313208E+0
-2.298508E+0
-2.286748E+0
-2.277928E+0
-2.272048E+0
-2.270578E+0
-2.272048E+0
-2.277928E+0
-2.288218E+0
-2.301448E+0
-2.319088E+0
-2.339668E+0
-2.361718E+0
-2.385238E+0
-2.407288E+0
-2.427868E+0
-2.445508E+0
-2.458738E+0
-2.469028E+0
-2.474908E+0
-2.477848E+0
-2.479318E+0
-2.480788E+0
-2.482258E+0
-2.486668E+0
-2.491078E+0
-2.494018E+0
-2.498428E+0
-2.502838E+0
-2.502838E+0
-2.499898E+0
-2.494018E+0
-2.483728E+0
-2.473438E+0
-2.461678E+0
-2.449918E+0
-2.441098E+0
-2.436688E+0
-2.436688E+0
-2.441098E+0
-2.448448E+0
-2.458738E+0
-2.471968E+0
-2.486668E+0
-2.498428E+0
-2.510188E+0
-2.519008E+0
-2.524888E+0
-2.526358E+0
-2.527828E+0
-2.526358E+0
-2.523418E+0
-2.520478E+0
-2.517538E+0
-2.516068E+0
-2.517538E+0
-2.520478E+0
-2.524888E+0
-2.532238E+0
-2.536648E+0
-2.541058E+0
-2.543998E+0
-2.542528E+0
-2.536648E+0
-2.529298E+0
-2.520478E+0
-2.513128E+0
-2.508718E+0
-2.507248E+0
-2.511658E+0
-2.520478E+0
-2.533708E+0
-2.548408E+0
-2.564578E+0
-2.577808E+0
-2.586628E+0
-2.591038E+0
-2.589568E+0
-2.583688E+0
-2.573398E+0
-2.560168E+0
-2.548408E+0
-2.538118E+0
-2.530768E+0
-2.527828E+0
-2.529298E+0
-2.536648E+0
-2.545468E+0
-2.558698E+0
-2.573398E+0
-2.588098E+0
-2.601328E+0
-2.613088E+0
-2.621908E+0
-2.627788E+0
-2.629258E+0
-2.626318E+0
-2.617498E+0
-2.605738E+0
-2.589568E+0
-2.570458E+0
-2.549878E+0
-2.530768E+0
-2.511658E+0
-2.496958E+0
-2.483728E+0
-2.474908E+0
-2.470498E+0
-2.470498E+0
-2.473438E+0
-2.480788E+0
-2.489608E+0
-2.504308E+0
-2.521948E+0
-2.541058E+0
-2.564578E+0
-2.588098E+0
-2.611618E+0
-2.633668E+0
-2.651308E+0
-2.667478E+0
-2.677768E+0
-2.686588E+0
-2.692468E+0
-2.696878E+0
-2.699818E+0
-2.701288E+0
-2.701288E+0
-2.696878E+0
-2.689528E+0
-2.679238E+0
-2.667478E+0
-2.654248E+0
-2.642488E+0
-2.633668E+0
-2.627788E+0
-2.629258E+0
-2.633668E+0
-2.643958E+0
-2.655718E+0
-2.666008E+0
-2.676298E+0
-2.685118E+0
-2.689528E+0
-2.692468E+0
-2.693938E+0
-2.695408E+0
-2.698348E+0
-2.702758E+0
-2.710108E+0
-2.718928E+0
-2.726278E+0
-2.735098E+0
-2.742448E+0
-2.748328E+0
-2.749798E+0
-2.751268E+0
-2.751268E+0
-2.752738E+0
-2.757148E+0
-2.763028E+0
-2.773318E+0
-2.786548E+0
-2.804188E+0
-2.821828E+0
-2.840938E+0
-2.860048E+0
-2.879158E+0
-2.895328E+0
-2.908558E+0
-2.921788E+0
-2.929138E+0
-2.933548E+0
-2.933548E+0
-2.927668E+0
-2.917378E+0
-2.902678E+0
-2.886508E+0
-2.871808E+0
-2.857108E+0
-2.849758E+0
-2.846818E+0
-2.852698E+0
-2.862988E+0
-2.877688E+0
-2.893858E+0
-2.911498E+0
-2.927668E+0
-2.937958E+0
-2.943838E+0
-2.945308E+0
-2.943838E+0
-2.937958E+0
-2.929138E+0
-2.920318E+0
-2.910028E+0
-2.898268E+0
-2.885038E+0
-2.870338E+0
-2.854168E+0
-2.836528E+0
-2.817418E+0
-2.798308E+0
-2.782138E+0
-2.768908E+0
-2.760088E+0
-2.757148E+0
-2.758618E+0
-2.764498E+0
-2.773318E+0
-2.785078E+0
-2.796838E+0
-2.810068E+0
-2.818888E+0
-2.829178E+0
-2.836528E+0
-2.843878E+0
-2.851228E+0
-2.857108E+0
-2.864458E+0
-2.870338E+0
-2.874748E+0
-2.876218E+0
-2.874748E+0
-2.868868E+0
-2.861518E+0
-2.852698E+0
-2.843878E+0
-2.837998E+0
-2.833588E+0
-2.835058E+0
-2.840938E+0
-2.851228E+0
-2.864458E+0
-2.880628E+0
-2.896798E+0
-2.911498E+0
-2.924728E+0
-2.936488E+0
-2.946778E+0
-2.955598E+0
-2.961478E+0
-2.968828E+0
-2.976178E+0
-2.984998E+0
-2.993818E+0
-3.001168E+0
-3.008518E+0
-3.011458E+0
-3.011458E+0
-3.005578E+0
-2.996758E+0
-2.983528E+0
-2.967358E+0
-2.952658E+0
-2.939428E+0
-2.930608E+0
-2.926198E+0
-2.924728E+0
-2.929138E+0
-2.939428E+0
-2.951188E+0
-2.967358E+0
-2.984998E+0
-3.004108E+0
-3.023218E+0
-3.042328E+0
-3.057028E+0
-3.068788E+0
-3.076138E+0
-3.077608E+0
-3.074668E+0
-3.065848E+0
-3.055558E+0
-3.045268E+0
-3.034978E+0
-3.027628E+0
-3.023218E+0
-3.024688E+0
-3.030568E+0
-3.039388E+0
-3.052618E+0
-3.068788E+0
-3.084958E+0
-3.099658E+0
-3.111418E+0
-3.118768E+0
-3.120238E+0
-3.117298E+0
-3.109948E+0
-3.101128E+0
-3.093778E+0
-3.090838E+0
-3.093778E+0
-3.101128E+0
-3.114358E+0
-3.131998E+0
-3.152578E+0
-3.174628E+0
-3.195208E+0
-3.211378E+0
-3.223138E+0
-3.230488E+0
-3.231958E+0
-3.227548E+0
-3.218728E+0
-3.205498E+0
-3.192268E+0
-3.179038E+0
-3.164338E+0
-3.151108E+0
-3.136408E+0
-3.121708E+0
-3.102598E+0
-3.077608E+0
-3.045268E+0
-3.005578E+0
-2.958538E+0
-2.910028E+0
-2.862988E+0
-2.820358E+0
-2.788018E+0
-2.770378E+0
-2.767438E+0
-2.780668E+0
-2.821828E+0
-2.896798E+0
-3.007048E+0
-3.149638E+0
-3.326038E+0
-3.533308E+0
-3.774388E+0
-4.055158E+0
-4.372678E+0
-4.712248E+0
-5.066518E+0
-5.434018E+0
-5.819158E+0
-6.224878E+0
-6.652648E+0
-7.096588E+0
-7.565518E+0
-8.028568E+0
-8.448988E+0
-8.776798E+0
-8.950258E+0
-8.929678E+0
-8.728288E+0
-8.432818E+0
-8.091778E+0
-7.778668E+0
-7.511128E+0
-7.306798E+0
-7.175968E+0
-7.120108E+0
-7.128928E+0
-7.208308E+0
-7.352368E+0
-7.549348E+0
-7.797778E+0
-8.069728E+0
-8.374018E+0
-8.681248E+0
-8.972308E+0
-9.247198E+0
-9.492688E+0
-9.707308E+0
-9.929278E+0
-1.019535E+1
-1.052169E+1
-1.095681E+1
-1.160802E+1
-1.265907E+1
-1.476852E+1
-2.050005E+1
-2.050005E+1
-2.050005E+1
-2.050005E+1
-2.050005E+1
-2.050005E+1
-2.050005E+1
-2.050005E+1
-2.050005E+1
-2.050005E+1
-2.050005E+1
-2.050005E+1
-2.050005E+1
-2.050005E+1
-2.050005E+1
-2.050005E+1
-2.050005E+1
-2.050005E+1
-2.050005E+1
-2.050005E+1
-2.050005E+1
-2.050005E+1
-2.050005E+1
-2.050005E+1
-2.050005E+1
-2.050005E+1
-2.050005E+1
-2.050005E+1
-2.050005E+1
-2.050005E+1
-2.050005E+1
-2.050005E+1
-2.050005E+1
-2.050005E+1
-2.050005E+1
-2.050005E+1
-2.050005E+1
-2.050005E+1
-2.050005E+1
-2.050005E+1
-2.050005E+1
-2.050005E+1
-2.050005E+1
-2.050005E+1
-2.050005E+1
-2.050005E+1
-2.050005E+1
-2.050005E+1
-2.050005E+1
-2.050005E+1
-2.050005E+1
-2.050005E+1
-2.050005E+1
-2.050005E+1
-2.050005E+1
-2.050005E+1
-2.050005E+1
-2.050005E+1
-2.050005E+1
-2.050005E+1
-2.050005E+1
-2.050005E+1
-2.050005E+1
-2.050005E+1
-2.050005E+1
-2.050005E+1
-2.050005E+1
-2.050005E+1
-2.050005E+1
-2.050005E+1
-2.050005E+1
-2.050005E+1
-2.050005E+1
-2.050005E+1
-2.050005E+1
-2.050005E+1
-2.050005E+1
-1.899477E+1
-1.326324E+1
-1.179765E+1
-1.101120E+1
-1.047759E+1
-1.012185E+1
-9.863128E+0
-9.692608E+0
-9.604408E+0
-9.575008E+0
-9.589708E+0
-9.677908E+0
-9.799918E+0
-9.996898E+0
-1.027326E+1
-1.063341E+1
-1.112439E+1
-1.175796E+1
-1.277961E+1
-1.493022E+1
-2.050005E+1
-2.050005E+1
-2.050005E+1
-2.050005E+1
-2.050005E+1
-2.050005E+1
-2.050005E+1
-2.050005E+1
-2.050005E+1
-2.050005E+1
-2.050005E+1
-2.050005E+1
-2.050005E+1
-2.050005E+1
-2.050005E+1
-2.050005E+1
-2.050005E+1
-2.050005E+1
-2.050005E+1
-2.050005E+1
-2.050005E+1
-2.050005E+1
-2.050005E+1
-2.050005E+1
-2.050005E+1
-2.050005E+1
-2.050005E+1
-2.050005E+1
-2.050005E+1
-2.050005E+1
-2.050005E+1
-1.748949E+1
-1.434663E+1
-1.318680E+1
-1.277961E+1
-1.271787E+1
-1.326324E+1
-1.493022E+1
-2.050005E+1
-2.050005E+1
-2.050005E+1
-2.050005E+1
-2.050005E+1
-2.050005E+1
-2.050005E+1
-2.050005E+1
-2.050005E+1
-2.050005E+1
-2.050005E+1
-2.050005E+1
-1.447893E+1
-1.254441E+1
-1.168152E+1
-1.118319E+1
-1.093035E+1
-1.082745E+1
-1.077747E+1
-1.072749E+1
-1.063341E+1
-1.047759E+1
-1.023357E+1
-9.929278E+0
-9.604408E+0
-9.283948E+0
-9.026698E+0
-8.816488E+0
-8.662138E+0
-8.579818E+0
-8.562178E+0
-8.616568E+0
-8.728288E+0
-8.909098E+0
-9.163408E+0
-9.492688E+0
-9.946918E+0
-1.056579E+1
-1.146837E+1
-1.318680E+1
-2.050005E+1
-2.050005E+1
-2.050005E+1
-2.050005E+1
-2.050005E+1
-2.050005E+1
-2.050005E+1
-2.050005E+1
-2.050005E+1
-2.050005E+1
-2.050005E+1
-2.050005E+1
-2.050005E+1
-2.050005E+1
-2.050005E+1
-1.493022E+1
-1.223277E+1
-1.121259E+1
-1.065693E+1
-1.039380E+1
-1.035264E+1
-1.058784E+1
-1.112439E+1
-1.213869E+1
-1.493022E+1
-2.050005E+1
-2.050005E+1
-2.050005E+1
-2.050005E+1
-2.050005E+1
-2.050005E+1
-2.050005E+1
-2.050005E+1
-2.050005E+1
-2.050005E+1
-2.050005E+1
-2.050005E+1
-2.050005E+1
-2.050005E+1
-2.050005E+1
-2.050005E+1
-2.050005E+1
-2.050005E+1
-1.342494E+1
-1.160802E+1
-1.068045E+1
-1.013949E+1
-9.799918E+0
-9.604408E+0
-9.477988E+0
-9.425068E+0
-9.411838E+0
-9.425068E+0
-9.464758E+0
-9.533848E+0
-9.648508E+0
-9.816088E+0
-1.004982E+1
-1.033206E+1
-1.068045E+1
-1.109499E+1
-1.157274E+1
-1.209312E+1
-1.265907E+1
-1.326324E+1
-1.378803E+1
-1.434663E+1
-1.461858E+1
-1.461858E+1
-1.447893E+1
-1.422315E+1
-1.378803E+1
-1.342494E+1
-1.311330E+1
-1.284135E+1
-1.254441E+1
-1.218573E+1
-1.179765E+1
-1.136841E+1
-1.095681E+1
-1.056579E+1
-1.021446E+1
-9.929278E+0
-9.722008E+0
-9.589708E+0
-9.533848E+0
-9.533848E+0
-9.575008E+0
-9.663208E+0
-9.752878E+0
-9.830788E+0
-9.879298E+0
-9.896938E+0
-9.896938E+0
-9.896938E+0
-9.929278E+0
-1.003218E+1
-1.019535E+1
-1.041438E+1
-1.072749E+1
-1.109499E+1
-1.150218E+1
-1.200492E+1
-1.248855E+1
-1.297365E+1
-1.351020E+1
-1.410555E+1
-1.493022E+1
-1.549911E+1
-1.598421E+1
-1.549911E+1
-1.461858E+1
-1.369101E+1
-1.297365E+1
-1.238271E+1
-1.204902E+1
-1.196082E+1
-1.223277E+1
-1.297365E+1
-1.529331E+1
-2.050005E+1
-2.050005E+1
-2.050005E+1
-2.050005E+1
-2.050005E+1
-2.050005E+1
-2.050005E+1
-2.050005E+1
-2.050005E+1
-2.050005E+1
-2.050005E+1
-2.050005E+1
-2.050005E+1
-2.050005E+1
-2.050005E+1
-2.050005E+1
-2.050005E+1
-2.050005E+1
-2.050005E+1
-2.050005E+1
-2.050005E+1
-1.598421E+1
-1.369101E+1
-1.297365E+1
-1.265907E+1
-1.248855E+1
-1.248855E+1
-1.238271E+1
-1.228275E+1
-1.213869E+1
-1.200492E+1
-1.179765E+1
-1.168152E+1
-1.157274E+1
-1.153746E+1
-1.157274E+1
-1.157274E+1
-1.153746E+1
-1.143456E+1
-1.121259E+1
-1.090389E+1
-1.056579E+1
-1.027326E+1
-1.003218E+1
-9.913108E+0
-9.929278E+0
-1.010274E+1
-1.049964E+1
-1.127433E+1
-1.284135E+1
-2.050005E+1
-2.050005E+1
-2.050005E+1
-2.050005E+1
-2.050005E+1
-2.050005E+1
-2.050005E+1
-2.050005E+1
-2.050005E+1
-2.050005E+1
-2.050005E+1
-2.050005E+1
-1.493022E+1
-1.304274E+1
-1.233273E+1
-1.209312E+1
-1.213869E+1
-1.243563E+1
-1.297365E+1
-1.399383E+1
-1.598421E+1
-2.050005E+1
-2.050005E+1
-2.050005E+1
-2.050005E+1
-2.050005E+1
-2.050005E+1
-2.050005E+1
-2.050005E+1
-2.050005E+1
-2.050005E+1
-2.050005E+1
-2.050005E+1
-2.050005E+1
-2.050005E+1
-2.050005E+1
-2.050005E+1
-2.050005E+1
-2.050005E+1
-2.050005E+1
-2.050005E+1
-2.050005E+1
-1.447893E+1
-1.284135E+1
-1.223277E+1
-1.223277E+1
-1.271787E+1
-1.399383E+1
-2.050005E+1
-2.050005E+1
-2.050005E+1
-2.050005E+1
-2.050005E+1
-2.050005E+1
-2.050005E+1
-2.050005E+1
-2.050005E+1
-2.050005E+1
-2.050005E+1
-2.050005E+1
-2.050005E+1
-2.050005E+1
-2.050005E+1
-2.050005E+1
-2.050005E+1
-2.050005E+1
-2.050005E+1
-2.050005E+1
-2.050005E+1
-2.050005E+1
-2.050005E+1
-2.050005E+1
-2.050005E+1
-2.050005E+1
-2.050005E+1
-2.050005E+1
-2.050005E+1
-2.050005E+1
-2.050005E+1
-2.050005E+1
-2.050005E+1
-2.050005E+1
-2.050005E+1
-2.050005E+1
-2.050005E+1
-2.050005E+1
-2.050005E+1
-2.050005E+1
-2.050005E+1
-2.050005E+1
-2.050005E+1
-2.050005E+1
-2.050005E+1
-2.050005E+1
-1.447893E+1
-1.318680E+1
-1.271787E+1
-1.284135E+1
-1.359840E+1
-1.660896E+1
-2.050005E+1
-2.050005E+1
-2.050005E+1
-2.050005E+1
-2.050005E+1
-2.050005E+1
-2.050005E+1
-2.050005E+1
-2.050005E+1
-2.050005E+1
-2.050005E+1
-2.050005E+1
-2.050005E+1
-2.050005E+1
-2.050005E+1
-2.050005E+1
-1.434663E+1
-1.248855E+1
-1.168152E+1
-1.127433E+1
-1.109499E+1
-1.109499E+1
-1.130520E+1
-1.179765E+1
-1.284135E+1
-1.572843E+1
-2.050005E+1
-2.050005E+1
-2.050005E+1
-2.050005E+1
-2.050005E+1
-2.050005E+1
-2.050005E+1
-2.050005E+1
-2.050005E+1
-2.050005E+1
-2.050005E+1
-2.050005E+1
-2.050005E+1
-2.050005E+1
-2.050005E+1
-1.627380E+1
-1.510368E+1
-1.461858E+1
-1.476852E+1
-1.549911E+1
-1.899477E+1
-2.050005E+1
-2.050005E+1
-2.050005E+1
-2.050005E+1
-2.050005E+1
-2.050005E+1
-2.050005E+1
-2.050005E+1
-2.050005E+1
-2.050005E+1
-2.050005E+1
-1.510368E+1
-1.248855E+1
-1.136841E+1
-1.070397E+1
-1.027326E+1
-9.980728E+0
-9.769048E+0
-9.633808E+0
-9.547078E+0
-9.505918E+0
-9.533848E+0
-9.604408E+0
-9.738178E+0
-9.946918E+0
-1.019535E+1
-1.049964E+1
-1.077747E+1
-1.095681E+1
-1.095681E+1
-1.077747E+1
-1.045554E+1
-1.010274E+1
-9.783748E+0
-9.519148E+0
-9.333928E+0
-9.235438E+0
-9.210448E+0
-9.258958E+0
-9.333928E+0
-9.438298E+0
-9.533848E+0
-9.619108E+0
-9.692608E+0
-9.738178E+0
-9.769048E+0
-9.783748E+0
-9.816088E+0
-9.863128E+0
-9.913108E+0
-9.980728E+0
-1.008510E+1
-1.029237E+1
-1.063341E+1
-1.118319E+1
-1.218573E+1
-1.493022E+1
-2.050005E+1
-2.050005E+1
-2.050005E+1
-2.050005E+1
-2.050005E+1
-2.050005E+1
-2.050005E+1
-2.050005E+1
-2.050005E+1
-2.050005E+1
-2.050005E+1
-2.050005E+1
-2.050005E+1
-2.050005E+1
-2.050005E+1
-1.213869E+1
-1.015860E+1
-9.186928E+0
-8.588638E+0
-8.209378E+0
-7.972708E+0
-7.853638E+0
-7.834528E+0
-7.899208E+0
-8.041798E+0
-8.271118E+0
-8.597458E+0
-9.026698E+0
-9.589708E+0
-1.033206E+1
-1.140222E+1
-1.326324E+1
-2.050005E+1
-2.050005E+1
-2.050005E+1
-2.050005E+1
-2.050005E+1
-2.050005E+1
-2.050005E+1
-2.050005E+1
-2.050005E+1
-2.050005E+1
-2.050005E+1
-2.050005E+1
-2.050005E+1
-2.050005E+1
-2.050005E+1
-2.050005E+1
-2.050005E+1
-2.050005E+1
-2.050005E+1
-2.050005E+1
-1.388799E+1
-1.238271E+1
-1.160802E+1
-1.112439E+1
-1.082745E+1
-1.060989E+1
-1.045554E+1
-1.033206E+1
-1.021446E+1
-1.012185E+1
-1.004982E+1
-1.001454E+1
-9.980728E+0
-9.980728E+0
-1.003218E+1
-1.013949E+1
-1.029237E+1
-1.052169E+1
-1.082745E+1
-1.118319E+1
-1.160802E+1
-1.209312E+1
-1.265907E+1
-1.334262E+1
-1.422315E+1
-1.549911E+1
-2.050005E+1
-2.050005E+1
-2.050005E+1
-2.050005E+1
-2.050005E+1
-2.050005E+1
-2.050005E+1
-2.050005E+1
-2.050005E+1
-2.050005E+1
-2.050005E+1
-2.050005E+1
-2.050005E+1
-1.378803E+1
-1.204902E+1
-1.103913E+1
-1.037322E+1
-9.896938E+0
-9.533848E+0
-9.283948E+0
-9.151648E+0
-9.151648E+0
-9.295708E+0
-9.619108E+0
-1.021446E+1
-1.133607E+1
-1.434663E+1
-2.050005E+1
-2.050005E+1
-2.050005E+1
-2.050005E+1
-2.050005E+1
-2.050005E+1
-2.050005E+1
-2.050005E+1
-2.050005E+1
-2.050005E+1
-1.334262E+1
-1.183734E+1
-1.124346E+1
-1.098327E+1
-1.098327E+1
-1.115379E+1
-1.143456E+1
-1.179765E+1
-1.228275E+1
-1.304274E+1
-1.461858E+1
-2.050005E+1
-2.050005E+1
-2.050005E+1
-2.050005E+1
-2.050005E+1
-2.050005E+1
-2.050005E+1
-2.050005E+1
-2.050005E+1
-2.050005E+1
-2.050005E+1
-2.050005E+1
-2.050005E+1
-1.811424E+1
-1.297365E+1
-1.164477E+1
-1.098327E+1
-1.068045E+1
-1.060989E+1
-1.080099E+1
-1.130520E+1
-1.218573E+1
-1.399383E+1
-2.050005E+1
-2.050005E+1
-2.050005E+1
-2.050005E+1
-2.050005E+1
-2.050005E+1
-2.050005E+1
-2.050005E+1
-2.050005E+1
-1.572843E+1
-1.334262E+1
-1.218573E+1
-1.143456E+1
-1.090389E+1
-1.052169E+1
-1.027326E+1
-1.012185E+1
-1.008510E+1
-1.013949E+1
-1.025268E+1
-1.043496E+1
-1.068045E+1
-1.095681E+1
-1.127433E+1
-1.153746E+1
-1.171974E+1
-1.171974E+1
-1.157274E+1
-1.127433E+1
-1.095681E+1
-1.065693E+1
-1.043496E+1
-1.031148E+1
-1.033206E+1
-1.049964E+1
-1.080099E+1
-1.133607E+1
-1.209312E+1
-1.326324E+1
-1.529331E+1
-2.050005E+1
-2.050005E+1
-2.050005E+1
-1.748949E+1
-1.476852E+1
-1.342494E+1
-1.254441E+1
-1.191966E+1
-1.146837E+1
-1.109499E+1
-1.080099E+1
-1.052169E+1
-1.027326E+1
-1.008510E+1
-9.896938E+0
-9.752878E+0
-9.648508E+0
-9.589708E+0
-9.589708E+0
-9.648508E+0
-9.752878E+0
-9.929278E+0
-1.019535E+1
-1.056579E+1
-1.103913E+1
-1.168152E+1
-1.248855E+1
-1.369101E+1
-1.598421E+1
-2.050005E+1
-2.050005E+1
-2.050005E+1
-2.050005E+1
-2.050005E+1
-2.050005E+1
-2.050005E+1
-2.050005E+1
-2.050005E+1
-2.050005E+1
-2.050005E+1
-2.050005E+1
-2.050005E+1
-2.050005E+1
-2.050005E+1
-2.050005E+1
-2.050005E+1
-2.050005E+1
-2.050005E+1
-2.050005E+1
-2.050005E+1
-2.050005E+1
-2.050005E+1
-2.050005E+1
-2.050005E+1
-2.050005E+1
-2.050005E+1
-2.050005E+1
-2.050005E+1
-2.050005E+1
-2.050005E+1
-2.050005E+1
-2.050005E+1
-2.050005E+1
-2.050005E+1
-2.050005E+1
-2.050005E+1
-1.422315E+1
-1.290750E+1
-1.223277E+1
-1.187850E+1
-1.175796E+1
-1.175796E+1
-1.196082E+1
-1.233273E+1
-1.297365E+1
-1.434663E+1
-1.899477E+1
-2.050005E+1
-2.050005E+1
-2.050005E+1
-2.050005E+1
-2.050005E+1
-2.050005E+1
-2.050005E+1
-2.050005E+1
-2.050005E+1
-2.050005E+1
-2.050005E+1
-2.050005E+1
-2.050005E+1
-1.572843E+1
-1.461858E+1
-1.447893E+1
-1.493022E+1
-1.572843E+1
-1.811424E+1
-2.050005E+1
-2.050005E+1
-1.899477E+1
-1.598421E+1
-1.422315E+1
-1.318680E+1
-1.248855E+1
-1.209312E+1
-1.179765E+1
-1.168152E+1
-1.164477E+1
-1.160802E+1
-1.157274E+1
-1.146837E+1
-1.127433E+1
-1.095681E+1
-1.060989E+1
-1.025268E+1
-9.879298E+0
-9.547078E+0
-9.247198E+0
-8.994358E+0
-8.787088E+0
-8.634208E+0
-8.544538E+0
-8.509258E+0
-8.553358E+0
-8.670958E+0
-8.867938E+0
-9.175168E+0
-9.604408E+0
-1.019535E+1
-1.109499E+1
-1.260027E+1
-2.050005E+1
-2.050005E+1
-2.050005E+1
-2.050005E+1
-2.050005E+1
-2.050005E+1
-2.050005E+1
-2.050005E+1
-2.050005E+1
-2.050005E+1
-2.050005E+1
-2.050005E+1
-2.050005E+1
-2.050005E+1
-2.050005E+1
-2.050005E+1
-2.050005E+1
-2.050005E+1
-2.050005E+1
-2.050005E+1
-2.050005E+1
-2.050005E+1
-2.050005E+1
-1.510368E+1
-1.304274E+1
-1.218573E+1
-1.175796E+1
-1.157274E+1
-1.164477E+1
-1.191966E+1
-1.243563E+1
-1.334262E+1
-1.510368E+1
-2.050005E+1
-2.050005E+1
-2.050005E+1
-2.050005E+1
-2.050005E+1
-2.050005E+1
-2.050005E+1
-2.050005E+1
-2.050005E+1
-2.050005E+1
-2.050005E+1
-2.050005E+1
-2.050005E+1
-2.050005E+1
-2.050005E+1
-2.050005E+1
-2.050005E+1
-2.050005E+1
-2.050005E+1
-2.050005E+1
-2.050005E+1
-2.050005E+1
-2.050005E+1
-2.050005E+1
-2.050005E+1
-2.050005E+1
-2.050005E+1
-2.050005E+1
-2.050005E+1
-2.050005E+1
-2.050005E+1
-2.050005E+1
-2.050005E+1
-2.050005E+1
-2.050005E+1
-2.050005E+1
-2.050005E+1
-2.050005E+1
-2.050005E+1
-2.050005E+1
-2.050005E+1
-2.050005E+1
-2.050005E+1
-2.050005E+1
-2.050005E+1
-2.050005E+1
-1.378803E+1
-1.175796E+1
-1.060989E+1
-9.816088E+0
-9.222208E+0
-8.767978E+0
-8.407828E+0
-8.143228E+0
-7.959478E+0
-7.853638E+0
-7.834528E+0
-7.906558E+0
-8.077078E+0
-8.357848E+0
-8.776798E+0
-9.372148E+0
-1.025268E+1
-1.164477E+1
-1.529331E+1
-2.050005E+1
-2.050005E+1
-2.050005E+1
-2.050005E+1
-2.050005E+1
-2.050005E+1
-2.050005E+1
-2.050005E+1
-2.050005E+1
-2.050005E+1
-2.050005E+1
-2.050005E+1
-2.050005E+1
-2.050005E+1
-1.378803E+1
-1.228275E+1
-1.168152E+1
-1.153746E+1
-1.175796E+1
-1.243563E+1
-1.434663E+1
-2.050005E+1
-2.050005E+1
-2.050005E+1
-2.050005E+1
-2.050005E+1
-2.050005E+1
-2.050005E+1
-2.050005E+1
-2.050005E+1
-2.050005E+1
-2.050005E+1
-2.050005E+1
-2.050005E+1
-2.050005E+1
-2.050005E+1
-2.050005E+1
-2.050005E+1
-2.050005E+1
-2.050005E+1
-2.050005E+1
-2.050005E+1
-2.050005E+1
-2.050005E+1
-2.050005E+1
-2.050005E+1
-2.050005E+1
-2.050005E+1
-2.050005E+1
-2.050005E+1
-2.050005E+1
-2.050005E+1
-2.050005E+1
-2.050005E+1
-2.050005E+1
-2.050005E+1
-2.050005E+1
-1.899477E+1
-1.899477E+1
-2.050005E+1
-2.050005E+1
-2.050005E+1
-2.050005E+1
-2.050005E+1
-2.050005E+1
-2.050005E+1
-2.050005E+1
-2.050005E+1
-2.050005E+1
-2.050005E+1
-2.050005E+1
-2.050005E+1
-2.050005E+1
-2.050005E+1
-2.050005E+1
-2.050005E+1
-2.050005E+1
-2.050005E+1
-2.050005E+1
-2.050005E+1
-2.050005E+1
-2.050005E+1
-2.050005E+1
-2.050005E+1
-2.050005E+1
-2.050005E+1
-2.050005E+1
-2.050005E+1
-1.434663E+1
-1.243563E+1
-1.153746E+1
-1.101120E+1
-1.065693E+1
-1.047759E+1
-1.039380E+1
-1.041438E+1
-1.054374E+1
-1.082745E+1
-1.127433E+1
-1.191966E+1
-1.284135E+1
-1.410555E+1
-1.598421E+1
-2.050005E+1
-2.050005E+1
-2.050005E+1
-1.748949E+1
-1.660896E+1
-1.660896E+1
-1.748949E+1
-2.050005E+1
-2.050005E+1
-2.050005E+1
-2.050005E+1
-2.050005E+1
-2.050005E+1
-2.050005E+1
-2.050005E+1
-2.050005E+1
-2.050005E+1
-2.050005E+1
-2.050005E+1
-2.050005E+1
-2.050005E+1
-2.050005E+1
-2.050005E+1
-2.050005E+1
-2.050005E+1
-2.050005E+1
-2.050005E+1
-2.050005E+1
-2.050005E+1
-2.050005E+1
-2.050005E+1
-2.050005E+1
-2.050005E+1
-2.050005E+1
-2.050005E+1
-2.050005E+1
-2.050005E+1
-2.050005E+1
-2.050005E+1
-2.050005E+1
-2.050005E+1
-2.050005E+1
-2.050005E+1
-2.050005E+1
-2.050005E+1
-2.050005E+1
-2.050005E+1
-2.050005E+1
-2.050005E+1
-2.050005E+1
-2.050005E+1
-2.050005E+1
-2.050005E+1
-1.297365E+1
-1.157274E+1
-1.095681E+1
-1.068045E+1
-1.068045E+1
-1.087743E+1
-1.121259E+1
-1.157274E+1
-1.179765E+1
-1.179765E+1
-1.143456E+1
-1.090389E+1
-1.033206E+1
-9.816088E+0
-9.372148E+0
-9.026698E+0
-8.757688E+0
-8.553358E+0
-8.399008E+0
-8.310808E+0
-8.263768E+0
-8.263768E+0
-8.318158E+0
-8.423998E+0
-8.588638E+0
-8.816488E+0
-9.094318E+0
-9.438298E+0
-9.846958E+0
-1.033206E+1
-1.095681E+1
-1.187850E+1
-1.378803E+1
-2.050005E+1
-2.050005E+1
-2.050005E+1
-2.050005E+1
-2.050005E+1
-2.050005E+1
-2.050005E+1
-2.050005E+1
-2.050005E+1
-2.050005E+1
-2.050005E+1
-2.050005E+1
-2.050005E+1
-2.050005E+1
-1.311330E+1
-1.200492E+1
-1.164477E+1
-1.164477E+1
-1.187850E+1
-1.223277E+1
-1.265907E+1
-1.290750E+1
-1.290750E+1
-1.277961E+1
-1.265907E+1
-1.265907E+1
-1.277961E+1
-1.318680E+1
-1.410555E+1
-1.660896E+1
-2.050005E+1
-2.050005E+1
-2.050005E+1
-2.050005E+1
-2.050005E+1
-2.050005E+1
-2.050005E+1
-2.050005E+1
-2.050005E+1
-2.050005E+1
-2.050005E+1
-2.050005E+1
-2.050005E+1
-2.050005E+1
-2.050005E+1
-2.050005E+1
-2.050005E+1
-2.050005E+1
-2.050005E+1
-2.050005E+1
-2.050005E+1
-2.050005E+1
-2.050005E+1
-2.050005E+1
-2.050005E+1
-2.050005E+1
-2.050005E+1
-2.050005E+1
-2.050005E+1
-2.050005E+1
-2.050005E+1
-2.050005E+1
-2.050005E+1
-2.050005E+1
-2.050005E+1
-2.050005E+1
-2.050005E+1
-2.050005E+1
-2.050005E+1
-2.050005E+1
-2.050005E+1
-2.050005E+1
-2.050005E+1
-2.050005E+1
-2.050005E+1
-2.050005E+1
-2.050005E+1
-2.050005E+1
-2.050005E+1
-2.050005E+1
-2.050005E+1
-2.050005E+1
-2.050005E+1
-2.050005E+1
-2.050005E+1
-2.050005E+1
-2.050005E+1
-2.050005E+1
-2.050005E+1
-2.050005E+1
-2.050005E+1
-2.050005E+1
-2.050005E+1
-1.529331E+1
-1.529331E+1
-2.050005E+1
-2.050005E+1
-2.050005E+1
-2.050005E+1
-2.050005E+1
-2.050005E+1
-2.050005E+1
-2.050005E+1
-2.050005E+1
-1.326324E+1
-1.183734E+1
-1.109499E+1
-1.063341E+1
-1.037322E+1
-1.025268E+1
-1.023357E+1
-1.027326E+1
-1.031148E+1
-1.033206E+1
-1.033206E+1
-1.033206E+1
-1.037322E+1
-1.047759E+1
-1.072749E+1
-1.121259E+1
-1.209312E+1
-1.422315E+1
-2.050005E+1
-2.050005E+1
-2.050005E+1
-2.050005E+1
-2.050005E+1
-2.050005E+1
-2.050005E+1
-2.050005E+1
-2.050005E+1
-2.050005E+1
-2.050005E+1
-2.050005E+1
-2.050005E+1
-1.529331E+1
-1.311330E+1
-1.218573E+1
-1.160802E+1
-1.124346E+1
-1.106706E+1
-1.103913E+1
-1.115379E+1
-1.133607E+1
-1.164477E+1
-1.196082E+1
-1.228275E+1
-1.243563E+1
-1.228275E+1
-1.191966E+1
-1.146837E+1
-1.101120E+1
-1.060989E+1
-1.035264E+1
-1.023357E+1
-1.027326E+1
-1.049964E+1
-1.098327E+1
-1.196082E+1
-1.434663E+1
-2.050005E+1
-2.050005E+1
-2.050005E+1
-2.050005E+1
-2.050005E+1
-2.050005E+1
-2.050005E+1
-2.050005E+1
-2.050005E+1
-2.050005E+1
-2.050005E+1
-2.050005E+1
-2.050005E+1
-2.050005E+1
-2.050005E+1
-2.050005E+1
-2.050005E+1
-2.050005E+1
-2.050005E+1
-2.050005E+1
-2.050005E+1
-2.050005E+1
-2.050005E+1
-1.811424E+1
-1.510368E+1
-1.476852E+1
-1.572843E+1
-2.050005E+1
-2.050005E+1
-2.050005E+1
-2.050005E+1
-2.050005E+1
-2.050005E+1
-2.050005E+1
-2.050005E+1
-2.050005E+1
-2.050005E+1
-2.050005E+1
-2.050005E+1
-2.050005E+1
-2.050005E+1
-2.050005E+1
-2.050005E+1
-2.050005E+1
-2.050005E+1
-2.050005E+1
-2.050005E+1
-2.050005E+1
-2.050005E+1
-2.050005E+1
-2.050005E+1
-2.050005E+1
-2.050005E+1
-2.050005E+1
-2.050005E+1
-2.050005E+1
-2.050005E+1
-2.050005E+1
-2.050005E+1
-2.050005E+1
-2.050005E+1
-1.700439E+1
-1.277961E+1
-1.146837E+1
-1.075248E+1
-1.035264E+1
-1.015860E+1
-1.013949E+1
-1.031148E+1
-1.063341E+1
-1.112439E+1
-1.183734E+1
-1.290750E+1
-1.529331E+1
-2.050005E+1
-2.050005E+1
-2.050005E+1
-2.050005E+1
-2.050005E+1
-2.050005E+1
-2.050005E+1
-2.050005E+1
-2.050005E+1
-2.050005E+1
-2.050005E+1
-1.254441E+1
-1.085244E+1
-9.980728E+0
-9.438298E+0
-9.116368E+0
-8.929678E+0
-8.857648E+0
-8.857648E+0
-8.929678E+0
-9.060508E+0
-9.258958E+0
-9.519148E+0
-9.879298E+0
-1.035264E+1
-1.103913E+1
-1.218573E+1
-1.476852E+1
-2.050005E+1
-2.050005E+1
-2.050005E+1
-2.050005E+1
-2.050005E+1
-2.050005E+1
-2.050005E+1
-2.050005E+1
-2.050005E+1
-2.050005E+1
-2.050005E+1
-2.050005E+1
-2.050005E+1
-2.050005E+1
-2.050005E+1
-2.050005E+1
-2.050005E+1
-2.050005E+1
-2.050005E+1
-2.050005E+1
-2.050005E+1
-2.050005E+1
-2.050005E+1
-1.899477E+1
-1.529331E+1
-1.493022E+1
-1.598421E+1
-2.050005E+1
-2.050005E+1
-2.050005E+1
-2.050005E+1
-2.050005E+1
-2.050005E+1
-2.050005E+1
-2.050005E+1
-2.050005E+1
-2.050005E+1
-2.050005E+1
-2.050005E+1
-1.461858E+1
-1.359840E+1
-1.334262E+1
-1.378803E+1
-1.510368E+1
-2.050005E+1
-2.050005E+1
-2.050005E+1
-2.050005E+1
-2.050005E+1
-2.050005E+1
-2.050005E+1
-2.050005E+1
-2.050005E+1
-1.811424E+1
-1.388799E+1
-1.277961E+1
-1.218573E+1
-1.191966E+1
-1.183734E+1
-1.187850E+1
-1.196082E+1
-1.209312E+1
-1.213869E+1
-1.218573E+1
-1.213869E+1
-1.204902E+1
-1.183734E+1
-1.157274E+1
-1.127433E+1
-1.095681E+1
-1.063341E+1
-1.037322E+1
-1.015860E+1
-1.001454E+1
-9.963088E+0
-1.003218E+1
-1.021446E+1
-1.056579E+1
-1.112439E+1
-1.204902E+1
-1.378803E+1
-2.050005E+1
-2.050005E+1
-2.050005E+1
-2.050005E+1
-2.050005E+1
-2.050005E+1
-2.050005E+1
-2.050005E+1
-2.050005E+1
-2.050005E+1
-2.050005E+1
-2.050005E+1
-2.050005E+1
-2.050005E+1
-2.050005E+1
-2.050005E+1
-2.050005E+1
-2.050005E+1
-2.050005E+1
-2.050005E+1
-2.050005E+1
-2.050005E+1
-2.050005E+1
-2.050005E+1
-2.050005E+1
-2.050005E+1
-2.050005E+1
-2.050005E+1
-2.050005E+1
-1.378803E+1
-1.200492E+1
-1.103913E+1
-1.037322E+1
-9.879298E+0
-9.533848E+0
-9.308938E+0
-9.210448E+0
-9.235438E+0
-9.411838E+0
-9.783748E+0
-1.045554E+1
-1.171974E+1
-1.598421E+1
-2.050005E+1
-2.050005E+1
-2.050005E+1
-2.050005E+1
-2.050005E+1
-2.050005E+1
-2.050005E+1
-2.050005E+1
-2.050005E+1
-2.050005E+1
-2.050005E+1
-2.050005E+1
-2.050005E+1
-2.050005E+1
-2.050005E+1
-1.422315E+1
-1.191966E+1
-1.080099E+1
-1.010274E+1
-9.663208E+0
-9.411838E+0
-9.333928E+0
-9.425068E+0
-9.707308E+0
-1.023357E+1
-1.112439E+1
-1.277961E+1
-2.050005E+1
-2.050005E+1
-2.050005E+1
-2.050005E+1
-2.050005E+1
-2.050005E+1
-2.050005E+1
-2.050005E+1
-2.050005E+1
-2.050005E+1
-2.050005E+1
-2.050005E+1
-2.050005E+1
-2.050005E+1
-2.050005E+1
-2.050005E+1
-2.050005E+1
-2.050005E+1
-2.050005E+1
-2.050005E+1
-2.050005E+1
-2.050005E+1
-2.050005E+1
-2.050005E+1
-2.050005E+1
-2.050005E+1
-2.050005E+1
-2.050005E+1
-2.050005E+1
-2.050005E+1
-2.050005E+1
-1.461858E+1
-1.260027E+1
-1.168152E+1
-1.112439E+1
-1.080099E+1
-1.063341E+1
-1.063341E+1
-1.075248E+1
-1.101120E+1
-1.136841E+1
-1.187850E+1
-1.254441E+1
-1.342494E+1
-1.434663E+1
-1.510368E+1
-1.510368E+1
-1.434663E+1
-1.342494E+1
-1.254441E+1
-1.175796E+1
-1.112439E+1
-1.060989E+1
-1.021446E+1
-9.913108E+0
-9.677908E+0
-9.492688E+0
-9.385378E+0
-9.322168E+0
-9.308938E+0
-9.322168E+0
-9.372148E+0
-9.464758E+0
-9.604408E+0
-9.816088E+0
-1.010274E+1
-1.047759E+1
-1.090389E+1
-1.136841E+1
-1.183734E+1
-1.209312E+1
-1.204902E+1
-1.179765E+1
-1.143456E+1
-1.106706E+1
-1.077747E+1
-1.052169E+1
-1.037322E+1
-1.027326E+1
-1.023357E+1
-1.019535E+1
-1.013949E+1
-1.004982E+1
-9.913108E+0
-9.769048E+0
-9.619108E+0
-9.477988E+0
-9.347158E+0
-9.272188E+0
-9.247198E+0
-9.272188E+0
-9.333928E+0
-9.438298E+0
-9.575008E+0
-9.752878E+0
-9.929278E+0
-1.008510E+1
-1.019535E+1
-1.025268E+1
-1.023357E+1
-1.015860E+1
-1.003218E+1
-9.879298E+0
-9.752878E+0
-9.663208E+0
-9.633808E+0
-9.677908E+0
-9.816088E+0
-1.006746E+1
-1.049964E+1
-1.112439E+1
-1.213869E+1
-1.410555E+1
-2.050005E+1
-2.050005E+1
-2.050005E+1
-2.050005E+1
-2.050005E+1
-2.050005E+1
-2.050005E+1
-2.050005E+1
-2.050005E+1
-2.050005E+1
-2.050005E+1
-2.050005E+1
-2.050005E+1
-2.050005E+1
-2.050005E+1
-2.050005E+1
-2.050005E+1
-2.050005E+1
-2.050005E+1
-2.050005E+1
-2.050005E+1
-2.050005E+1
-2.050005E+1
-2.050005E+1
-2.050005E+1
-2.050005E+1
-2.050005E+1
-2.050005E+1
-1.510368E+1
-1.260027E+1
-1.150218E+1
-1.085244E+1
-1.045554E+1
-1.021446E+1
-1.010274E+1
-1.012185E+1
-1.023357E+1
-1.047759E+1
-1.082745E+1
-1.133607E+1
-1.196082E+1
-1.277961E+1
-1.369101E+1
-1.447893E+1
-1.461858E+1
-1.388799E+1
-1.304274E+1
-1.223277E+1
-1.160802E+1
-1.106706E+1
-1.068045E+1
-1.035264E+1
-1.010274E+1
-9.913108E+0
-9.738178E+0
-9.589708E+0
-9.464758E+0
-9.385378E+0
-9.347158E+0
-9.372148E+0
-9.464758E+0
-9.648508E+0
-9.946918E+0
-1.041438E+1
-1.112439E+1
-1.228275E+1
-1.476852E+1
-2.050005E+1
-2.050005E+1
-2.050005E+1
-2.050005E+1
-2.050005E+1
-2.050005E+1
-2.050005E+1
-2.050005E+1
-2.050005E+1
-2.050005E+1
-2.050005E+1
-2.050005E+1
-2.050005E+1
-2.050005E+1
-2.050005E+1
-2.050005E+1
-2.050005E+1
-2.050005E+1
-2.050005E+1
-1.627380E+1
-1.598421E+1
-1.811424E+1
-2.050005E+1
-2.050005E+1
-2.050005E+1
-2.050005E+1
-2.050005E+1
-2.050005E+1
-2.050005E+1
-2.050005E+1
-2.050005E+1
-2.050005E+1
-2.050005E+1
-2.050005E+1
-2.050005E+1
-2.050005E+1
-2.050005E+1
-2.050005E+1
-2.050005E+1
-2.050005E+1
-2.050005E+1
-2.050005E+1
-2.050005E+1
-2.050005E+1
-2.050005E+1
-2.050005E+1
-2.050005E+1
-2.050005E+1
-2.050005E+1
-2.050005E+1
-2.050005E+1
-2.050005E+1
-2.050005E+1
-2.050005E+1
-2.050005E+1
-2.050005E+1
-2.050005E+1
-2.050005E+1
-2.050005E+1
-2.050005E+1
-2.050005E+1
-2.050005E+1
-2.050005E+1
-2.050005E+1
-2.050005E+1
-2.050005E+1
-2.050005E+1
-2.050005E+1
-2.050005E+1
-2.050005E+1
-2.050005E+1
-2.050005E+1
-2.050005E+1
-2.050005E+1
-2.050005E+1
-2.050005E+1
-2.050005E+1
-1.461858E+1
-1.209312E+1
-1.106706E+1
-1.045554E+1
-1.004982E+1
-9.769048E+0
-9.589708E+0
-9.464758E+0
-9.425068E+0
-9.438298E+0
-9.561778E+0
-9.799918E+0
-1.021446E+1
-1.093035E+1
-1.223277E+1
-1.660896E+1
-2.050005E+1
-2.050005E+1
-2.050005E+1
-2.050005E+1
-2.050005E+1
-2.050005E+1
-2.050005E+1
-2.050005E+1
-2.050005E+1
-2.050005E+1
-2.050005E+1
-2.050005E+1
-2.050005E+1
-2.050005E+1
-2.050005E+1
-2.050005E+1
-2.050005E+1
-2.050005E+1
-2.050005E+1
-2.050005E+1
-2.050005E+1
-2.050005E+1
-2.050005E+1
-2.050005E+1
-2.050005E+1
-2.050005E+1
-2.050005E+1
-2.050005E+1
-2.050005E+1
-2.050005E+1
-2.050005E+1
-2.050005E+1
-2.050005E+1
-2.050005E+1
-2.050005E+1
-2.050005E+1
-2.050005E+1
-2.050005E+1
-2.050005E+1
-2.050005E+1
-2.050005E+1
-2.050005E+1
-2.050005E+1
-2.050005E+1
-2.050005E+1
-2.050005E+1
-2.050005E+1
-2.050005E+1
-2.050005E+1
-1.572843E+1
-1.410555E+1
-1.311330E+1
-1.254441E+1
-1.228275E+1
-1.233273E+1
-1.277961E+1
-1.410555E+1
-2.050005E+1
-2.050005E+1
-2.050005E+1
-2.050005E+1
-2.050005E+1
-2.050005E+1
-2.050005E+1
-2.050005E+1
-2.050005E+1
-2.050005E+1
-2.050005E+1
-2.050005E+1
-2.050005E+1
-2.050005E+1
-2.050005E+1
-2.050005E+1
-2.050005E+1
-2.050005E+1
-2.050005E+1
-2.050005E+1
-2.050005E+1
-2.050005E+1
