Date/Time	2022-06-27 17:45:09
Line location	3
Line name	C1
OTDR wavelength [nm]	1310
OTDR pulse duration [ns]	2
OTDR scan time [s]	10
OTDR scan length [m]	1.500000E+2
Length offset [m]	0.000000E+0
Length increment [m]	3.996806E-2
Switch ID	VIAVI Solutions,OTU 8000E,11654,FO,16.76
OTDR ID	JDSU,OTU 8000E,11654,OTU(SmartOTU),V7.22

Reflected amplitude [dB]
7.135220E-1
7.091120E-1
6.885320E-1
6.459020E-1
5.929820E-1
5.444720E-1
5.033120E-1
4.724420E-1
4.518620E-1
4.445120E-1
4.533320E-1
4.827320E-1
5.268320E-1
5.738720E-1
6.165020E-1
6.503120E-1
6.753020E-1
6.929420E-1
7.032320E-1
7.061720E-1
6.944120E-1
6.606020E-1
6.062120E-1
5.356520E-1
4.548020E-1
3.592520E-1
2.563520E-1
1.549220E-1
6.378200E-2
-1.265800E-2
-7.733800E-2
-1.317280E-1
-1.787680E-1
-2.169880E-1
-2.493280E-1
-2.757880E-1
-2.978380E-1
-3.140080E-1
-3.272380E-1
-3.360580E-1
-3.434080E-1
-3.478180E-1
-3.507580E-1
-3.536980E-1
-3.551680E-1
-3.566380E-1
-3.595780E-1
-3.639880E-1
-3.713380E-1
-3.801580E-1
-3.933880E-1
-4.080880E-1
-4.257280E-1
-4.433680E-1
-4.624780E-1
-4.801180E-1
-4.977580E-1
-5.124580E-1
-5.256880E-1
-5.359780E-1
-5.462680E-1
-5.550880E-1
-5.624380E-1
-5.697880E-1
-5.771380E-1
-5.844880E-1
-5.903680E-1
-5.962480E-1
-5.991880E-1
-5.991880E-1
-5.991880E-1
-5.962480E-1
-5.771380E-1
-5.212780E-1
-4.301380E-1
-3.184180E-1
-2.022880E-1
-1.052680E-1
-2.882800E-2
2.997200E-2
7.260200E-2
1.034720E-1
1.240520E-1
1.372820E-1
1.372820E-1
1.196420E-1
8.583200E-2
3.732200E-2
-2.147800E-2
-9.203800E-2
-1.699480E-1
-2.449180E-1
-3.140080E-1
-3.757480E-1
-4.301380E-1
-4.771780E-1
-5.198080E-1
-5.580280E-1
-5.918380E-1
-6.197680E-1
-6.447580E-1
-6.638680E-1
-6.815080E-1
-6.947380E-1
-7.050280E-1
-7.138480E-1
-7.182580E-1
-7.226680E-1
-7.226680E-1
-7.226680E-1
-7.211980E-1
-7.182580E-1
-7.167880E-1
-7.167880E-1
-7.167880E-1
-7.197280E-1
-7.241380E-1
-7.300180E-1
-7.373680E-1
-7.432480E-1
-7.505980E-1
-7.579480E-1
-7.638280E-1
-7.682380E-1
-7.741180E-1
-7.785280E-1
-7.829380E-1
-7.858780E-1
-7.888180E-1
-7.902880E-1
-7.902880E-1
-7.902880E-1
-7.888180E-1
-7.873480E-1
-7.858780E-1
-7.858780E-1
-7.858780E-1
-7.873480E-1
-7.902880E-1
-7.946980E-1
-8.005780E-1
-8.064580E-1
-8.138080E-1
-8.226280E-1
-8.299780E-1
-8.373280E-1
-8.432080E-1
-8.461480E-1
-8.461480E-1
-8.417380E-1
-8.314480E-1
-8.167480E-1
-7.961680E-1
-7.726480E-1
-7.447180E-1
-7.167880E-1
-6.873880E-1
-6.594580E-1
-6.359380E-1
-6.153580E-1
-5.991880E-1
-5.888980E-1
-5.844880E-1
-5.844880E-1
-5.903680E-1
-5.991880E-1
-6.109480E-1
-6.271180E-1
-6.432880E-1
-6.609280E-1
-6.785680E-1
-6.962080E-1
-7.123780E-1
-7.256080E-1
-7.373680E-1
-7.461880E-1
-7.535380E-1
-7.564780E-1
-7.579480E-1
-7.564780E-1
-7.535380E-1
-7.491280E-1
-7.447180E-1
-7.388380E-1
-7.314880E-1
-7.256080E-1
-7.211980E-1
-7.153180E-1
-7.123780E-1
-7.094380E-1
-7.079680E-1
-7.079680E-1
-7.094380E-1
-7.123780E-1
-7.167880E-1
-7.211980E-1
-7.270780E-1
-7.314880E-1
-7.373680E-1
-7.403080E-1
-7.432480E-1
-7.447180E-1
-7.447180E-1
-7.447180E-1
-7.417780E-1
-7.403080E-1
-7.373680E-1
-7.344280E-1
-7.344280E-1
-7.344280E-1
-7.358980E-1
-7.403080E-1
-7.461880E-1
-7.520680E-1
-7.594180E-1
-7.652980E-1
-7.711780E-1
-7.726480E-1
-7.726480E-1
-7.711780E-1
-7.682380E-1
-7.638280E-1
-7.594180E-1
-7.579480E-1
-7.564780E-1
-7.579480E-1
-7.608880E-1
-7.638280E-1
-7.667680E-1
-7.697080E-1
-7.726480E-1
-7.741180E-1
-7.755880E-1
-7.755880E-1
-7.770580E-1
-7.770580E-1
-7.770580E-1
-7.785280E-1
-7.770580E-1
-7.755880E-1
-7.726480E-1
-7.697080E-1
-7.652980E-1
-7.608880E-1
-7.564780E-1
-7.535380E-1
-7.505980E-1
-7.505980E-1
-7.520680E-1
-7.520680E-1
-7.535380E-1
-7.535380E-1
-7.520680E-1
-7.505980E-1
-7.476580E-1
-7.447180E-1
-7.417780E-1
-7.403080E-1
-7.403080E-1
-7.432480E-1
-7.461880E-1
-7.491280E-1
-7.535380E-1
-7.579480E-1
-7.608880E-1
-7.623580E-1
-7.638280E-1
-7.667680E-1
-7.682380E-1
-7.711780E-1
-7.741180E-1
-7.799980E-1
-7.858780E-1
-7.917580E-1
-7.961680E-1
-7.991080E-1
-8.020480E-1
-8.020480E-1
-8.005780E-1
-7.991080E-1
-7.961680E-1
-7.932280E-1
-7.902880E-1
-7.873480E-1
-7.873480E-1
-7.873480E-1
-7.873480E-1
-7.888180E-1
-7.917580E-1
-7.946980E-1
-7.961680E-1
-7.991080E-1
-7.991080E-1
-8.005780E-1
-7.991080E-1
-7.991080E-1
-7.976380E-1
-7.976380E-1
-7.976380E-1
-7.976380E-1
-7.976380E-1
-7.991080E-1
-7.991080E-1
-7.991080E-1
-7.976380E-1
-7.961680E-1
-7.932280E-1
-7.888180E-1
-7.829380E-1
-7.770580E-1
-7.711780E-1
-7.638280E-1
-7.564780E-1
-7.491280E-1
-7.417780E-1
-7.373680E-1
-7.329580E-1
-7.300180E-1
-7.285480E-1
-7.285480E-1
-7.285480E-1
-7.300180E-1
-7.285480E-1
-7.285480E-1
-7.256080E-1
-7.226680E-1
-7.197280E-1
-7.167880E-1
-7.138480E-1
-7.138480E-1
-7.167880E-1
-7.211980E-1
-7.270780E-1
-7.358980E-1
-7.432480E-1
-7.520680E-1
-7.608880E-1
-7.667680E-1
-7.711780E-1
-7.755880E-1
-7.770580E-1
-7.770580E-1
-7.755880E-1
-7.726480E-1
-7.697080E-1
-7.667680E-1
-7.652980E-1
-7.638280E-1
-7.652980E-1
-7.682380E-1
-7.726480E-1
-7.785280E-1
-7.829380E-1
-7.888180E-1
-7.932280E-1
-7.961680E-1
-7.991080E-1
-7.991080E-1
-7.976380E-1
-7.946980E-1
-7.902880E-1
-7.844080E-1
-7.785280E-1
-7.741180E-1
-7.682380E-1
-7.652980E-1
-7.638280E-1
-7.652980E-1
-7.697080E-1
-7.755880E-1
-7.858780E-1
-7.976380E-1
-8.108680E-1
-8.240980E-1
-8.343880E-1
-8.432080E-1
-8.476180E-1
-8.490880E-1
-8.446780E-1
-8.358580E-1
-8.255680E-1
-8.123380E-1
-7.976380E-1
-7.829380E-1
-7.697080E-1
-7.579480E-1
-7.476580E-1
-7.388380E-1
-7.329580E-1
-7.285480E-1
-7.256080E-1
-7.226680E-1
-7.211980E-1
-7.211980E-1
-7.211980E-1
-7.197280E-1
-7.167880E-1
-7.138480E-1
-7.094380E-1
-7.035580E-1
-6.991480E-1
-6.932680E-1
-6.903280E-1
-6.888580E-1
-6.888580E-1
-6.917980E-1
-6.976780E-1
-7.035580E-1
-7.109080E-1
-7.197280E-1
-7.285480E-1
-7.373680E-1
-7.447180E-1
-7.520680E-1
-7.594180E-1
-7.638280E-1
-7.667680E-1
-7.667680E-1
-7.638280E-1
-7.594180E-1
-7.520680E-1
-7.432480E-1
-7.344280E-1
-7.256080E-1
-7.197280E-1
-7.153180E-1
-7.138480E-1
-7.138480E-1
-7.182580E-1
-7.256080E-1
-7.329580E-1
-7.417780E-1
-7.505980E-1
-7.594180E-1
-7.682380E-1
-7.741180E-1
-7.785280E-1
-7.814680E-1
-7.814680E-1
-7.785280E-1
-7.741180E-1
-7.667680E-1
-7.564780E-1
-7.461880E-1
-7.358980E-1
-7.256080E-1
-7.167880E-1
-7.079680E-1
-7.006180E-1
-6.947380E-1
-6.903280E-1
-6.888580E-1
-6.888580E-1
-6.903280E-1
-6.947380E-1
-6.991480E-1
-7.050280E-1
-7.123780E-1
-7.182580E-1
-7.241380E-1
-7.285480E-1
-7.314880E-1
-7.344280E-1
-7.358980E-1
-7.358980E-1
-7.373680E-1
-7.403080E-1
-7.447180E-1
-7.520680E-1
-7.594180E-1
-7.697080E-1
-7.799980E-1
-7.873480E-1
-7.946980E-1
-7.991080E-1
-8.005780E-1
-7.991080E-1
-7.946980E-1
-7.873480E-1
-7.799980E-1
-7.711780E-1
-7.623580E-1
-7.535380E-1
-7.461880E-1
-7.403080E-1
-7.358980E-1
-7.344280E-1
-7.329580E-1
-7.329580E-1
-7.344280E-1
-7.358980E-1
-7.373680E-1
-7.388380E-1
-7.388380E-1
-7.373680E-1
-7.373680E-1
-7.373680E-1
-7.388380E-1
-7.417780E-1
-7.447180E-1
-7.461880E-1
-7.476580E-1
-7.461880E-1
-7.432480E-1
-7.358980E-1
-7.270780E-1
-7.167880E-1
-7.079680E-1
-6.991480E-1
-6.947380E-1
-6.917980E-1
-6.947380E-1
-7.006180E-1
-7.094380E-1
-7.197280E-1
-7.314880E-1
-7.417780E-1
-7.505980E-1
-7.550080E-1
-7.564780E-1
-7.550080E-1
-7.505980E-1
-7.447180E-1
-7.417780E-1
-7.403080E-1
-7.417780E-1
-7.491280E-1
-7.608880E-1
-7.755880E-1
-7.932280E-1
-8.123380E-1
-8.299780E-1
-8.461480E-1
-8.579080E-1
-8.652580E-1
-8.667280E-1
-8.637880E-1
-8.564380E-1
-8.461480E-1
-8.329180E-1
-8.196880E-1
-8.035180E-1
-7.888180E-1
-7.755880E-1
-7.638280E-1
-7.520680E-1
-7.432480E-1
-7.329580E-1
-7.256080E-1
-7.182580E-1
-7.123780E-1
-7.064980E-1
-7.020880E-1
-7.006180E-1
-7.020880E-1
-7.050280E-1
-7.109080E-1
-7.197280E-1
-7.314880E-1
-7.447180E-1
-7.579480E-1
-7.697080E-1
-7.814680E-1
-7.917580E-1
-7.991080E-1
-8.035180E-1
-8.049880E-1
-8.035180E-1
-8.005780E-1
-7.961680E-1
-7.888180E-1
-7.814680E-1
-7.741180E-1
-7.652980E-1
-7.579480E-1
-7.520680E-1
-7.476580E-1
-7.447180E-1
-7.432480E-1
-7.432480E-1
-7.461880E-1
-7.491280E-1
-7.520680E-1
-7.550080E-1
-7.579480E-1
-7.579480E-1
-7.579480E-1
-7.579480E-1
-7.564780E-1
-7.550080E-1
-7.535380E-1
-7.535380E-1
-7.550080E-1
-7.550080E-1
-7.564780E-1
-7.594180E-1
-7.608880E-1
-7.623580E-1
-7.638280E-1
-7.638280E-1
-7.652980E-1
-7.667680E-1
-7.682380E-1
-7.697080E-1
-7.697080E-1
-7.697080E-1
-7.697080E-1
-7.697080E-1
-7.682380E-1
-7.667680E-1
-7.667680E-1
-7.667680E-1
-7.682380E-1
-7.697080E-1
-7.711780E-1
-7.726480E-1
-7.726480E-1
-7.697080E-1
-7.652980E-1
-7.594180E-1
-7.520680E-1
-7.447180E-1
-7.373680E-1
-7.314880E-1
-7.285480E-1
-7.270780E-1
-7.270780E-1
-7.285480E-1
-7.300180E-1
-7.314880E-1
-7.329580E-1
-7.314880E-1
-7.300180E-1
-7.285480E-1
-7.256080E-1
-7.241380E-1
-7.226680E-1
-7.256080E-1
-7.300180E-1
-7.358980E-1
-7.447180E-1
-7.550080E-1
-7.638280E-1
-7.726480E-1
-7.785280E-1
-7.814680E-1
-7.799980E-1
-7.755880E-1
-7.697080E-1
-7.608880E-1
-7.520680E-1
-7.432480E-1
-7.358980E-1
-7.285480E-1
-7.241380E-1
-7.211980E-1
-7.197280E-1
-7.197280E-1
-7.197280E-1
-7.211980E-1
-7.226680E-1
-7.241380E-1
-7.256080E-1
-7.256080E-1
-7.241380E-1
-7.226680E-1
-7.197280E-1
-7.153180E-1
-7.109080E-1
-7.064980E-1
-7.035580E-1
-7.006180E-1
-6.991480E-1
-6.991480E-1
-7.006180E-1
-7.020880E-1
-7.050280E-1
-7.079680E-1
-7.109080E-1
-7.138480E-1
-7.167880E-1
-7.182580E-1
-7.197280E-1
-7.226680E-1
-7.241380E-1
-7.285480E-1
-7.329580E-1
-7.388380E-1
-7.461880E-1
-7.535380E-1
-7.623580E-1
-7.697080E-1
-7.770580E-1
-7.829380E-1
-7.873480E-1
-7.902880E-1
-7.902880E-1
-7.873480E-1
-7.829380E-1
-7.755880E-1
-7.682380E-1
-7.594180E-1
-7.505980E-1
-7.432480E-1
-7.388380E-1
-7.344280E-1
-7.329580E-1
-7.344280E-1
-7.358980E-1
-7.388380E-1
-7.403080E-1
-7.432480E-1
-7.447180E-1
-7.447180E-1
-7.432480E-1
-7.403080E-1
-7.373680E-1
-7.329580E-1
-7.285480E-1
-7.241380E-1
-7.211980E-1
-7.197280E-1
-7.211980E-1
-7.226680E-1
-7.270780E-1
-7.314880E-1
-7.358980E-1
-7.403080E-1
-7.432480E-1
-7.447180E-1
-7.432480E-1
-7.432480E-1
-7.403080E-1
-7.388380E-1
-7.388380E-1
-7.388380E-1
-7.403080E-1
-7.447180E-1
-7.505980E-1
-7.564780E-1
-7.638280E-1
-7.697080E-1
-7.741180E-1
-7.785280E-1
-7.799980E-1
-7.799980E-1
-7.770580E-1
-7.741180E-1
-7.682380E-1
-7.623580E-1
-7.564780E-1
-7.491280E-1
-7.417780E-1
-7.344280E-1
-7.300180E-1
-7.256080E-1
-7.211980E-1
-7.197280E-1
-7.197280E-1
-7.197280E-1
-7.211980E-1
-7.226680E-1
-7.256080E-1
-7.285480E-1
-7.314880E-1
-7.329580E-1
-7.358980E-1
-7.373680E-1
-7.388380E-1
-7.403080E-1
-7.417780E-1
-7.432480E-1
-7.432480E-1
-7.432480E-1
-7.432480E-1
-7.432480E-1
-7.417780E-1
-7.403080E-1
-7.403080E-1
-7.403080E-1
-7.417780E-1
-7.447180E-1
-7.491280E-1
-7.535380E-1
-7.594180E-1
-7.667680E-1
-7.741180E-1
-7.799980E-1
-7.858780E-1
-7.888180E-1
-7.917580E-1
-7.917580E-1
-7.902880E-1
-7.888180E-1
-7.858780E-1
-7.829380E-1
-7.799980E-1
-7.770580E-1
-7.755880E-1
-7.755880E-1
-7.755880E-1
-7.770580E-1
-7.785280E-1
-7.814680E-1
-7.858780E-1
-7.888180E-1
-7.917580E-1
-7.946980E-1
-7.976380E-1
-7.991080E-1
-8.005780E-1
-8.005780E-1
-8.005780E-1
-7.991080E-1
-7.961680E-1
-7.932280E-1
-7.902880E-1
-7.858780E-1
-7.799980E-1
-7.755880E-1
-7.697080E-1
-7.652980E-1
-7.608880E-1
-7.579480E-1
-7.550080E-1
-7.535380E-1
-7.520680E-1
-7.520680E-1
-7.505980E-1
-7.505980E-1
-7.520680E-1
-7.535380E-1
-7.550080E-1
-7.579480E-1
-7.623580E-1
-7.667680E-1
-7.726480E-1
-7.755880E-1
-7.785280E-1
-7.799980E-1
-7.785280E-1
-7.741180E-1
-7.682380E-1
-7.594180E-1
-7.505980E-1
-7.417780E-1
-7.344280E-1
-7.300180E-1
-7.285480E-1
-7.285480E-1
-7.314880E-1
-7.373680E-1
-7.432480E-1
-7.491280E-1
-7.535380E-1
-7.550080E-1
-7.550080E-1
-7.505980E-1
-7.432480E-1
-7.344280E-1
-7.256080E-1
-7.167880E-1
-7.109080E-1
-7.050280E-1
-7.020880E-1
-7.020880E-1
-7.020880E-1
-7.035580E-1
-7.064980E-1
-7.079680E-1
-7.109080E-1
-7.109080E-1
-7.123780E-1
-7.109080E-1
-7.079680E-1
-7.050280E-1
-7.006180E-1
-6.932680E-1
-6.859180E-1
-6.785680E-1
-6.726880E-1
-6.668080E-1
-6.638680E-1
-6.653380E-1
-6.697480E-1
-6.756280E-1
-6.859180E-1
-6.962080E-1
-7.064980E-1
-7.167880E-1
-7.226680E-1
-7.285480E-1
-7.300180E-1
-7.285480E-1
-7.270780E-1
-7.226680E-1
-7.197280E-1
-7.153180E-1
-7.123780E-1
-7.079680E-1
-7.050280E-1
-7.020880E-1
-6.976780E-1
-6.947380E-1
-6.917980E-1
-6.873880E-1
-6.844480E-1
-6.829780E-1
-6.815080E-1
-6.815080E-1
-6.829780E-1
-6.844480E-1
-6.873880E-1
-6.903280E-1
-6.932680E-1
-6.976780E-1
-7.035580E-1
-7.094380E-1
-7.167880E-1
-7.256080E-1
-7.344280E-1
-7.447180E-1
-7.520680E-1
-7.594180E-1
-7.652980E-1
-7.697080E-1
-7.711780E-1
-7.711780E-1
-7.726480E-1
-7.726480E-1
-7.726480E-1
-7.741180E-1
-7.755880E-1
-7.785280E-1
-7.799980E-1
-7.829380E-1
-7.858780E-1
-7.888180E-1
-7.917580E-1
-7.946980E-1
-7.976380E-1
-8.005780E-1
-8.049880E-1
-8.093980E-1
-8.138080E-1
-8.182180E-1
-8.211580E-1
-8.255680E-1
-8.285080E-1
-8.314480E-1
-8.343880E-1
-8.373280E-1
-8.402680E-1
-8.432080E-1
-8.446780E-1
-8.476180E-1
-8.490880E-1
-8.476180E-1
-8.461480E-1
-8.432080E-1
-8.373280E-1
-8.299780E-1
-8.226280E-1
-8.138080E-1
-8.049880E-1
-7.961680E-1
-7.888180E-1
-7.814680E-1
-7.755880E-1
-7.711780E-1
-7.682380E-1
-7.638280E-1
-7.623580E-1
-7.594180E-1
-7.564780E-1
-7.535380E-1
-7.505980E-1
-7.476580E-1
-7.447180E-1
-7.417780E-1
-7.403080E-1
-7.388380E-1
-7.388380E-1
-7.417780E-1
-7.461880E-1
-7.520680E-1
-7.608880E-1
-7.697080E-1
-7.785280E-1
-7.873480E-1
-7.946980E-1
-8.005780E-1
-8.035180E-1
-8.049880E-1
-8.035180E-1
-7.991080E-1
-7.946980E-1
-7.873480E-1
-7.814680E-1
-7.755880E-1
-7.697080E-1
-7.652980E-1
-7.623580E-1
-7.608880E-1
-7.594180E-1
-7.579480E-1
-7.564780E-1
-7.550080E-1
-7.520680E-1
-7.491280E-1
-7.447180E-1
-7.403080E-1
-7.344280E-1
-7.300180E-1
-7.256080E-1
-7.197280E-1
-7.167880E-1
-7.123780E-1
-7.109080E-1
-7.094380E-1
-7.109080E-1
-7.153180E-1
-7.211980E-1
-7.300180E-1
-7.432480E-1
-7.579480E-1
-7.770580E-1
-7.976380E-1
-8.211580E-1
-8.476180E-1
-8.770180E-1
-9.078880E-1
-9.416980E-1
-9.769780E-1
-1.016668E+0
-1.059298E+0
-1.106338E+0
-1.156318E+0
-1.207768E+0
-1.262158E+0
-1.318018E+0
-1.376818E+0
-1.434148E+0
-1.490008E+0
-1.545868E+0
-1.597318E+0
-1.644358E+0
-1.686988E+0
-1.723738E+0
-1.754608E+0
-1.779598E+0
-1.798708E+0
-1.816348E+0
-1.829578E+0
-1.841338E+0
-1.851628E+0
-1.861918E+0
-1.870738E+0
-1.879558E+0
-1.885438E+0
-1.889848E+0
-1.892788E+0
-1.892788E+0
-1.891318E+0
-1.888378E+0
-1.885438E+0
-1.882498E+0
-1.879558E+0
-1.876618E+0
-1.875148E+0
-1.873678E+0
-1.873678E+0
-1.875148E+0
-1.876618E+0
-1.881028E+0
-1.885438E+0
-1.891318E+0
-1.897198E+0
-1.906018E+0
-1.913368E+0
-1.920718E+0
-1.926598E+0
-1.932478E+0
-1.933948E+0
-1.935418E+0
-1.932478E+0
-1.929538E+0
-1.925128E+0
-1.920718E+0
-1.914838E+0
-1.911898E+0
-1.908958E+0
-1.908958E+0
-1.907488E+0
-1.908958E+0
-1.908958E+0
-1.910428E+0
-1.911898E+0
-1.914838E+0
-1.916308E+0
-1.917778E+0
-1.920718E+0
-1.925128E+0
-1.929538E+0
-1.935418E+0
-1.942768E+0
-1.951588E+0
-1.960408E+0
-1.970698E+0
-1.980988E+0
-1.991278E+0
-2.001568E+0
-2.010388E+0
-2.017738E+0
-2.023618E+0
-2.028028E+0
-2.030968E+0
-2.030968E+0
-2.029498E+0
-2.023618E+0
-2.014798E+0
-2.003038E+0
-1.986868E+0
-1.969228E+0
-1.950118E+0
-1.931008E+0
-1.913368E+0
-1.900138E+0
-1.892788E+0
-1.891318E+0
-1.895728E+0
-1.907488E+0
-1.923658E+0
-1.942768E+0
-1.963348E+0
-1.985398E+0
-2.004508E+0
-2.022148E+0
-2.035378E+0
-2.048608E+0
-2.058898E+0
-2.069188E+0
-2.080948E+0
-2.092708E+0
-2.104468E+0
-2.116228E+0
-2.125048E+0
-2.132398E+0
-2.133868E+0
-2.130928E+0
-2.123578E+0
-2.111818E+0
-2.095648E+0
-2.079478E+0
-2.061838E+0
-2.045668E+0
-2.030968E+0
-2.017738E+0
-2.005978E+0
-1.994218E+0
-1.983928E+0
-1.973638E+0
-1.963348E+0
-1.953058E+0
-1.945708E+0
-1.941298E+0
-1.939828E+0
-1.942768E+0
-1.948648E+0
-1.958938E+0
-1.970698E+0
-1.982458E+0
-1.994218E+0
-2.004508E+0
-2.013328E+0
-2.022148E+0
-2.029498E+0
-2.038318E+0
-2.048608E+0
-2.061838E+0
-2.078008E+0
-2.095648E+0
-2.111818E+0
-2.126518E+0
-2.138278E+0
-2.144158E+0
-2.144158E+0
-2.138278E+0
-2.130928E+0
-2.120638E+0
-2.110348E+0
-2.102998E+0
-2.098588E+0
-2.095648E+0
-2.095648E+0
-2.098588E+0
-2.102998E+0
-2.108878E+0
-2.116228E+0
-2.123578E+0
-2.130928E+0
-2.139748E+0
-2.147098E+0
-2.155918E+0
-2.163268E+0
-2.169148E+0
-2.173558E+0
-2.175028E+0
-2.175028E+0
-2.172088E+0
-2.164738E+0
-2.155918E+0
-2.142688E+0
-2.127988E+0
-2.110348E+0
-2.094178E+0
-2.078008E+0
-2.063308E+0
-2.054488E+0
-2.048608E+0
-2.048608E+0
-2.051548E+0
-2.058898E+0
-2.069188E+0
-2.082418E+0
-2.095648E+0
-2.107408E+0
-2.117698E+0
-2.125048E+0
-2.129458E+0
-2.129458E+0
-2.127988E+0
-2.122108E+0
-2.114758E+0
-2.108878E+0
-2.101528E+0
-2.097118E+0
-2.092708E+0
-2.089768E+0
-2.089768E+0
-2.089768E+0
-2.091238E+0
-2.092708E+0
-2.094178E+0
-2.098588E+0
-2.102998E+0
-2.110348E+0
-2.119168E+0
-2.129458E+0
-2.138278E+0
-2.147098E+0
-2.154448E+0
-2.157388E+0
-2.157388E+0
-2.152978E+0
-2.144158E+0
-2.133868E+0
-2.122108E+0
-2.108878E+0
-2.100058E+0
-2.094178E+0
-2.091238E+0
-2.094178E+0
-2.100058E+0
-2.110348E+0
-2.122108E+0
-2.133868E+0
-2.145628E+0
-2.154448E+0
-2.164738E+0
-2.172088E+0
-2.179438E+0
-2.186788E+0
-2.195608E+0
-2.205898E+0
-2.217658E+0
-2.229418E+0
-2.239708E+0
-2.249998E+0
-2.255878E+0
-2.258818E+0
-2.258818E+0
-2.255878E+0
-2.249998E+0
-2.247058E+0
-2.244118E+0
-2.244118E+0
-2.247058E+0
-2.252938E+0
-2.257348E+0
-2.261758E+0
-2.263228E+0
-2.260288E+0
-2.254408E+0
-2.245588E+0
-2.235298E+0
-2.225008E+0
-2.217658E+0
-2.211778E+0
-2.207368E+0
-2.205898E+0
-2.204428E+0
-2.201488E+0
-2.198548E+0
-2.189728E+0
-2.179438E+0
-2.167678E+0
-2.154448E+0
-2.141218E+0
-2.130928E+0
-2.123578E+0
-2.119168E+0
-2.120638E+0
-2.126518E+0
-2.136808E+0
-2.148568E+0
-2.160328E+0
-2.172088E+0
-2.180908E+0
-2.186788E+0
-2.186788E+0
-2.180908E+0
-2.172088E+0
-2.161798E+0
-2.151508E+0
-2.144158E+0
-2.141218E+0
-2.145628E+0
-2.155918E+0
-2.173558E+0
-2.198548E+0
-2.226478E+0
-2.258818E+0
-2.289688E+0
-2.319088E+0
-2.344078E+0
-2.361718E+0
-2.372008E+0
-2.374948E+0
-2.369068E+0
-2.355838E+0
-2.338198E+0
-2.319088E+0
-2.297038E+0
-2.277928E+0
-2.263228E+0
-2.251468E+0
-2.245588E+0
-2.244118E+0
-2.247058E+0
-2.252938E+0
-2.260288E+0
-2.267638E+0
-2.272048E+0
-2.276458E+0
-2.277928E+0
-2.277928E+0
-2.274988E+0
-2.272048E+0
-2.269108E+0
-2.266168E+0
-2.264698E+0
-2.261758E+0
-2.260288E+0
-2.260288E+0
-2.258818E+0
-2.260288E+0
-2.260288E+0
-2.263228E+0
-2.264698E+0
-2.267638E+0
-2.270578E+0
-2.273518E+0
-2.276458E+0
-2.277928E+0
-2.277928E+0
-2.276458E+0
-2.273518E+0
-2.269108E+0
-2.263228E+0
-2.255878E+0
-2.247058E+0
-2.238238E+0
-2.230888E+0
-2.223538E+0
-2.219128E+0
-2.216188E+0
-2.214718E+0
-2.217658E+0
-2.222068E+0
-2.230888E+0
-2.244118E+0
-2.260288E+0
-2.280868E+0
-2.302918E+0
-2.324968E+0
-2.347018E+0
-2.363188E+0
-2.374948E+0
-2.380828E+0
-2.379358E+0
-2.373478E+0
-2.363188E+0
-2.351428E+0
-2.336728E+0
-2.323498E+0
-2.311738E+0
-2.298508E+0
-2.288218E+0
-2.279398E+0
-2.273518E+0
-2.269108E+0
-2.266168E+0
-2.267638E+0
-2.269108E+0
-2.273518E+0
-2.277928E+0
-2.282338E+0
-2.285278E+0
-2.285278E+0
-2.283808E+0
-2.279398E+0
-2.272048E+0
-2.264698E+0
-2.257348E+0
-2.251468E+0
-2.245588E+0
-2.242648E+0
-2.242648E+0
-2.244118E+0
-2.248528E+0
-2.254408E+0
-2.261758E+0
-2.269108E+0
-2.277928E+0
-2.288218E+0
-2.299978E+0
-2.313208E+0
-2.327908E+0
-2.344078E+0
-2.360248E+0
-2.376418E+0
-2.391118E+0
-2.402878E+0
-2.411698E+0
-2.417578E+0
-2.421988E+0
-2.423458E+0
-2.424928E+0
-2.423458E+0
-2.421988E+0
-2.420518E+0
-2.416108E+0
-2.410228E+0
-2.405818E+0
-2.399938E+0
-2.394058E+0
-2.388178E+0
-2.383768E+0
-2.380828E+0
-2.379358E+0
-2.376418E+0
-2.374948E+0
-2.372008E+0
-2.370538E+0
-2.367598E+0
-2.364658E+0
-2.363188E+0
-2.361718E+0
-2.360248E+0
-2.358778E+0
-2.355838E+0
-2.352898E+0
-2.349958E+0
-2.348488E+0
-2.348488E+0
-2.351428E+0
-2.355838E+0
-2.366128E+0
-2.377888E+0
-2.391118E+0
-2.404348E+0
-2.417578E+0
-2.426398E+0
-2.432278E+0
-2.435218E+0
-2.433748E+0
-2.430808E+0
-2.427868E+0
-2.426398E+0
-2.426398E+0
-2.429338E+0
-2.435218E+0
-2.442568E+0
-2.451388E+0
-2.461678E+0
-2.471968E+0
-2.477848E+0
-2.482258E+0
-2.480788E+0
-2.474908E+0
-2.466088E+0
-2.451388E+0
-2.432278E+0
-2.411698E+0
-2.389648E+0
-2.366128E+0
-2.345548E+0
-2.324968E+0
-2.308798E+0
-2.297038E+0
-2.291158E+0
-2.289688E+0
-2.294098E+0
-2.302918E+0
-2.317618E+0
-2.335258E+0
-2.357308E+0
-2.380828E+0
-2.405818E+0
-2.429338E+0
-2.454328E+0
-2.476378E+0
-2.496958E+0
-2.511658E+0
-2.523418E+0
-2.530768E+0
-2.533708E+0
-2.532238E+0
-2.527828E+0
-2.521948E+0
-2.516068E+0
-2.511658E+0
-2.510188E+0
-2.510188E+0
-2.511658E+0
-2.517538E+0
-2.526358E+0
-2.538118E+0
-2.549878E+0
-2.563108E+0
-2.577808E+0
-2.591038E+0
-2.601328E+0
-2.611618E+0
-2.617498E+0
-2.620438E+0
-2.618968E+0
-2.614558E+0
-2.607208E+0
-2.593978E+0
-2.579278E+0
-2.561638E+0
-2.539588E+0
-2.517538E+0
-2.494018E+0
-2.470498E+0
-2.448448E+0
-2.427868E+0
-2.408758E+0
-2.392588E+0
-2.380828E+0
-2.373478E+0
-2.370538E+0
-2.373478E+0
-2.380828E+0
-2.394058E+0
-2.413168E+0
-2.435218E+0
-2.457268E+0
-2.479318E+0
-2.499898E+0
-2.516068E+0
-2.529298E+0
-2.538118E+0
-2.542528E+0
-2.543998E+0
-2.542528E+0
-2.539588E+0
-2.535178E+0
-2.529298E+0
-2.520478E+0
-2.510188E+0
-2.498428E+0
-2.485198E+0
-2.471968E+0
-2.457268E+0
-2.444038E+0
-2.430808E+0
-2.419048E+0
-2.411698E+0
-2.405818E+0
-2.404348E+0
-2.404348E+0
-2.408758E+0
-2.414638E+0
-2.420518E+0
-2.427868E+0
-2.435218E+0
-2.442568E+0
-2.451388E+0
-2.460208E+0
-2.469028E+0
-2.479318E+0
-2.491078E+0
-2.502838E+0
-2.516068E+0
-2.527828E+0
-2.538118E+0
-2.548408E+0
-2.557228E+0
-2.561638E+0
-2.564578E+0
-2.564578E+0
-2.561638E+0
-2.558698E+0
-2.555758E+0
-2.552818E+0
-2.549878E+0
-2.549878E+0
-2.549878E+0
-2.551348E+0
-2.552818E+0
-2.557228E+0
-2.560168E+0
-2.564578E+0
-2.568988E+0
-2.573398E+0
-2.579278E+0
-2.583688E+0
-2.588098E+0
-2.591038E+0
-2.593978E+0
-2.595448E+0
-2.595448E+0
-2.593978E+0
-2.591038E+0
-2.588098E+0
-2.585158E+0
-2.580748E+0
-2.577808E+0
-2.573398E+0
-2.568988E+0
-2.561638E+0
-2.555758E+0
-2.548408E+0
-2.542528E+0
-2.536648E+0
-2.532238E+0
-2.529298E+0
-2.529298E+0
-2.527828E+0
-2.526358E+0
-2.521948E+0
-2.516068E+0
-2.505778E+0
-2.494018E+0
-2.482258E+0
-2.473438E+0
-2.470498E+0
-2.473438E+0
-2.488138E+0
-2.511658E+0
-2.543998E+0
-2.580748E+0
-2.618968E+0
-2.655718E+0
-2.685118E+0
-2.705698E+0
-2.713048E+0
-2.713048E+0
-2.704228E+0
-2.692468E+0
-2.679238E+0
-2.667478E+0
-2.658658E+0
-2.652778E+0
-2.652778E+0
-2.652778E+0
-2.652778E+0
-2.651308E+0
-2.649838E+0
-2.648368E+0
-2.646898E+0
-2.646898E+0
-2.646898E+0
-2.649838E+0
-2.654248E+0
-2.658658E+0
-2.664538E+0
-2.667478E+0
-2.670418E+0
-2.668948E+0
-2.666008E+0
-2.660128E+0
-2.652778E+0
-2.642488E+0
-2.632198E+0
-2.621908E+0
-2.610148E+0
-2.598388E+0
-2.588098E+0
-2.577808E+0
-2.568988E+0
-2.560168E+0
-2.552818E+0
-2.546938E+0
-2.541058E+0
-2.536648E+0
-2.533708E+0
-2.533708E+0
-2.533708E+0
-2.535178E+0
-2.541058E+0
-2.546938E+0
-2.555758E+0
-2.567518E+0
-2.579278E+0
-2.592508E+0
-2.605738E+0
-2.618968E+0
-2.632198E+0
-2.643958E+0
-2.657188E+0
-2.668948E+0
-2.679238E+0
-2.692468E+0
-2.704228E+0
-2.717458E+0
-2.732158E+0
-2.748328E+0
-2.767438E+0
-2.788018E+0
-2.810068E+0
-2.832118E+0
-2.852698E+0
-2.870338E+0
-2.880628E+0
-2.886508E+0
-2.887978E+0
-2.886508E+0
-2.883568E+0
-2.879158E+0
-2.874748E+0
-2.871808E+0
-2.867398E+0
-2.861518E+0
-2.852698E+0
-2.839468E+0
-2.823298E+0
-2.804188E+0
-2.783608E+0
-2.763028E+0
-2.743918E+0
-2.726278E+0
-2.710108E+0
-2.693938E+0
-2.679238E+0
-2.661598E+0
-2.645428E+0
-2.627788E+0
-2.613088E+0
-2.599858E+0
-2.589568E+0
-2.585158E+0
-2.586628E+0
-2.593978E+0
-2.607208E+0
-2.624848E+0
-2.645428E+0
-2.667478E+0
-2.689528E+0
-2.708638E+0
-2.724808E+0
-2.739508E+0
-2.749798E+0
-2.754208E+0
-2.752738E+0
-2.742448E+0
-2.724808E+0
-2.698348E+0
-2.664538E+0
-2.624848E+0
-2.582218E+0
-2.541058E+0
-2.379358E+0
-1.881028E+0
-1.079878E+0
-1.817080E-1
6.797120E-1
1.457342E+0
2.129132E+0
2.690672E+0
3.150782E+0
3.516812E+0
3.796112E+0
3.997502E+0
4.132742E+0
4.201832E+0
4.210652E+0
4.162142E+0
4.062182E+0
3.909302E+0
3.709382E+0
3.463892E+0
3.177242E+0
2.840612E+0
2.458412E+0
2.042402E+0
1.589642E+0
1.079552E+0
5.238920E-1
-5.381800E-2
-6.388780E-1
-1.215118E+0
-1.769308E+0
-2.291158E+0
-2.771848E+0
-3.206968E+0
-3.600928E+0
-3.955198E+0
-4.281538E+0
-4.584358E+0
-4.871008E+0
-5.154718E+0
-5.434018E+0
-5.717728E+0
-6.005848E+0
-6.301318E+0
-6.596788E+0
-6.893728E+0
-7.171558E+0
-7.414108E+0
-7.616968E+0
-7.778668E+0
-7.887448E+0
-7.972708E+0
-8.041798E+0
-8.143228E+0
-8.278468E+0
-8.500438E+0
-8.816488E+0
-9.283948E+0
-9.946918E+0
-1.095681E+1
-1.277961E+1
-2.050005E+1
-2.050005E+1
-2.050005E+1
-2.050005E+1
-2.050005E+1
-2.050005E+1
-1.899477E+1
-1.277961E+1
-1.130520E+1
-1.049964E+1
-9.996898E+0
-9.707308E+0
-9.547078E+0
-9.505918E+0
-9.519148E+0
-9.604408E+0
-9.707308E+0
-9.799918E+0
-9.863128E+0
-9.896938E+0
-9.913108E+0
-9.929278E+0
-9.946918E+0
-1.003218E+1
-1.019535E+1
-1.052169E+1
-1.103913E+1
-1.191966E+1
-1.369101E+1
-2.050005E+1
-2.050005E+1
-2.050005E+1
-2.050005E+1
-2.050005E+1
-2.050005E+1
-2.050005E+1
-2.050005E+1
-2.050005E+1
-1.388799E+1
-1.248855E+1
-1.183734E+1
-1.140222E+1
-1.112439E+1
-1.087743E+1
-1.058784E+1
-1.025268E+1
-9.896938E+0
-9.547078E+0
-9.235438E+0
-8.982598E+0
-8.816488E+0
-8.738578E+0
-8.747398E+0
-8.867938E+0
-9.070798E+0
-9.358918E+0
-9.707308E+0
-1.012185E+1
-1.052169E+1
-1.085244E+1
-1.106706E+1
-1.109499E+1
-1.098327E+1
-1.077747E+1
-1.052169E+1
-1.023357E+1
-9.946918E+0
-9.677908E+0
-9.411838E+0
-9.175168E+0
-8.962018E+0
-8.767978E+0
-8.597458E+0
-8.475448E+0
-8.391658E+0
-8.341678E+0
-8.325508E+0
-8.341678E+0
-8.391658E+0
-8.475448E+0
-8.579818E+0
-8.719468E+0
-8.888518E+0
-9.094318E+0
-9.358918E+0
-9.722008E+0
-1.021446E+1
-1.098327E+1
-1.233273E+1
-1.899477E+1
-2.050005E+1
-2.050005E+1
-2.050005E+1
-2.050005E+1
-2.050005E+1
-2.050005E+1
-2.050005E+1
-2.050005E+1
-2.050005E+1
-2.050005E+1
-2.050005E+1
-2.050005E+1
-2.050005E+1
-2.050005E+1
-2.050005E+1
-1.476852E+1
-1.265907E+1
-1.187850E+1
-1.146837E+1
-1.130520E+1
-1.127433E+1
-1.130520E+1
-1.124346E+1
-1.112439E+1
-1.093035E+1
-1.072749E+1
-1.054374E+1
-1.039380E+1
-1.031148E+1
-1.029237E+1
-1.035264E+1
-1.052169E+1
-1.075248E+1
-1.109499E+1
-1.157274E+1
-1.233273E+1
-1.369101E+1
-2.050005E+1
-2.050005E+1
-2.050005E+1
-2.050005E+1
-2.050005E+1
-2.050005E+1
-2.050005E+1
-2.050005E+1
-2.050005E+1
-2.050005E+1
-2.050005E+1
-2.050005E+1
-2.050005E+1
-2.050005E+1
-2.050005E+1
-2.050005E+1
-2.050005E+1
-2.050005E+1
-2.050005E+1
-2.050005E+1
-2.050005E+1
-2.050005E+1
-2.050005E+1
-2.050005E+1
-2.050005E+1
-2.050005E+1
-2.050005E+1
-1.748949E+1
-1.598421E+1
-1.660896E+1
-2.050005E+1
-2.050005E+1
-2.050005E+1
-2.050005E+1
-2.050005E+1
-2.050005E+1
-2.050005E+1
-2.050005E+1
-2.050005E+1
-2.050005E+1
-2.050005E+1
-2.050005E+1
-2.050005E+1
-2.050005E+1
-2.050005E+1
-2.050005E+1
-1.260027E+1
-1.106706E+1
-1.033206E+1
-9.896938E+0
-9.663208E+0
-9.547078E+0
-9.561778E+0
-9.648508E+0
-9.816088E+0
-1.006746E+1
-1.037322E+1
-1.075248E+1
-1.118319E+1
-1.171974E+1
-1.238271E+1
-1.311330E+1
-1.369101E+1
-1.410555E+1
-1.410555E+1
-1.369101E+1
-1.318680E+1
-1.265907E+1
-1.233273E+1
-1.218573E+1
-1.223277E+1
-1.248855E+1
-1.297365E+1
-1.378803E+1
-1.493022E+1
-1.700439E+1
-1.899477E+1
-1.748949E+1
-1.549911E+1
-1.410555E+1
-1.326324E+1
-1.284135E+1
-1.277961E+1
-1.326324E+1
-1.493022E+1
-2.050005E+1
-2.050005E+1
-2.050005E+1
-2.050005E+1
-2.050005E+1
-2.050005E+1
-2.050005E+1
-2.050005E+1
-2.050005E+1
-2.050005E+1
-2.050005E+1
-2.050005E+1
-2.050005E+1
-2.050005E+1
-2.050005E+1
-2.050005E+1
-2.050005E+1
-2.050005E+1
-2.050005E+1
-2.050005E+1
-2.050005E+1
-2.050005E+1
-1.549911E+1
-1.271787E+1
-1.153746E+1
-1.082745E+1
-1.037322E+1
-1.004982E+1
-9.846958E+0
-9.722008E+0
-9.663208E+0
-9.648508E+0
-9.707308E+0
-9.830788E+0
-1.004982E+1
-1.041438E+1
-1.095681E+1
-1.187850E+1
-1.378803E+1
-2.050005E+1
-2.050005E+1
-2.050005E+1
-2.050005E+1
-2.050005E+1
-2.050005E+1
-2.050005E+1
-2.050005E+1
-2.050005E+1
-2.050005E+1
-2.050005E+1
-2.050005E+1
-1.510368E+1
-1.284135E+1
-1.179765E+1
-1.112439E+1
-1.063341E+1
-1.027326E+1
-1.001454E+1
-9.846958E+0
-9.752878E+0
-9.769048E+0
-9.879298E+0
-1.012185E+1
-1.047759E+1
-1.101120E+1
-1.183734E+1
-1.318680E+1
-1.660896E+1
-2.050005E+1
-2.050005E+1
-2.050005E+1
-2.050005E+1
-2.050005E+1
-2.050005E+1
-2.050005E+1
-2.050005E+1
-2.050005E+1
-2.050005E+1
-2.050005E+1
-2.050005E+1
-2.050005E+1
-2.050005E+1
-2.050005E+1
-2.050005E+1
-2.050005E+1
-2.050005E+1
-2.050005E+1
-2.050005E+1
-2.050005E+1
-2.050005E+1
-2.050005E+1
-2.050005E+1
-2.050005E+1
-1.476852E+1
-1.290750E+1
-1.218573E+1
-1.179765E+1
-1.168152E+1
-1.171974E+1
-1.191966E+1
-1.223277E+1
-1.260027E+1
-1.290750E+1
-1.297365E+1
-1.284135E+1
-1.248855E+1
-1.209312E+1
-1.171974E+1
-1.143456E+1
-1.121259E+1
-1.112439E+1
-1.109499E+1
-1.112439E+1
-1.115379E+1
-1.118319E+1
-1.115379E+1
-1.101120E+1
-1.082745E+1
-1.056579E+1
-1.029237E+1
-1.003218E+1
-9.799918E+0
-9.619108E+0
-9.492688E+0
-9.425068E+0
-9.398608E+0
-9.438298E+0
-9.547078E+0
-9.738178E+0
-9.996898E+0
-1.035264E+1
-1.077747E+1
-1.124346E+1
-1.164477E+1
-1.187850E+1
-1.175796E+1
-1.143456E+1
-1.101120E+1
-1.063341E+1
-1.035264E+1
-1.021446E+1
-1.023357E+1
-1.043496E+1
-1.085244E+1
-1.150218E+1
-1.254441E+1
-1.434663E+1
-2.050005E+1
-2.050005E+1
-2.050005E+1
-2.050005E+1
-2.050005E+1
-2.050005E+1
-2.050005E+1
-2.050005E+1
-2.050005E+1
-2.050005E+1
-2.050005E+1
-2.050005E+1
-2.050005E+1
-2.050005E+1
-2.050005E+1
-2.050005E+1
-2.050005E+1
-2.050005E+1
-2.050005E+1
-2.050005E+1
-2.050005E+1
-2.050005E+1
-2.050005E+1
-1.510368E+1
-1.399383E+1
-1.351020E+1
-1.334262E+1
-1.342494E+1
-1.351020E+1
-1.351020E+1
-1.326324E+1
-1.284135E+1
-1.233273E+1
-1.179765E+1
-1.133607E+1
-1.098327E+1
-1.075248E+1
-1.068045E+1
-1.077747E+1
-1.106706E+1
-1.164477E+1
-1.277961E+1
-1.572843E+1
-2.050005E+1
-2.050005E+1
-2.050005E+1
-2.050005E+1
-2.050005E+1
-2.050005E+1
-2.050005E+1
-2.050005E+1
-2.050005E+1
-2.050005E+1
-2.050005E+1
-2.050005E+1
-2.050005E+1
-2.050005E+1
-2.050005E+1
-2.050005E+1
-2.050005E+1
-2.050005E+1
-2.050005E+1
-2.050005E+1
-2.050005E+1
-2.050005E+1
-2.050005E+1
-2.050005E+1
-2.050005E+1
-2.050005E+1
-2.050005E+1
-2.050005E+1
-2.050005E+1
-2.050005E+1
-2.050005E+1
-2.050005E+1
-2.050005E+1
-2.050005E+1
-2.050005E+1
-2.050005E+1
-2.050005E+1
-2.050005E+1
-2.050005E+1
-2.050005E+1
-2.050005E+1
-2.050005E+1
-2.050005E+1
-2.050005E+1
-2.050005E+1
-2.050005E+1
-1.899477E+1
-2.050005E+1
-2.050005E+1
-2.050005E+1
-2.050005E+1
-2.050005E+1
-2.050005E+1
-2.050005E+1
-2.050005E+1
-2.050005E+1
-2.050005E+1
-2.050005E+1
-2.050005E+1
-2.050005E+1
-2.050005E+1
-2.050005E+1
-2.050005E+1
-2.050005E+1
-2.050005E+1
-2.050005E+1
-2.050005E+1
-2.050005E+1
-2.050005E+1
-2.050005E+1
-2.050005E+1
-1.660896E+1
-1.447893E+1
-1.410555E+1
-1.461858E+1
-1.811424E+1
-2.050005E+1
-2.050005E+1
-2.050005E+1
-2.050005E+1
-2.050005E+1
-2.050005E+1
-2.050005E+1
-2.050005E+1
-2.050005E+1
-2.050005E+1
-2.050005E+1
-1.529331E+1
-1.271787E+1
-1.171974E+1
-1.121259E+1
-1.095681E+1
-1.087743E+1
-1.090389E+1
-1.103913E+1
-1.118319E+1
-1.136841E+1
-1.153746E+1
-1.168152E+1
-1.179765E+1
-1.196082E+1
-1.228275E+1
-1.284135E+1
-1.388799E+1
-1.748949E+1
-2.050005E+1
-2.050005E+1
-2.050005E+1
-2.050005E+1
-2.050005E+1
-2.050005E+1
-2.050005E+1
-2.050005E+1
-2.050005E+1
-2.050005E+1
-2.050005E+1
-2.050005E+1
-2.050005E+1
-2.050005E+1
-2.050005E+1
-2.050005E+1
-2.050005E+1
-2.050005E+1
-2.050005E+1
-1.529331E+1
-1.297365E+1
-1.213869E+1
-1.171974E+1
-1.153746E+1
-1.143456E+1
-1.130520E+1
-1.115379E+1
-1.090389E+1
-1.065693E+1
-1.045554E+1
-1.029237E+1
-1.023357E+1
-1.025268E+1
-1.043496E+1
-1.075248E+1
-1.121259E+1
-1.183734E+1
-1.260027E+1
-1.334262E+1
-1.388799E+1
-1.378803E+1
-1.326324E+1
-1.265907E+1
-1.218573E+1
-1.183734E+1
-1.171974E+1
-1.183734E+1
-1.218573E+1
-1.290750E+1
-1.447893E+1
-2.050005E+1
-2.050005E+1
-2.050005E+1
-2.050005E+1
-2.050005E+1
-2.050005E+1
-2.050005E+1
-2.050005E+1
-2.050005E+1
-2.050005E+1
-2.050005E+1
-2.050005E+1
-2.050005E+1
-2.050005E+1
-2.050005E+1
-1.627380E+1
-1.369101E+1
-1.277961E+1
-1.238271E+1
-1.213869E+1
-1.191966E+1
-1.168152E+1
-1.140222E+1
-1.106706E+1
-1.080099E+1
-1.060989E+1
-1.052169E+1
-1.063341E+1
-1.101120E+1
-1.187850E+1
-1.434663E+1
-2.050005E+1
-2.050005E+1
-2.050005E+1
-2.050005E+1
-2.050005E+1
-2.050005E+1
-2.050005E+1
-2.050005E+1
-2.050005E+1
-2.050005E+1
-2.050005E+1
-2.050005E+1
-2.050005E+1
-2.050005E+1
-2.050005E+1
-2.050005E+1
-1.549911E+1
-1.271787E+1
-1.164477E+1
-1.093035E+1
-1.041438E+1
-9.980728E+0
-9.604408E+0
-9.295708E+0
-9.048748E+0
-8.888518E+0
-8.816488E+0
-8.857648E+0
-9.004648E+0
-9.295708E+0
-9.738178E+0
-1.037322E+1
-1.124346E+1
-1.238271E+1
-1.399383E+1
-1.660896E+1
-1.899477E+1
-1.660896E+1
-1.476852E+1
-1.342494E+1
-1.260027E+1
-1.200492E+1
-1.164477E+1
-1.140222E+1
-1.124346E+1
-1.118319E+1
-1.118319E+1
-1.121259E+1
-1.124346E+1
-1.124346E+1
-1.121259E+1
-1.115379E+1
-1.103913E+1
-1.093035E+1
-1.087743E+1
-1.090389E+1
-1.098327E+1
-1.112439E+1
-1.130520E+1
-1.146837E+1
-1.153746E+1
-1.146837E+1
-1.133607E+1
-1.118319E+1
-1.109499E+1
-1.115379E+1
-1.146837E+1
-1.228275E+1
-1.476852E+1
-2.050005E+1
-2.050005E+1
-2.050005E+1
-2.050005E+1
-2.050005E+1
-2.050005E+1
-2.050005E+1
-2.050005E+1
-2.050005E+1
-2.050005E+1
-2.050005E+1
-2.050005E+1
-2.050005E+1
-2.050005E+1
-2.050005E+1
-2.050005E+1
-2.050005E+1
-2.050005E+1
-2.050005E+1
-2.050005E+1
-2.050005E+1
-2.050005E+1
-2.050005E+1
-2.050005E+1
-2.050005E+1
-2.050005E+1
-2.050005E+1
-2.050005E+1
-2.050005E+1
-2.050005E+1
-2.050005E+1
-2.050005E+1
-2.050005E+1
-2.050005E+1
-2.050005E+1
-2.050005E+1
-2.050005E+1
-2.050005E+1
-2.050005E+1
-2.050005E+1
-2.050005E+1
-2.050005E+1
-2.050005E+1
-2.050005E+1
-2.050005E+1
-2.050005E+1
-2.050005E+1
-2.050005E+1
-2.050005E+1
-2.050005E+1
-2.050005E+1
-2.050005E+1
-2.050005E+1
-2.050005E+1
-2.050005E+1
-2.050005E+1
-2.050005E+1
-2.050005E+1
-2.050005E+1
-2.050005E+1
-2.050005E+1
-2.050005E+1
-2.050005E+1
-2.050005E+1
-2.050005E+1
-2.050005E+1
-2.050005E+1
-1.899477E+1
-1.369101E+1
-1.233273E+1
-1.153746E+1
-1.103913E+1
-1.072749E+1
-1.058784E+1
-1.058784E+1
-1.070397E+1
-1.098327E+1
-1.150218E+1
-1.233273E+1
-1.410555E+1
-2.050005E+1
-2.050005E+1
-2.050005E+1
-2.050005E+1
-2.050005E+1
-2.050005E+1
-2.050005E+1
-2.050005E+1
-2.050005E+1
-2.050005E+1
-2.050005E+1
-2.050005E+1
-2.050005E+1
-2.050005E+1
-2.050005E+1
-2.050005E+1
-2.050005E+1
-2.050005E+1
-2.050005E+1
-2.050005E+1
-2.050005E+1
-2.050005E+1
-2.050005E+1
-2.050005E+1
-1.748949E+1
-1.334262E+1
-1.248855E+1
-1.233273E+1
-1.284135E+1
-1.476852E+1
-2.050005E+1
-2.050005E+1
-2.050005E+1
-2.050005E+1
-2.050005E+1
-2.050005E+1
-2.050005E+1
-2.050005E+1
-2.050005E+1
-2.050005E+1
-2.050005E+1
-2.050005E+1
-1.461858E+1
-1.277961E+1
-1.213869E+1
-1.209312E+1
-1.260027E+1
-1.410555E+1
-2.050005E+1
-2.050005E+1
-2.050005E+1
-2.050005E+1
-2.050005E+1
-2.050005E+1
-2.050005E+1
-2.050005E+1
-2.050005E+1
-2.050005E+1
-2.050005E+1
-2.050005E+1
-2.050005E+1
-2.050005E+1
-2.050005E+1
-1.461858E+1
-1.271787E+1
-1.204902E+1
-1.183734E+1
-1.200492E+1
-1.271787E+1
-1.434663E+1
-2.050005E+1
-2.050005E+1
-2.050005E+1
-2.050005E+1
-2.050005E+1
-2.050005E+1
-2.050005E+1
-2.050005E+1
-2.050005E+1
-2.050005E+1
-2.050005E+1
-2.050005E+1
-2.050005E+1
-2.050005E+1
-2.050005E+1
-1.359840E+1
-1.228275E+1
-1.164477E+1
-1.130520E+1
-1.112439E+1
-1.106706E+1
-1.112439E+1
-1.130520E+1
-1.157274E+1
-1.204902E+1
-1.271787E+1
-1.369101E+1
-1.529331E+1
-1.811424E+1
-2.050005E+1
-2.050005E+1
-1.899477E+1
-1.572843E+1
-1.461858E+1
-1.410555E+1
-1.434663E+1
-1.572843E+1
-2.050005E+1
-2.050005E+1
-2.050005E+1
-2.050005E+1
-2.050005E+1
-2.050005E+1
-2.050005E+1
-2.050005E+1
-2.050005E+1
-2.050005E+1
-2.050005E+1
-2.050005E+1
-2.050005E+1
-2.050005E+1
-2.050005E+1
-2.050005E+1
-1.811424E+1
-1.238271E+1
-1.115379E+1
-1.056579E+1
-1.027326E+1
-1.025268E+1
-1.045554E+1
-1.093035E+1
-1.171974E+1
-1.304274E+1
-1.598421E+1
-2.050005E+1
-2.050005E+1
-2.050005E+1
-1.388799E+1
-1.191966E+1
-1.077747E+1
-1.006746E+1
-9.604408E+0
-9.347158E+0
-9.247198E+0
-9.295708E+0
-9.477988E+0
-9.799918E+0
-1.025268E+1
-1.085244E+1
-1.150218E+1
-1.223277E+1
-1.277961E+1
-1.297365E+1
-1.265907E+1
-1.209312E+1
-1.143456E+1
-1.085244E+1
-1.039380E+1
-1.003218E+1
-9.783748E+0
-9.604408E+0
-9.505918E+0
-9.492688E+0
-9.533848E+0
-9.633808E+0
-9.769048E+0
-9.946918E+0
-1.013949E+1
-1.037322E+1
-1.058784E+1
-1.077747E+1
-1.090389E+1
-1.103913E+1
-1.115379E+1
-1.127433E+1
-1.143456E+1
-1.164477E+1
-1.200492E+1
-1.260027E+1
-1.369101E+1
-1.660896E+1
-2.050005E+1
-2.050005E+1
-2.050005E+1
-2.050005E+1
-2.050005E+1
-2.050005E+1
-2.050005E+1
-2.050005E+1
-2.050005E+1
-2.050005E+1
-2.050005E+1
-2.050005E+1
-2.050005E+1
-2.050005E+1
-2.050005E+1
-2.050005E+1
-2.050005E+1
-2.050005E+1
-2.050005E+1
-2.050005E+1
-2.050005E+1
-2.050005E+1
-2.050005E+1
-2.050005E+1
-2.050005E+1
-2.050005E+1
-2.050005E+1
-2.050005E+1
-2.050005E+1
-2.050005E+1
-2.050005E+1
-2.050005E+1
-2.050005E+1
-2.050005E+1
-2.050005E+1
-2.050005E+1
-1.748949E+1
-1.277961E+1
-1.140222E+1
-1.060989E+1
-1.004982E+1
-9.633808E+0
-9.333928E+0
-9.116368E+0
-8.994358E+0
-8.939968E+0
-8.950258E+0
-9.016408E+0
-9.128128E+0
-9.295708E+0
-9.505918E+0
-9.738178E+0
-1.001454E+1
-1.033206E+1
-1.070397E+1
-1.118319E+1
-1.183734E+1
-1.290750E+1
-1.510368E+1
-2.050005E+1
-2.050005E+1
-2.050005E+1
-2.050005E+1
-2.050005E+1
-2.050005E+1
-2.050005E+1
-2.050005E+1
-2.050005E+1
-2.050005E+1
-1.493022E+1
-1.311330E+1
-1.238271E+1
-1.200492E+1
-1.183734E+1
-1.187850E+1
-1.200492E+1
-1.213869E+1
-1.233273E+1
-1.243563E+1
-1.243563E+1
-1.223277E+1
-1.191966E+1
-1.153746E+1
-1.112439E+1
-1.075248E+1
-1.043496E+1
-1.023357E+1
-1.013949E+1
-1.013949E+1
-1.025268E+1
-1.045554E+1
-1.075248E+1
-1.112439E+1
-1.150218E+1
-1.187850E+1
-1.213869E+1
-1.228275E+1
-1.223277E+1
-1.209312E+1
-1.183734E+1
-1.160802E+1
-1.130520E+1
-1.101120E+1
-1.068045E+1
-1.033206E+1
-1.001454E+1
-9.722008E+0
-9.464758E+0
-9.247198E+0
-9.104608E+0
-9.026698E+0
-9.016408E+0
-9.060508E+0
-9.163408E+0
-9.283948E+0
-9.411838E+0
-9.505918E+0
-9.547078E+0
-9.519148E+0
-9.464758E+0
-9.425068E+0
-9.425068E+0
-9.519148E+0
-9.752878E+0
-1.013949E+1
-1.077747E+1
-1.171974E+1
-1.326324E+1
-1.700439E+1
-2.050005E+1
-2.050005E+1
-2.050005E+1
-1.598421E+1
-1.359840E+1
-1.248855E+1
-1.196082E+1
-1.179765E+1
-1.191966E+1
-1.238271E+1
-1.342494E+1
-1.598421E+1
-2.050005E+1
-2.050005E+1
-2.050005E+1
-2.050005E+1
-2.050005E+1
-2.050005E+1
-2.050005E+1
-2.050005E+1
-2.050005E+1
-2.050005E+1
-2.050005E+1
-2.050005E+1
-2.050005E+1
-2.050005E+1
-2.050005E+1
-2.050005E+1
-2.050005E+1
-2.050005E+1
-1.660896E+1
-1.399383E+1
-1.260027E+1
-1.164477E+1
-1.095681E+1
-1.049964E+1
-1.021446E+1
-1.012185E+1
-1.019535E+1
-1.043496E+1
-1.090389E+1
-1.168152E+1
-1.290750E+1
-1.549911E+1
-2.050005E+1
-2.050005E+1
-2.050005E+1
-2.050005E+1
-2.050005E+1
-2.050005E+1
-2.050005E+1
-2.050005E+1
-2.050005E+1
-2.050005E+1
-2.050005E+1
-2.050005E+1
-2.050005E+1
-2.050005E+1
-2.050005E+1
-2.050005E+1
-2.050005E+1
-2.050005E+1
-2.050005E+1
-2.050005E+1
-2.050005E+1
-2.050005E+1
-2.050005E+1
-2.050005E+1
-2.050005E+1
-2.050005E+1
-2.050005E+1
-2.050005E+1
-2.050005E+1
-2.050005E+1
-2.050005E+1
-2.050005E+1
-2.050005E+1
-2.050005E+1
-2.050005E+1
-2.050005E+1
-2.050005E+1
-2.050005E+1
-2.050005E+1
-1.311330E+1
-1.150218E+1
-1.065693E+1
-1.013949E+1
-9.816088E+0
-9.619108E+0
-9.533848E+0
-9.533848E+0
-9.619108E+0
-9.816088E+0
-1.013949E+1
-1.063341E+1
-1.143456E+1
-1.297365E+1
-2.050005E+1
-2.050005E+1
-2.050005E+1
-2.050005E+1
-2.050005E+1
-2.050005E+1
-2.050005E+1
-2.050005E+1
-2.050005E+1
-2.050005E+1
-2.050005E+1
-2.050005E+1
-2.050005E+1
-2.050005E+1
-2.050005E+1
-2.050005E+1
-2.050005E+1
-2.050005E+1
-2.050005E+1
-2.050005E+1
-2.050005E+1
-2.050005E+1
-1.660896E+1
-1.318680E+1
-1.204902E+1
-1.146837E+1
-1.118319E+1
-1.109499E+1
-1.124346E+1
-1.168152E+1
-1.254441E+1
-1.434663E+1
-2.050005E+1
-2.050005E+1
-2.050005E+1
-2.050005E+1
-2.050005E+1
-2.050005E+1
-2.050005E+1
-2.050005E+1
-2.050005E+1
-1.598421E+1
-1.378803E+1
-1.304274E+1
-1.284135E+1
-1.311330E+1
-1.388799E+1
-1.627380E+1
-2.050005E+1
-2.050005E+1
-2.050005E+1
-2.050005E+1
-2.050005E+1
-2.050005E+1
-2.050005E+1
-2.050005E+1
-2.050005E+1
-2.050005E+1
-1.598421E+1
-1.196082E+1
-1.065693E+1
-9.946918E+0
-9.533848E+0
-9.358918E+0
-9.347158E+0
-9.505918E+0
-9.846958E+0
-1.041438E+1
-1.127433E+1
-1.260027E+1
-1.549911E+1
-2.050005E+1
-2.050005E+1
-2.050005E+1
-2.050005E+1
-2.050005E+1
-1.529331E+1
-1.342494E+1
-1.271787E+1
-1.243563E+1
-1.248855E+1
-1.284135E+1
-1.351020E+1
-1.447893E+1
-1.572843E+1
-1.660896E+1
-1.627380E+1
-1.510368E+1
-1.434663E+1
-1.388799E+1
-1.388799E+1
-1.461858E+1
-2.050005E+1
-2.050005E+1
-2.050005E+1
-2.050005E+1
-2.050005E+1
-2.050005E+1
-2.050005E+1
-2.050005E+1
-2.050005E+1
-2.050005E+1
-2.050005E+1
-2.050005E+1
-2.050005E+1
-2.050005E+1
-2.050005E+1
-2.050005E+1
-2.050005E+1
-1.461858E+1
-1.160802E+1
-1.054374E+1
-9.980728E+0
-9.692608E+0
-9.604408E+0
-9.677908E+0
-9.929278E+0
-1.037322E+1
-1.103913E+1
-1.196082E+1
-1.318680E+1
-1.476852E+1
-1.549911E+1
-1.422315E+1
-1.265907E+1
-1.140222E+1
-1.047759E+1
-9.799918E+0
-9.322168E+0
-8.982598E+0
-8.787088E+0
-8.690068E+0
-8.681248E+0
-8.728288E+0
-8.797378E+0
-8.857648E+0
-8.867938E+0
-8.816488E+0
-8.719468E+0
-8.597458E+0
-8.475448E+0
-8.374018E+0
-8.325508E+0
-8.350498E+0
-8.448988E+0
-8.634208E+0
-8.898808E+0
-9.258958E+0
-9.707308E+0
-1.023357E+1
-1.077747E+1
-1.127433E+1
-1.157274E+1
-1.164477E+1
-1.150218E+1
-1.127433E+1
-1.106706E+1
-1.095681E+1
-1.095681E+1
-1.112439E+1
-1.140222E+1
-1.187850E+1
-1.248855E+1
-1.326324E+1
-1.422315E+1
-1.549911E+1
-1.660896E+1
-1.748949E+1
-1.700439E+1
-1.598421E+1
-1.461858E+1
-1.359840E+1
-1.265907E+1
-1.191966E+1
-1.143456E+1
-1.109499E+1
-1.095681E+1
-1.095681E+1
-1.118319E+1
-1.168152E+1
-1.254441E+1
-1.422315E+1
-2.050005E+1
-2.050005E+1
-2.050005E+1
-2.050005E+1
-2.050005E+1
-2.050005E+1
-2.050005E+1
-2.050005E+1
-2.050005E+1
-2.050005E+1
-2.050005E+1
-2.050005E+1
-2.050005E+1
-2.050005E+1
-2.050005E+1
-2.050005E+1
-2.050005E+1
-2.050005E+1
-2.050005E+1
-2.050005E+1
-2.050005E+1
-1.422315E+1
-1.209312E+1
-1.118319E+1
-1.070397E+1
-1.054374E+1
-1.063341E+1
-1.106706E+1
-1.209312E+1
-1.598421E+1
-2.050005E+1
-2.050005E+1
-2.050005E+1
-2.050005E+1
-2.050005E+1
-2.050005E+1
-2.050005E+1
-2.050005E+1
-2.050005E+1
-2.050005E+1
-2.050005E+1
-2.050005E+1
-2.050005E+1
-2.050005E+1
-2.050005E+1
-2.050005E+1
-2.050005E+1
-2.050005E+1
-2.050005E+1
-2.050005E+1
-2.050005E+1
-2.050005E+1
-2.050005E+1
-2.050005E+1
-2.050005E+1
-2.050005E+1
-2.050005E+1
-2.050005E+1
-2.050005E+1
-2.050005E+1
-2.050005E+1
-2.050005E+1
-2.050005E+1
-2.050005E+1
-2.050005E+1
-2.050005E+1
-1.627380E+1
-1.271787E+1
-1.140222E+1
-1.056579E+1
-9.980728E+0
-9.589708E+0
-9.333928E+0
-9.247198E+0
-9.308938E+0
-9.547078E+0
-1.003218E+1
-1.085244E+1
-1.248855E+1
-2.050005E+1
-2.050005E+1
-2.050005E+1
-2.050005E+1
-2.050005E+1
-2.050005E+1
-2.050005E+1
-2.050005E+1
-2.050005E+1
-2.050005E+1
-2.050005E+1
-2.050005E+1
-2.050005E+1
-2.050005E+1
-2.050005E+1
-2.050005E+1
-2.050005E+1
-2.050005E+1
-2.050005E+1
-2.050005E+1
-2.050005E+1
-2.050005E+1
-2.050005E+1
-2.050005E+1
-2.050005E+1
-2.050005E+1
-2.050005E+1
-2.050005E+1
-2.050005E+1
-2.050005E+1
-2.050005E+1
-2.050005E+1
-2.050005E+1
-2.050005E+1
-2.050005E+1
-2.050005E+1
-2.050005E+1
-2.050005E+1
-2.050005E+1
-2.050005E+1
-2.050005E+1
-2.050005E+1
-2.050005E+1
-2.050005E+1
-2.050005E+1
-2.050005E+1
-2.050005E+1
-2.050005E+1
-2.050005E+1
-2.050005E+1
-2.050005E+1
-2.050005E+1
-2.050005E+1
-2.050005E+1
-2.050005E+1
-2.050005E+1
-2.050005E+1
-2.050005E+1
-2.050005E+1
-2.050005E+1
-2.050005E+1
-2.050005E+1
-2.050005E+1
-2.050005E+1
-1.572843E+1
-1.388799E+1
-1.304274E+1
-1.254441E+1
-1.233273E+1
-1.238271E+1
-1.284135E+1
-1.388799E+1
-1.700439E+1
-2.050005E+1
-2.050005E+1
-2.050005E+1
-2.050005E+1
-2.050005E+1
-2.050005E+1
-2.050005E+1
-2.050005E+1
-2.050005E+1
-2.050005E+1
-2.050005E+1
-2.050005E+1
-2.050005E+1
-2.050005E+1
-2.050005E+1
-2.050005E+1
-2.050005E+1
-2.050005E+1
-2.050005E+1
-2.050005E+1
-2.050005E+1
-2.050005E+1
-2.050005E+1
-1.529331E+1
-1.284135E+1
-1.179765E+1
-1.115379E+1
-1.077747E+1
-1.056579E+1
-1.049964E+1
-1.056579E+1
-1.072749E+1
-1.101120E+1
-1.140222E+1
-1.191966E+1
-1.254441E+1
-1.311330E+1
-1.351020E+1
-1.342494E+1
-1.290750E+1
-1.223277E+1
-1.164477E+1
-1.118319E+1
-1.090389E+1
-1.085244E+1
-1.106706E+1
-1.171974E+1
-1.342494E+1
-2.050005E+1
-2.050005E+1
-2.050005E+1
-2.050005E+1
-2.050005E+1
-2.050005E+1
-2.050005E+1
-2.050005E+1
-2.050005E+1
-2.050005E+1
-2.050005E+1
-2.050005E+1
-2.050005E+1
-2.050005E+1
-2.050005E+1
-2.050005E+1
-2.050005E+1
-1.529331E+1
-1.311330E+1
-1.228275E+1
-1.187850E+1
-1.171974E+1
-1.171974E+1
-1.191966E+1
-1.228275E+1
-1.297365E+1
-1.422315E+1
-1.811424E+1
-2.050005E+1
-2.050005E+1
-2.050005E+1
-2.050005E+1
-2.050005E+1
-2.050005E+1
-2.050005E+1
-2.050005E+1
-2.050005E+1
-2.050005E+1
-2.050005E+1
-2.050005E+1
-2.050005E+1
-2.050005E+1
-2.050005E+1
-2.050005E+1
-2.050005E+1
-2.050005E+1
-2.050005E+1
-1.342494E+1
-1.187850E+1
-1.106706E+1
-1.058784E+1
-1.029237E+1
-1.012185E+1
-1.001454E+1
-9.946918E+0
-9.879298E+0
-9.830788E+0
-9.783748E+0
-9.769048E+0
-9.799918E+0
-9.896938E+0
-1.008510E+1
-1.037322E+1
-1.077747E+1
-1.130520E+1
-1.200492E+1
-1.284135E+1
-1.369101E+1
-1.422315E+1
-1.422315E+1
-1.351020E+1
-1.277961E+1
-1.200492E+1
-1.133607E+1
-1.075248E+1
-1.023357E+1
-9.769048E+0
-9.358918E+0
-9.016408E+0
-8.747398E+0
-8.562178E+0
-8.466628E+0
-8.457808E+0
-8.562178E+0
-8.776798E+0
-9.128128E+0
-9.633808E+0
-1.035264E+1
-1.133607E+1
-1.284135E+1
-1.660896E+1
-2.050005E+1
-2.050005E+1
-2.050005E+1
-2.050005E+1
-2.050005E+1
-2.050005E+1
-2.050005E+1
-2.050005E+1
-1.811424E+1
-1.493022E+1
-1.422315E+1
-1.434663E+1
-1.549911E+1
-2.050005E+1
-2.050005E+1
-2.050005E+1
-2.050005E+1
-2.050005E+1
-2.050005E+1
-2.050005E+1
-2.050005E+1
-2.050005E+1
-2.050005E+1
-2.050005E+1
-1.493022E+1
-1.326324E+1
-1.265907E+1
-1.238271E+1
-1.228275E+1
-1.228275E+1
-1.233273E+1
-1.243563E+1
-1.265907E+1
-1.297365E+1
-1.369101E+1
-1.549911E+1
-2.050005E+1
-2.050005E+1
-2.050005E+1
-2.050005E+1
-2.050005E+1
-2.050005E+1
-2.050005E+1
-2.050005E+1
-2.050005E+1
-2.050005E+1
-1.811424E+1
-1.284135E+1
-1.150218E+1
-1.075248E+1
-1.027326E+1
-9.963088E+0
-9.769048E+0
-9.677908E+0
-9.648508E+0
-9.663208E+0
-9.707308E+0
-9.799918E+0
-9.896938E+0
-9.996898E+0
-1.008510E+1
-1.015860E+1
-1.025268E+1
-1.037322E+1
-1.049964E+1
-1.065693E+1
-1.090389E+1
-1.130520E+1
-1.183734E+1
-1.265907E+1
-1.399383E+1
-1.660896E+1
-2.050005E+1
-2.050005E+1
-2.050005E+1
-1.627380E+1
-1.351020E+1
-1.213869E+1
-1.127433E+1
-1.068045E+1
-1.031148E+1
-1.010274E+1
-9.996898E+0
-9.996898E+0
-1.004982E+1
-1.012185E+1
-1.015860E+1
-1.013949E+1
-1.008510E+1
-9.980728E+0
-9.879298E+0
-9.769048E+0
-9.707308E+0
-9.677908E+0
-9.722008E+0
-9.846958E+0
-1.004982E+1
-1.039380E+1
-1.095681E+1
-1.196082E+1
-1.447893E+1
-2.050005E+1
-2.050005E+1
-2.050005E+1
-2.050005E+1
-2.050005E+1
-2.050005E+1
-2.050005E+1
-2.050005E+1
-2.050005E+1
-2.050005E+1
-2.050005E+1
-2.050005E+1
-2.050005E+1
-2.050005E+1
-1.510368E+1
-1.422315E+1
-1.447893E+1
-1.627380E+1
-2.050005E+1
-2.050005E+1
-2.050005E+1
-2.050005E+1
-2.050005E+1
-2.050005E+1
-2.050005E+1
-2.050005E+1
-2.050005E+1
-2.050005E+1
-2.050005E+1
-2.050005E+1
-2.050005E+1
-1.748949E+1
-1.410555E+1
-1.290750E+1
-1.228275E+1
-1.191966E+1
-1.187850E+1
-1.213869E+1
-1.304274E+1
-1.660896E+1
-2.050005E+1
-2.050005E+1
-2.050005E+1
-2.050005E+1
-2.050005E+1
-2.050005E+1
-2.050005E+1
-2.050005E+1
-2.050005E+1
-2.050005E+1
-1.410555E+1
-1.171974E+1
-1.080099E+1
-1.033206E+1
-1.013949E+1
-1.012185E+1
-1.027326E+1
-1.052169E+1
-1.085244E+1
-1.118319E+1
-1.146837E+1
-1.168152E+1
-1.175796E+1
-1.175796E+1
-1.164477E+1
-1.153746E+1
-1.136841E+1
-1.121259E+1
-1.103913E+1
-1.080099E+1
-1.049964E+1
-1.017624E+1
-9.846958E+0
-9.519148E+0
-9.222208E+0
-8.962018E+0
-8.757688E+0
-8.625388E+0
-8.544538E+0
-8.535718E+0
-8.588638E+0
-8.700358E+0
-8.857648E+0
-9.060508E+0
-9.283948E+0
-9.505918E+0
-9.722008E+0
-9.896938E+0
-1.003218E+1
-1.012185E+1
-1.015860E+1
-1.017624E+1
-1.015860E+1
-1.013949E+1
-1.012185E+1
-1.012185E+1
-1.013949E+1
-1.017624E+1
-1.021446E+1
-1.029237E+1
-1.039380E+1
-1.052169E+1
-1.068045E+1
-1.090389E+1
-1.124346E+1
-1.171974E+1
-1.243563E+1
-1.378803E+1
-2.050005E+1
-2.050005E+1
-2.050005E+1
-2.050005E+1
-2.050005E+1
-2.050005E+1
-2.050005E+1
-2.050005E+1
-2.050005E+1
-2.050005E+1
-2.050005E+1
-2.050005E+1
-2.050005E+1
-2.050005E+1
-2.050005E+1
-2.050005E+1
-1.811424E+1
-1.342494E+1
-1.213869E+1
-1.130520E+1
-1.070397E+1
-1.019535E+1
-9.769048E+0
-9.372148E+0
-9.048748E+0
-8.787088E+0
-8.570998E+0
-8.415178E+0
-8.318158E+0
-8.271118E+0
-8.287288E+0
-8.350498E+0
-8.466628E+0
-8.643028E+0
-8.898808E+0
-9.272188E+0
-9.830788E+0
-1.075248E+1
-1.265907E+1
-2.050005E+1
-2.050005E+1
-2.050005E+1
-2.050005E+1
-2.050005E+1
-2.050005E+1
-2.050005E+1
-2.050005E+1
-2.050005E+1
-2.050005E+1
-2.050005E+1
-2.050005E+1
-2.050005E+1
-2.050005E+1
-2.050005E+1
-1.899477E+1
-1.228275E+1
-1.087743E+1
-1.012185E+1
-9.589708E+0
-9.198688E+0
-8.898808E+0
-8.690068E+0
-8.544538E+0
-8.466628E+0
-8.457808E+0
-8.500438E+0
-8.616568E+0
-8.797378E+0
-9.060508E+0
-9.385378E+0
-9.816088E+0
-1.037322E+1
-1.118319E+1
-1.248855E+1
-1.627380E+1
-2.050005E+1
-2.050005E+1
-2.050005E+1
-2.050005E+1
-2.050005E+1
-2.050005E+1
