Date/Time	2022-06-15 20:46:26
Line location	3
Line name	C1
OTDR wavelength [nm]	1625
OTDR pulse duration [ns]	2
OTDR scan time [s]	10
OTDR scan length [m]	1.500000E+2
Length offset [m]	0.000000E+0
Length increment [m]	3.996806E-2
Switch ID	VIAVI Solutions,OTU 8000E,11654,FO,16.76
OTDR ID	JDSU,OTU 8000E,11654,OTU(SmartOTU),V7.22

Reflected amplitude [dB]
1.310542E+0
1.239982E+0
1.167952E+0
1.103272E+0
1.050352E+0
1.009192E+0
9.900820E-1
1.040062E+0
1.176772E+0
1.367872E+0
1.598662E+0
1.855912E+0
2.098462E+0
2.298382E+0
2.446852E+0
2.554162E+0
2.629132E+0
2.671762E+0
2.671762E+0
2.635012E+0
2.562982E+0
2.446852E+0
2.296912E+0
2.121982E+0
1.929412E+0
1.730962E+0
1.523692E+0
1.312012E+0
1.113562E+0
9.254020E-1
7.504720E-1
5.902420E-1
4.520620E-1
3.359320E-1
2.403820E-1
1.595320E-1
9.191200E-2
3.458200E-2
-1.245800E-2
-5.214800E-2
-8.448800E-2
-1.124180E-1
-1.344680E-1
-1.535780E-1
-1.682780E-1
-1.800380E-1
-1.903280E-1
-1.991480E-1
-2.064980E-1
-2.153180E-1
-2.241380E-1
-2.344280E-1
-2.476580E-1
-2.623580E-1
-2.785280E-1
-2.961680E-1
-3.152780E-1
-3.329180E-1
-3.505580E-1
-3.667280E-1
-3.814280E-1
-3.946580E-1
-4.064180E-1
-4.167080E-1
-4.240580E-1
-4.314080E-1
-4.358180E-1
-4.372880E-1
-4.358180E-1
-4.299380E-1
-4.196480E-1
-4.049480E-1
-3.843680E-1
-3.579080E-1
-3.270380E-1
-2.946980E-1
-2.608880E-1
-2.285480E-1
-1.976780E-1
-1.726880E-1
-1.535780E-1
-1.403480E-1
-1.359380E-1
-1.374080E-1
-1.476980E-1
-1.623980E-1
-1.844480E-1
-2.109080E-1
-2.403080E-1
-2.726480E-1
-3.035180E-1
-3.358580E-1
-3.667280E-1
-3.961280E-1
-4.225880E-1
-4.475780E-1
-4.710980E-1
-4.931480E-1
-5.151980E-1
-5.343080E-1
-5.534180E-1
-5.681180E-1
-5.813480E-1
-5.916380E-1
-5.989880E-1
-6.004580E-1
-6.004580E-1
-5.975180E-1
-5.916380E-1
-5.857580E-1
-5.798780E-1
-5.754680E-1
-5.725280E-1
-5.725280E-1
-5.754680E-1
-5.828180E-1
-5.931080E-1
-6.063380E-1
-6.225080E-1
-6.386780E-1
-6.563180E-1
-6.710180E-1
-6.842480E-1
-6.945380E-1
-7.018880E-1
-7.048280E-1
-7.062980E-1
-7.062980E-1
-7.062980E-1
-7.062980E-1
-7.062980E-1
-7.062980E-1
-7.077680E-1
-7.062980E-1
-7.048280E-1
-7.018880E-1
-6.974780E-1
-6.930680E-1
-6.886580E-1
-6.842480E-1
-6.783680E-1
-6.710180E-1
-6.621980E-1
-6.504380E-1
-6.342680E-1
-6.122180E-1
-5.857580E-1
-5.563580E-1
-5.122580E-1
-4.431680E-1
-3.490880E-1
-2.358980E-1
-1.197680E-1
-1.392800E-2
7.280200E-2
1.433620E-1
1.962820E-1
2.345020E-1
2.580220E-1
2.697820E-1
2.697820E-1
2.594920E-1
2.389120E-1
2.095120E-1
1.668820E-1
1.139620E-1
5.516200E-2
-5.108000E-3
-6.831800E-2
-1.315280E-1
-1.932680E-1
-2.520680E-1
-3.049880E-1
-3.534980E-1
-3.931880E-1
-4.255280E-1
-4.505180E-1
-4.681580E-1
-4.828580E-1
-4.916780E-1
-4.990280E-1
-5.019680E-1
-5.049080E-1
-5.078480E-1
-5.093180E-1
-5.107880E-1
-5.122580E-1
-5.151980E-1
-5.181380E-1
-5.240180E-1
-5.298980E-1
-5.372480E-1
-5.460680E-1
-5.548880E-1
-5.637080E-1
-5.725280E-1
-5.813480E-1
-5.886980E-1
-5.960480E-1
-6.019280E-1
-6.092780E-1
-6.166280E-1
-6.225080E-1
-6.283880E-1
-6.327980E-1
-6.342680E-1
-6.342680E-1
-6.313280E-1
-6.254480E-1
-6.151580E-1
-6.019280E-1
-5.842880E-1
-5.651780E-1
-5.431280E-1
-5.196080E-1
-4.946180E-1
-4.696280E-1
-4.461080E-1
-4.240580E-1
-4.034780E-1
-3.887780E-1
-3.755480E-1
-3.681980E-1
-3.652580E-1
-3.652580E-1
-3.696680E-1
-3.755480E-1
-3.843680E-1
-3.946580E-1
-4.078880E-1
-4.196480E-1
-4.343480E-1
-4.490480E-1
-4.652180E-1
-4.813880E-1
-5.004980E-1
-5.181380E-1
-5.357780E-1
-5.519480E-1
-5.637080E-1
-5.739980E-1
-5.798780E-1
-5.842880E-1
-5.857580E-1
-5.872280E-1
-5.886980E-1
-5.931080E-1
-5.989880E-1
-6.048680E-1
-6.136880E-1
-6.225080E-1
-6.313280E-1
-6.372080E-1
-6.401480E-1
-6.386780E-1
-6.342680E-1
-6.269180E-1
-6.166280E-1
-6.048680E-1
-5.916380E-1
-5.784080E-1
-5.666480E-1
-5.548880E-1
-5.460680E-1
-5.387180E-1
-5.343080E-1
-5.328380E-1
-5.343080E-1
-5.387180E-1
-5.460680E-1
-5.548880E-1
-5.651780E-1
-5.754680E-1
-5.857580E-1
-5.916380E-1
-5.960480E-1
-5.960480E-1
-5.931080E-1
-5.872280E-1
-5.798780E-1
-5.710580E-1
-5.607680E-1
-5.504780E-1
-5.416580E-1
-5.328380E-1
-5.269580E-1
-5.210780E-1
-5.166680E-1
-5.151980E-1
-5.166680E-1
-5.196080E-1
-5.269580E-1
-5.357780E-1
-5.490080E-1
-5.637080E-1
-5.813480E-1
-5.989880E-1
-6.151580E-1
-6.313280E-1
-6.430880E-1
-6.504380E-1
-6.533780E-1
-6.519080E-1
-6.445580E-1
-6.357380E-1
-6.254480E-1
-6.122180E-1
-6.019280E-1
-5.916380E-1
-5.828180E-1
-5.754680E-1
-5.710580E-1
-5.666480E-1
-5.637080E-1
-5.607680E-1
-5.592980E-1
-5.563580E-1
-5.548880E-1
-5.548880E-1
-5.548880E-1
-5.563580E-1
-5.592980E-1
-5.651780E-1
-5.725280E-1
-5.798780E-1
-5.886980E-1
-5.975180E-1
-6.033980E-1
-6.092780E-1
-6.122180E-1
-6.136880E-1
-6.136880E-1
-6.136880E-1
-6.122180E-1
-6.107480E-1
-6.078080E-1
-6.048680E-1
-6.004580E-1
-5.960480E-1
-5.901680E-1
-5.828180E-1
-5.754680E-1
-5.651780E-1
-5.548880E-1
-5.431280E-1
-5.313680E-1
-5.181380E-1
-5.063780E-1
-4.946180E-1
-4.857980E-1
-4.769780E-1
-4.710980E-1
-4.652180E-1
-4.622780E-1
-4.593380E-1
-4.593380E-1
-4.608080E-1
-4.652180E-1
-4.710980E-1
-4.799180E-1
-4.931480E-1
-5.093180E-1
-5.284280E-1
-5.504780E-1
-5.725280E-1
-5.945780E-1
-6.166280E-1
-6.357380E-1
-6.519080E-1
-6.621980E-1
-6.695480E-1
-6.724880E-1
-6.710180E-1
-6.651380E-1
-6.592580E-1
-6.504380E-1
-6.416180E-1
-6.327980E-1
-6.254480E-1
-6.166280E-1
-6.092780E-1
-6.004580E-1
-5.931080E-1
-5.857580E-1
-5.798780E-1
-5.754680E-1
-5.725280E-1
-5.725280E-1
-5.739980E-1
-5.784080E-1
-5.828180E-1
-5.901680E-1
-5.989880E-1
-6.063380E-1
-6.136880E-1
-6.210380E-1
-6.254480E-1
-6.298580E-1
-6.342680E-1
-6.372080E-1
-6.386780E-1
-6.401480E-1
-6.416180E-1
-6.401480E-1
-6.372080E-1
-6.327980E-1
-6.254480E-1
-6.151580E-1
-6.019280E-1
-5.857580E-1
-5.681180E-1
-5.504780E-1
-5.328380E-1
-5.166680E-1
-5.019680E-1
-4.902080E-1
-4.828580E-1
-4.799180E-1
-4.799180E-1
-4.843280E-1
-4.887380E-1
-4.960880E-1
-5.019680E-1
-5.078480E-1
-5.107880E-1
-5.122580E-1
-5.122580E-1
-5.122580E-1
-5.107880E-1
-5.107880E-1
-5.122580E-1
-5.166680E-1
-5.210780E-1
-5.269580E-1
-5.328380E-1
-5.401880E-1
-5.475380E-1
-5.534180E-1
-5.607680E-1
-5.666480E-1
-5.710580E-1
-5.754680E-1
-5.798780E-1
-5.813480E-1
-5.828180E-1
-5.828180E-1
-5.813480E-1
-5.784080E-1
-5.739980E-1
-5.695880E-1
-5.666480E-1
-5.622380E-1
-5.607680E-1
-5.592980E-1
-5.607680E-1
-5.651780E-1
-5.695880E-1
-5.754680E-1
-5.813480E-1
-5.872280E-1
-5.931080E-1
-5.975180E-1
-6.004580E-1
-6.019280E-1
-6.004580E-1
-5.989880E-1
-5.931080E-1
-5.857580E-1
-5.754680E-1
-5.637080E-1
-5.490080E-1
-5.343080E-1
-5.181380E-1
-5.004980E-1
-4.857980E-1
-4.710980E-1
-4.578680E-1
-4.475780E-1
-4.402280E-1
-4.358180E-1
-4.372880E-1
-4.416980E-1
-4.505180E-1
-4.622780E-1
-4.769780E-1
-4.931480E-1
-5.093180E-1
-5.240180E-1
-5.357780E-1
-5.445980E-1
-5.519480E-1
-5.563580E-1
-5.592980E-1
-5.622380E-1
-5.651780E-1
-5.681180E-1
-5.710580E-1
-5.739980E-1
-5.754680E-1
-5.739980E-1
-5.695880E-1
-5.637080E-1
-5.563580E-1
-5.460680E-1
-5.357780E-1
-5.254880E-1
-5.166680E-1
-5.078480E-1
-5.019680E-1
-4.990280E-1
-4.975580E-1
-4.990280E-1
-5.019680E-1
-5.063780E-1
-5.122580E-1
-5.181380E-1
-5.254880E-1
-5.313680E-1
-5.357780E-1
-5.387180E-1
-5.401880E-1
-5.387180E-1
-5.372480E-1
-5.357780E-1
-5.328380E-1
-5.298980E-1
-5.284280E-1
-5.269580E-1
-5.254880E-1
-5.240180E-1
-5.225480E-1
-5.210780E-1
-5.181380E-1
-5.166680E-1
-5.181380E-1
-5.196080E-1
-5.240180E-1
-5.328380E-1
-5.431280E-1
-5.563580E-1
-5.710580E-1
-5.857580E-1
-6.004580E-1
-6.122180E-1
-6.210380E-1
-6.283880E-1
-6.313280E-1
-6.313280E-1
-6.298580E-1
-6.269180E-1
-6.239780E-1
-6.195680E-1
-6.151580E-1
-6.107480E-1
-6.048680E-1
-5.989880E-1
-5.931080E-1
-5.857580E-1
-5.798780E-1
-5.725280E-1
-5.666480E-1
-5.622380E-1
-5.592980E-1
-5.563580E-1
-5.534180E-1
-5.504780E-1
-5.490080E-1
-5.460680E-1
-5.431280E-1
-5.401880E-1
-5.372480E-1
-5.343080E-1
-5.313680E-1
-5.298980E-1
-5.284280E-1
-5.298980E-1
-5.313680E-1
-5.357780E-1
-5.431280E-1
-5.519480E-1
-5.607680E-1
-5.725280E-1
-5.842880E-1
-5.960480E-1
-6.048680E-1
-6.136880E-1
-6.180980E-1
-6.195680E-1
-6.195680E-1
-6.180980E-1
-6.151580E-1
-6.136880E-1
-6.122180E-1
-6.136880E-1
-6.151580E-1
-6.195680E-1
-6.254480E-1
-6.313280E-1
-6.386780E-1
-6.430880E-1
-6.460280E-1
-6.474980E-1
-6.489680E-1
-6.489680E-1
-6.489680E-1
-6.504380E-1
-6.533780E-1
-6.592580E-1
-6.651380E-1
-6.739580E-1
-6.827780E-1
-6.901280E-1
-6.960080E-1
-6.974780E-1
-6.960080E-1
-6.901280E-1
-6.798380E-1
-6.666080E-1
-6.519080E-1
-6.372080E-1
-6.225080E-1
-6.092780E-1
-5.975180E-1
-5.886980E-1
-5.813480E-1
-5.754680E-1
-5.695880E-1
-5.651780E-1
-5.578280E-1
-5.519480E-1
-5.460680E-1
-5.401880E-1
-5.357780E-1
-5.328380E-1
-5.343080E-1
-5.372480E-1
-5.416580E-1
-5.475380E-1
-5.548880E-1
-5.622380E-1
-5.666480E-1
-5.695880E-1
-5.710580E-1
-5.681180E-1
-5.637080E-1
-5.578280E-1
-5.490080E-1
-5.401880E-1
-5.298980E-1
-5.210780E-1
-5.137280E-1
-5.093180E-1
-5.049080E-1
-5.049080E-1
-5.063780E-1
-5.093180E-1
-5.151980E-1
-5.225480E-1
-5.328380E-1
-5.431280E-1
-5.563580E-1
-5.695880E-1
-5.828180E-1
-5.945780E-1
-6.033980E-1
-6.078080E-1
-6.092780E-1
-6.048680E-1
-5.975180E-1
-5.886980E-1
-5.769380E-1
-5.681180E-1
-5.607680E-1
-5.563580E-1
-5.563580E-1
-5.592980E-1
-5.637080E-1
-5.695880E-1
-5.769380E-1
-5.842880E-1
-5.886980E-1
-5.931080E-1
-5.960480E-1
-5.975180E-1
-5.975180E-1
-5.960480E-1
-5.931080E-1
-5.886980E-1
-5.828180E-1
-5.769380E-1
-5.695880E-1
-5.607680E-1
-5.534180E-1
-5.460680E-1
-5.416580E-1
-5.372480E-1
-5.357780E-1
-5.357780E-1
-5.372480E-1
-5.401880E-1
-5.445980E-1
-5.475380E-1
-5.504780E-1
-5.534180E-1
-5.578280E-1
-5.637080E-1
-5.695880E-1
-5.769380E-1
-5.857580E-1
-5.945780E-1
-6.048680E-1
-6.136880E-1
-6.210380E-1
-6.269180E-1
-6.283880E-1
-6.254480E-1
-6.180980E-1
-6.078080E-1
-5.945780E-1
-5.813480E-1
-5.666480E-1
-5.563580E-1
-5.475380E-1
-5.416580E-1
-5.372480E-1
-5.372480E-1
-5.372480E-1
-5.372480E-1
-5.387180E-1
-5.401880E-1
-5.416580E-1
-5.431280E-1
-5.460680E-1
-5.504780E-1
-5.563580E-1
-5.622380E-1
-5.710580E-1
-5.798780E-1
-5.886980E-1
-5.989880E-1
-6.078080E-1
-6.166280E-1
-6.239780E-1
-6.313280E-1
-6.357380E-1
-6.372080E-1
-6.386780E-1
-6.386780E-1
-6.357380E-1
-6.327980E-1
-6.298580E-1
-6.269180E-1
-6.254480E-1
-6.225080E-1
-6.225080E-1
-6.210380E-1
-6.225080E-1
-6.239780E-1
-6.254480E-1
-6.283880E-1
-6.313280E-1
-6.327980E-1
-6.357380E-1
-6.372080E-1
-6.386780E-1
-6.386780E-1
-6.386780E-1
-6.372080E-1
-6.357380E-1
-6.313280E-1
-6.254480E-1
-6.180980E-1
-6.092780E-1
-5.989880E-1
-5.886980E-1
-5.798780E-1
-5.710580E-1
-5.637080E-1
-5.578280E-1
-5.548880E-1
-5.534180E-1
-5.534180E-1
-5.563580E-1
-5.607680E-1
-5.666480E-1
-5.725280E-1
-5.784080E-1
-5.842880E-1
-5.872280E-1
-5.901680E-1
-5.901680E-1
-5.901680E-1
-5.857580E-1
-5.813480E-1
-5.769380E-1
-5.725280E-1
-5.681180E-1
-5.666480E-1
-5.651780E-1
-5.681180E-1
-5.725280E-1
-5.784080E-1
-5.872280E-1
-5.975180E-1
-6.078080E-1
-6.166280E-1
-6.254480E-1
-6.313280E-1
-6.342680E-1
-6.342680E-1
-6.327980E-1
-6.283880E-1
-6.225080E-1
-6.166280E-1
-6.107480E-1
-6.063380E-1
-6.048680E-1
-6.033980E-1
-6.048680E-1
-6.092780E-1
-6.136880E-1
-6.180980E-1
-6.225080E-1
-6.254480E-1
-6.298580E-1
-6.313280E-1
-6.327980E-1
-6.327980E-1
-6.327980E-1
-6.298580E-1
-6.269180E-1
-6.210380E-1
-6.122180E-1
-6.019280E-1
-5.916380E-1
-5.784080E-1
-5.666480E-1
-5.534180E-1
-5.431280E-1
-5.328380E-1
-5.254880E-1
-5.196080E-1
-5.166680E-1
-5.151980E-1
-5.166680E-1
-5.225480E-1
-5.298980E-1
-5.387180E-1
-5.490080E-1
-5.592980E-1
-5.695880E-1
-5.769380E-1
-5.813480E-1
-5.842880E-1
-5.828180E-1
-5.798780E-1
-5.739980E-1
-5.666480E-1
-5.592980E-1
-5.504780E-1
-5.431280E-1
-5.357780E-1
-5.313680E-1
-5.298980E-1
-5.298980E-1
-5.313680E-1
-5.372480E-1
-5.445980E-1
-5.534180E-1
-5.622380E-1
-5.710580E-1
-5.784080E-1
-5.828180E-1
-5.857580E-1
-5.842880E-1
-5.813480E-1
-5.769380E-1
-5.695880E-1
-5.622380E-1
-5.534180E-1
-5.460680E-1
-5.387180E-1
-5.343080E-1
-5.298980E-1
-5.284280E-1
-5.298980E-1
-5.343080E-1
-5.387180E-1
-5.460680E-1
-5.548880E-1
-5.637080E-1
-5.725280E-1
-5.813480E-1
-5.886980E-1
-5.945780E-1
-5.975180E-1
-6.004580E-1
-6.004580E-1
-6.004580E-1
-5.989880E-1
-5.989880E-1
-6.004580E-1
-6.019280E-1
-6.048680E-1
-6.078080E-1
-6.107480E-1
-6.136880E-1
-6.136880E-1
-6.136880E-1
-6.092780E-1
-6.048680E-1
-5.989880E-1
-5.931080E-1
-5.872280E-1
-5.828180E-1
-5.813480E-1
-5.828180E-1
-5.857580E-1
-5.901680E-1
-5.975180E-1
-6.048680E-1
-6.136880E-1
-6.195680E-1
-6.269180E-1
-6.313280E-1
-6.357380E-1
-6.401480E-1
-6.430880E-1
-6.474980E-1
-6.533780E-1
-6.592580E-1
-6.651380E-1
-6.724880E-1
-6.798380E-1
-6.857180E-1
-6.886580E-1
-6.886580E-1
-6.857180E-1
-6.798380E-1
-6.695480E-1
-6.592580E-1
-6.474980E-1
-6.357380E-1
-6.283880E-1
-6.225080E-1
-6.195680E-1
-6.195680E-1
-6.210380E-1
-6.225080E-1
-6.225080E-1
-6.225080E-1
-6.195680E-1
-6.166280E-1
-6.136880E-1
-6.092780E-1
-6.048680E-1
-5.989880E-1
-5.931080E-1
-5.872280E-1
-5.784080E-1
-5.695880E-1
-5.607680E-1
-5.534180E-1
-5.460680E-1
-5.431280E-1
-5.431280E-1
-5.460680E-1
-5.519480E-1
-5.607680E-1
-5.695880E-1
-5.784080E-1
-5.857580E-1
-5.916380E-1
-5.945780E-1
-5.945780E-1
-5.916380E-1
-5.857580E-1
-5.784080E-1
-5.681180E-1
-5.578280E-1
-5.475380E-1
-5.387180E-1
-5.328380E-1
-5.298980E-1
-5.298980E-1
-5.328380E-1
-5.387180E-1
-5.460680E-1
-5.548880E-1
-5.637080E-1
-5.725280E-1
-5.813480E-1
-5.886980E-1
-5.960480E-1
-6.033980E-1
-6.122180E-1
-6.195680E-1
-6.283880E-1
-6.342680E-1
-6.386780E-1
-6.401480E-1
-6.386780E-1
-6.342680E-1
-6.269180E-1
-6.166280E-1
-6.078080E-1
-5.975180E-1
-5.901680E-1
-5.857580E-1
-5.842880E-1
-5.872280E-1
-5.931080E-1
-6.019280E-1
-6.122180E-1
-6.239780E-1
-6.342680E-1
-6.430880E-1
-6.489680E-1
-6.504380E-1
-6.474980E-1
-6.372080E-1
-6.225080E-1
-6.033980E-1
-5.798780E-1
-5.534180E-1
-5.254880E-1
-4.990280E-1
-4.755080E-1
-4.578680E-1
-4.461080E-1
-4.416980E-1
-4.475780E-1
-4.637480E-1
-4.916780E-1
-5.284280E-1
-5.769380E-1
-6.342680E-1
-6.989480E-1
-7.695080E-1
-8.444780E-1
-9.223880E-1
-1.000298E+0
-1.076738E+0
-1.148768E+0
-1.217858E+0
-1.281068E+0
-1.336928E+0
-1.388378E+0
-1.435418E+0
-1.478048E+0
-1.517738E+0
-1.553018E+0
-1.586828E+0
-1.617698E+0
-1.644158E+0
-1.667678E+0
-1.688258E+0
-1.702958E+0
-1.713248E+0
-1.720598E+0
-1.722068E+0
-1.722068E+0
-1.717658E+0
-1.713248E+0
-1.707368E+0
-1.701488E+0
-1.697078E+0
-1.694138E+0
-1.694138E+0
-1.697078E+0
-1.702958E+0
-1.711778E+0
-1.723538E+0
-1.735298E+0
-1.748528E+0
-1.758818E+0
-1.767638E+0
-1.770578E+0
-1.770578E+0
-1.767638E+0
-1.760288E+0
-1.752938E+0
-1.747058E+0
-1.742648E+0
-1.742648E+0
-1.745588E+0
-1.752938E+0
-1.764698E+0
-1.776458E+0
-1.788218E+0
-1.798508E+0
-1.807328E+0
-1.811738E+0
-1.816148E+0
-1.817618E+0
-1.820558E+0
-1.823498E+0
-1.830848E+0
-1.839668E+0
-1.849958E+0
-1.860248E+0
-1.872008E+0
-1.882298E+0
-1.889648E+0
-1.895528E+0
-1.899938E+0
-1.902878E+0
-1.907288E+0
-1.910228E+0
-1.913168E+0
-1.917578E+0
-1.924928E+0
-1.933748E+0
-1.944038E+0
-1.955798E+0
-1.971968E+0
-1.988138E+0
-2.005778E+0
-2.024888E+0
-2.042528E+0
-2.058698E+0
-2.073398E+0
-2.085158E+0
-2.092508E+0
-2.096918E+0
-2.095448E+0
-2.092508E+0
-2.085158E+0
-2.076338E+0
-2.066048E+0
-2.055758E+0
-2.045468E+0
-2.035178E+0
-2.024888E+0
-2.017538E+0
-2.011658E+0
-2.007248E+0
-2.004308E+0
-2.004308E+0
-2.005778E+0
-2.010188E+0
-2.016068E+0
-2.021948E+0
-2.027828E+0
-2.032238E+0
-2.036648E+0
-2.041058E+0
-2.042528E+0
-2.043998E+0
-2.045468E+0
-2.046938E+0
-2.049878E+0
-2.051348E+0
-2.052818E+0
-2.055758E+0
-2.060168E+0
-2.064578E+0
-2.071928E+0
-2.083688E+0
-2.096918E+0
-2.113088E+0
-2.132198E+0
-2.152778E+0
-2.170418E+0
-2.186588E+0
-2.198348E+0
-2.202758E+0
-2.202758E+0
-2.198348E+0
-2.190998E+0
-2.183648E+0
-2.177768E+0
-2.174828E+0
-2.176298E+0
-2.179238E+0
-2.186588E+0
-2.195408E+0
-2.202758E+0
-2.208638E+0
-2.213048E+0
-2.214518E+0
-2.214518E+0
-2.214518E+0
-2.214518E+0
-2.217458E+0
-2.221868E+0
-2.229218E+0
-2.239508E+0
-2.249798E+0
-2.261558E+0
-2.273318E+0
-2.282138E+0
-2.288018E+0
-2.290958E+0
-2.288018E+0
-2.282138E+0
-2.268908E+0
-2.254208E+0
-2.233628E+0
-2.213048E+0
-2.190998E+0
-2.170418E+0
-2.154248E+0
-2.141018E+0
-2.133668E+0
-2.130728E+0
-2.133668E+0
-2.139548E+0
-2.148368E+0
-2.160128E+0
-2.173358E+0
-2.186588E+0
-2.199818E+0
-2.213048E+0
-2.224808E+0
-2.236568E+0
-2.248328E+0
-2.258618E+0
-2.268908E+0
-2.279198E+0
-2.288018E+0
-2.298308E+0
-2.307128E+0
-2.315948E+0
-2.323298E+0
-2.332118E+0
-2.340938E+0
-2.351228E+0
-2.362988E+0
-2.376218E+0
-2.392388E+0
-2.411498E+0
-2.429138E+0
-2.445308E+0
-2.458538E+0
-2.465888E+0
-2.467358E+0
-2.462948E+0
-2.452658E+0
-2.437958E+0
-2.423258E+0
-2.408558E+0
-2.395328E+0
-2.383568E+0
-2.374748E+0
-2.368868E+0
-2.365928E+0
-2.365928E+0
-2.370338E+0
-2.379158E+0
-2.390918E+0
-2.408558E+0
-2.429138E+0
-2.452658E+0
-2.476178E+0
-2.495288E+0
-2.509988E+0
-2.517338E+0
-2.517338E+0
-2.511458E+0
-2.501168E+0
-2.487938E+0
-2.476178E+0
-2.465888E+0
-2.458538E+0
-2.454128E+0
-2.451188E+0
-2.449718E+0
-2.448248E+0
-2.443838E+0
-2.436488E+0
-2.427668E+0
-2.417378E+0
-2.407088E+0
-2.396798E+0
-2.387978E+0
-2.380628E+0
-2.379158E+0
-2.379158E+0
-2.383568E+0
-2.390918E+0
-2.401208E+0
-2.414438E+0
-2.429138E+0
-2.443838E+0
-2.457068E+0
-2.468828E+0
-2.480588E+0
-2.489408E+0
-2.498228E+0
-2.505578E+0
-2.511458E+0
-2.517338E+0
-2.521748E+0
-2.524688E+0
-2.526158E+0
-2.526158E+0
-2.524688E+0
-2.523218E+0
-2.521748E+0
-2.523218E+0
-2.527628E+0
-2.534978E+0
-2.548208E+0
-2.564378E+0
-2.583488E+0
-2.604068E+0
-2.623178E+0
-2.639348E+0
-2.652578E+0
-2.661398E+0
-2.664338E+0
-2.659928E+0
-2.651108E+0
-2.637878E+0
-2.620238E+0
-2.602598E+0
-2.584958E+0
-2.570258E+0
-2.558498E+0
-2.549678E+0
-2.546738E+0
-2.546738E+0
-2.549678E+0
-2.555558E+0
-2.561438E+0
-2.567318E+0
-2.574668E+0
-2.582018E+0
-2.587898E+0
-2.596718E+0
-2.608478E+0
-2.620238E+0
-2.634938E+0
-2.649638E+0
-2.665808E+0
-2.679038E+0
-2.690798E+0
-2.696678E+0
-2.699618E+0
-2.698148E+0
-2.693738E+0
-2.687858E+0
-2.680508E+0
-2.674628E+0
-2.670218E+0
-2.668748E+0
-2.665808E+0
-2.665808E+0
-2.664338E+0
-2.664338E+0
-2.662868E+0
-2.661398E+0
-2.659928E+0
-2.658458E+0
-2.658458E+0
-2.658458E+0
-2.659928E+0
-2.661398E+0
-2.665808E+0
-2.670218E+0
-2.674628E+0
-2.680508E+0
-2.687858E+0
-2.695208E+0
-2.704028E+0
-2.715788E+0
-2.726078E+0
-2.740778E+0
-2.755478E+0
-2.771648E+0
-2.787818E+0
-2.806928E+0
-2.827508E+0
-2.849558E+0
-2.874548E+0
-2.901008E+0
-2.930408E+0
-2.961278E+0
-2.992148E+0
-3.021548E+0
-3.045068E+0
-3.064178E+0
-3.075938E+0
-3.078878E+0
-3.072998E+0
-3.059768E+0
-3.040658E+0
-3.017138E+0
-2.992148E+0
-2.970098E+0
-2.950988E+0
-2.934818E+0
-2.925998E+0
-2.923058E+0
-2.927468E+0
-2.934818E+0
-2.945108E+0
-2.956868E+0
-2.967158E+0
-2.973038E+0
-2.974508E+0
-2.968628E+0
-2.955398E+0
-2.934818E+0
-2.908358E+0
-2.878958E+0
-2.846618E+0
-2.815748E+0
-2.787818E+0
-2.765768E+0
-2.751068E+0
-2.746658E+0
-2.755478E+0
-2.771648E+0
-2.798108E+0
-2.831918E+0
-2.868668E+0
-2.909828E+0
-2.948048E+0
-2.981858E+0
-3.008318E+0
-3.025958E+0
-3.034778E+0
-3.033308E+0
-3.023018E+0
-3.003908E+0
-2.980388E+0
-2.955398E+0
-2.930408E+0
-2.908358E+0
-2.893658E+0
-2.884838E+0
-2.884838E+0
-2.893658E+0
-2.909828E+0
-2.931878E+0
-2.958338E+0
-2.987738E+0
-3.014198E+0
-3.037718E+0
-3.053888E+0
-3.061238E+0
-3.061238E+0
-3.052418E+0
-3.039188E+0
-3.023018E+0
-3.008318E+0
-2.998028E+0
-2.992148E+0
-2.989208E+0
-2.990678E+0
-2.992148E+0
-2.992148E+0
-2.989208E+0
-2.983328E+0
-2.977448E+0
-2.968628E+0
-2.961278E+0
-2.956868E+0
-2.956868E+0
-2.961278E+0
-2.968628E+0
-2.980388E+0
-2.996558E+0
-3.012728E+0
-3.031838E+0
-3.048008E+0
-3.058298E+0
-3.065648E+0
-3.068588E+0
-3.064178E+0
-3.053888E+0
-3.043598E+0
-3.033308E+0
-3.027428E+0
-3.030368E+0
-3.040658E+0
-3.061238E+0
-3.089168E+0
-3.121508E+0
-3.155318E+0
-3.187658E+0
-3.214118E+0
-3.233228E+0
-3.244988E+0
-3.247928E+0
-3.242048E+0
-3.233228E+0
-3.219998E+0
-3.203828E+0
-3.190598E+0
-3.177368E+0
-3.167078E+0
-3.161198E+0
-3.156788E+0
-3.158258E+0
-3.161198E+0
-3.165608E+0
-3.172958E+0
-3.180308E+0
-3.190598E+0
-3.199418E+0
-3.211178E+0
-3.222938E+0
-3.236168E+0
-3.250868E+0
-3.268508E+0
-3.289088E+0
-3.309668E+0
-3.330248E+0
-3.352298E+0
-3.371408E+0
-3.387578E+0
-3.399338E+0
-3.406688E+0
-3.406688E+0
-3.402278E+0
-3.394928E+0
-3.386108E+0
-3.378758E+0
-3.374348E+0
-3.374348E+0
-3.380228E+0
-3.391988E+0
-3.406688E+0
-3.421388E+0
-3.436088E+0
-3.446378E+0
-3.452258E+0
-3.449318E+0
-3.439028E+0
-3.421388E+0
-3.399338E+0
-3.372878E+0
-3.343478E+0
-3.315548E+0
-3.289088E+0
-3.268508E+0
-3.253808E+0
-3.243518E+0
-3.242048E+0
-3.247928E+0
-3.259688E+0
-3.277328E+0
-3.297908E+0
-3.322898E+0
-3.350828E+0
-3.378758E+0
-3.406688E+0
-3.434618E+0
-3.459608E+0
-3.483128E+0
-3.500768E+0
-3.512528E+0
-3.515468E+0
-3.509588E+0
-3.496358E+0
-3.477248E+0
-3.452258E+0
-3.425798E+0
-3.397868E+0
-3.374348E+0
-3.353768E+0
-3.337598E+0
-3.325838E+0
-3.319958E+0
-3.314078E+0
-3.312608E+0
-3.312608E+0
-3.314078E+0
-3.319958E+0
-3.328778E+0
-3.343478E+0
-3.364058E+0
-3.391988E+0
-3.422858E+0
-3.458138E+0
-3.491948E+0
-3.522818E+0
-3.546338E+0
-3.558098E+0
-3.559568E+0
-3.552218E+0
-3.534578E+0
-3.512528E+0
-3.487538E+0
-3.465488E+0
-3.444908E+0
-3.428738E+0
-3.414038E+0
-3.405218E+0
-3.397868E+0
-3.391988E+0
-3.389048E+0
-3.387578E+0
-3.387578E+0
-3.390518E+0
-3.396398E+0
-3.403748E+0
-3.414038E+0
-3.425798E+0
-3.436088E+0
-3.446378E+0
-3.455198E+0
-3.461078E+0
-3.464018E+0
-3.466958E+0
-3.468428E+0
-3.471368E+0
-3.475778E+0
-3.483128E+0
-3.496358E+0
-3.512528E+0
-3.530168E+0
-3.550748E+0
-3.569858E+0
-3.584558E+0
-3.591908E+0
-3.591908E+0
-3.581618E+0
-3.566918E+0
-3.547808E+0
-3.527228E+0
-3.511058E+0
-3.500768E+0
-3.499298E+0
-3.508118E+0
-3.524288E+0
-3.543398E+0
-3.566918E+0
-3.588968E+0
-3.606608E+0
-3.619838E+0
-3.627188E+0
-3.630128E+0
-3.627188E+0
-3.622778E+0
-3.613958E+0
-3.605138E+0
-3.594848E+0
-3.586028E+0
-3.575738E+0
-3.565448E+0
-3.556628E+0
-3.549278E+0
-3.547808E+0
-3.547808E+0
-3.552218E+0
-3.561038E+0
-3.572798E+0
-3.587498E+0
-3.603668E+0
-3.618368E+0
-3.633068E+0
-3.643358E+0
-3.652178E+0
-3.660998E+0
-3.668348E+0
-3.677168E+0
-3.685988E+0
-3.697748E+0
-3.709508E+0
-3.716858E+0
-3.724208E+0
-3.727148E+0
-3.727148E+0
-3.725678E+0
-3.728618E+0
-3.734498E+0
-3.749198E+0
-3.772718E+0
-3.803588E+0
-3.843278E+0
-3.884438E+0
-3.924128E+0
-3.959408E+0
-3.984398E+0
-3.999098E+0
-4.000568E+0
-3.991748E+0
-3.975578E+0
-3.956468E+0
-3.937358E+0
-3.921188E+0
-3.907958E+0
-3.903548E+0
-3.902078E+0
-3.905018E+0
-3.907958E+0
-3.910898E+0
-3.909428E+0
-3.906488E+0
-3.896198E+0
-3.884438E+0
-3.868268E+0
-3.852098E+0
-3.834458E+0
-3.818288E+0
-3.803588E+0
-3.790358E+0
-3.781538E+0
-3.777128E+0
-3.778598E+0
-3.785948E+0
-3.802118E+0
-3.824168E+0
-3.856508E+0
-3.896198E+0
-3.946178E+0
-4.002038E+0
-4.066718E+0
-4.135808E+0
-4.206368E+0
-4.275458E+0
-4.335728E+0
-4.382768E+0
-4.409228E+0
-4.415108E+0
-4.400408E+0
-4.368068E+0
-4.318088E+0
-4.263698E+0
-4.204898E+0
-4.150508E+0
-4.101998E+0
-4.063778E+0
-4.035848E+0
-4.021148E+0
-4.018208E+0
-4.025558E+0
-4.043198E+0
-4.065248E+0
-4.090238E+0
-4.115228E+0
-4.132868E+0
-4.140218E+0
-4.135808E+0
-4.121108E+0
-4.097588E+0
-4.072598E+0
-4.047608E+0
-4.024088E+0
-4.009388E+0
-4.000568E+0
-3.993218E+0
-3.985868E+0
-3.977048E+0
-3.960878E+0
-3.940298E+0
-3.915308E+0
-3.888848E+0
-3.866798E+0
-3.855038E+0
-3.853568E+0
-3.866798E+0
-3.893258E+0
-3.930008E+0
-3.972638E+0
-4.018208E+0
-4.060838E+0
-4.099058E+0
-4.129928E+0
-4.151978E+0
-4.168148E+0
-4.179908E+0
-4.187258E+0
-4.194608E+0
-4.199018E+0
-4.203428E+0
-4.207838E+0
-4.210778E+0
-4.213718E+0
-4.221068E+0
-4.226948E+0
-4.232828E+0
-4.232828E+0
-4.222538E+0
-4.193138E+0
-4.140218E+0
-4.060838E+0
-3.953528E+0
-3.830048E+0
-3.702158E+0
-3.580148E+0
-3.153848E+0
-2.163068E+0
-9.826580E-1
1.124920E-1
1.070932E+0
1.880902E+0
2.554162E+0
3.106882E+0
3.552292E+0
3.906562E+0
4.174102E+0
4.363732E+0
4.490152E+0
4.556302E+0
4.562182E+0
4.515142E+0
4.415182E+0
4.262302E+0
4.062382E+0
3.815422E+0
3.527302E+0
3.199492E+0
2.829052E+0
2.413042E+0
1.966162E+0
1.486942E+0
9.562720E-1
3.829720E-1
-2.006180E-1
-7.724480E-1
-1.319288E+0
-1.830848E+0
-2.305658E+0
-2.737838E+0
-3.130328E+0
-3.490478E+0
-3.824168E+0
-4.140218E+0
-4.447448E+0
-4.759088E+0
-5.082488E+0
-5.432348E+0
-5.820428E+0
-6.249668E+0
-6.737708E+0
-7.290428E+0
-7.915178E+0
-8.628128E+0
-9.396938E+0
-1.018045E+1
-1.086841E+1
-1.133734E+1
-1.150492E+1
-1.141966E+1
-1.118152E+1
-1.103746E+1
-1.093456E+1
-1.093456E+1
-1.096837E+1
-1.100218E+1
-1.107274E+1
-1.107274E+1
-1.107274E+1
-1.100218E+1
-1.096837E+1
-1.093456E+1
-1.093456E+1
-1.100218E+1
-1.107274E+1
-1.114477E+1
-1.129765E+1
-1.150492E+1
-1.183273E+1
-1.221787E+1
-1.284262E+1
-1.360555E+1
-1.443022E+1
-1.479331E+1
-1.411858E+1
-1.292494E+1
-1.183273E+1
-1.090222E+1
-1.018045E+1
-9.658598E+0
-9.269048E+0
-9.019148E+0
-8.872148E+0
-8.822168E+0
-8.858918E+0
-8.964758E+0
-9.133808E+0
-9.346958E+0
-9.567458E+0
-9.773258E+0
-9.934958E+0
-1.004374E+1
-1.004374E+1
-9.955538E+0
-9.792368E+0
-9.585098E+0
-9.363128E+0
-9.148508E+0
-8.992688E+0
-8.885378E+0
-8.847158E+0
-8.898608E+0
-9.033848E+0
-9.283748E+0
-9.658598E+0
-1.013341E+1
-1.068319E+1
-1.129765E+1
-1.178275E+1
-1.198855E+1
-1.183273E+1
-1.137850E+1
-1.083607E+1
-1.037743E+1
-9.977588E+0
-9.658598E+0
-9.413108E+0
-9.238178E+0
-9.104408E+0
-9.019148E+0
-8.977988E+0
-8.977988E+0
-9.019148E+0
-9.133808E+0
-9.299918E+0
-9.567458E+0
-9.999638E+0
-1.062439E+1
-1.163869E+1
-1.360555E+1
-2.000005E+1
-2.000005E+1
-2.000005E+1
-2.000005E+1
-2.000005E+1
-2.000005E+1
-1.397893E+1
-1.188271E+1
-1.090222E+1
-1.032745E+1
-9.977588E+0
-9.811478E+0
-9.752678E+0
-9.792368E+0
-9.852638E+0
-9.955538E+0
-1.004374E+1
-1.013341E+1
-1.022749E+1
-1.032745E+1
-1.045681E+1
-1.056706E+1
-1.068319E+1
-1.077433E+1
-1.074346E+1
-1.059499E+1
-1.035244E+1
-1.006579E+1
-9.792368E+0
-9.549818E+0
-9.363128E+0
-9.283748E+0
-9.316088E+0
-9.496898E+0
-9.873218E+0
-1.053913E+1
-1.173277E+1
-1.548421E+1
-2.000005E+1
-2.000005E+1
-2.000005E+1
-2.000005E+1
-2.000005E+1
-2.000005E+1
-2.000005E+1
-2.000005E+1
-2.000005E+1
-2.000005E+1
-2.000005E+1
-1.522843E+1
-1.173277E+1
-1.056706E+1
-9.999638E+0
-9.714458E+0
-9.676238E+0
-9.792368E+0
-1.008784E+1
-1.053913E+1
-1.110802E+1
-1.168573E+1
-1.204441E+1
-1.210027E+1
-1.173277E+1
-1.125796E+1
-1.083607E+1
-1.056706E+1
-1.048327E+1
-1.068319E+1
-1.129765E+1
-1.284262E+1
-2.000005E+1
-2.000005E+1
-2.000005E+1
-2.000005E+1
-2.000005E+1
-2.000005E+1
-2.000005E+1
-2.000005E+1
-2.000005E+1
-2.000005E+1
-2.000005E+1
-2.000005E+1
-2.000005E+1
-2.000005E+1
-2.000005E+1
-2.000005E+1
-2.000005E+1
-2.000005E+1
-2.000005E+1
-2.000005E+1
-2.000005E+1
-2.000005E+1
-2.000005E+1
-1.610896E+1
-1.360555E+1
-1.240750E+1
-1.168573E+1
-1.114477E+1
-1.080520E+1
-1.062439E+1
-1.062439E+1
-1.080520E+1
-1.125796E+1
-1.221787E+1
-1.443022E+1
-2.000005E+1
-2.000005E+1
-2.000005E+1
-2.000005E+1
-2.000005E+1
-2.000005E+1
-2.000005E+1
-2.000005E+1
-1.698949E+1
-1.301020E+1
-1.193563E+1
-1.150492E+1
-1.141966E+1
-1.159312E+1
-1.198855E+1
-1.240750E+1
-1.276324E+1
-1.261330E+1
-1.204441E+1
-1.118152E+1
-1.037743E+1
-9.658598E+0
-9.061778E+0
-8.582558E+0
-8.200358E+0
-7.882838E+0
-7.621178E+0
-7.399208E+0
-7.205168E+0
-7.027298E+0
-6.856778E+0
-6.699488E+0
-6.561308E+0
-6.448118E+0
-6.368738E+0
-6.324638E+0
-6.324638E+0
-6.368738E+0
-6.456938E+0
-6.587768E+0
-6.762698E+0
-6.977318E+0
-7.230158E+0
-7.513868E+0
-7.825508E+0
-8.170958E+0
-8.560508E+0
-8.951528E+0
-9.363128E+0
-9.752678E+0
-1.010989E+1
-1.043035E+1
-1.062439E+1
-1.077433E+1
-1.080520E+1
-1.086841E+1
-1.090222E+1
-1.100218E+1
-1.110802E+1
-1.125796E+1
-1.137850E+1
-1.137850E+1
-1.129765E+1
-1.103746E+1
-1.068319E+1
-1.030099E+1
-9.934958E+0
-9.621848E+0
-9.379298E+0
-9.207308E+0
-9.089708E+0
-9.019148E+0
-8.977988E+0
-8.938298E+0
-8.911838E+0
-8.872148E+0
-8.833928E+0
-8.822168E+0
-8.847158E+0
-8.925068E+0
-9.104408E+0
-9.396938E+0
-9.852638E+0
-1.051120E+1
-1.150492E+1
-1.301020E+1
-1.610896E+1
-2.000005E+1
-2.000005E+1
-1.443022E+1
-1.221787E+1
-1.090222E+1
-1.002169E+1
-9.413108E+0
-9.019148E+0
-8.772188E+0
-8.651648E+0
-8.651648E+0
-8.747198E+0
-8.938298E+0
-9.207308E+0
-9.514538E+0
-9.811478E+0
-1.006579E+1
-1.018045E+1
-1.013341E+1
-9.914378E+0
-9.602738E+0
-9.283748E+0
-8.977988E+0
-8.710448E+0
-8.494358E+0
-8.326778E+0
-8.209178E+0
-8.116568E+0
-8.053358E+0
-7.991618E+0
-7.941638E+0
-7.899008E+0
-7.874018E+0
-7.874018E+0
-7.923998E+0
-8.026898E+0
-8.190068E+0
-8.429678E+0
-8.735438E+0
-9.104408E+0
-9.496898E+0
-9.852638E+0
-1.010989E+1
-1.018045E+1
-1.010989E+1
-9.893798E+0
-9.639488E+0
-9.379298E+0
-9.133808E+0
-8.938298E+0
-8.758958E+0
-8.628128E+0
-8.526698E+0
-8.450258E+0
-8.419388E+0
-8.429678E+0
-8.494358E+0
-8.616368E+0
-8.795708E+0
-9.019148E+0
-9.316088E+0
-9.676238E+0
-1.008784E+1
-1.051120E+1
-1.090222E+1
-1.121974E+1
-1.141966E+1
-1.154902E+1
-1.150492E+1
-1.137850E+1
-1.125796E+1
-1.125796E+1
-1.141966E+1
-1.173277E+1
-1.234135E+1
-1.338799E+1
-1.522843E+1
-2.000005E+1
-2.000005E+1
-1.761424E+1
-1.360555E+1
-1.173277E+1
-1.056706E+1
-9.792368E+0
-9.238178E+0
-8.898608E+0
-8.698688E+0
-8.651648E+0
-8.710448E+0
-8.885378E+0
-9.148508E+0
-9.480728E+0
-9.873218E+0
-1.035244E+1
-1.093456E+1
-1.173277E+1
-1.284262E+1
-1.548421E+1
-2.000005E+1
-2.000005E+1
-2.000005E+1
-2.000005E+1
-2.000005E+1
-2.000005E+1
-1.610896E+1
-1.198855E+1
-1.051120E+1
-9.658598E+0
-9.119108E+0
-8.822168E+0
-8.698688E+0
-8.735438E+0
-8.925068E+0
-9.283748E+0
-9.792368E+0
-1.045681E+1
-1.118152E+1
-1.183273E+1
-1.210027E+1
-1.193563E+1
-1.141966E+1
-1.093456E+1
-1.053913E+1
-1.030099E+1
-1.020397E+1
-1.025248E+1
-1.043035E+1
-1.065379E+1
-1.090222E+1
-1.103746E+1
-1.103746E+1
-1.086841E+1
-1.062439E+1
-1.035244E+1
-1.013341E+1
-9.999638E+0
-9.934958E+0
-9.955538E+0
-1.006579E+1
-1.022749E+1
-1.040389E+1
-1.059499E+1
-1.074346E+1
-1.090222E+1
-1.100218E+1
-1.110802E+1
-1.118152E+1
-1.129765E+1
-1.141966E+1
-1.146082E+1
-1.146082E+1
-1.146082E+1
-1.133734E+1
-1.121974E+1
-1.107274E+1
-1.090222E+1
-1.068319E+1
-1.051120E+1
-1.027747E+1
-1.004374E+1
-9.792368E+0
-9.549818E+0
-9.316088E+0
-9.119108E+0
-8.964758E+0
-8.872148E+0
-8.847158E+0
-8.898608E+0
-9.019148E+0
-9.207308E+0
-9.446918E+0
-9.695348E+0
-9.955538E+0
-1.015693E+1
-1.030099E+1
-1.037743E+1
-1.040389E+1
-1.045681E+1
-1.059499E+1
-1.077433E+1
-1.103746E+1
-1.133734E+1
-1.159312E+1
-1.168573E+1
-1.154902E+1
-1.114477E+1
-1.065379E+1
-1.018045E+1
-9.733568E+0
-9.346958E+0
-9.033848E+0
-8.783948E+0
-8.604608E+0
-8.472308E+0
-8.388518E+0
-8.347358E+0
-8.357648E+0
-8.419388E+0
-8.526698E+0
-8.675168E+0
-8.858918E+0
-9.089708E+0
-9.346958E+0
-9.639488E+0
-9.977588E+0
-1.032745E+1
-1.071259E+1
-1.110802E+1
-1.141966E+1
-1.159312E+1
-1.154902E+1
-1.125796E+1
-1.080520E+1
-1.035244E+1
-9.914378E+0
-9.549818E+0
-9.252878E+0
-9.047078E+0
-8.911838E+0
-8.847158E+0
-8.822168E+0
-8.847158E+0
-8.898608E+0
-8.992688E+0
-9.133808E+0
-9.346958E+0
-9.658598E+0
-1.010989E+1
-1.074346E+1
-1.173277E+1
-1.349383E+1
-2.000005E+1
-2.000005E+1
-2.000005E+1
-2.000005E+1
-1.849477E+1
-1.319101E+1
-1.146082E+1
-1.045681E+1
-9.792368E+0
-9.316088E+0
-8.992688E+0
-8.772188E+0
-8.628128E+0
-8.538458E+0
-8.482598E+0
-8.439968E+0
-8.378228E+0
-8.257688E+0
-8.097458E+0
-7.891658E+0
-7.643228E+0
-7.387448E+0
-7.140488E+0
-6.930278E+0
-6.767108E+0
-6.656858E+0
-6.611288E+0
-6.624518E+0
-6.708308E+0
-6.856778E+0
-7.071398E+0
-7.353638E+0
-7.702028E+0
-8.097458E+0
-8.526698E+0
-8.951528E+0
-9.299918E+0
-9.549818E+0
-9.639488E+0
-9.639488E+0
-9.602738E+0
-9.602738E+0
-9.714458E+0
-1.004374E+1
-1.068319E+1
-1.210027E+1
-2.000005E+1
-2.000005E+1
-2.000005E+1
-2.000005E+1
-2.000005E+1
-2.000005E+1
-2.000005E+1
-2.000005E+1
-2.000005E+1
-2.000005E+1
-2.000005E+1
-2.000005E+1
-2.000005E+1
-2.000005E+1
-2.000005E+1
-2.000005E+1
-2.000005E+1
-2.000005E+1
-2.000005E+1
-2.000005E+1
-2.000005E+1
-2.000005E+1
-2.000005E+1
-2.000005E+1
-2.000005E+1
-1.460368E+1
-1.204441E+1
-1.093456E+1
-1.027747E+1
-9.893798E+0
-9.658598E+0
-9.567458E+0
-9.567458E+0
-9.639488E+0
-9.792368E+0
-9.977588E+0
-1.020397E+1
-1.043035E+1
-1.065379E+1
-1.080520E+1
-1.080520E+1
-1.068319E+1
-1.043035E+1
-1.010989E+1
-9.811478E+0
-9.567458E+0
-9.429278E+0
-9.396938E+0
-9.514538E+0
-9.773258E+0
-1.025248E+1
-1.096837E+1
-1.198855E+1
-1.349383E+1
-1.577380E+1
-2.000005E+1
-1.698949E+1
-1.411858E+1
-1.254274E+1
-1.159312E+1
-1.086841E+1
-1.035244E+1
-9.934958E+0
-9.585098E+0
-9.299918E+0
-9.033848E+0
-8.795708E+0
-8.594318E+0
-8.419388E+0
-8.287088E+0
-8.200358E+0
-8.143028E+0
-8.116568E+0
-8.116568E+0
-8.134208E+0
-8.162138E+0
-8.228288E+0
-8.337068E+0
-8.516408E+0
-8.822168E+0
-9.316088E+0
-1.013341E+1
-1.178275E+1
-2.000005E+1
-2.000005E+1
-2.000005E+1
-2.000005E+1
-2.000005E+1
-2.000005E+1
-2.000005E+1
-2.000005E+1
-2.000005E+1
-2.000005E+1
-2.000005E+1
-1.499911E+1
-1.183273E+1
-1.065379E+1
-9.955538E+0
-9.446918E+0
-9.061778E+0
-8.758958E+0
-8.504648E+0
-8.316488E+0
-8.200358E+0
-8.190068E+0
-8.287088E+0
-8.516408E+0
-8.911838E+0
-9.567458E+0
-1.074346E+1
-1.384663E+1
-2.000005E+1
-2.000005E+1
-2.000005E+1
-2.000005E+1
-2.000005E+1
-2.000005E+1
-2.000005E+1
-2.000005E+1
-2.000005E+1
-2.000005E+1
-1.650439E+1
-1.268680E+1
-1.173277E+1
-1.129765E+1
-1.110802E+1
-1.103746E+1
-1.096837E+1
-1.090222E+1
-1.083607E+1
-1.077433E+1
-1.077433E+1
-1.086841E+1
-1.107274E+1
-1.141966E+1
-1.193563E+1
-1.261330E+1
-1.360555E+1
-1.479331E+1
-1.650439E+1
-1.849477E+1
-2.000005E+1
-2.000005E+1
-2.000005E+1
-2.000005E+1
-2.000005E+1
-2.000005E+1
-1.650439E+1
-1.411858E+1
-1.247365E+1
-1.129765E+1
-1.037743E+1
-9.676238E+0
-9.133808E+0
-8.747198E+0
-8.462018E+0
-8.297378E+0
-8.247398E+0
-8.287088E+0
-8.429678E+0
-8.663408E+0
-8.992688E+0
-9.429278E+0
-9.914378E+0
-1.040389E+1
-1.083607E+1
-1.110802E+1
-1.118152E+1
-1.110802E+1
-1.093456E+1
-1.083607E+1
-1.086841E+1
-1.103746E+1
-1.133734E+1
-1.178275E+1
-1.227961E+1
-1.268680E+1
-1.254274E+1
-1.198855E+1
-1.125796E+1
-1.056706E+1
-1.002169E+1
-9.658598E+0
-9.463088E+0
-9.463088E+0
-9.676238E+0
-1.020397E+1
-1.129765E+1
-1.460368E+1
-2.000005E+1
-2.000005E+1
-2.000005E+1
-2.000005E+1
-2.000005E+1
-2.000005E+1
-2.000005E+1
-2.000005E+1
-2.000005E+1
-2.000005E+1
-2.000005E+1
-2.000005E+1
-1.577380E+1
-1.548421E+1
-2.000005E+1
-2.000005E+1
-2.000005E+1
-2.000005E+1
-2.000005E+1
-2.000005E+1
-2.000005E+1
-2.000005E+1
-2.000005E+1
-2.000005E+1
-2.000005E+1
-2.000005E+1
-2.000005E+1
-2.000005E+1
-2.000005E+1
-2.000005E+1
-1.698949E+1
-1.221787E+1
-1.077433E+1
-9.873218E+0
-9.238178E+0
-8.772188E+0
-8.409098E+0
-8.134208E+0
-7.941638E+0
-7.825508E+0
-7.778468E+0
-7.787288E+0
-7.841678E+0
-7.923998E+0
-8.000438E+0
-8.062178E+0
-8.079818E+0
-8.044538E+0
-7.966628E+0
-7.874018E+0
-7.778468E+0
-7.709378E+0
-7.672628E+0
-7.702028E+0
-7.794638E+0
-7.957808E+0
-8.200358E+0
-8.494358E+0
-8.847158E+0
-9.207308E+0
-9.549818E+0
-9.792368E+0
-9.914378E+0
-9.934958E+0
-9.914378E+0
-9.914378E+0
-9.977588E+0
-1.013341E+1
-1.032745E+1
-1.053913E+1
-1.062439E+1
-1.053913E+1
-1.022749E+1
-9.733568E+0
-9.222008E+0
-8.772188E+0
-8.388518E+0
-8.097458E+0
-7.899008E+0
-7.787288E+0
-7.771118E+0
-7.834328E+0
-7.982798E+0
-8.200358E+0
-8.504648E+0
-8.885378E+0
-9.330788E+0
-9.811478E+0
-1.025248E+1
-1.059499E+1
-1.077433E+1
-1.074346E+1
-1.053913E+1
-1.027747E+1
-1.004374E+1
-9.852638E+0
-9.733568E+0
-9.695348E+0
-9.714458E+0
-9.832058E+0
-1.002169E+1
-1.030099E+1
-1.068319E+1
-1.118152E+1
-1.183273E+1
-1.261330E+1
-1.360555E+1
-1.443022E+1
-1.460368E+1
-1.411858E+1
-1.319101E+1
-1.234135E+1
-1.168573E+1
-1.114477E+1
-1.077433E+1
-1.051120E+1
-1.035244E+1
-1.027747E+1
-1.032745E+1
-1.048327E+1
-1.077433E+1
-1.121974E+1
-1.193563E+1
-1.309840E+1
-1.522843E+1
-2.000005E+1
-2.000005E+1
-2.000005E+1
-1.849477E+1
-1.411858E+1
-1.254274E+1
-1.159312E+1
-1.093456E+1
-1.051120E+1
-1.020397E+1
-9.977588E+0
-9.811478E+0
-9.676238E+0
-9.549818E+0
-9.446918E+0
-9.363128E+0
-9.269048E+0
-9.163208E+0
-9.075008E+0
-9.005918E+0
-8.938298E+0
-8.885378E+0
-8.885378E+0
-8.951528E+0
-9.104408E+0
-9.363128E+0
-9.752678E+0
-1.035244E+1
-1.125796E+1
-1.292494E+1
-2.000005E+1
-2.000005E+1
-2.000005E+1
-2.000005E+1
-2.000005E+1
-2.000005E+1
-2.000005E+1
-1.460368E+1
-1.163869E+1
-1.027747E+1
-9.396938E+0
-8.783948E+0
-8.326778E+0
-8.000438E+0
-7.763768E+0
-7.599128E+0
-7.500638E+0
-7.453598E+0
-7.453598E+0
-7.487408E+0
-7.563848E+0
-7.687328E+0
-7.866668E+0
-8.097458E+0
-8.409098E+0
-8.822168E+0
-9.363128E+0
-1.010989E+1
-1.121974E+1
-1.328803E+1
-2.000005E+1
-2.000005E+1
-2.000005E+1
-2.000005E+1
-2.000005E+1
-2.000005E+1
-2.000005E+1
-2.000005E+1
-2.000005E+1
-2.000005E+1
-2.000005E+1
-2.000005E+1
-1.577380E+1
-1.178275E+1
-1.043035E+1
-9.658598E+0
-9.192608E+0
-8.938298E+0
-8.872148E+0
-8.964758E+0
-9.238178E+0
-9.733568E+0
-1.053913E+1
-1.183273E+1
-1.499911E+1
-2.000005E+1
-2.000005E+1
-2.000005E+1
-2.000005E+1
-2.000005E+1
-2.000005E+1
-2.000005E+1
-1.610896E+1
-1.372315E+1
-1.292494E+1
-1.247365E+1
-1.227961E+1
-1.215907E+1
-1.198855E+1
-1.183273E+1
-1.159312E+1
-1.137850E+1
-1.118152E+1
-1.107274E+1
-1.107274E+1
-1.114477E+1
-1.129765E+1
-1.150492E+1
-1.178275E+1
-1.198855E+1
-1.204441E+1
-1.188271E+1
-1.159312E+1
-1.121974E+1
-1.083607E+1
-1.045681E+1
-1.015693E+1
-9.934958E+0
-9.811478E+0
-9.792368E+0
-9.873218E+0
-1.002169E+1
-1.027747E+1
-1.062439E+1
-1.103746E+1
-1.146082E+1
-1.178275E+1
-1.193563E+1
-1.188271E+1
-1.168573E+1
-1.133734E+1
-1.100218E+1
-1.071259E+1
-1.053913E+1
-1.048327E+1
-1.051120E+1
-1.062439E+1
-1.086841E+1
-1.118152E+1
-1.163869E+1
-1.215907E+1
-1.268680E+1
-1.338799E+1
-1.411858E+1
-1.548421E+1
-1.849477E+1
-2.000005E+1
-2.000005E+1
-2.000005E+1
-2.000005E+1
-2.000005E+1
-2.000005E+1
-2.000005E+1
-2.000005E+1
-2.000005E+1
-2.000005E+1
-2.000005E+1
-2.000005E+1
-2.000005E+1
-2.000005E+1
-2.000005E+1
-2.000005E+1
-2.000005E+1
-2.000005E+1
-2.000005E+1
-2.000005E+1
-2.000005E+1
-2.000005E+1
-2.000005E+1
-2.000005E+1
-2.000005E+1
-2.000005E+1
-2.000005E+1
-2.000005E+1
-2.000005E+1
-2.000005E+1
-1.328803E+1
-1.215907E+1
-1.183273E+1
-1.188271E+1
-1.227961E+1
-1.309840E+1
-1.479331E+1
-2.000005E+1
-2.000005E+1
-2.000005E+1
-2.000005E+1
-2.000005E+1
-2.000005E+1
-2.000005E+1
-2.000005E+1
-2.000005E+1
-2.000005E+1
-2.000005E+1
-2.000005E+1
-2.000005E+1
-2.000005E+1
-2.000005E+1
-2.000005E+1
-2.000005E+1
-2.000005E+1
-2.000005E+1
-2.000005E+1
-2.000005E+1
-2.000005E+1
-2.000005E+1
-2.000005E+1
-2.000005E+1
-2.000005E+1
-2.000005E+1
-2.000005E+1
-2.000005E+1
-1.240750E+1
-1.077433E+1
-9.893798E+0
-9.316088E+0
-8.951528E+0
-8.735438E+0
-8.604608E+0
-8.526698E+0
-8.482598E+0
-8.462018E+0
-8.472308E+0
-8.516408E+0
-8.594318E+0
-8.747198E+0
-8.992688E+0
-9.379298E+0
-9.934958E+0
-1.074346E+1
-1.193563E+1
-1.443022E+1
-2.000005E+1
-2.000005E+1
-2.000005E+1
-2.000005E+1
-2.000005E+1
-2.000005E+1
-2.000005E+1
-2.000005E+1
-1.610896E+1
-1.426852E+1
-1.328803E+1
-1.268680E+1
-1.215907E+1
-1.173277E+1
-1.137850E+1
-1.110802E+1
-1.090222E+1
-1.077433E+1
-1.080520E+1
-1.100218E+1
-1.141966E+1
-1.215907E+1
-1.372315E+1
-2.000005E+1
-2.000005E+1
-2.000005E+1
-2.000005E+1
-2.000005E+1
-2.000005E+1
-2.000005E+1
-2.000005E+1
-2.000005E+1
-1.849477E+1
-1.397893E+1
-1.292494E+1
-1.247365E+1
-1.227961E+1
-1.221787E+1
-1.227961E+1
-1.247365E+1
-1.276324E+1
-1.309840E+1
-1.384663E+1
-1.499911E+1
-2.000005E+1
-2.000005E+1
-2.000005E+1
-2.000005E+1
-2.000005E+1
-2.000005E+1
-2.000005E+1
-2.000005E+1
-2.000005E+1
-2.000005E+1
-2.000005E+1
-2.000005E+1
-2.000005E+1
-2.000005E+1
-1.650439E+1
-1.360555E+1
-1.234135E+1
-1.154902E+1
-1.100218E+1
-1.068319E+1
-1.059499E+1
-1.068319E+1
-1.107274E+1
-1.188271E+1
-1.372315E+1
-2.000005E+1
-2.000005E+1
-2.000005E+1
-2.000005E+1
-2.000005E+1
-2.000005E+1
-2.000005E+1
-2.000005E+1
-2.000005E+1
-2.000005E+1
-2.000005E+1
-2.000005E+1
-2.000005E+1
-2.000005E+1
-2.000005E+1
-2.000005E+1
-2.000005E+1
-2.000005E+1
-2.000005E+1
-2.000005E+1
-2.000005E+1
-2.000005E+1
-2.000005E+1
-2.000005E+1
-2.000005E+1
-2.000005E+1
-2.000005E+1
-1.210027E+1
-1.027747E+1
-9.316088E+0
-8.686928E+0
-8.267978E+0
-8.026898E+0
-7.915178E+0
-7.941638E+0
-8.097458E+0
-8.398808E+0
-8.872148E+0
-9.602738E+0
-1.074346E+1
-1.301020E+1
-2.000005E+1
-2.000005E+1
-2.000005E+1
-2.000005E+1
-2.000005E+1
-2.000005E+1
-2.000005E+1
-1.338799E+1
-1.125796E+1
-1.020397E+1
-9.496898E+0
-9.019148E+0
-8.675168E+0
-8.439968E+0
-8.306198E+0
-8.257688E+0
-8.287088E+0
-8.388518E+0
-8.538458E+0
-8.722208E+0
-8.925068E+0
-9.089708E+0
-9.192608E+0
-9.238178E+0
-9.207308E+0
-9.148508E+0
-9.075008E+0
-9.019148E+0
-9.005918E+0
-9.019148E+0
-9.075008E+0
-9.177908E+0
-9.299918E+0
-9.429278E+0
-9.567458E+0
-9.695348E+0
-9.792368E+0
-9.852638E+0
-9.914378E+0
-9.977588E+0
-1.008784E+1
-1.025248E+1
-1.053913E+1
-1.096837E+1
-1.163869E+1
-1.261330E+1
-1.426852E+1
-2.000005E+1
-2.000005E+1
-2.000005E+1
-2.000005E+1
-2.000005E+1
-2.000005E+1
-2.000005E+1
-2.000005E+1
-2.000005E+1
-2.000005E+1
-2.000005E+1
-2.000005E+1
-2.000005E+1
-2.000005E+1
-2.000005E+1
-1.610896E+1
-1.384663E+1
-1.301020E+1
-1.276324E+1
-1.301020E+1
-1.360555E+1
-1.499911E+1
-2.000005E+1
-2.000005E+1
-2.000005E+1
-2.000005E+1
-2.000005E+1
-2.000005E+1
-2.000005E+1
-2.000005E+1
-1.849477E+1
-1.372315E+1
-1.210027E+1
-1.107274E+1
-1.032745E+1
-9.752678E+0
-9.299918E+0
-8.964758E+0
-8.722208E+0
-8.560508E+0
-8.494358E+0
-8.494358E+0
-8.548748E+0
-8.651648E+0
-8.772188E+0
-8.885378E+0
-8.951528E+0
-8.951528E+0
-8.885378E+0
-8.758958E+0
-8.616368E+0
-8.462018E+0
-8.347358E+0
-8.267978E+0
-8.247398E+0
-8.276798E+0
-8.388518E+0
-8.570798E+0
-8.847158E+0
-9.222008E+0
-9.773258E+0
-1.059499E+1
-1.204441E+1
-1.698949E+1
-2.000005E+1
-2.000005E+1
-2.000005E+1
-2.000005E+1
-2.000005E+1
-2.000005E+1
-2.000005E+1
-2.000005E+1
-2.000005E+1
-1.338799E+1
-1.125796E+1
-1.022749E+1
-9.602738E+0
-9.177908E+0
-8.885378E+0
-8.663408E+0
-8.516408E+0
-8.409098E+0
-8.326778E+0
-8.267978E+0
-8.238578E+0
-8.247398E+0
-8.306198E+0
-8.419388E+0
-8.604608E+0
-8.872148E+0
-9.238178E+0
-9.714458E+0
-1.035244E+1
-1.121974E+1
-1.247365E+1
-1.499911E+1
-2.000005E+1
-2.000005E+1
-2.000005E+1
-2.000005E+1
-2.000005E+1
-2.000005E+1
-2.000005E+1
-2.000005E+1
-1.698949E+1
-1.254274E+1
-1.100218E+1
-1.004374E+1
-9.346958E+0
-8.833928E+0
-8.450258E+0
-8.162138E+0
-7.932818E+0
-7.771118E+0
-7.657928E+0
-7.577078E+0
-7.528568E+0
-7.521218E+0
-7.541798E+0
-7.599128E+0
-7.694678E+0
-7.825508E+0
-7.975448E+0
-8.162138E+0
-8.378228E+0
-8.604608E+0
-8.833928E+0
-9.075008E+0
-9.346958E+0
-9.621848E+0
-9.934958E+0
-1.030099E+1
-1.077433E+1
-1.137850E+1
-1.215907E+1
-1.319101E+1
-1.479331E+1
-1.849477E+1
-2.000005E+1
-2.000005E+1
-1.548421E+1
-1.360555E+1
-1.247365E+1
-1.163869E+1
-1.107274E+1
-1.065379E+1
-1.040389E+1
-1.025248E+1
-1.015693E+1
-1.008784E+1
-1.002169E+1
-9.934958E+0
-9.811478E+0
-9.639488E+0
-9.446918E+0
-9.238178E+0
-9.019148E+0
-8.822168E+0
-8.639888E+0
-8.482598E+0
-8.347358E+0
-8.238578E+0
-8.143028E+0
-8.062178E+0
-8.000438E+0
-7.941638E+0
-7.899008E+0
-7.866668E+0
-7.841678E+0
-7.834328E+0
-7.834328E+0
-7.857848E+0
-7.891658E+0
-7.941638E+0
-7.991618E+0
-8.062178E+0
-8.134208E+0
-8.219468E+0
-8.337068E+0
-8.494358E+0
-8.710448E+0
-9.005918E+0
-9.396938E+0
-9.914378E+0
-1.059499E+1
-1.141966E+1
-1.240750E+1
-1.319101E+1
-1.349383E+1
-1.309840E+1
-1.234135E+1
-1.168573E+1
-1.114477E+1
-1.080520E+1
-1.056706E+1
-1.045681E+1
-1.043035E+1
-1.043035E+1
-1.043035E+1
-1.037743E+1
-1.025248E+1
-1.002169E+1
-9.733568E+0
-9.446918E+0
-9.177908E+0
-8.951528E+0
-8.772188E+0
-8.639888E+0
-8.560508E+0
-8.526698E+0
-8.526698E+0
-8.538458E+0
-8.570798E+0
-8.616368E+0
-8.686928E+0
-8.783948E+0
-8.911838E+0
-9.061778E+0
-9.238178E+0
-9.446918E+0
-9.658598E+0
-9.893798E+0
-1.008784E+1
-1.030099E+1
-1.051120E+1
-1.071259E+1
-1.096837E+1
-1.125796E+1
-1.163869E+1
-1.215907E+1
-1.292494E+1
-1.460368E+1
-2.000005E+1
-2.000005E+1
-2.000005E+1
-2.000005E+1
-2.000005E+1
-2.000005E+1
-2.000005E+1
-2.000005E+1
-2.000005E+1
-2.000005E+1
-2.000005E+1
-2.000005E+1
-2.000005E+1
-2.000005E+1
-2.000005E+1
-2.000005E+1
-2.000005E+1
-2.000005E+1
-2.000005E+1
-2.000005E+1
-2.000005E+1
-2.000005E+1
-2.000005E+1
-2.000005E+1
-2.000005E+1
-2.000005E+1
-2.000005E+1
-2.000005E+1
-2.000005E+1
-2.000005E+1
-2.000005E+1
-1.548421E+1
-1.328803E+1
-1.234135E+1
-1.193563E+1
-1.173277E+1
-1.183273E+1
-1.221787E+1
-1.319101E+1
-1.577380E+1
-2.000005E+1
-2.000005E+1
-2.000005E+1
-2.000005E+1
-2.000005E+1
-2.000005E+1
-2.000005E+1
-2.000005E+1
-2.000005E+1
-2.000005E+1
-2.000005E+1
-2.000005E+1
-2.000005E+1
-2.000005E+1
-2.000005E+1
-2.000005E+1
-2.000005E+1
-2.000005E+1
-2.000005E+1
-2.000005E+1
-2.000005E+1
-2.000005E+1
-2.000005E+1
-2.000005E+1
-2.000005E+1
-2.000005E+1
-2.000005E+1
-2.000005E+1
-2.000005E+1
-2.000005E+1
-2.000005E+1
-2.000005E+1
-2.000005E+1
-2.000005E+1
-2.000005E+1
-2.000005E+1
-2.000005E+1
-2.000005E+1
-2.000005E+1
-1.328803E+1
-1.198855E+1
-1.129765E+1
-1.083607E+1
-1.051120E+1
-1.022749E+1
-9.934958E+0
-9.639488E+0
-9.316088E+0
-8.951528E+0
-8.582558E+0
-8.247398E+0
-7.948988E+0
-7.709378E+0
-7.528568E+0
-7.412438E+0
-7.374218E+0
-7.412438E+0
-7.541798E+0
-7.754948E+0
-8.070998E+0
-8.494358E+0
-9.047078E+0
-9.714458E+0
-1.056706E+1
-1.154902E+1
-1.268680E+1
-1.372315E+1
-1.397893E+1
-1.360555E+1
-1.292494E+1
-1.234135E+1
-1.188271E+1
-1.150492E+1
-1.129765E+1
-1.114477E+1
-1.103746E+1
-1.103746E+1
-1.103746E+1
-1.107274E+1
-1.125796E+1
-1.150492E+1
-1.193563E+1
-1.261330E+1
-1.360555E+1
-1.499911E+1
-1.761424E+1
-2.000005E+1
-1.698949E+1
-1.460368E+1
-1.319101E+1
-1.227961E+1
-1.173277E+1
-1.141966E+1
-1.137850E+1
-1.163869E+1
-1.227961E+1
-1.349383E+1
-1.849477E+1
-2.000005E+1
-2.000005E+1
-2.000005E+1
-2.000005E+1
-2.000005E+1
-2.000005E+1
-2.000005E+1
-2.000005E+1
-2.000005E+1
-2.000005E+1
-2.000005E+1
-1.761424E+1
-1.426852E+1
-1.292494E+1
-1.198855E+1
-1.133734E+1
-1.077433E+1
-1.035244E+1
-9.999638E+0
-9.714458E+0
-9.463088E+0
-9.269048E+0
-9.075008E+0
-8.898608E+0
-8.735438E+0
-8.560508E+0
-8.409098E+0
-8.267978E+0
-8.153318E+0
-8.070998E+0
-8.018078E+0
-8.000438E+0
-7.991618E+0
-7.982798E+0
-7.948988E+0
-7.874018E+0
-7.763768E+0
-7.613828E+0
-7.446248E+0
-7.266908E+0
-7.099328E+0
-6.967028E+0
-6.872948E+0
-6.825908E+0
-6.836198E+0
-6.914108E+0
-7.065518E+0
-7.309538E+0
-7.665278E+0
-8.162138E+0
-8.858918E+0
-9.852638E+0
-1.154902E+1
-2.000005E+1
-2.000005E+1
-2.000005E+1
-2.000005E+1
-2.000005E+1
-2.000005E+1
-2.000005E+1
-2.000005E+1
-2.000005E+1
-2.000005E+1
-2.000005E+1
-2.000005E+1
-2.000005E+1
-2.000005E+1
-2.000005E+1
-2.000005E+1
-2.000005E+1
-2.000005E+1
-2.000005E+1
-1.479331E+1
-1.268680E+1
-1.150492E+1
-1.071259E+1
-1.010989E+1
-9.676238E+0
-9.363128E+0
-9.163208E+0
-9.047078E+0
-8.992688E+0
-9.005918E+0
-9.061778E+0
-9.177908E+0
-9.346958E+0
-9.602738E+0
-9.999638E+0
-1.059499E+1
-1.159312E+1
-1.397893E+1
-2.000005E+1
-2.000005E+1
-2.000005E+1
-2.000005E+1
-2.000005E+1
-2.000005E+1
-2.000005E+1
-2.000005E+1
-2.000005E+1
-2.000005E+1
-2.000005E+1
-2.000005E+1
-2.000005E+1
-2.000005E+1
-2.000005E+1
-2.000005E+1
-2.000005E+1
-2.000005E+1
-2.000005E+1
-2.000005E+1
-2.000005E+1
-2.000005E+1
-1.301020E+1
-1.159312E+1
-1.086841E+1
-1.045681E+1
-1.020397E+1
-1.006579E+1
-1.002169E+1
-9.999638E+0
-9.977588E+0
-9.934958E+0
-9.893798E+0
-9.832058E+0
-9.792368E+0
-9.792368E+0
-9.811478E+0
-9.914378E+0
-1.006579E+1
-1.027747E+1
-1.053913E+1
-1.077433E+1
-1.100218E+1
-1.121974E+1
-1.133734E+1
-1.133734E+1
-1.121974E+1
-1.096837E+1
-1.059499E+1
-1.018045E+1
-9.773258E+0
-9.363128E+0
-9.019148E+0
-8.722208E+0
-8.494358E+0
-8.347358E+0
-8.257688E+0
-8.238578E+0
-8.287088E+0
-8.398808E+0
-8.560508E+0
-8.758958E+0
-8.992688E+0
-9.252878E+0
-9.514538E+0
-9.773258E+0
-1.002169E+1
-1.035244E+1
-1.074346E+1
-1.125796E+1
-1.204441E+1
-1.349383E+1
-2.000005E+1
-2.000005E+1
-2.000005E+1
-2.000005E+1
-2.000005E+1
-2.000005E+1
-2.000005E+1
-2.000005E+1
-2.000005E+1
-2.000005E+1
-2.000005E+1
-2.000005E+1
-2.000005E+1
-2.000005E+1
-2.000005E+1
-1.150492E+1
-9.955538E+0
-9.119108E+0
-8.594318E+0
-8.287088E+0
-8.134208E+0
-8.088638E+0
-8.134208E+0
-8.238578E+0
-8.357648E+0
-8.462018E+0
-8.538458E+0
-8.582558E+0
-8.616368E+0
-8.663408E+0
-8.747198E+0
-8.911838E+0
-9.177908E+0
-9.585098E+0
-1.015693E+1
-1.093456E+1
-1.198855E+1
-1.349383E+1
-1.610896E+1
-2.000005E+1
-1.650439E+1
-1.426852E+1
-1.284262E+1
-1.188271E+1
-1.125796E+1
-1.086841E+1
-1.068319E+1
-1.068319E+1
-1.086841E+1
-1.118152E+1
-1.159312E+1
-1.210027E+1
-1.254274E+1
-1.284262E+1
-1.276324E+1
-1.240750E+1
-1.204441E+1
-1.168573E+1
-1.146082E+1
-1.129765E+1
-1.110802E+1
-1.093456E+1
-1.068319E+1
-1.032745E+1
-9.914378E+0
-9.480728E+0
-9.089708E+0
-8.747198E+0
-8.472308E+0
-8.267978E+0
-8.125388E+0
-8.035718E+0
-7.982798E+0
-7.948988E+0
-7.932818E+0
-7.915178E+0
-7.891658E+0
-7.866668E+0
-7.834328E+0
-7.801988E+0
-7.778468E+0
-7.771118E+0
-7.794638E+0
-7.834328E+0
-7.899008E+0
-7.975448E+0
-8.070998E+0
-8.170958E+0
-8.247398E+0
-8.306198E+0
-8.326778E+0
-8.316488E+0
-8.287088E+0
-8.257688E+0
-8.257688E+0
-8.306198E+0
-8.439968E+0
-8.675168E+0
-9.047078E+0
-9.658598E+0
-1.062439E+1
-1.268680E+1
-2.000005E+1
-2.000005E+1
-2.000005E+1
-2.000005E+1
-2.000005E+1
-2.000005E+1
-2.000005E+1
-2.000005E+1
-2.000005E+1
-2.000005E+1
-2.000005E+1
-2.000005E+1
-2.000005E+1
-2.000005E+1
-1.426852E+1
-1.221787E+1
-1.118152E+1
-1.051120E+1
-1.006579E+1
-9.792368E+0
-9.676238E+0
-9.714458E+0
-9.873218E+0
-1.020397E+1
-1.065379E+1
-1.110802E+1
-1.146082E+1
