Date/Time	2022-06-11 16:45:00
Line location	1
Line name	A1
OTDR wavelength [nm]	1625
OTDR pulse duration [ns]	2
OTDR scan time [s]	10
OTDR scan length [m]	1.500000E+2
Length offset [m]	0.000000E+0
Length increment [m]	3.996806E-2
Switch ID	VIAVI Solutions,OTU 8000E,11654,FO,16.76
OTDR ID	JDSU,OTU 8000E,11654,OTU(SmartOTU),V7.22

Reflected amplitude [dB]
1.381102E+0
1.281142E+0
1.176772E+0
1.084162E+0
1.009192E+0
9.709720E-1
9.886120E-1
1.081222E+0
1.262032E+0
1.497232E+0
1.745662E+0
1.991152E+0
2.207242E+0
2.380702E+0
2.508592E+0
2.599732E+0
2.658532E+0
2.680582E+0
2.661472E+0
2.602672E+0
2.510062E+0
2.382172E+0
2.227822E+0
2.060242E+0
1.885312E+0
1.698622E+0
1.506052E+0
1.304662E+0
1.100332E+0
9.018820E-1
7.181320E-1
5.579020E-1
4.241320E-1
3.109420E-1
2.168620E-1
1.360120E-1
6.839200E-2
1.106200E-2
-3.744800E-2
-7.713800E-2
-1.094780E-1
-1.359380E-1
-1.579880E-1
-1.756280E-1
-1.932680E-1
-2.079680E-1
-2.226680E-1
-2.373680E-1
-2.505980E-1
-2.638280E-1
-2.755880E-1
-2.858780E-1
-2.946980E-1
-3.005780E-1
-3.064580E-1
-3.108680E-1
-3.123380E-1
-3.152780E-1
-3.182180E-1
-3.226280E-1
-3.299780E-1
-3.387980E-1
-3.505580E-1
-3.637880E-1
-3.770180E-1
-3.887780E-1
-3.975980E-1
-4.034780E-1
-4.034780E-1
-3.990680E-1
-3.887780E-1
-3.726080E-1
-3.534980E-1
-3.299780E-1
-3.049880E-1
-2.799980E-1
-2.564780E-1
-2.329580E-1
-2.138480E-1
-1.976780E-1
-1.859180E-1
-1.785680E-1
-1.741580E-1
-1.741580E-1
-1.770980E-1
-1.815080E-1
-1.859180E-1
-1.917980E-1
-1.976780E-1
-2.035580E-1
-2.109080E-1
-2.197280E-1
-2.314880E-1
-2.461880E-1
-2.652980E-1
-2.888180E-1
-3.167480E-1
-3.461480E-1
-3.770180E-1
-4.093580E-1
-4.387580E-1
-4.652180E-1
-4.872680E-1
-5.049080E-1
-5.166680E-1
-5.240180E-1
-5.269580E-1
-5.298980E-1
-5.313680E-1
-5.328380E-1
-5.372480E-1
-5.445980E-1
-5.563580E-1
-5.710580E-1
-5.886980E-1
-6.063380E-1
-6.225080E-1
-6.372080E-1
-6.489680E-1
-6.548480E-1
-6.563180E-1
-6.548480E-1
-6.489680E-1
-6.416180E-1
-6.357380E-1
-6.298580E-1
-6.269180E-1
-6.269180E-1
-6.283880E-1
-6.313280E-1
-6.342680E-1
-6.386780E-1
-6.430880E-1
-6.445580E-1
-6.445580E-1
-6.430880E-1
-6.386780E-1
-6.313280E-1
-6.210380E-1
-6.092780E-1
-5.945780E-1
-5.813480E-1
-5.666480E-1
-4.637480E-1
-1.539800E-2
9.077620E-1
2.086702E+0
3.265642E+0
4.338742E+0
5.272192E+0
6.061582E+0
6.715732E+0
7.247872E+0
7.675642E+0
8.010802E+0
8.265112E+0
8.448862E+0
8.566462E+0
8.620852E+0
8.616442E+0
8.557642E+0
8.448862E+0
8.291572E+0
8.090182E+0
7.846162E+0
7.565392E+0
7.249342E+0
6.899482E+0
6.512872E+0
6.093922E+0
5.645572E+0
5.176642E+0
4.691542E+0
4.203502E+0
3.718402E+0
3.248002E+0
2.812882E+0
2.421862E+0
2.091112E+0
1.813282E+0
1.570732E+0
1.361992E+0
1.187062E+0
1.023892E+0
8.563120E-1
6.755020E-1
4.961620E-1
3.329920E-1
1.933420E-1
7.280200E-2
-3.009800E-2
-1.212380E-1
-2.006180E-1
-2.697080E-1
-3.299780E-1
-3.814280E-1
-4.240580E-1
-4.563980E-1
-4.828580E-1
-5.019680E-1
-5.151980E-1
-5.240180E-1
-5.298980E-1
-5.343080E-1
-5.357780E-1
-5.372480E-1
-5.372480E-1
-5.387180E-1
-5.372480E-1
-5.357780E-1
-5.343080E-1
-5.284280E-1
-5.210780E-1
-5.078480E-1
-4.916780E-1
-4.710980E-1
-4.475780E-1
-4.196480E-1
-3.917180E-1
-3.652580E-1
-3.402680E-1
-3.182180E-1
-3.005780E-1
-2.888180E-1
-2.799980E-1
-2.770580E-1
-2.770580E-1
-2.814680E-1
-2.888180E-1
-2.976380E-1
-3.079280E-1
-3.211580E-1
-3.358580E-1
-3.505580E-1
-3.652580E-1
-3.799580E-1
-3.946580E-1
-4.093580E-1
-4.225880E-1
-4.328780E-1
-4.446380E-1
-4.549280E-1
-4.652180E-1
-4.769780E-1
-4.872680E-1
-5.004980E-1
-5.122580E-1
-5.269580E-1
-5.416580E-1
-5.548880E-1
-5.695880E-1
-5.813480E-1
-5.901680E-1
-5.975180E-1
-6.033980E-1
-6.048680E-1
-6.063380E-1
-6.048680E-1
-6.019280E-1
-6.004580E-1
-5.960480E-1
-5.931080E-1
-5.901680E-1
-5.857580E-1
-5.842880E-1
-5.813480E-1
-5.813480E-1
-5.813480E-1
-5.828180E-1
-5.857580E-1
-5.872280E-1
-5.886980E-1
-5.872280E-1
-5.857580E-1
-5.813480E-1
-5.739980E-1
-5.651780E-1
-5.548880E-1
-5.445980E-1
-5.328380E-1
-5.210780E-1
-5.093180E-1
-4.975580E-1
-4.857980E-1
-4.769780E-1
-4.681580E-1
-4.608080E-1
-4.563980E-1
-4.549280E-1
-4.563980E-1
-4.608080E-1
-4.681580E-1
-4.769780E-1
-4.872680E-1
-4.990280E-1
-5.093180E-1
-5.196080E-1
-5.298980E-1
-5.387180E-1
-5.475380E-1
-5.548880E-1
-5.607680E-1
-5.666480E-1
-5.710580E-1
-5.754680E-1
-5.798780E-1
-5.828180E-1
-5.842880E-1
-5.857580E-1
-5.857580E-1
-5.857580E-1
-5.842880E-1
-5.828180E-1
-5.813480E-1
-5.813480E-1
-5.813480E-1
-5.828180E-1
-5.842880E-1
-5.872280E-1
-5.901680E-1
-5.916380E-1
-5.945780E-1
-5.960480E-1
-5.960480E-1
-5.960480E-1
-5.931080E-1
-5.901680E-1
-5.857580E-1
-5.798780E-1
-5.739980E-1
-5.666480E-1
-5.607680E-1
-5.548880E-1
-5.504780E-1
-5.475380E-1
-5.431280E-1
-5.401880E-1
-5.357780E-1
-5.298980E-1
-5.210780E-1
-5.078480E-1
-4.916780E-1
-4.710980E-1
-4.490480E-1
-4.240580E-1
-4.005380E-1
-3.755480E-1
-3.549680E-1
-3.358580E-1
-3.211580E-1
-3.123380E-1
-3.079280E-1
-3.093980E-1
-3.152780E-1
-3.255680E-1
-3.387980E-1
-3.549680E-1
-3.711380E-1
-3.887780E-1
-4.049480E-1
-4.211180E-1
-4.372880E-1
-4.505180E-1
-4.652180E-1
-4.799180E-1
-4.960880E-1
-5.107880E-1
-5.269580E-1
-5.416580E-1
-5.548880E-1
-5.666480E-1
-5.754680E-1
-5.813480E-1
-5.828180E-1
-5.828180E-1
-5.813480E-1
-5.769380E-1
-5.710580E-1
-5.666480E-1
-5.607680E-1
-5.563580E-1
-5.534180E-1
-5.504780E-1
-5.475380E-1
-5.475380E-1
-5.475380E-1
-5.475380E-1
-5.490080E-1
-5.504780E-1
-5.534180E-1
-5.548880E-1
-5.548880E-1
-5.534180E-1
-5.504780E-1
-5.445980E-1
-5.372480E-1
-5.284280E-1
-5.196080E-1
-5.093180E-1
-5.004980E-1
-4.916780E-1
-4.813880E-1
-4.725680E-1
-4.608080E-1
-4.490480E-1
-4.358180E-1
-4.211180E-1
-4.064180E-1
-3.931880E-1
-3.814280E-1
-3.726080E-1
-3.667280E-1
-3.623180E-1
-3.608480E-1
-3.623180E-1
-3.652580E-1
-3.711380E-1
-3.784880E-1
-3.873080E-1
-4.005380E-1
-4.152380E-1
-4.328780E-1
-4.519880E-1
-4.725680E-1
-4.946180E-1
-5.166680E-1
-5.372480E-1
-5.563580E-1
-5.725280E-1
-5.857580E-1
-5.960480E-1
-6.033980E-1
-6.063380E-1
-6.063380E-1
-6.048680E-1
-6.019280E-1
-5.975180E-1
-5.931080E-1
-5.886980E-1
-5.842880E-1
-5.798780E-1
-5.739980E-1
-5.695880E-1
-5.637080E-1
-5.578280E-1
-5.534180E-1
-5.504780E-1
-5.475380E-1
-5.475380E-1
-5.490080E-1
-5.519480E-1
-5.563580E-1
-5.622380E-1
-5.681180E-1
-5.754680E-1
-5.828180E-1
-5.901680E-1
-5.975180E-1
-6.063380E-1
-6.151580E-1
-6.239780E-1
-6.342680E-1
-6.445580E-1
-6.548480E-1
-6.621980E-1
-6.695480E-1
-6.724880E-1
-6.710180E-1
-6.666080E-1
-6.577880E-1
-6.445580E-1
-6.298580E-1
-6.122180E-1
-5.931080E-1
-5.754680E-1
-5.592980E-1
-5.431280E-1
-5.284280E-1
-5.151980E-1
-5.049080E-1
-4.946180E-1
-4.872680E-1
-4.813880E-1
-4.784480E-1
-4.784480E-1
-4.813880E-1
-4.857980E-1
-4.931480E-1
-5.019680E-1
-5.107880E-1
-5.210780E-1
-5.298980E-1
-5.387180E-1
-5.460680E-1
-5.519480E-1
-5.563580E-1
-5.607680E-1
-5.622380E-1
-5.637080E-1
-5.637080E-1
-5.622380E-1
-5.592980E-1
-5.563580E-1
-5.519480E-1
-5.460680E-1
-5.401880E-1
-5.343080E-1
-5.284280E-1
-5.254880E-1
-5.225480E-1
-5.210780E-1
-5.210780E-1
-5.210780E-1
-5.225480E-1
-5.240180E-1
-5.254880E-1
-5.269580E-1
-5.298980E-1
-5.313680E-1
-5.343080E-1
-5.387180E-1
-5.431280E-1
-5.490080E-1
-5.548880E-1
-5.622380E-1
-5.681180E-1
-5.725280E-1
-5.754680E-1
-5.784080E-1
-5.784080E-1
-5.784080E-1
-5.784080E-1
-5.769380E-1
-5.769380E-1
-5.784080E-1
-5.784080E-1
-5.798780E-1
-5.798780E-1
-5.798780E-1
-5.798780E-1
-5.784080E-1
-5.784080E-1
-5.813480E-1
-5.842880E-1
-5.901680E-1
-5.989880E-1
-6.092780E-1
-6.210380E-1
-6.327980E-1
-6.416180E-1
-6.489680E-1
-6.519080E-1
-6.519080E-1
-6.474980E-1
-6.401480E-1
-6.298580E-1
-6.195680E-1
-6.092780E-1
-6.004580E-1
-5.931080E-1
-5.886980E-1
-5.857580E-1
-5.857580E-1
-5.872280E-1
-5.886980E-1
-5.916380E-1
-5.945780E-1
-5.960480E-1
-5.989880E-1
-6.004580E-1
-6.004580E-1
-6.004580E-1
-5.975180E-1
-5.916380E-1
-5.842880E-1
-5.739980E-1
-5.651780E-1
-5.548880E-1
-5.475380E-1
-5.431280E-1
-5.416580E-1
-5.431280E-1
-5.490080E-1
-5.563580E-1
-5.651780E-1
-5.739980E-1
-5.798780E-1
-5.857580E-1
-5.886980E-1
-5.886980E-1
-5.901680E-1
-5.886980E-1
-5.886980E-1
-5.872280E-1
-5.872280E-1
-5.842880E-1
-5.813480E-1
-5.754680E-1
-5.695880E-1
-5.607680E-1
-5.519480E-1
-5.416580E-1
-5.313680E-1
-5.225480E-1
-5.137280E-1
-5.078480E-1
-5.034380E-1
-5.034380E-1
-5.063780E-1
-5.137280E-1
-5.240180E-1
-5.357780E-1
-5.504780E-1
-5.651780E-1
-5.769380E-1
-5.886980E-1
-5.945780E-1
-5.975180E-1
-5.960480E-1
-5.901680E-1
-5.828180E-1
-5.739980E-1
-5.651780E-1
-5.578280E-1
-5.519480E-1
-5.490080E-1
-5.490080E-1
-5.534180E-1
-5.592980E-1
-5.681180E-1
-5.784080E-1
-5.886980E-1
-5.989880E-1
-6.092780E-1
-6.166280E-1
-6.239780E-1
-6.298580E-1
-6.327980E-1
-6.342680E-1
-6.357380E-1
-6.342680E-1
-6.313280E-1
-6.254480E-1
-6.195680E-1
-6.136880E-1
-6.078080E-1
-6.019280E-1
-5.975180E-1
-5.931080E-1
-5.901680E-1
-5.886980E-1
-5.886980E-1
-5.886980E-1
-5.886980E-1
-5.901680E-1
-5.901680E-1
-5.901680E-1
-5.886980E-1
-5.842880E-1
-5.784080E-1
-5.695880E-1
-5.578280E-1
-5.431280E-1
-5.269580E-1
-5.107880E-1
-4.931480E-1
-4.784480E-1
-4.652180E-1
-4.563980E-1
-4.490480E-1
-4.446380E-1
-4.431680E-1
-4.431680E-1
-4.461080E-1
-4.490480E-1
-4.505180E-1
-4.534580E-1
-4.563980E-1
-4.593380E-1
-4.637480E-1
-4.681580E-1
-4.755080E-1
-4.857980E-1
-4.990280E-1
-5.137280E-1
-5.298980E-1
-5.460680E-1
-5.622380E-1
-5.754680E-1
-5.857580E-1
-5.916380E-1
-5.945780E-1
-5.931080E-1
-5.916380E-1
-5.901680E-1
-5.886980E-1
-5.916380E-1
-5.960480E-1
-6.033980E-1
-6.136880E-1
-6.269180E-1
-6.386780E-1
-6.489680E-1
-6.577880E-1
-6.636680E-1
-6.666080E-1
-6.680780E-1
-6.666080E-1
-6.666080E-1
-6.651380E-1
-6.651380E-1
-6.666080E-1
-6.680780E-1
-6.724880E-1
-6.768980E-1
-6.813080E-1
-6.857180E-1
-6.901280E-1
-6.930680E-1
-6.960080E-1
-6.974780E-1
-6.989480E-1
-7.004180E-1
-7.004180E-1
-6.989480E-1
-6.974780E-1
-6.945380E-1
-6.886580E-1
-6.813080E-1
-6.724880E-1
-6.607280E-1
-6.474980E-1
-6.327980E-1
-6.180980E-1
-6.033980E-1
-5.901680E-1
-5.784080E-1
-5.695880E-1
-5.622380E-1
-5.592980E-1
-5.563580E-1
-5.578280E-1
-5.578280E-1
-5.592980E-1
-5.607680E-1
-5.622380E-1
-5.622380E-1
-5.622380E-1
-5.607680E-1
-5.607680E-1
-5.592980E-1
-5.592980E-1
-5.592980E-1
-5.592980E-1
-5.607680E-1
-5.637080E-1
-5.637080E-1
-5.651780E-1
-5.637080E-1
-5.622380E-1
-5.578280E-1
-5.519480E-1
-5.460680E-1
-5.401880E-1
-5.357780E-1
-5.328380E-1
-5.313680E-1
-5.313680E-1
-5.343080E-1
-5.387180E-1
-5.431280E-1
-5.460680E-1
-5.490080E-1
-5.504780E-1
-5.504780E-1
-5.490080E-1
-5.475380E-1
-5.475380E-1
-5.504780E-1
-5.563580E-1
-5.666480E-1
-5.798780E-1
-5.945780E-1
-6.107480E-1
-6.269180E-1
-6.416180E-1
-6.519080E-1
-6.592580E-1
-6.636680E-1
-6.636680E-1
-6.592580E-1
-6.548480E-1
-6.489680E-1
-6.416180E-1
-6.357380E-1
-6.298580E-1
-6.239780E-1
-6.210380E-1
-6.180980E-1
-6.166280E-1
-6.166280E-1
-6.166280E-1
-6.166280E-1
-6.166280E-1
-6.166280E-1
-6.136880E-1
-6.122180E-1
-6.078080E-1
-6.048680E-1
-6.019280E-1
-6.004580E-1
-5.975180E-1
-5.960480E-1
-5.931080E-1
-5.886980E-1
-5.813480E-1
-5.725280E-1
-5.622380E-1
-5.490080E-1
-5.357780E-1
-5.240180E-1
-5.122580E-1
-5.034380E-1
-4.975580E-1
-4.946180E-1
-4.960880E-1
-4.990280E-1
-5.049080E-1
-5.122580E-1
-5.210780E-1
-5.298980E-1
-5.401880E-1
-5.504780E-1
-5.592980E-1
-5.695880E-1
-5.784080E-1
-5.872280E-1
-5.960480E-1
-6.063380E-1
-6.166280E-1
-6.283880E-1
-6.386780E-1
-6.489680E-1
-6.592580E-1
-6.666080E-1
-6.724880E-1
-6.754280E-1
-6.754280E-1
-6.739580E-1
-6.680780E-1
-6.621980E-1
-6.548480E-1
-6.460280E-1
-6.386780E-1
-6.313280E-1
-6.239780E-1
-6.180980E-1
-6.107480E-1
-6.033980E-1
-5.945780E-1
-5.872280E-1
-5.798780E-1
-5.725280E-1
-5.666480E-1
-5.651780E-1
-5.651780E-1
-5.681180E-1
-5.739980E-1
-5.813480E-1
-5.886980E-1
-5.945780E-1
-6.004580E-1
-6.019280E-1
-6.004580E-1
-5.945780E-1
-5.872280E-1
-5.798780E-1
-5.695880E-1
-5.607680E-1
-5.534180E-1
-5.460680E-1
-5.416580E-1
-5.401880E-1
-5.401880E-1
-5.431280E-1
-5.490080E-1
-5.563580E-1
-5.651780E-1
-5.739980E-1
-5.842880E-1
-5.931080E-1
-6.033980E-1
-6.122180E-1
-6.180980E-1
-6.239780E-1
-6.283880E-1
-6.327980E-1
-6.357380E-1
-6.386780E-1
-6.401480E-1
-6.430880E-1
-6.445580E-1
-6.445580E-1
-6.460280E-1
-6.474980E-1
-6.474980E-1
-6.474980E-1
-6.474980E-1
-6.460280E-1
-6.430880E-1
-6.386780E-1
-6.327980E-1
-6.239780E-1
-6.151580E-1
-6.048680E-1
-5.945780E-1
-5.842880E-1
-5.754680E-1
-5.681180E-1
-5.637080E-1
-5.622380E-1
-5.622380E-1
-5.666480E-1
-5.725280E-1
-5.798780E-1
-5.901680E-1
-5.989880E-1
-6.092780E-1
-6.180980E-1
-6.269180E-1
-6.357380E-1
-6.416180E-1
-6.474980E-1
-6.519080E-1
-6.548480E-1
-6.577880E-1
-6.577880E-1
-6.563180E-1
-6.548480E-1
-6.519080E-1
-6.504380E-1
-6.474980E-1
-6.445580E-1
-6.430880E-1
-6.416180E-1
-6.416180E-1
-6.416180E-1
-6.416180E-1
-6.416180E-1
-6.416180E-1
-6.416180E-1
-6.416180E-1
-6.430880E-1
-6.445580E-1
-6.445580E-1
-6.460280E-1
-6.474980E-1
-6.474980E-1
-6.474980E-1
-6.445580E-1
-6.401480E-1
-6.342680E-1
-6.283880E-1
-6.210380E-1
-6.122180E-1
-6.048680E-1
-5.989880E-1
-5.931080E-1
-5.886980E-1
-5.857580E-1
-5.857580E-1
-5.857580E-1
-5.857580E-1
-5.872280E-1
-5.886980E-1
-5.901680E-1
-5.916380E-1
-5.931080E-1
-5.945780E-1
-5.960480E-1
-5.975180E-1
-5.989880E-1
-6.004580E-1
-6.004580E-1
-6.004580E-1
-5.989880E-1
-5.975180E-1
-5.945780E-1
-5.916380E-1
-5.872280E-1
-5.842880E-1
-5.828180E-1
-5.813480E-1
-5.813480E-1
-5.828180E-1
-5.857580E-1
-5.886980E-1
-5.931080E-1
-5.975180E-1
-6.004580E-1
-6.019280E-1
-6.019280E-1
-6.004580E-1
-5.975180E-1
-5.931080E-1
-5.857580E-1
-5.784080E-1
-5.695880E-1
-5.622380E-1
-5.563580E-1
-5.519480E-1
-5.504780E-1
-5.519480E-1
-5.534180E-1
-5.578280E-1
-5.637080E-1
-5.666480E-1
-5.710580E-1
-5.725280E-1
-5.739980E-1
-5.754680E-1
-5.754680E-1
-5.769380E-1
-5.813480E-1
-5.857580E-1
-5.945780E-1
-6.063380E-1
-6.195680E-1
-6.372080E-1
-6.563180E-1
-6.768980E-1
-6.989480E-1
-7.224680E-1
-7.459880E-1
-7.709780E-1
-7.974380E-1
-8.238980E-1
-8.518280E-1
-8.782880E-1
-9.062180E-1
-9.326780E-1
-9.591380E-1
-9.841280E-1
-1.007648E+0
-1.031168E+0
-1.050278E+0
-1.069388E+0
-1.085558E+0
-1.101728E+0
-1.114958E+0
-1.126718E+0
-1.137008E+0
-1.145828E+0
-1.154648E+0
-1.161998E+0
-1.170818E+0
-1.181108E+0
-1.192868E+0
-1.207568E+0
-1.223738E+0
-1.241378E+0
-1.260488E+0
-1.276658E+0
-1.289888E+0
-1.298708E+0
-1.304588E+0
-1.306058E+0
-1.303118E+0
-1.300178E+0
-1.295768E+0
-1.292828E+0
-1.292828E+0
-1.292828E+0
-1.297238E+0
-1.301648E+0
-1.307528E+0
-1.314878E+0
-1.322228E+0
-1.329578E+0
-1.338398E+0
-1.347218E+0
-1.356038E+0
-1.364858E+0
-1.375148E+0
-1.383968E+0
-1.392788E+0
-1.400138E+0
-1.407488E+0
-1.414838E+0
-1.422188E+0
-1.429538E+0
-1.438358E+0
-1.445708E+0
-1.455998E+0
-1.464818E+0
-1.473638E+0
-1.482458E+0
-1.488338E+0
-1.492748E+0
-1.495688E+0
-1.495688E+0
-1.492748E+0
-1.488338E+0
-1.482458E+0
-1.473638E+0
-1.461878E+0
-1.450118E+0
-1.435418E+0
-1.420718E+0
-1.407488E+0
-1.394258E+0
-1.382498E+0
-1.375148E+0
-1.372208E+0
-1.372208E+0
-1.375148E+0
-1.382498E+0
-1.392788E+0
-1.407488E+0
-1.423658E+0
-1.442768E+0
-1.463348E+0
-1.483928E+0
-1.503038E+0
-1.520678E+0
-1.535378E+0
-1.547138E+0
-1.553018E+0
-1.555958E+0
-1.555958E+0
-1.551548E+0
-1.545668E+0
-1.538318E+0
-1.529498E+0
-1.522148E+0
-1.514798E+0
-1.511858E+0
-1.511858E+0
-1.517738E+0
-1.529498E+0
-1.547138E+0
-1.569188E+0
-1.594178E+0
-1.622108E+0
-1.645628E+0
-1.667678E+0
-1.683848E+0
-1.692668E+0
-1.692668E+0
-1.688258E+0
-1.677968E+0
-1.664738E+0
-1.650038E+0
-1.635338E+0
-1.622108E+0
-1.610348E+0
-1.602998E+0
-1.598588E+0
-1.598588E+0
-1.600058E+0
-1.605938E+0
-1.614758E+0
-1.625048E+0
-1.636808E+0
-1.648568E+0
-1.660328E+0
-1.672088E+0
-1.682378E+0
-1.691198E+0
-1.698548E+0
-1.702958E+0
-1.707368E+0
-1.711778E+0
-1.716188E+0
-1.720598E+0
-1.725008E+0
-1.730888E+0
-1.735298E+0
-1.739708E+0
-1.742648E+0
-1.742648E+0
-1.739708E+0
-1.733828E+0
-1.725008E+0
-1.716188E+0
-1.704428E+0
-1.694138E+0
-1.685318E+0
-1.677968E+0
-1.672088E+0
-1.666208E+0
-1.661798E+0
-1.657388E+0
-1.651508E+0
-1.644158E+0
-1.635338E+0
-1.626518E+0
-1.617698E+0
-1.610348E+0
-1.605938E+0
-1.604468E+0
-1.607408E+0
-1.613288E+0
-1.625048E+0
-1.639748E+0
-1.660328E+0
-1.683848E+0
-1.713248E+0
-1.745588E+0
-1.780868E+0
-1.816148E+0
-1.849958E+0
-1.877888E+0
-1.899938E+0
-1.911698E+0
-1.914638E+0
-1.910228E+0
-1.899938E+0
-1.885238E+0
-1.870538E+0
-1.858778E+0
-1.848488E+0
-1.841138E+0
-1.838198E+0
-1.835258E+0
-1.832318E+0
-1.827908E+0
-1.822028E+0
-1.813208E+0
-1.801448E+0
-1.788218E+0
-1.776458E+0
-1.764698E+0
-1.755878E+0
-1.751468E+0
-1.749998E+0
-1.754408E+0
-1.763228E+0
-1.774988E+0
-1.791158E+0
-1.808798E+0
-1.827908E+0
-1.847018E+0
-1.863188E+0
-1.876418E+0
-1.885238E+0
-1.889648E+0
-1.889648E+0
-1.888178E+0
-1.886708E+0
-1.885238E+0
-1.885238E+0
-1.888178E+0
-1.892588E+0
-1.898468E+0
-1.902878E+0
-1.905818E+0
-1.902878E+0
-1.896998E+0
-1.886708E+0
-1.874948E+0
-1.864658E+0
-1.855838E+0
-1.851428E+0
-1.852898E+0
-1.858778E+0
-1.870538E+0
-1.885238E+0
-1.904348E+0
-1.923458E+0
-1.942568E+0
-1.961678E+0
-1.979318E+0
-1.994018E+0
-2.005778E+0
-2.016068E+0
-2.024888E+0
-2.032238E+0
-2.041058E+0
-2.051348E+0
-2.064578E+0
-2.079278E+0
-2.096918E+0
-2.113088E+0
-2.127788E+0
-2.138078E+0
-2.143958E+0
-2.143958E+0
-2.141018E+0
-2.136608E+0
-2.129258E+0
-2.124848E+0
-2.121908E+0
-2.123378E+0
-2.126318E+0
-2.132198E+0
-2.139548E+0
-2.148368E+0
-2.155718E+0
-2.163068E+0
-2.170418E+0
-2.176298E+0
-2.182178E+0
-2.189528E+0
-2.193938E+0
-2.198348E+0
-2.202758E+0
-2.205698E+0
-2.205698E+0
-2.205698E+0
-2.204228E+0
-2.201288E+0
-2.201288E+0
-2.204228E+0
-2.211578E+0
-2.224808E+0
-2.242448E+0
-2.264498E+0
-2.288018E+0
-2.310068E+0
-2.332118E+0
-2.346818E+0
-2.357108E+0
-2.362988E+0
-2.362988E+0
-2.357108E+0
-2.349758E+0
-2.340938E+0
-2.329178E+0
-2.317418E+0
-2.304188E+0
-2.290958E+0
-2.280668E+0
-2.270378E+0
-2.265968E+0
-2.265968E+0
-2.270378E+0
-2.280668E+0
-2.296838E+0
-2.314478E+0
-2.332118E+0
-2.348288E+0
-2.362988E+0
-2.371808E+0
-2.377688E+0
-2.379158E+0
-2.376218E+0
-2.371808E+0
-2.367398E+0
-2.361518E+0
-2.357108E+0
-2.354168E+0
-2.352698E+0
-2.352698E+0
-2.355638E+0
-2.360048E+0
-2.367398E+0
-2.374748E+0
-2.385038E+0
-2.396798E+0
-2.410028E+0
-2.424728E+0
-2.437958E+0
-2.451188E+0
-2.464418E+0
-2.476178E+0
-2.484998E+0
-2.492348E+0
-2.496758E+0
-2.499698E+0
-2.498228E+0
-2.496758E+0
-2.495288E+0
-2.490878E+0
-2.486468E+0
-2.484998E+0
-2.484998E+0
-2.484998E+0
-2.487938E+0
-2.490878E+0
-2.492348E+0
-2.492348E+0
-2.489408E+0
-2.482058E+0
-2.471768E+0
-2.458538E+0
-2.443838E+0
-2.430608E+0
-2.420318E+0
-2.412968E+0
-2.411498E+0
-2.414438E+0
-2.421788E+0
-2.430608E+0
-2.443838E+0
-2.454128E+0
-2.464418E+0
-2.471768E+0
-2.476178E+0
-2.476178E+0
-2.471768E+0
-2.464418E+0
-2.455598E+0
-2.443838E+0
-2.433548E+0
-2.421788E+0
-2.411498E+0
-2.404148E+0
-2.398268E+0
-2.396798E+0
-2.396798E+0
-2.401208E+0
-2.408558E+0
-2.417378E+0
-2.427668E+0
-2.437958E+0
-2.451188E+0
-2.462948E+0
-2.476178E+0
-2.490878E+0
-2.505578E+0
-2.520278E+0
-2.534978E+0
-2.548208E+0
-2.559968E+0
-2.568788E+0
-2.577608E+0
-2.586428E+0
-2.595248E+0
-2.607008E+0
-2.621708E+0
-2.637878E+0
-2.654048E+0
-2.670218E+0
-2.683448E+0
-2.692268E+0
-2.696678E+0
-2.696678E+0
-2.695208E+0
-2.692268E+0
-2.690798E+0
-2.692268E+0
-2.696678E+0
-2.704028E+0
-2.714318E+0
-2.724608E+0
-2.733428E+0
-2.737838E+0
-2.737838E+0
-2.733428E+0
-2.724608E+0
-2.715788E+0
-2.704028E+0
-2.695208E+0
-2.686388E+0
-2.680508E+0
-2.674628E+0
-2.671688E+0
-2.668748E+0
-2.667278E+0
-2.667278E+0
-2.667278E+0
-2.670218E+0
-2.674628E+0
-2.680508E+0
-2.687858E+0
-2.693738E+0
-2.698148E+0
-2.702558E+0
-2.702558E+0
-2.699618E+0
-2.693738E+0
-2.684918E+0
-2.671688E+0
-2.656988E+0
-2.639348E+0
-2.623178E+0
-2.608478E+0
-2.595248E+0
-2.586428E+0
-2.583488E+0
-2.587898E+0
-2.599658E+0
-2.618768E+0
-2.645228E+0
-2.679038E+0
-2.717258E+0
-2.758418E+0
-2.801048E+0
-2.845148E+0
-2.886308E+0
-2.921588E+0
-2.952458E+0
-2.977448E+0
-2.993618E+0
-3.003908E+0
-3.003908E+0
-2.998028E+0
-2.983328E+0
-2.961278E+0
-2.934818E+0
-2.906888E+0
-2.880428E+0
-2.855438E+0
-2.839268E+0
-2.831918E+0
-2.834858E+0
-2.848088E+0
-2.868668E+0
-2.895128E+0
-2.921588E+0
-2.946578E+0
-2.967158E+0
-2.978918E+0
-2.981858E+0
-2.977448E+0
-2.970098E+0
-2.959808E+0
-2.948048E+0
-2.939228E+0
-2.933348E+0
-2.928938E+0
-2.924528E+0
-2.921588E+0
-2.917178E+0
-2.911298E+0
-2.902478E+0
-2.895128E+0
-2.886308E+0
-2.878958E+0
-2.876018E+0
-2.877488E+0
-2.881898E+0
-2.893658E+0
-2.908358E+0
-2.927468E+0
-2.946578E+0
-2.964218E+0
-2.981858E+0
-2.996558E+0
-3.011258E+0
-3.021548E+0
-3.030368E+0
-3.040658E+0
-3.052418E+0
-3.064178E+0
-3.078878E+0
-3.093578E+0
-3.109748E+0
-3.127388E+0
-3.140618E+0
-3.150908E+0
-3.156788E+0
-3.156788E+0
-3.150908E+0
-3.140618E+0
-3.127388E+0
-3.112688E+0
-3.096518E+0
-3.081818E+0
-3.070058E+0
-3.061238E+0
-3.053888E+0
-3.048008E+0
-3.043598E+0
-3.040658E+0
-3.037718E+0
-3.034778E+0
-3.031838E+0
-3.028898E+0
-3.027428E+0
-3.027428E+0
-3.030368E+0
-3.033308E+0
-3.037718E+0
-3.043598E+0
-3.048008E+0
-3.053888E+0
-3.058298E+0
-3.061238E+0
-3.065648E+0
-3.068588E+0
-3.070058E+0
-3.072998E+0
-3.074468E+0
-3.075938E+0
-3.074468E+0
-3.072998E+0
-3.067118E+0
-3.058298E+0
-3.049478E+0
-3.042128E+0
-3.034778E+0
-3.031838E+0
-3.031838E+0
-3.037718E+0
-3.049478E+0
-3.062708E+0
-3.078878E+0
-3.095048E+0
-3.108278E+0
-3.117098E+0
-3.120038E+0
-3.117098E+0
-3.109748E+0
-3.097988E+0
-3.087698E+0
-3.077408E+0
-3.070058E+0
-3.068588E+0
-3.068588E+0
-3.072998E+0
-3.077408E+0
-3.080348E+0
-3.083288E+0
-3.084758E+0
-3.086228E+0
-3.084758E+0
-3.086228E+0
-3.089168E+0
-3.096518E+0
-3.111218E+0
-3.131798E+0
-3.156788E+0
-3.189128E+0
-3.224408E+0
-3.264098E+0
-3.303788E+0
-3.343478E+0
-3.381698E+0
-3.418448E+0
-3.452258E+0
-3.481658E+0
-3.506648E+0
-3.525758E+0
-3.536048E+0
-3.537518E+0
-3.530168E+0
-3.512528E+0
-3.487538E+0
-3.453728E+0
-3.415508E+0
-3.377288E+0
-3.342008E+0
-3.309668E+0
-3.286148E+0
-3.268508E+0
-3.261158E+0
-3.259688E+0
-3.265568E+0
-3.272918E+0
-3.283208E+0
-3.293498E+0
-3.305258E+0
-3.315548E+0
-3.325838E+0
-3.336128E+0
-3.347888E+0
-3.359648E+0
-3.371408E+0
-3.386108E+0
-3.397868E+0
-3.406688E+0
-3.411098E+0
-3.411098E+0
-3.406688E+0
-3.394928E+0
-3.381698E+0
-3.366998E+0
-3.355238E+0
-3.349358E+0
-3.352298E+0
-3.362588E+0
-3.384638E+0
-3.414038E+0
-3.449318E+0
-3.486068E+0
-3.522818E+0
-3.558098E+0
-3.587498E+0
-3.611018E+0
-3.633068E+0
-3.649238E+0
-3.666878E+0
-3.684518E+0
-3.699218E+0
-3.713918E+0
-3.724208E+0
-3.730088E+0
-3.731558E+0
-3.724208E+0
-3.710978E+0
-3.691868E+0
-3.668348E+0
-3.644828E+0
-3.622778E+0
-3.602198E+0
-3.586028E+0
-3.572798E+0
-3.565448E+0
-3.559568E+0
-3.558098E+0
-3.553688E+0
-3.549278E+0
-3.543398E+0
-3.537518E+0
-3.530168E+0
-3.522818E+0
-3.518408E+0
-3.516938E+0
-3.516938E+0
-3.521348E+0
-3.530168E+0
-3.538988E+0
-3.549278E+0
-3.562508E+0
-3.577208E+0
-3.593378E+0
-3.615428E+0
-3.643358E+0
-3.677168E+0
-3.718328E+0
-3.765368E+0
-3.815348E+0
-3.865328E+0
-3.910898E+0
-3.949118E+0
-3.972638E+0
-3.981458E+0
-3.975578E+0
-3.952058E+0
-3.921188E+0
-3.881498E+0
-3.840338E+0
-3.802118E+0
-3.769778E+0
-3.744788E+0
-3.727148E+0
-3.716858E+0
-3.712448E+0
-3.710978E+0
-3.710978E+0
-3.712448E+0
-3.710978E+0
-3.710978E+0
-3.705098E+0
-3.699218E+0
-3.693338E+0
-3.690398E+0
-3.688928E+0
-3.687458E+0
-3.690398E+0
-3.694808E+0
-3.700688E+0
-3.708038E+0
-3.712448E+0
-3.715388E+0
-3.713918E+0
-3.710978E+0
-3.703628E+0
-3.693338E+0
-3.683048E+0
-3.671288E+0
-3.660998E+0
-3.652178E+0
-3.643358E+0
-3.634538E+0
-3.624248E+0
-3.611018E+0
-3.591908E+0
-3.565448E+0
-3.528698E+0
-3.480188E+0
-3.419918E+0
-3.346418E+0
-3.262628E+0
-3.170018E+0
-3.071528E+0
-2.973038E+0
-2.880428E+0
-2.796638E+0
-2.726078E+0
-2.673158E+0
-2.642288E+0
-2.637878E+0
-2.661398E+0
-2.715788E+0
-2.803988E+0
-2.927468E+0
-3.090638E+0
-3.292028E+0
-3.534578E+0
-3.818288E+0
-4.144628E+0
-4.513598E+0
-4.926668E+0
-5.377958E+0
-5.868938E+0
-6.389318E+0
-6.930278E+0
-7.480058E+0
-8.009258E+0
-8.494358E+0
-8.925068E+0
-9.269048E+0
-9.567458E+0
-9.832058E+0
-1.008784E+1
-1.040389E+1
-1.074346E+1
-1.110802E+1
-1.146082E+1
-1.168573E+1
-1.178275E+1
-1.163869E+1
-1.146082E+1
-1.129765E+1
-1.129765E+1
-1.150492E+1
-1.210027E+1
-1.411858E+1
-2.000005E+1
-2.000005E+1
-2.000005E+1
-2.000005E+1
-2.000005E+1
-2.000005E+1
-2.000005E+1
-2.000005E+1
-2.000005E+1
-2.000005E+1
-2.000005E+1
-2.000005E+1
-2.000005E+1
-2.000005E+1
-2.000005E+1
-2.000005E+1
-2.000005E+1
-2.000005E+1
-2.000005E+1
-1.240750E+1
-1.053913E+1
-9.714458E+0
-9.222008E+0
-8.951528E+0
-8.822168E+0
-8.808938E+0
-8.898608E+0
-9.119108E+0
-9.496898E+0
-1.008784E+1
-1.118152E+1
-1.411858E+1
-2.000005E+1
-2.000005E+1
-2.000005E+1
-2.000005E+1
-2.000005E+1
-2.000005E+1
-2.000005E+1
-2.000005E+1
-2.000005E+1
-2.000005E+1
-2.000005E+1
-2.000005E+1
-2.000005E+1
-2.000005E+1
-2.000005E+1
-2.000005E+1
-2.000005E+1
-2.000005E+1
-2.000005E+1
-2.000005E+1
-2.000005E+1
-2.000005E+1
-2.000005E+1
-2.000005E+1
-2.000005E+1
-2.000005E+1
-2.000005E+1
-2.000005E+1
-2.000005E+1
-2.000005E+1
-2.000005E+1
-2.000005E+1
-2.000005E+1
-2.000005E+1
-2.000005E+1
-2.000005E+1
-2.000005E+1
-2.000005E+1
-2.000005E+1
-1.328803E+1
-1.204441E+1
-1.159312E+1
-1.154902E+1
-1.183273E+1
-1.227961E+1
-1.268680E+1
-1.284262E+1
-1.254274E+1
-1.188271E+1
-1.110802E+1
-1.037743E+1
-9.792368E+0
-9.363128E+0
-9.075008E+0
-8.925068E+0
-8.925068E+0
-9.075008E+0
-9.429278E+0
-1.006579E+1
-1.114477E+1
-1.372315E+1
-2.000005E+1
-2.000005E+1
-2.000005E+1
-2.000005E+1
-2.000005E+1
-2.000005E+1
-2.000005E+1
-2.000005E+1
-2.000005E+1
-2.000005E+1
-2.000005E+1
-2.000005E+1
-2.000005E+1
-2.000005E+1
-2.000005E+1
-2.000005E+1
-2.000005E+1
-2.000005E+1
-2.000005E+1
-2.000005E+1
-2.000005E+1
-2.000005E+1
-2.000005E+1
-2.000005E+1
-2.000005E+1
-2.000005E+1
-2.000005E+1
-2.000005E+1
-2.000005E+1
-2.000005E+1
-2.000005E+1
-2.000005E+1
-2.000005E+1
-2.000005E+1
-2.000005E+1
-2.000005E+1
-2.000005E+1
-2.000005E+1
-1.479331E+1
-1.360555E+1
-1.292494E+1
-1.247365E+1
-1.198855E+1
-1.154902E+1
-1.107274E+1
-1.068319E+1
-1.037743E+1
-1.018045E+1
-1.010989E+1
-1.020397E+1
-1.048327E+1
-1.100218E+1
-1.193563E+1
-1.372315E+1
-2.000005E+1
-2.000005E+1
-2.000005E+1
-2.000005E+1
-2.000005E+1
-2.000005E+1
-2.000005E+1
-2.000005E+1
-2.000005E+1
-2.000005E+1
-1.522843E+1
-1.292494E+1
-1.173277E+1
-1.096837E+1
-1.040389E+1
-1.002169E+1
-9.773258E+0
-9.658598E+0
-9.676238E+0
-9.852638E+0
-1.018045E+1
-1.068319E+1
-1.137850E+1
-1.240750E+1
-1.397893E+1
-1.761424E+1
-2.000005E+1
-2.000005E+1
-2.000005E+1
-2.000005E+1
-2.000005E+1
-2.000005E+1
-1.761424E+1
-1.499911E+1
-1.360555E+1
-1.254274E+1
-1.168573E+1
-1.096837E+1
-1.037743E+1
-9.914378E+0
-9.514538E+0
-9.192608E+0
-8.925068E+0
-8.710448E+0
-8.538458E+0
-8.398808E+0
-8.297378E+0
-8.238578E+0
-8.247398E+0
-8.326778E+0
-8.494358E+0
-8.783948E+0
-9.222008E+0
-9.852638E+0
-1.080520E+1
-1.247365E+1
-2.000005E+1
-2.000005E+1
-2.000005E+1
-2.000005E+1
-2.000005E+1
-2.000005E+1
-2.000005E+1
-2.000005E+1
-2.000005E+1
-2.000005E+1
-2.000005E+1
-2.000005E+1
-2.000005E+1
-2.000005E+1
-2.000005E+1
-2.000005E+1
-2.000005E+1
-2.000005E+1
-2.000005E+1
-2.000005E+1
-2.000005E+1
-2.000005E+1
-2.000005E+1
-2.000005E+1
-2.000005E+1
-2.000005E+1
-2.000005E+1
-2.000005E+1
-2.000005E+1
-2.000005E+1
-2.000005E+1
-2.000005E+1
-2.000005E+1
-2.000005E+1
-2.000005E+1
-2.000005E+1
-1.411858E+1
-1.204441E+1
-1.121974E+1
-1.090222E+1
-1.096837E+1
-1.150492E+1
-1.301020E+1
-2.000005E+1
-2.000005E+1
-2.000005E+1
-2.000005E+1
-2.000005E+1
-2.000005E+1
-2.000005E+1
-2.000005E+1
-2.000005E+1
-2.000005E+1
-2.000005E+1
-2.000005E+1
-2.000005E+1
-2.000005E+1
-2.000005E+1
-2.000005E+1
-2.000005E+1
-2.000005E+1
-2.000005E+1
-2.000005E+1
-2.000005E+1
-2.000005E+1
-2.000005E+1
-2.000005E+1
-2.000005E+1
-2.000005E+1
-2.000005E+1
-2.000005E+1
-2.000005E+1
-2.000005E+1
-1.610896E+1
-1.221787E+1
-1.110802E+1
-1.059499E+1
-1.037743E+1
-1.040389E+1
-1.056706E+1
-1.080520E+1
-1.114477E+1
-1.150492E+1
-1.188271E+1
-1.227961E+1
-1.261330E+1
-1.292494E+1
-1.319101E+1
-1.328803E+1
-1.338799E+1
-1.349383E+1
-1.360555E+1
-1.397893E+1
-1.522843E+1
-2.000005E+1
-2.000005E+1
-2.000005E+1
-2.000005E+1
-2.000005E+1
-2.000005E+1
-2.000005E+1
-2.000005E+1
-2.000005E+1
-2.000005E+1
-2.000005E+1
-2.000005E+1
-2.000005E+1
-2.000005E+1
-2.000005E+1
-2.000005E+1
-2.000005E+1
-2.000005E+1
-2.000005E+1
-2.000005E+1
-2.000005E+1
-2.000005E+1
-2.000005E+1
-2.000005E+1
-2.000005E+1
-2.000005E+1
-2.000005E+1
-2.000005E+1
-2.000005E+1
-2.000005E+1
-2.000005E+1
-2.000005E+1
-2.000005E+1
-2.000005E+1
-2.000005E+1
-2.000005E+1
-2.000005E+1
-2.000005E+1
-2.000005E+1
-2.000005E+1
-2.000005E+1
-2.000005E+1
-2.000005E+1
-2.000005E+1
-2.000005E+1
-2.000005E+1
-2.000005E+1
-2.000005E+1
-2.000005E+1
-2.000005E+1
-2.000005E+1
-2.000005E+1
-2.000005E+1
-2.000005E+1
-2.000005E+1
-2.000005E+1
-2.000005E+1
-2.000005E+1
-2.000005E+1
-1.698949E+1
-1.183273E+1
-1.048327E+1
-9.792368E+0
-9.396938E+0
-9.252878E+0
-9.316088E+0
-9.602738E+0
-1.020397E+1
-1.129765E+1
-1.426852E+1
-2.000005E+1
-2.000005E+1
-2.000005E+1
-2.000005E+1
-2.000005E+1
-2.000005E+1
-2.000005E+1
-2.000005E+1
-2.000005E+1
-2.000005E+1
-2.000005E+1
-2.000005E+1
-2.000005E+1
-2.000005E+1
-2.000005E+1
-2.000005E+1
-2.000005E+1
-2.000005E+1
-2.000005E+1
-2.000005E+1
-2.000005E+1
-2.000005E+1
-2.000005E+1
-1.548421E+1
-1.319101E+1
-1.254274E+1
-1.254274E+1
-1.301020E+1
-1.443022E+1
-2.000005E+1
-2.000005E+1
-2.000005E+1
-2.000005E+1
-2.000005E+1
-2.000005E+1
-1.761424E+1
-1.328803E+1
-1.188271E+1
-1.100218E+1
-1.043035E+1
-9.999638E+0
-9.676238E+0
-9.413108E+0
-9.222008E+0
-9.075008E+0
-8.977988E+0
-8.938298E+0
-8.964758E+0
-9.061778E+0
-9.238178E+0
-9.496898E+0
-9.873218E+0
-1.037743E+1
-1.107274E+1
-1.210027E+1
-1.384663E+1
-2.000005E+1
-2.000005E+1
-2.000005E+1
-2.000005E+1
-2.000005E+1
-2.000005E+1
-2.000005E+1
-2.000005E+1
-2.000005E+1
-2.000005E+1
-2.000005E+1
-2.000005E+1
-2.000005E+1
-2.000005E+1
-2.000005E+1
-2.000005E+1
-2.000005E+1
-2.000005E+1
-1.548421E+1
-1.479331E+1
-1.522843E+1
-2.000005E+1
-2.000005E+1
-2.000005E+1
-2.000005E+1
-2.000005E+1
-2.000005E+1
-2.000005E+1
-2.000005E+1
-2.000005E+1
-2.000005E+1
-2.000005E+1
-2.000005E+1
-2.000005E+1
-2.000005E+1
-2.000005E+1
-2.000005E+1
-2.000005E+1
-2.000005E+1
-2.000005E+1
-2.000005E+1
-2.000005E+1
-1.443022E+1
-1.284262E+1
-1.193563E+1
-1.137850E+1
-1.090222E+1
-1.053913E+1
-1.025248E+1
-9.999638E+0
-9.773258E+0
-9.585098E+0
-9.446918E+0
-9.330788E+0
-9.269048E+0
-9.269048E+0
-9.316088E+0
-9.446918E+0
-9.695348E+0
-1.008784E+1
-1.074346E+1
-1.178275E+1
-1.411858E+1
-2.000005E+1
-2.000005E+1
-2.000005E+1
-2.000005E+1
-2.000005E+1
-2.000005E+1
-2.000005E+1
-1.411858E+1
-1.215907E+1
-1.121974E+1
-1.068319E+1
-1.032745E+1
-1.004374E+1
-9.811478E+0
-9.585098E+0
-9.363128E+0
-9.133808E+0
-8.911838E+0
-8.722208E+0
-8.582558E+0
-8.472308E+0
-8.409098E+0
-8.378228E+0
-8.409098E+0
-8.494358E+0
-8.628128E+0
-8.833928E+0
-9.119108E+0
-9.514538E+0
-1.004374E+1
-1.074346E+1
-1.168573E+1
-1.309840E+1
-1.610896E+1
-2.000005E+1
-2.000005E+1
-2.000005E+1
-2.000005E+1
-2.000005E+1
-2.000005E+1
-2.000005E+1
-2.000005E+1
-1.698949E+1
-1.650439E+1
-1.698949E+1
-2.000005E+1
-2.000005E+1
-2.000005E+1
-2.000005E+1
-2.000005E+1
-2.000005E+1
-2.000005E+1
-2.000005E+1
-2.000005E+1
-2.000005E+1
-2.000005E+1
-2.000005E+1
-2.000005E+1
-2.000005E+1
-2.000005E+1
-2.000005E+1
-1.397893E+1
-1.133734E+1
-1.020397E+1
-9.496898E+0
-9.019148E+0
-8.686928E+0
-8.462018E+0
-8.316488E+0
-8.238578E+0
-8.209178E+0
-8.219468E+0
-8.257688E+0
-8.306198E+0
-8.367938E+0
-8.429678E+0
-8.504648E+0
-8.570798E+0
-8.663408E+0
-8.783948E+0
-8.938298E+0
-9.119108E+0
-9.346958E+0
-9.621848E+0
-9.914378E+0
-1.018045E+1
-1.037743E+1
-1.045681E+1
-1.037743E+1
-1.015693E+1
-9.893798E+0
-9.639488E+0
-9.413108E+0
-9.238178E+0
-9.163208E+0
-9.163208E+0
-9.222008E+0
-9.316088E+0
-9.446918E+0
-9.585098E+0
-9.733568E+0
-9.873218E+0
-1.004374E+1
-1.027747E+1
-1.059499E+1
-1.110802E+1
-1.188271E+1
-1.338799E+1
-2.000005E+1
-2.000005E+1
-2.000005E+1
-2.000005E+1
-2.000005E+1
-2.000005E+1
-2.000005E+1
-2.000005E+1
-2.000005E+1
-2.000005E+1
-2.000005E+1
-2.000005E+1
-2.000005E+1
-2.000005E+1
-2.000005E+1
-2.000005E+1
-2.000005E+1
-2.000005E+1
-2.000005E+1
-1.284262E+1
-1.103746E+1
-1.006579E+1
-9.396938E+0
-8.911838E+0
-8.548748E+0
-8.287088E+0
-8.107748E+0
-8.018078E+0
-8.000438E+0
-8.062178E+0
-8.200358E+0
-8.398808E+0
-8.639888E+0
-8.925068E+0
-9.192608E+0
-9.413108E+0
-9.567458E+0
-9.602738E+0
-9.585098E+0
-9.514538E+0
-9.480728E+0
-9.496898E+0
-9.602738E+0
-9.852638E+0
-1.022749E+1
-1.077433E+1
-1.150492E+1
-1.247365E+1
-1.360555E+1
-1.443022E+1
-1.443022E+1
-1.349383E+1
-1.261330E+1
-1.178275E+1
-1.110802E+1
-1.056706E+1
-1.018045E+1
-9.893798E+0
-9.695348E+0
-9.585098E+0
-9.567458E+0
-9.695348E+0
-9.955538E+0
-1.045681E+1
-1.129765E+1
-1.319101E+1
-2.000005E+1
-2.000005E+1
-2.000005E+1
-2.000005E+1
-2.000005E+1
-2.000005E+1
-2.000005E+1
-2.000005E+1
-2.000005E+1
-2.000005E+1
-2.000005E+1
-2.000005E+1
-2.000005E+1
-2.000005E+1
-2.000005E+1
-2.000005E+1
-2.000005E+1
-2.000005E+1
-2.000005E+1
-1.234135E+1
-1.093456E+1
-1.030099E+1
-1.002169E+1
-1.002169E+1
-1.025248E+1
-1.083607E+1
-1.204441E+1
-1.698949E+1
-2.000005E+1
-2.000005E+1
-2.000005E+1
-2.000005E+1
-2.000005E+1
-2.000005E+1
-2.000005E+1
-2.000005E+1
-2.000005E+1
-1.319101E+1
-1.071259E+1
-9.585098E+0
-8.885378E+0
-8.429678E+0
-8.125388E+0
-7.932818E+0
-7.834328E+0
-7.801988E+0
-7.850498E+0
-7.966628E+0
-8.143028E+0
-8.367938E+0
-8.651648E+0
-8.964758E+0
-9.346958E+0
-9.773258E+0
-1.025248E+1
-1.080520E+1
-1.146082E+1
-1.240750E+1
-1.384663E+1
-1.650439E+1
-2.000005E+1
-2.000005E+1
-2.000005E+1
-2.000005E+1
-1.650439E+1
-1.411858E+1
-1.319101E+1
-1.276324E+1
-1.268680E+1
-1.292494E+1
-1.360555E+1
-1.548421E+1
-2.000005E+1
-2.000005E+1
-2.000005E+1
-2.000005E+1
-2.000005E+1
-2.000005E+1
-2.000005E+1
-2.000005E+1
-2.000005E+1
-2.000005E+1
-2.000005E+1
-2.000005E+1
-2.000005E+1
-2.000005E+1
-2.000005E+1
-2.000005E+1
-2.000005E+1
-2.000005E+1
-2.000005E+1
-2.000005E+1
-2.000005E+1
-1.268680E+1
-1.114477E+1
-1.027747E+1
-9.676238E+0
-9.299918E+0
-9.061778E+0
-8.964758E+0
-9.019148E+0
-9.238178E+0
-9.639488E+0
-1.030099E+1
-1.137850E+1
-1.349383E+1
-2.000005E+1
-2.000005E+1
-2.000005E+1
-2.000005E+1
-2.000005E+1
-2.000005E+1
-2.000005E+1
-2.000005E+1
-2.000005E+1
-2.000005E+1
-2.000005E+1
-2.000005E+1
-2.000005E+1
-2.000005E+1
-2.000005E+1
-2.000005E+1
-1.610896E+1
-1.460368E+1
-1.443022E+1
-1.522843E+1
-1.849477E+1
-2.000005E+1
-2.000005E+1
-2.000005E+1
-2.000005E+1
-2.000005E+1
-2.000005E+1
-2.000005E+1
-2.000005E+1
-2.000005E+1
-2.000005E+1
-2.000005E+1
-2.000005E+1
-2.000005E+1
-2.000005E+1
-2.000005E+1
-2.000005E+1
-2.000005E+1
-2.000005E+1
-2.000005E+1
-2.000005E+1
-2.000005E+1
-2.000005E+1
-2.000005E+1
-1.650439E+1
-1.261330E+1
-1.150492E+1
-1.093456E+1
-1.068319E+1
-1.059499E+1
-1.065379E+1
-1.083607E+1
-1.110802E+1
-1.137850E+1
-1.154902E+1
-1.159312E+1
-1.150492E+1
-1.129765E+1
-1.103746E+1
-1.074346E+1
-1.053913E+1
-1.040389E+1
-1.035244E+1
-1.037743E+1
-1.051120E+1
-1.077433E+1
-1.129765E+1
-1.221787E+1
-1.443022E+1
-2.000005E+1
-2.000005E+1
-2.000005E+1
-2.000005E+1
-2.000005E+1
-2.000005E+1
-2.000005E+1
-2.000005E+1
-2.000005E+1
-2.000005E+1
-2.000005E+1
-2.000005E+1
-2.000005E+1
-2.000005E+1
-2.000005E+1
-1.309840E+1
-1.059499E+1
-9.514538E+0
-8.898608E+0
-8.548748E+0
-8.388518E+0
-8.367938E+0
-8.472308E+0
-8.675168E+0
-8.925068E+0
-9.207308E+0
-9.446918E+0
-9.585098E+0
-9.621848E+0
-9.549818E+0
-9.413108E+0
-9.252878E+0
-9.104408E+0
-8.992688E+0
-8.938298E+0
-8.951528E+0
-9.019148E+0
-9.177908E+0
-9.429278E+0
-9.811478E+0
-1.035244E+1
-1.110802E+1
-1.227961E+1
-1.460368E+1
-2.000005E+1
-2.000005E+1
-2.000005E+1
-2.000005E+1
-2.000005E+1
-2.000005E+1
-2.000005E+1
-2.000005E+1
-2.000005E+1
-2.000005E+1
-2.000005E+1
-2.000005E+1
-2.000005E+1
-2.000005E+1
-2.000005E+1
-2.000005E+1
-2.000005E+1
-2.000005E+1
-2.000005E+1
-2.000005E+1
-2.000005E+1
-2.000005E+1
-2.000005E+1
-2.000005E+1
-2.000005E+1
-2.000005E+1
-2.000005E+1
-2.000005E+1
-2.000005E+1
-2.000005E+1
-2.000005E+1
-2.000005E+1
-1.849477E+1
-2.000005E+1
-2.000005E+1
-2.000005E+1
-2.000005E+1
-2.000005E+1
-2.000005E+1
-1.761424E+1
-1.479331E+1
-1.360555E+1
-1.319101E+1
-1.328803E+1
-1.384663E+1
-1.548421E+1
-2.000005E+1
-2.000005E+1
-2.000005E+1
-2.000005E+1
-2.000005E+1
-2.000005E+1
-2.000005E+1
-2.000005E+1
-2.000005E+1
-1.610896E+1
-1.479331E+1
-1.479331E+1
-1.698949E+1
-2.000005E+1
-2.000005E+1
-2.000005E+1
-2.000005E+1
-2.000005E+1
-2.000005E+1
-2.000005E+1
-2.000005E+1
-2.000005E+1
-2.000005E+1
-2.000005E+1
-2.000005E+1
-2.000005E+1
-2.000005E+1
-2.000005E+1
-2.000005E+1
-2.000005E+1
-2.000005E+1
-2.000005E+1
-2.000005E+1
-1.460368E+1
-1.309840E+1
-1.240750E+1
-1.198855E+1
-1.173277E+1
-1.146082E+1
-1.125796E+1
-1.110802E+1
-1.093456E+1
-1.074346E+1
-1.053913E+1
-1.035244E+1
-1.018045E+1
-1.006579E+1
-9.999638E+0
-9.955538E+0
-9.977588E+0
-1.008784E+1
-1.030099E+1
-1.056706E+1
-1.090222E+1
-1.133734E+1
-1.188271E+1
-1.261330E+1
-1.360555E+1
-1.577380E+1
-2.000005E+1
-2.000005E+1
-2.000005E+1
-2.000005E+1
-2.000005E+1
-2.000005E+1
-2.000005E+1
-2.000005E+1
-2.000005E+1
-2.000005E+1
-2.000005E+1
-2.000005E+1
-2.000005E+1
-2.000005E+1
-2.000005E+1
-2.000005E+1
-2.000005E+1
-2.000005E+1
-2.000005E+1
-2.000005E+1
-2.000005E+1
-2.000005E+1
-2.000005E+1
-2.000005E+1
-2.000005E+1
-2.000005E+1
-2.000005E+1
-2.000005E+1
-2.000005E+1
-2.000005E+1
-2.000005E+1
-2.000005E+1
-2.000005E+1
-2.000005E+1
-2.000005E+1
-2.000005E+1
-2.000005E+1
-2.000005E+1
-2.000005E+1
-2.000005E+1
-2.000005E+1
-2.000005E+1
-2.000005E+1
-2.000005E+1
-2.000005E+1
-2.000005E+1
-2.000005E+1
-2.000005E+1
-2.000005E+1
-2.000005E+1
-2.000005E+1
-2.000005E+1
-2.000005E+1
-2.000005E+1
-2.000005E+1
-2.000005E+1
-2.000005E+1
-2.000005E+1
-2.000005E+1
-2.000005E+1
-2.000005E+1
-2.000005E+1
-2.000005E+1
-2.000005E+1
-2.000005E+1
-2.000005E+1
-2.000005E+1
-2.000005E+1
-2.000005E+1
-2.000005E+1
-2.000005E+1
-2.000005E+1
-2.000005E+1
-2.000005E+1
-2.000005E+1
-2.000005E+1
-2.000005E+1
-2.000005E+1
-2.000005E+1
-2.000005E+1
-1.577380E+1
-1.328803E+1
-1.247365E+1
-1.221787E+1
-1.247365E+1
-1.328803E+1
-1.650439E+1
-2.000005E+1
-2.000005E+1
-2.000005E+1
-2.000005E+1
-2.000005E+1
-2.000005E+1
-2.000005E+1
-1.522843E+1
-1.210027E+1
-1.090222E+1
-1.025248E+1
-9.893798E+0
-9.714458E+0
-9.658598E+0
-9.676238E+0
-9.714458E+0
-9.752678E+0
-9.773258E+0
-9.752678E+0
-9.714458E+0
-9.714458E+0
-9.773258E+0
-9.955538E+0
-1.027747E+1
-1.080520E+1
-1.163869E+1
-1.319101E+1
-2.000005E+1
-2.000005E+1
-2.000005E+1
-2.000005E+1
-2.000005E+1
-2.000005E+1
-1.577380E+1
-1.261330E+1
-1.133734E+1
-1.051120E+1
-9.999638E+0
-9.639488E+0
-9.463088E+0
-9.413108E+0
-9.496898E+0
-9.733568E+0
-1.015693E+1
-1.090222E+1
-1.234135E+1
-2.000005E+1
-2.000005E+1
-2.000005E+1
-2.000005E+1
-2.000005E+1
-2.000005E+1
-2.000005E+1
-2.000005E+1
-2.000005E+1
-2.000005E+1
-2.000005E+1
-2.000005E+1
-2.000005E+1
-1.479331E+1
-1.240750E+1
-1.154902E+1
-1.118152E+1
-1.110802E+1
-1.133734E+1
-1.183273E+1
-1.268680E+1
-1.443022E+1
-2.000005E+1
-2.000005E+1
-2.000005E+1
-2.000005E+1
-1.610896E+1
-1.309840E+1
-1.163869E+1
-1.074346E+1
-1.008784E+1
-9.639488E+0
-9.330788E+0
-9.148508E+0
-9.061778E+0
-9.061778E+0
-9.148508E+0
-9.316088E+0
-9.549818E+0
-9.832058E+0
-1.018045E+1
-1.053913E+1
-1.093456E+1
-1.121974E+1
-1.141966E+1
-1.141966E+1
-1.125796E+1
-1.100218E+1
-1.071259E+1
-1.043035E+1
-1.025248E+1
-1.015693E+1
-1.015693E+1
-1.027747E+1
-1.048327E+1
-1.077433E+1
-1.110802E+1
-1.150492E+1
-1.193563E+1
-1.247365E+1
-1.309840E+1
-1.397893E+1
-1.548421E+1
-2.000005E+1
-2.000005E+1
-2.000005E+1
-2.000005E+1
-2.000005E+1
-1.698949E+1
-1.360555E+1
-1.215907E+1
-1.125796E+1
-1.065379E+1
-1.025248E+1
-9.955538E+0
-9.752678E+0
-9.602738E+0
-9.514538E+0
-9.463088E+0
-9.480728E+0
-9.532178E+0
-9.658598E+0
-9.873218E+0
-1.020397E+1
-1.065379E+1
-1.114477E+1
-1.168573E+1
-1.221787E+1
-1.247365E+1
-1.234135E+1
-1.183273E+1
-1.118152E+1
-1.059499E+1
-1.010989E+1
-9.695348E+0
-9.379298E+0
-9.148508E+0
-9.005918E+0
-8.938298E+0
-8.951528E+0
-9.033848E+0
-9.177908E+0
-9.379298E+0
-9.658598E+0
-9.977588E+0
-1.032745E+1
-1.071259E+1
-1.114477E+1
-1.168573E+1
-1.234135E+1
-1.328803E+1
-1.548421E+1
-2.000005E+1
-2.000005E+1
-2.000005E+1
-2.000005E+1
-2.000005E+1
-2.000005E+1
-2.000005E+1
-2.000005E+1
-2.000005E+1
-2.000005E+1
-2.000005E+1
-2.000005E+1
-1.360555E+1
-1.221787E+1
-1.154902E+1
-1.121974E+1
-1.107274E+1
-1.103746E+1
-1.103746E+1
-1.103746E+1
-1.096837E+1
-1.083607E+1
-1.065379E+1
-1.043035E+1
-1.022749E+1
-1.004374E+1
-9.852638E+0
-9.695348E+0
-9.585098E+0
-9.480728E+0
-9.396938E+0
-9.316088E+0
-9.283748E+0
-9.283748E+0
-9.346958E+0
-9.496898E+0
-9.714458E+0
-1.002169E+1
-1.048327E+1
-1.107274E+1
-1.193563E+1
-1.328803E+1
-1.610896E+1
-2.000005E+1
-2.000005E+1
-2.000005E+1
-2.000005E+1
-2.000005E+1
-2.000005E+1
-1.360555E+1
-1.163869E+1
-1.048327E+1
-9.695348E+0
-9.133808E+0
-8.735438E+0
-8.450258E+0
-8.267978E+0
-8.143028E+0
-8.070998E+0
-8.018078E+0
-7.982798E+0
-7.932818E+0
-7.882838E+0
-7.834328E+0
-7.810808E+0
-7.818158E+0
-7.891658E+0
-8.035718E+0
-8.287088E+0
-8.686928E+0
-9.299918E+0
-1.030099E+1
-1.234135E+1
-2.000005E+1
-2.000005E+1
-2.000005E+1
-2.000005E+1
-2.000005E+1
-2.000005E+1
-2.000005E+1
-2.000005E+1
-2.000005E+1
-2.000005E+1
-2.000005E+1
-2.000005E+1
-1.411858E+1
-1.210027E+1
-1.114477E+1
-1.059499E+1
-1.020397E+1
-9.914378E+0
-9.658598E+0
-9.463088E+0
-9.316088E+0
-9.207308E+0
-9.148508E+0
-9.148508E+0
-9.222008E+0
-9.363128E+0
-9.602738E+0
-9.934958E+0
-1.035244E+1
-1.093456E+1
-1.173277E+1
-1.309840E+1
-1.698949E+1
-2.000005E+1
-2.000005E+1
-2.000005E+1
-2.000005E+1
-2.000005E+1
-2.000005E+1
-2.000005E+1
-2.000005E+1
-2.000005E+1
-2.000005E+1
-2.000005E+1
-2.000005E+1
-2.000005E+1
-2.000005E+1
-2.000005E+1
-2.000005E+1
-2.000005E+1
-2.000005E+1
-2.000005E+1
-2.000005E+1
-2.000005E+1
-2.000005E+1
-2.000005E+1
-2.000005E+1
-2.000005E+1
-2.000005E+1
-2.000005E+1
-1.460368E+1
-1.338799E+1
-1.328803E+1
-1.360555E+1
-1.479331E+1
-2.000005E+1
-2.000005E+1
-2.000005E+1
-2.000005E+1
-2.000005E+1
-2.000005E+1
-2.000005E+1
-2.000005E+1
-2.000005E+1
-2.000005E+1
-2.000005E+1
-2.000005E+1
-2.000005E+1
-1.761424E+1
-2.000005E+1
-2.000005E+1
-2.000005E+1
-2.000005E+1
-2.000005E+1
-2.000005E+1
-2.000005E+1
-2.000005E+1
-2.000005E+1
-2.000005E+1
-2.000005E+1
-2.000005E+1
-2.000005E+1
-2.000005E+1
-2.000005E+1
-2.000005E+1
-2.000005E+1
-2.000005E+1
-1.360555E+1
-1.150492E+1
-1.059499E+1
-1.006579E+1
-9.676238E+0
-9.379298E+0
-9.133808E+0
-8.911838E+0
-8.772188E+0
-8.698688E+0
-8.735438E+0
-8.898608E+0
-9.222008E+0
-9.773258E+0
-1.074346E+1
-1.284262E+1
-2.000005E+1
-2.000005E+1
-2.000005E+1
-2.000005E+1
-2.000005E+1
-2.000005E+1
-2.000005E+1
-2.000005E+1
-2.000005E+1
-2.000005E+1
-2.000005E+1
-2.000005E+1
-1.338799E+1
-1.133734E+1
-1.043035E+1
-9.977588E+0
-9.773258E+0
-9.752678E+0
-9.914378E+0
-1.022749E+1
-1.068319E+1
-1.118152E+1
-1.163869E+1
-1.183273E+1
-1.159312E+1
-1.107274E+1
-1.045681E+1
-9.914378E+0
-9.446918E+0
-9.104408E+0
-8.858918E+0
-8.710448E+0
-8.628128E+0
-8.628128E+0
-8.663408E+0
-8.747198E+0
-8.885378E+0
-9.075008E+0
-9.330788E+0
-9.733568E+0
-1.032745E+1
-1.133734E+1
-1.372315E+1
-2.000005E+1
-2.000005E+1
-2.000005E+1
-2.000005E+1
-2.000005E+1
-2.000005E+1
-2.000005E+1
-2.000005E+1
-2.000005E+1
-2.000005E+1
-2.000005E+1
-2.000005E+1
-2.000005E+1
-1.761424E+1
-1.198855E+1
-1.071259E+1
-1.004374E+1
-9.733568E+0
-9.658598E+0
-9.792368E+0
-1.018045E+1
-1.086841E+1
-1.227961E+1
-2.000005E+1
-2.000005E+1
-2.000005E+1
-2.000005E+1
-2.000005E+1
-2.000005E+1
-2.000005E+1
-2.000005E+1
-2.000005E+1
-2.000005E+1
-1.499911E+1
-1.227961E+1
-1.125796E+1
-1.074346E+1
-1.053913E+1
-1.059499E+1
-1.083607E+1
-1.137850E+1
-1.227961E+1
-1.411858E+1
-2.000005E+1
-2.000005E+1
-2.000005E+1
-2.000005E+1
-2.000005E+1
-2.000005E+1
-2.000005E+1
-2.000005E+1
-2.000005E+1
-2.000005E+1
-2.000005E+1
-2.000005E+1
-2.000005E+1
-1.460368E+1
-1.338799E+1
-1.292494E+1
-1.319101E+1
-1.426852E+1
-2.000005E+1
-2.000005E+1
-2.000005E+1
-2.000005E+1
-2.000005E+1
-2.000005E+1
-2.000005E+1
-2.000005E+1
-2.000005E+1
-2.000005E+1
-2.000005E+1
-2.000005E+1
-2.000005E+1
-2.000005E+1
-2.000005E+1
-2.000005E+1
-2.000005E+1
-2.000005E+1
-2.000005E+1
-2.000005E+1
-2.000005E+1
-2.000005E+1
-2.000005E+1
-2.000005E+1
-2.000005E+1
-2.000005E+1
-2.000005E+1
-2.000005E+1
-2.000005E+1
-2.000005E+1
-1.338799E+1
-1.159312E+1
-1.053913E+1
-9.852638E+0
-9.379298E+0
-9.104408E+0
-8.992688E+0
-9.075008E+0
-9.363128E+0
-9.914378E+0
-1.093456E+1
-1.338799E+1
-2.000005E+1
-2.000005E+1
-2.000005E+1
-2.000005E+1
-2.000005E+1
-2.000005E+1
-2.000005E+1
-2.000005E+1
-2.000005E+1
-2.000005E+1
-2.000005E+1
-2.000005E+1
-2.000005E+1
-2.000005E+1
-2.000005E+1
-2.000005E+1
-1.610896E+1
-1.146082E+1
-1.015693E+1
-9.413108E+0
-8.951528E+0
-8.675168E+0
-8.526698E+0
-8.482598E+0
-8.526698E+0
-8.651648E+0
-8.847158E+0
-9.104408E+0
-9.413108E+0
-9.752678E+0
-1.015693E+1
-1.056706E+1
-1.093456E+1
-1.114477E+1
-1.114477E+1
-1.096837E+1
-1.059499E+1
-1.020397E+1
-9.811478E+0
-9.514538E+0
-9.316088E+0
-9.222008E+0
-9.269048E+0
-9.429278E+0
-9.695348E+0
-1.008784E+1
-1.059499E+1
-1.110802E+1
-1.159312E+1
-1.198855E+1
-1.215907E+1
-1.221787E+1
-1.221787E+1
-1.234135E+1
-1.268680E+1
-1.349383E+1
-1.548421E+1
-2.000005E+1
-2.000005E+1
-2.000005E+1
-2.000005E+1
-2.000005E+1
-2.000005E+1
-2.000005E+1
-2.000005E+1
-2.000005E+1
-2.000005E+1
-2.000005E+1
-2.000005E+1
-2.000005E+1
-2.000005E+1
-2.000005E+1
-2.000005E+1
-2.000005E+1
-2.000005E+1
-2.000005E+1
-2.000005E+1
-2.000005E+1
-2.000005E+1
-2.000005E+1
-2.000005E+1
-2.000005E+1
-2.000005E+1
-2.000005E+1
-2.000005E+1
-2.000005E+1
-2.000005E+1
-2.000005E+1
-2.000005E+1
-2.000005E+1
-2.000005E+1
-2.000005E+1
-2.000005E+1
-2.000005E+1
-2.000005E+1
-2.000005E+1
-1.460368E+1
-1.276324E+1
-1.210027E+1
-1.193563E+1
-1.215907E+1
-1.301020E+1
-1.577380E+1
-2.000005E+1
-2.000005E+1
-2.000005E+1
-2.000005E+1
-2.000005E+1
-2.000005E+1
-2.000005E+1
-2.000005E+1
-2.000005E+1
-2.000005E+1
-2.000005E+1
-2.000005E+1
-2.000005E+1
-2.000005E+1
-2.000005E+1
-1.426852E+1
-1.221787E+1
-1.114477E+1
-1.048327E+1
-1.006579E+1
-9.792368E+0
-9.695348E+0
-9.792368E+0
-1.006579E+1
-1.062439E+1
-1.159312E+1
-1.372315E+1
-2.000005E+1
-2.000005E+1
-2.000005E+1
-2.000005E+1
-2.000005E+1
-2.000005E+1
-2.000005E+1
-2.000005E+1
-2.000005E+1
-2.000005E+1
-2.000005E+1
-2.000005E+1
-2.000005E+1
-2.000005E+1
-2.000005E+1
-2.000005E+1
-2.000005E+1
-2.000005E+1
-2.000005E+1
-2.000005E+1
-2.000005E+1
-2.000005E+1
-1.698949E+1
-1.301020E+1
-1.159312E+1
-1.077433E+1
-1.025248E+1
-9.955538E+0
-9.811478E+0
-9.852638E+0
-1.008784E+1
-1.053913E+1
-1.125796E+1
-1.254274E+1
-1.548421E+1
-2.000005E+1
-2.000005E+1
-2.000005E+1
-2.000005E+1
-2.000005E+1
-2.000005E+1
-2.000005E+1
-2.000005E+1
-2.000005E+1
-2.000005E+1
-2.000005E+1
-2.000005E+1
-2.000005E+1
-2.000005E+1
-2.000005E+1
-1.548421E+1
-1.309840E+1
-1.210027E+1
-1.154902E+1
-1.125796E+1
-1.114477E+1
-1.118152E+1
-1.129765E+1
-1.141966E+1
-1.146082E+1
-1.146082E+1
-1.146082E+1
-1.154902E+1
-1.183273E+1
-1.240750E+1
-1.397893E+1
-2.000005E+1
-2.000005E+1
-2.000005E+1
-2.000005E+1
-2.000005E+1
-2.000005E+1
-2.000005E+1
-2.000005E+1
-2.000005E+1
-2.000005E+1
-2.000005E+1
-2.000005E+1
-2.000005E+1
-2.000005E+1
-1.650439E+1
-1.240750E+1
-1.118152E+1
-1.051120E+1
-1.013341E+1
-1.002169E+1
-1.008784E+1
-1.040389E+1
-1.096837E+1
-1.193563E+1
-1.397893E+1
-2.000005E+1
-2.000005E+1
-2.000005E+1
-2.000005E+1
-2.000005E+1
-2.000005E+1
-2.000005E+1
-2.000005E+1
-1.610896E+1
-1.319101E+1
-1.221787E+1
-1.183273E+1
-1.188271E+1
-1.254274E+1
-1.479331E+1
-2.000005E+1
-2.000005E+1
-2.000005E+1
-2.000005E+1
-2.000005E+1
-2.000005E+1
-2.000005E+1
-2.000005E+1
-2.000005E+1
-2.000005E+1
-2.000005E+1
-2.000005E+1
-2.000005E+1
-2.000005E+1
-2.000005E+1
-2.000005E+1
-2.000005E+1
-2.000005E+1
-2.000005E+1
-2.000005E+1
-2.000005E+1
-2.000005E+1
-2.000005E+1
-2.000005E+1
-2.000005E+1
-2.000005E+1
-2.000005E+1
-2.000005E+1
-2.000005E+1
-2.000005E+1
-2.000005E+1
-2.000005E+1
-2.000005E+1
-2.000005E+1
-2.000005E+1
-2.000005E+1
-2.000005E+1
-2.000005E+1
-2.000005E+1
-1.384663E+1
-1.247365E+1
-1.178275E+1
-1.141966E+1
-1.129765E+1
-1.125796E+1
-1.137850E+1
-1.150492E+1
-1.168573E+1
-1.183273E+1
-1.193563E+1
-1.188271E+1
-1.168573E+1
-1.129765E+1
-1.083607E+1
-1.032745E+1
-9.811478E+0
-9.363128E+0
-8.977988E+0
-8.675168E+0
-8.472308E+0
-8.337068E+0
-8.297378E+0
-8.326778E+0
-8.450258E+0
-8.651648E+0
-8.938298E+0
-9.316088E+0
-9.811478E+0
-1.051120E+1
-1.154902E+1
-1.360555E+1
-2.000005E+1
-2.000005E+1
-2.000005E+1
-2.000005E+1
-2.000005E+1
-2.000005E+1
-2.000005E+1
-2.000005E+1
-2.000005E+1
-2.000005E+1
-2.000005E+1
-2.000005E+1
-2.000005E+1
-2.000005E+1
-2.000005E+1
-2.000005E+1
-2.000005E+1
-2.000005E+1
-2.000005E+1
-2.000005E+1
-2.000005E+1
-2.000005E+1
-2.000005E+1
-2.000005E+1
-2.000005E+1
-2.000005E+1
-2.000005E+1
-2.000005E+1
-2.000005E+1
-2.000005E+1
-2.000005E+1
-2.000005E+1
-2.000005E+1
-2.000005E+1
-2.000005E+1
-2.000005E+1
-2.000005E+1
-2.000005E+1
-2.000005E+1
-2.000005E+1
-2.000005E+1
-2.000005E+1
-2.000005E+1
-2.000005E+1
-2.000005E+1
-2.000005E+1
-2.000005E+1
-2.000005E+1
-2.000005E+1
-2.000005E+1
-2.000005E+1
-2.000005E+1
-2.000005E+1
-2.000005E+1
-2.000005E+1
-2.000005E+1
-2.000005E+1
-2.000005E+1
-2.000005E+1
-2.000005E+1
-2.000005E+1
-2.000005E+1
-1.384663E+1
-1.204441E+1
