Date/Time	2022-06-16 20:06:32
Line location	3
Line name	C1
OTDR wavelength [nm]	1625
OTDR pulse duration [ns]	2
OTDR scan time [s]	10
OTDR scan length [m]	1.500000E+2
Length offset [m]	0.000000E+0
Length increment [m]	3.996806E-2
Switch ID	VIAVI Solutions,OTU 8000E,11654,FO,16.76
OTDR ID	JDSU,OTU 8000E,11654,OTU(SmartOTU),V7.22

Reflected amplitude [dB]
1.459012E+0
1.353172E+0
1.242922E+0
1.142962E+0
1.060642E+0
9.974320E-1
9.695020E-1
1.006252E+0
1.119442E+0
1.320832E+0
1.583962E+0
1.848562E+0
2.088172E+0
2.285152E+0
2.433622E+0
2.539462E+0
2.614432E+0
2.664412E+0
2.684992E+0
2.658532E+0
2.589442E+0
2.482132E+0
2.339542E+0
2.158732E+0
1.958812E+0
1.766242E+0
1.569262E+0
1.357582E+0
1.141492E+0
9.327520E-1
7.460620E-1
5.843620E-1
4.476520E-1
3.359320E-1
2.418520E-1
1.624720E-1
9.632200E-2
4.046200E-2
-6.578000E-3
-4.626800E-2
-7.860800E-2
-1.050680E-1
-1.256480E-1
-1.432880E-1
-1.579880E-1
-1.712180E-1
-1.829780E-1
-1.947380E-1
-2.050280E-1
-2.153180E-1
-2.270780E-1
-2.388380E-1
-2.520680E-1
-2.652980E-1
-2.785280E-1
-2.932280E-1
-3.079280E-1
-3.240980E-1
-3.417380E-1
-3.608480E-1
-3.799580E-1
-4.020080E-1
-4.240580E-1
-4.461080E-1
-4.666880E-1
-4.843280E-1
-4.990280E-1
-5.078480E-1
-5.078480E-1
-5.004980E-1
-4.843280E-1
-4.593380E-1
-4.284680E-1
-3.902480E-1
-3.505580E-1
-3.108680E-1
-2.726480E-1
-2.388380E-1
-2.109080E-1
-1.888580E-1
-1.770980E-1
-1.726880E-1
-1.756280E-1
-1.873880E-1
-2.035580E-1
-2.241380E-1
-2.491280E-1
-2.741180E-1
-2.991080E-1
-3.255680E-1
-3.505580E-1
-3.770180E-1
-4.034780E-1
-4.328780E-1
-4.622780E-1
-4.931480E-1
-5.240180E-1
-5.548880E-1
-5.828180E-1
-6.078080E-1
-6.283880E-1
-6.445580E-1
-6.563180E-1
-6.636680E-1
-6.680780E-1
-6.724880E-1
-6.739580E-1
-6.768980E-1
-6.813080E-1
-6.842480E-1
-6.886580E-1
-6.915980E-1
-6.945380E-1
-6.974780E-1
-6.989480E-1
-6.989480E-1
-6.989480E-1
-6.960080E-1
-6.930680E-1
-6.901280E-1
-6.857180E-1
-6.813080E-1
-6.768980E-1
-6.739580E-1
-6.724880E-1
-6.739580E-1
-6.754280E-1
-6.798380E-1
-6.842480E-1
-6.886580E-1
-6.915980E-1
-6.945380E-1
-6.960080E-1
-6.945380E-1
-6.915980E-1
-6.886580E-1
-6.827780E-1
-6.768980E-1
-6.710180E-1
-6.636680E-1
-6.563180E-1
-6.489680E-1
-6.401480E-1
-6.313280E-1
-6.210380E-1
-6.078080E-1
-5.945780E-1
-5.784080E-1
-5.622380E-1
-5.240180E-1
-4.328780E-1
-3.020480E-1
-1.712180E-1
-5.655800E-2
3.605200E-2
1.110220E-1
1.698220E-1
2.139220E-1
2.447920E-1
2.624320E-1
2.668420E-1
2.594920E-1
2.389120E-1
2.095120E-1
1.698220E-1
1.242520E-1
7.427200E-2
2.135200E-2
-3.303800E-2
-8.889800E-2
-1.418180E-1
-1.962080E-1
-2.476580E-1
-2.961680E-1
-3.432080E-1
-3.858380E-1
-4.240580E-1
-4.563980E-1
-4.813880E-1
-4.990280E-1
-5.093180E-1
-5.122580E-1
-5.093180E-1
-5.049080E-1
-4.960880E-1
-4.887380E-1
-4.813880E-1
-4.784480E-1
-4.784480E-1
-4.813880E-1
-4.872680E-1
-4.960880E-1
-5.078480E-1
-5.210780E-1
-5.343080E-1
-5.475380E-1
-5.607680E-1
-5.710580E-1
-5.784080E-1
-5.828180E-1
-5.857580E-1
-5.842880E-1
-5.828180E-1
-5.784080E-1
-5.725280E-1
-5.681180E-1
-5.622380E-1
-5.563580E-1
-5.519480E-1
-5.460680E-1
-5.416580E-1
-5.343080E-1
-5.269580E-1
-5.166680E-1
-5.049080E-1
-4.902080E-1
-4.755080E-1
-4.563980E-1
-4.387580E-1
-4.211180E-1
-4.064180E-1
-3.946580E-1
-3.873080E-1
-3.843680E-1
-3.873080E-1
-3.961280E-1
-4.093580E-1
-4.255280E-1
-4.446380E-1
-4.637480E-1
-4.843280E-1
-5.034380E-1
-5.210780E-1
-5.372480E-1
-5.519480E-1
-5.651780E-1
-5.769380E-1
-5.872280E-1
-5.945780E-1
-5.989880E-1
-5.989880E-1
-5.975180E-1
-5.901680E-1
-5.813480E-1
-5.695880E-1
-5.548880E-1
-5.401880E-1
-5.269580E-1
-5.122580E-1
-5.019680E-1
-4.931480E-1
-4.857980E-1
-4.828580E-1
-4.828580E-1
-4.857980E-1
-4.916780E-1
-4.990280E-1
-5.078480E-1
-5.166680E-1
-5.254880E-1
-5.343080E-1
-5.416580E-1
-5.475380E-1
-5.548880E-1
-5.607680E-1
-5.681180E-1
-5.754680E-1
-5.842880E-1
-5.916380E-1
-6.004580E-1
-6.078080E-1
-6.136880E-1
-6.166280E-1
-6.180980E-1
-6.180980E-1
-6.136880E-1
-6.092780E-1
-6.033980E-1
-5.960480E-1
-5.886980E-1
-5.813480E-1
-5.754680E-1
-5.710580E-1
-5.666480E-1
-5.622380E-1
-5.607680E-1
-5.592980E-1
-5.578280E-1
-5.563580E-1
-5.563580E-1
-5.578280E-1
-5.607680E-1
-5.651780E-1
-5.710580E-1
-5.784080E-1
-5.872280E-1
-5.960480E-1
-6.033980E-1
-6.107480E-1
-6.180980E-1
-6.225080E-1
-6.269180E-1
-6.298580E-1
-6.342680E-1
-6.386780E-1
-6.430880E-1
-6.474980E-1
-6.519080E-1
-6.563180E-1
-6.577880E-1
-6.577880E-1
-6.548480E-1
-6.504380E-1
-6.430880E-1
-6.342680E-1
-6.254480E-1
-6.180980E-1
-6.122180E-1
-6.092780E-1
-6.107480E-1
-6.136880E-1
-6.195680E-1
-6.298580E-1
-6.401480E-1
-6.504380E-1
-6.607280E-1
-6.680780E-1
-6.739580E-1
-6.754280E-1
-6.739580E-1
-6.695480E-1
-6.621980E-1
-6.548480E-1
-6.445580E-1
-6.357380E-1
-6.298580E-1
-6.225080E-1
-6.180980E-1
-6.122180E-1
-6.063380E-1
-5.989880E-1
-5.901680E-1
-5.769380E-1
-5.622380E-1
-5.460680E-1
-5.284280E-1
-5.107880E-1
-4.931480E-1
-4.784480E-1
-4.637480E-1
-4.519880E-1
-4.416980E-1
-4.328780E-1
-4.269980E-1
-4.240580E-1
-4.211180E-1
-4.225880E-1
-4.240580E-1
-4.284680E-1
-4.358180E-1
-4.416980E-1
-4.505180E-1
-4.593380E-1
-4.681580E-1
-4.784480E-1
-4.902080E-1
-5.034380E-1
-5.166680E-1
-5.298980E-1
-5.431280E-1
-5.563580E-1
-5.681180E-1
-5.769380E-1
-5.842880E-1
-5.872280E-1
-5.872280E-1
-5.857580E-1
-5.813480E-1
-5.784080E-1
-5.739980E-1
-5.710580E-1
-5.681180E-1
-5.681180E-1
-5.681180E-1
-5.695880E-1
-5.710580E-1
-5.739980E-1
-5.784080E-1
-5.828180E-1
-5.901680E-1
-5.975180E-1
-6.063380E-1
-6.151580E-1
-6.225080E-1
-6.298580E-1
-6.327980E-1
-6.342680E-1
-6.313280E-1
-6.254480E-1
-6.166280E-1
-6.078080E-1
-5.975180E-1
-5.872280E-1
-5.798780E-1
-5.710580E-1
-5.651780E-1
-5.592980E-1
-5.534180E-1
-5.460680E-1
-5.387180E-1
-5.298980E-1
-5.210780E-1
-5.122580E-1
-5.049080E-1
-4.975580E-1
-4.916780E-1
-4.872680E-1
-4.857980E-1
-4.843280E-1
-4.857980E-1
-4.872680E-1
-4.902080E-1
-4.931480E-1
-4.990280E-1
-5.049080E-1
-5.122580E-1
-5.210780E-1
-5.313680E-1
-5.416580E-1
-5.534180E-1
-5.637080E-1
-5.739980E-1
-5.842880E-1
-5.916380E-1
-6.004580E-1
-6.063380E-1
-6.122180E-1
-6.180980E-1
-6.225080E-1
-6.283880E-1
-6.313280E-1
-6.357380E-1
-6.386780E-1
-6.401480E-1
-6.386780E-1
-6.372080E-1
-6.327980E-1
-6.283880E-1
-6.225080E-1
-6.151580E-1
-6.078080E-1
-6.004580E-1
-5.931080E-1
-5.842880E-1
-5.769380E-1
-5.681180E-1
-5.622380E-1
-5.563580E-1
-5.534180E-1
-5.504780E-1
-5.519480E-1
-5.534180E-1
-5.578280E-1
-5.622380E-1
-5.666480E-1
-5.695880E-1
-5.725280E-1
-5.739980E-1
-5.739980E-1
-5.754680E-1
-5.754680E-1
-5.769380E-1
-5.769380E-1
-5.784080E-1
-5.798780E-1
-5.798780E-1
-5.784080E-1
-5.784080E-1
-5.784080E-1
-5.784080E-1
-5.813480E-1
-5.842880E-1
-5.901680E-1
-5.975180E-1
-6.063380E-1
-6.136880E-1
-6.195680E-1
-6.225080E-1
-6.210380E-1
-6.151580E-1
-6.063380E-1
-5.960480E-1
-5.813480E-1
-5.681180E-1
-5.548880E-1
-5.445980E-1
-5.357780E-1
-5.284280E-1
-5.254880E-1
-5.240180E-1
-5.269580E-1
-5.313680E-1
-5.357780E-1
-5.431280E-1
-5.504780E-1
-5.578280E-1
-5.637080E-1
-5.666480E-1
-5.681180E-1
-5.681180E-1
-5.651780E-1
-5.622380E-1
-5.563580E-1
-5.519480E-1
-5.475380E-1
-5.445980E-1
-5.416580E-1
-5.401880E-1
-5.387180E-1
-5.387180E-1
-5.372480E-1
-5.357780E-1
-5.343080E-1
-5.328380E-1
-5.298980E-1
-5.269580E-1
-5.254880E-1
-5.240180E-1
-5.225480E-1
-5.225480E-1
-5.240180E-1
-5.254880E-1
-5.298980E-1
-5.372480E-1
-5.475380E-1
-5.592980E-1
-5.754680E-1
-5.945780E-1
-6.136880E-1
-6.342680E-1
-6.548480E-1
-6.724880E-1
-6.901280E-1
-7.033580E-1
-7.136480E-1
-7.209980E-1
-7.254080E-1
-7.268780E-1
-7.239380E-1
-7.165880E-1
-7.077680E-1
-6.960080E-1
-6.813080E-1
-6.666080E-1
-6.504380E-1
-6.357380E-1
-6.225080E-1
-6.092780E-1
-5.989880E-1
-5.901680E-1
-5.813480E-1
-5.754680E-1
-5.695880E-1
-5.637080E-1
-5.578280E-1
-5.519480E-1
-5.475380E-1
-5.431280E-1
-5.387180E-1
-5.357780E-1
-5.343080E-1
-5.343080E-1
-5.343080E-1
-5.343080E-1
-5.372480E-1
-5.401880E-1
-5.445980E-1
-5.519480E-1
-5.592980E-1
-5.695880E-1
-5.813480E-1
-5.945780E-1
-6.078080E-1
-6.195680E-1
-6.298580E-1
-6.372080E-1
-6.416180E-1
-6.430880E-1
-6.416180E-1
-6.372080E-1
-6.313280E-1
-6.239780E-1
-6.151580E-1
-6.078080E-1
-6.004580E-1
-5.931080E-1
-5.872280E-1
-5.828180E-1
-5.813480E-1
-5.798780E-1
-5.798780E-1
-5.813480E-1
-5.842880E-1
-5.886980E-1
-5.960480E-1
-6.048680E-1
-6.151580E-1
-6.283880E-1
-6.430880E-1
-6.592580E-1
-6.754280E-1
-6.901280E-1
-7.033580E-1
-7.151180E-1
-7.224680E-1
-7.254080E-1
-7.254080E-1
-7.209980E-1
-7.136480E-1
-7.048280E-1
-6.945380E-1
-6.857180E-1
-6.754280E-1
-6.666080E-1
-6.577880E-1
-6.474980E-1
-6.386780E-1
-6.283880E-1
-6.166280E-1
-6.063380E-1
-5.960480E-1
-5.872280E-1
-5.784080E-1
-5.725280E-1
-5.666480E-1
-5.637080E-1
-5.607680E-1
-5.578280E-1
-5.548880E-1
-5.534180E-1
-5.519480E-1
-5.490080E-1
-5.475380E-1
-5.475380E-1
-5.460680E-1
-5.460680E-1
-5.460680E-1
-5.445980E-1
-5.445980E-1
-5.460680E-1
-5.475380E-1
-5.504780E-1
-5.548880E-1
-5.622380E-1
-5.695880E-1
-5.784080E-1
-5.872280E-1
-5.945780E-1
-6.004580E-1
-6.063380E-1
-6.092780E-1
-6.122180E-1
-6.136880E-1
-6.136880E-1
-6.136880E-1
-6.136880E-1
-6.107480E-1
-6.063380E-1
-6.004580E-1
-5.945780E-1
-5.872280E-1
-5.784080E-1
-5.710580E-1
-5.637080E-1
-5.578280E-1
-5.548880E-1
-5.534180E-1
-5.534180E-1
-5.548880E-1
-5.592980E-1
-5.651780E-1
-5.725280E-1
-5.798780E-1
-5.857580E-1
-5.916380E-1
-5.960480E-1
-5.989880E-1
-6.004580E-1
-5.989880E-1
-5.975180E-1
-5.960480E-1
-5.931080E-1
-5.931080E-1
-5.931080E-1
-5.945780E-1
-5.975180E-1
-6.004580E-1
-6.048680E-1
-6.092780E-1
-6.122180E-1
-6.136880E-1
-6.122180E-1
-6.107480E-1
-6.078080E-1
-6.019280E-1
-5.975180E-1
-5.916380E-1
-5.872280E-1
-5.828180E-1
-5.798780E-1
-5.769380E-1
-5.739980E-1
-5.710580E-1
-5.681180E-1
-5.622380E-1
-5.563580E-1
-5.490080E-1
-5.416580E-1
-5.328380E-1
-5.254880E-1
-5.210780E-1
-5.166680E-1
-5.151980E-1
-5.166680E-1
-5.210780E-1
-5.269580E-1
-5.357780E-1
-5.460680E-1
-5.563580E-1
-5.681180E-1
-5.798780E-1
-5.901680E-1
-5.989880E-1
-6.048680E-1
-6.107480E-1
-6.136880E-1
-6.166280E-1
-6.180980E-1
-6.195680E-1
-6.210380E-1
-6.225080E-1
-6.225080E-1
-6.225080E-1
-6.225080E-1
-6.210380E-1
-6.195680E-1
-6.151580E-1
-6.107480E-1
-6.033980E-1
-5.960480E-1
-5.872280E-1
-5.798780E-1
-5.725280E-1
-5.666480E-1
-5.622380E-1
-5.607680E-1
-5.607680E-1
-5.637080E-1
-5.695880E-1
-5.754680E-1
-5.813480E-1
-5.886980E-1
-5.960480E-1
-6.048680E-1
-6.136880E-1
-6.225080E-1
-6.298580E-1
-6.372080E-1
-6.430880E-1
-6.474980E-1
-6.489680E-1
-6.474980E-1
-6.445580E-1
-6.386780E-1
-6.327980E-1
-6.283880E-1
-6.225080E-1
-6.180980E-1
-6.151580E-1
-6.136880E-1
-6.136880E-1
-6.136880E-1
-6.136880E-1
-6.136880E-1
-6.136880E-1
-6.122180E-1
-6.107480E-1
-6.092780E-1
-6.063380E-1
-6.019280E-1
-5.989880E-1
-5.945780E-1
-5.886980E-1
-5.842880E-1
-5.784080E-1
-5.739980E-1
-5.695880E-1
-5.666480E-1
-5.637080E-1
-5.637080E-1
-5.651780E-1
-5.695880E-1
-5.754680E-1
-5.828180E-1
-5.901680E-1
-5.960480E-1
-6.004580E-1
-6.033980E-1
-6.033980E-1
-6.004580E-1
-5.989880E-1
-5.975180E-1
-5.975180E-1
-5.989880E-1
-6.019280E-1
-6.063380E-1
-6.122180E-1
-6.180980E-1
-6.225080E-1
-6.239780E-1
-6.239780E-1
-6.195680E-1
-6.136880E-1
-6.063380E-1
-5.975180E-1
-5.872280E-1
-5.784080E-1
-5.695880E-1
-5.637080E-1
-5.607680E-1
-5.592980E-1
-5.592980E-1
-5.607680E-1
-5.622380E-1
-5.651780E-1
-5.666480E-1
-5.681180E-1
-5.681180E-1
-5.695880E-1
-5.710580E-1
-5.754680E-1
-5.813480E-1
-5.916380E-1
-6.048680E-1
-6.210380E-1
-6.386780E-1
-6.577880E-1
-6.754280E-1
-6.901280E-1
-7.018880E-1
-7.092380E-1
-7.121780E-1
-7.121780E-1
-7.107080E-1
-7.077680E-1
-7.048280E-1
-7.033580E-1
-7.004180E-1
-6.989480E-1
-6.960080E-1
-6.915980E-1
-6.857180E-1
-6.768980E-1
-6.680780E-1
-6.577880E-1
-6.489680E-1
-6.416180E-1
-6.357380E-1
-6.327980E-1
-6.327980E-1
-6.342680E-1
-6.386780E-1
-6.445580E-1
-6.519080E-1
-6.592580E-1
-6.680780E-1
-6.768980E-1
-6.842480E-1
-6.886580E-1
-6.915980E-1
-6.930680E-1
-6.901280E-1
-6.857180E-1
-6.768980E-1
-6.680780E-1
-6.592580E-1
-6.504380E-1
-6.430880E-1
-6.357380E-1
-6.327980E-1
-6.313280E-1
-6.313280E-1
-6.327980E-1
-6.357380E-1
-6.386780E-1
-6.416180E-1
-6.445580E-1
-6.430880E-1
-6.416180E-1
-6.357380E-1
-6.269180E-1
-6.151580E-1
-6.019280E-1
-5.872280E-1
-5.710580E-1
-5.563580E-1
-5.416580E-1
-5.313680E-1
-5.210780E-1
-5.151980E-1
-5.122580E-1
-5.107880E-1
-5.122580E-1
-5.137280E-1
-5.151980E-1
-5.181380E-1
-5.210780E-1
-5.254880E-1
-5.284280E-1
-5.343080E-1
-5.416580E-1
-5.490080E-1
-5.592980E-1
-5.695880E-1
-5.813480E-1
-5.931080E-1
-6.048680E-1
-6.151580E-1
-6.225080E-1
-6.298580E-1
-6.327980E-1
-6.342680E-1
-6.313280E-1
-6.239780E-1
-6.151580E-1
-6.019280E-1
-5.886980E-1
-5.739980E-1
-5.607680E-1
-5.490080E-1
-5.416580E-1
-5.401880E-1
-5.401880E-1
-5.445980E-1
-5.519480E-1
-5.607680E-1
-5.695880E-1
-5.769380E-1
-5.813480E-1
-5.857580E-1
-5.857580E-1
-5.857580E-1
-5.813480E-1
-5.784080E-1
-5.725280E-1
-5.695880E-1
-5.666480E-1
-5.666480E-1
-5.681180E-1
-5.725280E-1
-5.769380E-1
-5.842880E-1
-5.901680E-1
-5.960480E-1
-6.004580E-1
-6.048680E-1
-6.092780E-1
-6.122180E-1
-6.166280E-1
-6.195680E-1
-6.210380E-1
-6.225080E-1
-6.210380E-1
-6.166280E-1
-6.107480E-1
-6.019280E-1
-5.916380E-1
-5.813480E-1
-5.725280E-1
-5.651780E-1
-5.622380E-1
-5.622380E-1
-5.666480E-1
-5.725280E-1
-5.813480E-1
-5.901680E-1
-5.989880E-1
-6.048680E-1
-6.078080E-1
-6.107480E-1
-6.122180E-1
-6.122180E-1
-6.136880E-1
-6.151580E-1
-6.166280E-1
-6.210380E-1
-6.239780E-1
-6.269180E-1
-6.283880E-1
-6.298580E-1
-6.298580E-1
-6.298580E-1
-6.283880E-1
-6.269180E-1
-6.254480E-1
-6.254480E-1
-6.254480E-1
-6.254480E-1
-6.269180E-1
-6.283880E-1
-6.298580E-1
-6.327980E-1
-6.357380E-1
-6.401480E-1
-6.445580E-1
-6.489680E-1
-6.519080E-1
-6.519080E-1
-6.504380E-1
-6.445580E-1
-6.357380E-1
-6.225080E-1
-6.078080E-1
-5.886980E-1
-5.695880E-1
-5.504780E-1
-5.328380E-1
-5.181380E-1
-5.063780E-1
-5.004980E-1
-4.990280E-1
-5.049080E-1
-5.181380E-1
-5.387180E-1
-5.681180E-1
-6.063380E-1
-6.548480E-1
-7.107080E-1
-7.768580E-1
-8.488880E-1
-9.253280E-1
-1.006178E+0
-1.089968E+0
-1.172288E+0
-1.251668E+0
-1.328108E+0
-1.398668E+0
-1.464818E+0
-1.523618E+0
-1.576538E+0
-1.622108E+0
-1.658858E+0
-1.689728E+0
-1.714718E+0
-1.733828E+0
-1.747058E+0
-1.757348E+0
-1.763228E+0
-1.767638E+0
-1.770578E+0
-1.774988E+0
-1.777928E+0
-1.780868E+0
-1.783808E+0
-1.785278E+0
-1.785278E+0
-1.785278E+0
-1.782338E+0
-1.779398E+0
-1.777928E+0
-1.774988E+0
-1.774988E+0
-1.777928E+0
-1.783808E+0
-1.791158E+0
-1.801448E+0
-1.811738E+0
-1.820558E+0
-1.826438E+0
-1.829378E+0
-1.827908E+0
-1.823498E+0
-1.814678E+0
-1.802918E+0
-1.792628E+0
-1.785278E+0
-1.779398E+0
-1.779398E+0
-1.783808E+0
-1.791158E+0
-1.805858E+0
-1.822028E+0
-1.842608E+0
-1.861718E+0
-1.882298E+0
-1.898468E+0
-1.910228E+0
-1.917578E+0
-1.920518E+0
-1.916108E+0
-1.910228E+0
-1.902878E+0
-1.898468E+0
-1.895528E+0
-1.899938E+0
-1.910228E+0
-1.926398E+0
-1.946978E+0
-1.969028E+0
-1.991078E+0
-2.010188E+0
-2.026358E+0
-2.036648E+0
-2.039588E+0
-2.036648E+0
-2.029298E+0
-2.019008E+0
-2.005778E+0
-1.994018E+0
-1.985198E+0
-1.980788E+0
-1.982258E+0
-1.991078E+0
-2.004308E+0
-2.023418E+0
-2.045468E+0
-2.066048E+0
-2.085158E+0
-2.099858E+0
-2.107208E+0
-2.108678E+0
-2.102798E+0
-2.092508E+0
-2.079278E+0
-2.064578E+0
-2.049878E+0
-2.039588E+0
-2.030768E+0
-2.024888E+0
-2.023418E+0
-2.023418E+0
-2.026358E+0
-2.030768E+0
-2.036648E+0
-2.042528E+0
-2.049878E+0
-2.057228E+0
-2.064578E+0
-2.070458E+0
-2.076338E+0
-2.080748E+0
-2.086628E+0
-2.091038E+0
-2.098388E+0
-2.105738E+0
-2.116028E+0
-2.126318E+0
-2.136608E+0
-2.145428E+0
-2.154248E+0
-2.161598E+0
-2.168948E+0
-2.177768E+0
-2.188058E+0
-2.201288E+0
-2.218928E+0
-2.239508E+0
-2.260088E+0
-2.282138E+0
-2.301248E+0
-2.317418E+0
-2.329178E+0
-2.336528E+0
-2.337998E+0
-2.336528E+0
-2.329178E+0
-2.320358E+0
-2.307128E+0
-2.290958E+0
-2.273318E+0
-2.255678E+0
-2.238038E+0
-2.220398E+0
-2.205698E+0
-2.190998E+0
-2.179238E+0
-2.173358E+0
-2.168948E+0
-2.168948E+0
-2.170418E+0
-2.174828E+0
-2.180708E+0
-2.186588E+0
-2.190998E+0
-2.192468E+0
-2.189528E+0
-2.186588E+0
-2.180708E+0
-2.176298E+0
-2.171888E+0
-2.170418E+0
-2.173358E+0
-2.176298E+0
-2.182178E+0
-2.189528E+0
-2.193938E+0
-2.195408E+0
-2.195408E+0
-2.190998E+0
-2.186588E+0
-2.179238E+0
-2.173358E+0
-2.168948E+0
-2.168948E+0
-2.170418E+0
-2.177768E+0
-2.189528E+0
-2.204228E+0
-2.220398E+0
-2.238038E+0
-2.252738E+0
-2.263028E+0
-2.268908E+0
-2.268908E+0
-2.263028E+0
-2.251268E+0
-2.236568E+0
-2.221868E+0
-2.208638E+0
-2.199818E+0
-2.198348E+0
-2.204228E+0
-2.218928E+0
-2.242448E+0
-2.271848E+0
-2.302718E+0
-2.336528E+0
-2.365928E+0
-2.390918E+0
-2.407088E+0
-2.415908E+0
-2.417378E+0
-2.414438E+0
-2.408558E+0
-2.402678E+0
-2.399738E+0
-2.401208E+0
-2.407088E+0
-2.418848E+0
-2.436488E+0
-2.458538E+0
-2.480588E+0
-2.505578E+0
-2.530568E+0
-2.552618E+0
-2.571728E+0
-2.586428E+0
-2.598188E+0
-2.604068E+0
-2.604068E+0
-2.601128E+0
-2.595248E+0
-2.584958E+0
-2.574668E+0
-2.562908E+0
-2.549678E+0
-2.536448E+0
-2.521748E+0
-2.504108E+0
-2.484998E+0
-2.460008E+0
-2.433548E+0
-2.404148E+0
-2.374748E+0
-2.348288E+0
-2.327708E+0
-2.317418E+0
-2.315948E+0
-2.324768E+0
-2.343878E+0
-2.368868E+0
-2.398268E+0
-2.429138E+0
-2.458538E+0
-2.486468E+0
-2.512928E+0
-2.536448E+0
-2.558498E+0
-2.580548E+0
-2.599658E+0
-2.615828E+0
-2.626118E+0
-2.631998E+0
-2.629058E+0
-2.618768E+0
-2.602598E+0
-2.582018E+0
-2.559968E+0
-2.536448E+0
-2.515868E+0
-2.496758E+0
-2.480588E+0
-2.465888E+0
-2.454128E+0
-2.443838E+0
-2.436488E+0
-2.427668E+0
-2.420318E+0
-2.414438E+0
-2.410028E+0
-2.408558E+0
-2.411498E+0
-2.417378E+0
-2.429138E+0
-2.445308E+0
-2.465888E+0
-2.487938E+0
-2.514398E+0
-2.539388E+0
-2.564378E+0
-2.587898E+0
-2.611418E+0
-2.630528E+0
-2.649638E+0
-2.668748E+0
-2.689328E+0
-2.712848E+0
-2.737838E+0
-2.765768E+0
-2.796638E+0
-2.830448E+0
-2.862788E+0
-2.892188E+0
-2.915708E+0
-2.931878E+0
-2.937758E+0
-2.933348E+0
-2.920118E+0
-2.899538E+0
-2.874548E+0
-2.848088E+0
-2.821628E+0
-2.796638E+0
-2.774588E+0
-2.758418E+0
-2.745188E+0
-2.734898E+0
-2.726078E+0
-2.721668E+0
-2.717258E+0
-2.715788E+0
-2.715788E+0
-2.717258E+0
-2.724608E+0
-2.733428E+0
-2.746658E+0
-2.762828E+0
-2.780468E+0
-2.796638E+0
-2.814278E+0
-2.827508E+0
-2.837798E+0
-2.845148E+0
-2.851028E+0
-2.852498E+0
-2.853968E+0
-2.855438E+0
-2.855438E+0
-2.856908E+0
-2.856908E+0
-2.858378E+0
-2.858378E+0
-2.859848E+0
-2.862788E+0
-2.865728E+0
-2.870138E+0
-2.874548E+0
-2.880428E+0
-2.886308E+0
-2.890718E+0
-2.893658E+0
-2.892188E+0
-2.887778E+0
-2.877488E+0
-2.864258E+0
-2.846618E+0
-2.827508E+0
-2.808398E+0
-2.792228E+0
-2.776058E+0
-2.764298E+0
-2.755478E+0
-2.746658E+0
-2.742248E+0
-2.739308E+0
-2.736368E+0
-2.733428E+0
-2.729018E+0
-2.727548E+0
-2.726078E+0
-2.726078E+0
-2.729018E+0
-2.734898E+0
-2.740778E+0
-2.751068E+0
-2.761358E+0
-2.774588E+0
-2.786348E+0
-2.801048E+0
-2.812808E+0
-2.826038E+0
-2.840738E+0
-2.856908E+0
-2.876018E+0
-2.896598E+0
-2.920118E+0
-2.945108E+0
-2.971568E+0
-2.998028E+0
-3.021548E+0
-3.043598E+0
-3.058298E+0
-3.068588E+0
-3.070058E+0
-3.064178E+0
-3.050948E+0
-3.030368E+0
-3.006848E+0
-2.980388E+0
-2.956868E+0
-2.937758E+0
-2.923058E+0
-2.917178E+0
-2.918648E+0
-2.927468E+0
-2.942168E+0
-2.961278E+0
-2.981858E+0
-3.003908E+0
-3.025958E+0
-3.045068E+0
-3.061238E+0
-3.074468E+0
-3.084758E+0
-3.092108E+0
-3.097988E+0
-3.099458E+0
-3.099458E+0
-3.097988E+0
-3.093578E+0
-3.089168E+0
-3.083288E+0
-3.077408E+0
-3.072998E+0
-3.068588E+0
-3.065648E+0
-3.064178E+0
-3.062708E+0
-3.061238E+0
-3.061238E+0
-3.061238E+0
-3.061238E+0
-3.064178E+0
-3.068588E+0
-3.074468E+0
-3.078878E+0
-3.086228E+0
-3.090638E+0
-3.093578E+0
-3.093578E+0
-3.095048E+0
-3.095048E+0
-3.100928E+0
-3.109748E+0
-3.124448E+0
-3.145028E+0
-3.170018E+0
-3.195008E+0
-3.219998E+0
-3.239108E+0
-3.250868E+0
-3.255278E+0
-3.252338E+0
-3.243518E+0
-3.231758E+0
-3.221468E+0
-3.217058E+0
-3.217058E+0
-3.225878E+0
-3.237638E+0
-3.253808E+0
-3.268508E+0
-3.280268E+0
-3.286148E+0
-3.289088E+0
-3.290558E+0
-3.292028E+0
-3.294968E+0
-3.302318E+0
-3.315548E+0
-3.331718E+0
-3.347888E+0
-3.361118E+0
-3.369938E+0
-3.371408E+0
-3.365528E+0
-3.356708E+0
-3.346418E+0
-3.337598E+0
-3.333188E+0
-3.336128E+0
-3.343478E+0
-3.356708E+0
-3.371408E+0
-3.386108E+0
-3.396398E+0
-3.403748E+0
-3.406688E+0
-3.403748E+0
-3.393458E+0
-3.380228E+0
-3.364058E+0
-3.344948E+0
-3.325838E+0
-3.306728E+0
-3.287618E+0
-3.271448E+0
-3.258218E+0
-3.247928E+0
-3.242048E+0
-3.239108E+0
-3.240578E+0
-3.242048E+0
-3.243518E+0
-3.244988E+0
-3.244988E+0
-3.244988E+0
-3.242048E+0
-3.239108E+0
-3.240578E+0
-3.244988E+0
-3.253808E+0
-3.265568E+0
-3.281738E+0
-3.297908E+0
-3.312608E+0
-3.322898E+0
-3.330248E+0
-3.333188E+0
-3.331718E+0
-3.328778E+0
-3.324368E+0
-3.319958E+0
-3.318488E+0
-3.317018E+0
-3.315548E+0
-3.314078E+0
-3.311138E+0
-3.309668E+0
-3.308198E+0
-3.309668E+0
-3.317018E+0
-3.327308E+0
-3.343478E+0
-3.361118E+0
-3.377288E+0
-3.389048E+0
-3.396398E+0
-3.396398E+0
-3.391988E+0
-3.387578E+0
-3.386108E+0
-3.390518E+0
-3.405218E+0
-3.428738E+0
-3.462548E+0
-3.499298E+0
-3.538988E+0
-3.571328E+0
-3.597788E+0
-3.613958E+0
-3.621308E+0
-3.618368E+0
-3.611018E+0
-3.600728E+0
-3.590438E+0
-3.577208E+0
-3.561038E+0
-3.543398E+0
-3.525758E+0
-3.505178E+0
-3.484598E+0
-3.466958E+0
-3.453728E+0
-3.449318E+0
-3.452258E+0
-3.462548E+0
-3.477248E+0
-3.494888E+0
-3.509588E+0
-3.519878E+0
-3.521348E+0
-3.516938E+0
-3.508118E+0
-3.499298E+0
-3.491948E+0
-3.493418E+0
-3.506648E+0
-3.530168E+0
-3.568388E+0
-3.616898E+0
-3.672758E+0
-3.730088E+0
-3.783008E+0
-3.825638E+0
-3.852098E+0
-3.859448E+0
-3.843278E+0
-3.809468E+0
-3.759488E+0
-3.699218E+0
-3.633068E+0
-3.566918E+0
-3.505178E+0
-3.452258E+0
-3.408158E+0
-3.375818E+0
-3.355238E+0
-3.344948E+0
-3.346418E+0
-3.358178E+0
-3.377288E+0
-3.403748E+0
-3.437558E+0
-3.475778E+0
-3.519878E+0
-3.566918E+0
-3.616898E+0
-3.666878E+0
-3.716858E+0
-3.765368E+0
-3.806528E+0
-3.837398E+0
-3.860918E+0
-3.875618E+0
-3.884438E+0
-3.884438E+0
-3.882968E+0
-3.880028E+0
-3.880028E+0
-3.884438E+0
-3.896198E+0
-3.907958E+0
-3.927068E+0
-3.946178E+0
-3.965288E+0
-3.981458E+0
-3.994688E+0
-4.000568E+0
-4.002038E+0
-3.997628E+0
-3.984398E+0
-3.966758E+0
-3.944708E+0
-3.918248E+0
-3.890318E+0
-3.860918E+0
-3.830048E+0
-3.799178E+0
-3.772718E+0
-3.747728E+0
-3.727148E+0
-3.710978E+0
-3.702158E+0
-3.696278E+0
-3.696278E+0
-3.700688E+0
-3.710978E+0
-3.722738E+0
-3.737438E+0
-3.755078E+0
-3.775658E+0
-3.797708E+0
-3.821228E+0
-3.843278E+0
-3.862388E+0
-3.881498E+0
-3.894728E+0
-3.902078E+0
-3.903548E+0
-3.902078E+0
-3.897668E+0
-3.894728E+0
-3.891788E+0
-3.891788E+0
-3.894728E+0
-3.900608E+0
-3.910898E+0
-3.924128E+0
-3.941768E+0
-3.962348E+0
-3.984398E+0
-4.009388E+0
-4.034378E+0
-4.054958E+0
-4.069658E+0
-4.077008E+0
-4.072598E+0
-4.056428E+0
-4.032908E+0
-4.002038E+0
-3.972638E+0
-3.944708E+0
-3.921188E+0
-3.906488E+0
-3.897668E+0
-3.896198E+0
-3.899138E+0
-3.903548E+0
-3.905018E+0
-3.905018E+0
-3.900608E+0
-3.893258E+0
-3.884438E+0
-3.872678E+0
-3.865328E+0
-3.862388E+0
-3.863858E+0
-3.872678E+0
-3.887378E+0
-3.912368E+0
-3.944708E+0
-3.984398E+0
-4.028498E+0
-4.077008E+0
-4.122578E+0
-4.163738E+0
-4.194608E+0
-4.213718E+0
-4.224008E+0
-4.222538E+0
-4.213718E+0
-4.204898E+0
-4.197548E+0
-4.196078E+0
-4.203428E+0
-4.222538E+0
-4.246058E+0
-4.275458E+0
-4.307798E+0
-4.335728E+0
-4.359248E+0
-4.376888E+0
-4.385708E+0
-4.387178E+0
-4.385708E+0
-4.382768E+0
-4.378358E+0
-4.371008E+0
-4.366598E+0
-4.362188E+0
-4.356308E+0
-4.356308E+0
-4.357778E+0
-4.362188E+0
-4.369538E+0
-4.379828E+0
-4.394528E+0
-4.407758E+0
-4.422458E+0
-4.434218E+0
-4.444508E+0
-4.448918E+0
-4.450388E+0
-4.445978E+0
-4.434218E+0
-4.413638E+0
-4.378358E+0
-4.321028E+0
-4.244588E+0
-4.146098E+0
-4.027028E+0
-3.896198E+0
-3.766838E+0
-3.643358E+0
-3.234698E+0
-2.239508E+0
-1.016468E+0
1.095520E-1
1.076812E+0
1.900012E+0
2.590912E+0
3.158332E+0
3.618442E+0
3.981532E+0
4.256422E+0
4.454872E+0
4.588642E+0
4.660672E+0
4.675372E+0
4.635682E+0
4.544542E+0
4.401952E+0
4.209382E+0
3.969772E+0
3.690472E+0
3.368542E+0
3.002512E+0
2.601202E+0
2.161672E+0
1.675102E+0
1.145902E+0
5.887720E-1
2.723200E-2
-5.254880E-1
-1.056158E+0
-1.555958E+0
-2.020478E+0
-2.454128E+0
-2.858378E+0
-3.240578E+0
-3.608078E+0
-3.971168E+0
-4.338668E+0
-4.722338E+0
-5.135408E+0
-5.599928E+0
-6.145298E+0
-6.796508E+0
-7.628528E+0
-8.772188E+0
-1.062439E+1
-2.000005E+1
-2.000005E+1
-2.000005E+1
-2.000005E+1
-2.000005E+1
-2.000005E+1
-2.000005E+1
-1.319101E+1
-1.103746E+1
-1.010989E+1
-9.639488E+0
-9.413108E+0
-9.363128E+0
-9.463088E+0
-9.676238E+0
-9.977588E+0
-1.032745E+1
-1.071259E+1
-1.103746E+1
-1.125796E+1
-1.129765E+1
-1.118152E+1
-1.096837E+1
-1.068319E+1
-1.040389E+1
-1.018045E+1
-1.004374E+1
-1.002169E+1
-1.015693E+1
-1.048327E+1
-1.107274E+1
-1.215907E+1
-1.443022E+1
-2.000005E+1
-2.000005E+1
-2.000005E+1
-2.000005E+1
-2.000005E+1
-2.000005E+1
-1.372315E+1
-1.240750E+1
-1.178275E+1
-1.159312E+1
-1.163869E+1
-1.193563E+1
-1.234135E+1
-1.292494E+1
-1.360555E+1
-1.443022E+1
-1.548421E+1
-1.698949E+1
-2.000005E+1
-2.000005E+1
-2.000005E+1
-2.000005E+1
-2.000005E+1
-2.000005E+1
-2.000005E+1
-2.000005E+1
-2.000005E+1
-2.000005E+1
-2.000005E+1
-2.000005E+1
-2.000005E+1
-2.000005E+1
-2.000005E+1
-2.000005E+1
-2.000005E+1
-2.000005E+1
-2.000005E+1
-2.000005E+1
-2.000005E+1
-2.000005E+1
-2.000005E+1
-2.000005E+1
-2.000005E+1
-2.000005E+1
-1.698949E+1
-1.204441E+1
-1.062439E+1
-9.811478E+0
-9.283748E+0
-8.938298E+0
-8.735438E+0
-8.639888E+0
-8.651648E+0
-8.747198E+0
-8.898608E+0
-9.104408E+0
-9.316088E+0
-9.446918E+0
-9.496898E+0
-9.413108E+0
-9.238178E+0
-9.005918E+0
-8.758958E+0
-8.570798E+0
-8.439968E+0
-8.409098E+0
-8.462018E+0
-8.628128E+0
-8.885378E+0
-9.252878E+0
-9.733568E+0
-1.032745E+1
-1.107274E+1
-1.198855E+1
-1.328803E+1
-1.548421E+1
-2.000005E+1
-2.000005E+1
-2.000005E+1
-2.000005E+1
-2.000005E+1
-2.000005E+1
-1.650439E+1
-1.254274E+1
-1.100218E+1
-1.002169E+1
-9.363128E+0
-8.925068E+0
-8.639888E+0
-8.494358E+0
-8.472308E+0
-8.570798E+0
-8.808938E+0
-9.192608E+0
-9.752678E+0
-1.056706E+1
-1.183273E+1
-1.479331E+1
-2.000005E+1
-2.000005E+1
-2.000005E+1
-2.000005E+1
-2.000005E+1
-2.000005E+1
-2.000005E+1
-2.000005E+1
-2.000005E+1
-2.000005E+1
-1.610896E+1
-1.261330E+1
-1.141966E+1
-1.080520E+1
-1.048327E+1
-1.040389E+1
-1.051120E+1
-1.071259E+1
-1.103746E+1
-1.137850E+1
-1.168573E+1
-1.183273E+1
-1.183273E+1
-1.178275E+1
-1.168573E+1
-1.173277E+1
-1.193563E+1
-1.234135E+1
-1.319101E+1
-1.522843E+1
-2.000005E+1
-2.000005E+1
-2.000005E+1
-2.000005E+1
-2.000005E+1
-2.000005E+1
-2.000005E+1
-2.000005E+1
-2.000005E+1
-1.460368E+1
-1.309840E+1
-1.227961E+1
-1.178275E+1
-1.159312E+1
-1.159312E+1
-1.178275E+1
-1.227961E+1
-1.319101E+1
-1.577380E+1
-2.000005E+1
-2.000005E+1
-2.000005E+1
-2.000005E+1
-2.000005E+1
-2.000005E+1
-2.000005E+1
-2.000005E+1
-2.000005E+1
-2.000005E+1
-2.000005E+1
-2.000005E+1
-2.000005E+1
-2.000005E+1
-2.000005E+1
-1.522843E+1
-1.210027E+1
-1.083607E+1
-1.008784E+1
-9.567458E+0
-9.192608E+0
-8.938298E+0
-8.747198E+0
-8.628128E+0
-8.548748E+0
-8.516408E+0
-8.504648E+0
-8.494358E+0
-8.482598E+0
-8.482598E+0
-8.494358E+0
-8.538458E+0
-8.594318E+0
-8.675168E+0
-8.783948E+0
-8.911838E+0
-9.019148E+0
-9.089708E+0
-9.104408E+0
-9.061778E+0
-8.964758E+0
-8.858918E+0
-8.747198E+0
-8.686928E+0
-8.686928E+0
-8.772188E+0
-8.964758E+0
-9.299918E+0
-9.811478E+0
-1.056706E+1
-1.168573E+1
-1.372315E+1
-2.000005E+1
-2.000005E+1
-2.000005E+1
-1.460368E+1
-1.198855E+1
-1.065379E+1
-9.792368E+0
-9.252878E+0
-8.911838E+0
-8.795708E+0
-8.872148E+0
-9.177908E+0
-9.773258E+0
-1.086841E+1
-1.372315E+1
-2.000005E+1
-2.000005E+1
-2.000005E+1
-2.000005E+1
-2.000005E+1
-2.000005E+1
-2.000005E+1
-2.000005E+1
-2.000005E+1
-2.000005E+1
-2.000005E+1
-2.000005E+1
-2.000005E+1
-2.000005E+1
-2.000005E+1
-2.000005E+1
-2.000005E+1
-2.000005E+1
-2.000005E+1
-2.000005E+1
-2.000005E+1
-2.000005E+1
-1.411858E+1
-1.247365E+1
-1.178275E+1
-1.137850E+1
-1.114477E+1
-1.093456E+1
-1.068319E+1
-1.037743E+1
-1.002169E+1
-9.621848E+0
-9.222008E+0
-8.858918E+0
-8.538458E+0
-8.276798E+0
-8.097458E+0
-8.009258E+0
-8.000438E+0
-8.097458E+0
-8.306198E+0
-8.663408E+0
-9.192608E+0
-9.977588E+0
-1.129765E+1
-1.443022E+1
-2.000005E+1
-2.000005E+1
-2.000005E+1
-2.000005E+1
-2.000005E+1
-2.000005E+1
-2.000005E+1
-2.000005E+1
-2.000005E+1
-2.000005E+1
-2.000005E+1
-2.000005E+1
-2.000005E+1
-2.000005E+1
-2.000005E+1
-2.000005E+1
-2.000005E+1
-2.000005E+1
-2.000005E+1
-2.000005E+1
-2.000005E+1
-2.000005E+1
-2.000005E+1
-2.000005E+1
-2.000005E+1
-2.000005E+1
-2.000005E+1
-2.000005E+1
-2.000005E+1
-2.000005E+1
-2.000005E+1
-2.000005E+1
-2.000005E+1
-2.000005E+1
-2.000005E+1
-2.000005E+1
-2.000005E+1
-2.000005E+1
-2.000005E+1
-2.000005E+1
-2.000005E+1
-2.000005E+1
-2.000005E+1
-2.000005E+1
-2.000005E+1
-2.000005E+1
-2.000005E+1
-1.479331E+1
-1.319101E+1
-1.261330E+1
-1.254274E+1
-1.292494E+1
-1.397893E+1
-1.761424E+1
-2.000005E+1
-2.000005E+1
-2.000005E+1
-2.000005E+1
-2.000005E+1
-2.000005E+1
-2.000005E+1
-2.000005E+1
-2.000005E+1
-2.000005E+1
-2.000005E+1
-2.000005E+1
-2.000005E+1
-1.319101E+1
-1.133734E+1
-1.025248E+1
-9.480728E+0
-8.951528E+0
-8.570798E+0
-8.326778E+0
-8.200358E+0
-8.170958E+0
-8.238578E+0
-8.378228E+0
-8.538458E+0
-8.710448E+0
-8.858918E+0
-8.951528E+0
-8.964758E+0
-8.925068E+0
-8.872148E+0
-8.822168E+0
-8.795708E+0
-8.822168E+0
-8.885378E+0
-8.992688E+0
-9.163208E+0
-9.379298E+0
-9.676238E+0
-1.006579E+1
-1.068319E+1
-1.163869E+1
-1.372315E+1
-2.000005E+1
-2.000005E+1
-2.000005E+1
-2.000005E+1
-2.000005E+1
-2.000005E+1
-2.000005E+1
-2.000005E+1
-2.000005E+1
-2.000005E+1
-2.000005E+1
-2.000005E+1
-2.000005E+1
-2.000005E+1
-2.000005E+1
-2.000005E+1
-2.000005E+1
-2.000005E+1
-2.000005E+1
-2.000005E+1
-2.000005E+1
-2.000005E+1
-2.000005E+1
-2.000005E+1
-2.000005E+1
-2.000005E+1
-2.000005E+1
-2.000005E+1
-2.000005E+1
-2.000005E+1
-2.000005E+1
-2.000005E+1
-2.000005E+1
-2.000005E+1
-2.000005E+1
-2.000005E+1
-2.000005E+1
-2.000005E+1
-2.000005E+1
-2.000005E+1
-2.000005E+1
-1.309840E+1
-1.150492E+1
-1.077433E+1
-1.048327E+1
-1.056706E+1
-1.114477E+1
-1.292494E+1
-2.000005E+1
-2.000005E+1
-2.000005E+1
-2.000005E+1
-2.000005E+1
-2.000005E+1
-2.000005E+1
-2.000005E+1
-2.000005E+1
-2.000005E+1
-2.000005E+1
-2.000005E+1
-2.000005E+1
-2.000005E+1
-2.000005E+1
-2.000005E+1
-2.000005E+1
-2.000005E+1
-2.000005E+1
-2.000005E+1
-2.000005E+1
-2.000005E+1
-2.000005E+1
-2.000005E+1
-1.254274E+1
-1.093456E+1
-1.008784E+1
-9.549818E+0
-9.207308E+0
-9.005918E+0
-8.885378E+0
-8.847158E+0
-8.885378E+0
-8.992688E+0
-9.177908E+0
-9.446918E+0
-9.832058E+0
-1.035244E+1
-1.103746E+1
-1.193563E+1
-1.309840E+1
-1.460368E+1
-1.650439E+1
-1.650439E+1
-1.548421E+1
-1.460368E+1
-1.397893E+1
-1.411858E+1
-1.522843E+1
-2.000005E+1
-2.000005E+1
-2.000005E+1
-2.000005E+1
-2.000005E+1
-2.000005E+1
-2.000005E+1
-2.000005E+1
-2.000005E+1
-2.000005E+1
-2.000005E+1
-2.000005E+1
-2.000005E+1
-1.221787E+1
-1.048327E+1
-9.585098E+0
-9.047078E+0
-8.710448E+0
-8.504648E+0
-8.419388E+0
-8.419388E+0
-8.516408E+0
-8.675168E+0
-8.898608E+0
-9.177908E+0
-9.496898E+0
-9.792368E+0
-1.004374E+1
-1.020397E+1
-1.027747E+1
-1.027747E+1
-1.022749E+1
-1.018045E+1
-1.015693E+1
-1.018045E+1
-1.022749E+1
-1.035244E+1
-1.048327E+1
-1.059499E+1
-1.071259E+1
-1.077433E+1
-1.080520E+1
-1.080520E+1
-1.080520E+1
-1.080520E+1
-1.083607E+1
-1.093456E+1
-1.114477E+1
-1.146082E+1
-1.188271E+1
-1.240750E+1
-1.319101E+1
-1.426852E+1
-1.522843E+1
-1.650439E+1
-1.761424E+1
-1.849477E+1
-2.000005E+1
-2.000005E+1
-2.000005E+1
-2.000005E+1
-2.000005E+1
-2.000005E+1
-2.000005E+1
-2.000005E+1
-2.000005E+1
-2.000005E+1
-1.650439E+1
-1.397893E+1
-1.292494E+1
-1.240750E+1
-1.215907E+1
-1.210027E+1
-1.221787E+1
-1.254274E+1
-1.301020E+1
-1.372315E+1
-1.460368E+1
-1.577380E+1
-1.610896E+1
-1.548421E+1
-1.426852E+1
-1.301020E+1
-1.210027E+1
-1.133734E+1
-1.077433E+1
-1.032745E+1
-9.955538E+0
-9.695348E+0
-9.496898E+0
-9.346958E+0
-9.222008E+0
-9.148508E+0
-9.089708E+0
-9.075008E+0
-9.104408E+0
-9.177908E+0
-9.299918E+0
-9.463088E+0
-9.639488E+0
-9.773258E+0
-9.832058E+0
-9.752678E+0
-9.514538E+0
-9.192608E+0
-8.808938E+0
-8.429678E+0
-8.088638E+0
-7.794638E+0
-7.563848E+0
-7.406558E+0
-7.309538E+0
-7.272788E+0
-7.297778E+0
-7.393328E+0
-7.549148E+0
-7.787288E+0
-8.088638E+0
-8.472308E+0
-8.938298E+0
-9.463088E+0
-9.999638E+0
-1.045681E+1
-1.068319E+1
-1.068319E+1
-1.045681E+1
-1.015693E+1
-9.852638E+0
-9.639488E+0
-9.549818E+0
-9.549818E+0
-9.658598E+0
-9.873218E+0
-1.018045E+1
-1.053913E+1
-1.093456E+1
-1.133734E+1
-1.168573E+1
-1.210027E+1
-1.261330E+1
-1.338799E+1
-1.479331E+1
-2.000005E+1
-2.000005E+1
-2.000005E+1
-2.000005E+1
-2.000005E+1
-2.000005E+1
-2.000005E+1
-2.000005E+1
-2.000005E+1
-2.000005E+1
-2.000005E+1
-2.000005E+1
-1.522843E+1
-1.193563E+1
-1.059499E+1
-9.733568E+0
-9.104408E+0
-8.604608E+0
-8.200358E+0
-7.857848E+0
-7.577078E+0
-7.347758E+0
-7.164008E+0
-7.033178E+0
-6.956738E+0
-6.950858E+0
-7.011128E+0
-7.146368E+0
-7.360988E+0
-7.657928E+0
-8.044538E+0
-8.526698E+0
-9.119108E+0
-9.811478E+0
-1.068319E+1
-1.188271E+1
-1.384663E+1
-2.000005E+1
-2.000005E+1
-2.000005E+1
-2.000005E+1
-2.000005E+1
-2.000005E+1
-2.000005E+1
-2.000005E+1
-2.000005E+1
-2.000005E+1
-2.000005E+1
-2.000005E+1
-2.000005E+1
-2.000005E+1
-2.000005E+1
-2.000005E+1
-2.000005E+1
-2.000005E+1
-2.000005E+1
-2.000005E+1
-2.000005E+1
-2.000005E+1
-2.000005E+1
-2.000005E+1
-2.000005E+1
-2.000005E+1
-2.000005E+1
-2.000005E+1
-2.000005E+1
-2.000005E+1
-2.000005E+1
-2.000005E+1
-2.000005E+1
-2.000005E+1
-2.000005E+1
-2.000005E+1
-2.000005E+1
-2.000005E+1
-2.000005E+1
-2.000005E+1
-2.000005E+1
-2.000005E+1
-2.000005E+1
-2.000005E+1
-2.000005E+1
-2.000005E+1
-2.000005E+1
-2.000005E+1
-2.000005E+1
-2.000005E+1
-2.000005E+1
-2.000005E+1
-2.000005E+1
-2.000005E+1
-2.000005E+1
-2.000005E+1
-2.000005E+1
-2.000005E+1
-2.000005E+1
-2.000005E+1
-2.000005E+1
-1.479331E+1
-1.360555E+1
-1.360555E+1
-1.479331E+1
-2.000005E+1
-2.000005E+1
-2.000005E+1
-2.000005E+1
-2.000005E+1
-2.000005E+1
-2.000005E+1
-2.000005E+1
-2.000005E+1
-2.000005E+1
-2.000005E+1
-2.000005E+1
-2.000005E+1
-2.000005E+1
-2.000005E+1
-2.000005E+1
-2.000005E+1
-2.000005E+1
-2.000005E+1
-2.000005E+1
-2.000005E+1
-2.000005E+1
-2.000005E+1
-2.000005E+1
-2.000005E+1
-2.000005E+1
-1.577380E+1
-1.215907E+1
-1.093456E+1
-1.018045E+1
-9.602738E+0
-9.148508E+0
-8.772188E+0
-8.429678E+0
-8.143028E+0
-7.899008E+0
-7.724078E+0
-7.621178E+0
-7.591778E+0
-7.635878E+0
-7.763768E+0
-7.982798E+0
-8.306198E+0
-8.758958E+0
-9.363128E+0
-1.018045E+1
-1.137850E+1
-1.349383E+1
-2.000005E+1
-2.000005E+1
-2.000005E+1
-2.000005E+1
-2.000005E+1
-2.000005E+1
-2.000005E+1
-2.000005E+1
-2.000005E+1
-2.000005E+1
-2.000005E+1
-2.000005E+1
-2.000005E+1
-2.000005E+1
-2.000005E+1
-2.000005E+1
-2.000005E+1
-2.000005E+1
-2.000005E+1
-2.000005E+1
-2.000005E+1
-2.000005E+1
-2.000005E+1
-2.000005E+1
-2.000005E+1
-2.000005E+1
-2.000005E+1
-2.000005E+1
-2.000005E+1
-2.000005E+1
-2.000005E+1
-2.000005E+1
-2.000005E+1
-2.000005E+1
-2.000005E+1
-2.000005E+1
-2.000005E+1
-2.000005E+1
-2.000005E+1
-2.000005E+1
-2.000005E+1
-2.000005E+1
-2.000005E+1
-2.000005E+1
-2.000005E+1
-2.000005E+1
-2.000005E+1
-2.000005E+1
-2.000005E+1
-2.000005E+1
-2.000005E+1
-2.000005E+1
-2.000005E+1
-2.000005E+1
-2.000005E+1
-2.000005E+1
-2.000005E+1
-2.000005E+1
-2.000005E+1
-2.000005E+1
-2.000005E+1
-2.000005E+1
-2.000005E+1
-2.000005E+1
-2.000005E+1
-2.000005E+1
-2.000005E+1
-2.000005E+1
-2.000005E+1
-2.000005E+1
-2.000005E+1
-2.000005E+1
-2.000005E+1
-2.000005E+1
-2.000005E+1
-2.000005E+1
-2.000005E+1
-2.000005E+1
-2.000005E+1
-1.276324E+1
-1.107274E+1
-1.030099E+1
-9.914378E+0
-9.811478E+0
-9.955538E+0
-1.037743E+1
-1.118152E+1
-1.284262E+1
-2.000005E+1
-2.000005E+1
-2.000005E+1
-2.000005E+1
-2.000005E+1
-2.000005E+1
-2.000005E+1
-2.000005E+1
-2.000005E+1
-2.000005E+1
-2.000005E+1
-2.000005E+1
-2.000005E+1
-2.000005E+1
-2.000005E+1
-2.000005E+1
-2.000005E+1
-1.522843E+1
-1.349383E+1
-1.240750E+1
-1.159312E+1
-1.100218E+1
-1.056706E+1
-1.027747E+1
-1.006579E+1
-9.934958E+0
-9.852638E+0
-9.792368E+0
-9.733568E+0
-9.658598E+0
-9.585098E+0
-9.514538E+0
-9.480728E+0
-9.480728E+0
-9.514538E+0
-9.585098E+0
-9.658598E+0
-9.714458E+0
-9.733568E+0
-9.639488E+0
-9.463088E+0
-9.238178E+0
-9.005918E+0
-8.795708E+0
-8.616368E+0
-8.482598E+0
-8.419388E+0
-8.419388E+0
-8.472308E+0
-8.582558E+0
-8.747198E+0
-8.951528E+0
-9.192608E+0
-9.480728E+0
-9.811478E+0
-1.020397E+1
-1.065379E+1
-1.121974E+1
-1.204441E+1
-1.338799E+1
-1.849477E+1
-2.000005E+1
-2.000005E+1
-2.000005E+1
-2.000005E+1
-2.000005E+1
-2.000005E+1
-2.000005E+1
-2.000005E+1
-2.000005E+1
-2.000005E+1
-2.000005E+1
-2.000005E+1
-2.000005E+1
-2.000005E+1
-2.000005E+1
-2.000005E+1
-2.000005E+1
-2.000005E+1
-1.499911E+1
-1.141966E+1
-1.020397E+1
-9.514538E+0
-9.089708E+0
-8.847158E+0
-8.722208E+0
-8.722208E+0
-8.847158E+0
-9.089708E+0
-9.480728E+0
-1.004374E+1
-1.083607E+1
-1.210027E+1
-1.443022E+1
-2.000005E+1
-2.000005E+1
-2.000005E+1
-2.000005E+1
-2.000005E+1
-1.610896E+1
-1.372315E+1
-1.261330E+1
-1.193563E+1
-1.146082E+1
-1.110802E+1
-1.083607E+1
-1.068319E+1
-1.056706E+1
-1.053913E+1
-1.056706E+1
-1.074346E+1
-1.110802E+1
-1.168573E+1
-1.254274E+1
-1.384663E+1
-1.698949E+1
-2.000005E+1
-2.000005E+1
-2.000005E+1
-2.000005E+1
-1.522843E+1
-1.349383E+1
-1.254274E+1
-1.193563E+1
-1.154902E+1
-1.137850E+1
-1.133734E+1
-1.137850E+1
-1.146082E+1
-1.159312E+1
-1.183273E+1
-1.210027E+1
-1.240750E+1
-1.292494E+1
-1.360555E+1
-1.499911E+1
-1.849477E+1
-2.000005E+1
-2.000005E+1
-2.000005E+1
-2.000005E+1
-2.000005E+1
-1.849477E+1
-1.522843E+1
-1.426852E+1
-1.397893E+1
-1.411858E+1
-1.479331E+1
-1.610896E+1
-2.000005E+1
-2.000005E+1
-2.000005E+1
-2.000005E+1
-2.000005E+1
-2.000005E+1
-2.000005E+1
-1.849477E+1
-1.698949E+1
-1.650439E+1
-1.522843E+1
-1.397893E+1
-1.276324E+1
-1.168573E+1
-1.083607E+1
-1.013341E+1
-9.585098E+0
-9.207308E+0
-8.964758E+0
-8.858918E+0
-8.898608E+0
-9.119108E+0
-9.532178E+0
-1.027747E+1
-1.159312E+1
-1.610896E+1
-2.000005E+1
-2.000005E+1
-2.000005E+1
-2.000005E+1
-2.000005E+1
-2.000005E+1
-2.000005E+1
-2.000005E+1
-2.000005E+1
-1.650439E+1
-1.210027E+1
-1.090222E+1
-1.032745E+1
-1.006579E+1
-1.002169E+1
-1.020397E+1
-1.065379E+1
-1.146082E+1
-1.319101E+1
-2.000005E+1
-2.000005E+1
-2.000005E+1
-2.000005E+1
-2.000005E+1
-2.000005E+1
-2.000005E+1
-2.000005E+1
-2.000005E+1
-2.000005E+1
-2.000005E+1
-2.000005E+1
-2.000005E+1
-2.000005E+1
-2.000005E+1
-2.000005E+1
-2.000005E+1
-2.000005E+1
-2.000005E+1
-1.761424E+1
-1.426852E+1
-1.328803E+1
-1.292494E+1
-1.261330E+1
-1.240750E+1
-1.221787E+1
-1.198855E+1
-1.178275E+1
-1.168573E+1
-1.168573E+1
-1.193563E+1
-1.276324E+1
-1.522843E+1
-2.000005E+1
-2.000005E+1
-2.000005E+1
-2.000005E+1
-2.000005E+1
-2.000005E+1
-2.000005E+1
-2.000005E+1
-2.000005E+1
-2.000005E+1
-2.000005E+1
-2.000005E+1
-2.000005E+1
-2.000005E+1
-1.610896E+1
-1.210027E+1
-1.083607E+1
-1.008784E+1
-9.639488E+0
-9.346958E+0
-9.222008E+0
-9.207308E+0
-9.316088E+0
-9.514538E+0
-9.832058E+0
-1.020397E+1
-1.062439E+1
-1.100218E+1
-1.125796E+1
-1.133734E+1
-1.129765E+1
-1.114477E+1
-1.093456E+1
-1.077433E+1
-1.065379E+1
-1.059499E+1
-1.065379E+1
-1.080520E+1
-1.107274E+1
-1.141966E+1
-1.183273E+1
-1.240750E+1
-1.292494E+1
-1.338799E+1
-1.349383E+1
-1.328803E+1
-1.268680E+1
-1.210027E+1
-1.150492E+1
-1.100218E+1
-1.062439E+1
-1.037743E+1
-1.022749E+1
-1.018045E+1
-1.022749E+1
-1.030099E+1
-1.045681E+1
-1.065379E+1
-1.090222E+1
-1.125796E+1
-1.178275E+1
-1.292494E+1
-1.761424E+1
-2.000005E+1
-2.000005E+1
-2.000005E+1
-2.000005E+1
-2.000005E+1
-2.000005E+1
-2.000005E+1
-2.000005E+1
-2.000005E+1
-2.000005E+1
-2.000005E+1
-2.000005E+1
-2.000005E+1
-2.000005E+1
-2.000005E+1
-1.650439E+1
-1.319101E+1
-1.227961E+1
-1.210027E+1
-1.247365E+1
-1.411858E+1
-2.000005E+1
-2.000005E+1
-2.000005E+1
-2.000005E+1
-2.000005E+1
-2.000005E+1
-2.000005E+1
-2.000005E+1
-2.000005E+1
-2.000005E+1
-2.000005E+1
-2.000005E+1
-2.000005E+1
-2.000005E+1
-2.000005E+1
-2.000005E+1
-2.000005E+1
-2.000005E+1
-2.000005E+1
-2.000005E+1
-2.000005E+1
-2.000005E+1
-2.000005E+1
-2.000005E+1
-2.000005E+1
-2.000005E+1
-1.548421E+1
-1.426852E+1
-1.443022E+1
-1.522843E+1
-1.849477E+1
-2.000005E+1
-2.000005E+1
-2.000005E+1
-2.000005E+1
-1.479331E+1
-1.319101E+1
-1.227961E+1
-1.173277E+1
-1.146082E+1
-1.133734E+1
-1.137850E+1
-1.154902E+1
-1.188271E+1
-1.234135E+1
-1.292494E+1
-1.372315E+1
-1.460368E+1
-1.577380E+1
-1.698949E+1
-1.650439E+1
-1.522843E+1
-1.384663E+1
-1.276324E+1
-1.198855E+1
-1.141966E+1
-1.103746E+1
-1.086841E+1
-1.090222E+1
-1.118152E+1
-1.183273E+1
-1.319101E+1
-2.000005E+1
-2.000005E+1
-2.000005E+1
-2.000005E+1
-2.000005E+1
-2.000005E+1
-2.000005E+1
-2.000005E+1
-2.000005E+1
-2.000005E+1
-2.000005E+1
-2.000005E+1
-1.460368E+1
-1.372315E+1
-1.338799E+1
-1.360555E+1
-1.411858E+1
-1.522843E+1
-1.698949E+1
-2.000005E+1
-1.761424E+1
-1.479331E+1
-1.301020E+1
-1.183273E+1
-1.096837E+1
-1.037743E+1
-1.002169E+1
-9.873218E+0
-9.934958E+0
-1.022749E+1
-1.090222E+1
-1.227961E+1
-2.000005E+1
-2.000005E+1
-2.000005E+1
-2.000005E+1
-2.000005E+1
-2.000005E+1
-2.000005E+1
-2.000005E+1
-2.000005E+1
-2.000005E+1
-1.479331E+1
-1.276324E+1
-1.204441E+1
-1.178275E+1
-1.173277E+1
-1.173277E+1
-1.178275E+1
-1.173277E+1
-1.154902E+1
-1.129765E+1
-1.107274E+1
-1.090222E+1
-1.080520E+1
-1.077433E+1
-1.086841E+1
-1.100218E+1
-1.118152E+1
-1.125796E+1
-1.125796E+1
-1.110802E+1
-1.086841E+1
-1.059499E+1
-1.032745E+1
-1.006579E+1
-9.852638E+0
-9.714458E+0
-9.602738E+0
-9.514538E+0
-9.446918E+0
-9.363128E+0
-9.283748E+0
-9.177908E+0
-9.061778E+0
-8.951528E+0
-8.872148E+0
-8.847158E+0
-8.872148E+0
-8.992688E+0
-9.222008E+0
-9.549818E+0
-1.002169E+1
-1.062439E+1
-1.129765E+1
-1.210027E+1
-1.292494E+1
-1.372315E+1
-1.460368E+1
-1.610896E+1
-2.000005E+1
-2.000005E+1
-2.000005E+1
-2.000005E+1
-2.000005E+1
-2.000005E+1
-2.000005E+1
-2.000005E+1
-2.000005E+1
-2.000005E+1
-2.000005E+1
-2.000005E+1
-2.000005E+1
-2.000005E+1
-1.319101E+1
-1.188271E+1
-1.125796E+1
-1.090222E+1
-1.077433E+1
-1.080520E+1
-1.093456E+1
-1.121974E+1
-1.159312E+1
-1.215907E+1
-1.284262E+1
-1.384663E+1
-1.548421E+1
-1.761424E+1
-2.000005E+1
-2.000005E+1
-1.761424E+1
-1.522843E+1
-1.360555E+1
-1.247365E+1
-1.159312E+1
-1.090222E+1
-1.040389E+1
-1.004374E+1
-9.832058E+0
-9.792368E+0
-9.914378E+0
-1.025248E+1
-1.090222E+1
-1.215907E+1
-1.650439E+1
-2.000005E+1
-2.000005E+1
-2.000005E+1
-2.000005E+1
-2.000005E+1
-2.000005E+1
-2.000005E+1
-2.000005E+1
-2.000005E+1
-2.000005E+1
-2.000005E+1
-2.000005E+1
-2.000005E+1
-2.000005E+1
-1.698949E+1
-1.397893E+1
-1.319101E+1
-1.301020E+1
-1.328803E+1
-1.397893E+1
-1.522843E+1
-1.849477E+1
-2.000005E+1
-2.000005E+1
-2.000005E+1
-1.761424E+1
-1.460368E+1
-1.328803E+1
-1.247365E+1
-1.198855E+1
-1.168573E+1
-1.150492E+1
-1.150492E+1
-1.163869E+1
-1.193563E+1
-1.221787E+1
-1.254274E+1
-1.284262E+1
-1.309840E+1
-1.319101E+1
-1.309840E+1
-1.284262E+1
-1.268680E+1
-1.247365E+1
-1.234135E+1
-1.215907E+1
-1.204441E+1
-1.193563E+1
-1.183273E+1
-1.163869E+1
-1.137850E+1
-1.107274E+1
-1.080520E+1
-1.051120E+1
-1.020397E+1
-9.934958E+0
-9.733568E+0
-9.602738E+0
-9.532178E+0
-9.549818E+0
-9.676238E+0
-9.893798E+0
-1.025248E+1
-1.074346E+1
-1.133734E+1
-1.210027E+1
-1.292494E+1
-1.360555E+1
-1.372315E+1
-1.328803E+1
-1.261330E+1
-1.210027E+1
-1.173277E+1
-1.150492E+1
-1.150492E+1
-1.183273E+1
-1.268680E+1
-1.522843E+1
-2.000005E+1
-2.000005E+1
-2.000005E+1
-2.000005E+1
-2.000005E+1
-2.000005E+1
-2.000005E+1
-2.000005E+1
-2.000005E+1
-2.000005E+1
-2.000005E+1
-2.000005E+1
-2.000005E+1
-2.000005E+1
-2.000005E+1
-2.000005E+1
-2.000005E+1
-2.000005E+1
-1.384663E+1
-1.154902E+1
-1.035244E+1
-9.549818E+0
-8.964758E+0
-8.548748E+0
-8.247398E+0
-8.062178E+0
-7.975448E+0
-8.009258E+0
-8.153318E+0
-8.429678E+0
-8.847158E+0
-9.480728E+0
-1.045681E+1
-1.221787E+1
-2.000005E+1
-2.000005E+1
-2.000005E+1
-2.000005E+1
-2.000005E+1
-2.000005E+1
-2.000005E+1
-2.000005E+1
-2.000005E+1
-2.000005E+1
-2.000005E+1
-2.000005E+1
-2.000005E+1
-2.000005E+1
-2.000005E+1
-2.000005E+1
-2.000005E+1
-2.000005E+1
-2.000005E+1
-2.000005E+1
-2.000005E+1
-2.000005E+1
-2.000005E+1
-2.000005E+1
-2.000005E+1
-1.372315E+1
-1.204441E+1
-1.118152E+1
-1.062439E+1
-1.025248E+1
-1.004374E+1
-9.955538E+0
-1.002169E+1
-1.020397E+1
-1.059499E+1
-1.125796E+1
-1.254274E+1
-1.650439E+1
-2.000005E+1
-2.000005E+1
-2.000005E+1
-2.000005E+1
-2.000005E+1
-2.000005E+1
-2.000005E+1
-2.000005E+1
-2.000005E+1
-2.000005E+1
-2.000005E+1
-1.338799E+1
-1.215907E+1
-1.163869E+1
-1.150492E+1
-1.154902E+1
-1.178275E+1
-1.215907E+1
-1.268680E+1
-1.309840E+1
-1.328803E+1
-1.309840E+1
-1.240750E+1
-1.168573E+1
-1.100218E+1
-1.040389E+1
-9.873218E+0
-9.429278E+0
-9.089708E+0
-8.822168E+0
-8.616368E+0
-8.482598E+0
-8.419388E+0
-8.409098E+0
-8.462018E+0
-8.570798E+0
-8.758958E+0
-9.005918E+0
-9.299918E+0
-9.621848E+0
-9.934958E+0
-1.025248E+1
-1.053913E+1
-1.074346E+1
-1.086841E+1
-1.093456E+1
-1.100218E+1
-1.114477E+1
-1.133734E+1
-1.168573E+1
-1.227961E+1
-1.328803E+1
-1.577380E+1
-2.000005E+1
-2.000005E+1
-2.000005E+1
-2.000005E+1
-2.000005E+1
-2.000005E+1
-1.443022E+1
-1.210027E+1
-1.093456E+1
-1.027747E+1
-9.873218E+0
-9.676238E+0
-9.639488E+0
-9.733568E+0
-9.893798E+0
-1.013341E+1
-1.040389E+1
-1.068319E+1
-1.086841E+1
-1.107274E+1
-1.125796E+1
-1.154902E+1
-1.193563E+1
-1.254274E+1
-1.349383E+1
-1.499911E+1
-1.761424E+1
-2.000005E+1
-1.698949E+1
-1.426852E+1
-1.261330E+1
-1.146082E+1
-1.062439E+1
-9.999638E+0
-9.549818E+0
-9.238178E+0
-9.047078E+0
-8.951528E+0
-8.938298E+0
-9.005918E+0
-9.163208E+0
-9.363128E+0
-9.639488E+0
-9.999638E+0
-1.048327E+1
-1.129765E+1
-1.284262E+1
-2.000005E+1
-2.000005E+1
-2.000005E+1
-2.000005E+1
-2.000005E+1
-2.000005E+1
-2.000005E+1
-2.000005E+1
-2.000005E+1
-2.000005E+1
-2.000005E+1
-2.000005E+1
-2.000005E+1
-1.328803E+1
-1.074346E+1
-9.676238E+0
-9.061778E+0
-8.675168E+0
-8.419388E+0
-8.276798E+0
-8.219468E+0
-8.238578E+0
-8.347358E+0
-8.560508E+0
-8.885378E+0
-9.363128E+0
-1.008784E+1
-1.125796E+1
-1.384663E+1
-2.000005E+1
-2.000005E+1
-2.000005E+1
-2.000005E+1
-2.000005E+1
-2.000005E+1
-2.000005E+1
-2.000005E+1
-2.000005E+1
-2.000005E+1
-2.000005E+1
-2.000005E+1
-2.000005E+1
-2.000005E+1
-2.000005E+1
-1.650439E+1
-1.499911E+1
-1.577380E+1
-2.000005E+1
-2.000005E+1
-2.000005E+1
-2.000005E+1
-1.849477E+1
-1.349383E+1
-1.183273E+1
-1.080520E+1
-1.013341E+1
-9.676238E+0
-9.379298E+0
-9.177908E+0
-9.047078E+0
-8.951528E+0
-8.885378E+0
-8.833928E+0
-8.795708E+0
-8.772188E+0
-8.772188E+0
-8.808938E+0
-8.872148E+0
-8.977988E+0
-9.119108E+0
-9.330788E+0
-9.602738E+0
-1.002169E+1
-1.071259E+1
-1.204441E+1
-2.000005E+1
-2.000005E+1
-2.000005E+1
-2.000005E+1
-2.000005E+1
-2.000005E+1
-2.000005E+1
-2.000005E+1
-2.000005E+1
-2.000005E+1
-2.000005E+1
-2.000005E+1
-2.000005E+1
-2.000005E+1
-2.000005E+1
-2.000005E+1
-2.000005E+1
-2.000005E+1
-2.000005E+1
-2.000005E+1
-2.000005E+1
-2.000005E+1
-2.000005E+1
-2.000005E+1
-2.000005E+1
-2.000005E+1
-2.000005E+1
-2.000005E+1
-2.000005E+1
-2.000005E+1
-2.000005E+1
-2.000005E+1
-2.000005E+1
-2.000005E+1
-2.000005E+1
-2.000005E+1
-1.319101E+1
-1.163869E+1
-1.074346E+1
-1.015693E+1
-9.695348E+0
-9.363128E+0
-9.133808E+0
-9.005918E+0
-8.992688E+0
-9.075008E+0
-9.283748E+0
-9.585098E+0
-9.955538E+0
-1.032745E+1
-1.065379E+1
-1.074346E+1
-1.062439E+1
-1.035244E+1
-1.002169E+1
-9.752678E+0
-9.621848E+0
-9.621848E+0
-9.792368E+0
-1.015693E+1
-1.086841E+1
-1.221787E+1
-1.610896E+1
-2.000005E+1
-2.000005E+1
-2.000005E+1
-2.000005E+1
-2.000005E+1
-2.000005E+1
-2.000005E+1
-2.000005E+1
-2.000005E+1
-2.000005E+1
-2.000005E+1
-2.000005E+1
-2.000005E+1
-2.000005E+1
-2.000005E+1
-2.000005E+1
-2.000005E+1
-2.000005E+1
-2.000005E+1
-2.000005E+1
-2.000005E+1
-2.000005E+1
-2.000005E+1
-2.000005E+1
-2.000005E+1
-2.000005E+1
-2.000005E+1
-2.000005E+1
-2.000005E+1
-2.000005E+1
-2.000005E+1
-2.000005E+1
-2.000005E+1
-2.000005E+1
-2.000005E+1
-2.000005E+1
-2.000005E+1
-2.000005E+1
-2.000005E+1
-2.000005E+1
-2.000005E+1
-2.000005E+1
-1.372315E+1
-1.215907E+1
-1.133734E+1
-1.080520E+1
-1.043035E+1
-1.018045E+1
-9.999638E+0
-9.873218E+0
-9.852638E+0
-9.893798E+0
-9.999638E+0
-1.020397E+1
-1.048327E+1
-1.083607E+1
-1.129765E+1
-1.188271E+1
-1.254274E+1
-1.338799E+1
-1.426852E+1
-1.460368E+1
-1.443022E+1
-1.349383E+1
-1.254274E+1
-1.163869E+1
-1.086841E+1
-1.030099E+1
-9.852638E+0
-9.514538E+0
-9.283748E+0
-9.119108E+0
-9.047078E+0
-9.033848E+0
-9.075008E+0
-9.163208E+0
-9.269048E+0
-9.396938E+0
-9.532178E+0
-9.658598E+0
-9.773258E+0
-9.873218E+0
-9.955538E+0
-1.004374E+1
-1.013341E+1
-1.027747E+1
-1.048327E+1
-1.071259E+1
-1.100218E+1
-1.125796E+1
-1.141966E+1
-1.141966E+1
-1.118152E+1
-1.080520E+1
-1.040389E+1
-1.002169E+1
-9.752678E+0
-9.621848E+0
-9.602738E+0
-9.733568E+0
-9.999638E+0
-1.037743E+1
-1.086841E+1
-1.129765E+1
-1.154902E+1
-1.137850E+1
-1.093456E+1
-1.037743E+1
-9.873218E+0
-9.446918E+0
-9.148508E+0
-8.964758E+0
-8.911838E+0
-8.964758E+0
-9.104408E+0
-9.363128E+0
-9.733568E+0
-1.022749E+1
-1.090222E+1
-1.188271E+1
-1.349383E+1
-2.000005E+1
-2.000005E+1
-2.000005E+1
-2.000005E+1
-2.000005E+1
-2.000005E+1
-2.000005E+1
-2.000005E+1
-2.000005E+1
-2.000005E+1
-2.000005E+1
-2.000005E+1
-2.000005E+1
-2.000005E+1
-2.000005E+1
-2.000005E+1
-1.397893E+1
-1.221787E+1
-1.118152E+1
-1.043035E+1
-9.852638E+0
-9.396938E+0
-9.061778E+0
-8.847158E+0
-8.758958E+0
-8.795708E+0
-8.992688E+0
-9.330788E+0
-9.873218E+0
-1.071259E+1
-1.198855E+1
-1.426852E+1
-2.000005E+1
-2.000005E+1
-2.000005E+1
-2.000005E+1
-1.577380E+1
