Date/Time	2022-06-11 21:39:14
Line location	3
Line name	C1
OTDR wavelength [nm]	1310
OTDR pulse duration [ns]	2
OTDR scan time [s]	10
OTDR scan length [m]	1.500000E+2
Length offset [m]	0.000000E+0
Length increment [m]	3.996806E-2
Switch ID	VIAVI Solutions,OTU 8000E,11654,FO,16.76
OTDR ID	JDSU,OTU 8000E,11654,OTU(SmartOTU),V7.22

Reflected amplitude [dB]
7.502720E-1
7.502720E-1
7.341020E-1
6.885320E-1
6.209120E-1
5.562320E-1
5.003720E-1
4.562720E-1
4.268720E-1
4.092320E-1
4.136420E-1
4.518620E-1
5.091920E-1
5.650520E-1
6.120920E-1
6.488420E-1
6.738320E-1
6.914720E-1
7.017620E-1
7.002920E-1
6.797120E-1
6.297320E-1
5.621120E-1
4.930220E-1
4.209920E-1
3.386720E-1
2.519420E-1
1.696220E-1
9.759200E-2
3.438200E-2
-2.294800E-2
-7.292800E-2
-1.170280E-1
-1.552480E-1
-1.905280E-1
-2.199280E-1
-2.449180E-1
-2.684380E-1
-2.875480E-1
-3.037180E-1
-3.198880E-1
-3.331180E-1
-3.448780E-1
-3.551680E-1
-3.639880E-1
-3.728080E-1
-3.801580E-1
-3.875080E-1
-3.933880E-1
-4.007380E-1
-4.095580E-1
-4.183780E-1
-4.301380E-1
-4.418980E-1
-4.565980E-1
-4.712980E-1
-4.845280E-1
-4.992280E-1
-5.124580E-1
-5.256880E-1
-5.374480E-1
-5.477380E-1
-5.580280E-1
-5.683180E-1
-5.771380E-1
-5.830180E-1
-5.874280E-1
-5.859580E-1
-5.786080E-1
-5.668480E-1
-5.492080E-1
-5.256880E-1
-4.948180E-1
-4.507180E-1
-3.860380E-1
-3.022480E-1
-2.081680E-1
-1.155580E-1
-3.617800E-2
2.409200E-2
7.113200E-2
1.034720E-1
1.255220E-1
1.372820E-1
1.358120E-1
1.108220E-1
6.231200E-2
-3.838000E-3
-7.439800E-2
-1.434880E-1
-2.111080E-1
-2.772580E-1
-3.434080E-1
-4.080880E-1
-4.683580E-1
-5.256880E-1
-5.786080E-1
-6.256480E-1
-6.682780E-1
-7.035580E-1
-7.329580E-1
-7.564780E-1
-7.726480E-1
-7.829380E-1
-7.873480E-1
-7.888180E-1
-7.858780E-1
-7.814680E-1
-7.770580E-1
-7.711780E-1
-7.667680E-1
-7.638280E-1
-7.623580E-1
-7.623580E-1
-7.652980E-1
-7.711780E-1
-7.799980E-1
-7.888180E-1
-8.005780E-1
-8.123380E-1
-8.255680E-1
-8.343880E-1
-8.417380E-1
-8.461480E-1
-8.476180E-1
-8.446780E-1
-8.402680E-1
-8.343880E-1
-8.285080E-1
-8.255680E-1
-8.240980E-1
-8.240980E-1
-8.270380E-1
-8.299780E-1
-8.329180E-1
-8.358580E-1
-8.358580E-1
-8.343880E-1
-8.299780E-1
-8.240980E-1
-8.182180E-1
-8.108680E-1
-8.049880E-1
-7.991080E-1
-7.961680E-1
-7.932280E-1
-7.902880E-1
-7.858780E-1
-7.814680E-1
-7.755880E-1
-7.667680E-1
-7.535380E-1
-7.373680E-1
-7.167880E-1
-6.947380E-1
-6.712180E-1
-6.462280E-1
-6.227080E-1
-6.006580E-1
-5.830180E-1
-5.683180E-1
-5.594980E-1
-5.550880E-1
-5.550880E-1
-5.580280E-1
-5.653780E-1
-5.727280E-1
-5.844880E-1
-5.962480E-1
-6.094780E-1
-6.241780E-1
-6.388780E-1
-6.565180E-1
-6.726880E-1
-6.903280E-1
-7.064980E-1
-7.197280E-1
-7.329580E-1
-7.417780E-1
-7.476580E-1
-7.505980E-1
-7.491280E-1
-7.461880E-1
-7.403080E-1
-7.344280E-1
-7.285480E-1
-7.241380E-1
-7.211980E-1
-7.226680E-1
-7.256080E-1
-7.314880E-1
-7.388380E-1
-7.491280E-1
-7.594180E-1
-7.682380E-1
-7.741180E-1
-7.799980E-1
-7.814680E-1
-7.814680E-1
-7.814680E-1
-7.799980E-1
-7.785280E-1
-7.785280E-1
-7.785280E-1
-7.799980E-1
-7.814680E-1
-7.829380E-1
-7.844080E-1
-7.844080E-1
-7.858780E-1
-7.888180E-1
-7.917580E-1
-7.976380E-1
-8.035180E-1
-8.108680E-1
-8.167480E-1
-8.211580E-1
-8.240980E-1
-8.255680E-1
-8.226280E-1
-8.196880E-1
-8.152780E-1
-8.123380E-1
-8.093980E-1
-8.064580E-1
-8.049880E-1
-8.035180E-1
-8.020480E-1
-8.005780E-1
-7.961680E-1
-7.917580E-1
-7.844080E-1
-7.785280E-1
-7.726480E-1
-7.667680E-1
-7.638280E-1
-7.623580E-1
-7.638280E-1
-7.667680E-1
-7.697080E-1
-7.741180E-1
-7.770580E-1
-7.770580E-1
-7.755880E-1
-7.711780E-1
-7.623580E-1
-7.535380E-1
-7.432480E-1
-7.314880E-1
-7.226680E-1
-7.153180E-1
-7.109080E-1
-7.109080E-1
-7.123780E-1
-7.153180E-1
-7.211980E-1
-7.270780E-1
-7.314880E-1
-7.358980E-1
-7.373680E-1
-7.373680E-1
-7.358980E-1
-7.329580E-1
-7.285480E-1
-7.241380E-1
-7.211980E-1
-7.182580E-1
-7.167880E-1
-7.153180E-1
-7.153180E-1
-7.153180E-1
-7.153180E-1
-7.138480E-1
-7.123780E-1
-7.109080E-1
-7.079680E-1
-7.064980E-1
-7.050280E-1
-7.050280E-1
-7.079680E-1
-7.138480E-1
-7.197280E-1
-7.285480E-1
-7.358980E-1
-7.447180E-1
-7.520680E-1
-7.579480E-1
-7.608880E-1
-7.638280E-1
-7.652980E-1
-7.652980E-1
-7.667680E-1
-7.682380E-1
-7.697080E-1
-7.711780E-1
-7.726480E-1
-7.741180E-1
-7.741180E-1
-7.726480E-1
-7.697080E-1
-7.667680E-1
-7.608880E-1
-7.550080E-1
-7.491280E-1
-7.417780E-1
-7.329580E-1
-7.256080E-1
-7.182580E-1
-7.109080E-1
-7.064980E-1
-7.020880E-1
-7.006180E-1
-7.006180E-1
-7.020880E-1
-7.050280E-1
-7.079680E-1
-7.123780E-1
-7.167880E-1
-7.211980E-1
-7.270780E-1
-7.314880E-1
-7.373680E-1
-7.417780E-1
-7.461880E-1
-7.505980E-1
-7.550080E-1
-7.608880E-1
-7.652980E-1
-7.697080E-1
-7.741180E-1
-7.785280E-1
-7.799980E-1
-7.814680E-1
-7.814680E-1
-7.799980E-1
-7.770580E-1
-7.726480E-1
-7.697080E-1
-7.667680E-1
-7.652980E-1
-7.652980E-1
-7.667680E-1
-7.697080E-1
-7.726480E-1
-7.741180E-1
-7.755880E-1
-7.755880E-1
-7.741180E-1
-7.697080E-1
-7.652980E-1
-7.594180E-1
-7.520680E-1
-7.447180E-1
-7.388380E-1
-7.344280E-1
-7.314880E-1
-7.300180E-1
-7.314880E-1
-7.373680E-1
-7.447180E-1
-7.535380E-1
-7.652980E-1
-7.770580E-1
-7.902880E-1
-8.020480E-1
-8.138080E-1
-8.226280E-1
-8.299780E-1
-8.329180E-1
-8.343880E-1
-8.329180E-1
-8.285080E-1
-8.240980E-1
-8.182180E-1
-8.123380E-1
-8.064580E-1
-8.020480E-1
-7.961680E-1
-7.917580E-1
-7.873480E-1
-7.829380E-1
-7.785280E-1
-7.741180E-1
-7.697080E-1
-7.652980E-1
-7.623580E-1
-7.594180E-1
-7.594180E-1
-7.579480E-1
-7.594180E-1
-7.608880E-1
-7.623580E-1
-7.652980E-1
-7.667680E-1
-7.667680E-1
-7.667680E-1
-7.652980E-1
-7.623580E-1
-7.594180E-1
-7.564780E-1
-7.550080E-1
-7.535380E-1
-7.535380E-1
-7.550080E-1
-7.579480E-1
-7.623580E-1
-7.667680E-1
-7.711780E-1
-7.741180E-1
-7.770580E-1
-7.770580E-1
-7.755880E-1
-7.711780E-1
-7.652980E-1
-7.579480E-1
-7.505980E-1
-7.432480E-1
-7.358980E-1
-7.300180E-1
-7.256080E-1
-7.226680E-1
-7.197280E-1
-7.182580E-1
-7.182580E-1
-7.211980E-1
-7.256080E-1
-7.300180E-1
-7.373680E-1
-7.447180E-1
-7.520680E-1
-7.579480E-1
-7.608880E-1
-7.623580E-1
-7.623580E-1
-7.608880E-1
-7.594180E-1
-7.579480E-1
-7.579480E-1
-7.564780E-1
-7.564780E-1
-7.564780E-1
-7.564780E-1
-7.550080E-1
-7.535380E-1
-7.505980E-1
-7.491280E-1
-7.476580E-1
-7.476580E-1
-7.491280E-1
-7.520680E-1
-7.564780E-1
-7.594180E-1
-7.638280E-1
-7.667680E-1
-7.697080E-1
-7.697080E-1
-7.697080E-1
-7.667680E-1
-7.638280E-1
-7.594180E-1
-7.550080E-1
-7.491280E-1
-7.432480E-1
-7.373680E-1
-7.314880E-1
-7.270780E-1
-7.241380E-1
-7.241380E-1
-7.256080E-1
-7.285480E-1
-7.329580E-1
-7.373680E-1
-7.432480E-1
-7.491280E-1
-7.520680E-1
-7.550080E-1
-7.579480E-1
-7.594180E-1
-7.623580E-1
-7.638280E-1
-7.667680E-1
-7.697080E-1
-7.726480E-1
-7.741180E-1
-7.755880E-1
-7.770580E-1
-7.770580E-1
-7.770580E-1
-7.741180E-1
-7.711780E-1
-7.652980E-1
-7.579480E-1
-7.491280E-1
-7.388380E-1
-7.270780E-1
-7.153180E-1
-7.050280E-1
-6.947380E-1
-6.859180E-1
-6.800380E-1
-6.756280E-1
-6.741580E-1
-6.741580E-1
-6.756280E-1
-6.785680E-1
-6.815080E-1
-6.859180E-1
-6.903280E-1
-6.947380E-1
-7.006180E-1
-7.050280E-1
-7.109080E-1
-7.153180E-1
-7.197280E-1
-7.226680E-1
-7.270780E-1
-7.300180E-1
-7.329580E-1
-7.358980E-1
-7.403080E-1
-7.447180E-1
-7.491280E-1
-7.520680E-1
-7.564780E-1
-7.579480E-1
-7.594180E-1
-7.608880E-1
-7.608880E-1
-7.608880E-1
-7.608880E-1
-7.623580E-1
-7.638280E-1
-7.652980E-1
-7.652980E-1
-7.652980E-1
-7.638280E-1
-7.608880E-1
-7.564780E-1
-7.505980E-1
-7.447180E-1
-7.403080E-1
-7.373680E-1
-7.344280E-1
-7.344280E-1
-7.358980E-1
-7.373680E-1
-7.403080E-1
-7.417780E-1
-7.432480E-1
-7.447180E-1
-7.432480E-1
-7.432480E-1
-7.432480E-1
-7.447180E-1
-7.461880E-1
-7.476580E-1
-7.520680E-1
-7.550080E-1
-7.579480E-1
-7.594180E-1
-7.579480E-1
-7.564780E-1
-7.535380E-1
-7.491280E-1
-7.461880E-1
-7.447180E-1
-7.447180E-1
-7.476580E-1
-7.550080E-1
-7.638280E-1
-7.741180E-1
-7.844080E-1
-7.961680E-1
-8.049880E-1
-8.108680E-1
-8.152780E-1
-8.167480E-1
-8.167480E-1
-8.152780E-1
-8.123380E-1
-8.079280E-1
-8.035180E-1
-7.976380E-1
-7.917580E-1
-7.844080E-1
-7.770580E-1
-7.682380E-1
-7.594180E-1
-7.505980E-1
-7.432480E-1
-7.373680E-1
-7.344280E-1
-7.329580E-1
-7.344280E-1
-7.373680E-1
-7.417780E-1
-7.476580E-1
-7.520680E-1
-7.579480E-1
-7.623580E-1
-7.652980E-1
-7.682380E-1
-7.711780E-1
-7.726480E-1
-7.726480E-1
-7.726480E-1
-7.726480E-1
-7.711780E-1
-7.711780E-1
-7.711780E-1
-7.711780E-1
-7.697080E-1
-7.697080E-1
-7.682380E-1
-7.667680E-1
-7.638280E-1
-7.608880E-1
-7.579480E-1
-7.550080E-1
-7.535380E-1
-7.520680E-1
-7.535380E-1
-7.550080E-1
-7.594180E-1
-7.623580E-1
-7.667680E-1
-7.711780E-1
-7.741180E-1
-7.755880E-1
-7.755880E-1
-7.741180E-1
-7.711780E-1
-7.682380E-1
-7.638280E-1
-7.579480E-1
-7.535380E-1
-7.491280E-1
-7.447180E-1
-7.432480E-1
-7.447180E-1
-7.476580E-1
-7.520680E-1
-7.608880E-1
-7.697080E-1
-7.799980E-1
-7.902880E-1
-8.005780E-1
-8.093980E-1
-8.152780E-1
-8.182180E-1
-8.182180E-1
-8.138080E-1
-8.079280E-1
-7.976380E-1
-7.858780E-1
-7.741180E-1
-7.608880E-1
-7.476580E-1
-7.358980E-1
-7.270780E-1
-7.197280E-1
-7.167880E-1
-7.138480E-1
-7.138480E-1
-7.138480E-1
-7.153180E-1
-7.167880E-1
-7.167880E-1
-7.153180E-1
-7.138480E-1
-7.123780E-1
-7.109080E-1
-7.094380E-1
-7.094380E-1
-7.123780E-1
-7.167880E-1
-7.211980E-1
-7.285480E-1
-7.373680E-1
-7.461880E-1
-7.550080E-1
-7.623580E-1
-7.697080E-1
-7.755880E-1
-7.785280E-1
-7.799980E-1
-7.799980E-1
-7.785280E-1
-7.755880E-1
-7.711780E-1
-7.667680E-1
-7.608880E-1
-7.550080E-1
-7.505980E-1
-7.447180E-1
-7.403080E-1
-7.373680E-1
-7.344280E-1
-7.329580E-1
-7.329580E-1
-7.344280E-1
-7.358980E-1
-7.388380E-1
-7.432480E-1
-7.491280E-1
-7.564780E-1
-7.623580E-1
-7.697080E-1
-7.741180E-1
-7.785280E-1
-7.814680E-1
-7.814680E-1
-7.799980E-1
-7.770580E-1
-7.711780E-1
-7.638280E-1
-7.564780E-1
-7.505980E-1
-7.432480E-1
-7.388380E-1
-7.373680E-1
-7.373680E-1
-7.403080E-1
-7.432480E-1
-7.476580E-1
-7.520680E-1
-7.550080E-1
-7.550080E-1
-7.550080E-1
-7.520680E-1
-7.476580E-1
-7.432480E-1
-7.403080E-1
-7.358980E-1
-7.329580E-1
-7.300180E-1
-7.285480E-1
-7.256080E-1
-7.226680E-1
-7.197280E-1
-7.138480E-1
-7.094380E-1
-7.035580E-1
-6.976780E-1
-6.947380E-1
-6.917980E-1
-6.903280E-1
-6.903280E-1
-6.932680E-1
-6.947380E-1
-6.962080E-1
-6.976780E-1
-6.962080E-1
-6.932680E-1
-6.888580E-1
-6.829780E-1
-6.785680E-1
-6.741580E-1
-6.712180E-1
-6.712180E-1
-6.741580E-1
-6.770980E-1
-6.829780E-1
-6.903280E-1
-6.962080E-1
-7.035580E-1
-7.109080E-1
-7.167880E-1
-7.241380E-1
-7.314880E-1
-7.388380E-1
-7.461880E-1
-7.520680E-1
-7.579480E-1
-7.594180E-1
-7.594180E-1
-7.564780E-1
-7.520680E-1
-7.461880E-1
-7.403080E-1
-7.344280E-1
-7.300180E-1
-7.270780E-1
-7.270780E-1
-7.285480E-1
-7.300180E-1
-7.329580E-1
-7.373680E-1
-7.417780E-1
-7.461880E-1
-7.505980E-1
-7.564780E-1
-7.623580E-1
-7.667680E-1
-7.711780E-1
-7.741180E-1
-7.770580E-1
-7.785280E-1
-7.785280E-1
-7.770580E-1
-7.741180E-1
-7.711780E-1
-7.682380E-1
-7.652980E-1
-7.638280E-1
-7.623580E-1
-7.623580E-1
-7.638280E-1
-7.652980E-1
-7.682380E-1
-7.726480E-1
-7.785280E-1
-7.873480E-1
-7.961680E-1
-8.064580E-1
-8.167480E-1
-8.240980E-1
-8.299780E-1
-8.329180E-1
-8.329180E-1
-8.285080E-1
-8.226280E-1
-8.138080E-1
-8.049880E-1
-7.961680E-1
-7.888180E-1
-7.829380E-1
-7.799980E-1
-7.770580E-1
-7.770580E-1
-7.785280E-1
-7.829380E-1
-7.858780E-1
-7.917580E-1
-7.976380E-1
-8.035180E-1
-8.079280E-1
-8.093980E-1
-8.093980E-1
-8.079280E-1
-8.035180E-1
-7.976380E-1
-7.917580E-1
-7.844080E-1
-7.799980E-1
-7.755880E-1
-7.741180E-1
-7.741180E-1
-7.741180E-1
-7.755880E-1
-7.755880E-1
-7.755880E-1
-7.741180E-1
-7.711780E-1
-7.682380E-1
-7.638280E-1
-7.594180E-1
-7.550080E-1
-7.505980E-1
-7.476580E-1
-7.432480E-1
-7.403080E-1
-7.358980E-1
-7.329580E-1
-7.314880E-1
-7.300180E-1
-7.285480E-1
-7.300180E-1
-7.314880E-1
-7.344280E-1
-7.358980E-1
-7.388380E-1
-7.403080E-1
-7.417780E-1
-7.417780E-1
-7.417780E-1
-7.432480E-1
-7.432480E-1
-7.447180E-1
-7.447180E-1
-7.461880E-1
-7.476580E-1
-7.491280E-1
-7.520680E-1
-7.535380E-1
-7.550080E-1
-7.579480E-1
-7.623580E-1
-7.667680E-1
-7.711780E-1
-7.770580E-1
-7.829380E-1
-7.873480E-1
-7.917580E-1
-7.946980E-1
-7.946980E-1
-7.946980E-1
-7.917580E-1
-7.873480E-1
-7.814680E-1
-7.741180E-1
-7.667680E-1
-7.594180E-1
-7.505980E-1
-7.432480E-1
-7.373680E-1
-7.329580E-1
-7.300180E-1
-7.270780E-1
-7.270780E-1
-7.285480E-1
-7.314880E-1
-7.344280E-1
-7.373680E-1
-7.417780E-1
-7.461880E-1
-7.505980E-1
-7.550080E-1
-7.579480E-1
-7.608880E-1
-7.623580E-1
-7.638280E-1
-7.652980E-1
-7.638280E-1
-7.608880E-1
-7.579480E-1
-7.535380E-1
-7.476580E-1
-7.432480E-1
-7.388380E-1
-7.358980E-1
-7.344280E-1
-7.358980E-1
-7.403080E-1
-7.447180E-1
-7.520680E-1
-7.594180E-1
-7.667680E-1
-7.726480E-1
-7.785280E-1
-7.844080E-1
-7.873480E-1
-7.917580E-1
-7.946980E-1
-7.961680E-1
-7.991080E-1
-8.005780E-1
-8.035180E-1
-8.049880E-1
-8.064580E-1
-8.064580E-1
-8.079280E-1
-8.079280E-1
-8.064580E-1
-8.035180E-1
-7.991080E-1
-7.932280E-1
-7.858780E-1
-7.785280E-1
-7.697080E-1
-7.623580E-1
-7.550080E-1
-7.491280E-1
-7.461880E-1
-7.447180E-1
-7.432480E-1
-7.447180E-1
-7.447180E-1
-7.447180E-1
-7.461880E-1
-7.461880E-1
-7.461880E-1
-7.476580E-1
-7.491280E-1
-7.505980E-1
-7.535380E-1
-7.550080E-1
-7.579480E-1
-7.594180E-1
-7.608880E-1
-7.608880E-1
-7.608880E-1
-7.594180E-1
-7.594180E-1
-7.594180E-1
-7.608880E-1
-7.623580E-1
-7.652980E-1
-7.667680E-1
-7.697080E-1
-7.726480E-1
-7.755880E-1
-7.785280E-1
-7.799980E-1
-7.829380E-1
-7.873480E-1
-7.902880E-1
-7.932280E-1
-7.961680E-1
-7.976380E-1
-7.976380E-1
-7.976380E-1
-7.976380E-1
-7.961680E-1
-7.961680E-1
-7.976380E-1
-7.991080E-1
-8.005780E-1
-8.035180E-1
-8.049880E-1
-8.049880E-1
-8.035180E-1
-7.976380E-1
-7.902880E-1
-7.814680E-1
-7.711780E-1
-7.594180E-1
-7.505980E-1
-7.432480E-1
-7.388380E-1
-7.388380E-1
-7.417780E-1
-7.491280E-1
-7.579480E-1
-7.697080E-1
-7.829380E-1
-7.976380E-1
-8.138080E-1
-8.329180E-1
-8.549680E-1
-8.799580E-1
-9.078880E-1
-9.416980E-1
-9.784480E-1
-1.021078E+0
-1.068118E+0
-1.118098E+0
-1.171018E+0
-1.225408E+0
-1.281268E+0
-1.335658E+0
-1.390048E+0
-1.442968E+0
-1.494418E+0
-1.542928E+0
-1.591438E+0
-1.638478E+0
-1.684048E+0
-1.725208E+0
-1.761958E+0
-1.794298E+0
-1.820758E+0
-1.839868E+0
-1.853098E+0
-1.861918E+0
-1.864858E+0
-1.864858E+0
-1.861918E+0
-1.857508E+0
-1.853098E+0
-1.850158E+0
-1.848688E+0
-1.851628E+0
-1.857508E+0
-1.866328E+0
-1.878088E+0
-1.894258E+0
-1.910428E+0
-1.926598E+0
-1.941298E+0
-1.954528E+0
-1.964818E+0
-1.972168E+0
-1.976578E+0
-1.978048E+0
-1.979518E+0
-1.979518E+0
-1.979518E+0
-1.979518E+0
-1.978048E+0
-1.978048E+0
-1.976578E+0
-1.973638E+0
-1.970698E+0
-1.966288E+0
-1.963348E+0
-1.958938E+0
-1.957468E+0
-1.955998E+0
-1.955998E+0
-1.957468E+0
-1.957468E+0
-1.958938E+0
-1.958938E+0
-1.957468E+0
-1.954528E+0
-1.950118E+0
-1.947178E+0
-1.944238E+0
-1.942768E+0
-1.942768E+0
-1.947178E+0
-1.953058E+0
-1.960408E+0
-1.966288E+0
-1.973638E+0
-1.979518E+0
-1.983928E+0
-1.986868E+0
-1.989808E+0
-1.994218E+0
-2.000098E+0
-2.007448E+0
-2.017738E+0
-2.029498E+0
-2.041258E+0
-2.053018E+0
-2.061838E+0
-2.069188E+0
-2.073598E+0
-2.075068E+0
-2.075068E+0
-2.072128E+0
-2.067718E+0
-2.061838E+0
-2.055958E+0
-2.050078E+0
-2.045668E+0
-2.044198E+0
-2.045668E+0
-2.050078E+0
-2.057428E+0
-2.067718E+0
-2.079478E+0
-2.091238E+0
-2.102998E+0
-2.114758E+0
-2.125048E+0
-2.135338E+0
-2.144158E+0
-2.154448E+0
-2.166208E+0
-2.180908E+0
-2.197078E+0
-2.214718E+0
-2.233828E+0
-2.254408E+0
-2.272048E+0
-2.286748E+0
-2.297038E+0
-2.304388E+0
-2.304388E+0
-2.299978E+0
-2.289688E+0
-2.274988E+0
-2.258818E+0
-2.239708E+0
-2.220598E+0
-2.204428E+0
-2.189728E+0
-2.180908E+0
-2.175028E+0
-2.175028E+0
-2.177968E+0
-2.185318E+0
-2.194138E+0
-2.202958E+0
-2.210308E+0
-2.216188E+0
-2.219128E+0
-2.220598E+0
-2.222068E+0
-2.222068E+0
-2.226478E+0
-2.232358E+0
-2.241178E+0
-2.252938E+0
-2.266168E+0
-2.280868E+0
-2.295568E+0
-2.307328E+0
-2.317618E+0
-2.323498E+0
-2.326438E+0
-2.326438E+0
-2.324968E+0
-2.322028E+0
-2.320558E+0
-2.322028E+0
-2.324968E+0
-2.329378E+0
-2.335258E+0
-2.342608E+0
-2.348488E+0
-2.351428E+0
-2.352898E+0
-2.349958E+0
-2.344078E+0
-2.335258E+0
-2.324968E+0
-2.314678E+0
-2.305858E+0
-2.298508E+0
-2.292628E+0
-2.291158E+0
-2.291158E+0
-2.292628E+0
-2.294098E+0
-2.298508E+0
-2.301448E+0
-2.305858E+0
-2.310268E+0
-2.313208E+0
-2.316148E+0
-2.317618E+0
-2.319088E+0
-2.319088E+0
-2.319088E+0
-2.319088E+0
-2.320558E+0
-2.323498E+0
-2.326438E+0
-2.332318E+0
-2.339668E+0
-2.348488E+0
-2.358778E+0
-2.370538E+0
-2.382298E+0
-2.395528E+0
-2.410228E+0
-2.427868E+0
-2.444038E+0
-2.460208E+0
-2.476378E+0
-2.492548E+0
-2.505778E+0
-2.516068E+0
-2.524888E+0
-2.530768E+0
-2.533708E+0
-2.535178E+0
-2.533708E+0
-2.532238E+0
-2.526358E+0
-2.520478E+0
-2.511658E+0
-2.502838E+0
-2.491078E+0
-2.479318E+0
-2.466088E+0
-2.454328E+0
-2.442568E+0
-2.432278E+0
-2.424928E+0
-2.419048E+0
-2.414638E+0
-2.413168E+0
-2.411698E+0
-2.411698E+0
-2.413168E+0
-2.414638E+0
-2.417578E+0
-2.423458E+0
-2.430808E+0
-2.441098E+0
-2.451388E+0
-2.463148E+0
-2.474908E+0
-2.486668E+0
-2.495488E+0
-2.502838E+0
-2.507248E+0
-2.507248E+0
-2.504308E+0
-2.498428E+0
-2.491078E+0
-2.483728E+0
-2.476378E+0
-2.471968E+0
-2.470498E+0
-2.473438E+0
-2.480788E+0
-2.491078E+0
-2.504308E+0
-2.517538E+0
-2.532238E+0
-2.542528E+0
-2.551348E+0
-2.557228E+0
-2.560168E+0
-2.561638E+0
-2.563108E+0
-2.563108E+0
-2.561638E+0
-2.561638E+0
-2.558698E+0
-2.555758E+0
-2.552818E+0
-2.546938E+0
-2.543998E+0
-2.541058E+0
-2.541058E+0
-2.543998E+0
-2.551348E+0
-2.561638E+0
-2.576338E+0
-2.592508E+0
-2.608678E+0
-2.624848E+0
-2.638078E+0
-2.645428E+0
-2.648368E+0
-2.645428E+0
-2.638078E+0
-2.624848E+0
-2.610148E+0
-2.593978E+0
-2.577808E+0
-2.567518E+0
-2.561638E+0
-2.563108E+0
-2.570458E+0
-2.583688E+0
-2.599858E+0
-2.617498E+0
-2.635138E+0
-2.648368E+0
-2.657188E+0
-2.661598E+0
-2.663068E+0
-2.661598E+0
-2.661598E+0
-2.661598E+0
-2.666008E+0
-2.674828E+0
-2.688058E+0
-2.705698E+0
-2.727748E+0
-2.751268E+0
-2.777728E+0
-2.804188E+0
-2.830648E+0
-2.855638E+0
-2.877688E+0
-2.896798E+0
-2.911498E+0
-2.918848E+0
-2.921788E+0
-2.915908E+0
-2.905618E+0
-2.889448E+0
-2.868868E+0
-2.845348E+0
-2.821828E+0
-2.799778E+0
-2.777728E+0
-2.760088E+0
-2.743918E+0
-2.730688E+0
-2.720398E+0
-2.711578E+0
-2.704228E+0
-2.699818E+0
-2.698348E+0
-2.702758E+0
-2.710108E+0
-2.723338E+0
-2.739508E+0
-2.758618E+0
-2.779198E+0
-2.799778E+0
-2.818888E+0
-2.833588E+0
-2.846818E+0
-2.858578E+0
-2.867398E+0
-2.877688E+0
-2.885038E+0
-2.893858E+0
-2.899738E+0
-2.905618E+0
-2.910028E+0
-2.911498E+0
-2.914438E+0
-2.917378E+0
-2.923258E+0
-2.930608E+0
-2.940898E+0
-2.951188E+0
-2.958538E+0
-2.964418E+0
-2.965888E+0
-2.960008E+0
-2.952658E+0
-2.942368E+0
-2.932078E+0
-2.924728E+0
-2.921788E+0
-2.924728E+0
-2.933548E+0
-2.946778E+0
-2.961478E+0
-2.979118E+0
-2.995288E+0
-3.008518E+0
-3.017338E+0
-3.024688E+0
-3.029098E+0
-3.030568E+0
-3.027628E+0
-3.024688E+0
-3.017338E+0
-3.008518E+0
-2.995288E+0
-2.979118E+0
-2.958538E+0
-2.933548E+0
-2.908558E+0
-2.882098E+0
-2.857108E+0
-2.836528E+0
-2.821828E+0
-2.814478E+0
-2.814478E+0
-2.821828E+0
-2.836528E+0
-2.857108E+0
-2.882098E+0
-2.908558E+0
-2.937958E+0
-2.967358E+0
-2.993818E+0
-3.017338E+0
-3.036448E+0
-3.049678E+0
-3.057028E+0
-3.058498E+0
-3.052618E+0
-3.042328E+0
-3.027628E+0
-3.009988E+0
-2.993818E+0
-2.976178E+0
-2.964418E+0
-2.957068E+0
-2.957068E+0
-2.961478E+0
-2.971768E+0
-2.984998E+0
-3.004108E+0
-3.023218E+0
-3.040858E+0
-3.057028E+0
-3.070258E+0
-3.082018E+0
-3.090838E+0
-3.095248E+0
-3.095248E+0
-3.093778E+0
-3.087898E+0
-3.080548E+0
-3.067318E+0
-3.054088E+0
-3.039388E+0
-3.024688E+0
-3.012928E+0
-3.002638E+0
-2.995288E+0
-2.992348E+0
-2.990878E+0
-2.990878E+0
-2.990878E+0
-2.990878E+0
-2.989408E+0
-2.986468E+0
-2.983528E+0
-2.980588E+0
-2.976178E+0
-2.973238E+0
-2.968828E+0
-2.964418E+0
-2.958538E+0
-2.952658E+0
-2.948248E+0
-2.943838E+0
-2.939428E+0
-2.937958E+0
-2.936488E+0
-2.937958E+0
-2.942368E+0
-2.945308E+0
-2.951188E+0
-2.960008E+0
-2.971768E+0
-2.986468E+0
-3.005578E+0
-3.029098E+0
-3.054088E+0
-3.082018E+0
-3.107008E+0
-3.129058E+0
-3.145228E+0
-3.155518E+0
-3.159928E+0
-3.161398E+0
-3.158458E+0
-3.156988E+0
-3.155518E+0
-3.159928E+0
-3.167278E+0
-3.179038E+0
-3.193738E+0
-3.211378E+0
-3.229018E+0
-3.248128E+0
-3.267238E+0
-3.284878E+0
-3.298108E+0
-3.306928E+0
-3.311338E+0
-3.306928E+0
-3.296638E+0
-3.278998E+0
-3.255478E+0
-3.229018E+0
-3.204028E+0
-3.180508E+0
-3.159928E+0
-3.145228E+0
-3.136408E+0
-3.131998E+0
-3.130528E+0
-3.130528E+0
-3.126118E+0
-3.120238E+0
-3.111418E+0
-3.096718E+0
-3.082018E+0
-3.068788E+0
-3.057028E+0
-3.051148E+0
-3.051148E+0
-3.058498E+0
-3.071728E+0
-3.087898E+0
-3.108478E+0
-3.127588E+0
-3.148168E+0
-3.167278E+0
-3.184918E+0
-3.199618E+0
-3.215788E+0
-3.229018E+0
-3.243718E+0
-3.258418E+0
-3.270178E+0
-3.280468E+0
-3.286348E+0
-3.289288E+0
-3.287818E+0
-3.283408E+0
-3.274588E+0
-3.267238E+0
-3.258418E+0
-3.254008E+0
-3.252538E+0
-3.256948E+0
-3.265768E+0
-3.280468E+0
-3.299578E+0
-3.321628E+0
-3.343678E+0
-3.367198E+0
-3.387778E+0
-3.403948E+0
-3.418648E+0
-3.428938E+0
-3.434818E+0
-3.437758E+0
-3.440698E+0
-3.443638E+0
-3.445108E+0
-3.449518E+0
-3.455398E+0
-3.461278E+0
-3.467158E+0
-3.470098E+0
-3.471568E+0
-3.468628E+0
-3.462748E+0
-3.456868E+0
-3.449518E+0
-3.443638E+0
-3.443638E+0
-3.446578E+0
-3.455398E+0
-3.468628E+0
-3.481858E+0
-3.495088E+0
-3.503908E+0
-3.506848E+0
-3.500968E+0
-3.489208E+0
-3.471568E+0
-3.452458E+0
-3.431878E+0
-3.414238E+0
-3.398068E+0
-3.387778E+0
-3.380428E+0
-3.376018E+0
-3.374548E+0
-3.373078E+0
-3.374548E+0
-3.376018E+0
-3.380428E+0
-3.386308E+0
-3.395128E+0
-3.406888E+0
-3.421588E+0
-3.440698E+0
-3.464218E+0
-3.489208E+0
-3.514198E+0
-3.539188E+0
-3.562708E+0
-3.583288E+0
-3.597988E+0
-3.605338E+0
-3.605338E+0
-3.597988E+0
-3.580348E+0
-3.553888E+0
-3.521548E+0
-3.484798E+0
-3.445108E+0
-3.408358E+0
-3.377488E+0
-3.353968E+0
-3.340738E+0
-3.339268E+0
-3.349558E+0
-3.370138E+0
-3.399538E+0
-3.434818E+0
-3.471568E+0
-3.508318E+0
-3.540658E+0
-3.567118E+0
-3.586228E+0
-3.600928E+0
-3.609748E+0
-3.617098E+0
-3.621508E+0
-3.625918E+0
-3.627388E+0
-3.628858E+0
-3.624448E+0
-3.617098E+0
-3.603868E+0
-3.586228E+0
-3.562708E+0
-3.537718E+0
-3.512728E+0
-3.489208E+0
-3.470098E+0
-3.456868E+0
-3.450988E+0
-3.450988E+0
-3.456868E+0
-3.468628E+0
-3.484798E+0
-3.503908E+0
-3.524488E+0
-3.545068E+0
-3.568588E+0
-3.590638E+0
-3.615628E+0
-3.642088E+0
-3.670018E+0
-3.700888E+0
-3.733228E+0
-3.767038E+0
-3.802318E+0
-3.837598E+0
-3.868468E+0
-3.893458E+0
-3.912568E+0
-3.924328E+0
-3.927268E+0
-3.925798E+0
-3.916978E+0
-3.906688E+0
-3.897868E+0
-3.887578E+0
-3.878758E+0
-3.868468E+0
-3.856708E+0
-3.840538E+0
-3.821428E+0
-3.797908E+0
-3.772918E+0
-3.749398E+0
-3.728818E+0
-3.714118E+0
-3.706768E+0
-3.708238E+0
-3.718528E+0
-3.733228E+0
-3.753808E+0
-3.777328E+0
-3.799378E+0
-3.819958E+0
-3.837598E+0
-3.849358E+0
-3.858178E+0
-3.865528E+0
-3.871408E+0
-3.878758E+0
-3.886108E+0
-3.896398E+0
-3.906688E+0
-3.916978E+0
-3.921388E+0
-3.921388E+0
-3.915508E+0
-3.905218E+0
-3.891988E+0
-3.880228E+0
-3.871408E+0
-3.869938E+0
-3.872878E+0
-3.880228E+0
-3.889048E+0
-3.893458E+0
-3.893458E+0
-3.886108E+0
-3.871408E+0
-3.853768E+0
-3.834658E+0
-3.818488E+0
-3.809668E+0
-3.811138E+0
-3.821428E+0
-3.840538E+0
-3.865528E+0
-3.891988E+0
-3.916978E+0
-3.934618E+0
-3.943438E+0
-3.944908E+0
-3.937558E+0
-3.922858E+0
-3.903748E+0
-3.884638E+0
-3.868468E+0
-3.858178E+0
-3.855238E+0
-3.861118E+0
-3.878758E+0
-3.908158E+0
-3.946378E+0
-3.989008E+0
-4.034578E+0
-4.077208E+0
-4.113958E+0
-4.137478E+0
-4.143358E+0
-4.136008E+0
-4.113958E+0
-4.081618E+0
-4.043398E+0
-4.002238E+0
-3.961078E+0
-3.921388E+0
-3.886108E+0
-3.855238E+0
-3.825838E+0
-3.797908E+0
-3.772918E+0
-3.744988E+0
-3.717058E+0
-3.684718E+0
-3.649438E+0
-3.612688E+0
-3.578878E+0
-3.415708E+0
-2.986468E+0
-2.357308E+0
-1.634068E+0
-9.152380E-1
-2.434480E-1
3.519020E-1
8.399420E-1
1.223612E+0
1.511732E+0
1.716062E+0
1.857182E+0
1.949792E+0
1.980662E+0
1.943912E+0
1.852772E+0
1.716062E+0
1.541132E+0
1.311812E+0
1.019282E+0
6.811820E-1
2.975120E-1
-1.420180E-1
-6.212380E-1
-1.115158E+0
-1.606138E+0
-2.102998E+0
-2.611618E+0
-3.123178E+0
-3.620038E+0
-4.094848E+0
-4.547608E+0
-4.970968E+0
-5.353168E+0
-5.689798E+0
-5.967628E+0
-6.194008E+0
-6.385108E+0
-6.554158E+0
-6.727618E+0
-6.923128E+0
-7.165678E+0
-7.461148E+0
-7.828648E+0
-8.263768E+0
-8.787088E+0
-9.398608E+0
-1.013949E+1
-1.098327E+1
-1.209312E+1
-1.369101E+1
-1.899477E+1
-2.050005E+1
-2.050005E+1
-2.050005E+1
-2.050005E+1
-2.050005E+1
-2.050005E+1
-2.050005E+1
-2.050005E+1
-2.050005E+1
-2.050005E+1
-2.050005E+1
-2.050005E+1
-2.050005E+1
-2.050005E+1
-2.050005E+1
-2.050005E+1
-2.050005E+1
-2.050005E+1
-2.050005E+1
-2.050005E+1
-2.050005E+1
-2.050005E+1
-2.050005E+1
-2.050005E+1
-2.050005E+1
-2.050005E+1
-2.050005E+1
-2.050005E+1
-2.050005E+1
-2.050005E+1
-2.050005E+1
-2.050005E+1
-2.050005E+1
-2.050005E+1
-2.050005E+1
-2.050005E+1
-2.050005E+1
-2.050005E+1
-2.050005E+1
-2.050005E+1
-2.050005E+1
-2.050005E+1
-2.050005E+1
-1.493022E+1
-1.209312E+1
-1.072749E+1
-9.846958E+0
-9.247198E+0
-8.826778E+0
-8.553358E+0
-8.399008E+0
-8.357848E+0
-8.432818E+0
-8.616568E+0
-8.929678E+0
-9.372148E+0
-1.001454E+1
-1.095681E+1
-1.248855E+1
-1.748949E+1
-2.050005E+1
-2.050005E+1
-2.050005E+1
-2.050005E+1
-2.050005E+1
-2.050005E+1
-2.050005E+1
-1.447893E+1
-1.318680E+1
-1.277961E+1
-1.284135E+1
-1.342494E+1
-1.493022E+1
-2.050005E+1
-2.050005E+1
-2.050005E+1
-2.050005E+1
-2.050005E+1
-2.050005E+1
-2.050005E+1
-2.050005E+1
-2.050005E+1
-2.050005E+1
-2.050005E+1
-2.050005E+1
-2.050005E+1
-2.050005E+1
-2.050005E+1
-2.050005E+1
-2.050005E+1
-2.050005E+1
-2.050005E+1
-2.050005E+1
-2.050005E+1
-2.050005E+1
-1.748949E+1
-1.434663E+1
-1.388799E+1
-1.434663E+1
-1.700439E+1
-2.050005E+1
-2.050005E+1
-2.050005E+1
-2.050005E+1
-2.050005E+1
-2.050005E+1
-2.050005E+1
-2.050005E+1
-2.050005E+1
-2.050005E+1
-2.050005E+1
-2.050005E+1
-2.050005E+1
-2.050005E+1
-2.050005E+1
-2.050005E+1
-2.050005E+1
-2.050005E+1
-2.050005E+1
-2.050005E+1
-2.050005E+1
-2.050005E+1
-2.050005E+1
-2.050005E+1
-2.050005E+1
-2.050005E+1
-2.050005E+1
-2.050005E+1
-2.050005E+1
-2.050005E+1
-1.378803E+1
-1.168152E+1
-1.065693E+1
-1.006746E+1
-9.692608E+0
-9.477988E+0
-9.372148E+0
-9.333928E+0
-9.333928E+0
-9.347158E+0
-9.322168E+0
-9.258958E+0
-9.163408E+0
-9.048748E+0
-8.929678E+0
-8.847358E+0
-8.806198E+0
-8.816488E+0
-8.898808E+0
-9.038458E+0
-9.247198E+0
-9.533848E+0
-9.863128E+0
-1.025268E+1
-1.068045E+1
-1.109499E+1
-1.146837E+1
-1.175796E+1
-1.204902E+1
-1.228275E+1
-1.277961E+1
-1.378803E+1
-1.899477E+1
-2.050005E+1
-2.050005E+1
-2.050005E+1
-2.050005E+1
-2.050005E+1
-2.050005E+1
-2.050005E+1
-2.050005E+1
-2.050005E+1
-2.050005E+1
-2.050005E+1
-2.050005E+1
-2.050005E+1
-2.050005E+1
-2.050005E+1
-2.050005E+1
-1.238271E+1
-1.093035E+1
-1.019535E+1
-9.783748E+0
-9.589708E+0
-9.547078E+0
-9.663208E+0
-9.946918E+0
-1.043496E+1
-1.118319E+1
-1.238271E+1
-1.461858E+1
-2.050005E+1
-2.050005E+1
-2.050005E+1
-2.050005E+1
-2.050005E+1
-1.660896E+1
-1.434663E+1
-1.351020E+1
-1.326324E+1
-1.334262E+1
-1.378803E+1
-1.461858E+1
-1.598421E+1
-1.899477E+1
-2.050005E+1
-2.050005E+1
-2.050005E+1
-2.050005E+1
-2.050005E+1
-2.050005E+1
-2.050005E+1
-2.050005E+1
-2.050005E+1
-2.050005E+1
-2.050005E+1
-2.050005E+1
-2.050005E+1
-2.050005E+1
-2.050005E+1
-2.050005E+1
-2.050005E+1
-2.050005E+1
-2.050005E+1
-2.050005E+1
-2.050005E+1
-2.050005E+1
-2.050005E+1
-2.050005E+1
-2.050005E+1
-2.050005E+1
-2.050005E+1
-1.410555E+1
-1.238271E+1
-1.136841E+1
-1.068045E+1
-1.017624E+1
-9.846958E+0
-9.604408E+0
-9.464758E+0
-9.398608E+0
-9.398608E+0
-9.464758E+0
-9.561778E+0
-9.707308E+0
-9.896938E+0
-1.012185E+1
-1.039380E+1
-1.070397E+1
-1.103913E+1
-1.140222E+1
-1.179765E+1
-1.218573E+1
-1.254441E+1
-1.277961E+1
-1.304274E+1
-1.318680E+1
-1.326324E+1
-1.326324E+1
-1.326324E+1
-1.334262E+1
-1.342494E+1
-1.351020E+1
-1.351020E+1
-1.351020E+1
-1.334262E+1
-1.297365E+1
-1.254441E+1
-1.209312E+1
-1.164477E+1
-1.133607E+1
-1.112439E+1
-1.109499E+1
-1.124346E+1
-1.168152E+1
-1.260027E+1
-1.529331E+1
-2.050005E+1
-2.050005E+1
-2.050005E+1
-2.050005E+1
-2.050005E+1
-2.050005E+1
-2.050005E+1
-2.050005E+1
-2.050005E+1
-2.050005E+1
-2.050005E+1
-2.050005E+1
-2.050005E+1
-2.050005E+1
-2.050005E+1
-2.050005E+1
-2.050005E+1
-2.050005E+1
-2.050005E+1
-1.290750E+1
-1.153746E+1
-1.082745E+1
-1.045554E+1
-1.027326E+1
-1.025268E+1
-1.037322E+1
-1.056579E+1
-1.082745E+1
-1.112439E+1
-1.150218E+1
-1.196082E+1
-1.254441E+1
-1.351020E+1
-1.549911E+1
-2.050005E+1
-2.050005E+1
-2.050005E+1
-2.050005E+1
-2.050005E+1
-2.050005E+1
-2.050005E+1
-2.050005E+1
-1.549911E+1
-1.434663E+1
-1.461858E+1
-1.700439E+1
-2.050005E+1
-2.050005E+1
-2.050005E+1
-2.050005E+1
-2.050005E+1
-2.050005E+1
-2.050005E+1
-2.050005E+1
-2.050005E+1
-2.050005E+1
-2.050005E+1
-2.050005E+1
-2.050005E+1
-2.050005E+1
-2.050005E+1
-2.050005E+1
-2.050005E+1
-2.050005E+1
-2.050005E+1
-2.050005E+1
-2.050005E+1
-2.050005E+1
-2.050005E+1
-2.050005E+1
-2.050005E+1
-2.050005E+1
-2.050005E+1
-2.050005E+1
-2.050005E+1
-2.050005E+1
-2.050005E+1
-2.050005E+1
-2.050005E+1
-2.050005E+1
-2.050005E+1
-2.050005E+1
-2.050005E+1
-2.050005E+1
-2.050005E+1
-2.050005E+1
-2.050005E+1
-2.050005E+1
-2.050005E+1
-2.050005E+1
-2.050005E+1
-2.050005E+1
-2.050005E+1
-2.050005E+1
-2.050005E+1
-2.050005E+1
-2.050005E+1
-2.050005E+1
-2.050005E+1
-2.050005E+1
-2.050005E+1
-2.050005E+1
-2.050005E+1
-2.050005E+1
-2.050005E+1
-2.050005E+1
-2.050005E+1
-2.050005E+1
-2.050005E+1
-2.050005E+1
-2.050005E+1
-2.050005E+1
-2.050005E+1
-2.050005E+1
-2.050005E+1
-2.050005E+1
-1.410555E+1
-1.254441E+1
-1.200492E+1
-1.187850E+1
-1.204902E+1
-1.243563E+1
-1.311330E+1
-1.447893E+1
-1.899477E+1
-2.050005E+1
-2.050005E+1
-2.050005E+1
-2.050005E+1
-2.050005E+1
-2.050005E+1
-2.050005E+1
-2.050005E+1
-2.050005E+1
-2.050005E+1
-2.050005E+1
-2.050005E+1
-2.050005E+1
-2.050005E+1
-2.050005E+1
-2.050005E+1
-2.050005E+1
-2.050005E+1
-2.050005E+1
-2.050005E+1
-2.050005E+1
-2.050005E+1
-2.050005E+1
-2.050005E+1
-2.050005E+1
-2.050005E+1
-2.050005E+1
-2.050005E+1
-2.050005E+1
-2.050005E+1
-2.050005E+1
-2.050005E+1
-2.050005E+1
-2.050005E+1
-2.050005E+1
-2.050005E+1
-2.050005E+1
-2.050005E+1
-2.050005E+1
-2.050005E+1
-1.461858E+1
-1.304274E+1
-1.218573E+1
-1.168152E+1
-1.140222E+1
-1.130520E+1
-1.136841E+1
-1.168152E+1
-1.228275E+1
-1.351020E+1
-1.899477E+1
-2.050005E+1
-2.050005E+1
-2.050005E+1
-2.050005E+1
-2.050005E+1
-2.050005E+1
-2.050005E+1
-2.050005E+1
-2.050005E+1
-2.050005E+1
-2.050005E+1
-2.050005E+1
-2.050005E+1
-2.050005E+1
-2.050005E+1
-2.050005E+1
-2.050005E+1
-2.050005E+1
-1.700439E+1
-1.359840E+1
-1.209312E+1
-1.112439E+1
-1.045554E+1
-9.980728E+0
-9.663208E+0
-9.519148E+0
-9.519148E+0
-9.692608E+0
-1.004982E+1
-1.070397E+1
-1.187850E+1
-1.493022E+1
-2.050005E+1
-2.050005E+1
-2.050005E+1
-2.050005E+1
-2.050005E+1
-2.050005E+1
-2.050005E+1
-2.050005E+1
-2.050005E+1
-2.050005E+1
-2.050005E+1
-2.050005E+1
-2.050005E+1
-2.050005E+1
-2.050005E+1
-2.050005E+1
-2.050005E+1
-2.050005E+1
-1.410555E+1
-1.265907E+1
-1.187850E+1
-1.136841E+1
-1.115379E+1
-1.121259E+1
-1.157274E+1
-1.238271E+1
-1.447893E+1
-2.050005E+1
-2.050005E+1
-2.050005E+1
-2.050005E+1
-2.050005E+1
-2.050005E+1
-2.050005E+1
-2.050005E+1
-2.050005E+1
-2.050005E+1
-2.050005E+1
-2.050005E+1
-2.050005E+1
-1.811424E+1
-1.529331E+1
-1.476852E+1
-1.510368E+1
-1.627380E+1
-2.050005E+1
-2.050005E+1
-2.050005E+1
-2.050005E+1
-2.050005E+1
-2.050005E+1
-2.050005E+1
-2.050005E+1
-1.899477E+1
-1.410555E+1
-1.254441E+1
-1.160802E+1
-1.095681E+1
-1.052169E+1
-1.027326E+1
-1.017624E+1
-1.025268E+1
-1.056579E+1
-1.124346E+1
-1.277961E+1
-2.050005E+1
-2.050005E+1
-2.050005E+1
-2.050005E+1
-2.050005E+1
-2.050005E+1
-2.050005E+1
-2.050005E+1
-2.050005E+1
-2.050005E+1
-2.050005E+1
-2.050005E+1
-2.050005E+1
-2.050005E+1
-1.461858E+1
-1.359840E+1
-1.311330E+1
-1.297365E+1
-1.284135E+1
-1.277961E+1
-1.271787E+1
-1.260027E+1
-1.254441E+1
-1.243563E+1
-1.233273E+1
-1.213869E+1
-1.200492E+1
-1.191966E+1
-1.183734E+1
-1.179765E+1
-1.179765E+1
-1.175796E+1
-1.168152E+1
-1.150218E+1
-1.118319E+1
-1.077747E+1
-1.033206E+1
-9.946918E+0
-9.633808E+0
-9.425068E+0
-9.347158E+0
-9.411838E+0
-9.663208E+0
-1.013949E+1
-1.095681E+1
-1.243563E+1
-1.748949E+1
-2.050005E+1
-2.050005E+1
-2.050005E+1
-2.050005E+1
-2.050005E+1
-2.050005E+1
-2.050005E+1
-2.050005E+1
-2.050005E+1
-2.050005E+1
-2.050005E+1
-2.050005E+1
-2.050005E+1
-2.050005E+1
-2.050005E+1
-2.050005E+1
-2.050005E+1
-2.050005E+1
-2.050005E+1
-2.050005E+1
-1.549911E+1
-1.399383E+1
-1.351020E+1
-1.359840E+1
-1.461858E+1
-2.050005E+1
-2.050005E+1
-2.050005E+1
-2.050005E+1
-2.050005E+1
-2.050005E+1
-2.050005E+1
-2.050005E+1
-2.050005E+1
-2.050005E+1
-2.050005E+1
-2.050005E+1
-2.050005E+1
-2.050005E+1
-2.050005E+1
-2.050005E+1
-2.050005E+1
-2.050005E+1
-2.050005E+1
-2.050005E+1
-2.050005E+1
-2.050005E+1
-2.050005E+1
-2.050005E+1
-2.050005E+1
-2.050005E+1
-2.050005E+1
-2.050005E+1
-2.050005E+1
-2.050005E+1
-2.050005E+1
-2.050005E+1
-2.050005E+1
-2.050005E+1
-2.050005E+1
-2.050005E+1
-2.050005E+1
-2.050005E+1
-2.050005E+1
-2.050005E+1
-2.050005E+1
-2.050005E+1
-2.050005E+1
-2.050005E+1
-2.050005E+1
-2.050005E+1
-2.050005E+1
-2.050005E+1
-2.050005E+1
-1.899477E+1
-2.050005E+1
-2.050005E+1
-2.050005E+1
-2.050005E+1
-2.050005E+1
-2.050005E+1
-2.050005E+1
-2.050005E+1
-2.050005E+1
-2.050005E+1
-2.050005E+1
-2.050005E+1
-2.050005E+1
-1.434663E+1
-1.260027E+1
-1.153746E+1
-1.075248E+1
-1.013949E+1
-9.692608E+0
-9.358918E+0
-9.163408E+0
-9.070798E+0
-9.094318E+0
-9.222208E+0
-9.451528E+0
-9.783748E+0
-1.021446E+1
-1.075248E+1
-1.140222E+1
-1.223277E+1
-1.326324E+1
-1.493022E+1
-2.050005E+1
-2.050005E+1
-2.050005E+1
-2.050005E+1
-2.050005E+1
-2.050005E+1
-2.050005E+1
-2.050005E+1
-2.050005E+1
-1.447893E+1
-1.277961E+1
-1.187850E+1
-1.130520E+1
-1.095681E+1
-1.077747E+1
-1.072749E+1
-1.085244E+1
-1.112439E+1
-1.157274E+1
-1.218573E+1
-1.297365E+1
-1.399383E+1
-1.510368E+1
-1.549911E+1
-1.493022E+1
-1.378803E+1
-1.277961E+1
-1.200492E+1
-1.140222E+1
-1.095681E+1
-1.063341E+1
-1.039380E+1
-1.025268E+1
-1.019535E+1
-1.021446E+1
-1.029237E+1
-1.045554E+1
-1.070397E+1
-1.106706E+1
-1.157274E+1
-1.228275E+1
-1.326324E+1
-1.493022E+1
-2.050005E+1
-2.050005E+1
-2.050005E+1
-2.050005E+1
-2.050005E+1
-2.050005E+1
-2.050005E+1
-2.050005E+1
-2.050005E+1
-2.050005E+1
-2.050005E+1
-2.050005E+1
-2.050005E+1
-2.050005E+1
-2.050005E+1
-2.050005E+1
-2.050005E+1
-2.050005E+1
-2.050005E+1
-2.050005E+1
-2.050005E+1
-2.050005E+1
-2.050005E+1
-2.050005E+1
-2.050005E+1
-2.050005E+1
-2.050005E+1
-2.050005E+1
-1.297365E+1
-1.115379E+1
-1.013949E+1
-9.492688E+0
-9.048748E+0
-8.757688E+0
-8.579818E+0
-8.482798E+0
-8.466628E+0
-8.509258E+0
-8.607748E+0
-8.757688E+0
-8.950258E+0
-9.198688E+0
-9.492688E+0
-9.816088E+0
-1.019535E+1
-1.058784E+1
-1.101120E+1
-1.136841E+1
-1.164477E+1
-1.179765E+1
-1.179765E+1
-1.168152E+1
-1.143456E+1
-1.118319E+1
-1.093035E+1
-1.075248E+1
-1.063341E+1
-1.054374E+1
-1.054374E+1
-1.058784E+1
-1.070397E+1
-1.087743E+1
-1.109499E+1
-1.143456E+1
-1.187850E+1
-1.254441E+1
-1.369101E+1
-1.627380E+1
-2.050005E+1
-2.050005E+1
-2.050005E+1
-2.050005E+1
-2.050005E+1
-2.050005E+1
-2.050005E+1
-2.050005E+1
-2.050005E+1
-2.050005E+1
-2.050005E+1
-2.050005E+1
-2.050005E+1
-2.050005E+1
-2.050005E+1
-2.050005E+1
-2.050005E+1
-2.050005E+1
-2.050005E+1
-2.050005E+1
-2.050005E+1
-2.050005E+1
-2.050005E+1
-2.050005E+1
-2.050005E+1
-2.050005E+1
-2.050005E+1
-2.050005E+1
-1.422315E+1
-1.243563E+1
-1.140222E+1
-1.068045E+1
-1.019535E+1
-9.879298E+0
-9.722008E+0
-9.722008E+0
-9.863128E+0
-1.021446E+1
-1.080099E+1
-1.179765E+1
-1.369101E+1
-2.050005E+1
-2.050005E+1
-2.050005E+1
-2.050005E+1
-2.050005E+1
-2.050005E+1
-1.700439E+1
-1.334262E+1
-1.213869E+1
-1.146837E+1
-1.112439E+1
-1.098327E+1
-1.095681E+1
-1.109499E+1
-1.130520E+1
-1.164477E+1
-1.209312E+1
-1.265907E+1
-1.342494E+1
-1.447893E+1
-1.700439E+1
-2.050005E+1
-2.050005E+1
-2.050005E+1
-2.050005E+1
-2.050005E+1
-2.050005E+1
-2.050005E+1
-2.050005E+1
-2.050005E+1
-2.050005E+1
-2.050005E+1
-2.050005E+1
-2.050005E+1
-2.050005E+1
-2.050005E+1
-2.050005E+1
-2.050005E+1
-1.493022E+1
-1.351020E+1
-1.297365E+1
-1.277961E+1
-1.271787E+1
-1.271787E+1
-1.271787E+1
-1.265907E+1
-1.243563E+1
-1.209312E+1
-1.157274E+1
-1.106706E+1
-1.056579E+1
-1.013949E+1
-9.752878E+0
-9.464758E+0
-9.258958E+0
-9.139888E+0
-9.104608E+0
-9.163408E+0
-9.295708E+0
-9.519148E+0
-9.830788E+0
-1.023357E+1
-1.068045E+1
-1.121259E+1
-1.171974E+1
-1.213869E+1
-1.243563E+1
-1.254441E+1
-1.243563E+1
-1.228275E+1
-1.213869E+1
-1.200492E+1
-1.196082E+1
-1.200492E+1
-1.223277E+1
-1.265907E+1
-1.359840E+1
-1.627380E+1
-2.050005E+1
-2.050005E+1
-2.050005E+1
-2.050005E+1
-2.050005E+1
-2.050005E+1
-2.050005E+1
-2.050005E+1
-2.050005E+1
-2.050005E+1
-2.050005E+1
-2.050005E+1
-2.050005E+1
-2.050005E+1
-2.050005E+1
-2.050005E+1
-2.050005E+1
-2.050005E+1
-1.410555E+1
-1.196082E+1
-1.109499E+1
-1.070397E+1
-1.058784E+1
-1.070397E+1
-1.106706E+1
-1.171974E+1
-1.304274E+1
-1.700439E+1
-2.050005E+1
-2.050005E+1
-2.050005E+1
-2.050005E+1
-2.050005E+1
-2.050005E+1
-2.050005E+1
-2.050005E+1
-2.050005E+1
-2.050005E+1
-2.050005E+1
-2.050005E+1
-2.050005E+1
-2.050005E+1
-2.050005E+1
-2.050005E+1
-2.050005E+1
-2.050005E+1
-2.050005E+1
-2.050005E+1
-2.050005E+1
-2.050005E+1
-2.050005E+1
-2.050005E+1
-2.050005E+1
-2.050005E+1
-2.050005E+1
-1.311330E+1
-1.143456E+1
-1.045554E+1
-9.846958E+0
-9.451528E+0
-9.222208E+0
-9.128128E+0
-9.128128E+0
-9.210448E+0
-9.372148E+0
-9.589708E+0
-9.830788E+0
-1.008510E+1
-1.033206E+1
-1.058784E+1
-1.082745E+1
-1.103913E+1
-1.127433E+1
-1.146837E+1
-1.164477E+1
-1.183734E+1
-1.196082E+1
-1.200492E+1
-1.204902E+1
-1.200492E+1
-1.196082E+1
-1.183734E+1
-1.171974E+1
-1.164477E+1
-1.160802E+1
-1.157274E+1
-1.160802E+1
-1.171974E+1
-1.191966E+1
-1.228275E+1
-1.277961E+1
-1.359840E+1
-1.529331E+1
-2.050005E+1
-2.050005E+1
-2.050005E+1
-2.050005E+1
-2.050005E+1
-2.050005E+1
-2.050005E+1
-2.050005E+1
-2.050005E+1
-2.050005E+1
-2.050005E+1
-2.050005E+1
-2.050005E+1
-2.050005E+1
-2.050005E+1
-2.050005E+1
-2.050005E+1
-1.359840E+1
-1.196082E+1
-1.103913E+1
-1.043496E+1
-1.003218E+1
-9.738178E+0
-9.519148E+0
-9.398608E+0
-9.358918E+0
-9.411838E+0
-9.561778E+0
-9.830788E+0
-1.029237E+1
-1.109499E+1
-1.265907E+1
-2.050005E+1
-2.050005E+1
-2.050005E+1
-2.050005E+1
-2.050005E+1
-2.050005E+1
-2.050005E+1
-2.050005E+1
-2.050005E+1
-2.050005E+1
-2.050005E+1
-2.050005E+1
-2.050005E+1
-2.050005E+1
-2.050005E+1
-2.050005E+1
-2.050005E+1
-2.050005E+1
-2.050005E+1
-2.050005E+1
-2.050005E+1
-2.050005E+1
-2.050005E+1
-2.050005E+1
-2.050005E+1
-2.050005E+1
-2.050005E+1
-2.050005E+1
-2.050005E+1
-2.050005E+1
-2.050005E+1
-2.050005E+1
-2.050005E+1
-1.660896E+1
-1.351020E+1
-1.233273E+1
-1.168152E+1
-1.124346E+1
-1.095681E+1
-1.080099E+1
-1.070397E+1
-1.072749E+1
-1.082745E+1
-1.106706E+1
-1.150218E+1
-1.228275E+1
-1.369101E+1
-1.899477E+1
-2.050005E+1
-2.050005E+1
-2.050005E+1
-2.050005E+1
-2.050005E+1
-1.334262E+1
-1.168152E+1
-1.075248E+1
-1.019535E+1
-9.929278E+0
-9.863128E+0
-9.980728E+0
-1.029237E+1
-1.082745E+1
-1.157274E+1
-1.265907E+1
-1.422315E+1
-1.700439E+1
-2.050005E+1
-2.050005E+1
-2.050005E+1
-2.050005E+1
-2.050005E+1
-2.050005E+1
-2.050005E+1
-2.050005E+1
-2.050005E+1
-2.050005E+1
-2.050005E+1
-2.050005E+1
-2.050005E+1
-2.050005E+1
-2.050005E+1
-2.050005E+1
-2.050005E+1
-2.050005E+1
-1.399383E+1
-1.233273E+1
-1.146837E+1
-1.093035E+1
-1.060989E+1
-1.041438E+1
-1.033206E+1
-1.035264E+1
-1.039380E+1
-1.045554E+1
-1.043496E+1
-1.029237E+1
-1.001454E+1
-9.663208E+0
-9.272188E+0
-8.888518E+0
-8.553358E+0
-8.287288E+0
-8.084428E+0
-7.972708E+0
-7.946248E+0
-8.007988E+0
-8.179978E+0
-8.457808E+0
-8.888518E+0
-9.505918E+0
-1.041438E+1
-1.191966E+1
-1.660896E+1
-2.050005E+1
-2.050005E+1
-2.050005E+1
-2.050005E+1
-2.050005E+1
-2.050005E+1
-2.050005E+1
-2.050005E+1
-2.050005E+1
-2.050005E+1
-2.050005E+1
-1.899477E+1
-1.434663E+1
-1.326324E+1
-1.284135E+1
-1.290750E+1
-1.342494E+1
-1.510368E+1
-2.050005E+1
-2.050005E+1
-2.050005E+1
-2.050005E+1
-2.050005E+1
-2.050005E+1
-2.050005E+1
-2.050005E+1
-2.050005E+1
-2.050005E+1
-2.050005E+1
-2.050005E+1
-1.422315E+1
-1.260027E+1
-1.183734E+1
-1.140222E+1
-1.112439E+1
-1.087743E+1
-1.063341E+1
-1.035264E+1
-1.006746E+1
-9.783748E+0
-9.547078E+0
-9.358918E+0
-9.247198E+0
-9.222208E+0
-9.283948E+0
-9.425068E+0
-9.633808E+0
-9.896938E+0
-1.019535E+1
-1.047759E+1
-1.070397E+1
-1.082745E+1
-1.090389E+1
-1.090389E+1
-1.093035E+1
-1.101120E+1
-1.112439E+1
-1.130520E+1
-1.150218E+1
-1.168152E+1
-1.171974E+1
-1.150218E+1
-1.109499E+1
-1.060989E+1
-1.010274E+1
-9.677908E+0
-9.322168E+0
-9.070798E+0
-8.939968E+0
-8.929678E+0
-9.070798E+0
-9.358918E+0
-9.879298E+0
-1.075248E+1
-1.248855E+1
-2.050005E+1
-2.050005E+1
-2.050005E+1
-2.050005E+1
-2.050005E+1
-2.050005E+1
-2.050005E+1
-2.050005E+1
-2.050005E+1
-2.050005E+1
-2.050005E+1
-2.050005E+1
-2.050005E+1
-1.572843E+1
-1.318680E+1
-1.218573E+1
-1.160802E+1
-1.124346E+1
-1.103913E+1
-1.093035E+1
-1.087743E+1
-1.087743E+1
-1.090389E+1
-1.098327E+1
-1.112439E+1
-1.136841E+1
-1.183734E+1
-1.271787E+1
-1.493022E+1
-2.050005E+1
-2.050005E+1
-2.050005E+1
-2.050005E+1
-2.050005E+1
-2.050005E+1
-2.050005E+1
-2.050005E+1
-2.050005E+1
-2.050005E+1
-2.050005E+1
-2.050005E+1
-2.050005E+1
-2.050005E+1
-2.050005E+1
-2.050005E+1
-2.050005E+1
-2.050005E+1
-2.050005E+1
-2.050005E+1
-2.050005E+1
-2.050005E+1
-2.050005E+1
-2.050005E+1
-2.050005E+1
-2.050005E+1
-2.050005E+1
-2.050005E+1
-2.050005E+1
-2.050005E+1
-2.050005E+1
-2.050005E+1
-2.050005E+1
-2.050005E+1
-2.050005E+1
-1.351020E+1
-1.191966E+1
-1.118319E+1
-1.087743E+1
-1.087743E+1
-1.118319E+1
-1.191966E+1
-1.351020E+1
-2.050005E+1
-2.050005E+1
-2.050005E+1
-2.050005E+1
-2.050005E+1
-2.050005E+1
-2.050005E+1
-2.050005E+1
-2.050005E+1
-2.050005E+1
-1.529331E+1
-1.342494E+1
-1.284135E+1
-1.265907E+1
-1.290750E+1
-1.351020E+1
-1.510368E+1
-2.050005E+1
-2.050005E+1
-2.050005E+1
-2.050005E+1
-2.050005E+1
-2.050005E+1
-2.050005E+1
-2.050005E+1
-2.050005E+1
-2.050005E+1
-2.050005E+1
-2.050005E+1
-2.050005E+1
-2.050005E+1
-2.050005E+1
-2.050005E+1
-2.050005E+1
-2.050005E+1
-2.050005E+1
-2.050005E+1
-2.050005E+1
-2.050005E+1
-2.050005E+1
-2.050005E+1
-2.050005E+1
-2.050005E+1
-2.050005E+1
-1.461858E+1
-1.311330E+1
-1.248855E+1
-1.228275E+1
-1.233273E+1
-1.277961E+1
-1.351020E+1
-1.510368E+1
-2.050005E+1
-2.050005E+1
-2.050005E+1
-2.050005E+1
-2.050005E+1
-2.050005E+1
-2.050005E+1
-2.050005E+1
-2.050005E+1
-2.050005E+1
-2.050005E+1
-2.050005E+1
-2.050005E+1
-2.050005E+1
-2.050005E+1
-2.050005E+1
-2.050005E+1
-2.050005E+1
-1.388799E+1
-1.213869E+1
-1.146837E+1
-1.121259E+1
-1.133607E+1
-1.187850E+1
-1.342494E+1
-2.050005E+1
-2.050005E+1
-2.050005E+1
-2.050005E+1
-2.050005E+1
-2.050005E+1
-2.050005E+1
-2.050005E+1
-2.050005E+1
-2.050005E+1
-2.050005E+1
-2.050005E+1
-2.050005E+1
-2.050005E+1
-2.050005E+1
-2.050005E+1
-2.050005E+1
-2.050005E+1
-2.050005E+1
-2.050005E+1
-2.050005E+1
-2.050005E+1
-2.050005E+1
-2.050005E+1
-2.050005E+1
-1.748949E+1
-1.660896E+1
-1.899477E+1
-2.050005E+1
-2.050005E+1
-2.050005E+1
-2.050005E+1
-2.050005E+1
-2.050005E+1
-1.369101E+1
-1.200492E+1
-1.098327E+1
-1.031148E+1
-9.816088E+0
-9.464758E+0
-9.186928E+0
-8.994358E+0
-8.837068E+0
-8.709178E+0
-8.607748E+0
-8.544538E+0
-8.544538E+0
-8.634208E+0
-8.816488E+0
-9.139888E+0
-9.648508E+0
-1.043496E+1
-1.175796E+1
-1.493022E+1
-2.050005E+1
-2.050005E+1
-2.050005E+1
-2.050005E+1
-2.050005E+1
-2.050005E+1
-2.050005E+1
-2.050005E+1
-2.050005E+1
-2.050005E+1
-2.050005E+1
-2.050005E+1
-2.050005E+1
-2.050005E+1
-2.050005E+1
-2.050005E+1
-2.050005E+1
-2.050005E+1
-2.050005E+1
-2.050005E+1
-2.050005E+1
-1.598421E+1
-1.388799E+1
-1.265907E+1
-1.179765E+1
-1.124346E+1
-1.090389E+1
-1.070397E+1
-1.070397E+1
-1.082745E+1
-1.106706E+1
-1.146837E+1
-1.200492E+1
-1.265907E+1
-1.351020E+1
-1.447893E+1
-1.549911E+1
-1.572843E+1
-1.529331E+1
-1.461858E+1
-1.388799E+1
-1.326324E+1
-1.284135E+1
-1.254441E+1
-1.238271E+1
-1.223277E+1
-1.213869E+1
-1.191966E+1
-1.160802E+1
-1.124346E+1
-1.085244E+1
-1.045554E+1
-1.010274E+1
-9.830788E+0
-9.648508E+0
-9.547078E+0
-9.533848E+0
-9.633808E+0
-9.863128E+0
-1.027326E+1
-1.095681E+1
-1.218573E+1
-1.700439E+1
-2.050005E+1
-2.050005E+1
-2.050005E+1
-2.050005E+1
-2.050005E+1
-2.050005E+1
-2.050005E+1
-2.050005E+1
-2.050005E+1
-2.050005E+1
-2.050005E+1
-2.050005E+1
-2.050005E+1
-2.050005E+1
-2.050005E+1
-1.660896E+1
-1.351020E+1
-1.223277E+1
-1.146837E+1
-1.098327E+1
-1.065693E+1
-1.045554E+1
-1.033206E+1
-1.027326E+1
-1.023357E+1
-1.017624E+1
-1.008510E+1
-9.946918E+0
-9.783748E+0
-9.633808E+0
-9.505918E+0
-9.451528E+0
-9.477988E+0
-9.619108E+0
-9.896938E+0
-1.033206E+1
-1.101120E+1
-1.209312E+1
-1.422315E+1
-2.050005E+1
-2.050005E+1
-2.050005E+1
-2.050005E+1
-2.050005E+1
-2.050005E+1
-2.050005E+1
-1.311330E+1
-1.150218E+1
-1.054374E+1
-9.896938E+0
-9.451528E+0
-9.163408E+0
-9.004648E+0
-8.982598E+0
-9.104608E+0
-9.385378E+0
-9.896938E+0
-1.077747E+1
-1.260027E+1
-2.050005E+1
-2.050005E+1
-2.050005E+1
-2.050005E+1
-2.050005E+1
-2.050005E+1
-2.050005E+1
-2.050005E+1
-2.050005E+1
-2.050005E+1
-2.050005E+1
-2.050005E+1
-2.050005E+1
-1.493022E+1
-1.311330E+1
-1.248855E+1
-1.228275E+1
-1.228275E+1
-1.228275E+1
-1.218573E+1
-1.196082E+1
-1.153746E+1
-1.103913E+1
-1.054374E+1
-1.012185E+1
-9.752878E+0
-9.464758E+0
-9.247198E+0
-9.060508E+0
-8.929678E+0
-8.816488E+0
-8.747398E+0
-8.700358E+0
-8.690068E+0
-8.728288E+0
-8.806198E+0
-8.929678E+0
-9.116368E+0
-9.333928E+0
-9.589708E+0
-9.863128E+0
-1.015860E+1
-1.047759E+1
-1.085244E+1
-1.133607E+1
-1.204902E+1
-1.318680E+1
-1.598421E+1
-2.050005E+1
-2.050005E+1
-2.050005E+1
-2.050005E+1
-2.050005E+1
-2.050005E+1
-2.050005E+1
-2.050005E+1
-2.050005E+1
-2.050005E+1
-2.050005E+1
-2.050005E+1
-2.050005E+1
-2.050005E+1
-2.050005E+1
-2.050005E+1
-2.050005E+1
-2.050005E+1
-2.050005E+1
-2.050005E+1
-2.050005E+1
-2.050005E+1
-2.050005E+1
-2.050005E+1
-2.050005E+1
-2.050005E+1
-2.050005E+1
-2.050005E+1
-2.050005E+1
-2.050005E+1
-2.050005E+1
-2.050005E+1
-1.549911E+1
-1.284135E+1
-1.175796E+1
-1.118319E+1
-1.077747E+1
-1.047759E+1
-1.027326E+1
-1.010274E+1
-9.963088E+0
-9.846958E+0
-9.769048E+0
-9.738178E+0
-9.769048E+0
-9.863128E+0
-1.001454E+1
-1.029237E+1
-1.070397E+1
-1.136841E+1
-1.254441E+1
-1.549911E+1
-2.050005E+1
-2.050005E+1
-2.050005E+1
-2.050005E+1
-2.050005E+1
-2.050005E+1
-2.050005E+1
-2.050005E+1
-2.050005E+1
-2.050005E+1
-2.050005E+1
-2.050005E+1
-2.050005E+1
-2.050005E+1
-2.050005E+1
-2.050005E+1
-2.050005E+1
-2.050005E+1
-1.434663E+1
-1.233273E+1
-1.130520E+1
-1.068045E+1
-1.025268E+1
-9.996898E+0
-9.863128E+0
-9.830788E+0
-9.879298E+0
-9.980728E+0
-1.010274E+1
-1.017624E+1
-1.017624E+1
-1.004982E+1
-9.846958E+0
-9.589708E+0
-9.333928E+0
-9.116368E+0
-8.962018E+0
-8.888518E+0
-8.888518E+0
-8.962018E+0
-9.116368E+0
-9.347158E+0
-9.648508E+0
-1.003218E+1
-1.047759E+1
-1.098327E+1
-1.157274E+1
-1.209312E+1
-1.243563E+1
-1.243563E+1
-1.204902E+1
-1.150218E+1
-1.095681E+1
-1.045554E+1
-1.008510E+1
-9.816088E+0
-9.663208E+0
-9.619108E+0
-9.648508E+0
-9.752878E+0
-9.879298E+0
-9.996898E+0
-1.004982E+1
-9.996898E+0
-9.816088E+0
-9.533848E+0
-9.210448E+0
-8.898808E+0
-8.634208E+0
-8.432818E+0
-8.301988E+0
-8.263768E+0
-8.318158E+0
-8.466628E+0
-8.719468E+0
-9.082558E+0
-9.561778E+0
-1.017624E+1
-1.098327E+1
-1.209312E+1
-1.378803E+1
-2.050005E+1
-2.050005E+1
-2.050005E+1
-2.050005E+1
-2.050005E+1
-2.050005E+1
-2.050005E+1
-2.050005E+1
-2.050005E+1
-2.050005E+1
-2.050005E+1
-2.050005E+1
-2.050005E+1
-2.050005E+1
-2.050005E+1
-2.050005E+1
-2.050005E+1
-2.050005E+1
-2.050005E+1
-2.050005E+1
-2.050005E+1
-2.050005E+1
-2.050005E+1
-1.447893E+1
-1.284135E+1
-1.213869E+1
-1.179765E+1
-1.171974E+1
-1.187850E+1
-1.223277E+1
-1.290750E+1
-1.410555E+1
-1.811424E+1
-2.050005E+1
-2.050005E+1
-2.050005E+1
-2.050005E+1
-2.050005E+1
-2.050005E+1
-2.050005E+1
-2.050005E+1
-2.050005E+1
-2.050005E+1
-2.050005E+1
-2.050005E+1
-2.050005E+1
-2.050005E+1
-2.050005E+1
-2.050005E+1
-2.050005E+1
-2.050005E+1
-2.050005E+1
-2.050005E+1
-2.050005E+1
-2.050005E+1
-1.598421E+1
-1.359840E+1
-1.271787E+1
-1.228275E+1
-1.223277E+1
-1.254441E+1
-1.342494E+1
-1.598421E+1
-2.050005E+1
-2.050005E+1
-2.050005E+1
-2.050005E+1
-2.050005E+1
-2.050005E+1
-2.050005E+1
-2.050005E+1
-2.050005E+1
-2.050005E+1
-2.050005E+1
-2.050005E+1
-1.461858E+1
-1.297365E+1
-1.218573E+1
-1.168152E+1
-1.140222E+1
-1.118319E+1
-1.103913E+1
-1.090389E+1
-1.077747E+1
-1.063341E+1
-1.054374E+1
-1.049964E+1
-1.056579E+1
-1.077747E+1
-1.118319E+1
-1.200492E+1
-1.399383E+1
-2.050005E+1
-2.050005E+1
-2.050005E+1
-2.050005E+1
-2.050005E+1
-2.050005E+1
-2.050005E+1
-2.050005E+1
-2.050005E+1
-2.050005E+1
-2.050005E+1
-2.050005E+1
-2.050005E+1
-2.050005E+1
-2.050005E+1
-2.050005E+1
-2.050005E+1
-2.050005E+1
-2.050005E+1
-2.050005E+1
-2.050005E+1
-2.050005E+1
-2.050005E+1
-2.050005E+1
-2.050005E+1
-2.050005E+1
-2.050005E+1
-2.050005E+1
-2.050005E+1
-2.050005E+1
-2.050005E+1
-2.050005E+1
-2.050005E+1
-2.050005E+1
-2.050005E+1
-2.050005E+1
-2.050005E+1
-2.050005E+1
-2.050005E+1
-2.050005E+1
-1.461858E+1
-1.146837E+1
-1.035264E+1
-9.692608E+0
-9.258958E+0
-8.994358E+0
-8.837068E+0
-8.797378E+0
-8.857648E+0
-9.016408E+0
-9.283948E+0
-9.663208E+0
-1.017624E+1
-1.082745E+1
-1.168152E+1
-1.271787E+1
-1.410555E+1
-1.598421E+1
-1.811424E+1
-1.748949E+1
-1.549911E+1
-1.369101E+1
-1.248855E+1
-1.157274E+1
-1.093035E+1
-1.049964E+1
-1.025268E+1
-1.021446E+1
-1.037322E+1
-1.085244E+1
