Date/Time	2022-06-21 20:03:01
Line location	1
Line name	A1
OTDR wavelength [nm]	1310
OTDR pulse duration [ns]	2
OTDR scan time [s]	10
OTDR scan length [m]	1.500000E+2
Length offset [m]	0.000000E+0
Length increment [m]	3.996806E-2
Switch ID	VIAVI Solutions,OTU 8000E,11654,FO,16.76
OTDR ID	JDSU,OTU 8000E,11654,OTU(SmartOTU),V7.22

Reflected amplitude [dB]
7.179320E-1
7.164620E-1
7.032320E-1
6.606020E-1
5.988620E-1
5.371220E-1
4.827320E-1
4.371620E-1
4.033520E-1
3.813020E-1
3.724820E-1
3.857120E-1
4.209920E-1
4.650920E-1
5.091920E-1
5.459420E-1
5.768120E-1
5.973920E-1
6.091520E-1
6.106220E-1
6.003320E-1
5.738720E-1
5.253620E-1
4.577420E-1
3.798320E-1
2.945720E-1
2.049020E-1
1.152320E-1
3.438200E-2
-3.764800E-2
-9.938800E-2
-1.537780E-1
-2.008180E-1
-2.405080E-1
-2.757880E-1
-3.066580E-1
-3.331180E-1
-3.551680E-1
-3.742780E-1
-3.889780E-1
-4.022080E-1
-4.110280E-1
-4.183780E-1
-4.242580E-1
-4.286680E-1
-4.316080E-1
-4.345480E-1
-4.389580E-1
-4.433680E-1
-4.507180E-1
-4.595380E-1
-4.712980E-1
-4.845280E-1
-5.006980E-1
-5.183380E-1
-5.359780E-1
-5.550880E-1
-5.741980E-1
-5.918380E-1
-6.094780E-1
-6.256480E-1
-6.418180E-1
-6.550480E-1
-6.682780E-1
-6.800380E-1
-6.903280E-1
-6.991480E-1
-7.050280E-1
-7.109080E-1
-7.123780E-1
-7.123780E-1
-7.109080E-1
-7.064980E-1
-6.991480E-1
-6.903280E-1
-6.800380E-1
-6.697480E-1
-6.594580E-1
-6.506380E-1
-6.432880E-1
-6.374080E-1
-6.359380E-1
-6.359380E-1
-6.388780E-1
-6.447580E-1
-6.550480E-1
-6.668080E-1
-6.800380E-1
-6.947380E-1
-7.094380E-1
-7.226680E-1
-7.358980E-1
-7.461880E-1
-7.535380E-1
-7.594180E-1
-7.608880E-1
-7.594180E-1
-7.550080E-1
-7.476580E-1
-7.403080E-1
-7.314880E-1
-7.241380E-1
-7.167880E-1
-7.109080E-1
-7.064980E-1
-7.020880E-1
-6.991480E-1
-6.962080E-1
-6.932680E-1
-6.888580E-1
-6.844480E-1
-6.800380E-1
-6.770980E-1
-6.741580E-1
-6.741580E-1
-6.770980E-1
-6.829780E-1
-6.917980E-1
-7.020880E-1
-7.138480E-1
-7.241380E-1
-7.344280E-1
-7.417780E-1
-7.461880E-1
-7.476580E-1
-7.461880E-1
-7.417780E-1
-7.358980E-1
-7.300180E-1
-7.256080E-1
-7.197280E-1
-7.167880E-1
-7.138480E-1
-7.123780E-1
-7.123780E-1
-7.138480E-1
-7.167880E-1
-7.211980E-1
-7.256080E-1
-7.300180E-1
-7.344280E-1
-7.388380E-1
-7.417780E-1
-7.432480E-1
-7.432480E-1
-6.462280E-1
-2.066980E-1
6.841220E-1
1.827782E+0
2.989082E+0
4.051892E+0
4.967702E+0
5.735042E+0
6.378902E+0
6.916922E+0
7.360862E+0
7.716602E+0
7.990022E+0
8.185532E+0
8.311952E+0
8.375162E+0
8.379572E+0
8.329592E+0
8.229632E+0
8.076752E+0
7.876832E+0
7.628402E+0
7.335872E+0
7.002182E+0
6.627332E+0
6.214262E+0
5.770322E+0
5.299922E+0
4.810412E+0
4.312082E+0
3.810812E+0
3.318362E+0
2.849432E+0
2.420192E+0
2.039462E+0
1.713122E+0
1.442642E+0
1.222142E+0
1.036922E+0
8.678720E-1
7.017620E-1
5.297720E-1
3.563120E-1
1.916720E-1
3.438200E-2
-1.126180E-1
-2.405080E-1
-3.507580E-1
-4.418980E-1
-5.168680E-1
-5.771380E-1
-6.256480E-1
-6.653380E-1
-6.947380E-1
-7.182580E-1
-7.358980E-1
-7.491280E-1
-7.594180E-1
-7.682380E-1
-7.755880E-1
-7.829380E-1
-7.888180E-1
-7.946980E-1
-8.005780E-1
-8.049880E-1
-8.093980E-1
-8.123380E-1
-8.152780E-1
-8.182180E-1
-8.196880E-1
-8.211580E-1
-8.211580E-1
-8.196880E-1
-8.167480E-1
-8.138080E-1
-8.093980E-1
-8.064580E-1
-8.020480E-1
-7.976380E-1
-7.946980E-1
-7.932280E-1
-7.917580E-1
-7.917580E-1
-7.932280E-1
-7.946980E-1
-7.976380E-1
-8.020480E-1
-8.064580E-1
-8.138080E-1
-8.226280E-1
-8.329180E-1
-8.446780E-1
-8.564380E-1
-8.696680E-1
-8.799580E-1
-8.902480E-1
-8.990680E-1
-9.049480E-1
-9.093580E-1
-9.122980E-1
-9.152380E-1
-9.167080E-1
-9.167080E-1
-9.181780E-1
-9.196480E-1
-9.196480E-1
-9.196480E-1
-9.167080E-1
-9.122980E-1
-9.078880E-1
-9.020080E-1
-8.946580E-1
-8.887780E-1
-8.843680E-1
-8.814280E-1
-8.828980E-1
-8.873080E-1
-8.946580E-1
-9.049480E-1
-9.167080E-1
-9.284680E-1
-9.387580E-1
-9.461080E-1
-9.519880E-1
-9.534580E-1
-9.519880E-1
-9.475780E-1
-9.431680E-1
-9.358180E-1
-9.284680E-1
-9.211180E-1
-9.122980E-1
-9.034780E-1
-8.931880E-1
-8.799580E-1
-8.667280E-1
-8.520280E-1
-8.358580E-1
-8.196880E-1
-8.035180E-1
-7.888180E-1
-7.755880E-1
-7.638280E-1
-7.564780E-1
-7.520680E-1
-7.505980E-1
-7.520680E-1
-7.564780E-1
-7.638280E-1
-7.726480E-1
-7.829380E-1
-7.946980E-1
-8.064580E-1
-8.196880E-1
-8.299780E-1
-8.417380E-1
-8.505580E-1
-8.593780E-1
-8.652580E-1
-8.711380E-1
-8.726080E-1
-8.726080E-1
-8.711380E-1
-8.681980E-1
-8.652580E-1
-8.608480E-1
-8.564380E-1
-8.549680E-1
-8.534980E-1
-8.534980E-1
-8.549680E-1
-8.593780E-1
-8.637880E-1
-8.696680E-1
-8.740780E-1
-8.784880E-1
-8.814280E-1
-8.814280E-1
-8.784880E-1
-8.740780E-1
-8.667280E-1
-8.579080E-1
-8.476180E-1
-8.373280E-1
-8.285080E-1
-8.226280E-1
-8.182180E-1
-8.152780E-1
-8.138080E-1
-8.152780E-1
-8.182180E-1
-8.211580E-1
-8.226280E-1
-8.255680E-1
-8.270380E-1
-8.270380E-1
-8.255680E-1
-8.226280E-1
-8.182180E-1
-8.108680E-1
-8.020480E-1
-7.917580E-1
-7.799980E-1
-7.682380E-1
-7.564780E-1
-7.461880E-1
-7.388380E-1
-7.344280E-1
-7.358980E-1
-7.403080E-1
-7.476580E-1
-7.594180E-1
-7.726480E-1
-7.888180E-1
-8.049880E-1
-8.211580E-1
-8.358580E-1
-8.490880E-1
-8.593780E-1
-8.667280E-1
-8.711380E-1
-8.740780E-1
-8.726080E-1
-8.696680E-1
-8.667280E-1
-8.608480E-1
-8.564380E-1
-8.520280E-1
-8.505580E-1
-8.505580E-1
-8.520280E-1
-8.579080E-1
-8.652580E-1
-8.740780E-1
-8.858380E-1
-8.990680E-1
-9.108280E-1
-9.240580E-1
-9.358180E-1
-9.475780E-1
-9.563980E-1
-9.637480E-1
-9.681580E-1
-9.681580E-1
-9.666880E-1
-9.608080E-1
-9.505180E-1
-9.387580E-1
-9.255280E-1
-9.108280E-1
-8.946580E-1
-8.814280E-1
-8.681980E-1
-8.564380E-1
-8.461480E-1
-8.387980E-1
-8.343880E-1
-8.299780E-1
-8.285080E-1
-8.270380E-1
-8.240980E-1
-8.211580E-1
-8.167480E-1
-8.108680E-1
-8.020480E-1
-7.932280E-1
-7.829380E-1
-7.726480E-1
-7.638280E-1
-7.564780E-1
-7.491280E-1
-7.461880E-1
-7.432480E-1
-7.447180E-1
-7.476580E-1
-7.535380E-1
-7.623580E-1
-7.726480E-1
-7.829380E-1
-7.961680E-1
-8.093980E-1
-8.226280E-1
-8.358580E-1
-8.461480E-1
-8.564380E-1
-8.652580E-1
-8.711380E-1
-8.770180E-1
-8.828980E-1
-8.873080E-1
-8.917180E-1
-8.975980E-1
-9.034780E-1
-9.093580E-1
-9.152380E-1
-9.211180E-1
-9.269980E-1
-9.314080E-1
-9.358180E-1
-9.387580E-1
-9.416980E-1
-9.431680E-1
-9.431680E-1
-9.402280E-1
-9.358180E-1
-9.269980E-1
-9.167080E-1
-9.034780E-1
-8.902480E-1
-8.755480E-1
-8.623180E-1
-8.520280E-1
-8.446780E-1
-8.417380E-1
-8.402680E-1
-8.417380E-1
-8.446780E-1
-8.505580E-1
-8.549680E-1
-8.593780E-1
-8.623180E-1
-8.637880E-1
-8.623180E-1
-8.608480E-1
-8.564380E-1
-8.505580E-1
-8.432080E-1
-8.343880E-1
-8.270380E-1
-8.182180E-1
-8.108680E-1
-8.049880E-1
-8.005780E-1
-7.991080E-1
-7.991080E-1
-8.005780E-1
-8.020480E-1
-8.064580E-1
-8.093980E-1
-8.138080E-1
-8.167480E-1
-8.196880E-1
-8.226280E-1
-8.270380E-1
-8.314480E-1
-8.373280E-1
-8.461480E-1
-8.549680E-1
-8.667280E-1
-8.770180E-1
-8.887780E-1
-8.975980E-1
-9.064180E-1
-9.122980E-1
-9.152380E-1
-9.152380E-1
-9.152380E-1
-9.152380E-1
-9.152380E-1
-9.167080E-1
-9.181780E-1
-9.225880E-1
-9.255280E-1
-9.284680E-1
-9.314080E-1
-9.328780E-1
-9.328780E-1
-9.299380E-1
-9.269980E-1
-9.225880E-1
-9.167080E-1
-9.122980E-1
-9.049480E-1
-8.990680E-1
-8.917180E-1
-8.828980E-1
-8.755480E-1
-8.652580E-1
-8.564380E-1
-8.490880E-1
-8.402680E-1
-8.343880E-1
-8.299780E-1
-8.285080E-1
-8.285080E-1
-8.299780E-1
-8.329180E-1
-8.358580E-1
-8.402680E-1
-8.446780E-1
-8.490880E-1
-8.520280E-1
-8.549680E-1
-8.564380E-1
-8.564380E-1
-8.549680E-1
-8.520280E-1
-8.490880E-1
-8.446780E-1
-8.387980E-1
-8.329180E-1
-8.270380E-1
-8.226280E-1
-8.196880E-1
-8.182180E-1
-8.182180E-1
-8.196880E-1
-8.240980E-1
-8.299780E-1
-8.358580E-1
-8.432080E-1
-8.490880E-1
-8.549680E-1
-8.593780E-1
-8.608480E-1
-8.608480E-1
-8.579080E-1
-8.520280E-1
-8.461480E-1
-8.387980E-1
-8.314480E-1
-8.240980E-1
-8.182180E-1
-8.123380E-1
-8.093980E-1
-8.079280E-1
-8.093980E-1
-8.108680E-1
-8.138080E-1
-8.167480E-1
-8.196880E-1
-8.226280E-1
-8.240980E-1
-8.240980E-1
-8.226280E-1
-8.196880E-1
-8.182180E-1
-8.167480E-1
-8.167480E-1
-8.182180E-1
-8.226280E-1
-8.285080E-1
-8.373280E-1
-8.446780E-1
-8.534980E-1
-8.623180E-1
-8.696680E-1
-8.740780E-1
-8.770180E-1
-8.799580E-1
-8.799580E-1
-8.799580E-1
-8.784880E-1
-8.755480E-1
-8.726080E-1
-8.681980E-1
-8.637880E-1
-8.579080E-1
-8.534980E-1
-8.476180E-1
-8.432080E-1
-8.402680E-1
-8.387980E-1
-8.387980E-1
-8.387980E-1
-8.402680E-1
-8.432080E-1
-8.446780E-1
-8.476180E-1
-8.490880E-1
-8.505580E-1
-8.534980E-1
-8.564380E-1
-8.593780E-1
-8.623180E-1
-8.681980E-1
-8.726080E-1
-8.784880E-1
-8.828980E-1
-8.858380E-1
-8.887780E-1
-8.887780E-1
-8.887780E-1
-8.858380E-1
-8.828980E-1
-8.784880E-1
-8.755480E-1
-8.711380E-1
-8.667280E-1
-8.623180E-1
-8.564380E-1
-8.505580E-1
-8.446780E-1
-8.387980E-1
-8.329180E-1
-8.285080E-1
-8.255680E-1
-8.255680E-1
-8.255680E-1
-8.285080E-1
-8.314480E-1
-8.358580E-1
-8.387980E-1
-8.417380E-1
-8.432080E-1
-8.446780E-1
-8.432080E-1
-8.417380E-1
-8.387980E-1
-8.343880E-1
-8.285080E-1
-8.226280E-1
-8.182180E-1
-8.152780E-1
-8.123380E-1
-8.123380E-1
-8.123380E-1
-8.138080E-1
-8.167480E-1
-8.182180E-1
-8.196880E-1
-8.196880E-1
-8.196880E-1
-8.182180E-1
-8.152780E-1
-8.123380E-1
-8.108680E-1
-8.079280E-1
-8.079280E-1
-8.093980E-1
-8.108680E-1
-8.138080E-1
-8.182180E-1
-8.226280E-1
-8.270380E-1
-8.314480E-1
-8.343880E-1
-8.373280E-1
-8.402680E-1
-8.432080E-1
-8.461480E-1
-8.520280E-1
-8.579080E-1
-8.667280E-1
-8.755480E-1
-8.843680E-1
-8.931880E-1
-9.005380E-1
-9.078880E-1
-9.122980E-1
-9.152380E-1
-9.152380E-1
-9.137680E-1
-9.093580E-1
-9.049480E-1
-8.990680E-1
-8.931880E-1
-8.887780E-1
-8.843680E-1
-8.799580E-1
-8.784880E-1
-8.770180E-1
-8.740780E-1
-8.726080E-1
-8.696680E-1
-8.667280E-1
-8.623180E-1
-8.579080E-1
-8.520280E-1
-8.476180E-1
-8.432080E-1
-8.417380E-1
-8.402680E-1
-8.387980E-1
-8.402680E-1
-8.417380E-1
-8.432080E-1
-8.446780E-1
-8.446780E-1
-8.432080E-1
-8.417380E-1
-8.373280E-1
-8.343880E-1
-8.299780E-1
-8.270380E-1
-8.255680E-1
-8.255680E-1
-8.255680E-1
-8.285080E-1
-8.329180E-1
-8.358580E-1
-8.402680E-1
-8.432080E-1
-8.461480E-1
-8.490880E-1
-8.505580E-1
-8.520280E-1
-8.534980E-1
-8.549680E-1
-8.579080E-1
-8.608480E-1
-8.637880E-1
-8.681980E-1
-8.740780E-1
-8.799580E-1
-8.858380E-1
-8.931880E-1
-9.005380E-1
-9.049480E-1
-9.093580E-1
-9.108280E-1
-9.093580E-1
-9.064180E-1
-9.005380E-1
-8.917180E-1
-8.843680E-1
-8.755480E-1
-8.696680E-1
-8.652580E-1
-8.623180E-1
-8.623180E-1
-8.652580E-1
-8.696680E-1
-8.740780E-1
-8.784880E-1
-8.843680E-1
-8.902480E-1
-8.946580E-1
-9.005380E-1
-9.049480E-1
-9.093580E-1
-9.137680E-1
-9.167080E-1
-9.181780E-1
-9.181780E-1
-9.181780E-1
-9.152380E-1
-9.093580E-1
-9.034780E-1
-8.961280E-1
-8.873080E-1
-8.799580E-1
-8.726080E-1
-8.681980E-1
-8.652580E-1
-8.652580E-1
-8.681980E-1
-8.726080E-1
-8.770180E-1
-8.814280E-1
-8.858380E-1
-8.873080E-1
-8.887780E-1
-8.873080E-1
-8.843680E-1
-8.814280E-1
-8.770180E-1
-8.726080E-1
-8.696680E-1
-8.667280E-1
-8.637880E-1
-8.593780E-1
-8.564380E-1
-8.520280E-1
-8.461480E-1
-8.402680E-1
-8.329180E-1
-8.255680E-1
-8.196880E-1
-8.138080E-1
-8.108680E-1
-8.108680E-1
-8.123380E-1
-8.167480E-1
-8.226280E-1
-8.299780E-1
-8.373280E-1
-8.432080E-1
-8.476180E-1
-8.490880E-1
-8.476180E-1
-8.446780E-1
-8.387980E-1
-8.329180E-1
-8.270380E-1
-8.211580E-1
-8.182180E-1
-8.152780E-1
-8.138080E-1
-8.152780E-1
-8.167480E-1
-8.196880E-1
-8.226280E-1
-8.255680E-1
-8.299780E-1
-8.343880E-1
-8.373280E-1
-8.432080E-1
-8.476180E-1
-8.549680E-1
-8.608480E-1
-8.696680E-1
-8.770180E-1
-8.843680E-1
-8.917180E-1
-8.975980E-1
-9.020080E-1
-9.049480E-1
-9.049480E-1
-9.020080E-1
-8.975980E-1
-8.917180E-1
-8.843680E-1
-8.770180E-1
-8.681980E-1
-8.608480E-1
-8.549680E-1
-8.505580E-1
-8.490880E-1
-8.505580E-1
-8.520280E-1
-8.564380E-1
-8.608480E-1
-8.623180E-1
-8.637880E-1
-8.637880E-1
-8.593780E-1
-8.534980E-1
-8.461480E-1
-8.373280E-1
-8.285080E-1
-8.211580E-1
-8.138080E-1
-8.108680E-1
-8.093980E-1
-8.108680E-1
-8.152780E-1
-8.211580E-1
-8.285080E-1
-8.373280E-1
-8.461480E-1
-8.520280E-1
-8.579080E-1
-8.593780E-1
-8.593780E-1
-8.549680E-1
-8.490880E-1
-8.432080E-1
-8.373280E-1
-8.329180E-1
-8.299780E-1
-8.285080E-1
-8.299780E-1
-8.329180E-1
-8.387980E-1
-8.446780E-1
-8.505580E-1
-8.564380E-1
-8.623180E-1
-8.681980E-1
-8.726080E-1
-8.770180E-1
-8.799580E-1
-8.828980E-1
-8.828980E-1
-8.814280E-1
-8.784880E-1
-8.755480E-1
-8.711380E-1
-8.667280E-1
-8.623180E-1
-8.593780E-1
-8.564380E-1
-8.564380E-1
-8.549680E-1
-8.534980E-1
-8.505580E-1
-8.476180E-1
-8.432080E-1
-8.373280E-1
-8.314480E-1
-8.270380E-1
-8.211580E-1
-8.182180E-1
-8.138080E-1
-8.108680E-1
-8.064580E-1
-8.020480E-1
-7.961680E-1
-7.902880E-1
-7.844080E-1
-7.799980E-1
-7.770580E-1
-7.755880E-1
-7.770580E-1
-7.814680E-1
-7.873480E-1
-7.961680E-1
-8.035180E-1
-8.123380E-1
-8.196880E-1
-8.255680E-1
-8.299780E-1
-8.329180E-1
-8.329180E-1
-8.329180E-1
-8.314480E-1
-8.285080E-1
-8.255680E-1
-8.226280E-1
-8.182180E-1
-8.152780E-1
-8.138080E-1
-8.123380E-1
-8.123380E-1
-8.138080E-1
-8.167480E-1
-8.211580E-1
-8.270380E-1
-8.329180E-1
-8.402680E-1
-8.461480E-1
-8.505580E-1
-8.564380E-1
-8.608480E-1
-8.652580E-1
-8.711380E-1
-8.755480E-1
-8.799580E-1
-8.858380E-1
-8.917180E-1
-8.961280E-1
-8.990680E-1
-9.020080E-1
-9.020080E-1
-9.005380E-1
-8.961280E-1
-8.917180E-1
-8.843680E-1
-8.784880E-1
-8.711380E-1
-8.652580E-1
-8.593780E-1
-8.549680E-1
-8.505580E-1
-8.476180E-1
-8.446780E-1
-8.432080E-1
-8.402680E-1
-8.387980E-1
-8.358580E-1
-8.343880E-1
-8.314480E-1
-8.299780E-1
-8.285080E-1
-8.270380E-1
-8.270380E-1
-8.270380E-1
-8.270380E-1
-8.285080E-1
-8.314480E-1
-8.358580E-1
-8.417380E-1
-8.476180E-1
-8.549680E-1
-8.608480E-1
-8.667280E-1
-8.711380E-1
-8.755480E-1
-8.770180E-1
-8.784880E-1
-8.799580E-1
-8.799580E-1
-8.814280E-1
-8.814280E-1
-8.843680E-1
-8.858380E-1
-8.887780E-1
-8.931880E-1
-8.990680E-1
-9.064180E-1
-9.152380E-1
-9.240580E-1
-9.343480E-1
-9.446380E-1
-9.534580E-1
-9.652180E-1
-9.755080E-1
-9.887380E-1
-1.001968E+0
-1.016668E+0
-1.035778E+0
-1.056358E+0
-1.079878E+0
-1.104868E+0
-1.132798E+0
-1.162198E+0
-1.193068E+0
-1.223938E+0
-1.254808E+0
-1.285678E+0
-1.315078E+0
-1.344478E+0
-1.372408E+0
-1.397398E+0
-1.420918E+0
-1.442968E+0
-1.463548E+0
-1.482658E+0
-1.500298E+0
-1.517938E+0
-1.534108E+0
-1.550278E+0
-1.566448E+0
-1.581148E+0
-1.595848E+0
-1.607608E+0
-1.616428E+0
-1.620838E+0
-1.623778E+0
-1.622308E+0
-1.619368E+0
-1.616428E+0
-1.612018E+0
-1.609078E+0
-1.607608E+0
-1.609078E+0
-1.612018E+0
-1.617898E+0
-1.623778E+0
-1.629658E+0
-1.635538E+0
-1.639948E+0
-1.641418E+0
-1.641418E+0
-1.637008E+0
-1.631128E+0
-1.622308E+0
-1.614958E+0
-1.606138E+0
-1.600258E+0
-1.598788E+0
-1.601728E+0
-1.610548E+0
-1.623778E+0
-1.642888E+0
-1.664938E+0
-1.688458E+0
-1.711978E+0
-1.731088E+0
-1.745788E+0
-1.753138E+0
-1.754608E+0
-1.750198E+0
-1.741378E+0
-1.729618E+0
-1.719328E+0
-1.709038E+0
-1.700218E+0
-1.692868E+0
-1.688458E+0
-1.684048E+0
-1.681108E+0
-1.679638E+0
-1.679638E+0
-1.679638E+0
-1.682578E+0
-1.686988E+0
-1.694338E+0
-1.700218E+0
-1.707568E+0
-1.713448E+0
-1.717858E+0
-1.719328E+0
-1.716388E+0
-1.710508E+0
-1.704628E+0
-1.697278E+0
-1.689928E+0
-1.685518E+0
-1.684048E+0
-1.685518E+0
-1.691398E+0
-1.701688E+0
-1.713448E+0
-1.728148E+0
-1.741378E+0
-1.751668E+0
-1.760488E+0
-1.763428E+0
-1.761958E+0
-1.757548E+0
-1.750198E+0
-1.739908E+0
-1.731088E+0
-1.722268E+0
-1.717858E+0
-1.714918E+0
-1.716388E+0
-1.722268E+0
-1.731088E+0
-1.745788E+0
-1.761958E+0
-1.779598E+0
-1.798708E+0
-1.816348E+0
-1.831048E+0
-1.841338E+0
-1.847218E+0
-1.845748E+0
-1.839868E+0
-1.828108E+0
-1.813408E+0
-1.795768E+0
-1.779598E+0
-1.763428E+0
-1.750198E+0
-1.741378E+0
-1.736968E+0
-1.736968E+0
-1.739908E+0
-1.748728E+0
-1.759018E+0
-1.772248E+0
-1.786948E+0
-1.801648E+0
-1.816348E+0
-1.828108E+0
-1.839868E+0
-1.847218E+0
-1.851628E+0
-1.853098E+0
-1.850158E+0
-1.844278E+0
-1.836928E+0
-1.831048E+0
-1.826638E+0
-1.825168E+0
-1.828108E+0
-1.832518E+0
-1.841338E+0
-1.850158E+0
-1.858978E+0
-1.863388E+0
-1.866328E+0
-1.866328E+0
-1.861918E+0
-1.856038E+0
-1.851628E+0
-1.848688E+0
-1.848688E+0
-1.851628E+0
-1.860448E+0
-1.870738E+0
-1.885438E+0
-1.898668E+0
-1.913368E+0
-1.923658E+0
-1.932478E+0
-1.935418E+0
-1.935418E+0
-1.932478E+0
-1.926598E+0
-1.917778E+0
-1.910428E+0
-1.904548E+0
-1.900138E+0
-1.897198E+0
-1.897198E+0
-1.898668E+0
-1.900138E+0
-1.900138E+0
-1.898668E+0
-1.895728E+0
-1.888378E+0
-1.878088E+0
-1.864858E+0
-1.850158E+0
-1.836928E+0
-1.825168E+0
-1.817818E+0
-1.814878E+0
-1.817818E+0
-1.826638E+0
-1.839868E+0
-1.856038E+0
-1.875148E+0
-1.895728E+0
-1.916308E+0
-1.935418E+0
-1.953058E+0
-1.969228E+0
-1.982458E+0
-1.994218E+0
-2.005978E+0
-2.014798E+0
-2.023618E+0
-2.030968E+0
-2.036848E+0
-2.041258E+0
-2.045668E+0
-2.047138E+0
-2.048608E+0
-2.050078E+0
-2.053018E+0
-2.054488E+0
-2.055958E+0
-2.057428E+0
-2.058898E+0
-2.058898E+0
-2.060368E+0
-2.058898E+0
-2.058898E+0
-2.058898E+0
-2.057428E+0
-2.057428E+0
-2.055958E+0
-2.055958E+0
-2.055958E+0
-2.057428E+0
-2.058898E+0
-2.063308E+0
-2.066248E+0
-2.070658E+0
-2.073598E+0
-2.076538E+0
-2.078008E+0
-2.078008E+0
-2.076538E+0
-2.075068E+0
-2.073598E+0
-2.072128E+0
-2.073598E+0
-2.073598E+0
-2.078008E+0
-2.080948E+0
-2.085358E+0
-2.091238E+0
-2.095648E+0
-2.100058E+0
-2.104468E+0
-2.107408E+0
-2.110348E+0
-2.111818E+0
-2.114758E+0
-2.114758E+0
-2.114758E+0
-2.114758E+0
-2.113288E+0
-2.111818E+0
-2.108878E+0
-2.105938E+0
-2.102998E+0
-2.101528E+0
-2.101528E+0
-2.101528E+0
-2.101528E+0
-2.101528E+0
-2.102998E+0
-2.102998E+0
-2.104468E+0
-2.108878E+0
-2.113288E+0
-2.122108E+0
-2.133868E+0
-2.151508E+0
-2.173558E+0
-2.198548E+0
-2.225008E+0
-2.251468E+0
-2.274988E+0
-2.294098E+0
-2.308798E+0
-2.316148E+0
-2.319088E+0
-2.317618E+0
-2.311738E+0
-2.302918E+0
-2.294098E+0
-2.283808E+0
-2.272048E+0
-2.257348E+0
-2.241178E+0
-2.222068E+0
-2.201488E+0
-2.180908E+0
-2.160328E+0
-2.144158E+0
-2.132398E+0
-2.126518E+0
-2.127988E+0
-2.136808E+0
-2.150038E+0
-2.169148E+0
-2.191198E+0
-2.216188E+0
-2.238238E+0
-2.258818E+0
-2.274988E+0
-2.288218E+0
-2.298508E+0
-2.305858E+0
-2.311738E+0
-2.314678E+0
-2.319088E+0
-2.324968E+0
-2.332318E+0
-2.339668E+0
-2.347018E+0
-2.355838E+0
-2.366128E+0
-2.376418E+0
-2.385238E+0
-2.394058E+0
-2.401408E+0
-2.407288E+0
-2.411698E+0
-2.413168E+0
-2.411698E+0
-2.410228E+0
-2.408758E+0
-2.407288E+0
-2.407288E+0
-2.407288E+0
-2.408758E+0
-2.410228E+0
-2.411698E+0
-2.410228E+0
-2.407288E+0
-2.402878E+0
-2.398468E+0
-2.394058E+0
-2.392588E+0
-2.392588E+0
-2.395528E+0
-2.399938E+0
-2.405818E+0
-2.410228E+0
-2.413168E+0
-2.414638E+0
-2.413168E+0
-2.413168E+0
-2.411698E+0
-2.413168E+0
-2.416108E+0
-2.420518E+0
-2.426398E+0
-2.430808E+0
-2.432278E+0
-2.432278E+0
-2.429338E+0
-2.423458E+0
-2.417578E+0
-2.414638E+0
-2.413168E+0
-2.414638E+0
-2.419048E+0
-2.427868E+0
-2.436688E+0
-2.445508E+0
-2.452858E+0
-2.457268E+0
-2.455798E+0
-2.448448E+0
-2.435218E+0
-2.416108E+0
-2.394058E+0
-2.370538E+0
-2.348488E+0
-2.329378E+0
-2.317618E+0
-2.314678E+0
-2.319088E+0
-2.332318E+0
-2.351428E+0
-2.374948E+0
-2.399938E+0
-2.424928E+0
-2.446978E+0
-2.464618E+0
-2.480788E+0
-2.495488E+0
-2.510188E+0
-2.526358E+0
-2.545468E+0
-2.564578E+0
-2.585158E+0
-2.602798E+0
-2.617498E+0
-2.623378E+0
-2.621908E+0
-2.611618E+0
-2.595448E+0
-2.571928E+0
-2.546938E+0
-2.523418E+0
-2.501368E+0
-2.485198E+0
-2.476378E+0
-2.471968E+0
-2.473438E+0
-2.479318E+0
-2.488138E+0
-2.495488E+0
-2.502838E+0
-2.505778E+0
-2.507248E+0
-2.505778E+0
-2.502838E+0
-2.499898E+0
-2.496958E+0
-2.492548E+0
-2.491078E+0
-2.488138E+0
-2.485198E+0
-2.482258E+0
-2.480788E+0
-2.477848E+0
-2.479318E+0
-2.482258E+0
-2.486668E+0
-2.496958E+0
-2.510188E+0
-2.524888E+0
-2.541058E+0
-2.557228E+0
-2.571928E+0
-2.582218E+0
-2.589568E+0
-2.591038E+0
-2.588098E+0
-2.580748E+0
-2.573398E+0
-2.564578E+0
-2.558698E+0
-2.555758E+0
-2.557228E+0
-2.563108E+0
-2.573398E+0
-2.583688E+0
-2.592508E+0
-2.599858E+0
-2.602798E+0
-2.601328E+0
-2.596918E+0
-2.588098E+0
-2.580748E+0
-2.574868E+0
-2.571928E+0
-2.573398E+0
-2.579278E+0
-2.588098E+0
-2.599858E+0
-2.613088E+0
-2.623378E+0
-2.633668E+0
-2.639548E+0
-2.643958E+0
-2.646898E+0
-2.651308E+0
-2.655718E+0
-2.661598E+0
-2.668948E+0
-2.677768E+0
-2.689528E+0
-2.701288E+0
-2.711578E+0
-2.723338E+0
-2.732158E+0
-2.739508E+0
-2.745388E+0
-2.748328E+0
-2.749798E+0
-2.749798E+0
-2.746858E+0
-2.742448E+0
-2.738038E+0
-2.733628E+0
-2.730688E+0
-2.727748E+0
-2.724808E+0
-2.723338E+0
-2.723338E+0
-2.723338E+0
-2.723338E+0
-2.724808E+0
-2.724808E+0
-2.726278E+0
-2.727748E+0
-2.727748E+0
-2.723338E+0
-2.717458E+0
-2.708638E+0
-2.695408E+0
-2.683648E+0
-2.671888E+0
-2.664538E+0
-2.661598E+0
-2.667478E+0
-2.676298E+0
-2.692468E+0
-2.708638E+0
-2.726278E+0
-2.742448E+0
-2.755678E+0
-2.764498E+0
-2.773318E+0
-2.780668E+0
-2.788018E+0
-2.796838E+0
-2.808598E+0
-2.821828E+0
-2.836528E+0
-2.851228E+0
-2.864458E+0
-2.876218E+0
-2.885038E+0
-2.893858E+0
-2.901208E+0
-2.908558E+0
-2.914438E+0
-2.921788E+0
-2.926198E+0
-2.929138E+0
-2.930608E+0
-2.929138E+0
-2.923258E+0
-2.915908E+0
-2.905618E+0
-2.898268E+0
-2.890918E+0
-2.887978E+0
-2.889448E+0
-2.893858E+0
-2.901208E+0
-2.911498E+0
-2.923258E+0
-2.936488E+0
-2.949718E+0
-2.961478E+0
-2.973238E+0
-2.982058E+0
-2.987938E+0
-2.992348E+0
-2.990878E+0
-2.984998E+0
-2.976178E+0
-2.962948E+0
-2.946778E+0
-2.932078E+0
-2.915908E+0
-2.904148E+0
-2.896798E+0
-2.896798E+0
-2.901208E+0
-2.911498E+0
-2.927668E+0
-2.948248E+0
-2.971768E+0
-2.995288E+0
-3.015868E+0
-3.033508E+0
-3.049678E+0
-3.059968E+0
-3.067318E+0
-3.071728E+0
-3.074668E+0
-3.073198E+0
-3.070258E+0
-3.065848E+0
-3.061438E+0
-3.055558E+0
-3.049678E+0
-3.046738E+0
-3.045268E+0
-3.048208E+0
-3.054088E+0
-3.062908E+0
-3.073198E+0
-3.082018E+0
-3.092308E+0
-3.098188E+0
-3.102598E+0
-3.104068E+0
-3.104068E+0
-3.105538E+0
-3.107008E+0
-3.109948E+0
-3.115828E+0
-3.118768E+0
-3.123178E+0
-3.123178E+0
-3.118768E+0
-3.108478E+0
-3.095248E+0
-3.079078E+0
-3.061438E+0
-3.046738E+0
-3.036448E+0
-3.030568E+0
-3.030568E+0
-3.036448E+0
-3.046738E+0
-3.058498E+0
-3.071728E+0
-3.082018E+0
-3.092308E+0
-3.099658E+0
-3.104068E+0
-3.104068E+0
-3.102598E+0
-3.096718E+0
-3.087898E+0
-3.077608E+0
-3.064378E+0
-3.051148E+0
-3.039388E+0
-3.027628E+0
-3.018808E+0
-3.015868E+0
-3.015868E+0
-3.021748E+0
-3.030568E+0
-3.045268E+0
-3.061438E+0
-3.080548E+0
-3.098188E+0
-3.115828E+0
-3.129058E+0
-3.139348E+0
-3.146698E+0
-3.148168E+0
-3.148168E+0
-3.143758E+0
-3.136408E+0
-3.127588E+0
-3.118768E+0
-3.112888E+0
-3.107008E+0
-3.104068E+0
-3.104068E+0
-3.107008E+0
-3.112888E+0
-3.117298E+0
-3.121708E+0
-3.124648E+0
-3.124648E+0
-3.121708E+0
-3.117298E+0
-3.114358E+0
-3.114358E+0
-3.115828E+0
-3.123178E+0
-3.134938E+0
-3.148168E+0
-3.159928E+0
-3.171688E+0
-3.177568E+0
-3.179038E+0
-3.173158E+0
-3.161398E+0
-3.148168E+0
-3.130528E+0
-3.115828E+0
-3.101128E+0
-3.092308E+0
-3.086428E+0
-3.087898E+0
-3.095248E+0
-3.108478E+0
-3.123178E+0
-3.142288E+0
-3.159928E+0
-3.177568E+0
-3.192268E+0
-3.202558E+0
-3.208438E+0
-3.211378E+0
-3.209908E+0
-3.206968E+0
-3.204028E+0
-3.201088E+0
-3.201088E+0
-3.202558E+0
-3.208438E+0
-3.217258E+0
-3.227548E+0
-3.243718E+0
-3.262828E+0
-3.286348E+0
-3.315748E+0
-3.348088E+0
-3.381898E+0
-3.417178E+0
-3.452458E+0
-3.483328E+0
-3.506848E+0
-3.521548E+0
-3.527428E+0
-3.521548E+0
-3.508318E+0
-3.487738E+0
-3.461278E+0
-3.433348E+0
-3.405418E+0
-3.378958E+0
-3.352498E+0
-3.331918E+0
-3.314278E+0
-3.302518E+0
-3.296638E+0
-3.298108E+0
-3.305458E+0
-3.317218E+0
-3.333388E+0
-3.351028E+0
-3.365728E+0
-3.376018E+0
-3.378958E+0
-3.374548E+0
-3.362788E+0
-3.345148E+0
-3.326038E+0
-3.305458E+0
-3.287818E+0
-3.273118E+0
-3.259888E+0
-3.248128E+0
-3.234898E+0
-3.215788E+0
-3.187858E+0
-3.151108E+0
-3.108478E+0
-3.059968E+0
-3.009988E+0
-2.965888E+0
-2.932078E+0
-2.914438E+0
-2.915908E+0
-2.942368E+0
-2.993818E+0
-3.074668E+0
-3.184918E+0
-3.324568E+0
-3.496558E+0
-3.697948E+0
-3.930208E+0
-4.197748E+0
-4.496158E+0
-4.826908E+0
-5.189998E+0
-5.585428E+0
-6.010258E+0
-6.457138E+0
-6.914308E+0
-7.367068E+0
-7.809538E+0
-8.216728E+0
-8.597458E+0
-8.939968E+0
-9.295708E+0
-9.692608E+0
-1.019535E+1
-1.087743E+1
-1.200492E+1
-1.447893E+1
-2.050005E+1
-2.050005E+1
-2.050005E+1
-2.050005E+1
-2.050005E+1
-2.050005E+1
-2.050005E+1
-2.050005E+1
-2.050005E+1
-2.050005E+1
-2.050005E+1
-2.050005E+1
-2.050005E+1
-2.050005E+1
-2.050005E+1
-2.050005E+1
-2.050005E+1
-2.050005E+1
-2.050005E+1
-2.050005E+1
-2.050005E+1
-2.050005E+1
-2.050005E+1
-2.050005E+1
-2.050005E+1
-2.050005E+1
-2.050005E+1
-1.359840E+1
-1.183734E+1
-1.127433E+1
-1.124346E+1
-1.164477E+1
-1.271787E+1
-1.598421E+1
-2.050005E+1
-2.050005E+1
-2.050005E+1
-2.050005E+1
-2.050005E+1
-2.050005E+1
-2.050005E+1
-1.529331E+1
-1.243563E+1
-1.136841E+1
-1.082745E+1
-1.058784E+1
-1.056579E+1
-1.072749E+1
-1.109499E+1
-1.168152E+1
-1.260027E+1
-1.410555E+1
-2.050005E+1
-2.050005E+1
-2.050005E+1
-2.050005E+1
-2.050005E+1
-2.050005E+1
-2.050005E+1
-2.050005E+1
-2.050005E+1
-2.050005E+1
-2.050005E+1
-2.050005E+1
-2.050005E+1
-2.050005E+1
-2.050005E+1
-2.050005E+1
-2.050005E+1
-2.050005E+1
-2.050005E+1
-2.050005E+1
-2.050005E+1
-2.050005E+1
-2.050005E+1
-2.050005E+1
-2.050005E+1
-2.050005E+1
-2.050005E+1
-2.050005E+1
-2.050005E+1
-2.050005E+1
-2.050005E+1
-2.050005E+1
-2.050005E+1
-2.050005E+1
-2.050005E+1
-2.050005E+1
-2.050005E+1
-2.050005E+1
-2.050005E+1
-2.050005E+1
-2.050005E+1
-2.050005E+1
-2.050005E+1
-1.493022E+1
-1.260027E+1
-1.143456E+1
-1.068045E+1
-1.012185E+1
-9.707308E+0
-9.411838E+0
-9.210448E+0
-9.094318E+0
-9.048748E+0
-9.060508E+0
-9.128128E+0
-9.247198E+0
-9.411838E+0
-9.604408E+0
-9.816088E+0
-1.003218E+1
-1.023357E+1
-1.039380E+1
-1.052169E+1
-1.063341E+1
-1.072749E+1
-1.082745E+1
-1.093035E+1
-1.109499E+1
-1.133607E+1
-1.164477E+1
-1.204902E+1
-1.248855E+1
-1.304274E+1
-1.369101E+1
-1.447893E+1
-1.572843E+1
-2.050005E+1
-2.050005E+1
-2.050005E+1
-2.050005E+1
-2.050005E+1
-2.050005E+1
-2.050005E+1
-2.050005E+1
-2.050005E+1
-2.050005E+1
-2.050005E+1
-2.050005E+1
-2.050005E+1
-2.050005E+1
-2.050005E+1
-2.050005E+1
-2.050005E+1
-2.050005E+1
-2.050005E+1
-2.050005E+1
-2.050005E+1
-2.050005E+1
-2.050005E+1
-2.050005E+1
-2.050005E+1
-2.050005E+1
-2.050005E+1
-2.050005E+1
-2.050005E+1
-2.050005E+1
-2.050005E+1
-2.050005E+1
-2.050005E+1
-2.050005E+1
-2.050005E+1
-2.050005E+1
-2.050005E+1
-2.050005E+1
-2.050005E+1
-2.050005E+1
-2.050005E+1
-2.050005E+1
-2.050005E+1
-2.050005E+1
-2.050005E+1
-2.050005E+1
-2.050005E+1
-2.050005E+1
-2.050005E+1
-2.050005E+1
-2.050005E+1
-2.050005E+1
-2.050005E+1
-2.050005E+1
-2.050005E+1
-2.050005E+1
-2.050005E+1
-2.050005E+1
-2.050005E+1
-2.050005E+1
-2.050005E+1
-2.050005E+1
-2.050005E+1
-2.050005E+1
-1.549911E+1
-1.297365E+1
-1.209312E+1
-1.168152E+1
-1.143456E+1
-1.133607E+1
-1.133607E+1
-1.150218E+1
-1.187850E+1
-1.265907E+1
-1.476852E+1
-2.050005E+1
-2.050005E+1
-2.050005E+1
-2.050005E+1
-2.050005E+1
-2.050005E+1
-2.050005E+1
-2.050005E+1
-2.050005E+1
-2.050005E+1
-2.050005E+1
-2.050005E+1
-2.050005E+1
-2.050005E+1
-2.050005E+1
-2.050005E+1
-2.050005E+1
-2.050005E+1
-2.050005E+1
-2.050005E+1
-2.050005E+1
-2.050005E+1
-2.050005E+1
-2.050005E+1
-2.050005E+1
-2.050005E+1
-2.050005E+1
-2.050005E+1
-2.050005E+1
-2.050005E+1
-1.549911E+1
-1.342494E+1
-1.260027E+1
-1.218573E+1
-1.183734E+1
-1.146837E+1
-1.106706E+1
-1.060989E+1
-1.019535E+1
-9.830788E+0
-9.547078E+0
-9.358918E+0
-9.258958E+0
-9.258958E+0
-9.322168E+0
-9.451528E+0
-9.619108E+0
-9.783748E+0
-9.963088E+0
-1.010274E+1
-1.021446E+1
-1.033206E+1
-1.047759E+1
-1.063341E+1
-1.085244E+1
-1.115379E+1
-1.160802E+1
-1.223277E+1
-1.304274E+1
-1.410555E+1
-1.627380E+1
-2.050005E+1
-2.050005E+1
-2.050005E+1
-2.050005E+1
-2.050005E+1
-2.050005E+1
-2.050005E+1
-2.050005E+1
-2.050005E+1
-2.050005E+1
-2.050005E+1
-2.050005E+1
-2.050005E+1
-2.050005E+1
-1.598421E+1
-1.351020E+1
-1.223277E+1
-1.150218E+1
-1.103913E+1
-1.080099E+1
-1.080099E+1
-1.109499E+1
-1.179765E+1
-1.351020E+1
-2.050005E+1
-2.050005E+1
-2.050005E+1
-2.050005E+1
-2.050005E+1
-2.050005E+1
-2.050005E+1
-2.050005E+1
-2.050005E+1
-2.050005E+1
-2.050005E+1
-2.050005E+1
-2.050005E+1
-2.050005E+1
-2.050005E+1
-2.050005E+1
-2.050005E+1
-2.050005E+1
-2.050005E+1
-2.050005E+1
-2.050005E+1
-2.050005E+1
-2.050005E+1
-2.050005E+1
-1.326324E+1
-1.187850E+1
-1.109499E+1
-1.058784E+1
-1.023357E+1
-9.996898E+0
-9.863128E+0
-9.830788E+0
-9.896938E+0
-1.006746E+1
-1.037322E+1
-1.085244E+1
-1.150218E+1
-1.243563E+1
-1.369101E+1
-1.572843E+1
-2.050005E+1
-2.050005E+1
-2.050005E+1
-2.050005E+1
-2.050005E+1
-2.050005E+1
-2.050005E+1
-2.050005E+1
-2.050005E+1
-2.050005E+1
-2.050005E+1
-2.050005E+1
-2.050005E+1
-2.050005E+1
-2.050005E+1
-2.050005E+1
-1.748949E+1
-1.529331E+1
-1.422315E+1
-1.359840E+1
-1.318680E+1
-1.297365E+1
-1.297365E+1
-1.304274E+1
-1.318680E+1
-1.326324E+1
-1.318680E+1
-1.284135E+1
-1.243563E+1
-1.191966E+1
-1.150218E+1
-1.115379E+1
-1.095681E+1
-1.090389E+1
-1.098327E+1
-1.127433E+1
-1.175796E+1
-1.254441E+1
-1.388799E+1
-1.700439E+1
-2.050005E+1
-2.050005E+1
-2.050005E+1
-1.549911E+1
-1.311330E+1
-1.175796E+1
-1.090389E+1
-1.031148E+1
-9.929278E+0
-9.722008E+0
-9.663208E+0
-9.752878E+0
-9.980728E+0
-1.037322E+1
-1.101120E+1
-1.209312E+1
-1.461858E+1
-2.050005E+1
-2.050005E+1
-2.050005E+1
-2.050005E+1
-2.050005E+1
-2.050005E+1
-2.050005E+1
-2.050005E+1
-2.050005E+1
-2.050005E+1
-2.050005E+1
-2.050005E+1
-2.050005E+1
-2.050005E+1
-2.050005E+1
-2.050005E+1
-2.050005E+1
-2.050005E+1
-2.050005E+1
-2.050005E+1
-1.899477E+1
-2.050005E+1
-2.050005E+1
-2.050005E+1
-2.050005E+1
-2.050005E+1
-2.050005E+1
-2.050005E+1
-2.050005E+1
-2.050005E+1
-2.050005E+1
-2.050005E+1
-2.050005E+1
-1.572843E+1
-1.378803E+1
-1.311330E+1
-1.290750E+1
-1.304274E+1
-1.351020E+1
-1.434663E+1
-1.572843E+1
-2.050005E+1
-2.050005E+1
-2.050005E+1
-2.050005E+1
-2.050005E+1
-2.050005E+1
-2.050005E+1
-2.050005E+1
-2.050005E+1
-2.050005E+1
-2.050005E+1
-2.050005E+1
-2.050005E+1
-2.050005E+1
-2.050005E+1
-2.050005E+1
-2.050005E+1
-2.050005E+1
-2.050005E+1
-2.050005E+1
-2.050005E+1
-2.050005E+1
-2.050005E+1
-2.050005E+1
-2.050005E+1
-2.050005E+1
-2.050005E+1
-2.050005E+1
-2.050005E+1
-2.050005E+1
-1.811424E+1
-2.050005E+1
-2.050005E+1
-2.050005E+1
-2.050005E+1
-2.050005E+1
-2.050005E+1
-2.050005E+1
-1.811424E+1
-1.369101E+1
-1.200492E+1
-1.098327E+1
-1.027326E+1
-9.799918E+0
-9.464758E+0
-9.247198E+0
-9.139888E+0
-9.104608E+0
-9.139888E+0
-9.222208E+0
-9.358918E+0
-9.533848E+0
-9.769048E+0
-1.008510E+1
-1.054374E+1
-1.124346E+1
-1.233273E+1
-1.476852E+1
-2.050005E+1
-2.050005E+1
-2.050005E+1
-2.050005E+1
-2.050005E+1
-1.447893E+1
-1.171974E+1
-1.047759E+1
-9.738178E+0
-9.295708E+0
-9.070798E+0
-9.026698E+0
-9.139888E+0
-9.411838E+0
-9.830788E+0
-1.043496E+1
-1.121259E+1
-1.223277E+1
-1.388799E+1
-2.050005E+1
-2.050005E+1
-2.050005E+1
-2.050005E+1
-2.050005E+1
-2.050005E+1
-2.050005E+1
-2.050005E+1
-2.050005E+1
-2.050005E+1
-2.050005E+1
-2.050005E+1
-2.050005E+1
-2.050005E+1
-1.510368E+1
-1.378803E+1
-1.318680E+1
-1.290750E+1
-1.290750E+1
-1.318680E+1
-1.378803E+1
-1.510368E+1
-2.050005E+1
-2.050005E+1
-2.050005E+1
-2.050005E+1
-2.050005E+1
-2.050005E+1
-2.050005E+1
-2.050005E+1
-2.050005E+1
-2.050005E+1
-2.050005E+1
-1.748949E+1
-1.811424E+1
-2.050005E+1
-2.050005E+1
-2.050005E+1
-2.050005E+1
-2.050005E+1
-2.050005E+1
-2.050005E+1
-2.050005E+1
-2.050005E+1
-2.050005E+1
-2.050005E+1
-2.050005E+1
-2.050005E+1
-2.050005E+1
-2.050005E+1
-2.050005E+1
-2.050005E+1
-2.050005E+1
-1.572843E+1
-1.260027E+1
-1.146837E+1
-1.080099E+1
-1.037322E+1
-1.010274E+1
-9.913108E+0
-9.783748E+0
-9.677908E+0
-9.589708E+0
-9.505918E+0
-9.464758E+0
-9.477988E+0
-9.575008E+0
-9.816088E+0
-1.029237E+1
-1.118319E+1
-1.342494E+1
-2.050005E+1
-2.050005E+1
-2.050005E+1
-2.050005E+1
-2.050005E+1
-2.050005E+1
-2.050005E+1
-2.050005E+1
-2.050005E+1
-2.050005E+1
-2.050005E+1
-2.050005E+1
-2.050005E+1
-2.050005E+1
-2.050005E+1
-2.050005E+1
-2.050005E+1
-1.660896E+1
-1.318680E+1
-1.196082E+1
-1.121259E+1
-1.068045E+1
-1.031148E+1
-1.003218E+1
-9.846958E+0
-9.738178E+0
-9.692608E+0
-9.707308E+0
-9.799918E+0
-9.946918E+0
-1.017624E+1
-1.049964E+1
-1.090389E+1
-1.146837E+1
-1.233273E+1
-1.369101E+1
-1.899477E+1
-2.050005E+1
-2.050005E+1
-2.050005E+1
-2.050005E+1
-2.050005E+1
-2.050005E+1
-2.050005E+1
-2.050005E+1
-2.050005E+1
-2.050005E+1
-2.050005E+1
-2.050005E+1
-2.050005E+1
-2.050005E+1
-2.050005E+1
-2.050005E+1
-2.050005E+1
-2.050005E+1
-2.050005E+1
-2.050005E+1
-2.050005E+1
-2.050005E+1
-2.050005E+1
-2.050005E+1
-2.050005E+1
-2.050005E+1
-2.050005E+1
-2.050005E+1
-2.050005E+1
-2.050005E+1
-2.050005E+1
-2.050005E+1
-2.050005E+1
-2.050005E+1
-2.050005E+1
-2.050005E+1
-2.050005E+1
-2.050005E+1
-2.050005E+1
-1.748949E+1
-1.660896E+1
-2.050005E+1
-2.050005E+1
-2.050005E+1
-2.050005E+1
-2.050005E+1
-2.050005E+1
-2.050005E+1
-2.050005E+1
-2.050005E+1
-2.050005E+1
-1.627380E+1
-1.200492E+1
-1.052169E+1
-9.619108E+0
-9.016408E+0
-8.607748E+0
-8.350498E+0
-8.224078E+0
-8.202028E+0
-8.278468E+0
-8.448988E+0
-8.709178E+0
-9.070798E+0
-9.533848E+0
-1.010274E+1
-1.087743E+1
-1.204902E+1
-1.434663E+1
-2.050005E+1
-2.050005E+1
-2.050005E+1
-2.050005E+1
-2.050005E+1
-2.050005E+1
-2.050005E+1
-2.050005E+1
-2.050005E+1
-2.050005E+1
-2.050005E+1
-2.050005E+1
-2.050005E+1
-2.050005E+1
-2.050005E+1
-2.050005E+1
-2.050005E+1
-2.050005E+1
-2.050005E+1
-1.326324E+1
-1.160802E+1
-1.093035E+1
-1.065693E+1
-1.060989E+1
-1.075248E+1
-1.106706E+1
-1.150218E+1
-1.209312E+1
-1.271787E+1
-1.318680E+1
-1.326324E+1
-1.297365E+1
-1.248855E+1
-1.191966E+1
-1.150218E+1
-1.121259E+1
-1.106706E+1
-1.109499E+1
-1.127433E+1
-1.168152E+1
-1.233273E+1
-1.326324E+1
-1.461858E+1
-1.660896E+1
-2.050005E+1
-2.050005E+1
-2.050005E+1
-1.748949E+1
-1.700439E+1
-2.050005E+1
-2.050005E+1
-2.050005E+1
-2.050005E+1
-2.050005E+1
-2.050005E+1
-2.050005E+1
-2.050005E+1
-2.050005E+1
-2.050005E+1
-2.050005E+1
-2.050005E+1
-2.050005E+1
-2.050005E+1
-2.050005E+1
-2.050005E+1
-2.050005E+1
-2.050005E+1
-2.050005E+1
-2.050005E+1
-2.050005E+1
-2.050005E+1
-2.050005E+1
-2.050005E+1
-2.050005E+1
-2.050005E+1
-2.050005E+1
-2.050005E+1
-2.050005E+1
-1.388799E+1
-1.243563E+1
-1.168152E+1
-1.118319E+1
-1.082745E+1
-1.058784E+1
-1.047759E+1
-1.041438E+1
-1.045554E+1
-1.060989E+1
-1.090389E+1
-1.143456E+1
-1.243563E+1
-1.493022E+1
-2.050005E+1
-2.050005E+1
-2.050005E+1
-2.050005E+1
-2.050005E+1
-2.050005E+1
-2.050005E+1
-2.050005E+1
-2.050005E+1
-2.050005E+1
-2.050005E+1
-2.050005E+1
-2.050005E+1
-2.050005E+1
-2.050005E+1
-2.050005E+1
-2.050005E+1
-2.050005E+1
-2.050005E+1
-2.050005E+1
-2.050005E+1
-2.050005E+1
-2.050005E+1
-2.050005E+1
-2.050005E+1
-2.050005E+1
-2.050005E+1
-2.050005E+1
-2.050005E+1
-2.050005E+1
-2.050005E+1
-2.050005E+1
-2.050005E+1
-2.050005E+1
-2.050005E+1
-2.050005E+1
-2.050005E+1
-2.050005E+1
-2.050005E+1
-2.050005E+1
-2.050005E+1
-2.050005E+1
-2.050005E+1
-2.050005E+1
-2.050005E+1
-2.050005E+1
-1.290750E+1
-1.087743E+1
-9.896938E+0
-9.308938E+0
-8.929678E+0
-8.700358E+0
-8.588638E+0
-8.570998E+0
-8.616568E+0
-8.728288E+0
-8.878228E+0
-9.060508E+0
-9.258958E+0
-9.477988E+0
-9.677908E+0
-9.846958E+0
-9.963088E+0
-1.003218E+1
-1.004982E+1
-9.996898E+0
-9.946918E+0
-9.879298E+0
-9.863128E+0
-9.879298E+0
-9.929278E+0
-1.004982E+1
-1.019535E+1
-1.037322E+1
-1.058784E+1
-1.082745E+1
-1.109499E+1
-1.140222E+1
-1.171974E+1
-1.213869E+1
-1.265907E+1
-1.326324E+1
-1.422315E+1
-1.598421E+1
-2.050005E+1
-2.050005E+1
-2.050005E+1
-2.050005E+1
-2.050005E+1
-2.050005E+1
-2.050005E+1
-2.050005E+1
-2.050005E+1
-1.660896E+1
-1.447893E+1
-1.359840E+1
-1.326324E+1
-1.326324E+1
-1.378803E+1
-1.529331E+1
-2.050005E+1
-2.050005E+1
-2.050005E+1
-2.050005E+1
-2.050005E+1
-2.050005E+1
-2.050005E+1
-2.050005E+1
-2.050005E+1
-2.050005E+1
-2.050005E+1
-2.050005E+1
-2.050005E+1
-2.050005E+1
-2.050005E+1
-2.050005E+1
-2.050005E+1
-2.050005E+1
-2.050005E+1
-2.050005E+1
-2.050005E+1
-2.050005E+1
-2.050005E+1
-2.050005E+1
-2.050005E+1
-2.050005E+1
-2.050005E+1
-2.050005E+1
-2.050005E+1
-2.050005E+1
-2.050005E+1
-2.050005E+1
-2.050005E+1
-2.050005E+1
-2.050005E+1
-2.050005E+1
-2.050005E+1
-2.050005E+1
-2.050005E+1
-2.050005E+1
-2.050005E+1
-2.050005E+1
-2.050005E+1
-2.050005E+1
-2.050005E+1
-2.050005E+1
-2.050005E+1
-2.050005E+1
-2.050005E+1
-2.050005E+1
-2.050005E+1
-2.050005E+1
-2.050005E+1
-1.748949E+1
-1.510368E+1
-1.572843E+1
-2.050005E+1
-2.050005E+1
-2.050005E+1
-2.050005E+1
-2.050005E+1
-2.050005E+1
-2.050005E+1
-2.050005E+1
-2.050005E+1
-2.050005E+1
-2.050005E+1
-2.050005E+1
-2.050005E+1
-2.050005E+1
-2.050005E+1
-2.050005E+1
-2.050005E+1
-2.050005E+1
-2.050005E+1
-2.050005E+1
-2.050005E+1
-1.410555E+1
-1.183734E+1
-1.077747E+1
-1.013949E+1
-9.707308E+0
-9.451528E+0
-9.333928E+0
-9.322168E+0
-9.438298E+0
-9.677908E+0
-1.004982E+1
-1.063341E+1
-1.157274E+1
-1.342494E+1
-2.050005E+1
-2.050005E+1
-2.050005E+1
-2.050005E+1
-2.050005E+1
-2.050005E+1
-2.050005E+1
-2.050005E+1
-2.050005E+1
-2.050005E+1
-2.050005E+1
-2.050005E+1
-2.050005E+1
-1.304274E+1
-1.160802E+1
-1.090389E+1
-1.054374E+1
-1.039380E+1
-1.041438E+1
-1.060989E+1
-1.095681E+1
-1.150218E+1
-1.238271E+1
-1.378803E+1
-1.748949E+1
-2.050005E+1
-2.050005E+1
-2.050005E+1
-2.050005E+1
-1.572843E+1
-1.304274E+1
-1.171974E+1
-1.085244E+1
-1.027326E+1
-9.846958E+0
-9.547078E+0
-9.347158E+0
-9.222208E+0
-9.163408E+0
-9.151648E+0
-9.186928E+0
-9.295708E+0
-9.464758E+0
-9.722008E+0
-1.010274E+1
-1.060989E+1
-1.133607E+1
-1.238271E+1
-1.399383E+1
-1.660896E+1
-2.050005E+1
-1.660896E+1
-1.378803E+1
-1.213869E+1
-1.106706E+1
-1.031148E+1
-9.783748E+0
-9.438298E+0
-9.247198E+0
-9.198688E+0
-9.258958E+0
-9.425068E+0
-9.677908E+0
-1.001454E+1
-1.039380E+1
-1.075248E+1
-1.101120E+1
-1.112439E+1
-1.109499E+1
-1.095681E+1
-1.075248E+1
-1.056579E+1
-1.041438E+1
-1.035264E+1
-1.039380E+1
-1.056579E+1
-1.087743E+1
-1.140222E+1
-1.233273E+1
-1.434663E+1
-2.050005E+1
-2.050005E+1
-2.050005E+1
-2.050005E+1
-2.050005E+1
-2.050005E+1
-2.050005E+1
-1.351020E+1
-1.153746E+1
-1.049964E+1
-9.846958E+0
-9.438298E+0
-9.186928E+0
-9.094318E+0
-9.139888E+0
-9.295708E+0
-9.589708E+0
-1.001454E+1
-1.063341E+1
-1.140222E+1
-1.238271E+1
-1.342494E+1
-1.434663E+1
-1.461858E+1
-1.410555E+1
-1.342494E+1
-1.297365E+1
-1.271787E+1
-1.284135E+1
-1.342494E+1
-1.476852E+1
-2.050005E+1
-2.050005E+1
-2.050005E+1
-2.050005E+1
-2.050005E+1
-2.050005E+1
-2.050005E+1
-2.050005E+1
-2.050005E+1
-2.050005E+1
-2.050005E+1
-2.050005E+1
-2.050005E+1
-2.050005E+1
-2.050005E+1
-2.050005E+1
-2.050005E+1
-2.050005E+1
-2.050005E+1
-2.050005E+1
-2.050005E+1
-2.050005E+1
-2.050005E+1
-2.050005E+1
-2.050005E+1
-2.050005E+1
-2.050005E+1
-2.050005E+1
-1.369101E+1
-1.153746E+1
-1.058784E+1
-1.013949E+1
-9.963088E+0
-9.996898E+0
-1.021446E+1
-1.063341E+1
-1.118319E+1
-1.179765E+1
-1.223277E+1
-1.218573E+1
-1.164477E+1
-1.095681E+1
-1.035264E+1
-9.879298E+0
-9.575008E+0
-9.464758E+0
-9.533848E+0
-9.830788E+0
-1.041438E+1
-1.140222E+1
-1.326324E+1
-2.050005E+1
-2.050005E+1
-2.050005E+1
-2.050005E+1
-2.050005E+1
-1.277961E+1
-1.109499E+1
-1.015860E+1
-9.547078E+0
-9.175168E+0
-8.962018E+0
-8.888518E+0
-8.909098E+0
-9.038458E+0
-9.235438E+0
-9.477988E+0
-9.738178E+0
-9.996898E+0
-1.023357E+1
-1.043496E+1
-1.056579E+1
-1.068045E+1
-1.077747E+1
-1.087743E+1
-1.095681E+1
-1.101120E+1
-1.106706E+1
-1.109499E+1
-1.106706E+1
-1.101120E+1
-1.093035E+1
-1.085244E+1
-1.082745E+1
-1.087743E+1
-1.103913E+1
-1.140222E+1
-1.209312E+1
-1.359840E+1
-2.050005E+1
-2.050005E+1
-2.050005E+1
-2.050005E+1
-2.050005E+1
-2.050005E+1
-2.050005E+1
-2.050005E+1
-2.050005E+1
-2.050005E+1
-2.050005E+1
-2.050005E+1
-2.050005E+1
-2.050005E+1
-2.050005E+1
-2.050005E+1
-2.050005E+1
-2.050005E+1
-2.050005E+1
-2.050005E+1
-2.050005E+1
-2.050005E+1
-2.050005E+1
-2.050005E+1
-2.050005E+1
-2.050005E+1
-2.050005E+1
-2.050005E+1
-2.050005E+1
-2.050005E+1
-2.050005E+1
-2.050005E+1
-2.050005E+1
-2.050005E+1
-2.050005E+1
-2.050005E+1
-2.050005E+1
-2.050005E+1
-2.050005E+1
-1.410555E+1
-1.213869E+1
-1.103913E+1
-1.025268E+1
-9.648508E+0
-9.198688E+0
-8.867938E+0
-8.625388E+0
-8.466628E+0
-8.391658E+0
-8.415178E+0
-8.535718E+0
-8.797378E+0
-9.222208E+0
-9.913108E+0
-1.118319E+1
-1.549911E+1
-2.050005E+1
-2.050005E+1
-2.050005E+1
-2.050005E+1
-2.050005E+1
-2.050005E+1
-2.050005E+1
-2.050005E+1
-2.050005E+1
-2.050005E+1
-2.050005E+1
-2.050005E+1
-2.050005E+1
-2.050005E+1
-1.476852E+1
-1.359840E+1
-1.311330E+1
-1.311330E+1
-1.326324E+1
-1.351020E+1
-1.399383E+1
-1.434663E+1
-1.476852E+1
-1.510368E+1
-1.549911E+1
-1.572843E+1
-1.598421E+1
-1.627380E+1
-1.660896E+1
-1.700439E+1
-1.700439E+1
-1.700439E+1
-1.700439E+1
-1.627380E+1
-1.598421E+1
-1.598421E+1
-1.660896E+1
-2.050005E+1
-2.050005E+1
-2.050005E+1
-2.050005E+1
-2.050005E+1
-2.050005E+1
-2.050005E+1
-2.050005E+1
-2.050005E+1
-2.050005E+1
-2.050005E+1
-2.050005E+1
-2.050005E+1
-2.050005E+1
-2.050005E+1
-2.050005E+1
-2.050005E+1
-2.050005E+1
-2.050005E+1
-2.050005E+1
-2.050005E+1
-2.050005E+1
-2.050005E+1
-2.050005E+1
-2.050005E+1
-2.050005E+1
-2.050005E+1
-2.050005E+1
-2.050005E+1
-2.050005E+1
-2.050005E+1
-2.050005E+1
-2.050005E+1
-2.050005E+1
-2.050005E+1
-2.050005E+1
-2.050005E+1
-1.290750E+1
-1.164477E+1
-1.112439E+1
-1.095681E+1
-1.101120E+1
-1.124346E+1
-1.160802E+1
-1.209312E+1
-1.265907E+1
-1.318680E+1
-1.359840E+1
-1.388799E+1
-1.410555E+1
-1.434663E+1
-1.476852E+1
-1.627380E+1
-2.050005E+1
-2.050005E+1
-2.050005E+1
-2.050005E+1
-2.050005E+1
-2.050005E+1
-2.050005E+1
-2.050005E+1
-1.627380E+1
-1.342494E+1
-1.223277E+1
-1.146837E+1
-1.101120E+1
-1.065693E+1
-1.041438E+1
-1.025268E+1
-1.013949E+1
-1.008510E+1
-1.004982E+1
-1.008510E+1
-1.017624E+1
-1.035264E+1
-1.063341E+1
-1.109499E+1
-1.183734E+1
-1.326324E+1
-2.050005E+1
-2.050005E+1
-2.050005E+1
-2.050005E+1
-2.050005E+1
-2.050005E+1
-2.050005E+1
-2.050005E+1
-2.050005E+1
-2.050005E+1
-2.050005E+1
-2.050005E+1
-2.050005E+1
-1.572843E+1
-1.359840E+1
-1.265907E+1
-1.213869E+1
-1.179765E+1
-1.157274E+1
-1.143456E+1
-1.140222E+1
-1.140222E+1
-1.143456E+1
-1.146837E+1
-1.140222E+1
-1.130520E+1
-1.106706E+1
-1.077747E+1
-1.045554E+1
-1.015860E+1
-9.929278E+0
-9.738178E+0
-9.633808E+0
-9.589708E+0
-9.633808E+0
-9.752878E+0
-9.929278E+0
-1.015860E+1
-1.045554E+1
-1.082745E+1
-1.127433E+1
-1.187850E+1
-1.271787E+1
-1.434663E+1
-2.050005E+1
-2.050005E+1
-2.050005E+1
-2.050005E+1
-2.050005E+1
-2.050005E+1
-2.050005E+1
-2.050005E+1
-2.050005E+1
-2.050005E+1
-2.050005E+1
-2.050005E+1
-2.050005E+1
-2.050005E+1
-2.050005E+1
-2.050005E+1
-2.050005E+1
-2.050005E+1
-2.050005E+1
-2.050005E+1
-2.050005E+1
-2.050005E+1
-2.050005E+1
-2.050005E+1
-2.050005E+1
-2.050005E+1
-2.050005E+1
-2.050005E+1
-2.050005E+1
-2.050005E+1
-2.050005E+1
-2.050005E+1
-2.050005E+1
-1.660896E+1
-1.529331E+1
-1.476852E+1
-1.447893E+1
-1.461858E+1
-1.476852E+1
-1.510368E+1
-1.572843E+1
-1.700439E+1
-2.050005E+1
-2.050005E+1
-2.050005E+1
-2.050005E+1
-2.050005E+1
-2.050005E+1
-2.050005E+1
-2.050005E+1
-2.050005E+1
-2.050005E+1
-2.050005E+1
-2.050005E+1
-2.050005E+1
-2.050005E+1
-2.050005E+1
-2.050005E+1
-2.050005E+1
-2.050005E+1
-2.050005E+1
-1.369101E+1
-1.183734E+1
-1.095681E+1
-1.039380E+1
-1.003218E+1
-9.769048E+0
-9.589708E+0
-9.477988E+0
-9.451528E+0
-9.477988E+0
-9.561778E+0
-9.707308E+0
-9.946918E+0
-1.029237E+1
-1.072749E+1
-1.133607E+1
-1.218573E+1
-1.351020E+1
-1.700439E+1
-2.050005E+1
-2.050005E+1
-2.050005E+1
-2.050005E+1
-2.050005E+1
-1.476852E+1
-1.277961E+1
-1.175796E+1
-1.118319E+1
-1.085244E+1
-1.072749E+1
-1.080099E+1
-1.109499E+1
-1.157274E+1
-1.228275E+1
-1.304274E+1
-1.359840E+1
-1.359840E+1
-1.304274E+1
-1.233273E+1
-1.171974E+1
-1.136841E+1
-1.124346E+1
-1.140222E+1
-1.200492E+1
-1.351020E+1
-2.050005E+1
-2.050005E+1
-2.050005E+1
-2.050005E+1
-2.050005E+1
-2.050005E+1
-2.050005E+1
-2.050005E+1
-2.050005E+1
-2.050005E+1
-2.050005E+1
-2.050005E+1
-2.050005E+1
-2.050005E+1
-2.050005E+1
-2.050005E+1
-2.050005E+1
-2.050005E+1
-1.334262E+1
-1.191966E+1
-1.130520E+1
-1.098327E+1
-1.080099E+1
-1.065693E+1
-1.052169E+1
-1.033206E+1
-1.006746E+1
-9.769048E+0
-9.464758E+0
-9.198688E+0
-8.982598E+0
-8.837068E+0
-8.787088E+0
-8.837068E+0
-8.982598E+0
-9.247198E+0
-9.663208E+0
-1.023357E+1
-1.103913E+1
-1.218573E+1
-1.399383E+1
-2.050005E+1
-2.050005E+1
-2.050005E+1
-2.050005E+1
-2.050005E+1
-2.050005E+1
-2.050005E+1
-2.050005E+1
-2.050005E+1
-2.050005E+1
-2.050005E+1
-2.050005E+1
-2.050005E+1
-2.050005E+1
-2.050005E+1
-2.050005E+1
-2.050005E+1
-2.050005E+1
-2.050005E+1
-2.050005E+1
-1.218573E+1
-1.075248E+1
-1.004982E+1
-9.707308E+0
-9.589708E+0
-9.648508E+0
-9.913108E+0
-1.041438E+1
-1.124346E+1
-1.271787E+1
-1.748949E+1
-2.050005E+1
-2.050005E+1
-2.050005E+1
-2.050005E+1
-2.050005E+1
-2.050005E+1
-2.050005E+1
-2.050005E+1
-2.050005E+1
-2.050005E+1
-2.050005E+1
-2.050005E+1
-2.050005E+1
-2.050005E+1
-2.050005E+1
-2.050005E+1
-2.050005E+1
-2.050005E+1
-2.050005E+1
-2.050005E+1
-2.050005E+1
-2.050005E+1
-2.050005E+1
-2.050005E+1
-2.050005E+1
-2.050005E+1
-2.050005E+1
-2.050005E+1
-2.050005E+1
-2.050005E+1
-2.050005E+1
-2.050005E+1
-2.050005E+1
-2.050005E+1
-2.050005E+1
-2.050005E+1
-2.050005E+1
-1.748949E+1
-1.434663E+1
-1.369101E+1
-1.399383E+1
-1.529331E+1
-2.050005E+1
-2.050005E+1
-2.050005E+1
-2.050005E+1
-2.050005E+1
-2.050005E+1
-2.050005E+1
-2.050005E+1
-2.050005E+1
-2.050005E+1
-2.050005E+1
-2.050005E+1
-2.050005E+1
-2.050005E+1
-2.050005E+1
-2.050005E+1
-2.050005E+1
-2.050005E+1
-2.050005E+1
-2.050005E+1
-2.050005E+1
-2.050005E+1
-2.050005E+1
-2.050005E+1
-2.050005E+1
-2.050005E+1
-2.050005E+1
-2.050005E+1
-2.050005E+1
-2.050005E+1
-2.050005E+1
-2.050005E+1
-2.050005E+1
-2.050005E+1
-2.050005E+1
-2.050005E+1
-2.050005E+1
-2.050005E+1
-2.050005E+1
-2.050005E+1
-2.050005E+1
-2.050005E+1
-2.050005E+1
-2.050005E+1
-2.050005E+1
-2.050005E+1
-2.050005E+1
-2.050005E+1
-2.050005E+1
-2.050005E+1
-2.050005E+1
-2.050005E+1
-2.050005E+1
-2.050005E+1
-2.050005E+1
-2.050005E+1
-2.050005E+1
-2.050005E+1
-2.050005E+1
-2.050005E+1
-2.050005E+1
-2.050005E+1
-2.050005E+1
-2.050005E+1
-2.050005E+1
-2.050005E+1
-2.050005E+1
-1.811424E+1
-1.598421E+1
-1.476852E+1
-1.378803E+1
-1.297365E+1
-1.233273E+1
-1.187850E+1
-1.157274E+1
-1.143456E+1
-1.150218E+1
-1.171974E+1
-1.218573E+1
-1.297365E+1
-1.410555E+1
-1.549911E+1
-1.660896E+1
-1.572843E+1
-1.422315E+1
-1.297365E+1
-1.209312E+1
-1.146837E+1
-1.115379E+1
-1.112439E+1
-1.136841E+1
-1.204902E+1
-1.388799E+1
-2.050005E+1
-2.050005E+1
-2.050005E+1
-2.050005E+1
-2.050005E+1
-2.050005E+1
-2.050005E+1
-2.050005E+1
-2.050005E+1
-2.050005E+1
-2.050005E+1
-2.050005E+1
-2.050005E+1
-2.050005E+1
-2.050005E+1
-2.050005E+1
-2.050005E+1
-2.050005E+1
-2.050005E+1
-2.050005E+1
-2.050005E+1
-2.050005E+1
-2.050005E+1
-1.811424E+1
-1.476852E+1
-1.359840E+1
-1.290750E+1
-1.260027E+1
-1.243563E+1
-1.238271E+1
-1.228275E+1
-1.209312E+1
-1.179765E+1
-1.140222E+1
-1.093035E+1
-1.045554E+1
-1.001454E+1
-9.633808E+0
-9.333928E+0
-9.116368E+0
-8.994358E+0
-8.950258E+0
-8.994358E+0
-9.139888E+0
-9.372148E+0
-9.722008E+0
-1.017624E+1
-1.077747E+1
-1.150218E+1
-1.243563E+1
-1.351020E+1
-1.493022E+1
-1.660896E+1
-2.050005E+1
-2.050005E+1
-2.050005E+1
-2.050005E+1
-2.050005E+1
-2.050005E+1
-2.050005E+1
-2.050005E+1
-2.050005E+1
-2.050005E+1
-2.050005E+1
-2.050005E+1
-2.050005E+1
-2.050005E+1
-2.050005E+1
-2.050005E+1
-2.050005E+1
-1.410555E+1
-1.223277E+1
-1.127433E+1
-1.065693E+1
-1.025268E+1
-1.003218E+1
-9.963088E+0
-1.008510E+1
-1.041438E+1
-1.101120E+1
-1.204902E+1
-1.434663E+1
-2.050005E+1
-2.050005E+1
-2.050005E+1
-2.050005E+1
-2.050005E+1
-2.050005E+1
-2.050005E+1
-2.050005E+1
-2.050005E+1
-2.050005E+1
-1.627380E+1
-1.434663E+1
-1.351020E+1
-1.277961E+1
-1.223277E+1
-1.171974E+1
-1.127433E+1
-1.090389E+1
-1.056579E+1
-1.031148E+1
-1.015860E+1
-1.006746E+1
-1.003218E+1
-1.003218E+1
-1.001454E+1
-9.963088E+0
-9.846958E+0
-9.648508E+0
-9.372148E+0
-9.070798E+0
-8.787088E+0
-8.544538E+0
-8.334328E+0
-8.187328E+0
-8.106478E+0
-8.091778E+0
-8.135878E+0
-8.232898E+0
-8.382838E+0
-8.579818E+0
-8.826778E+0
-9.128128E+0
-9.492688E+0
-9.963088E+0
-1.058784E+1
-1.150218E+1
-1.297365E+1
-1.700439E+1
-2.050005E+1
-2.050005E+1
-2.050005E+1
-2.050005E+1
-2.050005E+1
-1.378803E+1
-1.191966E+1
-1.095681E+1
-1.039380E+1
-1.008510E+1
-9.963088E+0
-9.980728E+0
-1.012185E+1
-1.031148E+1
-1.054374E+1
-1.075248E+1
-1.085244E+1
-1.082745E+1
-1.075248E+1
-1.065693E+1
-1.058784E+1
-1.060989E+1
-1.072749E+1
-1.098327E+1
-1.133607E+1
-1.183734E+1
-1.248855E+1
-1.311330E+1
-1.369101E+1
-1.399383E+1
-1.388799E+1
-1.351020E+1
-1.311330E+1
-1.277961E+1
-1.260027E+1
-1.254441E+1
-1.254441E+1
-1.271787E+1
-1.290750E+1
-1.318680E+1
-1.342494E+1
-1.378803E+1
-1.434663E+1
-1.549911E+1
-2.050005E+1
-2.050005E+1
-2.050005E+1
-2.050005E+1
-2.050005E+1
-2.050005E+1
-2.050005E+1
-2.050005E+1
-2.050005E+1
-2.050005E+1
-2.050005E+1
-2.050005E+1
-2.050005E+1
-2.050005E+1
-2.050005E+1
-2.050005E+1
-2.050005E+1
-2.050005E+1
-2.050005E+1
-2.050005E+1
-2.050005E+1
-2.050005E+1
-1.510368E+1
-1.326324E+1
-1.260027E+1
-1.228275E+1
-1.228275E+1
-1.238271E+1
-1.254441E+1
-1.277961E+1
-1.290750E+1
-1.297365E+1
-1.311330E+1
-1.334262E+1
-1.410555E+1
-1.748949E+1
-2.050005E+1
-2.050005E+1
-2.050005E+1
-2.050005E+1
-2.050005E+1
-2.050005E+1
-2.050005E+1
-2.050005E+1
-2.050005E+1
-2.050005E+1
-2.050005E+1
-2.050005E+1
-2.050005E+1
-2.050005E+1
-2.050005E+1
-1.447893E+1
-1.243563E+1
-1.171974E+1
-1.150218E+1
-1.153746E+1
-1.187850E+1
-1.248855E+1
-1.359840E+1
-1.598421E+1
-2.050005E+1
-2.050005E+1
-2.050005E+1
-2.050005E+1
-2.050005E+1
-2.050005E+1
-2.050005E+1
-1.660896E+1
-1.422315E+1
-1.326324E+1
-1.277961E+1
-1.260027E+1
-1.260027E+1
-1.277961E+1
-1.311330E+1
-1.342494E+1
