Date/Time	2022-06-20 02:23:44
Line location	1
Line name	A1
OTDR wavelength [nm]	1550
OTDR pulse duration [ns]	2
OTDR scan time [s]	10
OTDR scan length [m]	1.500000E+2
Length offset [m]	0.000000E+0
Length increment [m]	3.996806E-2
Switch ID	VIAVI Solutions,OTU 8000E,11654,FO,16.76
OTDR ID	JDSU,OTU 8000E,11654,OTU(SmartOTU),V7.22

Reflected amplitude [dB]
9.715020E-1
9.112320E-1
8.347920E-1
7.612920E-1
6.980820E-1
6.466320E-1
6.054720E-1
5.746020E-1
5.599020E-1
5.834220E-1
6.598620E-1
7.804020E-1
9.244620E-1
1.081752E+0
1.239042E+0
1.375752E+0
1.483062E+0
1.562442E+0
1.615362E+0
1.638882E+0
1.633002E+0
1.603602E+0
1.546272E+0
1.458072E+0
1.343412E+0
1.212582E+0
1.080282E+0
9.376920E-1
7.848120E-1
6.334020E-1
4.981620E-1
3.776220E-1
2.717820E-1
1.806420E-1
1.071420E-1
4.687200E-2
-1.680000E-4
-3.985800E-2
-7.072800E-2
-9.718800E-2
-1.207080E-1
-1.383480E-1
-1.545180E-1
-1.677480E-1
-1.795080E-1
-1.912680E-1
-2.015580E-1
-2.103780E-1
-2.221380E-1
-2.338980E-1
-2.471280E-1
-2.603580E-1
-2.735880E-1
-2.882880E-1
-3.015180E-1
-3.132780E-1
-3.250380E-1
-3.353280E-1
-3.441480E-1
-3.514980E-1
-3.603180E-1
-3.676680E-1
-3.750180E-1
-3.823680E-1
-3.897180E-1
-3.970680E-1
-4.014780E-1
-4.029480E-1
-4.029480E-1
-4.000080E-1
-3.926580E-1
-3.823680E-1
-3.691380E-1
-3.529680E-1
-3.338580E-1
-3.147480E-1
-2.941680E-1
-2.750580E-1
-2.588880E-1
-2.441880E-1
-2.324280E-1
-2.250780E-1
-2.221380E-1
-2.221380E-1
-2.265480E-1
-2.338980E-1
-2.441880E-1
-2.588880E-1
-2.750580E-1
-2.926980E-1
-3.132780E-1
-3.338580E-1
-3.544380E-1
-3.764880E-1
-3.970680E-1
-4.176480E-1
-4.352880E-1
-4.529280E-1
-4.676280E-1
-4.823280E-1
-4.940880E-1
-5.058480E-1
-5.146680E-1
-5.220180E-1
-5.278980E-1
-5.308380E-1
-5.293680E-1
-5.249580E-1
-5.176080E-1
-5.087880E-1
-4.984980E-1
-4.882080E-1
-4.793880E-1
-4.705680E-1
-4.661580E-1
-4.617480E-1
-4.602780E-1
-4.602780E-1
-4.602780E-1
-4.617480E-1
-4.646880E-1
-4.661580E-1
-4.690980E-1
-4.705680E-1
-4.735080E-1
-4.749780E-1
-4.764480E-1
-4.793880E-1
-4.823280E-1
-4.837980E-1
-4.867380E-1
-4.911480E-1
-4.955580E-1
-4.999680E-1
-5.058480E-1
-5.131980E-1
-5.190780E-1
-5.278980E-1
-5.352480E-1
-5.440680E-1
-5.514180E-1
-5.602380E-1
-5.675880E-1
-5.734680E-1
-5.793480E-1
-5.234880E-1
-2.133180E-1
5.084520E-1
1.552152E+0
2.689932E+0
3.767442E+0
4.711182E+0
5.509392E+0
6.178242E+0
6.739782E+0
7.202832E+0
7.576212E+0
7.864332E+0
8.074542E+0
8.212722E+0
8.286222E+0
8.300922E+0
8.261232E+0
8.168622E+0
8.026032E+0
7.833462E+0
7.593852E+0
7.310142E+0
6.985272E+0
6.617772E+0
6.213522E+0
5.778402E+0
5.316822E+0
4.836132E+0
4.343682E+0
3.849762E+0
3.370542E+0
2.913372E+0
2.491482E+0
2.121042E+0
1.810872E+0
1.555092E+0
1.346352E+0
1.172892E+0
1.022952E+0
8.803620E-1
7.230720E-1
5.466720E-1
3.717420E-1
2.144520E-1
8.215200E-2
-2.515800E-2
-1.133580E-1
-1.853880E-1
-2.427180E-1
-2.912280E-1
-3.294480E-1
-3.603180E-1
-3.838380E-1
-4.000080E-1
-4.117680E-1
-4.191180E-1
-4.235280E-1
-4.264680E-1
-4.294080E-1
-4.308780E-1
-4.338180E-1
-4.367580E-1
-4.411680E-1
-4.455780E-1
-4.514580E-1
-4.588080E-1
-4.646880E-1
-4.705680E-1
-4.764480E-1
-4.808580E-1
-4.852680E-1
-4.882080E-1
-4.896780E-1
-4.896780E-1
-4.882080E-1
-4.867380E-1
-4.837980E-1
-4.779180E-1
-4.735080E-1
-4.676280E-1
-4.632180E-1
-4.588080E-1
-4.558680E-1
-4.543980E-1
-4.558680E-1
-4.588080E-1
-4.617480E-1
-4.676280E-1
-4.720380E-1
-4.779180E-1
-4.823280E-1
-4.852680E-1
-4.882080E-1
-4.911480E-1
-4.926180E-1
-4.940880E-1
-4.955580E-1
-4.970280E-1
-4.970280E-1
-4.984980E-1
-4.984980E-1
-4.970280E-1
-4.955580E-1
-4.940880E-1
-4.911480E-1
-4.867380E-1
-4.837980E-1
-4.808580E-1
-4.793880E-1
-4.779180E-1
-4.779180E-1
-4.779180E-1
-4.808580E-1
-4.837980E-1
-4.882080E-1
-4.911480E-1
-4.940880E-1
-4.970280E-1
-4.984980E-1
-4.999680E-1
-5.014380E-1
-5.014380E-1
-5.014380E-1
-4.999680E-1
-4.999680E-1
-4.984980E-1
-4.984980E-1
-4.984980E-1
-4.984980E-1
-4.984980E-1
-4.984980E-1
-4.984980E-1
-4.984980E-1
-4.984980E-1
-4.955580E-1
-4.926180E-1
-4.867380E-1
-4.808580E-1
-4.735080E-1
-4.676280E-1
-4.632180E-1
-4.602780E-1
-4.602780E-1
-4.617480E-1
-4.676280E-1
-4.735080E-1
-4.808580E-1
-4.882080E-1
-4.940880E-1
-4.999680E-1
-5.029080E-1
-5.043780E-1
-5.058480E-1
-5.058480E-1
-5.043780E-1
-5.029080E-1
-5.014380E-1
-4.999680E-1
-4.999680E-1
-5.014380E-1
-5.029080E-1
-5.058480E-1
-5.087880E-1
-5.146680E-1
-5.190780E-1
-5.249580E-1
-5.293680E-1
-5.337780E-1
-5.352480E-1
-5.367180E-1
-5.337780E-1
-5.308380E-1
-5.264280E-1
-5.190780E-1
-5.117280E-1
-5.058480E-1
-4.984980E-1
-4.926180E-1
-4.896780E-1
-4.867380E-1
-4.867380E-1
-4.867380E-1
-4.867380E-1
-4.882080E-1
-4.896780E-1
-4.911480E-1
-4.926180E-1
-4.926180E-1
-4.940880E-1
-4.955580E-1
-4.970280E-1
-4.970280E-1
-4.984980E-1
-4.984980E-1
-4.970280E-1
-4.926180E-1
-4.867380E-1
-4.793880E-1
-4.690980E-1
-4.573380E-1
-4.455780E-1
-4.338180E-1
-4.235280E-1
-4.161780E-1
-4.102980E-1
-4.088280E-1
-4.073580E-1
-4.088280E-1
-4.117680E-1
-4.147080E-1
-4.191180E-1
-4.220580E-1
-4.264680E-1
-4.308780E-1
-4.352880E-1
-4.396980E-1
-4.441080E-1
-4.470480E-1
-4.514580E-1
-4.543980E-1
-4.588080E-1
-4.602780E-1
-4.632180E-1
-4.676280E-1
-4.705680E-1
-4.749780E-1
-4.793880E-1
-4.823280E-1
-4.852680E-1
-4.882080E-1
-4.882080E-1
-4.882080E-1
-4.852680E-1
-4.793880E-1
-4.749780E-1
-4.676280E-1
-4.617480E-1
-4.573380E-1
-4.529280E-1
-4.514580E-1
-4.514580E-1
-4.558680E-1
-4.617480E-1
-4.720380E-1
-4.823280E-1
-4.955580E-1
-5.102580E-1
-5.234880E-1
-5.337780E-1
-5.440680E-1
-5.514180E-1
-5.558280E-1
-5.587680E-1
-5.602380E-1
-5.587680E-1
-5.587680E-1
-5.558280E-1
-5.528880E-1
-5.470080E-1
-5.396580E-1
-5.293680E-1
-5.176080E-1
-5.029080E-1
-4.882080E-1
-4.735080E-1
-4.588080E-1
-4.470480E-1
-4.382280E-1
-4.323480E-1
-4.294080E-1
-4.279380E-1
-4.294080E-1
-4.323480E-1
-4.352880E-1
-4.411680E-1
-4.455780E-1
-4.499880E-1
-4.543980E-1
-4.588080E-1
-4.632180E-1
-4.661580E-1
-4.690980E-1
-4.720380E-1
-4.749780E-1
-4.779180E-1
-4.808580E-1
-4.852680E-1
-4.896780E-1
-4.955580E-1
-5.014380E-1
-5.073180E-1
-5.131980E-1
-5.190780E-1
-5.249580E-1
-5.308380E-1
-5.352480E-1
-5.396580E-1
-5.440680E-1
-5.470080E-1
-5.499480E-1
-5.528880E-1
-5.558280E-1
-5.572980E-1
-5.587680E-1
-5.587680E-1
-5.602380E-1
-5.587680E-1
-5.572980E-1
-5.543580E-1
-5.514180E-1
-5.455380E-1
-5.396580E-1
-5.323080E-1
-5.234880E-1
-5.146680E-1
-5.073180E-1
-5.014380E-1
-4.984980E-1
-4.970280E-1
-4.984980E-1
-5.014380E-1
-5.058480E-1
-5.117280E-1
-5.176080E-1
-5.220180E-1
-5.264280E-1
-5.278980E-1
-5.308380E-1
-5.308380E-1
-5.308380E-1
-5.293680E-1
-5.264280E-1
-5.220180E-1
-5.176080E-1
-5.117280E-1
-5.058480E-1
-4.999680E-1
-4.955580E-1
-4.911480E-1
-4.896780E-1
-4.896780E-1
-4.911480E-1
-4.926180E-1
-4.970280E-1
-4.999680E-1
-5.029080E-1
-5.058480E-1
-5.073180E-1
-5.073180E-1
-5.058480E-1
-5.029080E-1
-4.999680E-1
-4.940880E-1
-4.896780E-1
-4.837980E-1
-4.793880E-1
-4.749780E-1
-4.735080E-1
-4.749780E-1
-4.779180E-1
-4.837980E-1
-4.911480E-1
-4.999680E-1
-5.087880E-1
-5.176080E-1
-5.249580E-1
-5.323080E-1
-5.367180E-1
-5.396580E-1
-5.411280E-1
-5.425980E-1
-5.425980E-1
-5.425980E-1
-5.425980E-1
-5.425980E-1
-5.425980E-1
-5.411280E-1
-5.396580E-1
-5.381880E-1
-5.367180E-1
-5.352480E-1
-5.337780E-1
-5.352480E-1
-5.381880E-1
-5.425980E-1
-5.484780E-1
-5.543580E-1
-5.602380E-1
-5.661180E-1
-5.705280E-1
-5.719980E-1
-5.705280E-1
-5.690580E-1
-5.646480E-1
-5.602380E-1
-5.543580E-1
-5.499480E-1
-5.470080E-1
-5.425980E-1
-5.411280E-1
-5.396580E-1
-5.396580E-1
-5.396580E-1
-5.411280E-1
-5.425980E-1
-5.440680E-1
-5.455380E-1
-5.455380E-1
-5.440680E-1
-5.425980E-1
-5.396580E-1
-5.367180E-1
-5.323080E-1
-5.278980E-1
-5.234880E-1
-5.190780E-1
-5.161380E-1
-5.131980E-1
-5.117280E-1
-5.117280E-1
-5.117280E-1
-5.131980E-1
-5.146680E-1
-5.176080E-1
-5.220180E-1
-5.264280E-1
-5.323080E-1
-5.367180E-1
-5.411280E-1
-5.440680E-1
-5.470080E-1
-5.484780E-1
-5.470080E-1
-5.455380E-1
-5.411280E-1
-5.352480E-1
-5.293680E-1
-5.205480E-1
-5.131980E-1
-5.073180E-1
-4.999680E-1
-4.955580E-1
-4.926180E-1
-4.911480E-1
-4.911480E-1
-4.911480E-1
-4.940880E-1
-4.970280E-1
-4.984980E-1
-4.999680E-1
-4.999680E-1
-4.984980E-1
-4.955580E-1
-4.911480E-1
-4.852680E-1
-4.779180E-1
-4.705680E-1
-4.646880E-1
-4.573380E-1
-4.514580E-1
-4.485180E-1
-4.455780E-1
-4.455780E-1
-4.455780E-1
-4.485180E-1
-4.529280E-1
-4.573380E-1
-4.617480E-1
-4.646880E-1
-4.690980E-1
-4.720380E-1
-4.749780E-1
-4.779180E-1
-4.808580E-1
-4.852680E-1
-4.896780E-1
-4.955580E-1
-5.014380E-1
-5.058480E-1
-5.102580E-1
-5.131980E-1
-5.146680E-1
-5.146680E-1
-5.131980E-1
-5.117280E-1
-5.087880E-1
-5.058480E-1
-5.029080E-1
-4.984980E-1
-4.955580E-1
-4.911480E-1
-4.882080E-1
-4.852680E-1
-4.823280E-1
-4.808580E-1
-4.793880E-1
-4.793880E-1
-4.793880E-1
-4.808580E-1
-4.837980E-1
-4.852680E-1
-4.882080E-1
-4.926180E-1
-4.970280E-1
-5.014380E-1
-5.058480E-1
-5.102580E-1
-5.131980E-1
-5.176080E-1
-5.190780E-1
-5.190780E-1
-5.176080E-1
-5.146680E-1
-5.117280E-1
-5.073180E-1
-5.043780E-1
-5.014380E-1
-4.999680E-1
-4.999680E-1
-4.999680E-1
-5.029080E-1
-5.043780E-1
-5.073180E-1
-5.087880E-1
-5.117280E-1
-5.131980E-1
-5.146680E-1
-5.161380E-1
-5.161380E-1
-5.146680E-1
-5.146680E-1
-5.117280E-1
-5.102580E-1
-5.087880E-1
-5.073180E-1
-5.058480E-1
-5.058480E-1
-5.043780E-1
-5.043780E-1
-5.029080E-1
-5.029080E-1
-5.014380E-1
-4.999680E-1
-4.984980E-1
-4.955580E-1
-4.940880E-1
-4.940880E-1
-4.926180E-1
-4.926180E-1
-4.926180E-1
-4.955580E-1
-4.984980E-1
-5.029080E-1
-5.087880E-1
-5.161380E-1
-5.249580E-1
-5.323080E-1
-5.396580E-1
-5.455380E-1
-5.499480E-1
-5.528880E-1
-5.528880E-1
-5.514180E-1
-5.470080E-1
-5.440680E-1
-5.396580E-1
-5.352480E-1
-5.323080E-1
-5.293680E-1
-5.278980E-1
-5.264280E-1
-5.249580E-1
-5.234880E-1
-5.220180E-1
-5.205480E-1
-5.190780E-1
-5.176080E-1
-5.176080E-1
-5.176080E-1
-5.190780E-1
-5.205480E-1
-5.220180E-1
-5.249580E-1
-5.278980E-1
-5.293680E-1
-5.323080E-1
-5.352480E-1
-5.367180E-1
-5.381880E-1
-5.396580E-1
-5.425980E-1
-5.440680E-1
-5.455380E-1
-5.484780E-1
-5.499480E-1
-5.514180E-1
-5.528880E-1
-5.543580E-1
-5.528880E-1
-5.528880E-1
-5.499480E-1
-5.470080E-1
-5.425980E-1
-5.381880E-1
-5.337780E-1
-5.293680E-1
-5.264280E-1
-5.234880E-1
-5.220180E-1
-5.205480E-1
-5.176080E-1
-5.161380E-1
-5.146680E-1
-5.131980E-1
-5.117280E-1
-5.102580E-1
-5.102580E-1
-5.117280E-1
-5.161380E-1
-5.205480E-1
-5.278980E-1
-5.337780E-1
-5.411280E-1
-5.484780E-1
-5.528880E-1
-5.558280E-1
-5.558280E-1
-5.543580E-1
-5.499480E-1
-5.455380E-1
-5.396580E-1
-5.352480E-1
-5.308380E-1
-5.278980E-1
-5.278980E-1
-5.278980E-1
-5.293680E-1
-5.308380E-1
-5.337780E-1
-5.367180E-1
-5.381880E-1
-5.396580E-1
-5.411280E-1
-5.411280E-1
-5.396580E-1
-5.381880E-1
-5.367180E-1
-5.337780E-1
-5.323080E-1
-5.293680E-1
-5.278980E-1
-5.234880E-1
-5.205480E-1
-5.161380E-1
-5.102580E-1
-5.043780E-1
-4.970280E-1
-4.896780E-1
-4.823280E-1
-4.779180E-1
-4.735080E-1
-4.735080E-1
-4.749780E-1
-4.793880E-1
-4.852680E-1
-4.940880E-1
-5.029080E-1
-5.117280E-1
-5.190780E-1
-5.249580E-1
-5.278980E-1
-5.293680E-1
-5.278980E-1
-5.234880E-1
-5.176080E-1
-5.117280E-1
-5.058480E-1
-4.984980E-1
-4.926180E-1
-4.852680E-1
-4.793880E-1
-4.749780E-1
-4.705680E-1
-4.661580E-1
-4.661580E-1
-4.676280E-1
-4.720380E-1
-4.793880E-1
-4.896780E-1
-5.014380E-1
-5.131980E-1
-5.264280E-1
-5.367180E-1
-5.470080E-1
-5.543580E-1
-5.602380E-1
-5.646480E-1
-5.675880E-1
-5.690580E-1
-5.690580E-1
-5.690580E-1
-5.690580E-1
-5.690580E-1
-5.690580E-1
-5.675880E-1
-5.675880E-1
-5.661180E-1
-5.646480E-1
-5.617080E-1
-5.587680E-1
-5.543580E-1
-5.499480E-1
-5.455380E-1
-5.396580E-1
-5.352480E-1
-5.323080E-1
-5.293680E-1
-5.278980E-1
-5.264280E-1
-5.278980E-1
-5.278980E-1
-5.308380E-1
-5.323080E-1
-5.323080E-1
-5.323080E-1
-5.308380E-1
-5.293680E-1
-5.249580E-1
-5.190780E-1
-5.117280E-1
-5.043780E-1
-4.970280E-1
-4.896780E-1
-4.837980E-1
-4.779180E-1
-4.749780E-1
-4.720380E-1
-4.705680E-1
-4.705680E-1
-4.720380E-1
-4.749780E-1
-4.779180E-1
-4.808580E-1
-4.852680E-1
-4.867380E-1
-4.896780E-1
-4.911480E-1
-4.940880E-1
-4.955580E-1
-4.984980E-1
-5.014380E-1
-5.043780E-1
-5.087880E-1
-5.146680E-1
-5.205480E-1
-5.264280E-1
-5.323080E-1
-5.381880E-1
-5.411280E-1
-5.440680E-1
-5.455380E-1
-5.455380E-1
-5.440680E-1
-5.425980E-1
-5.396580E-1
-5.367180E-1
-5.337780E-1
-5.308380E-1
-5.278980E-1
-5.249580E-1
-5.234880E-1
-5.205480E-1
-5.190780E-1
-5.161380E-1
-5.131980E-1
-5.102580E-1
-5.087880E-1
-5.058480E-1
-5.029080E-1
-4.999680E-1
-4.970280E-1
-4.940880E-1
-4.911480E-1
-4.882080E-1
-4.852680E-1
-4.837980E-1
-4.823280E-1
-4.823280E-1
-4.837980E-1
-4.867380E-1
-4.896780E-1
-4.940880E-1
-4.984980E-1
-5.029080E-1
-5.073180E-1
-5.102580E-1
-5.117280E-1
-5.117280E-1
-5.117280E-1
-5.102580E-1
-5.087880E-1
-5.073180E-1
-5.043780E-1
-5.029080E-1
-4.984980E-1
-4.955580E-1
-4.926180E-1
-4.896780E-1
-4.852680E-1
-4.823280E-1
-4.808580E-1
-4.793880E-1
-4.779180E-1
-4.764480E-1
-4.764480E-1
-4.749780E-1
-4.735080E-1
-4.720380E-1
-4.705680E-1
-4.676280E-1
-4.646880E-1
-4.632180E-1
-4.646880E-1
-4.661580E-1
-4.705680E-1
-4.779180E-1
-4.867380E-1
-4.984980E-1
-5.117280E-1
-5.264280E-1
-5.396580E-1
-5.543580E-1
-5.661180E-1
-5.764080E-1
-5.852280E-1
-5.911080E-1
-5.955180E-1
-5.984580E-1
-5.999280E-1
-6.013980E-1
-6.013980E-1
-6.013980E-1
-6.013980E-1
-5.999280E-1
-5.984580E-1
-5.955180E-1
-5.911080E-1
-5.866980E-1
-5.808180E-1
-5.749380E-1
-5.690580E-1
-5.631780E-1
-5.572980E-1
-5.514180E-1
-5.455380E-1
-5.411280E-1
-5.367180E-1
-5.337780E-1
-5.308380E-1
-5.293680E-1
-5.293680E-1
-5.308380E-1
-5.323080E-1
-5.352480E-1
-5.367180E-1
-5.396580E-1
-5.396580E-1
-5.396580E-1
-5.381880E-1
-5.367180E-1
-5.337780E-1
-5.323080E-1
-5.308380E-1
-5.293680E-1
-5.293680E-1
-5.308380E-1
-5.337780E-1
-5.352480E-1
-5.381880E-1
-5.411280E-1
-5.440680E-1
-5.470080E-1
-5.499480E-1
-5.558280E-1
-5.631780E-1
-5.734680E-1
-5.866980E-1
-6.028680E-1
-6.219780E-1
-6.454980E-1
-6.719580E-1
-7.013580E-1
-7.322280E-1
-7.675080E-1
-8.013180E-1
-8.380680E-1
-8.733480E-1
-9.086280E-1
-9.424380E-1
-9.762480E-1
-1.007118E+0
-1.037988E+0
-1.067388E+0
-1.093848E+0
-1.120308E+0
-1.143828E+0
-1.162938E+0
-1.180578E+0
-1.195278E+0
-1.207038E+0
-1.214388E+0
-1.220268E+0
-1.223208E+0
-1.227618E+0
-1.230558E+0
-1.234968E+0
-1.240848E+0
-1.248198E+0
-1.255548E+0
-1.262898E+0
-1.270248E+0
-1.276128E+0
-1.279068E+0
-1.282008E+0
-1.283478E+0
-1.284948E+0
-1.286418E+0
-1.287888E+0
-1.292298E+0
-1.296708E+0
-1.302588E+0
-1.309938E+0
-1.315818E+0
-1.321698E+0
-1.327578E+0
-1.331988E+0
-1.334928E+0
-1.334928E+0
-1.336398E+0
-1.334928E+0
-1.334928E+0
-1.334928E+0
-1.334928E+0
-1.334928E+0
-1.334928E+0
-1.336398E+0
-1.336398E+0
-1.337868E+0
-1.337868E+0
-1.339338E+0
-1.340808E+0
-1.342278E+0
-1.343748E+0
-1.346688E+0
-1.348158E+0
-1.352568E+0
-1.355508E+0
-1.359918E+0
-1.365798E+0
-1.370208E+0
-1.376088E+0
-1.383438E+0
-1.389318E+0
-1.396668E+0
-1.401078E+0
-1.405488E+0
-1.406958E+0
-1.406958E+0
-1.404018E+0
-1.399608E+0
-1.395198E+0
-1.389318E+0
-1.383438E+0
-1.379028E+0
-1.376088E+0
-1.376088E+0
-1.377558E+0
-1.380498E+0
-1.387848E+0
-1.395198E+0
-1.405488E+0
-1.415778E+0
-1.427538E+0
-1.440768E+0
-1.452528E+0
-1.464288E+0
-1.474578E+0
-1.483398E+0
-1.490748E+0
-1.496628E+0
-1.499568E+0
-1.502508E+0
-1.503978E+0
-1.505448E+0
-1.506918E+0
-1.509858E+0
-1.514268E+0
-1.520148E+0
-1.527498E+0
-1.534848E+0
-1.542198E+0
-1.549548E+0
-1.556898E+0
-1.561308E+0
-1.562778E+0
-1.561308E+0
-1.556898E+0
-1.549548E+0
-1.539258E+0
-1.528968E+0
-1.517208E+0
-1.509858E+0
-1.503978E+0
-1.502508E+0
-1.505448E+0
-1.509858E+0
-1.515738E+0
-1.524558E+0
-1.531908E+0
-1.537788E+0
-1.543668E+0
-1.549548E+0
-1.553958E+0
-1.561308E+0
-1.568658E+0
-1.577478E+0
-1.587768E+0
-1.599528E+0
-1.611288E+0
-1.623048E+0
-1.633338E+0
-1.642158E+0
-1.648038E+0
-1.653918E+0
-1.656858E+0
-1.659798E+0
-1.661268E+0
-1.662738E+0
-1.662738E+0
-1.662738E+0
-1.662738E+0
-1.662738E+0
-1.664208E+0
-1.665678E+0
-1.670088E+0
-1.674498E+0
-1.680378E+0
-1.689198E+0
-1.698018E+0
-1.706838E+0
-1.715658E+0
-1.721538E+0
-1.724478E+0
-1.725948E+0
-1.723008E+0
-1.718598E+0
-1.712718E+0
-1.705368E+0
-1.698018E+0
-1.692138E+0
-1.689198E+0
-1.687728E+0
-1.689198E+0
-1.693608E+0
-1.699488E+0
-1.706838E+0
-1.715658E+0
-1.724478E+0
-1.733298E+0
-1.743588E+0
-1.753878E+0
-1.762698E+0
-1.771518E+0
-1.780338E+0
-1.786218E+0
-1.790628E+0
-1.793568E+0
-1.792098E+0
-1.790628E+0
-1.786218E+0
-1.780338E+0
-1.775928E+0
-1.772988E+0
-1.772988E+0
-1.774458E+0
-1.777398E+0
-1.783278E+0
-1.790628E+0
-1.796508E+0
-1.802388E+0
-1.808268E+0
-1.812678E+0
-1.818558E+0
-1.822968E+0
-1.830318E+0
-1.836198E+0
-1.845018E+0
-1.853838E+0
-1.861188E+0
-1.868538E+0
-1.874418E+0
-1.878828E+0
-1.881768E+0
-1.884708E+0
-1.886178E+0
-1.886178E+0
-1.889118E+0
-1.892058E+0
-1.894998E+0
-1.899408E+0
-1.905288E+0
-1.911168E+0
-1.917048E+0
-1.922928E+0
-1.928808E+0
-1.933218E+0
-1.939098E+0
-1.944978E+0
-1.949388E+0
-1.955268E+0
-1.958208E+0
-1.959678E+0
-1.959678E+0
-1.958208E+0
-1.953798E+0
-1.946448E+0
-1.939098E+0
-1.931748E+0
-1.925868E+0
-1.921458E+0
-1.921458E+0
-1.924398E+0
-1.930278E+0
-1.940568E+0
-1.950858E+0
-1.964088E+0
-1.975848E+0
-1.987608E+0
-1.997898E+0
-2.005248E+0
-2.011128E+0
-2.017008E+0
-2.019948E+0
-2.022888E+0
-2.027298E+0
-2.031708E+0
-2.037588E+0
-2.046408E+0
-2.056698E+0
-2.068458E+0
-2.081688E+0
-2.096388E+0
-2.111088E+0
-2.124318E+0
-2.136078E+0
-2.143428E+0
-2.146368E+0
-2.146368E+0
-2.139018E+0
-2.128728E+0
-2.114028E+0
-2.099328E+0
-2.083158E+0
-2.071398E+0
-2.062578E+0
-2.059638E+0
-2.062578E+0
-2.072868E+0
-2.089038E+0
-2.109618E+0
-2.134608E+0
-2.161068E+0
-2.187528E+0
-2.212518E+0
-2.236038E+0
-2.253678E+0
-2.266908E+0
-2.274258E+0
-2.277198E+0
-2.274258E+0
-2.269848E+0
-2.263968E+0
-2.258088E+0
-2.255148E+0
-2.255148E+0
-2.258088E+0
-2.266908E+0
-2.278668E+0
-2.290428E+0
-2.303658E+0
-2.315418E+0
-2.325708E+0
-2.334528E+0
-2.340408E+0
-2.344818E+0
-2.347758E+0
-2.350698E+0
-2.350698E+0
-2.350698E+0
-2.347758E+0
-2.344818E+0
-2.338938E+0
-2.331588E+0
-2.322768E+0
-2.312478E+0
-2.300718E+0
-2.288958E+0
-2.277198E+0
-2.266908E+0
-2.258088E+0
-2.250738E+0
-2.247798E+0
-2.247798E+0
-2.252208E+0
-2.258088E+0
-2.268378E+0
-2.280138E+0
-2.293368E+0
-2.309538E+0
-2.327178E+0
-2.346288E+0
-2.366868E+0
-2.387448E+0
-2.408028E+0
-2.428608E+0
-2.447718E+0
-2.462418E+0
-2.474178E+0
-2.482998E+0
-2.487408E+0
-2.487408E+0
-2.482998E+0
-2.475648E+0
-2.463888E+0
-2.452128E+0
-2.438898E+0
-2.425668E+0
-2.415378E+0
-2.406558E+0
-2.402148E+0
-2.399208E+0
-2.399208E+0
-2.402148E+0
-2.406558E+0
-2.412438E+0
-2.419788E+0
-2.428608E+0
-2.435958E+0
-2.444778E+0
-2.453598E+0
-2.462418E+0
-2.469768E+0
-2.475648E+0
-2.480058E+0
-2.481528E+0
-2.481528E+0
-2.481528E+0
-2.482998E+0
-2.485938E+0
-2.493288E+0
-2.503578E+0
-2.516808E+0
-2.534448E+0
-2.550618E+0
-2.563848E+0
-2.574138E+0
-2.577078E+0
-2.574138E+0
-2.563848E+0
-2.549148E+0
-2.532978E+0
-2.516808E+0
-2.502108E+0
-2.493288E+0
-2.488878E+0
-2.488878E+0
-2.496228E+0
-2.506518E+0
-2.519748E+0
-2.535918E+0
-2.553558E+0
-2.569728E+0
-2.584428E+0
-2.599128E+0
-2.610888E+0
-2.621178E+0
-2.629998E+0
-2.637348E+0
-2.643228E+0
-2.650578E+0
-2.659398E+0
-2.672628E+0
-2.685858E+0
-2.703498E+0
-2.721138E+0
-2.737308E+0
-2.749068E+0
-2.754948E+0
-2.754948E+0
-2.747598E+0
-2.735838E+0
-2.721138E+0
-2.704968E+0
-2.693208E+0
-2.682918E+0
-2.675568E+0
-2.672628E+0
-2.669688E+0
-2.666748E+0
-2.663808E+0
-2.657928E+0
-2.649108E+0
-2.641758E+0
-2.634408E+0
-2.631468E+0
-2.631468E+0
-2.638818E+0
-2.650578E+0
-2.668218E+0
-2.690268E+0
-2.713788E+0
-2.738778E+0
-2.760828E+0
-2.781408E+0
-2.797578E+0
-2.809338E+0
-2.818158E+0
-2.822568E+0
-2.825508E+0
-2.825508E+0
-2.824038E+0
-2.822568E+0
-2.819628E+0
-2.813748E+0
-2.807868E+0
-2.800518E+0
-2.791698E+0
-2.785818E+0
-2.784348E+0
-2.787288E+0
-2.794638E+0
-2.807868E+0
-2.826978E+0
-2.849028E+0
-2.872548E+0
-2.891658E+0
-2.909298E+0
-2.921058E+0
-2.926938E+0
-2.926938E+0
-2.922528E+0
-2.915178E+0
-2.903418E+0
-2.891658E+0
-2.878428E+0
-2.866668E+0
-2.856378E+0
-2.849028E+0
-2.844618E+0
-2.844618E+0
-2.846088E+0
-2.851968E+0
-2.859318E+0
-2.866668E+0
-2.874018E+0
-2.878428E+0
-2.882838E+0
-2.884308E+0
-2.882838E+0
-2.882838E+0
-2.881368E+0
-2.882838E+0
-2.885778E+0
-2.890188E+0
-2.899008E+0
-2.909298E+0
-2.922528E+0
-2.937228E+0
-2.951928E+0
-2.966628E+0
-2.981328E+0
-2.993088E+0
-3.003378E+0
-3.012198E+0
-3.018078E+0
-3.023958E+0
-3.028368E+0
-3.032778E+0
-3.035718E+0
-3.037188E+0
-3.037188E+0
-3.034248E+0
-3.029838E+0
-3.023958E+0
-3.016608E+0
-3.009258E+0
-3.003378E+0
-3.001908E+0
-3.003378E+0
-3.012198E+0
-3.025428E+0
-3.044538E+0
-3.068058E+0
-3.093048E+0
-3.119508E+0
-3.143028E+0
-3.163608E+0
-3.179778E+0
-3.191538E+0
-3.201828E+0
-3.209178E+0
-3.217998E+0
-3.226818E+0
-3.235638E+0
-3.244458E+0
-3.250338E+0
-3.253278E+0
-3.247398E+0
-3.235638E+0
-3.215058E+0
-3.188598E+0
-3.159198E+0
-3.129798E+0
-3.103338E+0
-3.082758E+0
-3.070998E+0
-3.068058E+0
-3.073938E+0
-3.088638E+0
-3.106278E+0
-3.126858E+0
-3.148908E+0
-3.166548E+0
-3.179778E+0
-3.187128E+0
-3.190068E+0
-3.188598E+0
-3.187128E+0
-3.184188E+0
-3.184188E+0
-3.187128E+0
-3.193008E+0
-3.200358E+0
-3.210648E+0
-3.220938E+0
-3.229758E+0
-3.238578E+0
-3.244458E+0
-3.250338E+0
-3.253278E+0
-3.257688E+0
-3.259158E+0
-3.259158E+0
-3.259158E+0
-3.256218E+0
-3.253278E+0
-3.248868E+0
-3.245928E+0
-3.242988E+0
-3.242988E+0
-3.244458E+0
-3.247398E+0
-3.254748E+0
-3.263568E+0
-3.272388E+0
-3.282678E+0
-3.290028E+0
-3.297378E+0
-3.301788E+0
-3.303258E+0
-3.301788E+0
-3.295908E+0
-3.288558E+0
-3.281208E+0
-3.272388E+0
-3.266508E+0
-3.265038E+0
-3.269448E+0
-3.278268E+0
-3.295908E+0
-3.316488E+0
-3.341478E+0
-3.369408E+0
-3.397338E+0
-3.420858E+0
-3.439968E+0
-3.453198E+0
-3.459078E+0
-3.459078E+0
-3.453198E+0
-3.442908E+0
-3.429678E+0
-3.414978E+0
-3.400278E+0
-3.387048E+0
-3.375288E+0
-3.364998E+0
-3.360588E+0
-3.359118E+0
-3.364998E+0
-3.375288E+0
-3.389988E+0
-3.409098E+0
-3.428208E+0
-3.447318E+0
-3.462018E+0
-3.472308E+0
-3.478188E+0
-3.479658E+0
-3.478188E+0
-3.475248E+0
-3.475248E+0
-3.479658E+0
-3.487008E+0
-3.495828E+0
-3.509058E+0
-3.523758E+0
-3.536988E+0
-3.548748E+0
-3.559038E+0
-3.566388E+0
-3.570798E+0
-3.575208E+0
-3.576678E+0
-3.575208E+0
-3.569328E+0
-3.560508E+0
-3.545808E+0
-3.528168E+0
-3.509058E+0
-3.489948E+0
-3.473778E+0
-3.462018E+0
-3.459078E+0
-3.462018E+0
-3.473778E+0
-3.489948E+0
-3.507588E+0
-3.526698E+0
-3.542868E+0
-3.554628E+0
-3.563448E+0
-3.569328E+0
-3.573738E+0
-3.578148E+0
-3.585498E+0
-3.594318E+0
-3.601668E+0
-3.607548E+0
-3.611958E+0
-3.611958E+0
-3.607548E+0
-3.600198E+0
-3.591378E+0
-3.582558E+0
-3.575208E+0
-3.570798E+0
-3.569328E+0
-3.569328E+0
-3.570798E+0
-3.572268E+0
-3.573738E+0
-3.572268E+0
-3.567858E+0
-3.561978E+0
-3.556098E+0
-3.550218E+0
-3.547278E+0
-3.548748E+0
-3.557568E+0
-3.573738E+0
-3.597258E+0
-3.628128E+0
-3.663408E+0
-3.700158E+0
-3.735438E+0
-3.763368E+0
-3.783948E+0
-3.792768E+0
-3.788358E+0
-3.775128E+0
-3.753078E+0
-3.728088E+0
-3.701628E+0
-3.675168E+0
-3.653118E+0
-3.638418E+0
-3.631068E+0
-3.629598E+0
-3.638418E+0
-3.653118E+0
-3.675168E+0
-3.703098E+0
-3.732498E+0
-3.763368E+0
-3.792768E+0
-3.817758E+0
-3.839808E+0
-3.857448E+0
-3.869208E+0
-3.876558E+0
-3.878028E+0
-3.875088E+0
-3.869208E+0
-3.863328E+0
-3.855978E+0
-3.845688E+0
-3.836868E+0
-3.826578E+0
-3.817758E+0
-3.803058E+0
-3.788358E+0
-3.770718E+0
-3.751608E+0
-3.731028E+0
-3.711918E+0
-3.694278E+0
-3.678108E+0
-3.666348E+0
-3.658998E+0
-3.653118E+0
-3.651648E+0
-3.651648E+0
-3.654588E+0
-3.660468E+0
-3.661938E+0
-3.658998E+0
-3.647238E+0
-3.620778E+0
-3.579618E+0
-3.520818E+0
-3.445848E+0
-3.360588E+0
-3.269448E+0
-3.181248E+0
-3.101868E+0
-3.035718E+0
-2.987208E+0
-2.957808E+0
-2.951928E+0
-2.963688E+0
-2.990148E+0
-3.031308E+0
-3.103338E+0
-3.244458E+0
-3.473778E+0
-3.770718E+0
-4.099998E+0
-4.438098E+0
-4.783548E+0
-5.139288E+0
-5.499438E+0
-5.865468E+0
-6.234438E+0
-6.601938E+0
-6.963558E+0
-7.323708E+0
-7.691208E+0
-8.079288E+0
-8.508528E+0
-9.014208E+0
-9.627198E+0
-1.042982E+1
-1.156319E+1
-1.372262E+1
-2.088005E+1
-2.088005E+1
-2.088005E+1
-2.088005E+1
-2.088005E+1
-2.088005E+1
-2.088005E+1
-2.088005E+1
-2.088005E+1
-2.088005E+1
-2.088005E+1
-2.088005E+1
-2.088005E+1
-2.088005E+1
-2.088005E+1
-2.088005E+1
-2.088005E+1
-2.088005E+1
-2.088005E+1
-2.088005E+1
-2.088005E+1
-2.088005E+1
-2.088005E+1
-2.088005E+1
-2.088005E+1
-2.088005E+1
-2.088005E+1
-2.088005E+1
-2.088005E+1
-2.088005E+1
-2.088005E+1
-2.088005E+1
-2.088005E+1
-2.088005E+1
-2.088005E+1
-2.088005E+1
-2.088005E+1
-2.088005E+1
-2.088005E+1
-2.088005E+1
-2.088005E+1
-2.088005E+1
-2.088005E+1
-2.088005E+1
-2.088005E+1
-2.088005E+1
-2.088005E+1
-2.088005E+1
-2.088005E+1
-2.088005E+1
-2.088005E+1
-2.088005E+1
-2.088005E+1
-2.088005E+1
-2.088005E+1
-2.088005E+1
-2.088005E+1
-2.088005E+1
-2.088005E+1
-2.088005E+1
-2.088005E+1
-2.088005E+1
-2.088005E+1
-2.088005E+1
-2.088005E+1
-2.088005E+1
-2.088005E+1
-2.088005E+1
-2.088005E+1
-2.088005E+1
-2.088005E+1
-2.088005E+1
-2.088005E+1
-2.088005E+1
-2.088005E+1
-2.088005E+1
-2.088005E+1
-2.088005E+1
-2.088005E+1
-2.088005E+1
-2.088005E+1
-2.088005E+1
-2.088005E+1
-2.088005E+1
-2.088005E+1
-2.088005E+1
-1.636421E+1
-1.271273E+1
-1.136327E+1
-1.053860E+1
-9.927078E+0
-9.474318E+0
-9.127398E+0
-8.871618E+0
-8.705508E+0
-8.612898E+0
-8.574678E+0
-8.604078E+0
-8.690808E+0
-8.828988E+0
-9.023028E+0
-9.278808E+0
-9.615438E+0
-1.007261E+1
-1.071206E+1
-1.168520E+1
-1.364324E+1
-2.088005E+1
-2.088005E+1
-2.088005E+1
-2.088005E+1
-2.088005E+1
-2.088005E+1
-2.088005E+1
-2.088005E+1
-2.088005E+1
-2.088005E+1
-2.088005E+1
-2.088005E+1
-2.088005E+1
-2.088005E+1
-2.088005E+1
-2.088005E+1
-2.088005E+1
-2.088005E+1
-2.088005E+1
-2.088005E+1
-2.088005E+1
-2.088005E+1
-2.088005E+1
-2.088005E+1
-2.088005E+1
-2.088005E+1
-2.088005E+1
-2.088005E+1
-2.088005E+1
-2.088005E+1
-2.088005E+1
-2.088005E+1
-2.088005E+1
-2.088005E+1
-1.315961E+1
-1.165433E+1
-1.083554E+1
-1.029311E+1
-9.941778E+0
-9.702168E+0
-9.543408E+0
-9.450798E+0
-9.428748E+0
-9.450798E+0
-9.519888E+0
-9.638958E+0
-9.791838E+0
-9.984408E+0
-1.019609E+1
-1.041218E+1
-1.059446E+1
-1.077380E+1
-1.092374E+1
-1.110749E+1
-1.131035E+1
-1.165433E+1
-1.221734E+1
-1.328750E+1
-1.610843E+1
-2.088005E+1
-2.088005E+1
-2.088005E+1
-2.088005E+1
-2.088005E+1
-2.088005E+1
-2.088005E+1
-2.088005E+1
-2.088005E+1
-2.088005E+1
-2.088005E+1
-2.088005E+1
-2.088005E+1
-2.088005E+1
-2.088005E+1
-2.088005E+1
-2.088005E+1
-2.088005E+1
-2.088005E+1
-2.088005E+1
-2.088005E+1
-2.088005E+1
-2.088005E+1
-2.088005E+1
-2.088005E+1
-2.088005E+1
-2.088005E+1
-2.088005E+1
-2.088005E+1
-2.088005E+1
-2.088005E+1
-2.088005E+1
-2.088005E+1
-2.088005E+1
-1.698896E+1
-1.472663E+1
-1.397840E+1
-1.356680E+1
-1.342274E+1
-1.349330E+1
-1.380494E+1
-1.437383E+1
-1.531022E+1
-1.698896E+1
-2.088005E+1
-2.088005E+1
-2.088005E+1
-1.738439E+1
-1.548368E+1
-1.437383E+1
-1.372262E+1
-1.349330E+1
-1.356680E+1
-1.407101E+1
-1.531022E+1
-2.088005E+1
-2.088005E+1
-2.088005E+1
-2.088005E+1
-2.088005E+1
-2.088005E+1
-2.088005E+1
-1.531022E+1
-1.372262E+1
-1.286855E+1
-1.234082E+1
-1.198802E+1
-1.174841E+1
-1.162346E+1
-1.156319E+1
-1.159259E+1
-1.171607E+1
-1.198802E+1
-1.256573E+1
-1.356680E+1
-1.636421E+1
-2.088005E+1
-2.088005E+1
-2.088005E+1
-2.088005E+1
-2.088005E+1
-2.088005E+1
-2.088005E+1
-2.088005E+1
-2.088005E+1
-2.088005E+1
-2.088005E+1
-2.088005E+1
-2.088005E+1
-2.088005E+1
-2.088005E+1
-2.088005E+1
-2.088005E+1
-2.088005E+1
-2.088005E+1
-2.088005E+1
-2.088005E+1
-2.088005E+1
-2.088005E+1
-2.088005E+1
-2.088005E+1
-2.088005E+1
-2.088005E+1
-2.088005E+1
-2.088005E+1
-2.088005E+1
-2.088005E+1
-2.088005E+1
-2.088005E+1
-2.088005E+1
-2.088005E+1
-2.088005E+1
-2.088005E+1
-2.088005E+1
-2.088005E+1
-2.088005E+1
-2.088005E+1
-2.088005E+1
-2.088005E+1
-2.088005E+1
-2.088005E+1
-2.088005E+1
-2.088005E+1
-2.088005E+1
-2.088005E+1
-2.088005E+1
-2.088005E+1
-2.088005E+1
-2.088005E+1
-2.088005E+1
-2.088005E+1
-2.088005E+1
-2.088005E+1
-2.088005E+1
-2.088005E+1
-2.088005E+1
-2.088005E+1
-2.088005E+1
-2.088005E+1
-2.088005E+1
-2.088005E+1
-2.088005E+1
-2.088005E+1
-2.088005E+1
-2.088005E+1
-2.088005E+1
-2.088005E+1
-2.088005E+1
-2.088005E+1
-2.088005E+1
-2.088005E+1
-2.088005E+1
-2.088005E+1
-2.088005E+1
-2.088005E+1
-2.088005E+1
-2.088005E+1
-2.088005E+1
-2.088005E+1
-2.088005E+1
-2.088005E+1
-2.088005E+1
-2.088005E+1
-2.088005E+1
-2.088005E+1
-2.088005E+1
-2.088005E+1
-2.088005E+1
-2.088005E+1
-2.088005E+1
-2.088005E+1
-2.088005E+1
-2.088005E+1
-2.088005E+1
-2.088005E+1
-2.088005E+1
-2.088005E+1
-2.088005E+1
-2.088005E+1
-2.088005E+1
-2.088005E+1
-2.088005E+1
-2.088005E+1
-1.698896E+1
-1.485893E+1
-1.342274E+1
-1.242902E+1
-1.162346E+1
-1.098989E+1
-1.048274E+1
-1.005791E+1
-9.702168E+0
-9.406698E+0
-9.137688E+0
-8.915718E+0
-8.730498E+0
-8.582028E+0
-8.471778E+0
-8.401218E+0
-8.380638E+0
-8.401218E+0
-8.457078E+0
-8.559978E+0
-8.690808E+0
-8.855448E+0
-9.061248E+0
-9.299388E+0
-9.590448E+0
-9.927078E+0
-1.032692E+1
-1.079438E+1
-1.136327E+1
-1.206152E+1
-1.292441E+1
-1.407101E+1
-1.587911E+1
-2.088005E+1
-2.088005E+1
-2.088005E+1
-2.088005E+1
-2.088005E+1
-2.088005E+1
-2.088005E+1
-2.088005E+1
-2.088005E+1
-2.088005E+1
-2.088005E+1
-2.088005E+1
-2.088005E+1
-2.088005E+1
-2.088005E+1
-2.088005E+1
-2.088005E+1
-2.088005E+1
-2.088005E+1
-2.088005E+1
-2.088005E+1
-2.088005E+1
-2.088005E+1
-2.088005E+1
-2.088005E+1
-2.088005E+1
-2.088005E+1
-1.587911E+1
-1.298027E+1
-1.171607E+1
-1.092374E+1
-1.042982E+1
-1.014905E+1
-1.002851E+1
-1.004321E+1
-1.017992E+1
-1.046510E+1
-1.090169E+1
-1.156319E+1
-1.266275E+1
-1.531022E+1
-2.088005E+1
-2.088005E+1
-2.088005E+1
-2.088005E+1
-2.088005E+1
-2.088005E+1
-2.088005E+1
-2.088005E+1
-2.088005E+1
-2.088005E+1
-2.088005E+1
-2.088005E+1
-2.088005E+1
-2.088005E+1
-1.636421E+1
-1.380494E+1
-1.303907E+1
-1.281563E+1
-1.281563E+1
-1.315961E+1
-1.364324E+1
-1.460315E+1
-1.636421E+1
-2.088005E+1
-2.088005E+1
-2.088005E+1
-2.088005E+1
-2.088005E+1
-2.088005E+1
-2.088005E+1
-2.088005E+1
-2.088005E+1
-2.088005E+1
-1.665380E+1
-1.372262E+1
-1.238492E+1
-1.156319E+1
-1.094579E+1
-1.048274E+1
-1.010201E+1
-9.765378E+0
-9.462558E+0
-9.206778E+0
-8.987748E+0
-8.821638E+0
-8.705508E+0
-8.651118E+0
-8.667288E+0
-8.771658E+0
-8.968638E+0
-9.258228E+0
-9.652188E+0
-1.014905E+1
-1.075322E+1
-1.136327E+1
-1.191746E+1
-1.225850E+1
-1.234082E+1
-1.229966E+1
-1.217765E+1
-1.213796E+1
-1.234082E+1
-1.286855E+1
-1.407101E+1
-2.088005E+1
-2.088005E+1
-2.088005E+1
-2.088005E+1
-2.088005E+1
-2.088005E+1
-2.088005E+1
-2.088005E+1
-2.088005E+1
-2.088005E+1
-2.088005E+1
-2.088005E+1
-2.088005E+1
-2.088005E+1
-2.088005E+1
-2.088005E+1
-2.088005E+1
-2.088005E+1
-2.088005E+1
-2.088005E+1
-2.088005E+1
-2.088005E+1
-2.088005E+1
-2.088005E+1
-2.088005E+1
-2.088005E+1
-2.088005E+1
-1.738439E+1
-1.397840E+1
-1.276271E+1
-1.202477E+1
-1.150439E+1
-1.113248E+1
-1.085759E+1
-1.067237E+1
-1.057535E+1
-1.053860E+1
-1.053860E+1
-1.057535E+1
-1.063268E+1
-1.069148E+1
-1.075322E+1
-1.077380E+1
-1.079438E+1
-1.075322E+1
-1.069148E+1
-1.061357E+1
-1.050185E+1
-1.041218E+1
-1.034309E+1
-1.032692E+1
-1.037690E+1
-1.051949E+1
-1.081496E+1
-1.128389E+1
-1.202477E+1
-1.322135E+1
-1.636421E+1
-2.088005E+1
-2.088005E+1
-2.088005E+1
-2.088005E+1
-2.088005E+1
-2.088005E+1
-2.088005E+1
-2.088005E+1
-2.088005E+1
-1.514852E+1
-1.266275E+1
-1.144706E+1
-1.071206E+1
-1.019609E+1
-9.857988E+0
-9.663948E+0
-9.566928E+0
-9.566928E+0
-9.615438E+0
-9.713928E+0
-9.831528E+0
-9.955008E+0
-1.007261E+1
-1.017992E+1
-1.029311E+1
-1.042982E+1
-1.063268E+1
-1.094579E+1
-1.139120E+1
-1.202477E+1
-1.309787E+1
-1.514852E+1
-2.088005E+1
-2.088005E+1
-2.088005E+1
-2.088005E+1
-2.088005E+1
-2.088005E+1
-2.088005E+1
-2.088005E+1
-2.088005E+1
-1.514852E+1
-1.380494E+1
-1.328750E+1
-1.322135E+1
-1.356680E+1
-1.485893E+1
-2.088005E+1
-2.088005E+1
-2.088005E+1
-2.088005E+1
-2.088005E+1
-2.088005E+1
-2.088005E+1
-2.088005E+1
-2.088005E+1
-2.088005E+1
-2.088005E+1
-2.088005E+1
-1.849424E+1
-1.460315E+1
-1.342274E+1
-1.276271E+1
-1.234082E+1
-1.202477E+1
-1.184837E+1
-1.174841E+1
-1.174841E+1
-1.178222E+1
-1.188218E+1
-1.195274E+1
-1.202477E+1
-1.202477E+1
-1.202477E+1
-1.206152E+1
-1.213796E+1
-1.234082E+1
-1.281563E+1
-1.389020E+1
-1.786949E+1
-2.088005E+1
-2.088005E+1
-2.088005E+1
-2.088005E+1
-2.088005E+1
-2.088005E+1
-2.088005E+1
-2.088005E+1
-2.088005E+1
-2.088005E+1
-2.088005E+1
-2.088005E+1
-2.088005E+1
-1.636421E+1
-1.548368E+1
-1.665380E+1
-2.088005E+1
-2.088005E+1
-2.088005E+1
-2.088005E+1
-2.088005E+1
-2.088005E+1
-2.088005E+1
-2.088005E+1
-2.088005E+1
-2.088005E+1
-2.088005E+1
-2.088005E+1
-2.088005E+1
-2.088005E+1
-2.088005E+1
-2.088005E+1
-2.088005E+1
-2.088005E+1
-2.088005E+1
-2.088005E+1
-2.088005E+1
-2.088005E+1
-2.088005E+1
-2.088005E+1
-2.088005E+1
-2.088005E+1
-2.088005E+1
-2.088005E+1
-2.088005E+1
-2.088005E+1
-2.088005E+1
-2.088005E+1
-2.088005E+1
-1.514852E+1
-1.315961E+1
-1.221734E+1
-1.159259E+1
-1.113248E+1
-1.079438E+1
-1.053860E+1
-1.037690E+1
-1.029311E+1
-1.029311E+1
-1.041218E+1
-1.065326E+1
-1.110749E+1
-1.188218E+1
-1.364324E+1
-2.088005E+1
-2.088005E+1
-2.088005E+1
-2.088005E+1
-2.088005E+1
-2.088005E+1
-2.088005E+1
-2.088005E+1
-2.088005E+1
-2.088005E+1
-2.088005E+1
-2.088005E+1
-2.088005E+1
-2.088005E+1
-2.088005E+1
-2.088005E+1
-2.088005E+1
-2.088005E+1
-2.088005E+1
-2.088005E+1
-2.088005E+1
-2.088005E+1
-2.088005E+1
-2.088005E+1
-2.088005E+1
-2.088005E+1
-2.088005E+1
-2.088005E+1
-1.548368E+1
-1.389020E+1
-1.309787E+1
-1.251869E+1
-1.202477E+1
-1.162346E+1
-1.123244E+1
-1.087964E+1
-1.061357E+1
-1.041218E+1
-1.030928E+1
-1.027694E+1
-1.029311E+1
-1.037690E+1
-1.046510E+1
-1.051949E+1
-1.048274E+1
-1.032692E+1
-1.005791E+1
-9.713928E+0
-9.362598E+0
-9.061248E+0
-8.828988E+0
-8.681988E+0
-8.634948E+0
-8.681988E+0
-8.837808E+0
-9.099468E+0
-9.484608E+0
-9.999108E+0
-1.067237E+1
-1.156319E+1
-1.292441E+1
-1.548368E+1
-2.088005E+1
-2.088005E+1
-2.088005E+1
-2.088005E+1
-2.088005E+1
-2.088005E+1
-2.088005E+1
-2.088005E+1
-2.088005E+1
-2.088005E+1
-2.088005E+1
-2.088005E+1
-2.088005E+1
-2.088005E+1
-2.088005E+1
-2.088005E+1
-2.088005E+1
-2.088005E+1
-2.088005E+1
-2.088005E+1
-2.088005E+1
-2.088005E+1
-2.088005E+1
-2.088005E+1
-2.088005E+1
-2.088005E+1
-2.088005E+1
-2.088005E+1
-2.088005E+1
-2.088005E+1
-2.088005E+1
-1.567331E+1
-1.342274E+1
-1.221734E+1
-1.147499E+1
-1.098989E+1
-1.073264E+1
-1.059446E+1
-1.057535E+1
-1.063268E+1
-1.077380E+1
-1.094579E+1
-1.110749E+1
-1.120745E+1
-1.123244E+1
-1.118099E+1
-1.110749E+1
-1.101341E+1
-1.094579E+1
-1.094579E+1
-1.106045E+1
-1.125743E+1
-1.162346E+1
-1.213796E+1
-1.292441E+1
-1.426799E+1
-1.786949E+1
-2.088005E+1
-2.088005E+1
-2.088005E+1
-2.088005E+1
-2.088005E+1
-2.088005E+1
-2.088005E+1
-2.088005E+1
-2.088005E+1
-1.610843E+1
-1.328750E+1
-1.198802E+1
-1.118099E+1
-1.067237E+1
-1.034309E+1
-1.017992E+1
-1.021079E+1
-1.042982E+1
-1.085759E+1
-1.156319E+1
-1.286855E+1
-1.698896E+1
-2.088005E+1
-2.088005E+1
-2.088005E+1
-2.088005E+1
-2.088005E+1
-2.088005E+1
-2.088005E+1
-2.088005E+1
-2.088005E+1
-2.088005E+1
-2.088005E+1
-2.088005E+1
-2.088005E+1
-2.088005E+1
-2.088005E+1
-2.088005E+1
-2.088005E+1
-2.088005E+1
-2.088005E+1
-2.088005E+1
-1.665380E+1
-1.448555E+1
-1.349330E+1
-1.292441E+1
-1.251869E+1
-1.221734E+1
-1.195274E+1
-1.178222E+1
-1.159259E+1
-1.147499E+1
-1.136327E+1
-1.133681E+1
-1.131035E+1
-1.131035E+1
-1.133681E+1
-1.133681E+1
-1.133681E+1
-1.128389E+1
-1.120745E+1
-1.110749E+1
-1.103693E+1
-1.103693E+1
-1.110749E+1
-1.123244E+1
-1.144706E+1
-1.168520E+1
-1.195274E+1
-1.213796E+1
-1.213796E+1
-1.198802E+1
-1.171607E+1
-1.141913E+1
-1.118099E+1
-1.101341E+1
-1.094579E+1
-1.096784E+1
-1.110749E+1
-1.131035E+1
-1.159259E+1
-1.188218E+1
-1.217765E+1
-1.234082E+1
-1.238492E+1
-1.225850E+1
-1.206152E+1
-1.178222E+1
-1.153379E+1
-1.128389E+1
-1.108397E+1
-1.092374E+1
-1.079438E+1
-1.065326E+1
-1.051949E+1
-1.039454E+1
-1.030928E+1
-1.025930E+1
-1.027694E+1
-1.036073E+1
-1.053860E+1
-1.081496E+1
-1.118099E+1
-1.162346E+1
-1.202477E+1
-1.234082E+1
-1.238492E+1
-1.225850E+1
-1.198802E+1
-1.174841E+1
-1.162346E+1
-1.165433E+1
-1.195274E+1
-1.251869E+1
-1.372262E+1
-1.738439E+1
-2.088005E+1
-2.088005E+1
-2.088005E+1
-2.088005E+1
-2.088005E+1
-2.088005E+1
-2.088005E+1
-2.088005E+1
-1.665380E+1
-1.342274E+1
-1.225850E+1
-1.162346E+1
-1.133681E+1
-1.131035E+1
-1.159259E+1
-1.225850E+1
-1.372262E+1
-2.088005E+1
-2.088005E+1
-2.088005E+1
-2.088005E+1
-2.088005E+1
-2.088005E+1
-2.088005E+1
-2.088005E+1
-1.460315E+1
-1.276271E+1
-1.206152E+1
-1.181456E+1
-1.195274E+1
-1.247312E+1
-1.380494E+1
-2.088005E+1
-2.088005E+1
-2.088005E+1
-2.088005E+1
-2.088005E+1
-2.088005E+1
-2.088005E+1
-2.088005E+1
-2.088005E+1
-2.088005E+1
-2.088005E+1
-2.088005E+1
-2.088005E+1
-2.088005E+1
-2.088005E+1
-2.088005E+1
-2.088005E+1
-2.088005E+1
-2.088005E+1
-1.416803E+1
-1.315961E+1
-1.281563E+1
-1.286855E+1
-1.328750E+1
-1.397840E+1
-1.499858E+1
-1.610843E+1
-1.698896E+1
-1.610843E+1
-1.485893E+1
-1.380494E+1
-1.286855E+1
-1.213796E+1
-1.153379E+1
-1.098989E+1
-1.055624E+1
-1.014905E+1
-9.791838E+0
-9.474318E+0
-9.206778E+0
-8.987748E+0
-8.821638E+0
-8.705508E+0
-8.634948E+0
-8.620248E+0
-8.667288E+0
-8.762838E+0
-8.924538E+0
-9.147978E+0
-9.462558E+0
-9.927078E+0
-1.061357E+1
-1.174841E+1
-1.460315E+1
-2.088005E+1
-2.088005E+1
-2.088005E+1
-2.088005E+1
-2.088005E+1
-2.088005E+1
-2.088005E+1
-2.088005E+1
-2.088005E+1
-2.088005E+1
-2.088005E+1
-2.088005E+1
-2.088005E+1
-2.088005E+1
-2.088005E+1
-2.088005E+1
-2.088005E+1
-1.665380E+1
-1.286855E+1
-1.139120E+1
-1.046510E+1
-9.791838E+0
-9.299388E+0
-8.950998E+0
-8.730498E+0
-8.604078E+0
-8.574678E+0
-8.620248E+0
-8.737848E+0
-8.898078E+0
-9.089178E+0
-9.289098E+0
-9.462558E+0
-9.602208E+0
-9.688938E+0
-9.752148E+0
-9.805068E+0
-9.872688E+0
-9.984408E+0
-1.014905E+1
-1.041218E+1
-1.079438E+1
-1.131035E+1
-1.202477E+1
-1.309787E+1
-1.531022E+1
-2.088005E+1
-2.088005E+1
-2.088005E+1
-2.088005E+1
-2.088005E+1
-2.088005E+1
-2.088005E+1
-2.088005E+1
-2.088005E+1
-2.088005E+1
-2.088005E+1
-2.088005E+1
-2.088005E+1
-1.665380E+1
-1.349330E+1
-1.234082E+1
-1.168520E+1
-1.128389E+1
-1.103693E+1
-1.087964E+1
-1.079438E+1
-1.077380E+1
-1.085759E+1
-1.103693E+1
-1.139120E+1
-1.202477E+1
-1.335365E+1
-2.088005E+1
-2.088005E+1
-2.088005E+1
-2.088005E+1
-2.088005E+1
-2.088005E+1
-2.088005E+1
-2.088005E+1
-2.088005E+1
-2.088005E+1
-2.088005E+1
-2.088005E+1
-2.088005E+1
-2.088005E+1
-2.088005E+1
-2.088005E+1
-2.088005E+1
-1.514852E+1
-1.448555E+1
-1.460315E+1
-1.531022E+1
-1.849424E+1
-2.088005E+1
-2.088005E+1
-2.088005E+1
-2.088005E+1
-2.088005E+1
-2.088005E+1
-2.088005E+1
-2.088005E+1
-2.088005E+1
-2.088005E+1
-2.088005E+1
-2.088005E+1
-2.088005E+1
-2.088005E+1
-1.514852E+1
-1.407101E+1
-1.364324E+1
-1.356680E+1
-1.364324E+1
-1.407101E+1
-1.514852E+1
-2.088005E+1
-2.088005E+1
-2.088005E+1
-2.088005E+1
-2.088005E+1
-2.088005E+1
-2.088005E+1
-2.088005E+1
-2.088005E+1
-2.088005E+1
-2.088005E+1
-2.088005E+1
-2.088005E+1
-2.088005E+1
-2.088005E+1
-2.088005E+1
-2.088005E+1
-2.088005E+1
-2.088005E+1
-2.088005E+1
-2.088005E+1
-2.088005E+1
-2.088005E+1
-2.088005E+1
-2.088005E+1
-2.088005E+1
-2.088005E+1
-2.088005E+1
-2.088005E+1
-2.088005E+1
-2.088005E+1
-2.088005E+1
-2.088005E+1
-2.088005E+1
-2.088005E+1
-2.088005E+1
-2.088005E+1
-2.088005E+1
-2.088005E+1
-2.088005E+1
-2.088005E+1
-2.088005E+1
-2.088005E+1
-2.088005E+1
-2.088005E+1
-2.088005E+1
-2.088005E+1
-1.587911E+1
-1.437383E+1
-1.356680E+1
-1.315961E+1
-1.298027E+1
-1.298027E+1
-1.322135E+1
-1.380494E+1
-1.514852E+1
-2.088005E+1
-2.088005E+1
-2.088005E+1
-2.088005E+1
-2.088005E+1
-2.088005E+1
-2.088005E+1
-2.088005E+1
-2.088005E+1
-2.088005E+1
-2.088005E+1
-2.088005E+1
-2.088005E+1
-2.088005E+1
-2.088005E+1
-2.088005E+1
-2.088005E+1
-2.088005E+1
-2.088005E+1
-2.088005E+1
-2.088005E+1
-2.088005E+1
-1.531022E+1
-1.271273E+1
-1.168520E+1
-1.108397E+1
-1.071206E+1
-1.046510E+1
-1.032692E+1
-1.024313E+1
-1.022696E+1
-1.025930E+1
-1.034309E+1
-1.048274E+1
-1.067237E+1
-1.087964E+1
-1.103693E+1
-1.113248E+1
-1.113248E+1
-1.098989E+1
-1.079438E+1
-1.059446E+1
-1.044746E+1
-1.036073E+1
-1.037690E+1
-1.050185E+1
-1.073264E+1
-1.113248E+1
-1.171607E+1
-1.256573E+1
-1.407101E+1
-2.088005E+1
-2.088005E+1
-2.088005E+1
-2.088005E+1
-2.088005E+1
-2.088005E+1
-2.088005E+1
-2.088005E+1
-2.088005E+1
-2.088005E+1
-2.088005E+1
-2.088005E+1
-2.088005E+1
-2.088005E+1
-2.088005E+1
-2.088005E+1
-2.088005E+1
-2.088005E+1
-2.088005E+1
-2.088005E+1
-2.088005E+1
-2.088005E+1
-2.088005E+1
-2.088005E+1
-2.088005E+1
-2.088005E+1
-2.088005E+1
-2.088005E+1
-1.587911E+1
-1.322135E+1
-1.225850E+1
-1.174841E+1
-1.153379E+1
-1.153379E+1
-1.171607E+1
-1.206152E+1
-1.271273E+1
-1.389020E+1
-1.786949E+1
-2.088005E+1
-2.088005E+1
-2.088005E+1
-2.088005E+1
-2.088005E+1
-2.088005E+1
-2.088005E+1
-2.088005E+1
-2.088005E+1
-2.088005E+1
-2.088005E+1
-2.088005E+1
-2.088005E+1
-2.088005E+1
-2.088005E+1
-2.088005E+1
-2.088005E+1
-2.088005E+1
-1.698896E+1
-1.499858E+1
-1.437383E+1
-1.460315E+1
-1.567331E+1
-2.088005E+1
-2.088005E+1
-2.088005E+1
-2.088005E+1
-2.088005E+1
-2.088005E+1
-2.088005E+1
-2.088005E+1
-2.088005E+1
-2.088005E+1
-2.088005E+1
-2.088005E+1
-2.088005E+1
-2.088005E+1
-2.088005E+1
-2.088005E+1
-2.088005E+1
-2.088005E+1
-2.088005E+1
-2.088005E+1
-2.088005E+1
-2.088005E+1
-2.088005E+1
-2.088005E+1
-2.088005E+1
-2.088005E+1
-2.088005E+1
-2.088005E+1
-1.698896E+1
-1.271273E+1
-1.136327E+1
-1.057535E+1
-1.005791E+1
-9.727158E+0
-9.543408E+0
-9.508128E+0
-9.615438E+0
-9.857988E+0
-1.029311E+1
-1.096784E+1
-1.202477E+1
-1.397840E+1
-2.088005E+1
-2.088005E+1
-2.088005E+1
-2.088005E+1
-2.088005E+1
-2.088005E+1
-2.088005E+1
-1.499858E+1
-1.342274E+1
-1.266275E+1
-1.221734E+1
-1.195274E+1
-1.184837E+1
-1.181456E+1
-1.191746E+1
-1.209974E+1
-1.238492E+1
-1.276271E+1
-1.328750E+1
-1.397840E+1
-1.485893E+1
-1.636421E+1
-1.786949E+1
-1.937477E+1
-1.786949E+1
-1.610843E+1
-1.460315E+1
-1.342274E+1
-1.256573E+1
-1.191746E+1
-1.141913E+1
-1.106045E+1
-1.081496E+1
-1.067237E+1
-1.061357E+1
-1.067237E+1
-1.079438E+1
-1.103693E+1
-1.136327E+1
-1.184837E+1
-1.247312E+1
-1.335365E+1
-1.514852E+1
-2.088005E+1
-2.088005E+1
-2.088005E+1
-2.088005E+1
-2.088005E+1
-2.088005E+1
-2.088005E+1
-2.088005E+1
-2.088005E+1
-2.088005E+1
-2.088005E+1
-2.088005E+1
-2.088005E+1
-2.088005E+1
-2.088005E+1
-2.088005E+1
-2.088005E+1
-2.088005E+1
-2.088005E+1
-2.088005E+1
-2.088005E+1
-2.088005E+1
-2.088005E+1
-2.088005E+1
-2.088005E+1
-2.088005E+1
-2.088005E+1
-2.088005E+1
-2.088005E+1
-2.088005E+1
-2.088005E+1
-2.088005E+1
-2.088005E+1
-2.088005E+1
-2.088005E+1
-2.088005E+1
-2.088005E+1
-2.088005E+1
-2.088005E+1
-2.088005E+1
-2.088005E+1
-2.088005E+1
-2.088005E+1
-2.088005E+1
-2.088005E+1
-2.088005E+1
-2.088005E+1
-2.088005E+1
-2.088005E+1
-2.088005E+1
-2.088005E+1
-2.088005E+1
-2.088005E+1
-2.088005E+1
-2.088005E+1
-2.088005E+1
-2.088005E+1
-2.088005E+1
-2.088005E+1
-2.088005E+1
-1.485893E+1
-1.356680E+1
-1.309787E+1
-1.286855E+1
-1.271273E+1
-1.242902E+1
-1.206152E+1
-1.156319E+1
-1.098989E+1
-1.042982E+1
-9.913848E+0
-9.496368E+0
-9.186198E+0
-8.987748E+0
-8.898078E+0
-8.950998E+0
-9.137688E+0
-9.474318E+0
-9.984408E+0
-1.071206E+1
-1.171607E+1
-1.315961E+1
-1.514852E+1
-1.738439E+1
-1.636421E+1
-1.472663E+1
-1.349330E+1
-1.286855E+1
-1.261277E+1
-1.276271E+1
-1.349330E+1
-1.587911E+1
-2.088005E+1
-2.088005E+1
-2.088005E+1
-2.088005E+1
-2.088005E+1
-2.088005E+1
-2.088005E+1
-2.088005E+1
-1.665380E+1
-1.303907E+1
-1.184837E+1
-1.115747E+1
-1.077380E+1
-1.055624E+1
-1.046510E+1
-1.050185E+1
-1.059446E+1
-1.077380E+1
-1.103693E+1
-1.133681E+1
-1.168520E+1
-1.209974E+1
-1.251869E+1
-1.303907E+1
-1.364324E+1
-1.437383E+1
-1.531022E+1
-1.738439E+1
-2.088005E+1
-2.088005E+1
-2.088005E+1
-2.088005E+1
-2.088005E+1
-2.088005E+1
-2.088005E+1
-2.088005E+1
-2.088005E+1
-2.088005E+1
-2.088005E+1
-2.088005E+1
-2.088005E+1
-2.088005E+1
-2.088005E+1
-1.587911E+1
-1.221734E+1
-1.090169E+1
-1.010201E+1
-9.566928E+0
-9.196488E+0
-8.950998E+0
-8.795178E+0
-8.721678E+0
-8.705508E+0
-8.754018E+0
-8.846628E+0
-8.996568E+0
-9.186198E+0
-9.406698E+0
-9.675708E+0
-9.955008E+0
-1.025930E+1
-1.055624E+1
-1.087964E+1
-1.120745E+1
-1.159259E+1
-1.209974E+1
-1.281563E+1
-1.416803E+1
-2.088005E+1
-2.088005E+1
-2.088005E+1
-2.088005E+1
-2.088005E+1
-2.088005E+1
-2.088005E+1
-2.088005E+1
-2.088005E+1
-2.088005E+1
-2.088005E+1
-2.088005E+1
-2.088005E+1
-2.088005E+1
-2.088005E+1
-2.088005E+1
-2.088005E+1
-2.088005E+1
-2.088005E+1
-2.088005E+1
-2.088005E+1
-2.088005E+1
-2.088005E+1
-2.088005E+1
-2.088005E+1
-2.088005E+1
-2.088005E+1
-2.088005E+1
-2.088005E+1
-2.088005E+1
-2.088005E+1
-2.088005E+1
-2.088005E+1
-2.088005E+1
-2.088005E+1
-2.088005E+1
-2.088005E+1
-2.088005E+1
-2.088005E+1
-2.088005E+1
-2.088005E+1
-2.088005E+1
-2.088005E+1
-2.088005E+1
-2.088005E+1
-2.088005E+1
-2.088005E+1
-2.088005E+1
-2.088005E+1
-2.088005E+1
-2.088005E+1
-2.088005E+1
-2.088005E+1
-2.088005E+1
-2.088005E+1
-2.088005E+1
-2.088005E+1
-2.088005E+1
-2.088005E+1
-2.088005E+1
-2.088005E+1
-2.088005E+1
-1.485893E+1
-1.247312E+1
-1.136327E+1
-1.071206E+1
-1.030928E+1
-1.011818E+1
-1.011818E+1
-1.027694E+1
-1.059446E+1
-1.108397E+1
-1.181456E+1
-1.292441E+1
-1.472663E+1
-1.937477E+1
-2.088005E+1
-2.088005E+1
-1.738439E+1
-1.397840E+1
-1.242902E+1
-1.136327E+1
-1.063268E+1
-1.008731E+1
-9.713928E+0
-9.484608E+0
-9.384648E+0
-9.428748E+0
-9.627198E+0
-1.001381E+1
-1.067237E+1
-1.178222E+1
-1.448555E+1
-2.088005E+1
-2.088005E+1
-2.088005E+1
-2.088005E+1
-2.088005E+1
-2.088005E+1
-2.088005E+1
-2.088005E+1
-2.088005E+1
-2.088005E+1
-2.088005E+1
-2.088005E+1
-2.088005E+1
-2.088005E+1
-2.088005E+1
-2.088005E+1
-2.088005E+1
-2.088005E+1
-2.088005E+1
-2.088005E+1
-2.088005E+1
-2.088005E+1
-2.088005E+1
-2.088005E+1
-2.088005E+1
-2.088005E+1
-2.088005E+1
-1.786949E+1
-1.198802E+1
-1.067237E+1
-1.001381E+1
-9.675708E+0
-9.555168E+0
-9.627198E+0
-9.899148E+0
-1.041218E+1
-1.131035E+1
-1.309787E+1
-2.088005E+1
-2.088005E+1
-2.088005E+1
-2.088005E+1
-2.088005E+1
-2.088005E+1
-2.088005E+1
-2.088005E+1
-2.088005E+1
-2.088005E+1
-2.088005E+1
-2.088005E+1
-2.088005E+1
-2.088005E+1
-2.088005E+1
-2.088005E+1
-2.088005E+1
-2.088005E+1
-2.088005E+1
-2.088005E+1
-1.472663E+1
-1.292441E+1
-1.213796E+1
-1.178222E+1
-1.174841E+1
-1.198802E+1
-1.261277E+1
-1.389020E+1
-2.088005E+1
-2.088005E+1
-2.088005E+1
-2.088005E+1
-2.088005E+1
-2.088005E+1
-2.088005E+1
-2.088005E+1
-2.088005E+1
-1.937477E+1
-1.849424E+1
-2.088005E+1
-2.088005E+1
-2.088005E+1
-2.088005E+1
-2.088005E+1
-2.088005E+1
-2.088005E+1
-2.088005E+1
-2.088005E+1
-2.088005E+1
-2.088005E+1
-2.088005E+1
-2.088005E+1
-1.610843E+1
-1.448555E+1
-1.472663E+1
-1.698896E+1
-2.088005E+1
-2.088005E+1
-2.088005E+1
-2.088005E+1
-2.088005E+1
-2.088005E+1
-2.088005E+1
-2.088005E+1
-2.088005E+1
-2.088005E+1
-2.088005E+1
-2.088005E+1
-2.088005E+1
-2.088005E+1
-2.088005E+1
-2.088005E+1
-2.088005E+1
-2.088005E+1
-2.088005E+1
-2.088005E+1
-2.088005E+1
-2.088005E+1
-1.567331E+1
-1.213796E+1
-1.085759E+1
-1.007261E+1
-9.519888E+0
-9.137688E+0
-8.871618E+0
-8.714328E+0
-8.658468E+0
-8.681988E+0
-8.812818E+0
-9.042138E+0
-9.374358E+0
-9.818298E+0
-1.036073E+1
-1.098989E+1
-1.162346E+1
-1.206152E+1
-1.202477E+1
-1.153379E+1
-1.090169E+1
-1.025930E+1
-9.713928E+0
-9.258228E+0
-8.915718E+0
-8.674638E+0
-8.530578E+0
-8.493828E+0
-8.552628E+0
-8.737848E+0
-9.050958E+0
-9.543408E+0
-1.030928E+1
-1.153379E+1
-1.426799E+1
-2.088005E+1
-2.088005E+1
-2.088005E+1
-2.088005E+1
-2.088005E+1
-2.088005E+1
-1.531022E+1
-1.247312E+1
-1.133681E+1
-1.077380E+1
-1.048274E+1
-1.039454E+1
-1.050185E+1
-1.075322E+1
-1.115747E+1
-1.171607E+1
-1.247312E+1
-1.349330E+1
-1.499858E+1
-1.786949E+1
-2.088005E+1
-2.088005E+1
-2.088005E+1
-2.088005E+1
-2.088005E+1
-2.088005E+1
-2.088005E+1
-2.088005E+1
-2.088005E+1
-2.088005E+1
-2.088005E+1
-2.088005E+1
-2.088005E+1
-2.088005E+1
-2.088005E+1
-2.088005E+1
-2.088005E+1
-2.088005E+1
-2.088005E+1
-2.088005E+1
-2.088005E+1
-2.088005E+1
-2.088005E+1
-2.088005E+1
-2.088005E+1
-2.088005E+1
-2.088005E+1
-2.088005E+1
-2.088005E+1
-2.088005E+1
-2.088005E+1
-2.088005E+1
-2.088005E+1
-2.088005E+1
-2.088005E+1
-2.088005E+1
-2.088005E+1
-2.088005E+1
-2.088005E+1
-2.088005E+1
-2.088005E+1
-2.088005E+1
-2.088005E+1
-2.088005E+1
-2.088005E+1
-2.088005E+1
-2.088005E+1
-2.088005E+1
-2.088005E+1
-2.088005E+1
-2.088005E+1
-2.088005E+1
-2.088005E+1
-2.088005E+1
-2.088005E+1
-1.426799E+1
-1.221734E+1
-1.125743E+1
-1.073264E+1
-1.046510E+1
-1.041218E+1
-1.055624E+1
-1.090169E+1
-1.153379E+1
-1.251869E+1
-1.426799E+1
-2.088005E+1
-2.088005E+1
-2.088005E+1
-2.088005E+1
-1.389020E+1
-1.198802E+1
-1.085759E+1
-1.005791E+1
-9.508128E+0
-9.108288E+0
-8.828988E+0
-8.651118E+0
-8.559978E+0
-8.530578E+0
-8.552628E+0
-8.627598E+0
-8.737848E+0
-8.889258E+0
-9.080358E+0
-9.319968E+0
-9.602208E+0
-9.927078E+0
-1.030928E+1
-1.075322E+1
-1.131035E+1
-1.195274E+1
-1.281563E+1
-1.389020E+1
-1.587911E+1
-2.088005E+1
-2.088005E+1
-2.088005E+1
-2.088005E+1
-2.088005E+1
-2.088005E+1
-2.088005E+1
-2.088005E+1
-2.088005E+1
-2.088005E+1
-2.088005E+1
-2.088005E+1
-2.088005E+1
-2.088005E+1
-2.088005E+1
-2.088005E+1
-2.088005E+1
-2.088005E+1
-2.088005E+1
-2.088005E+1
-2.088005E+1
-2.088005E+1
-2.088005E+1
-2.088005E+1
-2.088005E+1
-2.088005E+1
-2.088005E+1
-2.088005E+1
-2.088005E+1
-2.088005E+1
-1.610843E+1
-1.303907E+1
-1.178222E+1
-1.101341E+1
-1.050185E+1
-1.017992E+1
-9.999108E+0
-9.927078E+0
-9.955008E+0
-1.005791E+1
-1.021079E+1
-1.037690E+1
-1.051949E+1
