Date/Time	2022-06-14 11:26:06
Line location	3
Line name	C1
OTDR wavelength [nm]	1625
OTDR pulse duration [ns]	2
OTDR scan time [s]	10
OTDR scan length [m]	1.500000E+2
Length offset [m]	0.000000E+0
Length increment [m]	3.996806E-2
Switch ID	VIAVI Solutions,OTU 8000E,11654,FO,16.76
OTDR ID	JDSU,OTU 8000E,11654,OTU(SmartOTU),V7.22

Reflected amplitude [dB]
1.314952E+0
1.253212E+0
1.184122E+0
1.119442E+0
1.067992E+0
1.035652E+0
1.040062E+0
1.115032E+0
1.272322E+0
1.492822E+0
1.753012E+0
2.022022E+0
2.255752E+0
2.435092E+0
2.565922E+0
2.657062E+0
2.721742E+0
2.758492E+0
2.757022E+0
2.707042E+0
2.612962E+0
2.476252E+0
2.313082E+0
2.141092E+0
1.961752E+0
1.769182E+0
1.564852E+0
1.351702E+0
1.148842E+0
9.650920E-1
7.931020E-1
6.343420E-1
4.976320E-1
3.859120E-1
2.962420E-1
2.212720E-1
1.595320E-1
1.066120E-1
6.104200E-2
2.135200E-2
-1.245800E-2
-3.891800E-2
-5.949800E-2
-7.566800E-2
-8.448800E-2
-8.889800E-2
-8.889800E-2
-8.742800E-2
-8.448800E-2
-8.448800E-2
-8.595800E-2
-9.330800E-2
-1.035980E-1
-1.197680E-1
-1.388780E-1
-1.594580E-1
-1.829780E-1
-2.079680E-1
-2.329580E-1
-2.579480E-1
-2.829380E-1
-3.064580E-1
-3.299780E-1
-3.534980E-1
-3.740780E-1
-3.917180E-1
-4.064180E-1
-4.152380E-1
-4.196480E-1
-4.152380E-1
-4.034780E-1
-3.828980E-1
-3.564380E-1
-3.240980E-1
-2.888180E-1
-2.505980E-1
-2.138480E-1
-1.815080E-1
-1.535780E-1
-1.315280E-1
-1.182980E-1
-1.109480E-1
-1.124180E-1
-1.197680E-1
-1.329980E-1
-1.491680E-1
-1.712180E-1
-1.947380E-1
-2.197280E-1
-2.476580E-1
-2.755880E-1
-3.049880E-1
-3.329180E-1
-3.608480E-1
-3.858380E-1
-4.078880E-1
-4.284680E-1
-4.475780E-1
-4.637480E-1
-4.813880E-1
-4.975580E-1
-5.137280E-1
-5.298980E-1
-5.445980E-1
-5.578280E-1
-5.695880E-1
-5.769380E-1
-5.813480E-1
-5.842880E-1
-5.842880E-1
-5.828180E-1
-5.813480E-1
-5.813480E-1
-5.813480E-1
-5.828180E-1
-5.842880E-1
-5.857580E-1
-5.886980E-1
-5.886980E-1
-5.886980E-1
-5.872280E-1
-5.842880E-1
-5.813480E-1
-5.784080E-1
-5.769380E-1
-5.754680E-1
-5.769380E-1
-5.798780E-1
-5.842880E-1
-5.901680E-1
-5.960480E-1
-6.004580E-1
-6.048680E-1
-6.078080E-1
-6.107480E-1
-6.122180E-1
-6.122180E-1
-6.122180E-1
-6.107480E-1
-6.107480E-1
-6.092780E-1
-6.063380E-1
-6.019280E-1
-5.931080E-1
-5.798780E-1
-5.651780E-1
-5.460680E-1
-5.137280E-1
-4.608080E-1
-3.887780E-1
-2.858780E-1
-1.594580E-1
-3.156800E-2
7.427200E-2
1.580620E-1
2.227420E-1
2.697820E-1
3.035920E-1
3.241720E-1
3.344620E-1
3.329920E-1
3.197620E-1
2.918320E-1
2.521420E-1
2.036320E-1
1.448320E-1
8.015200E-2
1.400200E-2
-4.773800E-2
-1.050680E-1
-1.594580E-1
-2.109080E-1
-2.579480E-1
-2.991080E-1
-3.373280E-1
-3.696680E-1
-3.975980E-1
-4.225880E-1
-4.431680E-1
-4.593380E-1
-4.740380E-1
-4.857980E-1
-4.946180E-1
-5.004980E-1
-5.034380E-1
-5.049080E-1
-5.063780E-1
-5.049080E-1
-5.049080E-1
-5.034380E-1
-5.034380E-1
-5.034380E-1
-5.034380E-1
-5.049080E-1
-5.049080E-1
-5.049080E-1
-5.049080E-1
-5.049080E-1
-5.049080E-1
-5.049080E-1
-5.034380E-1
-5.019680E-1
-5.019680E-1
-5.004980E-1
-4.990280E-1
-4.975580E-1
-4.960880E-1
-4.931480E-1
-4.902080E-1
-4.872680E-1
-4.828580E-1
-4.769780E-1
-4.710980E-1
-4.637480E-1
-4.549280E-1
-4.431680E-1
-4.314080E-1
-4.196480E-1
-4.064180E-1
-3.917180E-1
-3.784880E-1
-3.652580E-1
-3.534980E-1
-3.446780E-1
-3.373280E-1
-3.343880E-1
-3.358580E-1
-3.417380E-1
-3.534980E-1
-3.696680E-1
-3.887780E-1
-4.108280E-1
-4.328780E-1
-4.549280E-1
-4.755080E-1
-4.931480E-1
-5.078480E-1
-5.210780E-1
-5.298980E-1
-5.387180E-1
-5.445980E-1
-5.490080E-1
-5.519480E-1
-5.519480E-1
-5.490080E-1
-5.416580E-1
-5.328380E-1
-5.196080E-1
-5.063780E-1
-4.902080E-1
-4.755080E-1
-4.622780E-1
-4.519880E-1
-4.446380E-1
-4.402280E-1
-4.402280E-1
-4.416980E-1
-4.475780E-1
-4.534580E-1
-4.608080E-1
-4.696280E-1
-4.784480E-1
-4.857980E-1
-4.931480E-1
-5.004980E-1
-5.049080E-1
-5.093180E-1
-5.107880E-1
-5.107880E-1
-5.093180E-1
-5.049080E-1
-5.004980E-1
-4.946180E-1
-4.872680E-1
-4.813880E-1
-4.740380E-1
-4.666880E-1
-4.593380E-1
-4.519880E-1
-4.446380E-1
-4.358180E-1
-4.299380E-1
-4.240580E-1
-4.196480E-1
-4.181780E-1
-4.181780E-1
-4.181780E-1
-4.196480E-1
-4.225880E-1
-4.255280E-1
-4.269980E-1
-4.284680E-1
-4.299380E-1
-4.299380E-1
-4.299380E-1
-4.299380E-1
-4.299380E-1
-4.314080E-1
-4.343480E-1
-4.372880E-1
-4.416980E-1
-4.446380E-1
-4.490480E-1
-4.519880E-1
-4.563980E-1
-4.578680E-1
-4.593380E-1
-4.608080E-1
-4.622780E-1
-4.622780E-1
-4.637480E-1
-4.652180E-1
-4.666880E-1
-4.710980E-1
-4.755080E-1
-4.813880E-1
-4.872680E-1
-4.946180E-1
-5.019680E-1
-5.093180E-1
-5.151980E-1
-5.210780E-1
-5.254880E-1
-5.284280E-1
-5.298980E-1
-5.313680E-1
-5.298980E-1
-5.269580E-1
-5.254880E-1
-5.210780E-1
-5.181380E-1
-5.151980E-1
-5.107880E-1
-5.078480E-1
-5.034380E-1
-5.004980E-1
-4.975580E-1
-4.960880E-1
-4.946180E-1
-4.931480E-1
-4.931480E-1
-4.931480E-1
-4.946180E-1
-4.946180E-1
-4.931480E-1
-4.916780E-1
-4.872680E-1
-4.799180E-1
-4.710980E-1
-4.593380E-1
-4.461080E-1
-4.314080E-1
-4.167080E-1
-4.034780E-1
-3.931880E-1
-3.843680E-1
-3.784880E-1
-3.770180E-1
-3.770180E-1
-3.814280E-1
-3.873080E-1
-3.931880E-1
-4.005380E-1
-4.064180E-1
-4.122980E-1
-4.167080E-1
-4.211180E-1
-4.255280E-1
-4.314080E-1
-4.372880E-1
-4.446380E-1
-4.519880E-1
-4.608080E-1
-4.681580E-1
-4.755080E-1
-4.828580E-1
-4.872680E-1
-4.916780E-1
-4.946180E-1
-4.960880E-1
-4.960880E-1
-4.946180E-1
-4.916780E-1
-4.872680E-1
-4.828580E-1
-4.784480E-1
-4.740380E-1
-4.696280E-1
-4.681580E-1
-4.696280E-1
-4.740380E-1
-4.784480E-1
-4.857980E-1
-4.946180E-1
-5.034380E-1
-5.122580E-1
-5.210780E-1
-5.269580E-1
-5.328380E-1
-5.357780E-1
-5.357780E-1
-5.343080E-1
-5.298980E-1
-5.225480E-1
-5.137280E-1
-5.019680E-1
-4.887380E-1
-4.740380E-1
-4.593380E-1
-4.446380E-1
-4.314080E-1
-4.196480E-1
-4.093580E-1
-4.005380E-1
-3.946580E-1
-3.902480E-1
-3.873080E-1
-3.858380E-1
-3.873080E-1
-3.887780E-1
-3.931880E-1
-3.990680E-1
-4.064180E-1
-4.152380E-1
-4.255280E-1
-4.372880E-1
-4.490480E-1
-4.608080E-1
-4.725680E-1
-4.843280E-1
-4.931480E-1
-5.019680E-1
-5.078480E-1
-5.107880E-1
-5.122580E-1
-5.122580E-1
-5.093180E-1
-5.078480E-1
-5.063780E-1
-5.049080E-1
-5.063780E-1
-5.093180E-1
-5.122580E-1
-5.181380E-1
-5.225480E-1
-5.254880E-1
-5.284280E-1
-5.284280E-1
-5.269580E-1
-5.240180E-1
-5.196080E-1
-5.137280E-1
-5.078480E-1
-5.019680E-1
-4.975580E-1
-4.946180E-1
-4.946180E-1
-4.960880E-1
-5.019680E-1
-5.093180E-1
-5.196080E-1
-5.298980E-1
-5.387180E-1
-5.475380E-1
-5.519480E-1
-5.519480E-1
-5.460680E-1
-5.357780E-1
-5.196080E-1
-4.990280E-1
-4.755080E-1
-4.519880E-1
-4.299380E-1
-4.093580E-1
-3.931880E-1
-3.814280E-1
-3.726080E-1
-3.696680E-1
-3.696680E-1
-3.726080E-1
-3.784880E-1
-3.843680E-1
-3.917180E-1
-4.005380E-1
-4.093580E-1
-4.196480E-1
-4.314080E-1
-4.431680E-1
-4.549280E-1
-4.681580E-1
-4.799180E-1
-4.902080E-1
-4.990280E-1
-5.063780E-1
-5.122580E-1
-5.137280E-1
-5.137280E-1
-5.122580E-1
-5.078480E-1
-5.049080E-1
-5.004980E-1
-4.960880E-1
-4.946180E-1
-4.931480E-1
-4.946180E-1
-4.960880E-1
-4.975580E-1
-5.004980E-1
-5.019680E-1
-5.019680E-1
-5.019680E-1
-5.004980E-1
-4.960880E-1
-4.931480E-1
-4.887380E-1
-4.843280E-1
-4.813880E-1
-4.784480E-1
-4.755080E-1
-4.740380E-1
-4.710980E-1
-4.696280E-1
-4.681580E-1
-4.652180E-1
-4.637480E-1
-4.622780E-1
-4.637480E-1
-4.652180E-1
-4.696280E-1
-4.755080E-1
-4.813880E-1
-4.887380E-1
-4.946180E-1
-4.990280E-1
-5.019680E-1
-5.034380E-1
-5.034380E-1
-5.019680E-1
-5.004980E-1
-4.990280E-1
-4.975580E-1
-4.960880E-1
-4.960880E-1
-4.975580E-1
-4.990280E-1
-5.019680E-1
-5.049080E-1
-5.078480E-1
-5.107880E-1
-5.122580E-1
-5.151980E-1
-5.166680E-1
-5.196080E-1
-5.210780E-1
-5.240180E-1
-5.298980E-1
-5.357780E-1
-5.431280E-1
-5.519480E-1
-5.607680E-1
-5.695880E-1
-5.754680E-1
-5.784080E-1
-5.769380E-1
-5.725280E-1
-5.637080E-1
-5.534180E-1
-5.401880E-1
-5.240180E-1
-5.093180E-1
-4.931480E-1
-4.799180E-1
-4.681580E-1
-4.593380E-1
-4.549280E-1
-4.534580E-1
-4.563980E-1
-4.622780E-1
-4.696280E-1
-4.799180E-1
-4.887380E-1
-4.975580E-1
-5.034380E-1
-5.078480E-1
-5.078480E-1
-5.078480E-1
-5.063780E-1
-5.034380E-1
-5.004980E-1
-5.004980E-1
-5.004980E-1
-5.019680E-1
-5.049080E-1
-5.093180E-1
-5.151980E-1
-5.196080E-1
-5.254880E-1
-5.313680E-1
-5.357780E-1
-5.387180E-1
-5.416580E-1
-5.445980E-1
-5.475380E-1
-5.490080E-1
-5.519480E-1
-5.534180E-1
-5.563580E-1
-5.592980E-1
-5.622380E-1
-5.666480E-1
-5.695880E-1
-5.725280E-1
-5.754680E-1
-5.769380E-1
-5.769380E-1
-5.739980E-1
-5.681180E-1
-5.622380E-1
-5.534180E-1
-5.445980E-1
-5.357780E-1
-5.269580E-1
-5.210780E-1
-5.166680E-1
-5.137280E-1
-5.137280E-1
-5.137280E-1
-5.151980E-1
-5.166680E-1
-5.181380E-1
-5.181380E-1
-5.166680E-1
-5.137280E-1
-5.107880E-1
-5.049080E-1
-4.960880E-1
-4.887380E-1
-4.799180E-1
-4.725680E-1
-4.681580E-1
-4.637480E-1
-4.622780E-1
-4.637480E-1
-4.652180E-1
-4.681580E-1
-4.725680E-1
-4.769780E-1
-4.813880E-1
-4.857980E-1
-4.887380E-1
-4.916780E-1
-4.931480E-1
-4.946180E-1
-4.931480E-1
-4.916780E-1
-4.872680E-1
-4.828580E-1
-4.784480E-1
-4.725680E-1
-4.681580E-1
-4.622780E-1
-4.578680E-1
-4.549280E-1
-4.505180E-1
-4.475780E-1
-4.446380E-1
-4.431680E-1
-4.402280E-1
-4.387580E-1
-4.358180E-1
-4.358180E-1
-4.343480E-1
-4.328780E-1
-4.328780E-1
-4.343480E-1
-4.343480E-1
-4.358180E-1
-4.372880E-1
-4.402280E-1
-4.416980E-1
-4.446380E-1
-4.490480E-1
-4.534580E-1
-4.593380E-1
-4.637480E-1
-4.696280E-1
-4.740380E-1
-4.769780E-1
-4.769780E-1
-4.769780E-1
-4.740380E-1
-4.710980E-1
-4.666880E-1
-4.637480E-1
-4.608080E-1
-4.608080E-1
-4.622780E-1
-4.681580E-1
-4.740380E-1
-4.828580E-1
-4.916780E-1
-5.004980E-1
-5.078480E-1
-5.137280E-1
-5.181380E-1
-5.225480E-1
-5.240180E-1
-5.240180E-1
-5.240180E-1
-5.225480E-1
-5.196080E-1
-5.166680E-1
-5.122580E-1
-5.078480E-1
-5.019680E-1
-4.975580E-1
-4.946180E-1
-4.916780E-1
-4.916780E-1
-4.916780E-1
-4.931480E-1
-4.960880E-1
-4.990280E-1
-5.004980E-1
-5.034380E-1
-5.034380E-1
-5.049080E-1
-5.034380E-1
-5.019680E-1
-5.004980E-1
-4.990280E-1
-4.975580E-1
-4.975580E-1
-4.990280E-1
-5.019680E-1
-5.078480E-1
-5.137280E-1
-5.225480E-1
-5.313680E-1
-5.387180E-1
-5.431280E-1
-5.460680E-1
-5.416580E-1
-5.328380E-1
-5.210780E-1
-5.034380E-1
-4.857980E-1
-4.681580E-1
-4.519880E-1
-4.402280E-1
-4.328780E-1
-4.328780E-1
-4.372880E-1
-4.475780E-1
-4.622780E-1
-4.813880E-1
-5.004980E-1
-5.210780E-1
-5.387180E-1
-5.548880E-1
-5.681180E-1
-5.769380E-1
-5.828180E-1
-5.842880E-1
-5.813480E-1
-5.769380E-1
-5.710580E-1
-5.651780E-1
-5.578280E-1
-5.519480E-1
-5.460680E-1
-5.431280E-1
-5.401880E-1
-5.387180E-1
-5.387180E-1
-5.387180E-1
-5.387180E-1
-5.401880E-1
-5.401880E-1
-5.401880E-1
-5.416580E-1
-5.431280E-1
-5.445980E-1
-5.460680E-1
-5.490080E-1
-5.534180E-1
-5.578280E-1
-5.637080E-1
-5.681180E-1
-5.725280E-1
-5.739980E-1
-5.739980E-1
-5.725280E-1
-5.666480E-1
-5.578280E-1
-5.475380E-1
-5.357780E-1
-5.210780E-1
-5.078480E-1
-4.960880E-1
-4.843280E-1
-4.740380E-1
-4.652180E-1
-4.578680E-1
-4.505180E-1
-4.446380E-1
-4.372880E-1
-4.299380E-1
-4.225880E-1
-4.152380E-1
-4.093580E-1
-4.064180E-1
-4.064180E-1
-4.108280E-1
-4.196480E-1
-4.328780E-1
-4.490480E-1
-4.696280E-1
-4.902080E-1
-5.122580E-1
-5.328380E-1
-5.519480E-1
-5.666480E-1
-5.784080E-1
-5.872280E-1
-5.901680E-1
-5.886980E-1
-5.842880E-1
-5.754680E-1
-5.651780E-1
-5.534180E-1
-5.416580E-1
-5.313680E-1
-5.225480E-1
-5.151980E-1
-5.093180E-1
-5.049080E-1
-5.034380E-1
-5.019680E-1
-5.004980E-1
-4.990280E-1
-4.960880E-1
-4.916780E-1
-4.857980E-1
-4.799180E-1
-4.725680E-1
-4.681580E-1
-4.637480E-1
-4.622780E-1
-4.622780E-1
-4.637480E-1
-4.666880E-1
-4.710980E-1
-4.755080E-1
-4.784480E-1
-4.828580E-1
-4.887380E-1
-4.931480E-1
-5.004980E-1
-5.063780E-1
-5.137280E-1
-5.196080E-1
-5.225480E-1
-5.240180E-1
-5.225480E-1
-5.196080E-1
-5.137280E-1
-5.078480E-1
-5.019680E-1
-4.975580E-1
-4.960880E-1
-4.960880E-1
-4.990280E-1
-5.034380E-1
-5.078480E-1
-5.137280E-1
-5.196080E-1
-5.254880E-1
-5.298980E-1
-5.328380E-1
-5.372480E-1
-5.416580E-1
-5.445980E-1
-5.490080E-1
-5.519480E-1
-5.548880E-1
-5.548880E-1
-5.548880E-1
-5.504780E-1
-5.460680E-1
-5.387180E-1
-5.328380E-1
-5.269580E-1
-5.225480E-1
-5.210780E-1
-5.240180E-1
-5.269580E-1
-5.313680E-1
-5.372480E-1
-5.416580E-1
-5.445980E-1
-5.445980E-1
-5.431280E-1
-5.387180E-1
-5.328380E-1
-5.269580E-1
-5.225480E-1
-5.196080E-1
-5.166680E-1
-5.181380E-1
-5.196080E-1
-5.240180E-1
-5.269580E-1
-5.313680E-1
-5.343080E-1
-5.357780E-1
-5.387180E-1
-5.401880E-1
-5.416580E-1
-5.431280E-1
-5.445980E-1
-5.475380E-1
-5.490080E-1
-5.504780E-1
-5.504780E-1
-5.504780E-1
-5.490080E-1
-5.475380E-1
-5.460680E-1
-5.431280E-1
-5.416580E-1
-5.401880E-1
-5.387180E-1
-5.372480E-1
-5.357780E-1
-5.328380E-1
-5.298980E-1
-5.269580E-1
-5.210780E-1
-5.166680E-1
-5.137280E-1
-5.122580E-1
-5.122580E-1
-5.151980E-1
-5.181380E-1
-5.240180E-1
-5.284280E-1
-5.313680E-1
-5.328380E-1
-5.313680E-1
-5.284280E-1
-5.240180E-1
-5.196080E-1
-5.137280E-1
-5.093180E-1
-5.063780E-1
-5.063780E-1
-5.063780E-1
-5.093180E-1
-5.122580E-1
-5.166680E-1
-5.196080E-1
-5.210780E-1
-5.210780E-1
-5.181380E-1
-5.151980E-1
-5.078480E-1
-5.004980E-1
-4.931480E-1
-4.828580E-1
-4.740380E-1
-4.666880E-1
-4.593380E-1
-4.549280E-1
-4.519880E-1
-4.505180E-1
-4.519880E-1
-4.549280E-1
-4.578680E-1
-4.622780E-1
-4.652180E-1
-4.666880E-1
-4.652180E-1
-4.652180E-1
-4.622780E-1
-4.593380E-1
-4.563980E-1
-4.563980E-1
-4.578680E-1
-4.608080E-1
-4.681580E-1
-4.755080E-1
-4.843280E-1
-4.931480E-1
-5.034380E-1
-5.107880E-1
-5.181380E-1
-5.254880E-1
-5.313680E-1
-5.357780E-1
-5.372480E-1
-5.387180E-1
-5.372480E-1
-5.357780E-1
-5.313680E-1
-5.269580E-1
-5.210780E-1
-5.166680E-1
-5.137280E-1
-5.122580E-1
-5.137280E-1
-5.166680E-1
-5.210780E-1
-5.254880E-1
-5.298980E-1
-5.343080E-1
-5.372480E-1
-5.387180E-1
-5.387180E-1
-5.357780E-1
-5.298980E-1
-5.225480E-1
-5.122580E-1
-5.004980E-1
-4.872680E-1
-4.755080E-1
-4.622780E-1
-4.534580E-1
-4.475780E-1
-4.461080E-1
-4.505180E-1
-4.622780E-1
-4.828580E-1
-5.093180E-1
-5.460680E-1
-5.886980E-1
-6.386780E-1
-6.960080E-1
-7.592180E-1
-8.268380E-1
-8.973980E-1
-9.694280E-1
-1.039988E+0
-1.109078E+0
-1.173758E+0
-1.232558E+0
-1.286948E+0
-1.333988E+0
-1.376618E+0
-1.411898E+0
-1.444238E+0
-1.473638E+0
-1.500098E+0
-1.523618E+0
-1.547138E+0
-1.569188E+0
-1.591238E+0
-1.611818E+0
-1.630928E+0
-1.650038E+0
-1.666208E+0
-1.680908E+0
-1.691198E+0
-1.700018E+0
-1.702958E+0
-1.704428E+0
-1.702958E+0
-1.698548E+0
-1.691198E+0
-1.685318E+0
-1.679438E+0
-1.675028E+0
-1.673558E+0
-1.675028E+0
-1.682378E+0
-1.691198E+0
-1.704428E+0
-1.720598E+0
-1.738238E+0
-1.755878E+0
-1.772048E+0
-1.786748E+0
-1.799978E+0
-1.808798E+0
-1.814678E+0
-1.817618E+0
-1.817618E+0
-1.814678E+0
-1.810268E+0
-1.804388E+0
-1.798508E+0
-1.792628E+0
-1.786748E+0
-1.782338E+0
-1.777928E+0
-1.773518E+0
-1.770578E+0
-1.767638E+0
-1.766168E+0
-1.764698E+0
-1.764698E+0
-1.766168E+0
-1.770578E+0
-1.774988E+0
-1.782338E+0
-1.792628E+0
-1.802918E+0
-1.814678E+0
-1.826438E+0
-1.839668E+0
-1.852898E+0
-1.864658E+0
-1.876418E+0
-1.885238E+0
-1.894058E+0
-1.899938E+0
-1.904348E+0
-1.907288E+0
-1.910228E+0
-1.913168E+0
-1.917578E+0
-1.924928E+0
-1.933748E+0
-1.944038E+0
-1.957268E+0
-1.969028E+0
-1.979318E+0
-1.988138E+0
-1.992548E+0
-1.994018E+0
-1.992548E+0
-1.989608E+0
-1.985198E+0
-1.980788E+0
-1.976378E+0
-1.974908E+0
-1.974908E+0
-1.976378E+0
-1.977848E+0
-1.979318E+0
-1.977848E+0
-1.974908E+0
-1.970498E+0
-1.963148E+0
-1.957268E+0
-1.952858E+0
-1.951388E+0
-1.957268E+0
-1.967558E+0
-1.985198E+0
-2.005778E+0
-2.029298E+0
-2.051348E+0
-2.071928E+0
-2.086628E+0
-2.095448E+0
-2.098388E+0
-2.096918E+0
-2.091038E+0
-2.082218E+0
-2.071928E+0
-2.058698E+0
-2.045468E+0
-2.032238E+0
-2.016068E+0
-2.002838E+0
-1.991078E+0
-1.980788E+0
-1.974908E+0
-1.973438E+0
-1.977848E+0
-1.985198E+0
-1.998428E+0
-2.013128E+0
-2.029298E+0
-2.046938E+0
-2.063108E+0
-2.077808E+0
-2.091038E+0
-2.102798E+0
-2.110148E+0
-2.117498E+0
-2.121908E+0
-2.127788E+0
-2.133668E+0
-2.141018E+0
-2.151308E+0
-2.164538E+0
-2.179238E+0
-2.195408E+0
-2.211578E+0
-2.223338E+0
-2.232158E+0
-2.238038E+0
-2.236568E+0
-2.232158E+0
-2.224808E+0
-2.214518E+0
-2.204228E+0
-2.193938E+0
-2.185118E+0
-2.177768E+0
-2.171888E+0
-2.167478E+0
-2.163068E+0
-2.158658E+0
-2.155718E+0
-2.151308E+0
-2.148368E+0
-2.146898E+0
-2.149838E+0
-2.155718E+0
-2.167478E+0
-2.182178E+0
-2.202758E+0
-2.226278E+0
-2.251268E+0
-2.276258E+0
-2.301248E+0
-2.323298E+0
-2.342408E+0
-2.354168E+0
-2.362988E+0
-2.362988E+0
-2.358578E+0
-2.348288E+0
-2.335058E+0
-2.318888E+0
-2.302718E+0
-2.288018E+0
-2.273318E+0
-2.261558E+0
-2.252738E+0
-2.243918E+0
-2.238038E+0
-2.232158E+0
-2.226278E+0
-2.221868E+0
-2.217458E+0
-2.215988E+0
-2.214518E+0
-2.215988E+0
-2.220398E+0
-2.226278E+0
-2.236568E+0
-2.248328E+0
-2.263028E+0
-2.282138E+0
-2.302718E+0
-2.326238E+0
-2.349758E+0
-2.373278E+0
-2.393858E+0
-2.410028E+0
-2.421788E+0
-2.424728E+0
-2.421788E+0
-2.412968E+0
-2.399738E+0
-2.382098E+0
-2.362988E+0
-2.345348E+0
-2.329178E+0
-2.315948E+0
-2.305658E+0
-2.299778E+0
-2.296838E+0
-2.295368E+0
-2.296838E+0
-2.301248E+0
-2.305658E+0
-2.314478E+0
-2.323298E+0
-2.337998E+0
-2.355638E+0
-2.376218E+0
-2.398268E+0
-2.421788E+0
-2.445308E+0
-2.467358E+0
-2.484998E+0
-2.498228E+0
-2.502638E+0
-2.501168E+0
-2.492348E+0
-2.477648E+0
-2.460008E+0
-2.440898E+0
-2.420318E+0
-2.404148E+0
-2.390918E+0
-2.382098E+0
-2.379158E+0
-2.377688E+0
-2.379158E+0
-2.382098E+0
-2.385038E+0
-2.389448E+0
-2.392388E+0
-2.395328E+0
-2.399738E+0
-2.405618E+0
-2.415908E+0
-2.430608E+0
-2.451188E+0
-2.476178E+0
-2.507048E+0
-2.543798E+0
-2.582018E+0
-2.620238E+0
-2.659928E+0
-2.695208E+0
-2.727548E+0
-2.755478E+0
-2.777528E+0
-2.792228E+0
-2.802518E+0
-2.803988E+0
-2.801048E+0
-2.793698E+0
-2.780468E+0
-2.765768E+0
-2.751068E+0
-2.736368E+0
-2.724608E+0
-2.717258E+0
-2.711378E+0
-2.706968E+0
-2.704028E+0
-2.701088E+0
-2.695208E+0
-2.686388E+0
-2.674628E+0
-2.659928E+0
-2.645228E+0
-2.630528E+0
-2.617298E+0
-2.608478E+0
-2.602598E+0
-2.601128E+0
-2.602598E+0
-2.605538E+0
-2.612888E+0
-2.620238E+0
-2.629058E+0
-2.639348E+0
-2.652578E+0
-2.665808E+0
-2.680508E+0
-2.695208E+0
-2.708438E+0
-2.721668E+0
-2.733428E+0
-2.740778E+0
-2.746658E+0
-2.749598E+0
-2.751068E+0
-2.749598E+0
-2.748128E+0
-2.746658E+0
-2.745188E+0
-2.746658E+0
-2.748128E+0
-2.754008E+0
-2.761358E+0
-2.773118E+0
-2.787818E+0
-2.808398E+0
-2.833388E+0
-2.859848E+0
-2.887778E+0
-2.915708E+0
-2.939228E+0
-2.956868E+0
-2.968628E+0
-2.975978E+0
-2.975978E+0
-2.973038E+0
-2.971568E+0
-2.970098E+0
-2.971568E+0
-2.975978E+0
-2.981858E+0
-2.989208E+0
-2.993618E+0
-2.998028E+0
-2.998028E+0
-2.998028E+0
-2.996558E+0
-2.996558E+0
-2.999498E+0
-3.006848E+0
-3.015668E+0
-3.025958E+0
-3.036248E+0
-3.043598E+0
-3.042128E+0
-3.033308E+0
-3.015668E+0
-2.987738E+0
-2.955398E+0
-2.920118E+0
-2.883368E+0
-2.852498E+0
-2.830448E+0
-2.815748E+0
-2.812808E+0
-2.821628E+0
-2.837798E+0
-2.865728E+0
-2.898068E+0
-2.936288E+0
-2.974508E+0
-3.011258E+0
-3.046538E+0
-3.078878E+0
-3.105338E+0
-3.127388E+0
-3.146498E+0
-3.161198E+0
-3.172958E+0
-3.181778E+0
-3.189128E+0
-3.195008E+0
-3.197948E+0
-3.200888E+0
-3.203828E+0
-3.202358E+0
-3.199418E+0
-3.192068E+0
-3.181778E+0
-3.170018E+0
-3.152378E+0
-3.131798E+0
-3.109748E+0
-3.089168E+0
-3.068588E+0
-3.052418E+0
-3.039188E+0
-3.030368E+0
-3.027428E+0
-3.030368E+0
-3.036248E+0
-3.046538E+0
-3.058298E+0
-3.068588E+0
-3.078878E+0
-3.089168E+0
-3.093578E+0
-3.095048E+0
-3.093578E+0
-3.089168E+0
-3.083288E+0
-3.080348E+0
-3.078878E+0
-3.078878E+0
-3.083288E+0
-3.089168E+0
-3.095048E+0
-3.099458E+0
-3.099458E+0
-3.093578E+0
-3.083288E+0
-3.070058E+0
-3.056828E+0
-3.043598E+0
-3.033308E+0
-3.027428E+0
-3.028898E+0
-3.034778E+0
-3.045068E+0
-3.056828E+0
-3.071528E+0
-3.086228E+0
-3.100928E+0
-3.114158E+0
-3.127388E+0
-3.136208E+0
-3.145028E+0
-3.153848E+0
-3.164138E+0
-3.172958E+0
-3.184718E+0
-3.195008E+0
-3.203828E+0
-3.209708E+0
-3.209708E+0
-3.205298E+0
-3.195008E+0
-3.183248E+0
-3.171488E+0
-3.162668E+0
-3.159728E+0
-3.164138E+0
-3.175898E+0
-3.195008E+0
-3.218528E+0
-3.244988E+0
-3.271448E+0
-3.294968E+0
-3.318488E+0
-3.337598E+0
-3.353768E+0
-3.366998E+0
-3.378758E+0
-3.389048E+0
-3.397868E+0
-3.406688E+0
-3.415508E+0
-3.425798E+0
-3.434618E+0
-3.446378E+0
-3.459608E+0
-3.474308E+0
-3.489008E+0
-3.503708E+0
-3.518408E+0
-3.530168E+0
-3.538988E+0
-3.541928E+0
-3.538988E+0
-3.530168E+0
-3.513998E+0
-3.493418E+0
-3.469898E+0
-3.443438E+0
-3.418448E+0
-3.393458E+0
-3.369938E+0
-3.349358E+0
-3.331718E+0
-3.318488E+0
-3.308198E+0
-3.303788E+0
-3.303788E+0
-3.309668E+0
-3.319958E+0
-3.337598E+0
-3.356708E+0
-3.378758E+0
-3.402278E+0
-3.424328E+0
-3.444908E+0
-3.462548E+0
-3.475778E+0
-3.484598E+0
-3.487538E+0
-3.483128E+0
-3.474308E+0
-3.461078E+0
-3.446378E+0
-3.433148E+0
-3.422858E+0
-3.421388E+0
-3.425798E+0
-3.439028E+0
-3.458138E+0
-3.478718E+0
-3.499298E+0
-3.515468E+0
-3.525758E+0
-3.528698E+0
-3.524288E+0
-3.513998E+0
-3.499298E+0
-3.483128E+0
-3.466958E+0
-3.452258E+0
-3.443438E+0
-3.437558E+0
-3.437558E+0
-3.446378E+0
-3.459608E+0
-3.481658E+0
-3.509588E+0
-3.543398E+0
-3.580148E+0
-3.616898E+0
-3.650708E+0
-3.680108E+0
-3.702158E+0
-3.715388E+0
-3.719798E+0
-3.715388E+0
-3.702158E+0
-3.683048E+0
-3.659528E+0
-3.633068E+0
-3.602198E+0
-3.571328E+0
-3.543398E+0
-3.516938E+0
-3.496358E+0
-3.480188E+0
-3.472838E+0
-3.474308E+0
-3.483128E+0
-3.499298E+0
-3.518408E+0
-3.543398E+0
-3.568388E+0
-3.594848E+0
-3.619838E+0
-3.643358E+0
-3.668348E+0
-3.691868E+0
-3.713918E+0
-3.734498E+0
-3.752138E+0
-3.768308E+0
-3.778598E+0
-3.780068E+0
-3.772718E+0
-3.753608E+0
-3.725678E+0
-3.688928E+0
-3.646298E+0
-3.602198E+0
-3.562508E+0
-3.528698E+0
-3.505178E+0
-3.494888E+0
-3.496358E+0
-3.509588E+0
-3.534578E+0
-3.566918E+0
-3.605138E+0
-3.643358E+0
-3.677168E+0
-3.703628E+0
-3.721268E+0
-3.727148E+0
-3.724208E+0
-3.713918E+0
-3.700688E+0
-3.690398E+0
-3.684518E+0
-3.687458E+0
-3.700688E+0
-3.722738E+0
-3.750668E+0
-3.781538E+0
-3.813878E+0
-3.841808E+0
-3.863858E+0
-3.881498E+0
-3.891788E+0
-3.897668E+0
-3.902078E+0
-3.905018E+0
-3.906488E+0
-3.909428E+0
-3.913838E+0
-3.918248E+0
-3.924128E+0
-3.932948E+0
-3.940298E+0
-3.946178E+0
-3.952058E+0
-3.957938E+0
-3.963818E+0
-3.972638E+0
-3.984398E+0
-4.002038E+0
-4.024088E+0
-4.050548E+0
-4.077008E+0
-4.096118E+0
-4.103468E+0
-4.094648E+0
-4.065248E+0
-4.015268E+0
-3.952058E+0
-3.884438E+0
-3.815348E+0
-3.759488E+0
-3.715388E+0
-3.690398E+0
-3.683048E+0
-3.691868E+0
-3.710978E+0
-3.737438E+0
-3.760958E+0
-3.781538E+0
-3.794768E+0
-3.799178E+0
-3.797708E+0
-3.793298E+0
-3.790358E+0
-3.793298E+0
-3.800648E+0
-3.815348E+0
-3.838868E+0
-3.866798E+0
-3.897668E+0
-3.928538E+0
-3.957938E+0
-3.981458E+0
-4.002038E+0
-4.019678E+0
-4.031438E+0
-4.040258E+0
-4.046138E+0
-4.050548E+0
-4.053488E+0
-4.056428E+0
-4.059368E+0
-4.062308E+0
-4.065248E+0
-4.068188E+0
-4.071128E+0
-4.072598E+0
-4.071128E+0
-4.068188E+0
-4.063778E+0
-4.057898E+0
-4.052018E+0
-4.047608E+0
-4.040258E+0
-4.034378E+0
-4.029968E+0
-4.028498E+0
-4.025558E+0
-4.022618E+0
-4.019678E+0
-4.015268E+0
-4.007918E+0
-3.997628E+0
-3.985868E+0
-3.975578E+0
-3.968228E+0
-3.965288E+0
-3.968228E+0
-3.978518E+0
-3.994688E+0
-4.015268E+0
-4.037318E+0
-4.059368E+0
-4.075538E+0
-4.087298E+0
-4.087298E+0
-4.084358E+0
-4.071128E+0
-4.052018E+0
-4.032908E+0
-4.016738E+0
-4.004978E+0
-4.003508E+0
-4.013798E+0
-4.034378E+0
-4.066718E+0
-4.106408E+0
-4.149038E+0
-4.190198E+0
-4.222538E+0
-4.243118E+0
-4.251938E+0
-4.251938E+0
-4.246058E+0
-4.238708E+0
-4.237238E+0
-4.246058E+0
-4.263698E+0
-4.291628E+0
-4.328378E+0
-4.365128E+0
-4.400408E+0
-4.432748E+0
-4.456268E+0
-4.473908E+0
-4.490078E+0
-4.503308E+0
-4.520948E+0
-4.541528E+0
-4.565048E+0
-4.582688E+0
-4.590038E+0
-4.578278E+0
-4.538588E+0
-4.466558E+0
-4.368068E+0
-4.234298E+0
-4.060838E+0
-3.862388E+0
-3.512528E+0
-2.865728E+0
-1.927868E+0
-8.488880E-1
1.698220E-1
1.044472E+0
1.779472E+0
2.389522E+0
2.887852E+0
3.283282E+0
3.578752E+0
3.788962E+0
3.934492E+0
4.025632E+0
4.056502E+0
4.031512E+0
3.956542E+0
3.828652E+0
3.650782E+0
3.417052E+0
3.136282E+0
2.821702E+0
2.461552E+0
2.051422E+0
1.598662E+0
1.122382E+0
6.314020E-1
1.316020E-1
-3.814280E-1
-9.003380E-1
-1.401608E+0
-1.873478E+0
-2.313008E+0
-2.723138E+0
-3.114158E+0
-3.497828E+0
-3.882968E+0
-4.279868E+0
-4.700288E+0
-5.154518E+0
-5.652848E+0
-6.204098E+0
-6.825908E+0
-7.556498E+0
-8.429678E+0
-9.567458E+0
-1.125796E+1
-1.610896E+1
-2.000005E+1
-2.000005E+1
-2.000005E+1
-2.000005E+1
-2.000005E+1
-2.000005E+1
-1.397893E+1
-1.146082E+1
-1.027747E+1
-9.567458E+0
-9.089708E+0
-8.795708E+0
-8.604608E+0
-8.472308E+0
-8.398808E+0
-8.347358E+0
-8.316488E+0
-8.287088E+0
-8.247398E+0
-8.228288E+0
-8.238578E+0
-8.257688E+0
-8.297378E+0
-8.326778E+0
-8.357648E+0
-8.367938E+0
-8.367938E+0
-8.337068E+0
-8.306198E+0
-8.306198E+0
-8.347358E+0
-8.450258E+0
-8.628128E+0
-8.925068E+0
-9.330788E+0
-9.893798E+0
-1.065379E+1
-1.159312E+1
-1.268680E+1
-1.349383E+1
-1.328803E+1
-1.227961E+1
-1.121974E+1
-1.032745E+1
-9.676238E+0
-9.207308E+0
-8.885378E+0
-8.710448E+0
-8.639888E+0
-8.686928E+0
-8.822168E+0
-9.033848E+0
-9.316088E+0
-9.658598E+0
-1.006579E+1
-1.059499E+1
-1.129765E+1
-1.240750E+1
-1.460368E+1
-2.000005E+1
-2.000005E+1
-2.000005E+1
-2.000005E+1
-1.849477E+1
-1.276324E+1
-1.114477E+1
-1.020397E+1
-9.585098E+0
-9.192608E+0
-8.964758E+0
-8.872148E+0
-8.872148E+0
-8.938298E+0
-9.033848E+0
-9.133808E+0
-9.222008E+0
-9.269048E+0
-9.283748E+0
-9.283748E+0
-9.283748E+0
-9.316088E+0
-9.396938E+0
-9.567458E+0
-9.832058E+0
-1.025248E+1
-1.090222E+1
-1.198855E+1
-1.460368E+1
-2.000005E+1
-2.000005E+1
-2.000005E+1
-2.000005E+1
-2.000005E+1
-2.000005E+1
-2.000005E+1
-2.000005E+1
-2.000005E+1
-2.000005E+1
-2.000005E+1
-2.000005E+1
-2.000005E+1
-1.499911E+1
-1.292494E+1
-1.221787E+1
-1.204441E+1
-1.234135E+1
-1.349383E+1
-2.000005E+1
-2.000005E+1
-2.000005E+1
-2.000005E+1
-2.000005E+1
-2.000005E+1
-2.000005E+1
-2.000005E+1
-2.000005E+1
-2.000005E+1
-2.000005E+1
-2.000005E+1
-2.000005E+1
-2.000005E+1
-2.000005E+1
-2.000005E+1
-2.000005E+1
-2.000005E+1
-2.000005E+1
-2.000005E+1
-2.000005E+1
-2.000005E+1
-2.000005E+1
-2.000005E+1
-2.000005E+1
-2.000005E+1
-2.000005E+1
-1.650439E+1
-1.338799E+1
-1.301020E+1
-1.349383E+1
-1.610896E+1
-2.000005E+1
-2.000005E+1
-2.000005E+1
-2.000005E+1
-2.000005E+1
-2.000005E+1
-1.397893E+1
-1.137850E+1
-1.015693E+1
-9.363128E+0
-8.847158E+0
-8.494358E+0
-8.287088E+0
-8.209178E+0
-8.257688E+0
-8.419388E+0
-8.698688E+0
-9.075008E+0
-9.549818E+0
-1.008784E+1
-1.062439E+1
-1.107274E+1
-1.141966E+1
-1.159312E+1
-1.173277E+1
-1.193563E+1
-1.234135E+1
-1.309840E+1
-1.479331E+1
-2.000005E+1
-2.000005E+1
-2.000005E+1
-2.000005E+1
-2.000005E+1
-2.000005E+1
-2.000005E+1
-2.000005E+1
-2.000005E+1
-2.000005E+1
-2.000005E+1
-2.000005E+1
-2.000005E+1
-2.000005E+1
-2.000005E+1
-2.000005E+1
-2.000005E+1
-2.000005E+1
-2.000005E+1
-2.000005E+1
-2.000005E+1
-2.000005E+1
-1.360555E+1
-1.096837E+1
-9.714458E+0
-8.872148E+0
-8.276798E+0
-7.841678E+0
-7.534448E+0
-7.334528E+0
-7.216928E+0
-7.181648E+0
-7.222808E+0
-7.322768E+0
-7.487408E+0
-7.716728E+0
-8.009258E+0
-8.357648E+0
-8.772188E+0
-9.222008E+0
-9.695348E+0
-1.013341E+1
-1.043035E+1
-1.051120E+1
-1.040389E+1
-1.015693E+1
-9.893798E+0
-9.639488E+0
-9.480728E+0
-9.446918E+0
-9.532178E+0
-9.752678E+0
-1.015693E+1
-1.071259E+1
-1.146082E+1
-1.247365E+1
-1.360555E+1
-1.426852E+1
-1.360555E+1
-1.247365E+1
-1.141966E+1
-1.065379E+1
-1.006579E+1
-9.676238E+0
-9.496898E+0
-9.514538E+0
-9.752678E+0
-1.030099E+1
-1.133734E+1
-1.426852E+1
-2.000005E+1
-2.000005E+1
-2.000005E+1
-2.000005E+1
-2.000005E+1
-2.000005E+1
-2.000005E+1
-2.000005E+1
-2.000005E+1
-2.000005E+1
-2.000005E+1
-2.000005E+1
-2.000005E+1
-2.000005E+1
-2.000005E+1
-2.000005E+1
-2.000005E+1
-2.000005E+1
-2.000005E+1
-2.000005E+1
-1.610896E+1
-1.268680E+1
-1.150492E+1
-1.083607E+1
-1.043035E+1
-1.018045E+1
-1.006579E+1
-1.002169E+1
-1.002169E+1
-1.006579E+1
-1.018045E+1
-1.030099E+1
-1.045681E+1
-1.068319E+1
-1.096837E+1
-1.129765E+1
-1.173277E+1
-1.221787E+1
-1.268680E+1
-1.301020E+1
-1.309840E+1
-1.276324E+1
-1.215907E+1
-1.163869E+1
-1.114477E+1
-1.074346E+1
-1.045681E+1
-1.030099E+1
-1.025248E+1
-1.035244E+1
-1.053913E+1
-1.086841E+1
-1.141966E+1
-1.227961E+1
-1.384663E+1
-2.000005E+1
-2.000005E+1
-2.000005E+1
-2.000005E+1
-2.000005E+1
-2.000005E+1
-2.000005E+1
-1.610896E+1
-1.276324E+1
-1.141966E+1
-1.056706E+1
-9.999638E+0
-9.585098E+0
-9.316088E+0
-9.148508E+0
-9.047078E+0
-9.019148E+0
-9.061778E+0
-9.207308E+0
-9.480728E+0
-9.914378E+0
-1.068319E+1
-1.221787E+1
-2.000005E+1
-2.000005E+1
-2.000005E+1
-2.000005E+1
-2.000005E+1
-2.000005E+1
-2.000005E+1
-2.000005E+1
-2.000005E+1
-2.000005E+1
-2.000005E+1
-2.000005E+1
-2.000005E+1
-1.460368E+1
-1.198855E+1
-1.103746E+1
-1.059499E+1
-1.043035E+1
-1.048327E+1
-1.074346E+1
-1.121974E+1
-1.193563E+1
-1.301020E+1
-1.479331E+1
-2.000005E+1
-2.000005E+1
-2.000005E+1
-2.000005E+1
-2.000005E+1
-1.610896E+1
-1.426852E+1
-1.309840E+1
-1.227961E+1
-1.159312E+1
-1.107274E+1
-1.056706E+1
-1.013341E+1
-9.773258E+0
-9.496898E+0
-9.316088E+0
-9.222008E+0
-9.238178E+0
-9.363128E+0
-9.602738E+0
-9.977588E+0
-1.045681E+1
-1.103746E+1
-1.168573E+1
-1.227961E+1
-1.268680E+1
-1.301020E+1
-1.309840E+1
-1.328803E+1
-1.384663E+1
-1.548421E+1
-2.000005E+1
-2.000005E+1
-2.000005E+1
-2.000005E+1
-2.000005E+1
-2.000005E+1
-2.000005E+1
-2.000005E+1
-2.000005E+1
-2.000005E+1
-2.000005E+1
-1.240750E+1
-1.030099E+1
-9.207308E+0
-8.494358E+0
-8.009258E+0
-7.687328E+0
-7.480058E+0
-7.374218E+0
-7.353638E+0
-7.412438E+0
-7.534448E+0
-7.702028E+0
-7.915178E+0
-8.162138E+0
-8.429678E+0
-8.698688E+0
-8.977988E+0
-9.269048E+0
-9.585098E+0
-9.934958E+0
-1.037743E+1
-1.103746E+1
-1.210027E+1
-1.522843E+1
-2.000005E+1
-2.000005E+1
-2.000005E+1
-2.000005E+1
-2.000005E+1
-2.000005E+1
-2.000005E+1
-2.000005E+1
-2.000005E+1
-2.000005E+1
-2.000005E+1
-2.000005E+1
-2.000005E+1
-2.000005E+1
-2.000005E+1
-2.000005E+1
-2.000005E+1
-2.000005E+1
-2.000005E+1
-1.522843E+1
-1.247365E+1
-1.121974E+1
-1.045681E+1
-9.977588E+0
-9.676238E+0
-9.549818E+0
-9.532178E+0
-9.658598E+0
-9.873218E+0
-1.020397E+1
-1.059499E+1
-1.100218E+1
-1.133734E+1
-1.146082E+1
-1.137850E+1
-1.114477E+1
-1.086841E+1
-1.065379E+1
-1.053913E+1
-1.053913E+1
-1.071259E+1
-1.107274E+1
-1.163869E+1
-1.240750E+1
-1.338799E+1
-1.411858E+1
-1.384663E+1
-1.292494E+1
-1.188271E+1
-1.093456E+1
-1.015693E+1
-9.532178E+0
-9.033848E+0
-8.628128E+0
-8.306198E+0
-8.062178E+0
-7.891658E+0
-7.787288E+0
-7.740248E+0
-7.763768E+0
-7.841678E+0
-7.975448E+0
-8.162138E+0
-8.398808E+0
-8.663408E+0
-8.964758E+0
-9.299918E+0
-9.695348E+0
-1.013341E+1
-1.071259E+1
-1.146082E+1
-1.254274E+1
-1.426852E+1
-2.000005E+1
-2.000005E+1
-2.000005E+1
-1.650439E+1
-1.338799E+1
-1.178275E+1
-1.080520E+1
-1.013341E+1
-9.658598E+0
-9.346958E+0
-9.177908E+0
-9.089708E+0
-9.089708E+0
-9.148508E+0
-9.222008E+0
-9.330788E+0
-9.413108E+0
-9.480728E+0
-9.532178E+0
-9.549818E+0
-9.585098E+0
-9.639488E+0
-9.733568E+0
-9.873218E+0
-1.010989E+1
-1.043035E+1
-1.086841E+1
-1.141966E+1
-1.204441E+1
-1.268680E+1
-1.301020E+1
-1.292494E+1
-1.240750E+1
-1.173277E+1
-1.118152E+1
-1.074346E+1
-1.045681E+1
-1.032745E+1
-1.040389E+1
-1.068319E+1
-1.118152E+1
-1.204441E+1
-1.349383E+1
-1.650439E+1
-2.000005E+1
-2.000005E+1
-1.479331E+1
-1.240750E+1
-1.096837E+1
-1.002169E+1
-9.316088E+0
-8.795708E+0
-8.419388E+0
-8.143028E+0
-7.966628E+0
-7.874018E+0
-7.850498E+0
-7.899008E+0
-8.009258E+0
-8.181248E+0
-8.398808E+0
-8.663408E+0
-8.938298E+0
-9.192608E+0
-9.379298E+0
-9.480728E+0
-9.496898E+0
-9.429278E+0
-9.316088E+0
-9.163208E+0
-8.992688E+0
-8.833928E+0
-8.663408E+0
-8.504648E+0
-8.367938E+0
-8.257688E+0
-8.200358E+0
-8.200358E+0
-8.257688E+0
-8.409098E+0
-8.639888E+0
-8.964758E+0
-9.396938E+0
-9.934958E+0
-1.056706E+1
-1.129765E+1
-1.215907E+1
-1.319101E+1
-1.443022E+1
-1.698949E+1
-2.000005E+1
-2.000005E+1
-2.000005E+1
-2.000005E+1
-2.000005E+1
-2.000005E+1
-2.000005E+1
-2.000005E+1
-2.000005E+1
-2.000005E+1
-1.426852E+1
-1.188271E+1
-1.074346E+1
-1.004374E+1
-9.602738E+0
-9.330788E+0
-9.163208E+0
-9.075008E+0
-9.033848E+0
-9.019148E+0
-9.019148E+0
-9.019148E+0
-9.019148E+0
-9.047078E+0
-9.089708E+0
-9.148508E+0
-9.207308E+0
-9.252878E+0
-9.299918E+0
-9.346958E+0
-9.379298E+0
-9.446918E+0
-9.549818E+0
-9.752678E+0
-1.008784E+1
-1.062439E+1
-1.150492E+1
-1.309840E+1
-2.000005E+1
-2.000005E+1
-2.000005E+1
-2.000005E+1
-2.000005E+1
-2.000005E+1
-2.000005E+1
-2.000005E+1
-2.000005E+1
-2.000005E+1
-2.000005E+1
-2.000005E+1
-2.000005E+1
-2.000005E+1
-2.000005E+1
-2.000005E+1
-2.000005E+1
-1.499911E+1
-1.133734E+1
-9.999638E+0
-9.238178E+0
-8.758958E+0
-8.450258E+0
-8.297378E+0
-8.267978E+0
-8.357648E+0
-8.570798E+0
-8.925068E+0
-9.429278E+0
-1.018045E+1
-1.133734E+1
-1.384663E+1
-2.000005E+1
-2.000005E+1
-2.000005E+1
-2.000005E+1
-2.000005E+1
-2.000005E+1
-2.000005E+1
-2.000005E+1
-2.000005E+1
-2.000005E+1
-2.000005E+1
-2.000005E+1
-2.000005E+1
-2.000005E+1
-2.000005E+1
-2.000005E+1
-2.000005E+1
-2.000005E+1
-2.000005E+1
-2.000005E+1
-1.319101E+1
-1.137850E+1
-1.051120E+1
-9.977588E+0
-9.658598E+0
-9.496898E+0
-9.446918E+0
-9.514538E+0
-9.676238E+0
-9.914378E+0
-1.025248E+1
-1.068319E+1
-1.114477E+1
-1.154902E+1
-1.193563E+1
-1.210027E+1
-1.204441E+1
-1.178275E+1
-1.137850E+1
-1.107274E+1
-1.083607E+1
-1.077433E+1
-1.083607E+1
-1.107274E+1
-1.154902E+1
-1.227961E+1
-1.328803E+1
-1.426852E+1
-1.426852E+1
-1.301020E+1
-1.173277E+1
-1.071259E+1
-9.914378E+0
-9.346958E+0
-8.977988E+0
-8.783948E+0
-8.735438E+0
-8.822168E+0
-9.061778E+0
-9.463088E+0
-9.999638E+0
-1.071259E+1
-1.163869E+1
-1.276324E+1
-1.397893E+1
-1.522843E+1
-1.548421E+1
-1.499911E+1
-1.426852E+1
-1.349383E+1
-1.292494E+1
-1.240750E+1
-1.188271E+1
-1.133734E+1
-1.080520E+1
-1.030099E+1
-9.873218E+0
-9.496898E+0
-9.207308E+0
-8.992688E+0
-8.858918E+0
-8.808938E+0
-8.808938E+0
-8.858918E+0
-8.938298E+0
-9.019148E+0
-9.119108E+0
-9.222008E+0
-9.330788E+0
-9.480728E+0
-9.695348E+0
-9.977588E+0
-1.037743E+1
-1.096837E+1
-1.178275E+1
-1.301020E+1
-1.522843E+1
-2.000005E+1
-2.000005E+1
-2.000005E+1
-2.000005E+1
-2.000005E+1
-2.000005E+1
-2.000005E+1
-2.000005E+1
-2.000005E+1
-2.000005E+1
-2.000005E+1
-2.000005E+1
-2.000005E+1
-2.000005E+1
-2.000005E+1
-2.000005E+1
-2.000005E+1
-2.000005E+1
-2.000005E+1
-2.000005E+1
-2.000005E+1
-1.698949E+1
-1.479331E+1
-1.411858E+1
-1.411858E+1
-1.460368E+1
-1.577380E+1
-1.849477E+1
-2.000005E+1
-2.000005E+1
-2.000005E+1
-2.000005E+1
-2.000005E+1
-2.000005E+1
-1.849477E+1
-1.849477E+1
-2.000005E+1
-2.000005E+1
-2.000005E+1
-2.000005E+1
-2.000005E+1
-2.000005E+1
-2.000005E+1
-2.000005E+1
-2.000005E+1
-2.000005E+1
-1.397893E+1
-1.247365E+1
-1.154902E+1
-1.100218E+1
-1.065379E+1
-1.048327E+1
-1.048327E+1
-1.059499E+1
-1.080520E+1
-1.114477E+1
-1.150492E+1
-1.183273E+1
-1.198855E+1
-1.193563E+1
-1.173277E+1
-1.154902E+1
-1.133734E+1
-1.125796E+1
-1.125796E+1
-1.141966E+1
-1.173277E+1
-1.204441E+1
-1.227961E+1
-1.227961E+1
-1.188271E+1
-1.125796E+1
-1.056706E+1
-9.873218E+0
-9.269048E+0
-8.735438E+0
-8.287088E+0
-7.915178E+0
-7.606478E+0
-7.353638E+0
-7.158128E+0
-7.015538E+0
-6.930278E+0
-6.897938E+0
-6.914108E+0
-6.983198E+0
-7.094918E+0
-7.247798E+0
-7.433018E+0
-7.643228E+0
-7.857848E+0
-8.070998E+0
-8.247398E+0
-8.388518E+0
-8.462018E+0
-8.472308E+0
-8.462018E+0
-8.429678E+0
-8.409098E+0
-8.429678E+0
-8.516408E+0
-8.698688E+0
-8.977988E+0
-9.396938E+0
-1.002169E+1
-1.096837E+1
-1.276324E+1
-2.000005E+1
-2.000005E+1
-2.000005E+1
-2.000005E+1
-2.000005E+1
-2.000005E+1
-2.000005E+1
-2.000005E+1
-2.000005E+1
-2.000005E+1
-2.000005E+1
-2.000005E+1
-1.460368E+1
-1.276324E+1
-1.215907E+1
-1.210027E+1
-1.247365E+1
-1.319101E+1
-1.460368E+1
-1.849477E+1
-2.000005E+1
-2.000005E+1
-2.000005E+1
-1.577380E+1
-1.397893E+1
-1.301020E+1
-1.234135E+1
-1.193563E+1
-1.159312E+1
-1.133734E+1
-1.114477E+1
-1.086841E+1
-1.056706E+1
-1.018045E+1
-9.752678E+0
-9.330788E+0
-8.925068E+0
-8.538458E+0
-8.190068E+0
-7.891658E+0
-7.628528E+0
-7.425668E+0
-7.272788E+0
-7.164008E+0
-7.094918E+0
-7.065518E+0
-7.071398E+0
-7.111088E+0
-7.169888E+0
-7.247798E+0
-7.334528E+0
-7.425668E+0
-7.534448E+0
-7.650578E+0
-7.794638E+0
-7.957808E+0
-8.181248E+0
-8.494358E+0
-8.925068E+0
-9.567458E+0
-1.059499E+1
-1.276324E+1
-2.000005E+1
-2.000005E+1
-2.000005E+1
-2.000005E+1
-2.000005E+1
-2.000005E+1
-2.000005E+1
-2.000005E+1
-2.000005E+1
-2.000005E+1
-2.000005E+1
-2.000005E+1
-2.000005E+1
-2.000005E+1
-2.000005E+1
-2.000005E+1
-2.000005E+1
-1.443022E+1
-1.234135E+1
-1.163869E+1
-1.146082E+1
-1.154902E+1
-1.183273E+1
-1.234135E+1
-1.284262E+1
-1.328803E+1
-1.319101E+1
-1.261330E+1
-1.183273E+1
-1.103746E+1
-1.043035E+1
-9.914378E+0
-9.549818E+0
-9.316088E+0
-9.222008E+0
-9.269048E+0
-9.463088E+0
-9.852638E+0
-1.051120E+1
-1.163869E+1
-1.460368E+1
-2.000005E+1
-2.000005E+1
-2.000005E+1
-2.000005E+1
-2.000005E+1
-2.000005E+1
-2.000005E+1
-2.000005E+1
-2.000005E+1
-2.000005E+1
-2.000005E+1
-2.000005E+1
-2.000005E+1
-2.000005E+1
-2.000005E+1
-2.000005E+1
-2.000005E+1
-2.000005E+1
-1.247365E+1
-1.110802E+1
-1.048327E+1
-1.018045E+1
-1.010989E+1
-1.022749E+1
-1.048327E+1
-1.090222E+1
-1.150492E+1
-1.247365E+1
-1.411858E+1
-2.000005E+1
-2.000005E+1
-2.000005E+1
-2.000005E+1
-2.000005E+1
-2.000005E+1
-2.000005E+1
-2.000005E+1
-2.000005E+1
-2.000005E+1
-2.000005E+1
-2.000005E+1
-2.000005E+1
-2.000005E+1
-2.000005E+1
-2.000005E+1
-2.000005E+1
-1.411858E+1
-1.137850E+1
-1.013341E+1
-9.346958E+0
-8.783948E+0
-8.378228E+0
-8.070998E+0
-7.850498E+0
-7.694678E+0
-7.591778E+0
-7.556498E+0
-7.569728E+0
-7.628528E+0
-7.732898E+0
-7.866668E+0
-8.018078E+0
-8.190068E+0
-8.357648E+0
-8.526698E+0
-8.663408E+0
-8.783948E+0
-8.872148E+0
-8.911838E+0
-8.885378E+0
-8.758958E+0
-8.560508E+0
-8.287088E+0
-8.000438E+0
-7.716728E+0
-7.472708E+0
-7.303658E+0
-7.230158E+0
-7.253678E+0
-7.399208E+0
-7.679978E+0
-8.116568E+0
-8.772188E+0
-9.752678E+0
-1.141966E+1
-2.000005E+1
-2.000005E+1
-2.000005E+1
-2.000005E+1
-2.000005E+1
-2.000005E+1
-2.000005E+1
-2.000005E+1
-2.000005E+1
-1.384663E+1
-1.178275E+1
-1.090222E+1
-1.043035E+1
-1.020397E+1
-1.015693E+1
-1.020397E+1
-1.027747E+1
-1.035244E+1
-1.032745E+1
-1.022749E+1
-1.006579E+1
-9.934958E+0
-9.893798E+0
-9.977588E+0
-1.027747E+1
-1.093456E+1
-1.234135E+1
-2.000005E+1
-2.000005E+1
-2.000005E+1
-2.000005E+1
-2.000005E+1
-2.000005E+1
-2.000005E+1
-2.000005E+1
-2.000005E+1
-2.000005E+1
-2.000005E+1
-2.000005E+1
-2.000005E+1
-2.000005E+1
-2.000005E+1
-2.000005E+1
-2.000005E+1
-2.000005E+1
-2.000005E+1
-2.000005E+1
-2.000005E+1
-2.000005E+1
-2.000005E+1
-2.000005E+1
-2.000005E+1
-2.000005E+1
-2.000005E+1
-2.000005E+1
-2.000005E+1
-1.384663E+1
-1.247365E+1
-1.183273E+1
-1.154902E+1
-1.141966E+1
-1.146082E+1
-1.168573E+1
-1.215907E+1
-1.292494E+1
-1.443022E+1
-2.000005E+1
-2.000005E+1
-2.000005E+1
-2.000005E+1
-2.000005E+1
-1.499911E+1
-1.292494E+1
-1.188271E+1
-1.133734E+1
-1.110802E+1
-1.110802E+1
-1.141966E+1
-1.210027E+1
-1.349383E+1
-2.000005E+1
-2.000005E+1
-2.000005E+1
-2.000005E+1
-2.000005E+1
-2.000005E+1
-2.000005E+1
-2.000005E+1
-2.000005E+1
-2.000005E+1
-1.479331E+1
-1.261330E+1
-1.146082E+1
-1.059499E+1
-9.955538E+0
-9.446918E+0
-9.033848E+0
-8.710448E+0
-8.494358E+0
-8.367938E+0
-8.316488E+0
-8.347358E+0
-8.429678E+0
-8.582558E+0
-8.783948E+0
-8.992688E+0
-9.207308E+0
-9.363128E+0
-9.463088E+0
-9.463088E+0
-9.396938E+0
-9.283748E+0
-9.192608E+0
-9.148508E+0
-9.163208E+0
-9.299918E+0
-9.567458E+0
-9.999638E+0
-1.068319E+1
-1.183273E+1
-1.443022E+1
-2.000005E+1
-2.000005E+1
-2.000005E+1
-2.000005E+1
-2.000005E+1
-2.000005E+1
-2.000005E+1
-2.000005E+1
-2.000005E+1
-2.000005E+1
-2.000005E+1
-2.000005E+1
-2.000005E+1
-1.360555E+1
-1.163869E+1
-1.056706E+1
-9.893798E+0
-9.396938E+0
-9.047078E+0
-8.808938E+0
-8.663408E+0
-8.604608E+0
-8.651648E+0
-8.758958E+0
-8.925068E+0
-9.104408E+0
-9.269048E+0
-9.379298E+0
-9.379298E+0
-9.299918E+0
-9.148508E+0
-8.977988E+0
-8.833928E+0
-8.747198E+0
-8.735438E+0
-8.795708E+0
-8.964758E+0
-9.252878E+0
-9.714458E+0
-1.040389E+1
-1.150492E+1
-1.397893E+1
-2.000005E+1
-2.000005E+1
-2.000005E+1
-2.000005E+1
-2.000005E+1
-2.000005E+1
-2.000005E+1
-2.000005E+1
-2.000005E+1
-2.000005E+1
-2.000005E+1
-2.000005E+1
-2.000005E+1
-2.000005E+1
-1.372315E+1
-1.178275E+1
-1.083607E+1
-1.022749E+1
-9.811478E+0
-9.514538E+0
-9.316088E+0
-9.177908E+0
-9.119108E+0
-9.075008E+0
-9.061778E+0
-9.033848E+0
-8.951528E+0
-8.822168E+0
-8.639888E+0
-8.439968E+0
-8.238578E+0
-8.079818E+0
-7.975448E+0
-7.957808E+0
-8.026898E+0
-8.200358E+0
-8.494358E+0
-8.938298E+0
-9.602738E+0
-1.059499E+1
-1.240750E+1
-2.000005E+1
-2.000005E+1
-2.000005E+1
-2.000005E+1
-2.000005E+1
-2.000005E+1
-2.000005E+1
-2.000005E+1
-2.000005E+1
-2.000005E+1
-1.198855E+1
-1.040389E+1
-9.496898E+0
-8.911838E+0
-8.516408E+0
-8.247398E+0
-8.070998E+0
-7.966628E+0
-7.915178E+0
-7.923998E+0
-7.982798E+0
-8.070998E+0
-8.200358E+0
-8.347358E+0
-8.526698E+0
-8.735438E+0
-8.938298E+0
-9.148508E+0
-9.363128E+0
-9.585098E+0
-9.832058E+0
-1.008784E+1
-1.032745E+1
-1.053913E+1
-1.074346E+1
-1.086841E+1
-1.096837E+1
-1.103746E+1
-1.114477E+1
-1.129765E+1
-1.159312E+1
-1.198855E+1
-1.254274E+1
-1.319101E+1
-1.372315E+1
-1.349383E+1
-1.276324E+1
-1.183273E+1
-1.107274E+1
-1.045681E+1
-1.002169E+1
-9.792368E+0
-9.752678E+0
-9.934958E+0
-1.040389E+1
-1.125796E+1
-1.319101E+1
-2.000005E+1
-2.000005E+1
-2.000005E+1
-2.000005E+1
-2.000005E+1
-2.000005E+1
-2.000005E+1
-2.000005E+1
-2.000005E+1
-2.000005E+1
-2.000005E+1
-2.000005E+1
-2.000005E+1
-2.000005E+1
-2.000005E+1
-2.000005E+1
-2.000005E+1
-2.000005E+1
-2.000005E+1
-2.000005E+1
-2.000005E+1
-1.210027E+1
-1.045681E+1
-9.549818E+0
-8.951528E+0
-8.570798E+0
-8.337068E+0
-8.209178E+0
-8.181248E+0
-8.200358E+0
-8.257688E+0
-8.326778E+0
-8.388518E+0
-8.409098E+0
-8.367938E+0
-8.287088E+0
-8.181248E+0
-8.088638E+0
-8.018078E+0
-8.000438E+0
-8.053358E+0
-8.181248E+0
-8.419388E+0
-8.758958E+0
-9.207308E+0
-9.792368E+0
-1.056706E+1
-1.159312E+1
-1.301020E+1
-1.548421E+1
-2.000005E+1
-2.000005E+1
-2.000005E+1
-2.000005E+1
-2.000005E+1
-2.000005E+1
-2.000005E+1
-2.000005E+1
-2.000005E+1
-2.000005E+1
-2.000005E+1
-1.397893E+1
-1.173277E+1
-1.053913E+1
-9.752678E+0
-9.222008E+0
-8.885378E+0
-8.698688E+0
-8.663408E+0
-8.772188E+0
-9.047078E+0
-9.532178E+0
-1.032745E+1
-1.173277E+1
-1.650439E+1
-2.000005E+1
-2.000005E+1
-2.000005E+1
-2.000005E+1
-2.000005E+1
-2.000005E+1
-2.000005E+1
-2.000005E+1
-2.000005E+1
-2.000005E+1
-2.000005E+1
-2.000005E+1
-2.000005E+1
-2.000005E+1
-1.411858E+1
-1.261330E+1
-1.168573E+1
-1.110802E+1
-1.068319E+1
-1.043035E+1
-1.025248E+1
-1.013341E+1
-1.006579E+1
-9.999638E+0
-9.934958E+0
-9.934958E+0
-9.999638E+0
-1.013341E+1
-1.035244E+1
-1.068319E+1
-1.118152E+1
-1.188271E+1
-1.284262E+1
-1.460368E+1
-2.000005E+1
-2.000005E+1
-2.000005E+1
-2.000005E+1
-2.000005E+1
-2.000005E+1
-2.000005E+1
-2.000005E+1
-2.000005E+1
-2.000005E+1
-2.000005E+1
-2.000005E+1
-2.000005E+1
-2.000005E+1
-2.000005E+1
-2.000005E+1
-2.000005E+1
-2.000005E+1
-2.000005E+1
-2.000005E+1
-2.000005E+1
-2.000005E+1
-2.000005E+1
-2.000005E+1
-2.000005E+1
-2.000005E+1
-2.000005E+1
-2.000005E+1
-2.000005E+1
-2.000005E+1
-2.000005E+1
-2.000005E+1
-2.000005E+1
-2.000005E+1
-2.000005E+1
-2.000005E+1
-2.000005E+1
-2.000005E+1
-2.000005E+1
-2.000005E+1
-2.000005E+1
-2.000005E+1
-2.000005E+1
-2.000005E+1
-2.000005E+1
-2.000005E+1
-2.000005E+1
-2.000005E+1
-2.000005E+1
-2.000005E+1
-2.000005E+1
-2.000005E+1
-1.443022E+1
-1.301020E+1
-1.227961E+1
-1.173277E+1
-1.125796E+1
-1.086841E+1
-1.051120E+1
-1.018045E+1
-9.914378E+0
-9.733568E+0
-9.621848E+0
-9.602738E+0
-9.639488E+0
-9.733568E+0
-9.893798E+0
-1.013341E+1
-1.037743E+1
-1.062439E+1
-1.080520E+1
-1.100218E+1
-1.114477E+1
-1.129765E+1
-1.150492E+1
-1.183273E+1
-1.247365E+1
-1.384663E+1
-2.000005E+1
-2.000005E+1
-2.000005E+1
-2.000005E+1
-2.000005E+1
-2.000005E+1
-2.000005E+1
-2.000005E+1
-2.000005E+1
-2.000005E+1
-2.000005E+1
-2.000005E+1
-2.000005E+1
-2.000005E+1
-1.443022E+1
-1.240750E+1
-1.137850E+1
-1.062439E+1
-1.006579E+1
-9.585098E+0
-9.207308E+0
-8.938298E+0
-8.758958E+0
-8.698688E+0
-8.758958E+0
-8.964758E+0
-9.330788E+0
-9.955538E+0
-1.096837E+1
-1.301020E+1
-2.000005E+1
-2.000005E+1
-2.000005E+1
-2.000005E+1
-2.000005E+1
-2.000005E+1
-2.000005E+1
-2.000005E+1
-2.000005E+1
-2.000005E+1
-2.000005E+1
-2.000005E+1
-1.240750E+1
-1.090222E+1
-1.010989E+1
-9.639488E+0
-9.379298E+0
-9.283748E+0
-9.330788E+0
-9.514538E+0
-9.832058E+0
-1.027747E+1
-1.083607E+1
-1.146082E+1
-1.215907E+1
-1.261330E+1
-1.261330E+1
-1.204441E+1
-1.121974E+1
-1.045681E+1
-9.792368E+0
-9.299918E+0
-8.925068E+0
-8.698688E+0
-8.604608E+0
-8.663408E+0
-8.872148E+0
-9.252878E+0
-9.852638E+0
-1.077433E+1
-1.254274E+1
-2.000005E+1
-2.000005E+1
-2.000005E+1
-2.000005E+1
-2.000005E+1
-2.000005E+1
-2.000005E+1
-2.000005E+1
-2.000005E+1
-2.000005E+1
-2.000005E+1
-1.548421E+1
-1.227961E+1
-1.114477E+1
-1.056706E+1
-1.020397E+1
-1.006579E+1
-1.008784E+1
-1.025248E+1
-1.048327E+1
-1.077433E+1
-1.100218E+1
-1.114477E+1
-1.110802E+1
-1.086841E+1
-1.051120E+1
-1.013341E+1
-9.792368E+0
-9.514538E+0
-9.283748E+0
-9.119108E+0
-9.019148E+0
-8.977988E+0
-8.977988E+0
-9.005918E+0
-9.075008E+0
-9.177908E+0
-9.316088E+0
-9.514538E+0
-9.811478E+0
-1.022749E+1
-1.086841E+1
-1.193563E+1
-1.460368E+1
-2.000005E+1
-2.000005E+1
-2.000005E+1
-2.000005E+1
-2.000005E+1
-2.000005E+1
-2.000005E+1
-2.000005E+1
-2.000005E+1
-2.000005E+1
-2.000005E+1
-2.000005E+1
-2.000005E+1
-2.000005E+1
-1.338799E+1
-1.159312E+1
-1.077433E+1
-1.032745E+1
-1.010989E+1
-1.008784E+1
-1.020397E+1
-1.043035E+1
-1.080520E+1
-1.129765E+1
-1.198855E+1
-1.319101E+1
-1.650439E+1
-2.000005E+1
-2.000005E+1
-2.000005E+1
-2.000005E+1
-2.000005E+1
-2.000005E+1
-2.000005E+1
-2.000005E+1
-2.000005E+1
-2.000005E+1
-2.000005E+1
-2.000005E+1
-2.000005E+1
-2.000005E+1
-2.000005E+1
-2.000005E+1
-2.000005E+1
-2.000005E+1
-2.000005E+1
-2.000005E+1
-1.247365E+1
-1.074346E+1
-9.873218E+0
-9.330788E+0
-9.005918E+0
-8.847158E+0
-8.822168E+0
-8.938298E+0
-9.192608E+0
-9.585098E+0
-1.015693E+1
-1.100218E+1
-1.227961E+1
-1.522843E+1
-2.000005E+1
-2.000005E+1
-2.000005E+1
-2.000005E+1
-2.000005E+1
-2.000005E+1
-2.000005E+1
-2.000005E+1
-2.000005E+1
-2.000005E+1
-1.577380E+1
-1.426852E+1
-1.384663E+1
-1.411858E+1
-1.610896E+1
-2.000005E+1
-2.000005E+1
-2.000005E+1
-2.000005E+1
-2.000005E+1
-2.000005E+1
-2.000005E+1
-2.000005E+1
-2.000005E+1
-2.000005E+1
-2.000005E+1
-2.000005E+1
-1.204441E+1
-1.059499E+1
-9.893798E+0
-9.532178E+0
-9.346958E+0
-9.316088E+0
-9.363128E+0
-9.480728E+0
-9.602738E+0
-9.714458E+0
-9.752678E+0
-9.752678E+0
-9.752678E+0
-9.773258E+0
-9.832058E+0
-9.977588E+0
-1.022749E+1
-1.059499E+1
-1.110802E+1
-1.178275E+1
-1.268680E+1
-1.397893E+1
-1.577380E+1
-2.000005E+1
-2.000005E+1
-2.000005E+1
-2.000005E+1
-2.000005E+1
-1.522843E+1
-1.328803E+1
-1.204441E+1
-1.110802E+1
-1.035244E+1
-9.773258E+0
-9.346958E+0
-9.047078E+0
-8.858918E+0
-8.795708E+0
-8.847158E+0
-9.047078E+0
-9.429278E+0
-1.008784E+1
-1.125796E+1
-1.460368E+1
-2.000005E+1
-2.000005E+1
-2.000005E+1
-2.000005E+1
-2.000005E+1
-2.000005E+1
-2.000005E+1
-2.000005E+1
-2.000005E+1
-2.000005E+1
-2.000005E+1
-2.000005E+1
-2.000005E+1
-2.000005E+1
-2.000005E+1
-2.000005E+1
-2.000005E+1
-2.000005E+1
-2.000005E+1
-2.000005E+1
-2.000005E+1
-2.000005E+1
-2.000005E+1
-2.000005E+1
-2.000005E+1
-2.000005E+1
-2.000005E+1
-2.000005E+1
-2.000005E+1
-2.000005E+1
-2.000005E+1
-2.000005E+1
-2.000005E+1
-2.000005E+1
-2.000005E+1
-2.000005E+1
-2.000005E+1
-2.000005E+1
-2.000005E+1
-2.000005E+1
-2.000005E+1
-2.000005E+1
-2.000005E+1
-2.000005E+1
-2.000005E+1
-2.000005E+1
-2.000005E+1
-2.000005E+1
-2.000005E+1
-2.000005E+1
-2.000005E+1
-2.000005E+1
-2.000005E+1
-2.000005E+1
-1.610896E+1
-1.548421E+1
-1.698949E+1
-2.000005E+1
-2.000005E+1
-2.000005E+1
-2.000005E+1
-2.000005E+1
-2.000005E+1
-2.000005E+1
-2.000005E+1
-2.000005E+1
-2.000005E+1
-2.000005E+1
-2.000005E+1
-2.000005E+1
-2.000005E+1
-2.000005E+1
-2.000005E+1
-1.479331E+1
-1.309840E+1
-1.247365E+1
-1.240750E+1
-1.268680E+1
-1.372315E+1
-1.849477E+1
-2.000005E+1
-2.000005E+1
-2.000005E+1
-2.000005E+1
-2.000005E+1
-2.000005E+1
-2.000005E+1
-2.000005E+1
-2.000005E+1
-2.000005E+1
-2.000005E+1
-2.000005E+1
-1.319101E+1
-1.107274E+1
-1.002169E+1
-9.346958E+0
-8.885378E+0
-8.548748E+0
-8.326778E+0
-8.200358E+0
-8.181248E+0
-8.267978E+0
-8.462018E+0
-8.795708E+0
-9.316088E+0
-1.008784E+1
-1.137850E+1
-1.443022E+1
-2.000005E+1
-2.000005E+1
-2.000005E+1
-2.000005E+1
-2.000005E+1
-2.000005E+1
-2.000005E+1
-2.000005E+1
-2.000005E+1
-2.000005E+1
-2.000005E+1
-2.000005E+1
-2.000005E+1
-2.000005E+1
-2.000005E+1
-2.000005E+1
-2.000005E+1
-1.284262E+1
-1.114477E+1
-1.030099E+1
-9.811478E+0
-9.532178E+0
-9.379298E+0
-9.330788E+0
-9.379298E+0
-9.532178E+0
-9.773258E+0
-1.018045E+1
-1.077433E+1
-1.173277E+1
-1.349383E+1
-2.000005E+1
-2.000005E+1
-2.000005E+1
-2.000005E+1
-2.000005E+1
-2.000005E+1
-2.000005E+1
-2.000005E+1
-2.000005E+1
-1.577380E+1
-1.240750E+1
-1.103746E+1
-1.018045E+1
-9.549818E+0
-9.104408E+0
-8.783948E+0
-8.582558E+0
-8.462018E+0
-8.439968E+0
-8.504648E+0
-8.651648E+0
-8.872148E+0
-9.192608E+0
-9.621848E+0
-1.020397E+1
-1.100218E+1
-1.221787E+1
-1.499911E+1
-2.000005E+1
-2.000005E+1
-2.000005E+1
-2.000005E+1
-2.000005E+1
-2.000005E+1
-2.000005E+1
-2.000005E+1
-2.000005E+1
-2.000005E+1
-2.000005E+1
-2.000005E+1
-2.000005E+1
-2.000005E+1
-2.000005E+1
-2.000005E+1
-1.319101E+1
-1.154902E+1
-1.090222E+1
-1.074346E+1
-1.090222E+1
-1.141966E+1
-1.240750E+1
-1.479331E+1
-2.000005E+1
-2.000005E+1
-2.000005E+1
-2.000005E+1
