Date/Time	2022-06-07 04:24:06
Line location	3
Line name	C1
OTDR wavelength [nm]	1625
OTDR pulse duration [ns]	2
OTDR scan time [s]	10
OTDR scan length [m]	1.500000E+2
Length offset [m]	0.000000E+0
Length increment [m]	3.996806E-2
Switch ID	VIAVI Solutions,OTU 8000E,11654,FO,16.76
OTDR ID	JDSU,OTU 8000E,11654,OTU(SmartOTU),V7.22

Reflected amplitude [dB]
1.209112E+0
1.169422E+0
1.129732E+0
1.097392E+0
1.072402E+0
1.053292E+0
1.076812E+0
1.182652E+0
1.348762E+0
1.551622E+0
1.788292E+0
2.035252E+0
2.252812E+0
2.420392E+0
2.542402E+0
2.629132E+0
2.682052E+0
2.696752E+0
2.673232E+0
2.612962E+0
2.514472E+0
2.379232E+0
2.217532E+0
2.044072E+0
1.851502E+0
1.632472E+0
1.397272E+0
1.172362E+0
9.724420E-1
8.033920E-1
6.622720E-1
5.476120E-1
4.505920E-1
3.712120E-1
3.021220E-1
2.447920E-1
1.948120E-1
1.507120E-1
1.139620E-1
8.309200E-2
5.516200E-2
3.017200E-2
8.122000E-3
-1.245800E-2
-3.009800E-2
-4.773800E-2
-6.243800E-2
-7.566800E-2
-8.742800E-2
-9.918800E-2
-1.109480E-1
-1.227080E-1
-1.374080E-1
-1.521080E-1
-1.697480E-1
-1.888580E-1
-2.109080E-1
-2.329580E-1
-2.579480E-1
-2.829380E-1
-3.093980E-1
-3.343880E-1
-3.608480E-1
-3.858380E-1
-4.078880E-1
-4.255280E-1
-4.372880E-1
-4.431680E-1
-4.402280E-1
-4.269980E-1
-4.078880E-1
-3.799580E-1
-3.461480E-1
-3.093980E-1
-2.711780E-1
-2.344280E-1
-2.020880E-1
-1.726880E-1
-1.506380E-1
-1.344680E-1
-1.256480E-1
-1.241780E-1
-1.300580E-1
-1.403480E-1
-1.550480E-1
-1.741580E-1
-1.962080E-1
-2.182580E-1
-2.417780E-1
-2.652980E-1
-2.858780E-1
-3.064580E-1
-3.255680E-1
-3.432080E-1
-3.608480E-1
-3.770180E-1
-3.931880E-1
-4.108280E-1
-4.284680E-1
-4.475780E-1
-4.681580E-1
-4.887380E-1
-5.078480E-1
-5.284280E-1
-5.475380E-1
-5.666480E-1
-5.828180E-1
-5.989880E-1
-6.166280E-1
-6.342680E-1
-6.519080E-1
-6.710180E-1
-6.901280E-1
-7.077680E-1
-7.224680E-1
-7.327580E-1
-7.386380E-1
-7.401080E-1
-7.356980E-1
-7.283480E-1
-7.165880E-1
-7.033580E-1
-6.871880E-1
-6.710180E-1
-6.548480E-1
-6.401480E-1
-6.239780E-1
-6.107480E-1
-5.989880E-1
-5.886980E-1
-5.828180E-1
-5.798780E-1
-5.798780E-1
-5.828180E-1
-5.886980E-1
-5.960480E-1
-6.048680E-1
-6.136880E-1
-6.239780E-1
-6.313280E-1
-6.386780E-1
-6.416180E-1
-6.416180E-1
-6.342680E-1
-6.210380E-1
-5.989880E-1
-5.710580E-1
-5.387180E-1
-4.990280E-1
-4.549280E-1
-3.828980E-1
-2.594180E-1
-1.168280E-1
8.122000E-3
1.080820E-1
1.845220E-1
2.418520E-1
2.800720E-1
3.006520E-1
3.080020E-1
3.006520E-1
2.800720E-1
2.506720E-1
2.109820E-1
1.654120E-1
1.139620E-1
5.957200E-2
2.242000E-3
-5.361800E-2
-1.094780E-1
-1.623980E-1
-2.123780E-1
-2.594180E-1
-3.020480E-1
-3.417380E-1
-3.755480E-1
-4.064180E-1
-4.328780E-1
-4.534580E-1
-4.710980E-1
-4.843280E-1
-4.931480E-1
-4.990280E-1
-5.004980E-1
-5.019680E-1
-5.004980E-1
-5.004980E-1
-4.975580E-1
-4.960880E-1
-4.931480E-1
-4.902080E-1
-4.872680E-1
-4.828580E-1
-4.784480E-1
-4.755080E-1
-4.710980E-1
-4.666880E-1
-4.652180E-1
-4.622780E-1
-4.622780E-1
-4.608080E-1
-4.608080E-1
-4.593380E-1
-4.593380E-1
-4.593380E-1
-4.578680E-1
-4.578680E-1
-4.578680E-1
-4.563980E-1
-4.563980E-1
-4.534580E-1
-4.490480E-1
-4.446380E-1
-4.358180E-1
-4.269980E-1
-4.167080E-1
-4.049480E-1
-3.946580E-1
-3.858380E-1
-3.784880E-1
-3.711380E-1
-3.652580E-1
-3.608480E-1
-3.564380E-1
-3.520280E-1
-3.490880E-1
-3.461480E-1
-3.446780E-1
-3.461480E-1
-3.490880E-1
-3.549680E-1
-3.623180E-1
-3.726080E-1
-3.858380E-1
-4.005380E-1
-4.152380E-1
-4.299380E-1
-4.446380E-1
-4.593380E-1
-4.725680E-1
-4.843280E-1
-4.931480E-1
-4.990280E-1
-5.034380E-1
-5.049080E-1
-5.034380E-1
-4.990280E-1
-4.946180E-1
-4.872680E-1
-4.799180E-1
-4.740380E-1
-4.681580E-1
-4.652180E-1
-4.637480E-1
-4.637480E-1
-4.637480E-1
-4.652180E-1
-4.681580E-1
-4.696280E-1
-4.696280E-1
-4.681580E-1
-4.666880E-1
-4.637480E-1
-4.593380E-1
-4.549280E-1
-4.490480E-1
-4.446380E-1
-4.416980E-1
-4.416980E-1
-4.416980E-1
-4.446380E-1
-4.475780E-1
-4.534580E-1
-4.593380E-1
-4.637480E-1
-4.666880E-1
-4.681580E-1
-4.681580E-1
-4.652180E-1
-4.608080E-1
-4.549280E-1
-4.505180E-1
-4.461080E-1
-4.431680E-1
-4.416980E-1
-4.416980E-1
-4.416980E-1
-4.431680E-1
-4.446380E-1
-4.475780E-1
-4.505180E-1
-4.549280E-1
-4.608080E-1
-4.666880E-1
-4.740380E-1
-4.813880E-1
-4.887380E-1
-4.946180E-1
-4.990280E-1
-5.019680E-1
-5.049080E-1
-5.078480E-1
-5.093180E-1
-5.107880E-1
-5.122580E-1
-5.137280E-1
-5.151980E-1
-5.166680E-1
-5.151980E-1
-5.137280E-1
-5.107880E-1
-5.049080E-1
-4.960880E-1
-4.857980E-1
-4.755080E-1
-4.637480E-1
-4.519880E-1
-4.416980E-1
-4.328780E-1
-4.255280E-1
-4.196480E-1
-4.167080E-1
-4.167080E-1
-4.167080E-1
-4.181780E-1
-4.196480E-1
-4.211180E-1
-4.225880E-1
-4.240580E-1
-4.269980E-1
-4.299380E-1
-4.328780E-1
-4.387580E-1
-4.446380E-1
-4.519880E-1
-4.608080E-1
-4.681580E-1
-4.755080E-1
-4.813880E-1
-4.857980E-1
-4.857980E-1
-4.843280E-1
-4.784480E-1
-4.725680E-1
-4.652180E-1
-4.578680E-1
-4.505180E-1
-4.461080E-1
-4.446380E-1
-4.431680E-1
-4.446380E-1
-4.461080E-1
-4.475780E-1
-4.490480E-1
-4.505180E-1
-4.490480E-1
-4.446380E-1
-4.402280E-1
-4.328780E-1
-4.269980E-1
-4.196480E-1
-4.167080E-1
-4.137680E-1
-4.152380E-1
-4.181780E-1
-4.240580E-1
-4.328780E-1
-4.416980E-1
-4.505180E-1
-4.608080E-1
-4.710980E-1
-4.813880E-1
-4.931480E-1
-5.049080E-1
-5.181380E-1
-5.298980E-1
-5.401880E-1
-5.475380E-1
-5.504780E-1
-5.475380E-1
-5.401880E-1
-5.284280E-1
-5.151980E-1
-4.990280E-1
-4.828580E-1
-4.681580E-1
-4.534580E-1
-4.431680E-1
-4.328780E-1
-4.255280E-1
-4.196480E-1
-4.137680E-1
-4.108280E-1
-4.078880E-1
-4.078880E-1
-4.078880E-1
-4.078880E-1
-4.108280E-1
-4.137680E-1
-4.167080E-1
-4.211180E-1
-4.255280E-1
-4.284680E-1
-4.299380E-1
-4.299380E-1
-4.284680E-1
-4.240580E-1
-4.181780E-1
-4.122980E-1
-4.049480E-1
-3.975980E-1
-3.902480E-1
-3.843680E-1
-3.784880E-1
-3.740780E-1
-3.696680E-1
-3.667280E-1
-3.637880E-1
-3.608480E-1
-3.593780E-1
-3.579080E-1
-3.579080E-1
-3.593780E-1
-3.637880E-1
-3.696680E-1
-3.784880E-1
-3.902480E-1
-4.064180E-1
-4.240580E-1
-4.431680E-1
-4.622780E-1
-4.828580E-1
-5.019680E-1
-5.181380E-1
-5.313680E-1
-5.431280E-1
-5.519480E-1
-5.578280E-1
-5.651780E-1
-5.695880E-1
-5.754680E-1
-5.798780E-1
-5.828180E-1
-5.842880E-1
-5.828180E-1
-5.784080E-1
-5.710580E-1
-5.607680E-1
-5.504780E-1
-5.387180E-1
-5.284280E-1
-5.210780E-1
-5.151980E-1
-5.122580E-1
-5.107880E-1
-5.107880E-1
-5.122580E-1
-5.122580E-1
-5.107880E-1
-5.093180E-1
-5.049080E-1
-5.004980E-1
-4.931480E-1
-4.857980E-1
-4.784480E-1
-4.725680E-1
-4.681580E-1
-4.652180E-1
-4.652180E-1
-4.666880E-1
-4.681580E-1
-4.710980E-1
-4.710980E-1
-4.696280E-1
-4.637480E-1
-4.563980E-1
-4.461080E-1
-4.343480E-1
-4.225880E-1
-4.122980E-1
-4.034780E-1
-3.975980E-1
-3.946580E-1
-3.946580E-1
-3.975980E-1
-4.020080E-1
-4.078880E-1
-4.167080E-1
-4.255280E-1
-4.358180E-1
-4.475780E-1
-4.608080E-1
-4.725680E-1
-4.857980E-1
-4.990280E-1
-5.093180E-1
-5.181380E-1
-5.269580E-1
-5.313680E-1
-5.343080E-1
-5.357780E-1
-5.357780E-1
-5.328380E-1
-5.298980E-1
-5.254880E-1
-5.196080E-1
-5.137280E-1
-5.093180E-1
-5.049080E-1
-5.004980E-1
-4.990280E-1
-4.990280E-1
-5.004980E-1
-5.049080E-1
-5.078480E-1
-5.122580E-1
-5.151980E-1
-5.181380E-1
-5.181380E-1
-5.181380E-1
-5.151980E-1
-5.122580E-1
-5.078480E-1
-5.049080E-1
-5.019680E-1
-5.019680E-1
-5.019680E-1
-5.049080E-1
-5.093180E-1
-5.151980E-1
-5.210780E-1
-5.284280E-1
-5.357780E-1
-5.416580E-1
-5.490080E-1
-5.548880E-1
-5.592980E-1
-5.637080E-1
-5.666480E-1
-5.681180E-1
-5.681180E-1
-5.651780E-1
-5.607680E-1
-5.534180E-1
-5.460680E-1
-5.357780E-1
-5.269580E-1
-5.166680E-1
-5.078480E-1
-5.004980E-1
-4.946180E-1
-4.902080E-1
-4.872680E-1
-4.857980E-1
-4.872680E-1
-4.902080E-1
-4.931480E-1
-4.946180E-1
-4.960880E-1
-4.960880E-1
-4.960880E-1
-4.931480E-1
-4.902080E-1
-4.872680E-1
-4.857980E-1
-4.857980E-1
-4.857980E-1
-4.887380E-1
-4.946180E-1
-4.990280E-1
-5.049080E-1
-5.093180E-1
-5.122580E-1
-5.151980E-1
-5.137280E-1
-5.122580E-1
-5.078480E-1
-5.034380E-1
-4.975580E-1
-4.931480E-1
-4.872680E-1
-4.813880E-1
-4.755080E-1
-4.696280E-1
-4.652180E-1
-4.608080E-1
-4.563980E-1
-4.549280E-1
-4.534580E-1
-4.549280E-1
-4.578680E-1
-4.622780E-1
-4.666880E-1
-4.710980E-1
-4.740380E-1
-4.769780E-1
-4.799180E-1
-4.813880E-1
-4.843280E-1
-4.857980E-1
-4.902080E-1
-4.946180E-1
-5.004980E-1
-5.078480E-1
-5.166680E-1
-5.254880E-1
-5.357780E-1
-5.475380E-1
-5.592980E-1
-5.725280E-1
-5.857580E-1
-5.989880E-1
-6.107480E-1
-6.195680E-1
-6.283880E-1
-6.327980E-1
-6.357380E-1
-6.357380E-1
-6.342680E-1
-6.298580E-1
-6.254480E-1
-6.210380E-1
-6.151580E-1
-6.107480E-1
-6.048680E-1
-6.004580E-1
-5.945780E-1
-5.886980E-1
-5.828180E-1
-5.784080E-1
-5.725280E-1
-5.666480E-1
-5.622380E-1
-5.578280E-1
-5.548880E-1
-5.534180E-1
-5.504780E-1
-5.490080E-1
-5.475380E-1
-5.445980E-1
-5.401880E-1
-5.372480E-1
-5.328380E-1
-5.298980E-1
-5.269580E-1
-5.269580E-1
-5.269580E-1
-5.284280E-1
-5.313680E-1
-5.372480E-1
-5.431280E-1
-5.504780E-1
-5.578280E-1
-5.666480E-1
-5.739980E-1
-5.798780E-1
-5.842880E-1
-5.857580E-1
-5.872280E-1
-5.842880E-1
-5.828180E-1
-5.798780E-1
-5.769380E-1
-5.754680E-1
-5.754680E-1
-5.769380E-1
-5.798780E-1
-5.813480E-1
-5.813480E-1
-5.798780E-1
-5.739980E-1
-5.666480E-1
-5.563580E-1
-5.460680E-1
-5.357780E-1
-5.254880E-1
-5.181380E-1
-5.122580E-1
-5.093180E-1
-5.093180E-1
-5.093180E-1
-5.078480E-1
-5.078480E-1
-5.049080E-1
-5.004980E-1
-4.931480E-1
-4.843280E-1
-4.755080E-1
-4.666880E-1
-4.593380E-1
-4.534580E-1
-4.490480E-1
-4.490480E-1
-4.505180E-1
-4.534580E-1
-4.563980E-1
-4.593380E-1
-4.622780E-1
-4.637480E-1
-4.652180E-1
-4.637480E-1
-4.622780E-1
-4.608080E-1
-4.593380E-1
-4.563980E-1
-4.534580E-1
-4.519880E-1
-4.505180E-1
-4.490480E-1
-4.475780E-1
-4.475780E-1
-4.505180E-1
-4.534580E-1
-4.593380E-1
-4.652180E-1
-4.740380E-1
-4.843280E-1
-4.946180E-1
-5.049080E-1
-5.151980E-1
-5.240180E-1
-5.313680E-1
-5.372480E-1
-5.401880E-1
-5.416580E-1
-5.416580E-1
-5.401880E-1
-5.387180E-1
-5.372480E-1
-5.387180E-1
-5.401880E-1
-5.416580E-1
-5.460680E-1
-5.490080E-1
-5.519480E-1
-5.548880E-1
-5.563580E-1
-5.578280E-1
-5.592980E-1
-5.592980E-1
-5.607680E-1
-5.622380E-1
-5.637080E-1
-5.651780E-1
-5.666480E-1
-5.681180E-1
-5.681180E-1
-5.681180E-1
-5.695880E-1
-5.695880E-1
-5.695880E-1
-5.695880E-1
-5.695880E-1
-5.695880E-1
-5.681180E-1
-5.651780E-1
-5.637080E-1
-5.622380E-1
-5.622380E-1
-5.637080E-1
-5.666480E-1
-5.710580E-1
-5.769380E-1
-5.842880E-1
-5.901680E-1
-5.960480E-1
-6.004580E-1
-6.019280E-1
-6.004580E-1
-5.960480E-1
-5.886980E-1
-5.813480E-1
-5.710580E-1
-5.622380E-1
-5.519480E-1
-5.445980E-1
-5.357780E-1
-5.298980E-1
-5.225480E-1
-5.151980E-1
-5.078480E-1
-5.004980E-1
-4.931480E-1
-4.872680E-1
-4.828580E-1
-4.813880E-1
-4.828580E-1
-4.872680E-1
-4.931480E-1
-5.004980E-1
-5.078480E-1
-5.137280E-1
-5.181380E-1
-5.196080E-1
-5.196080E-1
-5.196080E-1
-5.166680E-1
-5.151980E-1
-5.151980E-1
-5.151980E-1
-5.166680E-1
-5.181380E-1
-5.210780E-1
-5.225480E-1
-5.225480E-1
-5.210780E-1
-5.181380E-1
-5.137280E-1
-5.078480E-1
-5.004980E-1
-4.946180E-1
-4.872680E-1
-4.813880E-1
-4.755080E-1
-4.710980E-1
-4.696280E-1
-4.681580E-1
-4.666880E-1
-4.681580E-1
-4.696280E-1
-4.725680E-1
-4.769780E-1
-4.799180E-1
-4.843280E-1
-4.887380E-1
-4.931480E-1
-4.990280E-1
-5.034380E-1
-5.093180E-1
-5.151980E-1
-5.210780E-1
-5.284280E-1
-5.357780E-1
-5.431280E-1
-5.504780E-1
-5.592980E-1
-5.666480E-1
-5.754680E-1
-5.828180E-1
-5.901680E-1
-5.975180E-1
-6.019280E-1
-6.063380E-1
-6.092780E-1
-6.092780E-1
-6.063380E-1
-6.019280E-1
-5.945780E-1
-5.872280E-1
-5.798780E-1
-5.710580E-1
-5.651780E-1
-5.578280E-1
-5.519480E-1
-5.475380E-1
-5.445980E-1
-5.416580E-1
-5.416580E-1
-5.431280E-1
-5.475380E-1
-5.519480E-1
-5.592980E-1
-5.666480E-1
-5.754680E-1
-5.813480E-1
-5.872280E-1
-5.901680E-1
-5.916380E-1
-5.901680E-1
-5.872280E-1
-5.828180E-1
-5.784080E-1
-5.725280E-1
-5.666480E-1
-5.637080E-1
-5.607680E-1
-5.592980E-1
-5.578280E-1
-5.578280E-1
-5.563580E-1
-5.563580E-1
-5.563580E-1
-5.578280E-1
-5.592980E-1
-5.622380E-1
-5.681180E-1
-5.754680E-1
-5.842880E-1
-5.931080E-1
-6.033980E-1
-6.107480E-1
-6.166280E-1
-6.180980E-1
-6.151580E-1
-6.107480E-1
-6.019280E-1
-5.916380E-1
-5.813480E-1
-5.681180E-1
-5.563580E-1
-5.460680E-1
-5.372480E-1
-5.313680E-1
-5.284280E-1
-5.269580E-1
-5.298980E-1
-5.328380E-1
-5.387180E-1
-5.445980E-1
-5.490080E-1
-5.534180E-1
-5.578280E-1
-5.592980E-1
-5.607680E-1
-5.607680E-1
-5.592980E-1
-5.592980E-1
-5.578280E-1
-5.563580E-1
-5.548880E-1
-5.534180E-1
-5.519480E-1
-5.475380E-1
-5.445980E-1
-5.401880E-1
-5.372480E-1
-5.328380E-1
-5.298980E-1
-5.298980E-1
-5.298980E-1
-5.313680E-1
-5.343080E-1
-5.372480E-1
-5.401880E-1
-5.416580E-1
-5.416580E-1
-5.387180E-1
-5.328380E-1
-5.269580E-1
-5.181380E-1
-5.078480E-1
-4.975580E-1
-4.887380E-1
-4.813880E-1
-4.755080E-1
-4.710980E-1
-4.696280E-1
-4.710980E-1
-4.725680E-1
-4.740380E-1
-4.769780E-1
-4.784480E-1
-4.784480E-1
-4.769780E-1
-4.755080E-1
-4.725680E-1
-4.696280E-1
-4.666880E-1
-4.652180E-1
-4.652180E-1
-4.666880E-1
-4.696280E-1
-4.740380E-1
-4.784480E-1
-4.857980E-1
-4.916780E-1
-4.960880E-1
-5.004980E-1
-5.034380E-1
-5.049080E-1
-5.034380E-1
-5.004980E-1
-4.975580E-1
-4.931480E-1
-4.872680E-1
-4.813880E-1
-4.755080E-1
-4.696280E-1
-4.622780E-1
-4.563980E-1
-4.505180E-1
-4.461080E-1
-4.431680E-1
-4.431680E-1
-4.446380E-1
-4.505180E-1
-4.578680E-1
-4.681580E-1
-4.799180E-1
-4.931480E-1
-5.078480E-1
-5.225480E-1
-5.372480E-1
-5.519480E-1
-5.666480E-1
-5.784080E-1
-5.901680E-1
-5.989880E-1
-6.048680E-1
-6.092780E-1
-6.107480E-1
-6.092780E-1
-6.033980E-1
-5.975180E-1
-5.886980E-1
-5.798780E-1
-5.695880E-1
-5.592980E-1
-5.490080E-1
-5.401880E-1
-5.313680E-1
-5.240180E-1
-5.166680E-1
-5.122580E-1
-5.063780E-1
-5.034380E-1
-4.990280E-1
-4.946180E-1
-4.902080E-1
-4.843280E-1
-4.769780E-1
-4.696280E-1
-4.593380E-1
-4.490480E-1
-4.387580E-1
-4.299380E-1
-4.211180E-1
-4.152380E-1
-4.122980E-1
-4.137680E-1
-4.225880E-1
-4.372880E-1
-4.593380E-1
-4.902080E-1
-5.298980E-1
-5.769380E-1
-6.327980E-1
-6.945380E-1
-7.606880E-1
-8.297780E-1
-8.988680E-1
-9.664880E-1
-1.031168E+0
-1.091438E+0
-1.148768E+0
-1.201688E+0
-1.253138E+0
-1.303118E+0
-1.353098E+0
-1.401608E+0
-1.450118E+0
-1.498628E+0
-1.544198E+0
-1.586828E+0
-1.625048E+0
-1.657388E+0
-1.683848E+0
-1.704428E+0
-1.720598E+0
-1.730888E+0
-1.736768E+0
-1.739708E+0
-1.739708E+0
-1.738238E+0
-1.735298E+0
-1.730888E+0
-1.727948E+0
-1.725008E+0
-1.725008E+0
-1.725008E+0
-1.729418E+0
-1.736768E+0
-1.745588E+0
-1.758818E+0
-1.772048E+0
-1.788218E+0
-1.804388E+0
-1.822028E+0
-1.836728E+0
-1.851428E+0
-1.866128E+0
-1.877888E+0
-1.888178E+0
-1.895528E+0
-1.901408E+0
-1.905818E+0
-1.907288E+0
-1.905818E+0
-1.902878E+0
-1.899938E+0
-1.895528E+0
-1.894058E+0
-1.892588E+0
-1.895528E+0
-1.899938E+0
-1.907288E+0
-1.916108E+0
-1.923458E+0
-1.930808E+0
-1.938158E+0
-1.944038E+0
-1.949918E+0
-1.955798E+0
-1.961678E+0
-1.970498E+0
-1.977848E+0
-1.983728E+0
-1.988138E+0
-1.988138E+0
-1.986668E+0
-1.980788E+0
-1.971968E+0
-1.961678E+0
-1.952858E+0
-1.946978E+0
-1.944038E+0
-1.946978E+0
-1.952858E+0
-1.963148E+0
-1.977848E+0
-1.995488E+0
-2.014598E+0
-2.036648E+0
-2.057228E+0
-2.077808E+0
-2.095448E+0
-2.110148E+0
-2.121908E+0
-2.127788E+0
-2.129258E+0
-2.127788E+0
-2.123378E+0
-2.117498E+0
-2.110148E+0
-2.101328E+0
-2.093978E+0
-2.086628E+0
-2.077808E+0
-2.071928E+0
-2.066048E+0
-2.063108E+0
-2.063108E+0
-2.066048E+0
-2.071928E+0
-2.080748E+0
-2.092508E+0
-2.105738E+0
-2.118968E+0
-2.130728E+0
-2.141018E+0
-2.146898E+0
-2.146898E+0
-2.143958E+0
-2.138078E+0
-2.127788E+0
-2.117498E+0
-2.105738E+0
-2.098388E+0
-2.095448E+0
-2.095448E+0
-2.102798E+0
-2.113088E+0
-2.129258E+0
-2.146898E+0
-2.168948E+0
-2.190998E+0
-2.215988E+0
-2.239508E+0
-2.263028E+0
-2.285078E+0
-2.304188E+0
-2.320358E+0
-2.332118E+0
-2.339468E+0
-2.340938E+0
-2.337998E+0
-2.329178E+0
-2.320358E+0
-2.311538E+0
-2.302718E+0
-2.296838E+0
-2.295368E+0
-2.298308E+0
-2.305658E+0
-2.315948E+0
-2.329178E+0
-2.343878E+0
-2.360048E+0
-2.374748E+0
-2.387978E+0
-2.399738E+0
-2.407088E+0
-2.412968E+0
-2.415908E+0
-2.415908E+0
-2.415908E+0
-2.414438E+0
-2.414438E+0
-2.415908E+0
-2.421788E+0
-2.427668E+0
-2.436488E+0
-2.448248E+0
-2.460008E+0
-2.471768E+0
-2.483528E+0
-2.490878E+0
-2.496758E+0
-2.498228E+0
-2.495288E+0
-2.489408E+0
-2.482058E+0
-2.474708E+0
-2.467358E+0
-2.464418E+0
-2.465888E+0
-2.471768E+0
-2.484998E+0
-2.501168E+0
-2.521748E+0
-2.543798E+0
-2.567318E+0
-2.589368E+0
-2.609948E+0
-2.626118E+0
-2.642288E+0
-2.656988E+0
-2.668748E+0
-2.677568E+0
-2.681978E+0
-2.683448E+0
-2.680508E+0
-2.671688E+0
-2.662868E+0
-2.651108E+0
-2.640818E+0
-2.633468E+0
-2.630528E+0
-2.633468E+0
-2.640818E+0
-2.652578E+0
-2.667278E+0
-2.683448E+0
-2.698148E+0
-2.711378E+0
-2.720198E+0
-2.727548E+0
-2.733428E+0
-2.737838E+0
-2.745188E+0
-2.754008E+0
-2.765768E+0
-2.778998E+0
-2.792228E+0
-2.803988E+0
-2.814278E+0
-2.820158E+0
-2.823098E+0
-2.824568E+0
-2.823098E+0
-2.823098E+0
-2.826038E+0
-2.831918E+0
-2.842208E+0
-2.852498E+0
-2.865728E+0
-2.877488E+0
-2.887778E+0
-2.892188E+0
-2.893658E+0
-2.889248E+0
-2.880428E+0
-2.868668E+0
-2.853968E+0
-2.840738E+0
-2.824568E+0
-2.811338E+0
-2.798108E+0
-2.787818E+0
-2.777528E+0
-2.768708E+0
-2.761358E+0
-2.755478E+0
-2.751068E+0
-2.746658E+0
-2.745188E+0
-2.745188E+0
-2.748128E+0
-2.751068E+0
-2.755478E+0
-2.759888E+0
-2.762828E+0
-2.767238E+0
-2.770178E+0
-2.773118E+0
-2.776058E+0
-2.778998E+0
-2.784878E+0
-2.792228E+0
-2.802518E+0
-2.817218E+0
-2.834858E+0
-2.853968E+0
-2.876018E+0
-2.898068E+0
-2.917178E+0
-2.933348E+0
-2.945108E+0
-2.950988E+0
-2.955398E+0
-2.956868E+0
-2.959808E+0
-2.965688E+0
-2.978918E+0
-2.999498E+0
-3.031838E+0
-3.071528E+0
-3.117098E+0
-3.164138E+0
-3.211178E+0
-3.255278E+0
-3.292028E+0
-3.319958E+0
-3.339068E+0
-3.353768E+0
-3.362588E+0
-3.368468E+0
-3.374348E+0
-3.378758E+0
-3.381698E+0
-3.381698E+0
-3.378758E+0
-3.371408E+0
-3.359648E+0
-3.343478E+0
-3.322898E+0
-3.299378E+0
-3.274388E+0
-3.247928E+0
-3.222938E+0
-3.196478E+0
-3.172958E+0
-3.150908E+0
-3.133268E+0
-3.120038E+0
-3.111218E+0
-3.109748E+0
-3.115628E+0
-3.128858E+0
-3.146498E+0
-3.170018E+0
-3.195008E+0
-3.222938E+0
-3.249398E+0
-3.271448E+0
-3.289088E+0
-3.299378E+0
-3.303788E+0
-3.302318E+0
-3.296438E+0
-3.287618E+0
-3.277328E+0
-3.268508E+0
-3.264098E+0
-3.261158E+0
-3.261158E+0
-3.262628E+0
-3.262628E+0
-3.258218E+0
-3.249398E+0
-3.234698E+0
-3.214118E+0
-3.190598E+0
-3.165608E+0
-3.142088E+0
-3.124448E+0
-3.114158E+0
-3.114158E+0
-3.125918E+0
-3.146498E+0
-3.177368E+0
-3.214118E+0
-3.252338E+0
-3.289088E+0
-3.321428E+0
-3.344948E+0
-3.359648E+0
-3.365528E+0
-3.361118E+0
-3.352298E+0
-3.342008E+0
-3.331718E+0
-3.322898E+0
-3.319958E+0
-3.318488E+0
-3.321428E+0
-3.327308E+0
-3.334658E+0
-3.342008E+0
-3.349358E+0
-3.355238E+0
-3.358178E+0
-3.359648E+0
-3.359648E+0
-3.358178E+0
-3.358178E+0
-3.358178E+0
-3.359648E+0
-3.364058E+0
-3.371408E+0
-3.381698E+0
-3.393458E+0
-3.406688E+0
-3.416978E+0
-3.424328E+0
-3.428738E+0
-3.425798E+0
-3.418448E+0
-3.408158E+0
-3.396398E+0
-3.384638E+0
-3.375818E+0
-3.374348E+0
-3.380228E+0
-3.396398E+0
-3.421388E+0
-3.456668E+0
-3.499298E+0
-3.546338E+0
-3.593378E+0
-3.638948E+0
-3.678638E+0
-3.712448E+0
-3.737438E+0
-3.753608E+0
-3.760958E+0
-3.763898E+0
-3.762428E+0
-3.759488E+0
-3.759488E+0
-3.758018E+0
-3.759488E+0
-3.763898E+0
-3.771248E+0
-3.780068E+0
-3.787418E+0
-3.794768E+0
-3.800648E+0
-3.806528E+0
-3.812408E+0
-3.819758E+0
-3.832988E+0
-3.852098E+0
-3.881498E+0
-3.921188E+0
-3.968228E+0
-4.022618E+0
-4.079948E+0
-4.134338E+0
-4.182848E+0
-4.224008E+0
-4.253408E+0
-4.272518E+0
-4.284278E+0
-4.288688E+0
-4.287218E+0
-4.276928E+0
-4.257818E+0
-4.226948E+0
-4.178438E+0
-4.113758E+0
-4.035848E+0
-3.947648E+0
-3.855038E+0
-3.766838E+0
-3.691868E+0
-3.636008E+0
-3.599258E+0
-3.584558E+0
-3.587498E+0
-3.608078E+0
-3.638948E+0
-3.678638E+0
-3.718328E+0
-3.758018E+0
-3.794768E+0
-3.830048E+0
-3.862388E+0
-3.896198E+0
-3.930008E+0
-3.963818E+0
-3.994688E+0
-4.021148E+0
-4.041728E+0
-4.052018E+0
-4.054958E+0
-4.050548E+0
-4.037318E+0
-4.019678E+0
-4.000568E+0
-3.985868E+0
-3.978518E+0
-3.977048E+0
-3.985868E+0
-4.007918E+0
-4.041728E+0
-4.087298E+0
-4.143158E+0
-4.204898E+0
-4.268108E+0
-4.326908E+0
-4.376888E+0
-4.410698E+0
-4.425398E+0
-4.423928E+0
-4.406288E+0
-4.376888E+0
-4.340138E+0
-4.303388E+0
-4.271048E+0
-4.244588E+0
-4.228418E+0
-4.224008E+0
-4.231358E+0
-4.247528E+0
-4.275458E+0
-4.312208E+0
-4.356308E+0
-4.403348E+0
-4.448918E+0
-4.487138E+0
-4.512128E+0
-4.522418E+0
-4.512128E+0
-4.482728E+0
-4.440098E+0
-4.388648E+0
-4.335728E+0
-4.285748E+0
-4.238708E+0
-4.200488E+0
-4.175498E+0
-4.157858E+0
-4.151978E+0
-4.153448E+0
-4.166678E+0
-4.191668E+0
-4.229888E+0
-4.284278E+0
-4.350428E+0
-4.428338E+0
-4.516538E+0
-4.604738E+0
-4.685588E+0
-4.750268E+0
-4.795838E+0
-4.813478E+0
-4.809068E+0
-4.785548E+0
-4.753208E+0
-4.716458E+0
-4.682648E+0
-4.656188E+0
-4.640018E+0
-4.635608E+0
-4.641488E+0
-4.656188E+0
-4.682648E+0
-4.713518E+0
-4.756148E+0
-4.803188E+0
-4.853168E+0
-4.904618E+0
-4.951658E+0
-4.989878E+0
-5.020748E+0
-5.039858E+0
-5.051618E+0
-5.056028E+0
-5.060438E+0
-5.064848E+0
-5.072198E+0
-5.081018E+0
-5.091308E+0
-5.098658E+0
-5.098658E+0
-5.094248E+0
-5.082488E+0
-5.069258E+0
-5.051618E+0
-5.033978E+0
-5.020748E+0
-5.011928E+0
-5.003108E+0
-4.992818E+0
-4.979588E+0
-4.964888E+0
-4.947248E+0
-4.932548E+0
-4.919318E+0
-4.913438E+0
-4.913438E+0
-4.923728E+0
-4.941368E+0
-4.960478E+0
-4.981058E+0
-5.003108E+0
-5.025158E+0
-5.047208E+0
-5.072198E+0
-5.101598E+0
-5.132468E+0
-5.170688E+0
-5.203028E+0
-5.228018E+0
-5.239778E+0
-5.235368E+0
-5.210378E+0
-5.170688E+0
-5.114828E+0
-5.053088E+0
-4.994288E+0
-4.938428E+0
-4.894328E+0
-4.861988E+0
-4.845818E+0
-4.844348E+0
-4.857578E+0
-4.886978E+0
-4.931078E+0
-4.988408E+0
-5.063378E+0
-5.151578E+0
-5.251538E+0
-5.361788E+0
-5.474978E+0
-5.592578E+0
-5.699888E+0
-5.795438E+0
-5.861588E+0
-5.898338E+0
-5.901278E+0
-5.871878E+0
-5.814548E+0
-5.739578E+0
-5.652848E+0
-5.569058E+0
-5.494088E+0
-5.435288E+0
-5.389718E+0
-5.361788E+0
-5.347088E+0
-5.341208E+0
-5.338268E+0
-5.333858E+0
-5.319158E+0
-5.286818E+0
-5.236838E+0
-5.178038E+0
-5.106008E+0
-5.033978E+0
-4.967828E+0
-4.913438E+0
-4.873748E+0
-4.856108E+0
-4.856108E+0
-4.873748E+0
-4.907558E+0
-4.951658E+0
-4.998698E+0
-5.044268E+0
-5.086898E+0
-5.119238E+0
-5.139818E+0
-5.148638E+0
-5.148638E+0
-5.139818E+0
-5.126588E+0
-5.107478E+0
-5.085428E+0
-5.060438E+0
-5.035448E+0
-5.013398E+0
-4.997228E+0
-4.988408E+0
-4.992818E+0
-5.011928E+0
-5.051618E+0
-5.110418E+0
-5.183918E+0
-5.269178E+0
-5.357378E+0
-5.439698E+0
-5.507318E+0
-5.555828E+0
-5.580818E+0
-5.583758E+0
-5.574938E+0
-5.560238E+0
-5.552888E+0
-5.555828E+0
-5.571998E+0
-5.605808E+0
-5.655788E+0
-5.714588E+0
-5.773388E+0
-5.829248E+0
-5.871878E+0
-5.893928E+0
-5.893928E+0
-5.874818E+0
-5.839538E+0
-5.795438E+0
-5.757218E+0
-5.730758E+0
-5.721938E+0
-5.742518E+0
-5.792498E+0
-5.868938E+0
-5.971838E+0
-6.086498E+0
-6.208508E+0
-6.312878E+0
-6.381968E+0
-6.402548E+0
-6.373148E+0
-6.296708E+0
-6.184988E+0
-6.051218E+0
-5.911568E+0
-5.785148E+0
-5.676368E+0
-5.592578E+0
-5.527898E+0
-5.486738E+0
-5.467628E+0
-5.464688E+0
-5.469098E+0
-5.480858E+0
-5.491148E+0
-5.502908E+0
-5.507318E+0
-5.510258E+0
-5.507318E+0
-5.499968E+0
-5.491148E+0
-5.483798E+0
-5.474978E+0
-5.472038E+0
-5.472038E+0
-5.480858E+0
-5.494088E+0
-5.519078E+0
-5.555828E+0
-5.599928E+0
-5.658728E+0
-5.727818E+0
-5.804258E+0
-5.888048E+0
-5.967428E+0
-6.051218E+0
-6.123248E+0
-6.182048E+0
-6.223208E+0
-6.242318E+0
-6.249668E+0
-6.242318E+0
-6.218798E+0
-6.184988E+0
-6.148238E+0
-6.111488E+0
-6.071798E+0
-6.036518E+0
-6.002708E+0
-5.971838E+0
-5.943908E+0
-5.917448E+0
-5.885108E+0
-5.836598E+0
-5.754278E+0
-5.635208E+0
-5.472038E+0
-5.269178E+0
-5.047208E+0
-4.828178E+0
-4.622378E+0
-4.218128E+0
-3.516938E+0
-2.673158E+0
-1.795568E+0
-1.029698E+0
-4.343480E-1
8.122000E-3
3.344620E-1
5.711320E-1
7.401820E-1
8.577820E-1
9.327520E-1
9.548020E-1
9.048220E-1
7.828120E-1
6.240520E-1
4.667620E-1
2.830120E-1
7.720000E-4
-3.740780E-1
-7.768580E-1
-1.178168E+0
-1.586828E+0
-2.032238E+0
-2.509988E+0
-3.005378E+0
-3.503708E+0
-3.996158E+0
-4.481258E+0
-4.966358E+0
-5.454398E+0
-5.948318E+0
-6.452528E+0
-6.977318E+0
-7.534448E+0
-8.125388E+0
-8.772188E+0
-9.463088E+0
-1.025248E+1
-1.121974E+1
-1.240750E+1
-1.460368E+1
-2.000005E+1
-2.000005E+1
-2.000005E+1
-2.000005E+1
-2.000005E+1
-2.000005E+1
-2.000005E+1
-2.000005E+1
-2.000005E+1
-2.000005E+1
-2.000005E+1
-2.000005E+1
-1.698949E+1
-1.650439E+1
-1.761424E+1
-2.000005E+1
-2.000005E+1
-2.000005E+1
-2.000005E+1
-2.000005E+1
-2.000005E+1
-2.000005E+1
-1.849477E+1
-2.000005E+1
-2.000005E+1
-2.000005E+1
-2.000005E+1
-2.000005E+1
-2.000005E+1
-2.000005E+1
-2.000005E+1
-2.000005E+1
-2.000005E+1
-2.000005E+1
-2.000005E+1
-1.276324E+1
-1.125796E+1
-1.037743E+1
-9.792368E+0
-9.413108E+0
-9.163208E+0
-9.019148E+0
-8.992688E+0
-9.047078E+0
-9.192608E+0
-9.429278E+0
-9.695348E+0
-9.999638E+0
-1.030099E+1
-1.056706E+1
-1.074346E+1
-1.090222E+1
-1.107274E+1
-1.125796E+1
-1.154902E+1
-1.193563E+1
-1.254274E+1
-1.360555E+1
-1.522843E+1
-2.000005E+1
-2.000005E+1
-2.000005E+1
-2.000005E+1
-2.000005E+1
-2.000005E+1
-2.000005E+1
-2.000005E+1
-2.000005E+1
-2.000005E+1
-2.000005E+1
-2.000005E+1
-2.000005E+1
-2.000005E+1
-2.000005E+1
-2.000005E+1
-2.000005E+1
-2.000005E+1
-2.000005E+1
-2.000005E+1
-2.000005E+1
-2.000005E+1
-2.000005E+1
-2.000005E+1
-2.000005E+1
-2.000005E+1
-2.000005E+1
-2.000005E+1
-2.000005E+1
-2.000005E+1
-1.188271E+1
-1.002169E+1
-9.148508E+0
-8.663408E+0
-8.409098E+0
-8.337068E+0
-8.419388E+0
-8.639888E+0
-8.977988E+0
-9.429278E+0
-9.934958E+0
-1.040389E+1
-1.080520E+1
-1.100218E+1
-1.100218E+1
-1.093456E+1
-1.083607E+1
-1.083607E+1
-1.093456E+1
-1.118152E+1
-1.159312E+1
-1.221787E+1
-1.319101E+1
-1.522843E+1
-2.000005E+1
-2.000005E+1
-2.000005E+1
-2.000005E+1
-2.000005E+1
-2.000005E+1
-2.000005E+1
-2.000005E+1
-2.000005E+1
-2.000005E+1
-2.000005E+1
-2.000005E+1
-2.000005E+1
-2.000005E+1
-2.000005E+1
-2.000005E+1
-2.000005E+1
-2.000005E+1
-2.000005E+1
-2.000005E+1
-2.000005E+1
-2.000005E+1
-2.000005E+1
-2.000005E+1
-2.000005E+1
-2.000005E+1
-2.000005E+1
-2.000005E+1
-2.000005E+1
-2.000005E+1
-2.000005E+1
-2.000005E+1
-2.000005E+1
-2.000005E+1
-2.000005E+1
-2.000005E+1
-2.000005E+1
-2.000005E+1
-2.000005E+1
-2.000005E+1
-2.000005E+1
-2.000005E+1
-2.000005E+1
-2.000005E+1
-2.000005E+1
-2.000005E+1
-2.000005E+1
-2.000005E+1
-2.000005E+1
-2.000005E+1
-2.000005E+1
-2.000005E+1
-2.000005E+1
-2.000005E+1
-2.000005E+1
-2.000005E+1
-2.000005E+1
-2.000005E+1
-2.000005E+1
-2.000005E+1
-2.000005E+1
-2.000005E+1
-2.000005E+1
-1.443022E+1
-1.301020E+1
-1.234135E+1
-1.188271E+1
-1.159312E+1
-1.137850E+1
-1.125796E+1
-1.121974E+1
-1.121974E+1
-1.137850E+1
-1.163869E+1
-1.215907E+1
-1.319101E+1
-1.650439E+1
-2.000005E+1
-2.000005E+1
-2.000005E+1
-2.000005E+1
-2.000005E+1
-2.000005E+1
-2.000005E+1
-2.000005E+1
-2.000005E+1
-2.000005E+1
-2.000005E+1
-2.000005E+1
-2.000005E+1
-2.000005E+1
-2.000005E+1
-1.221787E+1
-1.065379E+1
-9.752678E+0
-9.163208E+0
-8.772188E+0
-8.538458E+0
-8.429678E+0
-8.462018E+0
-8.604608E+0
-8.885378E+0
-9.283748E+0
-9.832058E+0
-1.048327E+1
-1.121974E+1
-1.193563E+1
-1.234135E+1
-1.227961E+1
-1.188271E+1
-1.137850E+1
-1.093456E+1
-1.065379E+1
-1.048327E+1
-1.051120E+1
-1.071259E+1
-1.114477E+1
-1.193563E+1
-1.349383E+1
-2.000005E+1
-2.000005E+1
-2.000005E+1
-2.000005E+1
-2.000005E+1
-2.000005E+1
-2.000005E+1
-2.000005E+1
-2.000005E+1
-2.000005E+1
-2.000005E+1
-2.000005E+1
-2.000005E+1
-1.650439E+1
-1.328803E+1
-1.221787E+1
-1.168573E+1
-1.137850E+1
-1.129765E+1
-1.133734E+1
-1.150492E+1
-1.193563E+1
-1.284262E+1
-1.522843E+1
-2.000005E+1
-2.000005E+1
-2.000005E+1
-2.000005E+1
-2.000005E+1
-2.000005E+1
-2.000005E+1
-2.000005E+1
-2.000005E+1
-2.000005E+1
-2.000005E+1
-1.338799E+1
-1.114477E+1
-1.013341E+1
-9.514538E+0
-9.148508E+0
-8.951528E+0
-8.885378E+0
-8.925068E+0
-9.061778E+0
-9.269048E+0
-9.514538E+0
-9.773258E+0
-9.955538E+0
-1.006579E+1
-1.004374E+1
-9.914378E+0
-9.733568E+0
-9.514538E+0
-9.283748E+0
-9.061778E+0
-8.858918E+0
-8.639888E+0
-8.429678E+0
-8.228288E+0
-8.053358E+0
-7.899008E+0
-7.794638E+0
-7.740248E+0
-7.754948E+0
-7.850498E+0
-8.035718E+0
-8.316488E+0
-8.735438E+0
-9.316088E+0
-1.015693E+1
-1.146082E+1
-1.426852E+1
-2.000005E+1
-2.000005E+1
-2.000005E+1
-2.000005E+1
-2.000005E+1
-2.000005E+1
-2.000005E+1
-2.000005E+1
-2.000005E+1
-1.443022E+1
-1.188271E+1
-1.077433E+1
-1.013341E+1
-9.714458E+0
-9.480728E+0
-9.363128E+0
-9.330788E+0
-9.299918E+0
-9.283748E+0
-9.222008E+0
-9.119108E+0
-8.964758E+0
-8.772188E+0
-8.594318E+0
-8.439968E+0
-8.337068E+0
-8.276798E+0
-8.297378E+0
-8.388518E+0
-8.560508E+0
-8.808938E+0
-9.163208E+0
-9.621848E+0
-1.022749E+1
-1.096837E+1
-1.193563E+1
-1.319101E+1
-1.522843E+1
-2.000005E+1
-2.000005E+1
-2.000005E+1
-2.000005E+1
-2.000005E+1
-1.761424E+1
-1.460368E+1
-1.309840E+1
-1.210027E+1
-1.137850E+1
-1.083607E+1
-1.045681E+1
-1.022749E+1
-1.015693E+1
-1.022749E+1
-1.045681E+1
-1.086841E+1
-1.150492E+1
-1.247365E+1
-1.397893E+1
-1.698949E+1
-2.000005E+1
-2.000005E+1
-1.610896E+1
-1.338799E+1
-1.178275E+1
-1.068319E+1
-9.873218E+0
-9.269048E+0
-8.822168E+0
-8.504648E+0
-8.306198E+0
-8.228288E+0
-8.267978E+0
-8.439968E+0
-8.722208E+0
-9.163208E+0
-9.792368E+0
-1.074346E+1
-1.227961E+1
-1.761424E+1
-2.000005E+1
-2.000005E+1
-2.000005E+1
-2.000005E+1
-2.000005E+1
-2.000005E+1
-2.000005E+1
-2.000005E+1
-2.000005E+1
-2.000005E+1
-2.000005E+1
-2.000005E+1
-2.000005E+1
-2.000005E+1
-2.000005E+1
-2.000005E+1
-1.761424E+1
-1.443022E+1
-1.338799E+1
-1.292494E+1
-1.268680E+1
-1.268680E+1
-1.292494E+1
-1.328803E+1
-1.397893E+1
-1.479331E+1
-1.650439E+1
-1.849477E+1
-2.000005E+1
-1.849477E+1
-1.577380E+1
-1.411858E+1
-1.301020E+1
-1.215907E+1
-1.159312E+1
-1.110802E+1
-1.077433E+1
-1.056706E+1
-1.043035E+1
-1.037743E+1
-1.035244E+1
-1.035244E+1
-1.035244E+1
-1.035244E+1
-1.030099E+1
-1.022749E+1
-1.013341E+1
-1.008784E+1
-1.013341E+1
-1.027747E+1
-1.056706E+1
-1.114477E+1
-1.215907E+1
-1.460368E+1
-2.000005E+1
-2.000005E+1
-2.000005E+1
-2.000005E+1
-2.000005E+1
-2.000005E+1
-1.522843E+1
-1.261330E+1
-1.168573E+1
-1.133734E+1
-1.129765E+1
-1.159312E+1
-1.227961E+1
-1.360555E+1
-1.849477E+1
-2.000005E+1
-2.000005E+1
-2.000005E+1
-2.000005E+1
-2.000005E+1
-1.338799E+1
-1.141966E+1
-1.030099E+1
-9.549818E+0
-9.033848E+0
-8.686928E+0
-8.494358E+0
-8.450258E+0
-8.538458E+0
-8.772188E+0
-9.148508E+0
-9.639488E+0
-1.027747E+1
-1.100218E+1
-1.168573E+1
-1.204441E+1
-1.193563E+1
-1.146082E+1
-1.086841E+1
-1.032745E+1
-9.893798E+0
-9.567458E+0
-9.346958E+0
-9.222008E+0
-9.192608E+0
-9.252878E+0
-9.379298E+0
-9.602738E+0
-9.934958E+0
-1.035244E+1
-1.086841E+1
-1.159312E+1
-1.268680E+1
-1.548421E+1
-2.000005E+1
-2.000005E+1
-2.000005E+1
-2.000005E+1
-2.000005E+1
-2.000005E+1
-2.000005E+1
-2.000005E+1
-2.000005E+1
-2.000005E+1
-2.000005E+1
-2.000005E+1
-2.000005E+1
-2.000005E+1
-2.000005E+1
-2.000005E+1
-2.000005E+1
-1.460368E+1
-1.188271E+1
-1.086841E+1
-1.030099E+1
-9.955538E+0
-9.773258E+0
-9.695348E+0
-9.714458E+0
-9.811478E+0
-9.977588E+0
-1.018045E+1
-1.045681E+1
-1.074346E+1
-1.107274E+1
-1.141966E+1
-1.193563E+1
-1.292494E+1
-1.577380E+1
-2.000005E+1
-2.000005E+1
-2.000005E+1
-2.000005E+1
-2.000005E+1
-2.000005E+1
-2.000005E+1
-2.000005E+1
-2.000005E+1
-2.000005E+1
-2.000005E+1
-2.000005E+1
-2.000005E+1
-2.000005E+1
-2.000005E+1
-2.000005E+1
-2.000005E+1
-2.000005E+1
-2.000005E+1
-2.000005E+1
-2.000005E+1
-2.000005E+1
-2.000005E+1
-2.000005E+1
-2.000005E+1
-1.761424E+1
-1.499911E+1
-1.372315E+1
-1.301020E+1
-1.234135E+1
-1.188271E+1
-1.150492E+1
-1.118152E+1
-1.090222E+1
-1.062439E+1
-1.035244E+1
-1.008784E+1
-9.832058E+0
-9.585098E+0
-9.396938E+0
-9.238178E+0
-9.119108E+0
-9.047078E+0
-9.019148E+0
-9.061778E+0
-9.192608E+0
-9.413108E+0
-9.792368E+0
-1.037743E+1
-1.137850E+1
-1.372315E+1
-2.000005E+1
-2.000005E+1
-2.000005E+1
-2.000005E+1
-2.000005E+1
-2.000005E+1
-2.000005E+1
-1.761424E+1
-1.198855E+1
-1.059499E+1
-9.852638E+0
-9.429278E+0
-9.222008E+0
-9.192608E+0
-9.283748E+0
-9.549818E+0
-9.977588E+0
-1.068319E+1
-1.183273E+1
-1.460368E+1
-2.000005E+1
-2.000005E+1
-2.000005E+1
-2.000005E+1
-2.000005E+1
-2.000005E+1
-2.000005E+1
-2.000005E+1
-2.000005E+1
-2.000005E+1
-2.000005E+1
-2.000005E+1
-2.000005E+1
-2.000005E+1
-2.000005E+1
-2.000005E+1
-2.000005E+1
-2.000005E+1
-2.000005E+1
-2.000005E+1
-2.000005E+1
-2.000005E+1
-2.000005E+1
-2.000005E+1
-1.698949E+1
-1.141966E+1
-9.977588E+0
-9.148508E+0
-8.594318E+0
-8.228288E+0
-7.975448E+0
-7.834328E+0
-7.763768E+0
-7.763768E+0
-7.810808E+0
-7.907828E+0
-8.044538E+0
-8.219468E+0
-8.409098E+0
-8.628128E+0
-8.847158E+0
-9.089708E+0
-9.330788E+0
-9.567458E+0
-9.792368E+0
-9.999638E+0
-1.018045E+1
-1.035244E+1
-1.045681E+1
-1.056706E+1
-1.065379E+1
-1.074346E+1
-1.080520E+1
-1.090222E+1
-1.100218E+1
-1.107274E+1
-1.114477E+1
-1.110802E+1
-1.107274E+1
-1.103746E+1
-1.096837E+1
-1.096837E+1
-1.100218E+1
-1.121974E+1
-1.163869E+1
-1.247365E+1
-1.426852E+1
-2.000005E+1
-2.000005E+1
-2.000005E+1
-2.000005E+1
-2.000005E+1
-2.000005E+1
-2.000005E+1
-2.000005E+1
-2.000005E+1
-2.000005E+1
-2.000005E+1
-1.338799E+1
-1.221787E+1
-1.183273E+1
-1.188271E+1
-1.261330E+1
-1.499911E+1
-2.000005E+1
-2.000005E+1
-2.000005E+1
-2.000005E+1
-2.000005E+1
-2.000005E+1
-2.000005E+1
-2.000005E+1
-2.000005E+1
-2.000005E+1
-2.000005E+1
-2.000005E+1
-2.000005E+1
-2.000005E+1
-2.000005E+1
-2.000005E+1
-2.000005E+1
-2.000005E+1
-2.000005E+1
-2.000005E+1
-2.000005E+1
-2.000005E+1
-2.000005E+1
-1.372315E+1
-1.221787E+1
-1.133734E+1
-1.077433E+1
-1.045681E+1
-1.035244E+1
-1.048327E+1
-1.083607E+1
-1.154902E+1
-1.284262E+1
-1.849477E+1
-2.000005E+1
-2.000005E+1
-2.000005E+1
-2.000005E+1
-2.000005E+1
-2.000005E+1
-2.000005E+1
-2.000005E+1
-1.849477E+1
-1.499911E+1
-1.443022E+1
-1.443022E+1
-1.499911E+1
-1.577380E+1
-1.698949E+1
-1.761424E+1
-1.650439E+1
-1.522843E+1
-1.411858E+1
-1.349383E+1
-1.319101E+1
-1.319101E+1
-1.360555E+1
-1.460368E+1
-1.761424E+1
-2.000005E+1
-2.000005E+1
-2.000005E+1
-2.000005E+1
-2.000005E+1
-1.426852E+1
-1.234135E+1
-1.129765E+1
-1.059499E+1
-1.015693E+1
-9.934958E+0
-9.914378E+0
-1.013341E+1
-1.062439E+1
-1.163869E+1
-1.460368E+1
-2.000005E+1
-2.000005E+1
-2.000005E+1
-2.000005E+1
-2.000005E+1
-2.000005E+1
-2.000005E+1
-2.000005E+1
-2.000005E+1
-2.000005E+1
-2.000005E+1
-1.522843E+1
-1.254274E+1
-1.168573E+1
-1.141966E+1
-1.150492E+1
-1.198855E+1
-1.301020E+1
-1.650439E+1
-2.000005E+1
-2.000005E+1
-2.000005E+1
-2.000005E+1
-2.000005E+1
-2.000005E+1
-2.000005E+1
-2.000005E+1
-2.000005E+1
-2.000005E+1
-2.000005E+1
-2.000005E+1
-2.000005E+1
-2.000005E+1
-2.000005E+1
-2.000005E+1
-2.000005E+1
-2.000005E+1
-2.000005E+1
-2.000005E+1
-1.247365E+1
-1.090222E+1
-1.006579E+1
-9.532178E+0
-9.207308E+0
-8.992688E+0
-8.898608E+0
-8.898608E+0
-8.977988E+0
-9.119108E+0
-9.330788E+0
-9.585098E+0
-9.893798E+0
-1.020397E+1
-1.045681E+1
-1.062439E+1
-1.059499E+1
-1.045681E+1
-1.020397E+1
-9.934958E+0
-9.714458E+0
-9.567458E+0
-9.567458E+0
-9.714458E+0
-1.008784E+1
-1.080520E+1
-1.227961E+1
-2.000005E+1
-2.000005E+1
-2.000005E+1
-2.000005E+1
-2.000005E+1
-2.000005E+1
-2.000005E+1
-2.000005E+1
-2.000005E+1
-2.000005E+1
-2.000005E+1
-2.000005E+1
-2.000005E+1
-2.000005E+1
-2.000005E+1
-2.000005E+1
-1.698949E+1
-1.426852E+1
-1.292494E+1
-1.198855E+1
-1.125796E+1
-1.062439E+1
-1.010989E+1
-9.658598E+0
-9.269048E+0
-8.964758E+0
-8.722208E+0
-8.570798E+0
-8.516408E+0
-8.582558E+0
-8.772188E+0
-9.104408E+0
-9.602738E+0
-1.035244E+1
-1.141966E+1
-1.309840E+1
-1.650439E+1
-2.000005E+1
-1.698949E+1
-1.319101E+1
-1.146082E+1
-1.030099E+1
-9.514538E+0
-8.951528E+0
-8.570798E+0
-8.367938E+0
-8.306198E+0
-8.409098E+0
-8.686928E+0
-9.192608E+0
-1.006579E+1
-1.183273E+1
-2.000005E+1
-2.000005E+1
-2.000005E+1
-2.000005E+1
-2.000005E+1
-2.000005E+1
-2.000005E+1
-2.000005E+1
-2.000005E+1
-2.000005E+1
-2.000005E+1
-2.000005E+1
-2.000005E+1
-2.000005E+1
-2.000005E+1
-2.000005E+1
-2.000005E+1
-2.000005E+1
-2.000005E+1
-2.000005E+1
-2.000005E+1
-2.000005E+1
-1.268680E+1
-1.103746E+1
-1.020397E+1
-9.695348E+0
-9.363128E+0
-9.148508E+0
-9.019148E+0
-8.951528E+0
-8.925068E+0
-8.951528E+0
-9.033848E+0
-9.163208E+0
-9.346958E+0
-9.567458E+0
-9.832058E+0
-1.008784E+1
-1.032745E+1
-1.053913E+1
-1.062439E+1
-1.059499E+1
-1.048327E+1
-1.032745E+1
-1.015693E+1
-1.002169E+1
-9.955538E+0
-9.955538E+0
-1.008784E+1
-1.037743E+1
-1.090222E+1
-1.178275E+1
-1.360555E+1
-2.000005E+1
-2.000005E+1
-2.000005E+1
-2.000005E+1
-2.000005E+1
-2.000005E+1
-2.000005E+1
-2.000005E+1
-2.000005E+1
-2.000005E+1
-2.000005E+1
-2.000005E+1
-2.000005E+1
-2.000005E+1
-2.000005E+1
-2.000005E+1
-2.000005E+1
-2.000005E+1
-2.000005E+1
-2.000005E+1
-2.000005E+1
-2.000005E+1
-2.000005E+1
-2.000005E+1
-2.000005E+1
-1.522843E+1
-1.319101E+1
-1.240750E+1
-1.204441E+1
-1.204441E+1
-1.254274E+1
-1.384663E+1
-2.000005E+1
-2.000005E+1
-2.000005E+1
-2.000005E+1
-2.000005E+1
-2.000005E+1
-2.000005E+1
-2.000005E+1
-2.000005E+1
-2.000005E+1
-1.849477E+1
-1.268680E+1
-1.129765E+1
-1.051120E+1
-1.002169E+1
-9.695348E+0
-9.463088E+0
-9.330788E+0
-9.269048E+0
-9.269048E+0
-9.316088E+0
-9.396938E+0
-9.496898E+0
-9.567458E+0
-9.567458E+0
-9.496898E+0
-9.346958E+0
-9.133808E+0
-8.885378E+0
-8.663408E+0
-8.494358E+0
-8.388518E+0
-8.357648E+0
-8.419388E+0
-8.560508E+0
-8.822168E+0
-9.222008E+0
-9.792368E+0
-1.062439E+1
-1.188271E+1
-1.460368E+1
-2.000005E+1
-2.000005E+1
-2.000005E+1
-2.000005E+1
-2.000005E+1
-2.000005E+1
-1.411858E+1
-1.221787E+1
-1.133734E+1
-1.090222E+1
-1.080520E+1
-1.096837E+1
-1.146082E+1
-1.240750E+1
-1.443022E+1
-2.000005E+1
-2.000005E+1
-2.000005E+1
-2.000005E+1
-2.000005E+1
-2.000005E+1
-2.000005E+1
-2.000005E+1
-2.000005E+1
-1.548421E+1
-1.349383E+1
-1.227961E+1
-1.137850E+1
-1.074346E+1
-1.022749E+1
-9.893798E+0
-9.714458E+0
-9.676238E+0
-9.773258E+0
-1.002169E+1
-1.040389E+1
-1.090222E+1
-1.150492E+1
-1.204441E+1
-1.234135E+1
-1.227961E+1
-1.188271E+1
-1.137850E+1
-1.080520E+1
-1.032745E+1
-9.934958E+0
-9.639488E+0
-9.429278E+0
-9.299918E+0
-9.269048E+0
-9.346958E+0
-9.549818E+0
-9.934958E+0
-1.059499E+1
-1.178275E+1
-1.522843E+1
-2.000005E+1
-2.000005E+1
-2.000005E+1
-2.000005E+1
-2.000005E+1
-2.000005E+1
-2.000005E+1
-2.000005E+1
-2.000005E+1
-2.000005E+1
-2.000005E+1
-2.000005E+1
-2.000005E+1
-2.000005E+1
-2.000005E+1
-2.000005E+1
-2.000005E+1
-2.000005E+1
-2.000005E+1
-2.000005E+1
-2.000005E+1
-2.000005E+1
-2.000005E+1
-2.000005E+1
-2.000005E+1
-2.000005E+1
-2.000005E+1
-2.000005E+1
-2.000005E+1
-1.650439E+1
-1.426852E+1
-1.338799E+1
-1.292494E+1
-1.261330E+1
-1.240750E+1
-1.221787E+1
-1.204441E+1
-1.188271E+1
-1.183273E+1
-1.178275E+1
-1.183273E+1
-1.198855E+1
-1.215907E+1
-1.234135E+1
-1.234135E+1
-1.215907E+1
-1.173277E+1
-1.118152E+1
-1.062439E+1
-1.015693E+1
-9.811478E+0
-9.602738E+0
-9.549818E+0
-9.695348E+0
-1.004374E+1
-1.068319E+1
-1.178275E+1
-1.426852E+1
-2.000005E+1
-2.000005E+1
-2.000005E+1
-2.000005E+1
-2.000005E+1
-2.000005E+1
-2.000005E+1
-2.000005E+1
-1.698949E+1
-1.761424E+1
-2.000005E+1
-2.000005E+1
-2.000005E+1
-2.000005E+1
-2.000005E+1
-2.000005E+1
-2.000005E+1
-2.000005E+1
-2.000005E+1
-2.000005E+1
-2.000005E+1
-2.000005E+1
-2.000005E+1
-2.000005E+1
-2.000005E+1
-2.000005E+1
-2.000005E+1
-2.000005E+1
-2.000005E+1
-1.426852E+1
-1.240750E+1
-1.168573E+1
-1.146082E+1
-1.159312E+1
-1.210027E+1
-1.319101E+1
-1.610896E+1
-2.000005E+1
-2.000005E+1
-2.000005E+1
-2.000005E+1
-2.000005E+1
-2.000005E+1
-1.761424E+1
-1.411858E+1
-1.301020E+1
-1.240750E+1
-1.204441E+1
-1.178275E+1
-1.150492E+1
-1.125796E+1
-1.090222E+1
-1.051120E+1
-1.010989E+1
-9.733568E+0
-9.429278E+0
-9.192608E+0
-9.033848E+0
-8.964758E+0
-9.005918E+0
-9.177908E+0
-9.496898E+0
-1.002169E+1
-1.083607E+1
-1.227961E+1
-1.761424E+1
-2.000005E+1
-2.000005E+1
-2.000005E+1
-2.000005E+1
-2.000005E+1
-2.000005E+1
-2.000005E+1
-2.000005E+1
-2.000005E+1
-2.000005E+1
-1.577380E+1
-1.268680E+1
-1.146082E+1
-1.065379E+1
-1.010989E+1
-9.714458E+0
-9.480728E+0
-9.346958E+0
-9.299918E+0
-9.330788E+0
-9.429278E+0
-9.532178E+0
-9.602738E+0
-9.621848E+0
-9.549818E+0
-9.429278E+0
-9.283748E+0
-9.133808E+0
-9.005918E+0
-8.951528E+0
-8.964758E+0
-9.089708E+0
-9.330788E+0
-9.733568E+0
-1.040389E+1
-1.154902E+1
-1.443022E+1
-2.000005E+1
-2.000005E+1
-2.000005E+1
-2.000005E+1
-2.000005E+1
-2.000005E+1
-1.548421E+1
-1.150492E+1
-1.020397E+1
-9.480728E+0
-9.061778E+0
-8.858918E+0
-8.795708E+0
-8.872148E+0
-9.061778E+0
-9.363128E+0
-9.773258E+0
-1.032745E+1
-1.103746E+1
-1.198855E+1
-1.328803E+1
-1.499911E+1
-1.577380E+1
-1.426852E+1
-1.254274E+1
-1.114477E+1
-1.015693E+1
-9.429278E+0
-8.898608E+0
-8.548748E+0
-8.347358E+0
-8.297378E+0
-8.388518E+0
-8.651648E+0
-9.133808E+0
-9.934958E+0
-1.154902E+1
-2.000005E+1
-2.000005E+1
-2.000005E+1
-2.000005E+1
-2.000005E+1
-2.000005E+1
-2.000005E+1
-2.000005E+1
-2.000005E+1
-2.000005E+1
-2.000005E+1
-2.000005E+1
-2.000005E+1
-2.000005E+1
-2.000005E+1
-1.610896E+1
-1.349383E+1
-1.268680E+1
-1.240750E+1
-1.268680E+1
-1.360555E+1
-2.000005E+1
-2.000005E+1
-2.000005E+1
-2.000005E+1
-2.000005E+1
-2.000005E+1
-2.000005E+1
-2.000005E+1
-2.000005E+1
-2.000005E+1
-2.000005E+1
-2.000005E+1
-2.000005E+1
-2.000005E+1
-2.000005E+1
-2.000005E+1
-2.000005E+1
-2.000005E+1
-2.000005E+1
-1.548421E+1
-1.188271E+1
-1.071259E+1
-1.013341E+1
-9.852638E+0
-9.792368E+0
-9.955538E+0
-1.032745E+1
-1.090222E+1
-1.173277E+1
-1.301020E+1
-1.577380E+1
-2.000005E+1
-2.000005E+1
-2.000005E+1
-2.000005E+1
-2.000005E+1
-2.000005E+1
-2.000005E+1
-1.849477E+1
-1.372315E+1
-1.240750E+1
-1.159312E+1
-1.110802E+1
-1.083607E+1
-1.077433E+1
-1.086841E+1
-1.114477E+1
-1.154902E+1
-1.210027E+1
-1.292494E+1
-1.384663E+1
-1.460368E+1
-1.522843E+1
-1.522843E+1
-1.443022E+1
-1.349383E+1
-1.254274E+1
-1.178275E+1
-1.121974E+1
-1.077433E+1
-1.045681E+1
-1.022749E+1
-1.015693E+1
-1.027747E+1
-1.056706E+1
-1.110802E+1
-1.204441E+1
-1.426852E+1
-2.000005E+1
-2.000005E+1
-2.000005E+1
-2.000005E+1
-2.000005E+1
-2.000005E+1
-2.000005E+1
-1.397893E+1
-1.183273E+1
-1.080520E+1
-1.022749E+1
-9.873218E+0
-9.714458E+0
-9.733568E+0
-9.914378E+0
-1.027747E+1
-1.086841E+1
-1.173277E+1
-1.319101E+1
-1.610896E+1
-2.000005E+1
-2.000005E+1
-2.000005E+1
-1.499911E+1
-1.276324E+1
-1.146082E+1
-1.059499E+1
-9.977588E+0
-9.514538E+0
-9.163208E+0
-8.925068E+0
-8.772188E+0
-8.686928E+0
-8.698688E+0
-8.783948E+0
-8.977988E+0
-9.252878E+0
-9.621848E+0
-1.006579E+1
-1.051120E+1
-1.090222E+1
-1.110802E+1
-1.118152E+1
-1.110802E+1
-1.107274E+1
-1.118152E+1
-1.154902E+1
-1.247365E+1
-1.522843E+1
-2.000005E+1
-2.000005E+1
-2.000005E+1
-2.000005E+1
-2.000005E+1
-2.000005E+1
-2.000005E+1
-2.000005E+1
-2.000005E+1
-2.000005E+1
-2.000005E+1
-1.397893E+1
-1.221787E+1
-1.137850E+1
-1.080520E+1
-1.048327E+1
-1.027747E+1
-1.020397E+1
-1.027747E+1
-1.045681E+1
-1.083607E+1
-1.146082E+1
-1.240750E+1
-1.443022E+1
-2.000005E+1
-2.000005E+1
-2.000005E+1
-2.000005E+1
-2.000005E+1
-2.000005E+1
-2.000005E+1
-2.000005E+1
-2.000005E+1
-1.319101E+1
-1.146082E+1
-1.048327E+1
-9.792368E+0
-9.316088E+0
-8.992688E+0
-8.772188E+0
-8.639888E+0
-8.594318E+0
-8.604608E+0
-8.663408E+0
-8.783948E+0
-8.938298E+0
-9.119108E+0
-9.316088E+0
-9.532178E+0
-9.773258E+0
-9.977588E+0
-1.015693E+1
-1.027747E+1
-1.037743E+1
-1.045681E+1
-1.059499E+1
-1.077433E+1
-1.107274E+1
-1.154902E+1
-1.227961E+1
-1.338799E+1
-1.499911E+1
-1.650439E+1
-1.522843E+1
-1.338799E+1
-1.188271E+1
-1.077433E+1
-9.955538E+0
-9.379298E+0
-8.992688E+0
-8.772188E+0
-8.686928E+0
-8.722208E+0
-8.885378E+0
-9.177908E+0
-9.585098E+0
-1.010989E+1
-1.074346E+1
-1.154902E+1
-1.247365E+1
-1.360555E+1
-1.460368E+1
-1.499911E+1
-1.426852E+1
-1.309840E+1
-1.193563E+1
-1.100218E+1
-1.027747E+1
-9.676238E+0
-9.192608E+0
-8.833928E+0
-8.570798E+0
-8.419388E+0
-8.337068E+0
-8.337068E+0
-8.419388E+0
-8.594318E+0
-8.911838E+0
-9.379298E+0
-1.008784E+1
-1.133734E+1
-1.499911E+1
-2.000005E+1
-2.000005E+1
-2.000005E+1
-2.000005E+1
-2.000005E+1
-2.000005E+1
-2.000005E+1
-2.000005E+1
-1.261330E+1
-1.043035E+1
-9.413108E+0
-8.808938E+0
-8.462018E+0
-8.276798E+0
-8.238578E+0
-8.306198E+0
-8.462018E+0
-8.651648E+0
-8.872148E+0
-9.089708E+0
-9.269048E+0
-9.396938E+0
-9.463088E+0
-9.514538E+0
-9.585098E+0
-9.714458E+0
-9.914378E+0
-1.013341E+1
-1.037743E+1
-1.062439E+1
-1.071259E+1
-1.062439E+1
-1.030099E+1
-9.893798E+0
-9.496898E+0
-9.177908E+0
-8.951528E+0
-8.833928E+0
-8.847158E+0
-9.033848E+0
-9.379298E+0
-9.893798E+0
-1.065379E+1
-1.163869E+1
-1.301020E+1
-1.479331E+1
-1.610896E+1
-1.577380E+1
-1.426852E+1
-1.338799E+1
-1.292494E+1
-1.268680E+1
-1.268680E+1
-1.301020E+1
-1.360555E+1
-1.460368E+1
-1.698949E+1
-2.000005E+1
-2.000005E+1
-2.000005E+1
-2.000005E+1
-2.000005E+1
-2.000005E+1
-2.000005E+1
-2.000005E+1
-2.000005E+1
-2.000005E+1
-2.000005E+1
-2.000005E+1
-2.000005E+1
-1.360555E+1
-1.193563E+1
-1.114477E+1
-1.068319E+1
-1.043035E+1
-1.035244E+1
-1.037743E+1
-1.048327E+1
-1.059499E+1
-1.074346E+1
-1.086841E+1
-1.090222E+1
-1.090222E+1
-1.086841E+1
-1.083607E+1
-1.077433E+1
-1.068319E+1
-1.056706E+1
-1.040389E+1
-1.020397E+1
-9.977588E+0
-9.714458E+0
-9.480728E+0
-9.283748E+0
-9.148508E+0
-9.047078E+0
-9.019148E+0
-9.047078E+0
-9.148508E+0
-9.316088E+0
-9.549818E+0
-9.893798E+0
-1.043035E+1
-1.125796E+1
-1.309840E+1
-2.000005E+1
-2.000005E+1
-2.000005E+1
-2.000005E+1
-2.000005E+1
-2.000005E+1
-2.000005E+1
-2.000005E+1
-2.000005E+1
-2.000005E+1
-2.000005E+1
-2.000005E+1
-2.000005E+1
-2.000005E+1
-2.000005E+1
-2.000005E+1
-2.000005E+1
-2.000005E+1
-2.000005E+1
-1.460368E+1
-1.247365E+1
-1.159312E+1
-1.114477E+1
-1.096837E+1
-1.110802E+1
-1.154902E+1
-1.261330E+1
-1.610896E+1
-2.000005E+1
-2.000005E+1
-2.000005E+1
-2.000005E+1
-2.000005E+1
-2.000005E+1
-2.000005E+1
-2.000005E+1
-2.000005E+1
-2.000005E+1
-2.000005E+1
-2.000005E+1
-2.000005E+1
-2.000005E+1
-2.000005E+1
-2.000005E+1
-2.000005E+1
-2.000005E+1
-2.000005E+1
-2.000005E+1
-1.360555E+1
-1.159312E+1
-1.059499E+1
-9.977588E+0
-9.585098E+0
-9.346958E+0
-9.252878E+0
-9.283748E+0
-9.413108E+0
-9.676238E+0
-1.006579E+1
-1.062439E+1
-1.141966E+1
-1.261330E+1
-1.522843E+1
-2.000005E+1
-2.000005E+1
-2.000005E+1
-2.000005E+1
-2.000005E+1
-2.000005E+1
-2.000005E+1
-2.000005E+1
-2.000005E+1
-2.000005E+1
-2.000005E+1
-2.000005E+1
-2.000005E+1
-2.000005E+1
-2.000005E+1
-1.443022E+1
-1.227961E+1
-1.121974E+1
-1.053913E+1
-1.013341E+1
-9.852638E+0
-9.695348E+0
-9.639488E+0
-9.658598E+0
-9.714458E+0
-9.752678E+0
-9.792368E+0
-9.792368E+0
-9.752678E+0
-9.695348E+0
-9.621848E+0
-9.532178E+0
-9.446918E+0
-9.363128E+0
-9.252878E+0
-9.119108E+0
-8.951528E+0
-8.758958E+0
-8.526698E+0
-8.276798E+0
-8.053358E+0
-7.850498E+0
-7.709378E+0
-7.628528E+0
-7.628528E+0
-7.724078E+0
-7.948988E+0
-8.316488E+0
-8.872148E+0
-9.695348E+0
-1.103746E+1
-1.411858E+1
-2.000005E+1
-2.000005E+1
-2.000005E+1
-2.000005E+1
-2.000005E+1
-2.000005E+1
-1.548421E+1
-1.247365E+1
-1.133734E+1
-1.077433E+1
-1.045681E+1
-1.027747E+1
-1.020397E+1
-1.015693E+1
-1.015693E+1
-1.020397E+1
-1.030099E+1
-1.045681E+1
-1.071259E+1
-1.110802E+1
-1.173277E+1
-1.261330E+1
-1.411858E+1
-2.000005E+1
-2.000005E+1
-2.000005E+1
-2.000005E+1
-2.000005E+1
-2.000005E+1
-2.000005E+1
-2.000005E+1
-1.577380E+1
-1.443022E+1
-1.397893E+1
-1.384663E+1
-1.426852E+1
-1.548421E+1
-2.000005E+1
-2.000005E+1
-2.000005E+1
-2.000005E+1
-2.000005E+1
-2.000005E+1
-2.000005E+1
-2.000005E+1
-2.000005E+1
-2.000005E+1
-2.000005E+1
-2.000005E+1
-1.499911E+1
-1.247365E+1
-1.133734E+1
-1.059499E+1
-1.013341E+1
-9.852638E+0
-9.733568E+0
-9.752678E+0
-9.852638E+0
-1.004374E+1
-1.027747E+1
-1.053913E+1
-1.080520E+1
-1.100218E+1
-1.118152E+1
-1.129765E+1
-1.141966E+1
-1.163869E+1
-1.198855E+1
-1.247365E+1
-1.319101E+1
-1.443022E+1
-1.849477E+1
-2.000005E+1
-2.000005E+1
-2.000005E+1
-2.000005E+1
-2.000005E+1
-2.000005E+1
-2.000005E+1
-2.000005E+1
-2.000005E+1
-2.000005E+1
-2.000005E+1
-2.000005E+1
-1.397893E+1
-1.254274E+1
-1.173277E+1
-1.129765E+1
-1.114477E+1
-1.114477E+1
-1.141966E+1
-1.188271E+1
-1.284262E+1
-1.499911E+1
-2.000005E+1
-2.000005E+1
-2.000005E+1
-2.000005E+1
-2.000005E+1
-2.000005E+1
-2.000005E+1
-2.000005E+1
-2.000005E+1
-2.000005E+1
-2.000005E+1
-2.000005E+1
-1.426852E+1
-1.301020E+1
-1.276324E+1
-1.328803E+1
-1.610896E+1
-2.000005E+1
-2.000005E+1
-2.000005E+1
-2.000005E+1
-2.000005E+1
-2.000005E+1
-2.000005E+1
-2.000005E+1
-2.000005E+1
-2.000005E+1
-2.000005E+1
-2.000005E+1
-2.000005E+1
-1.577380E+1
-1.309840E+1
-1.215907E+1
-1.173277E+1
-1.141966E+1
-1.121974E+1
-1.110802E+1
-1.107274E+1
-1.121974E+1
-1.146082E+1
-1.193563E+1
-1.292494E+1
-1.577380E+1
-2.000005E+1
-2.000005E+1
-2.000005E+1
-2.000005E+1
-2.000005E+1
-2.000005E+1
-2.000005E+1
-2.000005E+1
-2.000005E+1
-2.000005E+1
-2.000005E+1
-2.000005E+1
-2.000005E+1
-2.000005E+1
-2.000005E+1
-2.000005E+1
-2.000005E+1
-2.000005E+1
-2.000005E+1
-2.000005E+1
-2.000005E+1
-2.000005E+1
-1.227961E+1
-1.040389E+1
-9.446918E+0
-8.847158E+0
-8.450258E+0
-8.190068E+0
-8.026898E+0
-7.941638E+0
-7.907828E+0
-7.923998E+0
-7.957808E+0
-8.018078E+0
-8.088638E+0
-8.162138E+0
-8.257688E+0
-8.388518E+0
-8.548748E+0
-8.758958E+0
-9.019148E+0
-9.346958E+0
-9.752678E+0
-1.025248E+1
-1.086841E+1
-1.163869E+1
-1.268680E+1
-1.443022E+1
-2.000005E+1
-2.000005E+1
-2.000005E+1
-2.000005E+1
-2.000005E+1
-2.000005E+1
-2.000005E+1
-2.000005E+1
-2.000005E+1
-2.000005E+1
-2.000005E+1
-2.000005E+1
-2.000005E+1
-2.000005E+1
-2.000005E+1
-2.000005E+1
-2.000005E+1
-2.000005E+1
-2.000005E+1
-2.000005E+1
-1.479331E+1
-1.268680E+1
-1.154902E+1
-1.071259E+1
-1.004374E+1
-9.496898E+0
