Date/Time	2022-06-02 14:20:12
Line location	1
Line name	A1
OTDR wavelength [nm]	1550
OTDR pulse duration [ns]	2
OTDR scan time [s]	10
OTDR scan length [m]	1.500000E+2
Length offset [m]	0.000000E+0
Length increment [m]	3.996806E-2
Switch ID	VIAVI Solutions,OTU 8000E,11654,FO,16.76
OTDR ID	JDSU,OTU 8000E,11654,OTU(SmartOTU),V7.22

Reflected amplitude [dB]
8.509620E-1
8.039220E-1
7.480620E-1
6.922020E-1
6.407520E-1
5.981220E-1
5.643120E-1
5.510820E-1
5.746020E-1
6.231120E-1
6.877920E-1
7.818720E-1
9.097620E-1
1.052352E+0
1.184652E+0
1.290492E+0
1.368402E+0
1.424262E+0
1.462482E+0
1.480122E+0
1.469832E+0
1.436022E+0
1.377222E+0
1.287552E+0
1.172892E+0
1.046472E+0
9.082920E-1
7.642320E-1
6.245820E-1
4.937520E-1
3.805620E-1
2.850120E-1
2.071020E-1
1.424220E-1
8.656200E-2
3.952200E-2
-1.638000E-3
-3.544800E-2
-6.337800E-2
-8.542800E-2
-1.045380E-1
-1.192380E-1
-1.324680E-1
-1.427580E-1
-1.515780E-1
-1.618680E-1
-1.706880E-1
-1.809780E-1
-1.927380E-1
-2.044980E-1
-2.177280E-1
-2.324280E-1
-2.456580E-1
-2.588880E-1
-2.706480E-1
-2.809380E-1
-2.882880E-1
-2.941680E-1
-2.985780E-1
-3.015180E-1
-3.029880E-1
-3.044580E-1
-3.059280E-1
-3.073980E-1
-3.073980E-1
-3.088680E-1
-3.088680E-1
-3.059280E-1
-3.015180E-1
-2.941680E-1
-2.824080E-1
-2.677080E-1
-2.500680E-1
-2.309580E-1
-2.089080E-1
-1.853880E-1
-1.618680E-1
-1.383480E-1
-1.177680E-1
-1.001280E-1
-8.542800E-2
-7.660800E-2
-7.219800E-2
-7.366800E-2
-8.101800E-2
-9.571800E-2
-1.133580E-1
-1.368780E-1
-1.648080E-1
-1.927380E-1
-2.221380E-1
-2.515380E-1
-2.779980E-1
-3.029880E-1
-3.250380E-1
-3.441480E-1
-3.617880E-1
-3.764880E-1
-3.897180E-1
-4.044180E-1
-4.176480E-1
-4.294080E-1
-4.411680E-1
-4.499880E-1
-4.573380E-1
-4.632180E-1
-4.661580E-1
-4.661580E-1
-4.661580E-1
-4.646880E-1
-4.632180E-1
-4.632180E-1
-4.632180E-1
-4.646880E-1
-4.661580E-1
-4.676280E-1
-4.690980E-1
-4.690980E-1
-4.676280E-1
-4.661580E-1
-4.646880E-1
-4.617480E-1
-4.588080E-1
-4.573380E-1
-4.543980E-1
-4.529280E-1
-4.529280E-1
-4.543980E-1
-4.573380E-1
-4.617480E-1
-4.676280E-1
-4.735080E-1
-4.808580E-1
-4.867380E-1
-4.926180E-1
-4.984980E-1
-5.043780E-1
-5.087880E-1
-5.146680E-1
-5.220180E-1
-5.308380E-1
-5.396580E-1
-5.514180E-1
-5.617080E-1
-5.161380E-1
-1.648080E-1
7.848120E-1
2.159262E+0
3.576342E+0
4.855242E+0
5.954802E+0
6.873552E+0
7.632072E+0
8.255352E+0
8.769852E+0
9.187332E+0
9.518082E+0
9.765042E+0
9.938502E+0
1.004140E+1
1.008256E+1
1.006786E+1
9.998772E+0
9.878232E+0
9.707712E+0
9.488682E+0
9.224082E+0
8.913912E+0
8.562582E+0
8.170092E+0
7.739382E+0
7.277802E+0
6.788292E+0
6.281142E+0
5.762232E+0
5.240382E+0
4.730292E+0
4.243722E+0
3.796842E+0
3.397002E+0
3.045672E+0
2.739912E+0
2.470902E+0
2.232762E+0
2.015202E+0
1.796172E+0
1.575672E+0
1.353702E+0
1.124382E+0
8.877120E-1
6.569220E-1
4.437720E-1
2.600220E-1
1.071420E-1
-1.486800E-2
-1.104180E-1
-1.839180E-1
-2.412480E-1
-2.824080E-1
-3.132780E-1
-3.353280E-1
-3.500280E-1
-3.603180E-1
-3.691380E-1
-3.750180E-1
-3.794280E-1
-3.838380E-1
-3.897180E-1
-3.941280E-1
-3.970680E-1
-4.000080E-1
-4.000080E-1
-3.985380E-1
-3.955980E-1
-3.911880E-1
-3.838380E-1
-3.764880E-1
-3.661980E-1
-3.573780E-1
-3.470880E-1
-3.382680E-1
-3.294480E-1
-3.220980E-1
-3.176880E-1
-3.132780E-1
-3.118080E-1
-3.118080E-1
-3.147480E-1
-3.191580E-1
-3.235680E-1
-3.294480E-1
-3.367980E-1
-3.441480E-1
-3.514980E-1
-3.588480E-1
-3.647280E-1
-3.706080E-1
-3.750180E-1
-3.779580E-1
-3.808980E-1
-3.823680E-1
-3.838380E-1
-3.853080E-1
-3.867780E-1
-3.882480E-1
-3.911880E-1
-3.941280E-1
-3.985380E-1
-4.029480E-1
-4.073580E-1
-4.117680E-1
-4.161780E-1
-4.205880E-1
-4.249980E-1
-4.308780E-1
-4.352880E-1
-4.396980E-1
-4.441080E-1
-4.485180E-1
-4.514580E-1
-4.529280E-1
-4.543980E-1
-4.543980E-1
-4.529280E-1
-4.514580E-1
-4.485180E-1
-4.470480E-1
-4.455780E-1
-4.455780E-1
-4.455780E-1
-4.455780E-1
-4.470480E-1
-4.485180E-1
-4.470480E-1
-4.455780E-1
-4.411680E-1
-4.352880E-1
-4.264680E-1
-4.147080E-1
-4.029480E-1
-3.897180E-1
-3.764880E-1
-3.632580E-1
-3.500280E-1
-3.382680E-1
-3.250380E-1
-3.147480E-1
-3.059280E-1
-2.971080E-1
-2.912280E-1
-2.897580E-1
-2.897580E-1
-2.941680E-1
-3.015180E-1
-3.118080E-1
-3.250380E-1
-3.412080E-1
-3.573780E-1
-3.750180E-1
-3.911880E-1
-4.058880E-1
-4.205880E-1
-4.323480E-1
-4.411680E-1
-4.485180E-1
-4.543980E-1
-4.588080E-1
-4.602780E-1
-4.617480E-1
-4.617480E-1
-4.602780E-1
-4.588080E-1
-4.573380E-1
-4.573380E-1
-4.573380E-1
-4.588080E-1
-4.602780E-1
-4.632180E-1
-4.661580E-1
-4.676280E-1
-4.676280E-1
-4.676280E-1
-4.661580E-1
-4.632180E-1
-4.602780E-1
-4.573380E-1
-4.543980E-1
-4.529280E-1
-4.514580E-1
-4.514580E-1
-4.514580E-1
-4.514580E-1
-4.514580E-1
-4.514580E-1
-4.514580E-1
-4.499880E-1
-4.470480E-1
-4.426380E-1
-4.367580E-1
-4.279380E-1
-4.176480E-1
-4.058880E-1
-3.926580E-1
-3.779580E-1
-3.632580E-1
-3.470880E-1
-3.309180E-1
-3.147480E-1
-3.000480E-1
-2.838780E-1
-2.706480E-1
-2.588880E-1
-2.500680E-1
-2.441880E-1
-2.427180E-1
-2.427180E-1
-2.471280E-1
-2.544780E-1
-2.647680E-1
-2.765280E-1
-2.912280E-1
-3.073980E-1
-3.235680E-1
-3.397380E-1
-3.559080E-1
-3.706080E-1
-3.838380E-1
-3.941280E-1
-4.014780E-1
-4.073580E-1
-4.132380E-1
-4.161780E-1
-4.205880E-1
-4.235280E-1
-4.279380E-1
-4.308780E-1
-4.338180E-1
-4.367580E-1
-4.396980E-1
-4.411680E-1
-4.441080E-1
-4.455780E-1
-4.485180E-1
-4.514580E-1
-4.543980E-1
-4.588080E-1
-4.632180E-1
-4.661580E-1
-4.690980E-1
-4.720380E-1
-4.735080E-1
-4.735080E-1
-4.749780E-1
-4.749780E-1
-4.764480E-1
-4.779180E-1
-4.779180E-1
-4.779180E-1
-4.749780E-1
-4.690980E-1
-4.617480E-1
-4.514580E-1
-4.396980E-1
-4.264680E-1
-4.132380E-1
-4.000080E-1
-3.882480E-1
-3.794280E-1
-3.706080E-1
-3.632580E-1
-3.573780E-1
-3.500280E-1
-3.426780E-1
-3.353280E-1
-3.279780E-1
-3.206280E-1
-3.147480E-1
-3.118080E-1
-3.103380E-1
-3.103380E-1
-3.147480E-1
-3.206280E-1
-3.279780E-1
-3.367980E-1
-3.456180E-1
-3.544380E-1
-3.632580E-1
-3.720780E-1
-3.808980E-1
-3.882480E-1
-3.955980E-1
-4.029480E-1
-4.088280E-1
-4.132380E-1
-4.161780E-1
-4.161780E-1
-4.161780E-1
-4.147080E-1
-4.117680E-1
-4.073580E-1
-4.029480E-1
-4.000080E-1
-3.985380E-1
-3.970680E-1
-3.985380E-1
-4.014780E-1
-4.058880E-1
-4.117680E-1
-4.176480E-1
-4.235280E-1
-4.264680E-1
-4.294080E-1
-4.279380E-1
-4.264680E-1
-4.205880E-1
-4.161780E-1
-4.102980E-1
-4.058880E-1
-4.029480E-1
-4.029480E-1
-4.044180E-1
-4.088280E-1
-4.161780E-1
-4.235280E-1
-4.308780E-1
-4.382280E-1
-4.455780E-1
-4.499880E-1
-4.529280E-1
-4.543980E-1
-4.543980E-1
-4.514580E-1
-4.485180E-1
-4.441080E-1
-4.382280E-1
-4.323480E-1
-4.249980E-1
-4.161780E-1
-4.073580E-1
-3.985380E-1
-3.897180E-1
-3.808980E-1
-3.750180E-1
-3.691380E-1
-3.647280E-1
-3.617880E-1
-3.603180E-1
-3.603180E-1
-3.632580E-1
-3.661980E-1
-3.706080E-1
-3.764880E-1
-3.838380E-1
-3.926580E-1
-4.014780E-1
-4.102980E-1
-4.176480E-1
-4.264680E-1
-4.323480E-1
-4.396980E-1
-4.455780E-1
-4.514580E-1
-4.558680E-1
-4.602780E-1
-4.632180E-1
-4.661580E-1
-4.661580E-1
-4.661580E-1
-4.646880E-1
-4.632180E-1
-4.602780E-1
-4.573380E-1
-4.543980E-1
-4.514580E-1
-4.499880E-1
-4.499880E-1
-4.499880E-1
-4.514580E-1
-4.514580E-1
-4.514580E-1
-4.499880E-1
-4.470480E-1
-4.426380E-1
-4.367580E-1
-4.294080E-1
-4.220580E-1
-4.117680E-1
-4.029480E-1
-3.926580E-1
-3.823680E-1
-3.735480E-1
-3.647280E-1
-3.588480E-1
-3.544380E-1
-3.514980E-1
-3.500280E-1
-3.500280E-1
-3.529680E-1
-3.544380E-1
-3.573780E-1
-3.603180E-1
-3.632580E-1
-3.676680E-1
-3.706080E-1
-3.750180E-1
-3.794280E-1
-3.838380E-1
-3.897180E-1
-3.955980E-1
-4.014780E-1
-4.088280E-1
-4.161780E-1
-4.235280E-1
-4.338180E-1
-4.441080E-1
-4.543980E-1
-4.661580E-1
-4.764480E-1
-4.882080E-1
-4.970280E-1
-5.058480E-1
-5.146680E-1
-5.205480E-1
-5.264280E-1
-5.308380E-1
-5.337780E-1
-5.367180E-1
-5.367180E-1
-5.337780E-1
-5.308380E-1
-5.249580E-1
-5.161380E-1
-5.087880E-1
-4.984980E-1
-4.911480E-1
-4.837980E-1
-4.793880E-1
-4.749780E-1
-4.735080E-1
-4.735080E-1
-4.720380E-1
-4.720380E-1
-4.705680E-1
-4.690980E-1
-4.661580E-1
-4.632180E-1
-4.588080E-1
-4.543980E-1
-4.514580E-1
-4.470480E-1
-4.426380E-1
-4.382280E-1
-4.323480E-1
-4.279380E-1
-4.220580E-1
-4.147080E-1
-4.073580E-1
-4.000080E-1
-3.926580E-1
-3.853080E-1
-3.794280E-1
-3.750180E-1
-3.706080E-1
-3.691380E-1
-3.676680E-1
-3.676680E-1
-3.691380E-1
-3.706080E-1
-3.720780E-1
-3.750180E-1
-3.779580E-1
-3.823680E-1
-3.867780E-1
-3.926580E-1
-3.985380E-1
-4.044180E-1
-4.117680E-1
-4.191180E-1
-4.264680E-1
-4.323480E-1
-4.367580E-1
-4.396980E-1
-4.411680E-1
-4.396980E-1
-4.382280E-1
-4.338180E-1
-4.294080E-1
-4.235280E-1
-4.191180E-1
-4.161780E-1
-4.147080E-1
-4.147080E-1
-4.161780E-1
-4.191180E-1
-4.249980E-1
-4.308780E-1
-4.396980E-1
-4.470480E-1
-4.573380E-1
-4.676280E-1
-4.779180E-1
-4.882080E-1
-4.970280E-1
-5.058480E-1
-5.131980E-1
-5.176080E-1
-5.205480E-1
-5.205480E-1
-5.176080E-1
-5.131980E-1
-5.073180E-1
-5.014380E-1
-4.940880E-1
-4.867380E-1
-4.793880E-1
-4.735080E-1
-4.676280E-1
-4.646880E-1
-4.602780E-1
-4.588080E-1
-4.558680E-1
-4.543980E-1
-4.543980E-1
-4.529280E-1
-4.514580E-1
-4.485180E-1
-4.455780E-1
-4.426380E-1
-4.382280E-1
-4.323480E-1
-4.264680E-1
-4.220580E-1
-4.161780E-1
-4.117680E-1
-4.088280E-1
-4.058880E-1
-4.058880E-1
-4.088280E-1
-4.117680E-1
-4.176480E-1
-4.220580E-1
-4.294080E-1
-4.352880E-1
-4.426380E-1
-4.514580E-1
-4.588080E-1
-4.676280E-1
-4.749780E-1
-4.823280E-1
-4.882080E-1
-4.911480E-1
-4.926180E-1
-4.911480E-1
-4.867380E-1
-4.808580E-1
-4.735080E-1
-4.661580E-1
-4.573380E-1
-4.514580E-1
-4.441080E-1
-4.396980E-1
-4.352880E-1
-4.323480E-1
-4.294080E-1
-4.279380E-1
-4.249980E-1
-4.235280E-1
-4.205880E-1
-4.161780E-1
-4.132380E-1
-4.088280E-1
-4.044180E-1
-4.014780E-1
-4.000080E-1
-3.985380E-1
-4.000080E-1
-4.014780E-1
-4.058880E-1
-4.117680E-1
-4.205880E-1
-4.279380E-1
-4.382280E-1
-4.470480E-1
-4.558680E-1
-4.632180E-1
-4.690980E-1
-4.735080E-1
-4.749780E-1
-4.764480E-1
-4.764480E-1
-4.749780E-1
-4.735080E-1
-4.705680E-1
-4.690980E-1
-4.676280E-1
-4.646880E-1
-4.632180E-1
-4.617480E-1
-4.602780E-1
-4.588080E-1
-4.588080E-1
-4.602780E-1
-4.632180E-1
-4.676280E-1
-4.735080E-1
-4.793880E-1
-4.867380E-1
-4.926180E-1
-4.970280E-1
-4.999680E-1
-4.999680E-1
-4.970280E-1
-4.926180E-1
-4.867380E-1
-4.793880E-1
-4.720380E-1
-4.646880E-1
-4.588080E-1
-4.543980E-1
-4.514580E-1
-4.514580E-1
-4.499880E-1
-4.514580E-1
-4.529280E-1
-4.543980E-1
-4.558680E-1
-4.558680E-1
-4.558680E-1
-4.529280E-1
-4.514580E-1
-4.485180E-1
-4.441080E-1
-4.396980E-1
-4.352880E-1
-4.323480E-1
-4.279380E-1
-4.235280E-1
-4.191180E-1
-4.161780E-1
-4.117680E-1
-4.088280E-1
-4.044180E-1
-4.000080E-1
-3.955980E-1
-3.926580E-1
-3.897180E-1
-3.882480E-1
-3.882480E-1
-3.897180E-1
-3.941280E-1
-4.000080E-1
-4.073580E-1
-4.161780E-1
-4.264680E-1
-4.367580E-1
-4.470480E-1
-4.558680E-1
-4.617480E-1
-4.661580E-1
-4.661580E-1
-4.646880E-1
-4.602780E-1
-4.543980E-1
-4.455780E-1
-4.382280E-1
-4.308780E-1
-4.249980E-1
-4.191180E-1
-4.161780E-1
-4.147080E-1
-4.147080E-1
-4.176480E-1
-4.220580E-1
-4.294080E-1
-4.367580E-1
-4.441080E-1
-4.529280E-1
-4.602780E-1
-4.661580E-1
-4.690980E-1
-4.690980E-1
-4.676280E-1
-4.646880E-1
-4.588080E-1
-4.514580E-1
-4.455780E-1
-4.382280E-1
-4.323480E-1
-4.279380E-1
-4.249980E-1
-4.220580E-1
-4.205880E-1
-4.205880E-1
-4.191180E-1
-4.191180E-1
-4.191180E-1
-4.191180E-1
-4.191180E-1
-4.176480E-1
-4.176480E-1
-4.176480E-1
-4.176480E-1
-4.176480E-1
-4.176480E-1
-4.176480E-1
-4.176480E-1
-4.176480E-1
-4.176480E-1
-4.176480E-1
-4.161780E-1
-4.161780E-1
-4.147080E-1
-4.132380E-1
-4.117680E-1
-4.088280E-1
-4.058880E-1
-4.044180E-1
-4.014780E-1
-3.985380E-1
-3.970680E-1
-3.955980E-1
-3.941280E-1
-3.941280E-1
-3.941280E-1
-3.970680E-1
-4.000080E-1
-4.029480E-1
-4.088280E-1
-4.147080E-1
-4.191180E-1
-4.249980E-1
-4.294080E-1
-4.338180E-1
-4.352880E-1
-4.382280E-1
-4.396980E-1
-4.411680E-1
-4.426380E-1
-4.441080E-1
-4.455780E-1
-4.485180E-1
-4.499880E-1
-4.529280E-1
-4.543980E-1
-4.558680E-1
-4.573380E-1
-4.573380E-1
-4.573380E-1
-4.558680E-1
-4.543980E-1
-4.543980E-1
-4.529280E-1
-4.514580E-1
-4.499880E-1
-4.514580E-1
-4.514580E-1
-4.529280E-1
-4.558680E-1
-4.573380E-1
-4.588080E-1
-4.602780E-1
-4.602780E-1
-4.573380E-1
-4.543980E-1
-4.485180E-1
-4.426380E-1
-4.367580E-1
-4.323480E-1
-4.294080E-1
-4.279380E-1
-4.294080E-1
-4.323480E-1
-4.382280E-1
-4.455780E-1
-4.514580E-1
-4.588080E-1
-4.646880E-1
-4.690980E-1
-4.705680E-1
-4.690980E-1
-4.646880E-1
-4.573380E-1
-4.499880E-1
-4.396980E-1
-4.308780E-1
-4.205880E-1
-4.132380E-1
-4.058880E-1
-4.000080E-1
-3.955980E-1
-3.911880E-1
-3.897180E-1
-3.882480E-1
-3.867780E-1
-3.882480E-1
-3.897180E-1
-3.911880E-1
-3.941280E-1
-3.970680E-1
-4.000080E-1
-4.014780E-1
-4.044180E-1
-4.073580E-1
-4.102980E-1
-4.132380E-1
-4.161780E-1
-4.220580E-1
-4.279380E-1
-4.367580E-1
-4.455780E-1
-4.543980E-1
-4.632180E-1
-4.720380E-1
-4.779180E-1
-4.808580E-1
-4.823280E-1
-4.823280E-1
-4.793880E-1
-4.764480E-1
-4.735080E-1
-4.690980E-1
-4.676280E-1
-4.661580E-1
-4.646880E-1
-4.646880E-1
-4.632180E-1
-4.632180E-1
-4.617480E-1
-4.602780E-1
-4.573380E-1
-4.543980E-1
-4.529280E-1
-4.514580E-1
-4.499880E-1
-4.499880E-1
-4.499880E-1
-4.499880E-1
-4.514580E-1
-4.543980E-1
-4.573380E-1
-4.602780E-1
-4.632180E-1
-4.676280E-1
-4.705680E-1
-4.749780E-1
-4.764480E-1
-4.793880E-1
-4.793880E-1
-4.779180E-1
-4.749780E-1
-4.705680E-1
-4.646880E-1
-4.588080E-1
-4.514580E-1
-4.455780E-1
-4.411680E-1
-4.367580E-1
-4.338180E-1
-4.308780E-1
-4.308780E-1
-4.308780E-1
-4.308780E-1
-4.323480E-1
-4.323480E-1
-4.338180E-1
-4.352880E-1
-4.352880E-1
-4.338180E-1
-4.338180E-1
-4.323480E-1
-4.323480E-1
-4.323480E-1
-4.323480E-1
-4.338180E-1
-4.367580E-1
-4.411680E-1
-4.441080E-1
-4.470480E-1
-4.514580E-1
-4.543980E-1
-4.573380E-1
-4.602780E-1
-4.632180E-1
-4.661580E-1
-4.705680E-1
-4.749780E-1
-4.808580E-1
-4.882080E-1
-4.984980E-1
-5.102580E-1
-5.234880E-1
-5.411280E-1
-5.587680E-1
-5.808180E-1
-6.043380E-1
-6.293280E-1
-6.572580E-1
-6.866580E-1
-7.160580E-1
-7.454580E-1
-7.763280E-1
-8.042580E-1
-8.321880E-1
-8.586480E-1
-8.821680E-1
-9.042180E-1
-9.247980E-1
-9.453780E-1
-9.630180E-1
-9.791880E-1
-9.968280E-1
-1.011528E+0
-1.026228E+0
-1.040928E+0
-1.052688E+0
-1.064448E+0
-1.073268E+0
-1.080618E+0
-1.087968E+0
-1.093848E+0
-1.096788E+0
-1.099728E+0
-1.101198E+0
-1.101198E+0
-1.099728E+0
-1.096788E+0
-1.092378E+0
-1.087968E+0
-1.083558E+0
-1.080618E+0
-1.080618E+0
-1.082088E+0
-1.086498E+0
-1.092378E+0
-1.101198E+0
-1.112958E+0
-1.123248E+0
-1.135008E+0
-1.145298E+0
-1.154118E+0
-1.161468E+0
-1.165878E+0
-1.170288E+0
-1.171758E+0
-1.171758E+0
-1.170288E+0
-1.168818E+0
-1.165878E+0
-1.161468E+0
-1.158528E+0
-1.154118E+0
-1.152648E+0
-1.151178E+0
-1.151178E+0
-1.152648E+0
-1.154118E+0
-1.157058E+0
-1.158528E+0
-1.159998E+0
-1.158528E+0
-1.155588E+0
-1.152648E+0
-1.146768E+0
-1.142358E+0
-1.137948E+0
-1.133538E+0
-1.132068E+0
-1.130598E+0
-1.130598E+0
-1.132068E+0
-1.132068E+0
-1.132068E+0
-1.132068E+0
-1.129128E+0
-1.126188E+0
-1.120308E+0
-1.112958E+0
-1.105608E+0
-1.096788E+0
-1.087968E+0
-1.079148E+0
-1.071798E+0
-1.065918E+0
-1.061508E+0
-1.058568E+0
-1.057098E+0
-1.057098E+0
-1.058568E+0
-1.060038E+0
-1.062978E+0
-1.065918E+0
-1.068858E+0
-1.071798E+0
-1.074738E+0
-1.076208E+0
-1.079148E+0
-1.080618E+0
-1.082088E+0
-1.082088E+0
-1.083558E+0
-1.083558E+0
-1.085028E+0
-1.085028E+0
-1.086498E+0
-1.089438E+0
-1.090908E+0
-1.095318E+0
-1.098258E+0
-1.104138E+0
-1.110018E+0
-1.115898E+0
-1.121778E+0
-1.127658E+0
-1.130598E+0
-1.133538E+0
-1.133538E+0
-1.132068E+0
-1.129128E+0
-1.126188E+0
-1.121778E+0
-1.118838E+0
-1.115898E+0
-1.114428E+0
-1.112958E+0
-1.111488E+0
-1.110018E+0
-1.107078E+0
-1.104138E+0
-1.099728E+0
-1.096788E+0
-1.092378E+0
-1.089438E+0
-1.086498E+0
-1.085028E+0
-1.085028E+0
-1.085028E+0
-1.086498E+0
-1.087968E+0
-1.089438E+0
-1.090908E+0
-1.092378E+0
-1.096788E+0
-1.101198E+0
-1.108548E+0
-1.115898E+0
-1.126188E+0
-1.137948E+0
-1.149708E+0
-1.161468E+0
-1.171758E+0
-1.179108E+0
-1.184988E+0
-1.186458E+0
-1.184988E+0
-1.182048E+0
-1.176168E+0
-1.168818E+0
-1.161468E+0
-1.154118E+0
-1.148238E+0
-1.143828E+0
-1.140888E+0
-1.140888E+0
-1.142358E+0
-1.146768E+0
-1.151178E+0
-1.158528E+0
-1.165878E+0
-1.173228E+0
-1.179108E+0
-1.183518E+0
-1.183518E+0
-1.182048E+0
-1.177638E+0
-1.171758E+0
-1.165878E+0
-1.158528E+0
-1.154118E+0
-1.152648E+0
-1.152648E+0
-1.155588E+0
-1.158528E+0
-1.162938E+0
-1.165878E+0
-1.167348E+0
-1.165878E+0
-1.161468E+0
-1.155588E+0
-1.148238E+0
-1.140888E+0
-1.135008E+0
-1.130598E+0
-1.129128E+0
-1.130598E+0
-1.133538E+0
-1.139418E+0
-1.145298E+0
-1.151178E+0
-1.157058E+0
-1.159998E+0
-1.162938E+0
-1.164408E+0
-1.164408E+0
-1.164408E+0
-1.165878E+0
-1.168818E+0
-1.174698E+0
-1.182048E+0
-1.192338E+0
-1.202628E+0
-1.214388E+0
-1.226148E+0
-1.236438E+0
-1.243788E+0
-1.248198E+0
-1.251138E+0
-1.251138E+0
-1.249668E+0
-1.246728E+0
-1.243788E+0
-1.242318E+0
-1.239378E+0
-1.237908E+0
-1.234968E+0
-1.230558E+0
-1.227618E+0
-1.221738E+0
-1.217328E+0
-1.214388E+0
-1.211448E+0
-1.209978E+0
-1.211448E+0
-1.214388E+0
-1.218798E+0
-1.223208E+0
-1.226148E+0
-1.227618E+0
-1.229088E+0
-1.226148E+0
-1.223208E+0
-1.218798E+0
-1.212918E+0
-1.208508E+0
-1.205568E+0
-1.202628E+0
-1.201158E+0
-1.202628E+0
-1.202628E+0
-1.205568E+0
-1.207038E+0
-1.209978E+0
-1.212918E+0
-1.215858E+0
-1.217328E+0
-1.218798E+0
-1.220268E+0
-1.220268E+0
-1.218798E+0
-1.217328E+0
-1.214388E+0
-1.211448E+0
-1.207038E+0
-1.204098E+0
-1.201158E+0
-1.199688E+0
-1.196748E+0
-1.196748E+0
-1.195278E+0
-1.195278E+0
-1.195278E+0
-1.193808E+0
-1.193808E+0
-1.193808E+0
-1.193808E+0
-1.193808E+0
-1.193808E+0
-1.195278E+0
-1.196748E+0
-1.199688E+0
-1.202628E+0
-1.205568E+0
-1.209978E+0
-1.214388E+0
-1.218798E+0
-1.221738E+0
-1.226148E+0
-1.229088E+0
-1.232028E+0
-1.233498E+0
-1.236438E+0
-1.239378E+0
-1.240848E+0
-1.242318E+0
-1.242318E+0
-1.242318E+0
-1.240848E+0
-1.237908E+0
-1.234968E+0
-1.232028E+0
-1.229088E+0
-1.229088E+0
-1.230558E+0
-1.234968E+0
-1.240848E+0
-1.246728E+0
-1.254078E+0
-1.259958E+0
-1.262898E+0
-1.262898E+0
-1.261428E+0
-1.255548E+0
-1.249668E+0
-1.240848E+0
-1.233498E+0
-1.226148E+0
-1.221738E+0
-1.221738E+0
-1.223208E+0
-1.229088E+0
-1.237908E+0
-1.249668E+0
-1.261428E+0
-1.276128E+0
-1.289358E+0
-1.304058E+0
-1.317288E+0
-1.329048E+0
-1.339338E+0
-1.348158E+0
-1.355508E+0
-1.358448E+0
-1.361388E+0
-1.361388E+0
-1.359918E+0
-1.356978E+0
-1.354038E+0
-1.351098E+0
-1.349628E+0
-1.348158E+0
-1.346688E+0
-1.345218E+0
-1.343748E+0
-1.340808E+0
-1.336398E+0
-1.331988E+0
-1.326108E+0
-1.318758E+0
-1.309938E+0
-1.304058E+0
-1.298178E+0
-1.295238E+0
-1.293768E+0
-1.296708E+0
-1.301118E+0
-1.308468E+0
-1.315818E+0
-1.324638E+0
-1.331988E+0
-1.336398E+0
-1.340808E+0
-1.340808E+0
-1.340808E+0
-1.339338E+0
-1.337868E+0
-1.336398E+0
-1.336398E+0
-1.339338E+0
-1.343748E+0
-1.348158E+0
-1.354038E+0
-1.359918E+0
-1.364328E+0
-1.367268E+0
-1.368738E+0
-1.368738E+0
-1.367268E+0
-1.364328E+0
-1.358448E+0
-1.352568E+0
-1.345218E+0
-1.336398E+0
-1.327578E+0
-1.318758E+0
-1.311408E+0
-1.305528E+0
-1.301118E+0
-1.299648E+0
-1.301118E+0
-1.304058E+0
-1.311408E+0
-1.320228E+0
-1.329048E+0
-1.339338E+0
-1.348158E+0
-1.356978E+0
-1.361388E+0
-1.365798E+0
-1.367268E+0
-1.367268E+0
-1.367268E+0
-1.367268E+0
-1.367268E+0
-1.367268E+0
-1.367268E+0
-1.368738E+0
-1.370208E+0
-1.370208E+0
-1.368738E+0
-1.365798E+0
-1.361388E+0
-1.355508E+0
-1.349628E+0
-1.342278E+0
-1.334928E+0
-1.327578E+0
-1.320228E+0
-1.314348E+0
-1.308468E+0
-1.302588E+0
-1.298178E+0
-1.293768E+0
-1.289358E+0
-1.287888E+0
-1.287888E+0
-1.289358E+0
-1.295238E+0
-1.302588E+0
-1.314348E+0
-1.327578E+0
-1.340808E+0
-1.354038E+0
-1.365798E+0
-1.373148E+0
-1.379028E+0
-1.380498E+0
-1.377558E+0
-1.373148E+0
-1.367268E+0
-1.359918E+0
-1.354038E+0
-1.346688E+0
-1.340808E+0
-1.334928E+0
-1.329048E+0
-1.323168E+0
-1.318758E+0
-1.314348E+0
-1.311408E+0
-1.309938E+0
-1.314348E+0
-1.320228E+0
-1.330518E+0
-1.343748E+0
-1.358448E+0
-1.374618E+0
-1.390788E+0
-1.405488E+0
-1.417248E+0
-1.424598E+0
-1.430478E+0
-1.431948E+0
-1.430478E+0
-1.427538E+0
-1.423128E+0
-1.420188E+0
-1.418718E+0
-1.417248E+0
-1.418718E+0
-1.423128E+0
-1.429008E+0
-1.434888E+0
-1.443708E+0
-1.451058E+0
-1.458408E+0
-1.464288E+0
-1.468698E+0
-1.470168E+0
-1.471638E+0
-1.470168E+0
-1.467228E+0
-1.464288E+0
-1.458408E+0
-1.452528E+0
-1.446648E+0
-1.440768E+0
-1.434888E+0
-1.429008E+0
-1.424598E+0
-1.421658E+0
-1.420188E+0
-1.421658E+0
-1.423128E+0
-1.427538E+0
-1.431948E+0
-1.437828E+0
-1.443708E+0
-1.449588E+0
-1.455468E+0
-1.461348E+0
-1.465758E+0
-1.471638E+0
-1.477518E+0
-1.481928E+0
-1.487808E+0
-1.492218E+0
-1.495158E+0
-1.498098E+0
-1.501038E+0
-1.501038E+0
-1.501038E+0
-1.498098E+0
-1.495158E+0
-1.489278E+0
-1.483398E+0
-1.474578E+0
-1.467228E+0
-1.458408E+0
-1.452528E+0
-1.446648E+0
-1.445178E+0
-1.443708E+0
-1.445178E+0
-1.448118E+0
-1.451058E+0
-1.453998E+0
-1.455468E+0
-1.455468E+0
-1.453998E+0
-1.452528E+0
-1.448118E+0
-1.445178E+0
-1.443708E+0
-1.440768E+0
-1.440768E+0
-1.440768E+0
-1.443708E+0
-1.446648E+0
-1.451058E+0
-1.456938E+0
-1.464288E+0
-1.473108E+0
-1.483398E+0
-1.493688E+0
-1.503978E+0
-1.514268E+0
-1.523088E+0
-1.531908E+0
-1.536318E+0
-1.537788E+0
-1.537788E+0
-1.533378E+0
-1.526028E+0
-1.518678E+0
-1.508388E+0
-1.498098E+0
-1.487808E+0
-1.477518E+0
-1.468698E+0
-1.461348E+0
-1.453998E+0
-1.449588E+0
-1.446648E+0
-1.445178E+0
-1.445178E+0
-1.448118E+0
-1.452528E+0
-1.458408E+0
-1.464288E+0
-1.473108E+0
-1.481928E+0
-1.490748E+0
-1.498098E+0
-1.505448E+0
-1.511328E+0
-1.515738E+0
-1.518678E+0
-1.521618E+0
-1.524558E+0
-1.526028E+0
-1.528968E+0
-1.531908E+0
-1.534848E+0
-1.539258E+0
-1.545138E+0
-1.551018E+0
-1.556898E+0
-1.562778E+0
-1.568658E+0
-1.571598E+0
-1.574538E+0
-1.576008E+0
-1.576008E+0
-1.574538E+0
-1.573068E+0
-1.571598E+0
-1.568658E+0
-1.565718E+0
-1.562778E+0
-1.558368E+0
-1.552488E+0
-1.546608E+0
-1.540728E+0
-1.533378E+0
-1.526028E+0
-1.518678E+0
-1.509858E+0
-1.502508E+0
-1.493688E+0
-1.486338E+0
-1.478988E+0
-1.473108E+0
-1.468698E+0
-1.464288E+0
-1.462818E+0
-1.461348E+0
-1.461348E+0
-1.461348E+0
-1.461348E+0
-1.461348E+0
-1.462818E+0
-1.462818E+0
-1.464288E+0
-1.467228E+0
-1.471638E+0
-1.476048E+0
-1.483398E+0
-1.490748E+0
-1.499568E+0
-1.508388E+0
-1.517208E+0
-1.524558E+0
-1.531908E+0
-1.536318E+0
-1.539258E+0
-1.540728E+0
-1.539258E+0
-1.537788E+0
-1.536318E+0
-1.534848E+0
-1.536318E+0
-1.537788E+0
-1.542198E+0
-1.546608E+0
-1.553958E+0
-1.561308E+0
-1.570128E+0
-1.577478E+0
-1.584828E+0
-1.590708E+0
-1.595118E+0
-1.599528E+0
-1.600998E+0
-1.602468E+0
-1.602468E+0
-1.600998E+0
-1.599528E+0
-1.596588E+0
-1.592178E+0
-1.586298E+0
-1.581888E+0
-1.574538E+0
-1.568658E+0
-1.561308E+0
-1.555428E+0
-1.549548E+0
-1.545138E+0
-1.542198E+0
-1.540728E+0
-1.539258E+0
-1.539258E+0
-1.540728E+0
-1.542198E+0
-1.545138E+0
-1.549548E+0
-1.553958E+0
-1.558368E+0
-1.562778E+0
-1.565718E+0
-1.568658E+0
-1.570128E+0
-1.570128E+0
-1.570128E+0
-1.568658E+0
-1.567188E+0
-1.567188E+0
-1.567188E+0
-1.570128E+0
-1.571598E+0
-1.574538E+0
-1.576008E+0
-1.577478E+0
-1.577478E+0
-1.576008E+0
-1.573068E+0
-1.570128E+0
-1.567188E+0
-1.562778E+0
-1.559838E+0
-1.555428E+0
-1.551018E+0
-1.545138E+0
-1.540728E+0
-1.534848E+0
-1.530438E+0
-1.528968E+0
-1.528968E+0
-1.531908E+0
-1.537788E+0
-1.546608E+0
-1.558368E+0
-1.571598E+0
-1.584828E+0
-1.596588E+0
-1.609818E+0
-1.620108E+0
-1.630398E+0
-1.637748E+0
-1.645098E+0
-1.650978E+0
-1.655388E+0
-1.658328E+0
-1.658328E+0
-1.656858E+0
-1.653918E+0
-1.648038E+0
-1.639218E+0
-1.628928E+0
-1.615698E+0
-1.598058E+0
-1.577478E+0
-1.552488E+0
-1.524558E+0
-1.493688E+0
-1.462818E+0
-1.433418E+0
-1.373148E+0
-1.230558E+0
-1.018878E+0
-8.101380E-1
-6.396180E-1
-5.102580E-1
-4.176480E-1
-3.529680E-1
-3.103380E-1
-2.853480E-1
-2.721180E-1
-2.662380E-1
-2.868180E-1
-3.661980E-1
-5.293680E-1
-7.513380E-1
-1.020348E+0
-1.356978E+0
-1.761228E+0
-2.199288E+0
-2.641758E+0
-3.079818E+0
-3.520818E+0
-3.975048E+0
-4.442508E+0
-4.926138E+0
-5.437698E+0
-5.981598E+0
-6.562248E+0
-7.185528E+0
-7.847028E+0
-8.545278E+0
-9.278808E+0
-1.002851E+1
-1.073264E+1
-1.131035E+1
-1.168520E+1
-1.178222E+1
-1.162346E+1
-1.139120E+1
-1.115747E+1
-1.101341E+1
-1.096784E+1
-1.110749E+1
-1.144706E+1
-1.213796E+1
-1.356680E+1
-2.088005E+1
-2.088005E+1
-2.088005E+1
-2.088005E+1
-2.088005E+1
-2.088005E+1
-2.088005E+1
-2.088005E+1
-2.088005E+1
-2.088005E+1
-2.088005E+1
-2.088005E+1
-2.088005E+1
-2.088005E+1
-2.088005E+1
-2.088005E+1
-2.088005E+1
-2.088005E+1
-2.088005E+1
-2.088005E+1
-2.088005E+1
-2.088005E+1
-2.088005E+1
-2.088005E+1
-2.088005E+1
-2.088005E+1
-2.088005E+1
-2.088005E+1
-2.088005E+1
-2.088005E+1
-2.088005E+1
-2.088005E+1
-2.088005E+1
-2.088005E+1
-2.088005E+1
-2.088005E+1
-2.088005E+1
-2.088005E+1
-2.088005E+1
-2.088005E+1
-2.088005E+1
-2.088005E+1
-1.610843E+1
-1.397840E+1
-1.286855E+1
-1.206152E+1
-1.150439E+1
-1.108397E+1
-1.081496E+1
-1.065326E+1
-1.059446E+1
-1.067237E+1
-1.090169E+1
-1.131035E+1
-1.202477E+1
-1.322135E+1
-1.610843E+1
-2.088005E+1
-2.088005E+1
-2.088005E+1
-2.088005E+1
-2.088005E+1
-2.088005E+1
-1.849424E+1
-1.335365E+1
-1.195274E+1
-1.113248E+1
-1.065326E+1
-1.039454E+1
-1.032692E+1
-1.039454E+1
-1.063268E+1
-1.103693E+1
-1.168520E+1
-1.261277E+1
-1.407101E+1
-1.738439E+1
-2.088005E+1
-2.088005E+1
-2.088005E+1
-2.088005E+1
-2.088005E+1
-2.088005E+1
-2.088005E+1
-2.088005E+1
-2.088005E+1
-2.088005E+1
-2.088005E+1
-2.088005E+1
-2.088005E+1
-2.088005E+1
-2.088005E+1
-2.088005E+1
-2.088005E+1
-2.088005E+1
-1.587911E+1
-1.328750E+1
-1.206152E+1
-1.123244E+1
-1.067237E+1
-1.024313E+1
-9.941778E+0
-9.752148E+0
-9.652188E+0
-9.638958E+0
-9.713928E+0
-9.857988E+0
-1.013288E+1
-1.051949E+1
-1.108397E+1
-1.191746E+1
-1.322135E+1
-1.698896E+1
-2.088005E+1
-2.088005E+1
-2.088005E+1
-2.088005E+1
-2.088005E+1
-2.088005E+1
-2.088005E+1
-2.088005E+1
-2.088005E+1
-2.088005E+1
-2.088005E+1
-1.587911E+1
-1.380494E+1
-1.286855E+1
-1.229966E+1
-1.195274E+1
-1.168520E+1
-1.153379E+1
-1.144706E+1
-1.144706E+1
-1.153379E+1
-1.168520E+1
-1.191746E+1
-1.225850E+1
-1.266275E+1
-1.309787E+1
-1.356680E+1
-1.389020E+1
-1.407101E+1
-1.407101E+1
-1.380494E+1
-1.342274E+1
-1.298027E+1
-1.256573E+1
-1.213796E+1
-1.178222E+1
-1.153379E+1
-1.139120E+1
-1.141913E+1
-1.165433E+1
-1.221734E+1
-1.349330E+1
-2.088005E+1
-2.088005E+1
-2.088005E+1
-2.088005E+1
-2.088005E+1
-2.088005E+1
-2.088005E+1
-2.088005E+1
-2.088005E+1
-2.088005E+1
-2.088005E+1
-2.088005E+1
-2.088005E+1
-2.088005E+1
-2.088005E+1
-2.088005E+1
-2.088005E+1
-2.088005E+1
-2.088005E+1
-2.088005E+1
-2.088005E+1
-2.088005E+1
-1.328750E+1
-1.178222E+1
-1.103693E+1
-1.061357E+1
-1.039454E+1
-1.036073E+1
-1.048274E+1
-1.075322E+1
-1.120745E+1
-1.195274E+1
-1.335365E+1
-2.088005E+1
-2.088005E+1
-2.088005E+1
-2.088005E+1
-2.088005E+1
-2.088005E+1
-2.088005E+1
-2.088005E+1
-2.088005E+1
-2.088005E+1
-2.088005E+1
-2.088005E+1
-2.088005E+1
-2.088005E+1
-2.088005E+1
-2.088005E+1
-2.088005E+1
-2.088005E+1
-2.088005E+1
-2.088005E+1
-2.088005E+1
-2.088005E+1
-2.088005E+1
-2.088005E+1
-2.088005E+1
-2.088005E+1
-2.088005E+1
-2.088005E+1
-2.088005E+1
-2.088005E+1
-2.088005E+1
-2.088005E+1
-2.088005E+1
-2.088005E+1
-2.088005E+1
-2.088005E+1
-2.088005E+1
-2.088005E+1
-2.088005E+1
-2.088005E+1
-2.088005E+1
-2.088005E+1
-2.088005E+1
-2.088005E+1
-2.088005E+1
-2.088005E+1
-2.088005E+1
-2.088005E+1
-1.335365E+1
-1.209974E+1
-1.147499E+1
-1.115747E+1
-1.103693E+1
-1.101341E+1
-1.108397E+1
-1.118099E+1
-1.125743E+1
-1.131035E+1
-1.133681E+1
-1.133681E+1
-1.141913E+1
-1.159259E+1
-1.188218E+1
-1.242902E+1
-1.342274E+1
-1.587911E+1
-2.088005E+1
-2.088005E+1
-2.088005E+1
-2.088005E+1
-2.088005E+1
-2.088005E+1
-2.088005E+1
-2.088005E+1
-2.088005E+1
-2.088005E+1
-2.088005E+1
-2.088005E+1
-2.088005E+1
-2.088005E+1
-2.088005E+1
-1.849424E+1
-1.665380E+1
-1.636421E+1
-1.610843E+1
-1.665380E+1
-1.786949E+1
-2.088005E+1
-2.088005E+1
-2.088005E+1
-2.088005E+1
-2.088005E+1
-2.088005E+1
-2.088005E+1
-2.088005E+1
-2.088005E+1
-2.088005E+1
-2.088005E+1
-2.088005E+1
-2.088005E+1
-2.088005E+1
-2.088005E+1
-2.088005E+1
-2.088005E+1
-2.088005E+1
-2.088005E+1
-2.088005E+1
-2.088005E+1
-2.088005E+1
-2.088005E+1
-2.088005E+1
-2.088005E+1
-2.088005E+1
-2.088005E+1
-2.088005E+1
-2.088005E+1
-2.088005E+1
-2.088005E+1
-2.088005E+1
-2.088005E+1
-2.088005E+1
-2.088005E+1
-2.088005E+1
-2.088005E+1
-2.088005E+1
-2.088005E+1
-2.088005E+1
-2.088005E+1
-2.088005E+1
-2.088005E+1
-2.088005E+1
-2.088005E+1
-1.499858E+1
-1.349330E+1
-1.271273E+1
-1.221734E+1
-1.198802E+1
-1.191746E+1
-1.198802E+1
-1.221734E+1
-1.261277E+1
-1.309787E+1
-1.372262E+1
-1.460315E+1
-1.567331E+1
-1.738439E+1
-2.088005E+1
-2.088005E+1
-2.088005E+1
-2.088005E+1
-2.088005E+1
-2.088005E+1
-2.088005E+1
-2.088005E+1
-2.088005E+1
-2.088005E+1
-2.088005E+1
-1.416803E+1
-1.221734E+1
-1.128389E+1
-1.079438E+1
-1.057535E+1
-1.059446E+1
-1.085759E+1
-1.141913E+1
-1.238492E+1
-1.437383E+1
-2.088005E+1
-2.088005E+1
-2.088005E+1
-2.088005E+1
-2.088005E+1
-2.088005E+1
-2.088005E+1
-2.088005E+1
-2.088005E+1
-2.088005E+1
-2.088005E+1
-1.849424E+1
-1.364324E+1
-1.229966E+1
-1.150439E+1
-1.106045E+1
-1.085759E+1
-1.087964E+1
-1.110749E+1
-1.165433E+1
-1.271273E+1
-1.548368E+1
-2.088005E+1
-2.088005E+1
-2.088005E+1
-2.088005E+1
-2.088005E+1
-2.088005E+1
-2.088005E+1
-2.088005E+1
-2.088005E+1
-2.088005E+1
-2.088005E+1
-2.088005E+1
-2.088005E+1
-2.088005E+1
-2.088005E+1
-1.335365E+1
-1.168520E+1
-1.085759E+1
-1.041218E+1
-1.016375E+1
-1.005791E+1
-1.007261E+1
-1.016375E+1
-1.036073E+1
-1.063268E+1
-1.101341E+1
-1.156319E+1
-1.242902E+1
-1.407101E+1
-2.088005E+1
-2.088005E+1
-2.088005E+1
-2.088005E+1
-2.088005E+1
-2.088005E+1
-2.088005E+1
-2.088005E+1
-2.088005E+1
-2.088005E+1
-1.416803E+1
-1.229966E+1
-1.141913E+1
-1.090169E+1
-1.063268E+1
-1.050185E+1
-1.050185E+1
-1.057535E+1
-1.075322E+1
-1.101341E+1
-1.136327E+1
-1.181456E+1
-1.238492E+1
-1.309787E+1
-1.407101E+1
-1.548368E+1
-1.786949E+1
-2.088005E+1
-2.088005E+1
-2.088005E+1
-2.088005E+1
-2.088005E+1
-2.088005E+1
-2.088005E+1
-2.088005E+1
-2.088005E+1
-2.088005E+1
-2.088005E+1
-2.088005E+1
-2.088005E+1
-2.088005E+1
-2.088005E+1
-1.416803E+1
-1.209974E+1
-1.110749E+1
-1.053860E+1
-1.022696E+1
-1.014905E+1
-1.024313E+1
-1.055624E+1
-1.110749E+1
-1.198802E+1
-1.372262E+1
-2.088005E+1
-2.088005E+1
-2.088005E+1
-2.088005E+1
-2.088005E+1
-2.088005E+1
-2.088005E+1
-2.088005E+1
-2.088005E+1
-2.088005E+1
-2.088005E+1
-1.407101E+1
-1.198802E+1
-1.096784E+1
-1.032692E+1
-9.913848E+0
-9.663948E+0
-9.566928E+0
-9.615438E+0
-9.818298E+0
-1.022696E+1
-1.092374E+1
-1.221734E+1
-1.698896E+1
-2.088005E+1
-2.088005E+1
-2.088005E+1
-2.088005E+1
-2.088005E+1
-2.088005E+1
-2.088005E+1
-2.088005E+1
-2.088005E+1
-2.088005E+1
-2.088005E+1
-2.088005E+1
-2.088005E+1
-2.088005E+1
-2.088005E+1
-2.088005E+1
-2.088005E+1
-1.698896E+1
-1.416803E+1
-1.335365E+1
-1.315961E+1
-1.349330E+1
-1.448555E+1
-1.786949E+1
-2.088005E+1
-2.088005E+1
-2.088005E+1
-2.088005E+1
-2.088005E+1
-2.088005E+1
-2.088005E+1
-2.088005E+1
-1.460315E+1
-1.286855E+1
-1.202477E+1
-1.153379E+1
-1.128389E+1
-1.120745E+1
-1.131035E+1
-1.159259E+1
-1.202477E+1
-1.271273E+1
-1.372262E+1
-1.499858E+1
-1.665380E+1
-1.786949E+1
-1.738439E+1
-1.548368E+1
-1.416803E+1
-1.322135E+1
-1.261277E+1
-1.221734E+1
-1.202477E+1
-1.198802E+1
-1.217765E+1
-1.261277E+1
-1.356680E+1
-1.587911E+1
-2.088005E+1
-2.088005E+1
-2.088005E+1
-2.088005E+1
-2.088005E+1
-2.088005E+1
-2.088005E+1
-2.088005E+1
-2.088005E+1
-1.514852E+1
-1.322135E+1
-1.225850E+1
-1.171607E+1
-1.136327E+1
-1.108397E+1
-1.092374E+1
-1.079438E+1
-1.071206E+1
-1.067237E+1
-1.065326E+1
-1.067237E+1
-1.077380E+1
-1.090169E+1
-1.115747E+1
-1.150439E+1
-1.206152E+1
-1.292441E+1
-1.460315E+1
-2.088005E+1
-2.088005E+1
-2.088005E+1
-2.088005E+1
-2.088005E+1
-2.088005E+1
-2.088005E+1
-2.088005E+1
-2.088005E+1
-2.088005E+1
-1.472663E+1
-1.380494E+1
-1.364324E+1
-1.407101E+1
-1.567331E+1
-2.088005E+1
-2.088005E+1
-2.088005E+1
-2.088005E+1
-2.088005E+1
-2.088005E+1
-2.088005E+1
-2.088005E+1
-2.088005E+1
-2.088005E+1
-1.342274E+1
-1.191746E+1
-1.108397E+1
-1.055624E+1
-1.024313E+1
-1.007261E+1
-1.004321E+1
-1.016375E+1
-1.042982E+1
-1.092374E+1
-1.178222E+1
-1.380494E+1
-2.088005E+1
-2.088005E+1
-2.088005E+1
-2.088005E+1
-2.088005E+1
-2.088005E+1
-2.088005E+1
-2.088005E+1
-2.088005E+1
-2.088005E+1
-2.088005E+1
-2.088005E+1
-2.088005E+1
-2.088005E+1
-2.088005E+1
-2.088005E+1
-2.088005E+1
-2.088005E+1
-2.088005E+1
-2.088005E+1
-2.088005E+1
-2.088005E+1
-2.088005E+1
-2.088005E+1
-2.088005E+1
-2.088005E+1
-2.088005E+1
-2.088005E+1
-2.088005E+1
-2.088005E+1
-2.088005E+1
-2.088005E+1
-2.088005E+1
-2.088005E+1
-2.088005E+1
-2.088005E+1
-2.088005E+1
-2.088005E+1
-2.088005E+1
-1.636421E+1
-1.342274E+1
-1.225850E+1
-1.162346E+1
-1.120745E+1
-1.098989E+1
-1.090169E+1
-1.094579E+1
-1.115747E+1
-1.150439E+1
-1.209974E+1
-1.298027E+1
-1.426799E+1
-1.636421E+1
-2.088005E+1
-2.088005E+1
-1.937477E+1
-1.610843E+1
-1.485893E+1
-1.448555E+1
-1.460315E+1
-1.567331E+1
-2.088005E+1
-2.088005E+1
-2.088005E+1
-2.088005E+1
-2.088005E+1
-2.088005E+1
-2.088005E+1
-2.088005E+1
-2.088005E+1
-2.088005E+1
-2.088005E+1
-2.088005E+1
-2.088005E+1
-2.088005E+1
-2.088005E+1
-2.088005E+1
-2.088005E+1
-2.088005E+1
-2.088005E+1
-2.088005E+1
-2.088005E+1
-2.088005E+1
-2.088005E+1
-2.088005E+1
-2.088005E+1
-2.088005E+1
-2.088005E+1
-2.088005E+1
-2.088005E+1
-2.088005E+1
-2.088005E+1
-2.088005E+1
-2.088005E+1
-2.088005E+1
-2.088005E+1
-2.088005E+1
-2.088005E+1
-2.088005E+1
-2.088005E+1
-2.088005E+1
-2.088005E+1
-2.088005E+1
-2.088005E+1
-2.088005E+1
-2.088005E+1
-2.088005E+1
-2.088005E+1
-2.088005E+1
-2.088005E+1
-2.088005E+1
-2.088005E+1
-1.849424E+1
-1.567331E+1
-1.548368E+1
-1.698896E+1
-2.088005E+1
-2.088005E+1
-2.088005E+1
-2.088005E+1
-2.088005E+1
-2.088005E+1
-2.088005E+1
-2.088005E+1
-2.088005E+1
-2.088005E+1
-2.088005E+1
-2.088005E+1
-2.088005E+1
-2.088005E+1
-2.088005E+1
-2.088005E+1
-2.088005E+1
-2.088005E+1
-2.088005E+1
-2.088005E+1
-2.088005E+1
-2.088005E+1
-2.088005E+1
-2.088005E+1
-2.088005E+1
-1.698896E+1
-1.256573E+1
-1.118099E+1
-1.041218E+1
-9.927078E+0
-9.663948E+0
-9.566928E+0
-9.590448E+0
-9.738918E+0
-9.999108E+0
-1.032692E+1
-1.069148E+1
-1.103693E+1
-1.128389E+1
-1.141913E+1
-1.141913E+1
-1.131035E+1
-1.113248E+1
-1.098989E+1
-1.083554E+1
-1.069148E+1
-1.057535E+1
-1.044746E+1
-1.034309E+1
-1.024313E+1
-1.017992E+1
-1.014905E+1
-1.016375E+1
-1.021079E+1
-1.029311E+1
-1.041218E+1
-1.051949E+1
-1.061357E+1
-1.069148E+1
-1.075322E+1
-1.081496E+1
-1.083554E+1
-1.090169E+1
-1.094579E+1
-1.106045E+1
-1.115747E+1
-1.131035E+1
-1.147499E+1
-1.168520E+1
-1.195274E+1
-1.229966E+1
-1.266275E+1
-1.309787E+1
-1.356680E+1
-1.389020E+1
-1.397840E+1
-1.364324E+1
-1.303907E+1
-1.242902E+1
-1.191746E+1
-1.153379E+1
-1.128389E+1
-1.120745E+1
-1.133681E+1
-1.178222E+1
-1.271273E+1
-1.514852E+1
-2.088005E+1
-2.088005E+1
-2.088005E+1
-2.088005E+1
-2.088005E+1
-2.088005E+1
-2.088005E+1
-2.088005E+1
-2.088005E+1
-2.088005E+1
-2.088005E+1
-2.088005E+1
-2.088005E+1
-2.088005E+1
-2.088005E+1
-2.088005E+1
-2.088005E+1
-2.088005E+1
-2.088005E+1
-2.088005E+1
-2.088005E+1
-2.088005E+1
-2.088005E+1
-2.088005E+1
-2.088005E+1
-2.088005E+1
-2.088005E+1
-2.088005E+1
-2.088005E+1
-2.088005E+1
-2.088005E+1
-2.088005E+1
-2.088005E+1
-2.088005E+1
-2.088005E+1
-2.088005E+1
-2.088005E+1
-2.088005E+1
-2.088005E+1
-2.088005E+1
-2.088005E+1
-2.088005E+1
-2.088005E+1
-1.407101E+1
-1.221734E+1
-1.131035E+1
-1.079438E+1
-1.050185E+1
-1.037690E+1
-1.042982E+1
-1.067237E+1
-1.113248E+1
-1.195274E+1
-1.364324E+1
-2.088005E+1
-2.088005E+1
-2.088005E+1
-2.088005E+1
-2.088005E+1
-2.088005E+1
-2.088005E+1
-2.088005E+1
-2.088005E+1
-2.088005E+1
-2.088005E+1
-2.088005E+1
-2.088005E+1
-1.698896E+1
-1.380494E+1
-1.276271E+1
-1.225850E+1
-1.209974E+1
-1.225850E+1
-1.281563E+1
-1.426799E+1
-2.088005E+1
-2.088005E+1
-2.088005E+1
-2.088005E+1
-2.088005E+1
-2.088005E+1
-2.088005E+1
-2.088005E+1
-2.088005E+1
-2.088005E+1
-2.088005E+1
-2.088005E+1
-2.088005E+1
-2.088005E+1
-2.088005E+1
-2.088005E+1
-2.088005E+1
-2.088005E+1
-2.088005E+1
-2.088005E+1
-2.088005E+1
-2.088005E+1
-2.088005E+1
-2.088005E+1
-2.088005E+1
-1.587911E+1
-1.389020E+1
-1.292441E+1
-1.238492E+1
-1.202477E+1
-1.174841E+1
-1.153379E+1
-1.133681E+1
-1.123244E+1
-1.118099E+1
-1.125743E+1
-1.147499E+1
-1.184837E+1
-1.247312E+1
-1.364324E+1
-1.636421E+1
-2.088005E+1
-2.088005E+1
-2.088005E+1
-2.088005E+1
-2.088005E+1
-2.088005E+1
-2.088005E+1
-2.088005E+1
-2.088005E+1
-2.088005E+1
-2.088005E+1
-2.088005E+1
-2.088005E+1
-2.088005E+1
-2.088005E+1
-2.088005E+1
-2.088005E+1
-2.088005E+1
-2.088005E+1
-2.088005E+1
-1.738439E+1
-1.416803E+1
-1.271273E+1
-1.174841E+1
-1.103693E+1
-1.055624E+1
-1.021079E+1
-1.001381E+1
-9.913848E+0
-9.885918E+0
-9.941778E+0
-1.004321E+1
-1.021079E+1
-1.041218E+1
-1.067237E+1
-1.101341E+1
-1.147499E+1
-1.209974E+1
-1.292441E+1
-1.416803E+1
-1.610843E+1
-2.088005E+1
-2.088005E+1
-2.088005E+1
-2.088005E+1
-2.088005E+1
-2.088005E+1
-2.088005E+1
-2.088005E+1
-2.088005E+1
-2.088005E+1
-2.088005E+1
-2.088005E+1
-2.088005E+1
-2.088005E+1
-2.088005E+1
-2.088005E+1
-1.448555E+1
-1.276271E+1
-1.198802E+1
-1.159259E+1
-1.141913E+1
-1.150439E+1
-1.181456E+1
-1.242902E+1
-1.372262E+1
-1.849424E+1
-2.088005E+1
-2.088005E+1
-2.088005E+1
-2.088005E+1
-2.088005E+1
-2.088005E+1
-2.088005E+1
-2.088005E+1
-2.088005E+1
-2.088005E+1
-2.088005E+1
-2.088005E+1
-2.088005E+1
-2.088005E+1
-2.088005E+1
-2.088005E+1
-2.088005E+1
-2.088005E+1
-2.088005E+1
-2.088005E+1
-1.738439E+1
-1.548368E+1
-1.437383E+1
-1.342274E+1
-1.271273E+1
-1.198802E+1
-1.133681E+1
-1.077380E+1
-1.027694E+1
-9.872688E+0
-9.543408E+0
-9.289098E+0
-9.108288E+0
-8.996568E+0
-8.968638E+0
-9.023028E+0
-9.167088E+0
-9.396408E+0
-9.765378E+0
-1.032692E+1
-1.115747E+1
-1.256573E+1
-1.665380E+1
-2.088005E+1
-2.088005E+1
-2.088005E+1
-2.088005E+1
-2.088005E+1
-2.088005E+1
-2.088005E+1
-1.665380E+1
-1.372262E+1
-1.286855E+1
-1.271273E+1
-1.315961E+1
-1.460315E+1
-2.088005E+1
-2.088005E+1
-2.088005E+1
-2.088005E+1
-2.088005E+1
-2.088005E+1
-2.088005E+1
-2.088005E+1
-2.088005E+1
-2.088005E+1
-2.088005E+1
-2.088005E+1
-2.088005E+1
-2.088005E+1
-2.088005E+1
-2.088005E+1
-2.088005E+1
-2.088005E+1
-2.088005E+1
-2.088005E+1
-1.587911E+1
-1.303907E+1
-1.184837E+1
-1.110749E+1
-1.055624E+1
-1.016375E+1
-9.885918E+0
-9.702168E+0
-9.615438E+0
-9.615438E+0
-9.702168E+0
-9.885918E+0
-1.013288E+1
-1.042982E+1
-1.075322E+1
-1.101341E+1
-1.115747E+1
-1.118099E+1
-1.108397E+1
-1.096784E+1
-1.087964E+1
-1.092374E+1
-1.115747E+1
-1.174841E+1
-1.315961E+1
-2.088005E+1
-2.088005E+1
-2.088005E+1
-2.088005E+1
-2.088005E+1
-2.088005E+1
-2.088005E+1
-2.088005E+1
-2.088005E+1
-2.088005E+1
-2.088005E+1
-2.088005E+1
-2.088005E+1
-2.088005E+1
-2.088005E+1
-2.088005E+1
-2.088005E+1
-1.221734E+1
-1.061357E+1
-9.818298E+0
-9.362598E+0
-9.099468E+0
-8.968638E+0
-8.915718E+0
-8.933358E+0
-8.987748E+0
-9.070068E+0
-9.186198E+0
-9.330258E+0
-9.496368E+0
-9.727158E+0
-9.999108E+0
-1.032692E+1
-1.073264E+1
-1.118099E+1
-1.174841E+1
-1.238492E+1
-1.322135E+1
-1.437383E+1
-1.610843E+1
-2.088005E+1
-2.088005E+1
-2.088005E+1
-1.665380E+1
-1.407101E+1
-1.256573E+1
-1.156319E+1
-1.083554E+1
-1.034309E+1
-1.002851E+1
-9.857988E+0
-9.844758E+0
-9.984408E+0
-1.024313E+1
-1.067237E+1
-1.128389E+1
-1.213796E+1
-1.335365E+1
-1.587911E+1
-2.088005E+1
-2.088005E+1
-2.088005E+1
-2.088005E+1
-2.088005E+1
-2.088005E+1
-2.088005E+1
-2.088005E+1
-2.088005E+1
-2.088005E+1
-2.088005E+1
-2.088005E+1
-2.088005E+1
-1.587911E+1
-1.328750E+1
-1.229966E+1
-1.184837E+1
-1.171607E+1
-1.184837E+1
-1.234082E+1
-1.356680E+1
-1.937477E+1
-2.088005E+1
-2.088005E+1
-2.088005E+1
-2.088005E+1
-2.088005E+1
-2.088005E+1
-2.088005E+1
-2.088005E+1
-2.088005E+1
-2.088005E+1
-2.088005E+1
-2.088005E+1
-1.548368E+1
-1.276271E+1
-1.159259E+1
-1.079438E+1
-1.021079E+1
-9.738918E+0
-9.352308E+0
-9.023028E+0
-8.762838E+0
-8.559978E+0
-8.414448E+0
-8.333598E+0
-8.299788E+0
-8.318898E+0
-8.380638E+0
-8.493828E+0
-8.658468E+0
-8.862798E+0
-9.108288E+0
-9.396408E+0
-9.738918E+0
-1.010201E+1
-1.050185E+1
-1.087964E+1
-1.120745E+1
-1.144706E+1
-1.153379E+1
-1.150439E+1
-1.139120E+1
-1.123244E+1
-1.108397E+1
-1.096784E+1
-1.092374E+1
-1.096784E+1
-1.106045E+1
-1.120745E+1
-1.141913E+1
-1.162346E+1
-1.184837E+1
-1.198802E+1
-1.206152E+1
-1.206152E+1
-1.202477E+1
-1.198802E+1
-1.206152E+1
-1.225850E+1
-1.276271E+1
-1.380494E+1
-1.849424E+1
-2.088005E+1
-2.088005E+1
-2.088005E+1
-2.088005E+1
-2.088005E+1
-2.088005E+1
-2.088005E+1
-2.088005E+1
-2.088005E+1
-2.088005E+1
-2.088005E+1
-2.088005E+1
-2.088005E+1
-2.088005E+1
-2.088005E+1
-2.088005E+1
-2.088005E+1
-2.088005E+1
-2.088005E+1
-2.088005E+1
-2.088005E+1
-2.088005E+1
-2.088005E+1
-2.088005E+1
-2.088005E+1
-2.088005E+1
-2.088005E+1
-2.088005E+1
-2.088005E+1
-2.088005E+1
-2.088005E+1
-2.088005E+1
-2.088005E+1
-2.088005E+1
-2.088005E+1
-2.088005E+1
-2.088005E+1
-2.088005E+1
-2.088005E+1
-2.088005E+1
-2.088005E+1
-2.088005E+1
-2.088005E+1
-2.088005E+1
-2.088005E+1
-2.088005E+1
-2.088005E+1
-2.088005E+1
-2.088005E+1
-2.088005E+1
-2.088005E+1
-2.088005E+1
-2.088005E+1
-2.088005E+1
-2.088005E+1
-2.088005E+1
-2.088005E+1
-2.088005E+1
-2.088005E+1
-2.088005E+1
-2.088005E+1
-2.088005E+1
-2.088005E+1
-2.088005E+1
-2.088005E+1
-2.088005E+1
-2.088005E+1
-2.088005E+1
-2.088005E+1
-2.088005E+1
-2.088005E+1
-2.088005E+1
-2.088005E+1
-2.088005E+1
-2.088005E+1
-2.088005E+1
-2.088005E+1
-2.088005E+1
-2.088005E+1
-2.088005E+1
-2.088005E+1
-2.088005E+1
-2.088005E+1
-2.088005E+1
-2.088005E+1
-2.088005E+1
-2.088005E+1
-2.088005E+1
-2.088005E+1
-1.849424E+1
-2.088005E+1
-2.088005E+1
-2.088005E+1
-2.088005E+1
-2.088005E+1
-2.088005E+1
-2.088005E+1
-2.088005E+1
-2.088005E+1
-2.088005E+1
-2.088005E+1
-2.088005E+1
-2.088005E+1
-1.485893E+1
-1.322135E+1
-1.229966E+1
-1.165433E+1
-1.118099E+1
-1.081496E+1
-1.048274E+1
-1.021079E+1
-9.984408E+0
-9.805068E+0
-9.675708E+0
-9.602208E+0
-9.566928E+0
-9.602208E+0
-9.675708E+0
-9.805068E+0
-9.955008E+0
-1.011818E+1
-1.029311E+1
-1.044746E+1
-1.053860E+1
-1.057535E+1
-1.057535E+1
-1.053860E+1
-1.051949E+1
-1.051949E+1
-1.057535E+1
-1.075322E+1
-1.106045E+1
-1.159259E+1
-1.247312E+1
-1.416803E+1
-2.088005E+1
-2.088005E+1
-2.088005E+1
-2.088005E+1
-2.088005E+1
-2.088005E+1
-2.088005E+1
-2.088005E+1
-2.088005E+1
-2.088005E+1
-1.849424E+1
-1.610843E+1
-1.587911E+1
-1.636421E+1
-1.937477E+1
-2.088005E+1
-2.088005E+1
-2.088005E+1
-2.088005E+1
-2.088005E+1
-2.088005E+1
-2.088005E+1
-2.088005E+1
-2.088005E+1
-2.088005E+1
-2.088005E+1
-2.088005E+1
-2.088005E+1
-2.088005E+1
-2.088005E+1
-2.088005E+1
-2.088005E+1
-2.088005E+1
-2.088005E+1
-2.088005E+1
-2.088005E+1
-2.088005E+1
-2.088005E+1
-2.088005E+1
-1.849424E+1
-1.567331E+1
-1.485893E+1
-1.472663E+1
-1.499858E+1
-1.548368E+1
-1.587911E+1
-1.587911E+1
-1.531022E+1
-1.437383E+1
-1.335365E+1
-1.251869E+1
-1.191746E+1
-1.150439E+1
-1.123244E+1
-1.110749E+1
-1.108397E+1
-1.113248E+1
-1.123244E+1
-1.131035E+1
-1.131035E+1
-1.118099E+1
-1.096784E+1
-1.067237E+1
-1.041218E+1
-1.017992E+1
-1.002851E+1
-9.941778E+0
-9.955008E+0
-1.007261E+1
-1.030928E+1
-1.063268E+1
-1.103693E+1
-1.150439E+1
-1.195274E+1
-1.229966E+1
-1.234082E+1
-1.209974E+1
-1.171607E+1
-1.131035E+1
-1.094579E+1
-1.065326E+1
-1.046510E+1
-1.039454E+1
-1.044746E+1
-1.061357E+1
-1.092374E+1
-1.136327E+1
-1.209974E+1
-1.322135E+1
-1.548368E+1
-2.088005E+1
-2.088005E+1
-2.088005E+1
-2.088005E+1
-2.088005E+1
-2.088005E+1
-2.088005E+1
-1.698896E+1
-1.472663E+1
-1.380494E+1
-1.349330E+1
-1.349330E+1
-1.364324E+1
-1.416803E+1
-1.514852E+1
-1.698896E+1
-2.088005E+1
-2.088005E+1
-2.088005E+1
-2.088005E+1
-2.088005E+1
-2.088005E+1
-2.088005E+1
-2.088005E+1
-2.088005E+1
-2.088005E+1
-2.088005E+1
-2.088005E+1
-2.088005E+1
-2.088005E+1
-2.088005E+1
-2.088005E+1
-2.088005E+1
-2.088005E+1
-2.088005E+1
-2.088005E+1
-2.088005E+1
-2.088005E+1
-2.088005E+1
-2.088005E+1
-2.088005E+1
-2.088005E+1
-1.636421E+1
-1.448555E+1
-1.372262E+1
-1.335365E+1
-1.328750E+1
-1.364324E+1
-1.448555E+1
-1.786949E+1
-2.088005E+1
-2.088005E+1
-2.088005E+1
-2.088005E+1
-2.088005E+1
-2.088005E+1
-2.088005E+1
-2.088005E+1
-2.088005E+1
-2.088005E+1
-2.088005E+1
-2.088005E+1
-2.088005E+1
-2.088005E+1
-2.088005E+1
-2.088005E+1
-2.088005E+1
-2.088005E+1
-2.088005E+1
-2.088005E+1
-2.088005E+1
-2.088005E+1
-2.088005E+1
-2.088005E+1
-2.088005E+1
-2.088005E+1
-2.088005E+1
-2.088005E+1
-2.088005E+1
-2.088005E+1
-2.088005E+1
-2.088005E+1
-2.088005E+1
-2.088005E+1
-2.088005E+1
-2.088005E+1
-2.088005E+1
-2.088005E+1
-2.088005E+1
-1.514852E+1
-1.335365E+1
-1.266275E+1
-1.242902E+1
-1.256573E+1
-1.298027E+1
-1.380494E+1
-1.548368E+1
-2.088005E+1
-2.088005E+1
-2.088005E+1
-2.088005E+1
-2.088005E+1
-2.088005E+1
-2.088005E+1
-2.088005E+1
-2.088005E+1
-2.088005E+1
-2.088005E+1
-2.088005E+1
-2.088005E+1
-2.088005E+1
-2.088005E+1
-2.088005E+1
-2.088005E+1
-2.088005E+1
-2.088005E+1
-2.088005E+1
-2.088005E+1
-2.088005E+1
-2.088005E+1
-1.328750E+1
-1.188218E+1
-1.125743E+1
-1.098989E+1
-1.098989E+1
-1.128389E+1
-1.198802E+1
-1.364324E+1
-2.088005E+1
-2.088005E+1
-2.088005E+1
-2.088005E+1
-2.088005E+1
-2.088005E+1
-2.088005E+1
-2.088005E+1
-2.088005E+1
-2.088005E+1
-2.088005E+1
-2.088005E+1
-2.088005E+1
-2.088005E+1
-2.088005E+1
-2.088005E+1
-2.088005E+1
-1.472663E+1
-1.286855E+1
-1.202477E+1
-1.150439E+1
-1.113248E+1
-1.087964E+1
-1.073264E+1
-1.069148E+1
-1.075322E+1
-1.096784E+1
-1.136327E+1
-1.202477E+1
-1.298027E+1
-1.426799E+1
-1.610843E+1
-1.698896E+1
-1.514852E+1
-1.328750E+1
-1.198802E+1
-1.106045E+1
-1.041218E+1
-9.955008E+0
-9.638958E+0
-9.474318E+0
-9.418458E+0
-9.450798E+0
-9.590448E+0
-9.805068E+0
-1.010201E+1
-1.046510E+1
-1.092374E+1
-1.141913E+1
-1.191746E+1
-1.242902E+1
-1.281563E+1
-1.292441E+1
-1.276271E+1
-1.234082E+1
-1.184837E+1
-1.133681E+1
-1.083554E+1
-1.041218E+1
-1.004321E+1
-9.752148E+0
-9.508128E+0
-9.330258E+0
-9.196488E+0
-9.108288E+0
-9.061248E+0
-9.042138E+0
-9.070068E+0
-9.137688E+0
-9.237648E+0
-9.374358E+0
-9.555168E+0
-9.765378E+0
-9.984408E+0
-1.021079E+1
-1.039454E+1
-1.050185E+1
-1.053860E+1
-1.050185E+1
-1.041218E+1
-1.029311E+1
-1.021079E+1
-1.017992E+1
-1.021079E+1
-1.034309E+1
-1.057535E+1
-1.090169E+1
-1.133681E+1
-1.188218E+1
-1.242902E+1
-1.292441E+1
-1.315961E+1
-1.298027E+1
-1.251869E+1
-1.184837E+1
-1.115747E+1
-1.051949E+1
-9.969708E+0
-9.484608E+0
-9.099468E+0
-8.787828E+0
-8.574678E+0
-8.449728E+0
-8.414448E+0
-8.486478E+0
-8.667288E+0
-8.968638E+0
-9.418458E+0
-1.002851E+1
-1.087964E+1
-1.213796E+1
-1.437383E+1
-2.088005E+1
-2.088005E+1
-2.088005E+1
-2.088005E+1
-1.698896E+1
-1.328750E+1
-1.178222E+1
-1.085759E+1
-1.021079E+1
-9.752148E+0
-9.450798E+0
-9.268518E+0
-9.186198E+0
-9.196488E+0
-9.278808E+0
-9.428748E+0
-9.615438E+0
-9.831528E+0
-1.005791E+1
-1.029311E+1
-1.053860E+1
-1.077380E+1
-1.106045E+1
-1.139120E+1
-1.181456E+1
-1.229966E+1
-1.292441E+1
-1.380494E+1
-1.499858E+1
-1.786949E+1
-2.088005E+1
-2.088005E+1
-2.088005E+1
-2.088005E+1
-2.088005E+1
-2.088005E+1
-2.088005E+1
-2.088005E+1
-2.088005E+1
-2.088005E+1
-2.088005E+1
-2.088005E+1
-2.088005E+1
-2.088005E+1
-2.088005E+1
-2.088005E+1
-2.088005E+1
-2.088005E+1
-1.514852E+1
-1.342274E+1
-1.322135E+1
-1.407101E+1
-2.088005E+1
-2.088005E+1
-2.088005E+1
-2.088005E+1
-2.088005E+1
-2.088005E+1
-2.088005E+1
-2.088005E+1
-2.088005E+1
-2.088005E+1
-2.088005E+1
-2.088005E+1
-2.088005E+1
-2.088005E+1
-2.088005E+1
-2.088005E+1
-2.088005E+1
-2.088005E+1
-2.088005E+1
-2.088005E+1
-2.088005E+1
-2.088005E+1
-2.088005E+1
-2.088005E+1
-2.088005E+1
-2.088005E+1
-2.088005E+1
-1.636421E+1
-1.309787E+1
-1.181456E+1
-1.098989E+1
-1.039454E+1
-9.955008E+0
-9.590448E+0
-9.299388E+0
-9.042138E+0
-8.837808E+0
-8.674638E+0
-8.552628E+0
-8.479128E+0
-8.457078E+0
-8.486478E+0
-8.559978E+0
-8.674638E+0
-8.821638E+0
-8.987748E+0
-9.137688E+0
-9.268518E+0
-9.362598E+0
-9.396408E+0
-9.384648E+0
-9.330258E+0
-9.278808E+0
-9.247938E+0
-9.268518E+0
-9.362598E+0
-9.555168E+0
-9.857988E+0
-1.032692E+1
-1.098989E+1
-1.195274E+1
-1.342274E+1
-1.698896E+1
-2.088005E+1
-2.088005E+1
-2.088005E+1
-2.088005E+1
-2.088005E+1
-2.088005E+1
-2.088005E+1
-2.088005E+1
-2.088005E+1
-2.088005E+1
-2.088005E+1
-2.088005E+1
-2.088005E+1
-2.088005E+1
-2.088005E+1
-2.088005E+1
-2.088005E+1
-2.088005E+1
-2.088005E+1
-2.088005E+1
-2.088005E+1
-2.088005E+1
-2.088005E+1
-2.088005E+1
-2.088005E+1
-2.088005E+1
-2.088005E+1
-2.088005E+1
-2.088005E+1
-2.088005E+1
-1.567331E+1
-1.303907E+1
-1.209974E+1
-1.162346E+1
-1.144706E+1
-1.147499E+1
-1.174841E+1
-1.234082E+1
-1.349330E+1
-1.786949E+1
-2.088005E+1
-2.088005E+1
-2.088005E+1
-2.088005E+1
-2.088005E+1
-2.088005E+1
-2.088005E+1
-2.088005E+1
-2.088005E+1
-1.356680E+1
-1.110749E+1
-9.969708E+0
-9.268518E+0
-8.812818E+0
-8.523228E+0
-8.367408E+0
-8.326248E+0
-8.387988E+0
-8.545278E+0
-8.779008E+0
-9.099468E+0
-9.496368E+0
-9.955008E+0
-1.042982E+1
-1.083554E+1
-1.115747E+1
-1.128389E+1
-1.120745E+1
-1.101341E+1
-1.079438E+1
-1.059446E+1
-1.050185E+1
-1.053860E+1
-1.069148E+1
-1.106045E+1
-1.168520E+1
-1.286855E+1
-1.587911E+1
-2.088005E+1
-2.088005E+1
-2.088005E+1
-2.088005E+1
-2.088005E+1
-2.088005E+1
-2.088005E+1
-2.088005E+1
-2.088005E+1
-2.088005E+1
-2.088005E+1
-2.088005E+1
-2.088005E+1
-2.088005E+1
-2.088005E+1
-2.088005E+1
-2.088005E+1
-2.088005E+1
-2.088005E+1
-2.088005E+1
-1.786949E+1
-1.636421E+1
-1.849424E+1
-2.088005E+1
-2.088005E+1
-2.088005E+1
-2.088005E+1
-2.088005E+1
-2.088005E+1
-2.088005E+1
-2.088005E+1
-2.088005E+1
-2.088005E+1
-2.088005E+1
-2.088005E+1
-2.088005E+1
-2.088005E+1
-2.088005E+1
