Date/Time	2022-06-15 12:26:23
Line location	3
Line name	C1
OTDR wavelength [nm]	1625
OTDR pulse duration [ns]	2
OTDR scan time [s]	10
OTDR scan length [m]	1.500000E+2
Length offset [m]	0.000000E+0
Length increment [m]	3.996806E-2
Switch ID	VIAVI Solutions,OTU 8000E,11654,FO,16.76
OTDR ID	JDSU,OTU 8000E,11654,OTU(SmartOTU),V7.22

Reflected amplitude [dB]
1.389922E+0
1.307602E+0
1.222342E+0
1.148842E+0
1.090042E+0
1.044472E+0
1.035652E+0
1.094452E+0
1.229692E+0
1.435492E+0
1.694212E+0
1.969102E+0
2.211652E+0
2.396872E+0
2.532112E+0
2.629132E+0
2.696752E+0
2.733502E+0
2.736442E+0
2.696752E+0
2.610022E+0
2.493892E+0
2.358652E+0
2.186662E+0
1.979392E+0
1.754482E+0
1.529572E+0
1.310542E+0
1.104742E+0
9.165820E-1
7.475320E-1
5.946520E-1
4.667620E-1
3.609220E-1
2.727220E-1
2.006920E-1
1.404220E-1
8.897200E-2
4.487200E-2
8.122000E-3
-2.274800E-2
-4.773800E-2
-6.831800E-2
-8.448800E-2
-9.624800E-2
-1.050680E-1
-1.124180E-1
-1.182980E-1
-1.227080E-1
-1.271180E-1
-1.315280E-1
-1.388780E-1
-1.462280E-1
-1.579880E-1
-1.712180E-1
-1.873880E-1
-2.064980E-1
-2.300180E-1
-2.550080E-1
-2.844080E-1
-3.138080E-1
-3.432080E-1
-3.726080E-1
-3.990680E-1
-4.211180E-1
-4.372880E-1
-4.461080E-1
-4.490480E-1
-4.431680E-1
-4.314080E-1
-4.122980E-1
-3.902480E-1
-3.637880E-1
-3.358580E-1
-3.064580E-1
-2.770580E-1
-2.505980E-1
-2.256080E-1
-2.064980E-1
-1.903280E-1
-1.815080E-1
-1.785680E-1
-1.815080E-1
-1.903280E-1
-2.050280E-1
-2.226680E-1
-2.432480E-1
-2.652980E-1
-2.873480E-1
-3.093980E-1
-3.285080E-1
-3.461480E-1
-3.623180E-1
-3.770180E-1
-3.931880E-1
-4.078880E-1
-4.225880E-1
-4.387580E-1
-4.549280E-1
-4.710980E-1
-4.872680E-1
-5.019680E-1
-5.166680E-1
-5.313680E-1
-5.460680E-1
-5.578280E-1
-5.710580E-1
-5.842880E-1
-5.960480E-1
-6.078080E-1
-6.195680E-1
-6.298580E-1
-6.386780E-1
-6.474980E-1
-6.548480E-1
-6.607280E-1
-6.666080E-1
-6.710180E-1
-6.739580E-1
-6.754280E-1
-6.754280E-1
-6.754280E-1
-6.724880E-1
-6.695480E-1
-6.666080E-1
-6.636680E-1
-6.621980E-1
-6.607280E-1
-6.607280E-1
-6.621980E-1
-6.636680E-1
-6.651380E-1
-6.666080E-1
-6.651380E-1
-6.621980E-1
-6.592580E-1
-6.548480E-1
-6.519080E-1
-6.474980E-1
-6.445580E-1
-6.401480E-1
-6.357380E-1
-6.298580E-1
-6.180980E-1
-6.048680E-1
-5.872280E-1
-5.666480E-1
-5.328380E-1
-4.755080E-1
-4.049480E-1
-3.270380E-1
-2.241380E-1
-9.330800E-2
3.458200E-2
1.404220E-1
2.198020E-1
2.800720E-1
3.197620E-1
3.476920E-1
3.623920E-1
3.579820E-1
3.300520E-1
2.815420E-1
2.242120E-1
1.624720E-1
1.007320E-1
3.752200E-2
-2.274800E-2
-8.301800E-2
-1.388780E-1
-1.903280E-1
-2.403080E-1
-2.858780E-1
-3.270380E-1
-3.637880E-1
-3.946580E-1
-4.211180E-1
-4.416980E-1
-4.593380E-1
-4.725680E-1
-4.843280E-1
-4.931480E-1
-5.004980E-1
-5.063780E-1
-5.107880E-1
-5.151980E-1
-5.166680E-1
-5.181380E-1
-5.196080E-1
-5.181380E-1
-5.181380E-1
-5.166680E-1
-5.151980E-1
-5.122580E-1
-5.107880E-1
-5.078480E-1
-5.063780E-1
-5.034380E-1
-5.004980E-1
-4.960880E-1
-4.931480E-1
-4.887380E-1
-4.828580E-1
-4.769780E-1
-4.710980E-1
-4.652180E-1
-4.608080E-1
-4.578680E-1
-4.563980E-1
-4.578680E-1
-4.593380E-1
-4.622780E-1
-4.666880E-1
-4.681580E-1
-4.681580E-1
-4.666880E-1
-4.622780E-1
-4.549280E-1
-4.461080E-1
-4.358180E-1
-4.255280E-1
-4.152380E-1
-4.064180E-1
-3.975980E-1
-3.902480E-1
-3.843680E-1
-3.770180E-1
-3.726080E-1
-3.711380E-1
-3.696680E-1
-3.711380E-1
-3.770180E-1
-3.873080E-1
-4.005380E-1
-4.167080E-1
-4.358180E-1
-4.563980E-1
-4.784480E-1
-4.990280E-1
-5.181380E-1
-5.328380E-1
-5.431280E-1
-5.490080E-1
-5.519480E-1
-5.490080E-1
-5.460680E-1
-5.401880E-1
-5.357780E-1
-5.328380E-1
-5.313680E-1
-5.313680E-1
-5.343080E-1
-5.372480E-1
-5.431280E-1
-5.490080E-1
-5.548880E-1
-5.607680E-1
-5.651780E-1
-5.681180E-1
-5.695880E-1
-5.695880E-1
-5.666480E-1
-5.607680E-1
-5.548880E-1
-5.460680E-1
-5.372480E-1
-5.269580E-1
-5.196080E-1
-5.122580E-1
-5.063780E-1
-5.019680E-1
-5.004980E-1
-4.990280E-1
-4.990280E-1
-4.975580E-1
-4.975580E-1
-4.975580E-1
-4.960880E-1
-4.946180E-1
-4.931480E-1
-4.902080E-1
-4.872680E-1
-4.828580E-1
-4.799180E-1
-4.755080E-1
-4.725680E-1
-4.710980E-1
-4.725680E-1
-4.755080E-1
-4.813880E-1
-4.902080E-1
-5.019680E-1
-5.137280E-1
-5.269580E-1
-5.401880E-1
-5.534180E-1
-5.651780E-1
-5.754680E-1
-5.842880E-1
-5.916380E-1
-5.975180E-1
-6.004580E-1
-6.019280E-1
-6.019280E-1
-6.004580E-1
-5.975180E-1
-5.916380E-1
-5.857580E-1
-5.784080E-1
-5.695880E-1
-5.607680E-1
-5.534180E-1
-5.460680E-1
-5.401880E-1
-5.357780E-1
-5.343080E-1
-5.343080E-1
-5.357780E-1
-5.387180E-1
-5.401880E-1
-5.401880E-1
-5.401880E-1
-5.357780E-1
-5.313680E-1
-5.240180E-1
-5.166680E-1
-5.078480E-1
-5.019680E-1
-4.960880E-1
-4.916780E-1
-4.887380E-1
-4.887380E-1
-4.916780E-1
-4.931480E-1
-4.975580E-1
-5.019680E-1
-5.063780E-1
-5.078480E-1
-5.093180E-1
-5.093180E-1
-5.063780E-1
-5.019680E-1
-4.960880E-1
-4.887380E-1
-4.813880E-1
-4.725680E-1
-4.652180E-1
-4.593380E-1
-4.549280E-1
-4.519880E-1
-4.519880E-1
-4.549280E-1
-4.578680E-1
-4.637480E-1
-4.696280E-1
-4.755080E-1
-4.828580E-1
-4.887380E-1
-4.931480E-1
-4.975580E-1
-5.004980E-1
-5.049080E-1
-5.078480E-1
-5.137280E-1
-5.181380E-1
-5.254880E-1
-5.328380E-1
-5.416580E-1
-5.490080E-1
-5.578280E-1
-5.637080E-1
-5.666480E-1
-5.666480E-1
-5.651780E-1
-5.592980E-1
-5.519480E-1
-5.445980E-1
-5.372480E-1
-5.298980E-1
-5.269580E-1
-5.254880E-1
-5.269580E-1
-5.313680E-1
-5.372480E-1
-5.416580E-1
-5.460680E-1
-5.475380E-1
-5.475380E-1
-5.416580E-1
-5.343080E-1
-5.254880E-1
-5.137280E-1
-5.034380E-1
-4.916780E-1
-4.813880E-1
-4.725680E-1
-4.652180E-1
-4.593380E-1
-4.563980E-1
-4.563980E-1
-4.578680E-1
-4.608080E-1
-4.666880E-1
-4.725680E-1
-4.784480E-1
-4.813880E-1
-4.843280E-1
-4.828580E-1
-4.784480E-1
-4.696280E-1
-4.578680E-1
-4.446380E-1
-4.284680E-1
-4.152380E-1
-4.020080E-1
-3.917180E-1
-3.858380E-1
-3.814280E-1
-3.799580E-1
-3.784880E-1
-3.784880E-1
-3.770180E-1
-3.755480E-1
-3.740780E-1
-3.726080E-1
-3.711380E-1
-3.726080E-1
-3.770180E-1
-3.843680E-1
-3.946580E-1
-4.078880E-1
-4.240580E-1
-4.387580E-1
-4.534580E-1
-4.652180E-1
-4.740380E-1
-4.799180E-1
-4.813880E-1
-4.799180E-1
-4.784480E-1
-4.755080E-1
-4.755080E-1
-4.769780E-1
-4.799180E-1
-4.857980E-1
-4.931480E-1
-5.019680E-1
-5.093180E-1
-5.151980E-1
-5.210780E-1
-5.225480E-1
-5.240180E-1
-5.240180E-1
-5.225480E-1
-5.210780E-1
-5.196080E-1
-5.210780E-1
-5.225480E-1
-5.269580E-1
-5.313680E-1
-5.372480E-1
-5.445980E-1
-5.519480E-1
-5.592980E-1
-5.666480E-1
-5.725280E-1
-5.769380E-1
-5.813480E-1
-5.842880E-1
-5.857580E-1
-5.842880E-1
-5.813480E-1
-5.739980E-1
-5.651780E-1
-5.519480E-1
-5.372480E-1
-5.210780E-1
-5.034380E-1
-4.872680E-1
-4.725680E-1
-4.622780E-1
-4.563980E-1
-4.534580E-1
-4.549280E-1
-4.608080E-1
-4.696280E-1
-4.784480E-1
-4.902080E-1
-5.004980E-1
-5.093180E-1
-5.166680E-1
-5.225480E-1
-5.254880E-1
-5.254880E-1
-5.254880E-1
-5.225480E-1
-5.196080E-1
-5.166680E-1
-5.137280E-1
-5.122580E-1
-5.107880E-1
-5.093180E-1
-5.093180E-1
-5.107880E-1
-5.122580E-1
-5.137280E-1
-5.151980E-1
-5.181380E-1
-5.210780E-1
-5.240180E-1
-5.284280E-1
-5.313680E-1
-5.357780E-1
-5.401880E-1
-5.445980E-1
-5.475380E-1
-5.504780E-1
-5.519480E-1
-5.519480E-1
-5.519480E-1
-5.504780E-1
-5.475380E-1
-5.445980E-1
-5.401880E-1
-5.357780E-1
-5.313680E-1
-5.269580E-1
-5.225480E-1
-5.196080E-1
-5.181380E-1
-5.166680E-1
-5.181380E-1
-5.196080E-1
-5.225480E-1
-5.269580E-1
-5.313680E-1
-5.372480E-1
-5.431280E-1
-5.490080E-1
-5.548880E-1
-5.592980E-1
-5.622380E-1
-5.637080E-1
-5.637080E-1
-5.607680E-1
-5.592980E-1
-5.563580E-1
-5.548880E-1
-5.534180E-1
-5.548880E-1
-5.578280E-1
-5.592980E-1
-5.637080E-1
-5.666480E-1
-5.681180E-1
-5.710580E-1
-5.739980E-1
-5.769380E-1
-5.813480E-1
-5.857580E-1
-5.901680E-1
-5.931080E-1
-5.945780E-1
-5.960480E-1
-5.945780E-1
-5.916380E-1
-5.886980E-1
-5.857580E-1
-5.828180E-1
-5.813480E-1
-5.813480E-1
-5.828180E-1
-5.842880E-1
-5.857580E-1
-5.872280E-1
-5.886980E-1
-5.886980E-1
-5.901680E-1
-5.901680E-1
-5.916380E-1
-5.945780E-1
-5.960480E-1
-5.989880E-1
-6.004580E-1
-6.004580E-1
-5.975180E-1
-5.916380E-1
-5.828180E-1
-5.695880E-1
-5.563580E-1
-5.416580E-1
-5.284280E-1
-5.166680E-1
-5.093180E-1
-5.049080E-1
-5.034380E-1
-5.049080E-1
-5.078480E-1
-5.137280E-1
-5.210780E-1
-5.284280E-1
-5.357780E-1
-5.445980E-1
-5.519480E-1
-5.578280E-1
-5.622380E-1
-5.637080E-1
-5.622380E-1
-5.592980E-1
-5.519480E-1
-5.445980E-1
-5.372480E-1
-5.313680E-1
-5.284280E-1
-5.254880E-1
-5.269580E-1
-5.284280E-1
-5.313680E-1
-5.357780E-1
-5.387180E-1
-5.401880E-1
-5.401880E-1
-5.387180E-1
-5.357780E-1
-5.298980E-1
-5.225480E-1
-5.166680E-1
-5.093180E-1
-5.019680E-1
-4.975580E-1
-4.946180E-1
-4.946180E-1
-4.960880E-1
-5.019680E-1
-5.078480E-1
-5.166680E-1
-5.240180E-1
-5.313680E-1
-5.343080E-1
-5.357780E-1
-5.343080E-1
-5.298980E-1
-5.240180E-1
-5.196080E-1
-5.137280E-1
-5.107880E-1
-5.078480E-1
-5.063780E-1
-5.049080E-1
-5.049080E-1
-5.034380E-1
-5.019680E-1
-5.004980E-1
-5.004980E-1
-5.004980E-1
-5.034380E-1
-5.078480E-1
-5.137280E-1
-5.196080E-1
-5.269580E-1
-5.328380E-1
-5.357780E-1
-5.387180E-1
-5.387180E-1
-5.372480E-1
-5.328380E-1
-5.298980E-1
-5.254880E-1
-5.240180E-1
-5.240180E-1
-5.269580E-1
-5.328380E-1
-5.431280E-1
-5.548880E-1
-5.695880E-1
-5.857580E-1
-6.004580E-1
-6.136880E-1
-6.254480E-1
-6.313280E-1
-6.342680E-1
-6.327980E-1
-6.283880E-1
-6.210380E-1
-6.107480E-1
-6.004580E-1
-5.901680E-1
-5.784080E-1
-5.695880E-1
-5.607680E-1
-5.548880E-1
-5.490080E-1
-5.460680E-1
-5.445980E-1
-5.445980E-1
-5.445980E-1
-5.445980E-1
-5.445980E-1
-5.431280E-1
-5.401880E-1
-5.343080E-1
-5.284280E-1
-5.210780E-1
-5.137280E-1
-5.078480E-1
-5.034380E-1
-5.019680E-1
-5.034380E-1
-5.078480E-1
-5.151980E-1
-5.240180E-1
-5.328380E-1
-5.431280E-1
-5.519480E-1
-5.592980E-1
-5.666480E-1
-5.695880E-1
-5.695880E-1
-5.681180E-1
-5.637080E-1
-5.578280E-1
-5.519480E-1
-5.445980E-1
-5.387180E-1
-5.343080E-1
-5.313680E-1
-5.313680E-1
-5.313680E-1
-5.328380E-1
-5.343080E-1
-5.343080E-1
-5.313680E-1
-5.269580E-1
-5.196080E-1
-5.093180E-1
-4.975580E-1
-4.843280E-1
-4.740380E-1
-4.652180E-1
-4.593380E-1
-4.578680E-1
-4.608080E-1
-4.666880E-1
-4.755080E-1
-4.857980E-1
-4.975580E-1
-5.093180E-1
-5.210780E-1
-5.313680E-1
-5.401880E-1
-5.475380E-1
-5.534180E-1
-5.578280E-1
-5.607680E-1
-5.607680E-1
-5.592980E-1
-5.563580E-1
-5.534180E-1
-5.490080E-1
-5.445980E-1
-5.431280E-1
-5.416580E-1
-5.431280E-1
-5.475380E-1
-5.534180E-1
-5.592980E-1
-5.681180E-1
-5.754680E-1
-5.813480E-1
-5.842880E-1
-5.842880E-1
-5.828180E-1
-5.784080E-1
-5.710580E-1
-5.622380E-1
-5.534180E-1
-5.431280E-1
-5.343080E-1
-5.254880E-1
-5.196080E-1
-5.137280E-1
-5.093180E-1
-5.049080E-1
-5.019680E-1
-5.004980E-1
-4.990280E-1
-4.975580E-1
-4.960880E-1
-4.975580E-1
-4.990280E-1
-5.004980E-1
-5.049080E-1
-5.093180E-1
-5.166680E-1
-5.240180E-1
-5.343080E-1
-5.445980E-1
-5.578280E-1
-5.695880E-1
-5.813480E-1
-5.931080E-1
-6.019280E-1
-6.092780E-1
-6.136880E-1
-6.151580E-1
-6.136880E-1
-6.092780E-1
-6.019280E-1
-5.945780E-1
-5.872280E-1
-5.784080E-1
-5.710580E-1
-5.666480E-1
-5.622380E-1
-5.592980E-1
-5.578280E-1
-5.578280E-1
-5.578280E-1
-5.578280E-1
-5.563580E-1
-5.548880E-1
-5.504780E-1
-5.445980E-1
-5.387180E-1
-5.313680E-1
-5.240180E-1
-5.166680E-1
-5.107880E-1
-5.063780E-1
-5.034380E-1
-5.019680E-1
-5.019680E-1
-5.049080E-1
-5.078480E-1
-5.122580E-1
-5.181380E-1
-5.225480E-1
-5.284280E-1
-5.328380E-1
-5.372480E-1
-5.416580E-1
-5.460680E-1
-5.490080E-1
-5.534180E-1
-5.578280E-1
-5.622380E-1
-5.681180E-1
-5.739980E-1
-5.813480E-1
-5.886980E-1
-5.960480E-1
-6.048680E-1
-6.136880E-1
-6.225080E-1
-6.283880E-1
-6.327980E-1
-6.357380E-1
-6.357380E-1
-6.327980E-1
-6.269180E-1
-6.195680E-1
-6.136880E-1
-6.063380E-1
-5.989880E-1
-5.945780E-1
-5.901680E-1
-5.886980E-1
-5.872280E-1
-5.872280E-1
-5.872280E-1
-5.872280E-1
-5.872280E-1
-5.857580E-1
-5.842880E-1
-5.828180E-1
-5.813480E-1
-5.784080E-1
-5.784080E-1
-5.784080E-1
-5.784080E-1
-5.798780E-1
-5.798780E-1
-5.813480E-1
-5.798780E-1
-5.784080E-1
-5.739980E-1
-5.681180E-1
-5.622380E-1
-5.548880E-1
-5.490080E-1
-5.445980E-1
-5.416580E-1
-5.416580E-1
-5.416580E-1
-5.445980E-1
-5.460680E-1
-5.460680E-1
-5.460680E-1
-5.445980E-1
-5.416580E-1
-5.357780E-1
-5.313680E-1
-5.240180E-1
-5.181380E-1
-5.122580E-1
-5.093180E-1
-5.078480E-1
-5.078480E-1
-5.122580E-1
-5.181380E-1
-5.269580E-1
-5.372480E-1
-5.490080E-1
-5.592980E-1
-5.681180E-1
-5.754680E-1
-5.798780E-1
-5.813480E-1
-5.813480E-1
-5.769380E-1
-5.710580E-1
-5.651780E-1
-5.578280E-1
-5.504780E-1
-5.460680E-1
-5.416580E-1
-5.387180E-1
-5.372480E-1
-5.372480E-1
-5.372480E-1
-5.357780E-1
-5.357780E-1
-5.328380E-1
-5.298980E-1
-5.269580E-1
-5.254880E-1
-5.240180E-1
-5.240180E-1
-5.254880E-1
-5.284280E-1
-5.328380E-1
-5.357780E-1
-5.387180E-1
-5.401880E-1
-5.387180E-1
-5.372480E-1
-5.328380E-1
-5.284280E-1
-5.240180E-1
-5.196080E-1
-5.151980E-1
-5.122580E-1
-5.107880E-1
-5.093180E-1
-5.107880E-1
-5.137280E-1
-5.181380E-1
-5.225480E-1
-5.284280E-1
-5.343080E-1
-5.416580E-1
-5.490080E-1
-5.563580E-1
-5.651780E-1
-5.725280E-1
-5.813480E-1
-5.872280E-1
-5.931080E-1
-5.975180E-1
-5.989880E-1
-5.989880E-1
-5.975180E-1
-5.945780E-1
-5.901680E-1
-5.842880E-1
-5.769380E-1
-5.695880E-1
-5.592980E-1
-5.490080E-1
-5.387180E-1
-5.269580E-1
-5.166680E-1
-5.063780E-1
-4.975580E-1
-4.902080E-1
-4.843280E-1
-4.799180E-1
-4.784480E-1
-4.784480E-1
-4.813880E-1
-4.857980E-1
-4.931480E-1
-5.004980E-1
-5.107880E-1
-5.225480E-1
-5.357780E-1
-5.475380E-1
-5.592980E-1
-5.681180E-1
-5.754680E-1
-5.813480E-1
-5.828180E-1
-5.813480E-1
-5.784080E-1
-5.725280E-1
-5.651780E-1
-5.578280E-1
-5.475380E-1
-5.387180E-1
-5.298980E-1
-5.225480E-1
-5.166680E-1
-5.107880E-1
-5.078480E-1
-5.049080E-1
-5.034380E-1
-5.004980E-1
-4.975580E-1
-4.931480E-1
-4.843280E-1
-4.710980E-1
-4.563980E-1
-4.387580E-1
-4.181780E-1
-3.990680E-1
-3.799580E-1
-3.652580E-1
-3.564380E-1
-3.534980E-1
-3.564380E-1
-3.696680E-1
-3.902480E-1
-4.152380E-1
-4.490480E-1
-4.931480E-1
-5.519480E-1
-6.225080E-1
-6.989480E-1
-7.753880E-1
-8.503580E-1
-9.238580E-1
-9.988280E-1
-1.072328E+0
-1.144358E+0
-1.213448E+0
-1.279598E+0
-1.341338E+0
-1.398668E+0
-1.453058E+0
-1.501568E+0
-1.544198E+0
-1.583888E+0
-1.616228E+0
-1.645628E+0
-1.670618E+0
-1.691198E+0
-1.707368E+0
-1.720598E+0
-1.729418E+0
-1.738238E+0
-1.744118E+0
-1.748528E+0
-1.751468E+0
-1.752938E+0
-1.752938E+0
-1.751468E+0
-1.749998E+0
-1.745588E+0
-1.742648E+0
-1.738238E+0
-1.735298E+0
-1.733828E+0
-1.733828E+0
-1.735298E+0
-1.736768E+0
-1.739708E+0
-1.741178E+0
-1.742648E+0
-1.742648E+0
-1.742648E+0
-1.741178E+0
-1.741178E+0
-1.741178E+0
-1.742648E+0
-1.745588E+0
-1.749998E+0
-1.758818E+0
-1.769108E+0
-1.782338E+0
-1.798508E+0
-1.816148E+0
-1.833788E+0
-1.851428E+0
-1.867598E+0
-1.882298E+0
-1.892588E+0
-1.901408E+0
-1.905818E+0
-1.907288E+0
-1.907288E+0
-1.904348E+0
-1.901408E+0
-1.899938E+0
-1.899938E+0
-1.901408E+0
-1.905818E+0
-1.910228E+0
-1.916108E+0
-1.920518E+0
-1.920518E+0
-1.919048E+0
-1.913168E+0
-1.905818E+0
-1.898468E+0
-1.892588E+0
-1.888178E+0
-1.886708E+0
-1.891118E+0
-1.898468E+0
-1.907288E+0
-1.916108E+0
-1.927868E+0
-1.936688E+0
-1.945508E+0
-1.952858E+0
-1.958738E+0
-1.963148E+0
-1.966088E+0
-1.969028E+0
-1.970498E+0
-1.970498E+0
-1.971968E+0
-1.973438E+0
-1.976378E+0
-1.980788E+0
-1.985198E+0
-1.992548E+0
-1.999898E+0
-2.005778E+0
-2.010188E+0
-2.011658E+0
-2.010188E+0
-2.005778E+0
-1.996958E+0
-1.986668E+0
-1.976378E+0
-1.967558E+0
-1.960208E+0
-1.954328E+0
-1.951388E+0
-1.951388E+0
-1.952858E+0
-1.954328E+0
-1.957268E+0
-1.961678E+0
-1.967558E+0
-1.977848E+0
-1.991078E+0
-2.010188E+0
-2.033708E+0
-2.063108E+0
-2.095448E+0
-2.126318E+0
-2.155718E+0
-2.179238E+0
-2.193938E+0
-2.198348E+0
-2.195408E+0
-2.183648E+0
-2.166008E+0
-2.146898E+0
-2.127788E+0
-2.110148E+0
-2.098388E+0
-2.091038E+0
-2.089568E+0
-2.092508E+0
-2.098388E+0
-2.107208E+0
-2.118968E+0
-2.130728E+0
-2.142488E+0
-2.155718E+0
-2.166008E+0
-2.176298E+0
-2.182178E+0
-2.188058E+0
-2.188058E+0
-2.186588E+0
-2.182178E+0
-2.176298E+0
-2.170418E+0
-2.164538E+0
-2.163068E+0
-2.164538E+0
-2.168948E+0
-2.179238E+0
-2.190998E+0
-2.207168E+0
-2.224808E+0
-2.245388E+0
-2.265968E+0
-2.286548E+0
-2.305658E+0
-2.324768E+0
-2.342408E+0
-2.357108E+0
-2.367398E+0
-2.374748E+0
-2.376218E+0
-2.371808E+0
-2.362988E+0
-2.346818E+0
-2.329178E+0
-2.308598E+0
-2.288018E+0
-2.268908E+0
-2.254208E+0
-2.245388E+0
-2.240978E+0
-2.242448E+0
-2.249798E+0
-2.260088E+0
-2.273318E+0
-2.288018E+0
-2.301248E+0
-2.310068E+0
-2.314478E+0
-2.315948E+0
-2.311538E+0
-2.302718E+0
-2.290958E+0
-2.279198E+0
-2.267438E+0
-2.260088E+0
-2.254208E+0
-2.255678E+0
-2.261558E+0
-2.274788E+0
-2.292428E+0
-2.314478E+0
-2.337998E+0
-2.360048E+0
-2.379158E+0
-2.393858E+0
-2.399738E+0
-2.396798E+0
-2.389448E+0
-2.374748E+0
-2.360048E+0
-2.345348E+0
-2.333588E+0
-2.326238E+0
-2.323298E+0
-2.323298E+0
-2.323298E+0
-2.323298E+0
-2.320358E+0
-2.313008E+0
-2.302718E+0
-2.289488E+0
-2.276258E+0
-2.265968E+0
-2.260088E+0
-2.261558E+0
-2.267438E+0
-2.280668E+0
-2.298308E+0
-2.317418E+0
-2.337998E+0
-2.355638E+0
-2.370338E+0
-2.382098E+0
-2.389448E+0
-2.393858E+0
-2.396798E+0
-2.396798E+0
-2.399738E+0
-2.401208E+0
-2.402678E+0
-2.404148E+0
-2.404148E+0
-2.402678E+0
-2.402678E+0
-2.401208E+0
-2.402678E+0
-2.408558E+0
-2.420318E+0
-2.436488E+0
-2.460008E+0
-2.486468E+0
-2.514398E+0
-2.540858E+0
-2.562908E+0
-2.577608E+0
-2.583488E+0
-2.583488E+0
-2.579078E+0
-2.570258E+0
-2.562908E+0
-2.558498E+0
-2.558498E+0
-2.562908E+0
-2.573198E+0
-2.586428E+0
-2.602598E+0
-2.618768E+0
-2.633468E+0
-2.645228E+0
-2.652578E+0
-2.655518E+0
-2.655518E+0
-2.654048E+0
-2.651108E+0
-2.646698E+0
-2.643758E+0
-2.642288E+0
-2.640818E+0
-2.640818E+0
-2.643758E+0
-2.646698E+0
-2.652578E+0
-2.661398E+0
-2.671688E+0
-2.684918E+0
-2.699618E+0
-2.717258E+0
-2.734898E+0
-2.752538E+0
-2.768708E+0
-2.780468E+0
-2.784878E+0
-2.783408E+0
-2.774588E+0
-2.758418E+0
-2.736368E+0
-2.709908E+0
-2.681978E+0
-2.655518E+0
-2.631998E+0
-2.612888E+0
-2.596718E+0
-2.584958E+0
-2.576138E+0
-2.570258E+0
-2.565848E+0
-2.562908E+0
-2.562908E+0
-2.567318E+0
-2.576138E+0
-2.589368E+0
-2.611418E+0
-2.637878E+0
-2.670218E+0
-2.705498E+0
-2.740778E+0
-2.773118E+0
-2.802518E+0
-2.823098E+0
-2.834858E+0
-2.837798E+0
-2.831918E+0
-2.817218E+0
-2.796638E+0
-2.771648E+0
-2.746658E+0
-2.721668E+0
-2.699618E+0
-2.683448E+0
-2.674628E+0
-2.671688E+0
-2.679038E+0
-2.692268E+0
-2.711378E+0
-2.734898E+0
-2.759888E+0
-2.786348E+0
-2.808398E+0
-2.828978E+0
-2.845148E+0
-2.855438E+0
-2.864258E+0
-2.868668E+0
-2.873078E+0
-2.876018E+0
-2.880428E+0
-2.884838E+0
-2.889248E+0
-2.893658E+0
-2.896598E+0
-2.899538E+0
-2.902478E+0
-2.903948E+0
-2.906888E+0
-2.908358E+0
-2.909828E+0
-2.911298E+0
-2.912768E+0
-2.911298E+0
-2.906888E+0
-2.901008E+0
-2.892188E+0
-2.880428E+0
-2.867198E+0
-2.851028E+0
-2.834858E+0
-2.818688E+0
-2.805458E+0
-2.796638E+0
-2.792228E+0
-2.793698E+0
-2.801048E+0
-2.815748E+0
-2.833388E+0
-2.853968E+0
-2.877488E+0
-2.901008E+0
-2.921588E+0
-2.943638E+0
-2.961278E+0
-2.978918E+0
-2.993618E+0
-3.006848E+0
-3.017138E+0
-3.023018E+0
-3.025958E+0
-3.020078E+0
-3.008318E+0
-2.990678E+0
-2.967158E+0
-2.937758E+0
-2.908358E+0
-2.878958E+0
-2.855438E+0
-2.837798E+0
-2.827508E+0
-2.827508E+0
-2.837798E+0
-2.856908E+0
-2.883368E+0
-2.917178E+0
-2.955398E+0
-2.998028E+0
-3.043598E+0
-3.087698E+0
-3.128858E+0
-3.167078E+0
-3.199418E+0
-3.222938E+0
-3.236168E+0
-3.240578E+0
-3.236168E+0
-3.225878E+0
-3.206768E+0
-3.181778E+0
-3.152378E+0
-3.118568E+0
-3.081818E+0
-3.040658E+0
-3.002438E+0
-2.965688E+0
-2.933348E+0
-2.912768E+0
-2.899538E+0
-2.898068E+0
-2.906888E+0
-2.923058E+0
-2.946578E+0
-2.975978E+0
-3.002438E+0
-3.030368E+0
-3.053888E+0
-3.072998E+0
-3.090638E+0
-3.103868E+0
-3.117098E+0
-3.127388E+0
-3.136208E+0
-3.146498E+0
-3.156788E+0
-3.164138E+0
-3.174428E+0
-3.183248E+0
-3.193538E+0
-3.208238E+0
-3.222938E+0
-3.242048E+0
-3.262628E+0
-3.283208E+0
-3.302318E+0
-3.317018E+0
-3.324368E+0
-3.324368E+0
-3.314078E+0
-3.296438E+0
-3.271448E+0
-3.240578E+0
-3.211178E+0
-3.184718E+0
-3.165608E+0
-3.153848E+0
-3.153848E+0
-3.164138E+0
-3.183248E+0
-3.208238E+0
-3.237638E+0
-3.265568E+0
-3.292028E+0
-3.312608E+0
-3.328778E+0
-3.339068E+0
-3.346418E+0
-3.349358E+0
-3.350828E+0
-3.349358E+0
-3.346418E+0
-3.342008E+0
-3.336128E+0
-3.327308E+0
-3.315548E+0
-3.302318E+0
-3.289088E+0
-3.274388E+0
-3.261158E+0
-3.249398E+0
-3.239108E+0
-3.231758E+0
-3.225878E+0
-3.219998E+0
-3.211178E+0
-3.203828E+0
-3.195008E+0
-3.184718E+0
-3.177368E+0
-3.170018E+0
-3.167078E+0
-3.168548E+0
-3.174428E+0
-3.184718E+0
-3.202358E+0
-3.224408E+0
-3.250868E+0
-3.281738E+0
-3.315548E+0
-3.352298E+0
-3.391988E+0
-3.428738E+0
-3.464018E+0
-3.494888E+0
-3.515468E+0
-3.525758E+0
-3.525758E+0
-3.515468E+0
-3.496358E+0
-3.469898E+0
-3.443438E+0
-3.418448E+0
-3.399338E+0
-3.389048E+0
-3.387578E+0
-3.397868E+0
-3.418448E+0
-3.449318E+0
-3.486068E+0
-3.525758E+0
-3.566918E+0
-3.603668E+0
-3.634538E+0
-3.655118E+0
-3.660998E+0
-3.655118E+0
-3.634538E+0
-3.600728E+0
-3.556628E+0
-3.503708E+0
-3.449318E+0
-3.396398E+0
-3.352298E+0
-3.319958E+0
-3.299378E+0
-3.294968E+0
-3.302318E+0
-3.319958E+0
-3.346418E+0
-3.375818E+0
-3.406688E+0
-3.436088E+0
-3.462548E+0
-3.490478E+0
-3.519878E+0
-3.552218E+0
-3.587498E+0
-3.627188E+0
-3.671288E+0
-3.718328E+0
-3.766838E+0
-3.815348E+0
-3.859448E+0
-3.897668E+0
-3.930008E+0
-3.950588E+0
-3.962348E+0
-3.957938E+0
-3.941768E+0
-3.916778E+0
-3.881498E+0
-3.843278E+0
-3.806528E+0
-3.774188E+0
-3.749198E+0
-3.730088E+0
-3.721268E+0
-3.718328E+0
-3.722738E+0
-3.730088E+0
-3.738908E+0
-3.750668E+0
-3.758018E+0
-3.760958E+0
-3.760958E+0
-3.756548E+0
-3.744788E+0
-3.730088E+0
-3.712448E+0
-3.697748E+0
-3.684518E+0
-3.680108E+0
-3.683048E+0
-3.693338E+0
-3.713918E+0
-3.741848E+0
-3.774188E+0
-3.810938E+0
-3.847688E+0
-3.882968E+0
-3.910898E+0
-3.932948E+0
-3.943238E+0
-3.940298E+0
-3.925598E+0
-3.899138E+0
-3.863858E+0
-3.824168E+0
-3.783008E+0
-3.744788E+0
-3.712448E+0
-3.688928E+0
-3.675698E+0
-3.672758E+0
-3.678638E+0
-3.694808E+0
-3.716858E+0
-3.740378E+0
-3.766838E+0
-3.790358E+0
-3.809468E+0
-3.824168E+0
-3.832988E+0
-3.840338E+0
-3.846218E+0
-3.853568E+0
-3.862388E+0
-3.874148E+0
-3.885908E+0
-3.896198E+0
-3.906488E+0
-3.907958E+0
-3.907958E+0
-3.902078E+0
-3.896198E+0
-3.894728E+0
-3.894728E+0
-3.897668E+0
-3.906488E+0
-3.915308E+0
-3.922658E+0
-3.924128E+0
-3.919718E+0
-3.906488E+0
-3.884438E+0
-3.857978E+0
-3.828578E+0
-3.800648E+0
-3.778598E+0
-3.762428E+0
-3.752138E+0
-3.749198E+0
-3.752138E+0
-3.759488E+0
-3.771248E+0
-3.784478E+0
-3.800648E+0
-3.821228E+0
-3.847688E+0
-3.881498E+0
-3.924128E+0
-3.981458E+0
-4.052018E+0
-4.138748E+0
-4.235768E+0
-4.334258E+0
-4.426868E+0
-4.500368E+0
-4.541528E+0
-4.540058E+0
-4.493018E+0
-4.410698E+0
-4.303388E+0
-4.188728E+0
-4.079948E+0
-3.984398E+0
-3.912368E+0
-3.863858E+0
-3.835928E+0
-3.824168E+0
-3.824168E+0
-3.830048E+0
-3.835928E+0
-3.843278E+0
-3.847688E+0
-3.852098E+0
-3.857978E+0
-3.863858E+0
-3.872678E+0
-3.884438E+0
-3.896198E+0
-3.907958E+0
-3.921188E+0
-3.934418E+0
-3.949118E+0
-3.969698E+0
-3.996158E+0
-4.028498E+0
-4.066718E+0
-4.110818E+0
-4.156388E+0
-4.200488E+0
-4.240178E+0
-4.271048E+0
-4.287218E+0
-4.288688E+0
-4.272518E+0
-4.240178E+0
-4.196078E+0
-4.146098E+0
-4.094648E+0
-4.049078E+0
-4.013798E+0
-3.991748E+0
-3.984398E+0
-3.996158E+0
-4.021148E+0
-4.059368E+0
-4.106408E+0
-4.159328E+0
-4.210778E+0
-4.260758E+0
-4.301918E+0
-4.337198E+0
-4.362188E+0
-4.376888E+0
-4.385708E+0
-4.393058E+0
-4.398938E+0
-4.406288E+0
-4.412168E+0
-4.418048E+0
-4.420988E+0
-4.419518E+0
-4.407758E+0
-4.387178E+0
-4.362188E+0
-4.329848E+0
-4.294568E+0
-4.260758E+0
-4.226948E+0
-4.193138E+0
-4.160798E+0
-4.121108E+0
-4.069658E+0
-4.012328E+0
-3.937358E+0
-3.799178E+0
-3.596318E+0
-3.378758E+0
-2.889248E+0
-1.910228E+0
-7.709780E-1
2.727220E-1
1.176772E+0
1.945582E+0
2.582092E+0
3.096592E+0
3.503782E+0
3.818362E+0
4.049152E+0
4.212322E+0
4.319632E+0
4.368142E+0
4.359322E+0
4.293172E+0
4.174102E+0
4.005052E+0
3.787492E+0
3.522892E+0
3.220072E+0
2.877562E+0
2.493892E+0
2.074942E+0
1.625122E+0
1.128262E+0
5.814220E-1
3.712000E-3
-5.798780E-1
-1.150238E+0
-1.697078E+0
-2.210108E+0
-2.692268E+0
-3.142088E+0
-3.566918E+0
-3.974108E+0
-4.365128E+0
-4.744388E+0
-5.119238E+0
-5.497028E+0
-5.877758E+0
-6.277598E+0
-6.708308E+0
-7.181648E+0
-7.724078E+0
-8.357648E+0
-9.133808E+0
-1.010989E+1
-1.146082E+1
-1.349383E+1
-2.000005E+1
-2.000005E+1
-2.000005E+1
-1.698949E+1
-1.384663E+1
-1.254274E+1
-1.188271E+1
-1.154902E+1
-1.150492E+1
-1.173277E+1
-1.221787E+1
-1.309840E+1
-1.460368E+1
-2.000005E+1
-2.000005E+1
-2.000005E+1
-2.000005E+1
-1.443022E+1
-1.240750E+1
-1.118152E+1
-1.032745E+1
-9.752678E+0
-9.379298E+0
-9.207308E+0
-9.222008E+0
-9.463088E+0
-9.977588E+0
-1.096837E+1
-1.338799E+1
-2.000005E+1
-2.000005E+1
-2.000005E+1
-2.000005E+1
-2.000005E+1
-2.000005E+1
-2.000005E+1
-2.000005E+1
-2.000005E+1
-2.000005E+1
-1.548421E+1
-1.193563E+1
-1.074346E+1
-1.006579E+1
-9.639488E+0
-9.379298E+0
-9.238178E+0
-9.192608E+0
-9.238178E+0
-9.363128E+0
-9.567458E+0
-9.873218E+0
-1.032745E+1
-1.096837E+1
-1.193563E+1
-1.384663E+1
-2.000005E+1
-2.000005E+1
-2.000005E+1
-2.000005E+1
-2.000005E+1
-2.000005E+1
-2.000005E+1
-2.000005E+1
-2.000005E+1
-2.000005E+1
-2.000005E+1
-2.000005E+1
-1.610896E+1
-1.384663E+1
-1.261330E+1
-1.178275E+1
-1.110802E+1
-1.056706E+1
-1.010989E+1
-9.752678E+0
-9.496898E+0
-9.330788E+0
-9.283748E+0
-9.330788E+0
-9.496898E+0
-9.752678E+0
-1.010989E+1
-1.051120E+1
-1.086841E+1
-1.110802E+1
-1.107274E+1
-1.077433E+1
-1.032745E+1
-9.873218E+0
-9.480728E+0
-9.177908E+0
-8.951528E+0
-8.833928E+0
-8.822168E+0
-8.925068E+0
-9.148508E+0
-9.567458E+0
-1.027747E+1
-1.163869E+1
-1.849477E+1
-2.000005E+1
-2.000005E+1
-2.000005E+1
-2.000005E+1
-2.000005E+1
-2.000005E+1
-2.000005E+1
-2.000005E+1
-2.000005E+1
-2.000005E+1
-2.000005E+1
-1.698949E+1
-1.372315E+1
-1.276324E+1
-1.234135E+1
-1.210027E+1
-1.204441E+1
-1.204441E+1
-1.210027E+1
-1.221787E+1
-1.234135E+1
-1.268680E+1
-1.328803E+1
-1.443022E+1
-1.849477E+1
-2.000005E+1
-2.000005E+1
-2.000005E+1
-2.000005E+1
-2.000005E+1
-2.000005E+1
-2.000005E+1
-2.000005E+1
-2.000005E+1
-2.000005E+1
-2.000005E+1
-2.000005E+1
-2.000005E+1
-2.000005E+1
-2.000005E+1
-2.000005E+1
-2.000005E+1
-2.000005E+1
-2.000005E+1
-2.000005E+1
-2.000005E+1
-1.650439E+1
-1.460368E+1
-1.319101E+1
-1.210027E+1
-1.118152E+1
-1.048327E+1
-9.934958E+0
-9.532178E+0
-9.269048E+0
-9.133808E+0
-9.163208E+0
-9.379298E+0
-9.832058E+0
-1.068319E+1
-1.247365E+1
-2.000005E+1
-2.000005E+1
-2.000005E+1
-2.000005E+1
-2.000005E+1
-2.000005E+1
-2.000005E+1
-2.000005E+1
-2.000005E+1
-2.000005E+1
-2.000005E+1
-1.426852E+1
-1.137850E+1
-1.035244E+1
-9.792368E+0
-9.532178E+0
-9.413108E+0
-9.429278E+0
-9.532178E+0
-9.714458E+0
-9.934958E+0
-1.015693E+1
-1.043035E+1
-1.071259E+1
-1.103746E+1
-1.137850E+1
-1.168573E+1
-1.193563E+1
-1.198855E+1
-1.178275E+1
-1.141966E+1
-1.100218E+1
-1.056706E+1
-1.022749E+1
-1.004374E+1
-9.977588E+0
-1.010989E+1
-1.043035E+1
-1.110802E+1
-1.247365E+1
-2.000005E+1
-2.000005E+1
-2.000005E+1
-2.000005E+1
-2.000005E+1
-2.000005E+1
-2.000005E+1
-2.000005E+1
-2.000005E+1
-2.000005E+1
-2.000005E+1
-2.000005E+1
-2.000005E+1
-2.000005E+1
-2.000005E+1
-1.349383E+1
-1.083607E+1
-9.811478E+0
-9.283748E+0
-9.033848E+0
-8.951528E+0
-9.005918E+0
-9.177908E+0
-9.446918E+0
-9.852638E+0
-1.037743E+1
-1.107274E+1
-1.215907E+1
-1.443022E+1
-2.000005E+1
-2.000005E+1
-2.000005E+1
-2.000005E+1
-2.000005E+1
-2.000005E+1
-2.000005E+1
-2.000005E+1
-2.000005E+1
-2.000005E+1
-1.460368E+1
-1.227961E+1
-1.125796E+1
-1.068319E+1
-1.040389E+1
-1.037743E+1
-1.062439E+1
-1.125796E+1
-1.276324E+1
-2.000005E+1
-2.000005E+1
-2.000005E+1
-2.000005E+1
-2.000005E+1
-2.000005E+1
-2.000005E+1
-2.000005E+1
-2.000005E+1
-2.000005E+1
-2.000005E+1
-1.254274E+1
-1.114477E+1
-1.059499E+1
-1.045681E+1
-1.071259E+1
-1.141966E+1
-1.309840E+1
-2.000005E+1
-2.000005E+1
-2.000005E+1
-2.000005E+1
-2.000005E+1
-2.000005E+1
-2.000005E+1
-2.000005E+1
-2.000005E+1
-2.000005E+1
-2.000005E+1
-2.000005E+1
-2.000005E+1
-2.000005E+1
-2.000005E+1
-2.000005E+1
-2.000005E+1
-2.000005E+1
-2.000005E+1
-2.000005E+1
-2.000005E+1
-2.000005E+1
-2.000005E+1
-2.000005E+1
-2.000005E+1
-2.000005E+1
-2.000005E+1
-2.000005E+1
-2.000005E+1
-2.000005E+1
-2.000005E+1
-2.000005E+1
-2.000005E+1
-2.000005E+1
-2.000005E+1
-2.000005E+1
-1.397893E+1
-1.163869E+1
-1.056706E+1
-9.914378E+0
-9.496898E+0
-9.252878E+0
-9.163208E+0
-9.252878E+0
-9.549818E+0
-1.010989E+1
-1.107274E+1
-1.328803E+1
-2.000005E+1
-2.000005E+1
-2.000005E+1
-2.000005E+1
-2.000005E+1
-2.000005E+1
-2.000005E+1
-2.000005E+1
-2.000005E+1
-2.000005E+1
-2.000005E+1
-2.000005E+1
-2.000005E+1
-2.000005E+1
-2.000005E+1
-2.000005E+1
-2.000005E+1
-2.000005E+1
-2.000005E+1
-2.000005E+1
-2.000005E+1
-2.000005E+1
-2.000005E+1
-2.000005E+1
-2.000005E+1
-2.000005E+1
-2.000005E+1
-1.650439E+1
-1.227961E+1
-1.103746E+1
-1.043035E+1
-1.008784E+1
-9.977588E+0
-1.006579E+1
-1.040389E+1
-1.107274E+1
-1.234135E+1
-1.698949E+1
-2.000005E+1
-2.000005E+1
-2.000005E+1
-2.000005E+1
-2.000005E+1
-2.000005E+1
-2.000005E+1
-2.000005E+1
-2.000005E+1
-2.000005E+1
-1.610896E+1
-1.761424E+1
-2.000005E+1
-2.000005E+1
-2.000005E+1
-2.000005E+1
-2.000005E+1
-2.000005E+1
-2.000005E+1
-2.000005E+1
-2.000005E+1
-2.000005E+1
-2.000005E+1
-2.000005E+1
-2.000005E+1
-2.000005E+1
-2.000005E+1
-2.000005E+1
-2.000005E+1
-2.000005E+1
-2.000005E+1
-2.000005E+1
-2.000005E+1
-2.000005E+1
-2.000005E+1
-2.000005E+1
-2.000005E+1
-2.000005E+1
-2.000005E+1
-1.215907E+1
-1.045681E+1
-9.446918E+0
-8.747198E+0
-8.267978E+0
-7.957808E+0
-7.794638E+0
-7.763768E+0
-7.882838E+0
-8.143028E+0
-8.582558E+0
-9.269048E+0
-1.027747E+1
-1.198855E+1
-1.849477E+1
-2.000005E+1
-2.000005E+1
-2.000005E+1
-2.000005E+1
-1.247365E+1
-1.080520E+1
-9.832058E+0
-9.192608E+0
-8.772188E+0
-8.472308E+0
-8.276798E+0
-8.170958E+0
-8.125388E+0
-8.153318E+0
-8.238578E+0
-8.388518E+0
-8.604608E+0
-8.911838E+0
-9.299918E+0
-9.811478E+0
-1.048327E+1
-1.137850E+1
-1.268680E+1
-1.522843E+1
-2.000005E+1
-2.000005E+1
-2.000005E+1
-2.000005E+1
-2.000005E+1
-2.000005E+1
-2.000005E+1
-2.000005E+1
-2.000005E+1
-2.000005E+1
-2.000005E+1
-2.000005E+1
-2.000005E+1
-2.000005E+1
-2.000005E+1
-2.000005E+1
-2.000005E+1
-2.000005E+1
-2.000005E+1
-1.479331E+1
-1.292494E+1
-1.227961E+1
-1.210027E+1
-1.234135E+1
-1.292494E+1
-1.397893E+1
-1.577380E+1
-1.849477E+1
-1.761424E+1
-1.479331E+1
-1.284262E+1
-1.150492E+1
-1.056706E+1
-9.873218E+0
-9.346958E+0
-8.951528E+0
-8.663408E+0
-8.450258E+0
-8.276798E+0
-8.153318E+0
-8.053358E+0
-7.982798E+0
-7.932818E+0
-7.907828E+0
-7.915178E+0
-7.957808E+0
-8.053358E+0
-8.200358E+0
-8.398808E+0
-8.663408E+0
-9.033848E+0
-9.514538E+0
-1.018045E+1
-1.125796E+1
-1.349383E+1
-2.000005E+1
-2.000005E+1
-2.000005E+1
-2.000005E+1
-2.000005E+1
-2.000005E+1
-2.000005E+1
-2.000005E+1
-2.000005E+1
-2.000005E+1
-2.000005E+1
-2.000005E+1
-2.000005E+1
-2.000005E+1
-2.000005E+1
-2.000005E+1
-2.000005E+1
-2.000005E+1
-2.000005E+1
-2.000005E+1
-2.000005E+1
-2.000005E+1
-2.000005E+1
-1.548421E+1
-1.093456E+1
-9.621848E+0
-8.898608E+0
-8.450258E+0
-8.170958E+0
-8.026898E+0
-7.975448E+0
-8.035718E+0
-8.200358E+0
-8.450258E+0
-8.808938E+0
-9.299918E+0
-9.955538E+0
-1.086841E+1
-1.227961E+1
-1.650439E+1
-2.000005E+1
-2.000005E+1
-2.000005E+1
-2.000005E+1
-2.000005E+1
-2.000005E+1
-2.000005E+1
-2.000005E+1
-2.000005E+1
-2.000005E+1
-2.000005E+1
-2.000005E+1
-2.000005E+1
-1.328803E+1
-1.150492E+1
-1.068319E+1
-1.020397E+1
-9.914378E+0
-9.714458E+0
-9.585098E+0
-9.532178E+0
-9.549818E+0
-9.621848E+0
-9.773258E+0
-1.002169E+1
-1.040389E+1
-1.093456E+1
-1.173277E+1
-1.284262E+1
-1.460368E+1
-1.761424E+1
-2.000005E+1
-1.650439E+1
-1.443022E+1
-1.328803E+1
-1.268680E+1
-1.261330E+1
-1.319101E+1
-1.548421E+1
-2.000005E+1
-2.000005E+1
-2.000005E+1
-2.000005E+1
-2.000005E+1
-2.000005E+1
-2.000005E+1
-2.000005E+1
-2.000005E+1
-2.000005E+1
-2.000005E+1
-2.000005E+1
-2.000005E+1
-2.000005E+1
-2.000005E+1
-2.000005E+1
-2.000005E+1
-2.000005E+1
-2.000005E+1
-2.000005E+1
-2.000005E+1
-2.000005E+1
-2.000005E+1
-2.000005E+1
-2.000005E+1
-1.479331E+1
-1.247365E+1
-1.146082E+1
-1.083607E+1
-1.037743E+1
-9.977588E+0
-9.621848E+0
-9.299918E+0
-8.992688E+0
-8.710448E+0
-8.450258E+0
-8.219468E+0
-8.053358E+0
-7.941638E+0
-7.899008E+0
-7.941638E+0
-8.053358E+0
-8.267978E+0
-8.594318E+0
-9.047078E+0
-9.676238E+0
-1.045681E+1
-1.146082E+1
-1.261330E+1
-1.328803E+1
-1.276324E+1
-1.154902E+1
-1.037743E+1
-9.429278E+0
-8.698688E+0
-8.134208E+0
-7.709378E+0
-7.412438E+0
-7.216928E+0
-7.116968E+0
-7.099328E+0
-7.164008E+0
-7.303658E+0
-7.521218E+0
-7.801988E+0
-8.162138E+0
-8.616368E+0
-9.148508E+0
-9.792368E+0
-1.056706E+1
-1.150492E+1
-1.268680E+1
-1.443022E+1
-1.849477E+1
-2.000005E+1
-2.000005E+1
-2.000005E+1
-2.000005E+1
-2.000005E+1
-2.000005E+1
-2.000005E+1
-2.000005E+1
-2.000005E+1
-2.000005E+1
-2.000005E+1
-2.000005E+1
-2.000005E+1
-2.000005E+1
-2.000005E+1
-2.000005E+1
-2.000005E+1
-2.000005E+1
-2.000005E+1
-2.000005E+1
-2.000005E+1
-2.000005E+1
-2.000005E+1
-2.000005E+1
-2.000005E+1
-2.000005E+1
-2.000005E+1
-2.000005E+1
-2.000005E+1
-2.000005E+1
-2.000005E+1
-2.000005E+1
-2.000005E+1
-2.000005E+1
-2.000005E+1
-2.000005E+1
-2.000005E+1
-2.000005E+1
-2.000005E+1
-2.000005E+1
-2.000005E+1
-2.000005E+1
-1.397893E+1
-1.150492E+1
-1.032745E+1
-9.549818E+0
-8.992688E+0
-8.604608E+0
-8.347358E+0
-8.200358E+0
-8.153318E+0
-8.209178E+0
-8.398808E+0
-8.722208E+0
-9.238178E+0
-1.004374E+1
-1.146082E+1
-1.650439E+1
-2.000005E+1
-2.000005E+1
-2.000005E+1
-2.000005E+1
-2.000005E+1
-2.000005E+1
-2.000005E+1
-2.000005E+1
-2.000005E+1
-2.000005E+1
-2.000005E+1
-2.000005E+1
-2.000005E+1
-2.000005E+1
-2.000005E+1
-1.328803E+1
-1.193563E+1
-1.114477E+1
-1.071259E+1
-1.051120E+1
-1.045681E+1
-1.048327E+1
-1.062439E+1
-1.074346E+1
-1.086841E+1
-1.090222E+1
-1.077433E+1
-1.053913E+1
-1.022749E+1
-9.914378E+0
-9.658598E+0
-9.463088E+0
-9.330788E+0
-9.269048E+0
-9.252878E+0
-9.299918E+0
-9.379298E+0
-9.463088E+0
-9.532178E+0
-9.621848E+0
-9.676238E+0
-9.752678E+0
-9.811478E+0
-9.893798E+0
-9.999638E+0
-1.015693E+1
-1.035244E+1
-1.065379E+1
-1.100218E+1
-1.146082E+1
-1.193563E+1
-1.240750E+1
-1.268680E+1
-1.276324E+1
-1.247365E+1
-1.210027E+1
-1.173277E+1
-1.141966E+1
-1.129765E+1
-1.129765E+1
-1.150492E+1
-1.198855E+1
-1.301020E+1
-1.548421E+1
-2.000005E+1
-2.000005E+1
-2.000005E+1
-2.000005E+1
-2.000005E+1
-2.000005E+1
-2.000005E+1
-2.000005E+1
-2.000005E+1
-2.000005E+1
-1.610896E+1
-1.522843E+1
-1.548421E+1
-1.650439E+1
-1.849477E+1
-2.000005E+1
-2.000005E+1
-2.000005E+1
-2.000005E+1
-1.761424E+1
-1.650439E+1
-1.610896E+1
-1.610896E+1
-1.577380E+1
-1.460368E+1
-1.349383E+1
-1.227961E+1
-1.121974E+1
-1.040389E+1
-9.752678E+0
-9.299918E+0
-9.005918E+0
-8.872148E+0
-8.911838E+0
-9.133808E+0
-9.602738E+0
-1.048327E+1
-1.240750E+1
-2.000005E+1
-2.000005E+1
-2.000005E+1
-2.000005E+1
-2.000005E+1
-2.000005E+1
-2.000005E+1
-2.000005E+1
-2.000005E+1
-2.000005E+1
-2.000005E+1
-2.000005E+1
-2.000005E+1
-2.000005E+1
-2.000005E+1
-2.000005E+1
-2.000005E+1
-2.000005E+1
-2.000005E+1
-2.000005E+1
-2.000005E+1
-2.000005E+1
-2.000005E+1
-2.000005E+1
-2.000005E+1
-2.000005E+1
-2.000005E+1
-2.000005E+1
-2.000005E+1
-2.000005E+1
-2.000005E+1
-2.000005E+1
-2.000005E+1
-1.548421E+1
-1.133734E+1
-1.004374E+1
-9.283748E+0
-8.822168E+0
-8.516408E+0
-8.337068E+0
-8.267978E+0
-8.276798E+0
-8.337068E+0
-8.472308E+0
-8.675168E+0
-8.964758E+0
-9.346958E+0
-9.873218E+0
-1.062439E+1
-1.188271E+1
-1.577380E+1
-2.000005E+1
-2.000005E+1
-2.000005E+1
-2.000005E+1
-2.000005E+1
-2.000005E+1
-2.000005E+1
-2.000005E+1
-2.000005E+1
-2.000005E+1
-2.000005E+1
-2.000005E+1
-2.000005E+1
-2.000005E+1
-2.000005E+1
-2.000005E+1
-2.000005E+1
-2.000005E+1
-2.000005E+1
-2.000005E+1
-2.000005E+1
-2.000005E+1
-2.000005E+1
-2.000005E+1
-2.000005E+1
-2.000005E+1
-2.000005E+1
-2.000005E+1
-2.000005E+1
-2.000005E+1
-2.000005E+1
-2.000005E+1
-2.000005E+1
-2.000005E+1
-2.000005E+1
-2.000005E+1
-2.000005E+1
-2.000005E+1
-2.000005E+1
-2.000005E+1
-2.000005E+1
-2.000005E+1
-2.000005E+1
-2.000005E+1
-2.000005E+1
-2.000005E+1
-2.000005E+1
-2.000005E+1
-2.000005E+1
-2.000005E+1
-2.000005E+1
-2.000005E+1
-2.000005E+1
-2.000005E+1
-2.000005E+1
-2.000005E+1
-2.000005E+1
-2.000005E+1
-2.000005E+1
-2.000005E+1
-2.000005E+1
-2.000005E+1
-2.000005E+1
-2.000005E+1
-2.000005E+1
-2.000005E+1
-2.000005E+1
-2.000005E+1
-2.000005E+1
-2.000005E+1
-2.000005E+1
-2.000005E+1
-2.000005E+1
-2.000005E+1
-2.000005E+1
-2.000005E+1
-2.000005E+1
-2.000005E+1
-2.000005E+1
-2.000005E+1
-2.000005E+1
-2.000005E+1
-2.000005E+1
-1.698949E+1
-1.460368E+1
-1.372315E+1
-1.319101E+1
-1.292494E+1
-1.292494E+1
-1.301020E+1
-1.360555E+1
-1.499911E+1
-2.000005E+1
-2.000005E+1
-2.000005E+1
-2.000005E+1
-2.000005E+1
-2.000005E+1
-2.000005E+1
-2.000005E+1
-2.000005E+1
-2.000005E+1
-2.000005E+1
-2.000005E+1
-2.000005E+1
-1.499911E+1
-1.397893E+1
-1.384663E+1
-1.426852E+1
-1.499911E+1
-1.698949E+1
-2.000005E+1
-2.000005E+1
-2.000005E+1
-2.000005E+1
-2.000005E+1
-1.610896E+1
-1.479331E+1
-1.384663E+1
-1.328803E+1
-1.276324E+1
-1.234135E+1
-1.198855E+1
-1.178275E+1
-1.178275E+1
-1.198855E+1
-1.268680E+1
-1.479331E+1
-2.000005E+1
-2.000005E+1
-2.000005E+1
-2.000005E+1
-2.000005E+1
-2.000005E+1
-2.000005E+1
-2.000005E+1
-2.000005E+1
-2.000005E+1
-2.000005E+1
-2.000005E+1
-2.000005E+1
-2.000005E+1
-2.000005E+1
-2.000005E+1
-2.000005E+1
-2.000005E+1
-2.000005E+1
-2.000005E+1
-2.000005E+1
-2.000005E+1
-2.000005E+1
-2.000005E+1
-2.000005E+1
-2.000005E+1
-2.000005E+1
-1.397893E+1
-1.227961E+1
-1.146082E+1
-1.100218E+1
-1.074346E+1
-1.059499E+1
-1.051120E+1
-1.045681E+1
-1.037743E+1
-1.032745E+1
-1.027747E+1
-1.030099E+1
-1.043035E+1
-1.068319E+1
-1.114477E+1
-1.204441E+1
-1.384663E+1
-2.000005E+1
-2.000005E+1
-2.000005E+1
-2.000005E+1
-2.000005E+1
-2.000005E+1
-2.000005E+1
-2.000005E+1
-2.000005E+1
-2.000005E+1
-2.000005E+1
-2.000005E+1
-2.000005E+1
-2.000005E+1
-2.000005E+1
-2.000005E+1
-2.000005E+1
-2.000005E+1
-2.000005E+1
-2.000005E+1
-2.000005E+1
-2.000005E+1
-2.000005E+1
-2.000005E+1
-2.000005E+1
-2.000005E+1
-2.000005E+1
-2.000005E+1
-2.000005E+1
-2.000005E+1
-2.000005E+1
-2.000005E+1
-2.000005E+1
-1.178275E+1
-9.773258E+0
-8.698688E+0
-8.000438E+0
-7.528568E+0
-7.222808E+0
-7.043468E+0
-6.977318E+0
-7.015538E+0
-7.140488E+0
-7.353638E+0
-7.665278E+0
-8.062178E+0
-8.570798E+0
-9.222008E+0
-1.010989E+1
-1.141966E+1
-1.443022E+1
-2.000005E+1
-2.000005E+1
-2.000005E+1
-2.000005E+1
-2.000005E+1
-2.000005E+1
-2.000005E+1
-2.000005E+1
-2.000005E+1
-2.000005E+1
-2.000005E+1
-2.000005E+1
-2.000005E+1
-2.000005E+1
-2.000005E+1
-2.000005E+1
-2.000005E+1
-2.000005E+1
-2.000005E+1
-2.000005E+1
-2.000005E+1
-2.000005E+1
-2.000005E+1
-2.000005E+1
-2.000005E+1
-2.000005E+1
-2.000005E+1
-2.000005E+1
-2.000005E+1
-2.000005E+1
-2.000005E+1
-2.000005E+1
-2.000005E+1
-2.000005E+1
-2.000005E+1
-2.000005E+1
-2.000005E+1
-2.000005E+1
-2.000005E+1
-2.000005E+1
-2.000005E+1
-2.000005E+1
-2.000005E+1
-1.849477E+1
-1.268680E+1
-1.141966E+1
-1.083607E+1
-1.051120E+1
-1.037743E+1
-1.037743E+1
-1.051120E+1
-1.080520E+1
-1.125796E+1
-1.204441E+1
-1.360555E+1
-2.000005E+1
-2.000005E+1
-2.000005E+1
-2.000005E+1
-2.000005E+1
-2.000005E+1
-2.000005E+1
-2.000005E+1
-2.000005E+1
-2.000005E+1
-2.000005E+1
-2.000005E+1
-2.000005E+1
-2.000005E+1
-2.000005E+1
-2.000005E+1
-2.000005E+1
-2.000005E+1
-2.000005E+1
-1.650439E+1
-1.460368E+1
-1.360555E+1
-1.284262E+1
-1.221787E+1
-1.163869E+1
-1.110802E+1
-1.062439E+1
-1.022749E+1
-9.914378E+0
-9.695348E+0
-9.567458E+0
-9.532178E+0
-9.567458E+0
-9.714458E+0
-9.955538E+0
-1.027747E+1
-1.071259E+1
-1.129765E+1
-1.204441E+1
-1.319101E+1
-1.548421E+1
-2.000005E+1
-2.000005E+1
-2.000005E+1
-2.000005E+1
-2.000005E+1
-2.000005E+1
-2.000005E+1
-2.000005E+1
-2.000005E+1
-2.000005E+1
-2.000005E+1
-1.761424E+1
-1.198855E+1
-1.056706E+1
-9.773258E+0
-9.283748E+0
-9.005918E+0
-8.898608E+0
-8.911838E+0
-9.061778E+0
-9.316088E+0
-9.714458E+0
-1.027747E+1
-1.100218E+1
-1.188271E+1
-1.284262E+1
-1.372315E+1
-1.372315E+1
-1.301020E+1
-1.204441E+1
-1.114477E+1
-1.045681E+1
-9.893798E+0
-9.463088E+0
-9.148508E+0
-8.911838E+0
-8.783948E+0
-8.735438E+0
-8.783948E+0
-8.925068E+0
-9.177908E+0
-9.549818E+0
-1.004374E+1
-1.065379E+1
-1.146082E+1
-1.254274E+1
-1.426852E+1
-2.000005E+1
-2.000005E+1
-2.000005E+1
-2.000005E+1
-2.000005E+1
-2.000005E+1
-2.000005E+1
-2.000005E+1
-2.000005E+1
-2.000005E+1
-2.000005E+1
-2.000005E+1
-2.000005E+1
-2.000005E+1
-2.000005E+1
-1.548421E+1
-1.234135E+1
-1.118152E+1
-1.053913E+1
-1.008784E+1
-9.792368E+0
-9.532178E+0
-9.299918E+0
-9.061778E+0
-8.822168E+0
-8.594318E+0
-8.409098E+0
-8.257688E+0
-8.181248E+0
-8.162138E+0
-8.238578E+0
-8.398808E+0
-8.639888E+0
-8.951528E+0
-9.316088E+0
-9.714458E+0
-1.013341E+1
-1.051120E+1
-1.083607E+1
-1.103746E+1
-1.114477E+1
-1.125796E+1
-1.137850E+1
-1.150492E+1
-1.173277E+1
-1.204441E+1
-1.268680E+1
-1.384663E+1
-1.849477E+1
-2.000005E+1
-2.000005E+1
-2.000005E+1
-2.000005E+1
-2.000005E+1
-2.000005E+1
-2.000005E+1
-2.000005E+1
-2.000005E+1
-2.000005E+1
-2.000005E+1
-2.000005E+1
-2.000005E+1
-2.000005E+1
-1.276324E+1
-1.129765E+1
-1.045681E+1
-9.873218E+0
-9.429278E+0
-9.075008E+0
-8.783948E+0
-8.548748E+0
-8.378228E+0
-8.267978E+0
-8.200358E+0
-8.181248E+0
-8.209178E+0
-8.287088E+0
-8.388518E+0
-8.526698E+0
-8.686928E+0
-8.898608E+0
-9.163208E+0
-9.514538E+0
-1.002169E+1
-1.077433E+1
-1.204441E+1
-1.610896E+1
-2.000005E+1
-2.000005E+1
-2.000005E+1
-2.000005E+1
-2.000005E+1
-2.000005E+1
-2.000005E+1
-2.000005E+1
-2.000005E+1
-1.577380E+1
-1.292494E+1
-1.210027E+1
-1.188271E+1
-1.215907E+1
-1.284262E+1
-1.460368E+1
-2.000005E+1
-2.000005E+1
-2.000005E+1
-2.000005E+1
-2.000005E+1
-2.000005E+1
-2.000005E+1
-2.000005E+1
-2.000005E+1
-2.000005E+1
-2.000005E+1
-2.000005E+1
-2.000005E+1
-2.000005E+1
-2.000005E+1
-2.000005E+1
-1.384663E+1
-1.221787E+1
-1.150492E+1
-1.114477E+1
-1.100218E+1
-1.110802E+1
-1.141966E+1
-1.204441E+1
-1.319101E+1
-1.698949E+1
-2.000005E+1
-2.000005E+1
-2.000005E+1
-2.000005E+1
-2.000005E+1
-2.000005E+1
-2.000005E+1
-2.000005E+1
-2.000005E+1
-2.000005E+1
-2.000005E+1
-2.000005E+1
-2.000005E+1
-1.698949E+1
-1.349383E+1
-1.215907E+1
-1.133734E+1
-1.074346E+1
-1.032745E+1
-1.002169E+1
-9.852638E+0
-9.792368E+0
-9.873218E+0
-1.004374E+1
-1.032745E+1
-1.071259E+1
-1.121974E+1
-1.173277E+1
-1.221787E+1
-1.240750E+1
-1.234135E+1
-1.198855E+1
-1.159312E+1
-1.118152E+1
-1.086841E+1
-1.068319E+1
-1.062439E+1
-1.068319E+1
-1.090222E+1
-1.133734E+1
-1.210027E+1
-1.372315E+1
-2.000005E+1
-2.000005E+1
-2.000005E+1
-2.000005E+1
-2.000005E+1
-2.000005E+1
-2.000005E+1
-2.000005E+1
-2.000005E+1
-2.000005E+1
-2.000005E+1
-2.000005E+1
-2.000005E+1
-2.000005E+1
-2.000005E+1
-2.000005E+1
-2.000005E+1
-2.000005E+1
-2.000005E+1
-2.000005E+1
-2.000005E+1
-2.000005E+1
-2.000005E+1
-2.000005E+1
-1.247365E+1
-1.107274E+1
-1.053913E+1
-1.045681E+1
-1.077433E+1
-1.159312E+1
-1.360555E+1
-2.000005E+1
-2.000005E+1
-2.000005E+1
-2.000005E+1
-2.000005E+1
-2.000005E+1
-2.000005E+1
-2.000005E+1
-2.000005E+1
-2.000005E+1
-2.000005E+1
-2.000005E+1
-2.000005E+1
-2.000005E+1
-2.000005E+1
-1.479331E+1
-1.168573E+1
-1.045681E+1
-9.695348E+0
-9.133808E+0
-8.722208E+0
-8.409098E+0
-8.153318E+0
-7.948988E+0
-7.787288E+0
-7.665278E+0
-7.584428E+0
-7.549148E+0
-7.563848E+0
-7.613828E+0
-7.702028E+0
-7.834328E+0
-7.982798E+0
-8.153318E+0
-8.337068E+0
-8.504648E+0
-8.663408E+0
-8.808938E+0
-8.911838E+0
-8.964758E+0
-8.977988E+0
-8.951528E+0
-8.872148E+0
-8.783948E+0
-8.698688E+0
-8.616368E+0
-8.560508E+0
-8.548748E+0
-8.582558E+0
-8.675168E+0
-8.847158E+0
-9.119108E+0
-9.514538E+0
-1.008784E+1
-1.096837E+1
-1.247365E+1
-2.000005E+1
-2.000005E+1
-2.000005E+1
-2.000005E+1
-2.000005E+1
-2.000005E+1
-2.000005E+1
-2.000005E+1
-2.000005E+1
-2.000005E+1
-2.000005E+1
-2.000005E+1
-2.000005E+1
-2.000005E+1
-2.000005E+1
-2.000005E+1
-2.000005E+1
-2.000005E+1
-2.000005E+1
-1.292494E+1
-1.065379E+1
-9.585098E+0
-8.911838E+0
-8.439968E+0
-8.116568E+0
-7.891658E+0
-7.754948E+0
-7.716728E+0
-7.787288E+0
-7.948988E+0
-8.228288E+0
-8.639888E+0
-9.207308E+0
-9.977588E+0
-1.103746E+1
-1.254274E+1
-1.479331E+1
-2.000005E+1
-2.000005E+1
-1.479331E+1
-1.284262E+1
-1.163869E+1
-1.086841E+1
-1.035244E+1
-1.004374E+1
-9.893798E+0
-9.873218E+0
-9.977588E+0
-1.025248E+1
-1.071259E+1
-1.146082E+1
-1.284262E+1
-2.000005E+1
-2.000005E+1
-2.000005E+1
-2.000005E+1
-2.000005E+1
-2.000005E+1
-2.000005E+1
-2.000005E+1
-2.000005E+1
-2.000005E+1
-2.000005E+1
-2.000005E+1
-2.000005E+1
-2.000005E+1
-2.000005E+1
-2.000005E+1
-2.000005E+1
-2.000005E+1
-2.000005E+1
-2.000005E+1
-2.000005E+1
-2.000005E+1
-2.000005E+1
-2.000005E+1
-2.000005E+1
-2.000005E+1
-2.000005E+1
-2.000005E+1
-2.000005E+1
-2.000005E+1
-2.000005E+1
-2.000005E+1
-2.000005E+1
-2.000005E+1
-2.000005E+1
-2.000005E+1
-2.000005E+1
-2.000005E+1
-2.000005E+1
-2.000005E+1
-1.426852E+1
-1.268680E+1
-1.173277E+1
-1.107274E+1
-1.053913E+1
-1.010989E+1
-9.811478E+0
-9.602738E+0
-9.480728E+0
-9.413108E+0
-9.413108E+0
-9.429278E+0
-9.446918E+0
-9.463088E+0
-9.463088E+0
-9.463088E+0
-9.496898E+0
-9.567458E+0
-9.714458E+0
-9.955538E+0
-1.030099E+1
-1.074346E+1
-1.114477E+1
-1.150492E+1
-1.163869E+1
-1.150492E+1
-1.118152E+1
-1.074346E+1
-1.035244E+1
-1.004374E+1
-9.792368E+0
-9.621848E+0
-9.532178E+0
-9.514538E+0
-9.621848E+0
-9.873218E+0
-1.032745E+1
-1.118152E+1
-1.319101E+1
-2.000005E+1
-2.000005E+1
-2.000005E+1
-2.000005E+1
-2.000005E+1
-2.000005E+1
-2.000005E+1
-2.000005E+1
-2.000005E+1
-2.000005E+1
-2.000005E+1
-2.000005E+1
-2.000005E+1
-2.000005E+1
-2.000005E+1
-2.000005E+1
-2.000005E+1
-2.000005E+1
-2.000005E+1
-2.000005E+1
-2.000005E+1
-2.000005E+1
-2.000005E+1
-2.000005E+1
-2.000005E+1
-2.000005E+1
-2.000005E+1
-2.000005E+1
-2.000005E+1
-2.000005E+1
-2.000005E+1
-2.000005E+1
-2.000005E+1
-2.000005E+1
-2.000005E+1
-2.000005E+1
-2.000005E+1
-2.000005E+1
-1.328803E+1
-1.154902E+1
-1.048327E+1
-9.714458E+0
-9.148508E+0
-8.722208E+0
-8.419388E+0
-8.219468E+0
-8.125388E+0
-8.116568E+0
-8.181248E+0
-8.316488E+0
-8.516408E+0
-8.783948E+0
-9.104408E+0
-9.480728E+0
-9.934958E+0
-1.051120E+1
-1.125796E+1
-1.234135E+1
-1.397893E+1
-2.000005E+1
-2.000005E+1
-2.000005E+1
-2.000005E+1
-2.000005E+1
-1.411858E+1
-1.221787E+1
-1.110802E+1
-1.030099E+1
-9.714458E+0
-9.269048E+0
-8.951528E+0
-8.758958E+0
-8.651648E+0
-8.663408E+0
-8.772188E+0
-8.992688E+0
-9.330788E+0
-9.792368E+0
-1.037743E+1
-1.107274E+1
-1.188271E+1
-1.268680E+1
-1.349383E+1
-1.426852E+1
-1.479331E+1
-1.577380E+1
-1.849477E+1
-2.000005E+1
-2.000005E+1
-2.000005E+1
-2.000005E+1
-1.397893E+1
-1.204441E+1
-1.080520E+1
-9.955538E+0
-9.379298E+0
-9.019148E+0
-8.858918E+0
-8.898608E+0
-9.163208E+0
-9.733568E+0
-1.083607E+1
-1.372315E+1
-2.000005E+1
-2.000005E+1
-2.000005E+1
-2.000005E+1
-2.000005E+1
-2.000005E+1
-2.000005E+1
-2.000005E+1
-2.000005E+1
-2.000005E+1
-2.000005E+1
-2.000005E+1
-2.000005E+1
-2.000005E+1
-2.000005E+1
-2.000005E+1
-2.000005E+1
-2.000005E+1
-2.000005E+1
-2.000005E+1
-1.698949E+1
-1.284262E+1
-1.125796E+1
-1.035244E+1
-9.752678E+0
-9.316088E+0
-9.033848E+0
-8.833928E+0
-8.722208E+0
-8.675168E+0
-8.663408E+0
-8.675168E+0
-8.710448E+0
-8.758958E+0
-8.847158E+0
-8.977988E+0
-9.177908E+0
-9.446918E+0
-9.832058E+0
-1.035244E+1
-1.107274E+1
-1.198855E+1
-1.301020E+1
-1.384663E+1
-1.372315E+1
-1.292494E+1
-1.204441E+1
-1.129765E+1
-1.080520E+1
-1.056706E+1
-1.059499E+1
-1.090222E+1
-1.159312E+1
-1.309840E+1
-2.000005E+1
-2.000005E+1
-2.000005E+1
-2.000005E+1
-2.000005E+1
-2.000005E+1
-2.000005E+1
-2.000005E+1
-2.000005E+1
-2.000005E+1
-2.000005E+1
-2.000005E+1
-2.000005E+1
-2.000005E+1
-2.000005E+1
-2.000005E+1
-2.000005E+1
-2.000005E+1
-2.000005E+1
-2.000005E+1
-2.000005E+1
-2.000005E+1
-2.000005E+1
-2.000005E+1
-1.426852E+1
-1.210027E+1
-1.083607E+1
-9.852638E+0
-9.104408E+0
-8.504648E+0
-8.044538E+0
-7.702028E+0
-7.466828E+0
-7.328648E+0
-7.284548E+0
-7.322768E+0
-7.453598E+0
-7.657928E+0
-7.932818E+0
-8.267978E+0
-8.639888E+0
-9.005918E+0
-9.330788E+0
-9.549818E+0
-9.658598E+0
-9.695348E+0
-9.695348E+0
-9.714458E+0
-9.792368E+0
-9.955538E+0
-1.018045E+1
-1.045681E+1
-1.068319E+1
-1.080520E+1
-1.068319E+1
-1.037743E+1
-9.955538E+0
-9.496898E+0
-9.075008E+0
-8.710448E+0
-8.450258E+0
-8.267978E+0
-8.181248E+0
-8.170958E+0
-8.238578E+0
-8.398808E+0
-8.651648E+0
-8.992688E+0
-9.446918E+0
-1.004374E+1
-1.083607E+1
-1.198855E+1
-1.411858E+1
-2.000005E+1
-2.000005E+1
-2.000005E+1
-2.000005E+1
-2.000005E+1
-2.000005E+1
-2.000005E+1
-2.000005E+1
-2.000005E+1
-1.650439E+1
-1.384663E+1
-1.292494E+1
-1.261330E+1
-1.284262E+1
-1.397893E+1
-2.000005E+1
-2.000005E+1
-2.000005E+1
-2.000005E+1
-2.000005E+1
-2.000005E+1
-2.000005E+1
-2.000005E+1
-2.000005E+1
-2.000005E+1
-2.000005E+1
-2.000005E+1
-2.000005E+1
-2.000005E+1
-2.000005E+1
-2.000005E+1
-1.397893E+1
-1.163869E+1
-1.062439E+1
-1.004374E+1
-9.695348E+0
-9.549818E+0
-9.567458E+0
-9.773258E+0
-1.020397E+1
-1.096837E+1
-1.247365E+1
-2.000005E+1
-2.000005E+1
-2.000005E+1
-2.000005E+1
-2.000005E+1
-2.000005E+1
-2.000005E+1
-1.479331E+1
-1.150492E+1
-1.027747E+1
-9.549818E+0
-9.061778E+0
-8.747198E+0
-8.516408E+0
-8.326778E+0
-8.181248E+0
-8.044538E+0
-7.932818E+0
-7.874018E+0
-7.866668E+0
-7.941638E+0
-8.125388E+0
-8.429678E+0
-8.885378E+0
-9.532178E+0
-1.043035E+1
-1.173277E+1
-1.397893E+1
-2.000005E+1
-2.000005E+1
-2.000005E+1
-2.000005E+1
-2.000005E+1
-1.499911E+1
-1.349383E+1
-1.268680E+1
-1.204441E+1
-1.150492E+1
-1.100218E+1
-1.048327E+1
-1.002169E+1
