Date/Time	2022-06-07 10:57:51
Line location	3
Line name	C1
OTDR wavelength [nm]	1310
OTDR pulse duration [ns]	2
OTDR scan time [s]	10
OTDR scan length [m]	1.500000E+2
Length offset [m]	0.000000E+0
Length increment [m]	3.996806E-2
Switch ID	VIAVI Solutions,OTU 8000E,11654,FO,16.76
OTDR ID	JDSU,OTU 8000E,11654,OTU(SmartOTU),V7.22

Reflected amplitude [dB]
5.856320E-1
5.782820E-1
5.650520E-1
5.474120E-1
5.268320E-1
5.062520E-1
4.886120E-1
4.768520E-1
4.709720E-1
4.753820E-1
4.930220E-1
5.224220E-1
5.577020E-1
5.929820E-1
6.253220E-1
6.532520E-1
6.753020E-1
6.900020E-1
6.973520E-1
6.988220E-1
6.885320E-1
6.576620E-1
6.062120E-1
5.371220E-1
4.503920E-1
3.548420E-1
2.651720E-1
1.828520E-1
1.122920E-1
4.761200E-2
-8.248000E-3
-5.969800E-2
-1.052680E-1
-1.449580E-1
-1.802380E-1
-2.111080E-1
-2.390380E-1
-2.640280E-1
-2.860780E-1
-3.051880E-1
-3.213580E-1
-3.345880E-1
-3.448780E-1
-3.507580E-1
-3.536980E-1
-3.536980E-1
-3.507580E-1
-3.463480E-1
-3.404680E-1
-3.360580E-1
-3.316480E-1
-3.301780E-1
-3.316480E-1
-3.375280E-1
-3.448780E-1
-3.551680E-1
-3.683980E-1
-3.830980E-1
-4.007380E-1
-4.183780E-1
-4.360180E-1
-4.551280E-1
-4.742380E-1
-4.933480E-1
-5.095180E-1
-5.242180E-1
-5.345080E-1
-5.403880E-1
-5.403880E-1
-5.330380E-1
-5.183380E-1
-4.948180E-1
-4.668880E-1
-4.316080E-1
-3.875080E-1
-3.228280E-1
-2.390380E-1
-1.523080E-1
-7.292800E-2
-8.248000E-3
4.467200E-2
8.289200E-2
1.093520E-1
1.225820E-1
1.255220E-1
1.181720E-1
9.612200E-2
5.937200E-2
4.982000E-3
-5.969800E-2
-1.287880E-1
-1.964080E-1
-2.625580E-1
-3.257680E-1
-3.860380E-1
-4.433680E-1
-4.962880E-1
-5.447980E-1
-5.874280E-1
-6.256480E-1
-6.579880E-1
-6.873880E-1
-7.123780E-1
-7.344280E-1
-7.505980E-1
-7.638280E-1
-7.726480E-1
-7.770580E-1
-7.770580E-1
-7.755880E-1
-7.711780E-1
-7.652980E-1
-7.594180E-1
-7.535380E-1
-7.491280E-1
-7.461880E-1
-7.447180E-1
-7.432480E-1
-7.417780E-1
-7.403080E-1
-7.373680E-1
-7.329580E-1
-7.300180E-1
-7.241380E-1
-7.182580E-1
-7.123780E-1
-7.079680E-1
-7.020880E-1
-6.976780E-1
-6.947380E-1
-6.903280E-1
-6.888580E-1
-6.873880E-1
-6.873880E-1
-6.888580E-1
-6.917980E-1
-6.962080E-1
-7.035580E-1
-7.109080E-1
-7.211980E-1
-7.314880E-1
-7.417780E-1
-7.505980E-1
-7.594180E-1
-7.652980E-1
-7.682380E-1
-7.682380E-1
-7.623580E-1
-7.535380E-1
-7.403080E-1
-7.211980E-1
-6.991480E-1
-6.741580E-1
-6.476980E-1
-6.197680E-1
-5.918380E-1
-5.653780E-1
-5.433280E-1
-5.227480E-1
-5.051080E-1
-4.933480E-1
-4.845280E-1
-4.815880E-1
-4.815880E-1
-4.874680E-1
-4.962880E-1
-5.080480E-1
-5.227480E-1
-5.403880E-1
-5.580280E-1
-5.741980E-1
-5.903680E-1
-6.065380E-1
-6.197680E-1
-6.315280E-1
-6.418180E-1
-6.535780E-1
-6.638680E-1
-6.741580E-1
-6.859180E-1
-6.976780E-1
-7.094380E-1
-7.197280E-1
-7.285480E-1
-7.358980E-1
-7.417780E-1
-7.447180E-1
-7.461880E-1
-7.476580E-1
-7.461880E-1
-7.461880E-1
-7.461880E-1
-7.461880E-1
-7.461880E-1
-7.447180E-1
-7.432480E-1
-7.417780E-1
-7.403080E-1
-7.373680E-1
-7.358980E-1
-7.329580E-1
-7.314880E-1
-7.314880E-1
-7.314880E-1
-7.329580E-1
-7.358980E-1
-7.388380E-1
-7.447180E-1
-7.505980E-1
-7.579480E-1
-7.652980E-1
-7.711780E-1
-7.741180E-1
-7.770580E-1
-7.755880E-1
-7.726480E-1
-7.652980E-1
-7.550080E-1
-7.432480E-1
-7.300180E-1
-7.153180E-1
-7.006180E-1
-6.888580E-1
-6.770980E-1
-6.697480E-1
-6.638680E-1
-6.609280E-1
-6.609280E-1
-6.609280E-1
-6.623980E-1
-6.638680E-1
-6.638680E-1
-6.638680E-1
-6.623980E-1
-6.623980E-1
-6.623980E-1
-6.653380E-1
-6.697480E-1
-6.756280E-1
-6.829780E-1
-6.917980E-1
-7.006180E-1
-7.079680E-1
-7.138480E-1
-7.197280E-1
-7.226680E-1
-7.241380E-1
-7.241380E-1
-7.211980E-1
-7.182580E-1
-7.138480E-1
-7.094380E-1
-7.050280E-1
-7.020880E-1
-6.991480E-1
-6.976780E-1
-6.976780E-1
-6.976780E-1
-6.991480E-1
-7.006180E-1
-7.006180E-1
-7.006180E-1
-7.006180E-1
-6.991480E-1
-6.976780E-1
-6.962080E-1
-6.947380E-1
-6.947380E-1
-6.947380E-1
-6.976780E-1
-7.006180E-1
-7.035580E-1
-7.079680E-1
-7.123780E-1
-7.153180E-1
-7.182580E-1
-7.197280E-1
-7.226680E-1
-7.241380E-1
-7.241380E-1
-7.241380E-1
-7.226680E-1
-7.197280E-1
-7.167880E-1
-7.123780E-1
-7.079680E-1
-7.035580E-1
-6.991480E-1
-6.976780E-1
-6.976780E-1
-6.991480E-1
-7.035580E-1
-7.094380E-1
-7.167880E-1
-7.256080E-1
-7.344280E-1
-7.432480E-1
-7.505980E-1
-7.564780E-1
-7.608880E-1
-7.623580E-1
-7.623580E-1
-7.623580E-1
-7.608880E-1
-7.594180E-1
-7.579480E-1
-7.579480E-1
-7.594180E-1
-7.608880E-1
-7.623580E-1
-7.652980E-1
-7.667680E-1
-7.667680E-1
-7.652980E-1
-7.608880E-1
-7.564780E-1
-7.505980E-1
-7.447180E-1
-7.373680E-1
-7.329580E-1
-7.285480E-1
-7.256080E-1
-7.256080E-1
-7.285480E-1
-7.314880E-1
-7.373680E-1
-7.432480E-1
-7.476580E-1
-7.505980E-1
-7.520680E-1
-7.520680E-1
-7.491280E-1
-7.447180E-1
-7.388380E-1
-7.329580E-1
-7.256080E-1
-7.197280E-1
-7.138480E-1
-7.079680E-1
-7.050280E-1
-7.020880E-1
-7.006180E-1
-7.006180E-1
-7.020880E-1
-7.050280E-1
-7.079680E-1
-7.123780E-1
-7.167880E-1
-7.211980E-1
-7.256080E-1
-7.270780E-1
-7.285480E-1
-7.285480E-1
-7.270780E-1
-7.256080E-1
-7.241380E-1
-7.226680E-1
-7.211980E-1
-7.197280E-1
-7.197280E-1
-7.197280E-1
-7.211980E-1
-7.211980E-1
-7.241380E-1
-7.270780E-1
-7.300180E-1
-7.358980E-1
-7.417780E-1
-7.491280E-1
-7.564780E-1
-7.623580E-1
-7.667680E-1
-7.697080E-1
-7.682380E-1
-7.652980E-1
-7.594180E-1
-7.520680E-1
-7.432480E-1
-7.344280E-1
-7.270780E-1
-7.211980E-1
-7.182580E-1
-7.167880E-1
-7.167880E-1
-7.182580E-1
-7.211980E-1
-7.226680E-1
-7.211980E-1
-7.197280E-1
-7.167880E-1
-7.138480E-1
-7.094380E-1
-7.050280E-1
-7.035580E-1
-7.020880E-1
-7.006180E-1
-7.006180E-1
-6.991480E-1
-6.962080E-1
-6.917980E-1
-6.859180E-1
-6.785680E-1
-6.726880E-1
-6.668080E-1
-6.623980E-1
-6.594580E-1
-6.579880E-1
-6.579880E-1
-6.579880E-1
-6.594580E-1
-6.623980E-1
-6.638680E-1
-6.638680E-1
-6.653380E-1
-6.653380E-1
-6.638680E-1
-6.623980E-1
-6.594580E-1
-6.565180E-1
-6.521080E-1
-6.491680E-1
-6.447580E-1
-6.432880E-1
-6.418180E-1
-6.418180E-1
-6.432880E-1
-6.462280E-1
-6.491680E-1
-6.521080E-1
-6.565180E-1
-6.594580E-1
-6.623980E-1
-6.668080E-1
-6.726880E-1
-6.800380E-1
-6.903280E-1
-7.020880E-1
-7.153180E-1
-7.270780E-1
-7.388380E-1
-7.491280E-1
-7.535380E-1
-7.550080E-1
-7.520680E-1
-7.447180E-1
-7.358980E-1
-7.256080E-1
-7.167880E-1
-7.064980E-1
-6.991480E-1
-6.917980E-1
-6.873880E-1
-6.815080E-1
-6.785680E-1
-6.741580E-1
-6.712180E-1
-6.668080E-1
-6.623980E-1
-6.594580E-1
-6.565180E-1
-6.535780E-1
-6.521080E-1
-6.535780E-1
-6.565180E-1
-6.623980E-1
-6.697480E-1
-6.785680E-1
-6.888580E-1
-6.991480E-1
-7.079680E-1
-7.138480E-1
-7.182580E-1
-7.197280E-1
-7.182580E-1
-7.153180E-1
-7.123780E-1
-7.064980E-1
-7.035580E-1
-6.991480E-1
-6.962080E-1
-6.932680E-1
-6.932680E-1
-6.932680E-1
-6.947380E-1
-6.976780E-1
-7.006180E-1
-7.050280E-1
-7.079680E-1
-7.109080E-1
-7.153180E-1
-7.167880E-1
-7.197280E-1
-7.226680E-1
-7.270780E-1
-7.300180E-1
-7.344280E-1
-7.373680E-1
-7.403080E-1
-7.403080E-1
-7.373680E-1
-7.329580E-1
-7.270780E-1
-7.211980E-1
-7.138480E-1
-7.064980E-1
-7.006180E-1
-6.947380E-1
-6.888580E-1
-6.844480E-1
-6.800380E-1
-6.741580E-1
-6.697480E-1
-6.653380E-1
-6.623980E-1
-6.609280E-1
-6.609280E-1
-6.623980E-1
-6.653380E-1
-6.697480E-1
-6.741580E-1
-6.800380E-1
-6.844480E-1
-6.888580E-1
-6.917980E-1
-6.947380E-1
-6.962080E-1
-6.976780E-1
-6.976780E-1
-6.991480E-1
-6.991480E-1
-7.006180E-1
-7.035580E-1
-7.064980E-1
-7.109080E-1
-7.153180E-1
-7.211980E-1
-7.270780E-1
-7.314880E-1
-7.358980E-1
-7.373680E-1
-7.373680E-1
-7.358980E-1
-7.314880E-1
-7.285480E-1
-7.226680E-1
-7.182580E-1
-7.153180E-1
-7.123780E-1
-7.094380E-1
-7.079680E-1
-7.064980E-1
-7.064980E-1
-7.050280E-1
-7.035580E-1
-7.020880E-1
-7.006180E-1
-6.991480E-1
-6.976780E-1
-6.976780E-1
-6.976780E-1
-6.976780E-1
-6.976780E-1
-6.962080E-1
-6.962080E-1
-6.947380E-1
-6.903280E-1
-6.873880E-1
-6.815080E-1
-6.770980E-1
-6.712180E-1
-6.668080E-1
-6.638680E-1
-6.609280E-1
-6.594580E-1
-6.609280E-1
-6.623980E-1
-6.653380E-1
-6.697480E-1
-6.741580E-1
-6.785680E-1
-6.815080E-1
-6.859180E-1
-6.873880E-1
-6.873880E-1
-6.844480E-1
-6.815080E-1
-6.770980E-1
-6.726880E-1
-6.668080E-1
-6.623980E-1
-6.594580E-1
-6.565180E-1
-6.550480E-1
-6.550480E-1
-6.565180E-1
-6.579880E-1
-6.623980E-1
-6.668080E-1
-6.712180E-1
-6.785680E-1
-6.844480E-1
-6.917980E-1
-6.991480E-1
-7.064980E-1
-7.123780E-1
-7.167880E-1
-7.197280E-1
-7.211980E-1
-7.226680E-1
-7.226680E-1
-7.226680E-1
-7.226680E-1
-7.226680E-1
-7.241380E-1
-7.256080E-1
-7.256080E-1
-7.256080E-1
-7.256080E-1
-7.256080E-1
-7.241380E-1
-7.226680E-1
-7.211980E-1
-7.211980E-1
-7.211980E-1
-7.211980E-1
-7.197280E-1
-7.197280E-1
-7.182580E-1
-7.153180E-1
-7.109080E-1
-7.064980E-1
-7.006180E-1
-6.962080E-1
-6.903280E-1
-6.873880E-1
-6.829780E-1
-6.815080E-1
-6.815080E-1
-6.829780E-1
-6.859180E-1
-6.888580E-1
-6.947380E-1
-7.006180E-1
-7.064980E-1
-7.138480E-1
-7.182580E-1
-7.241380E-1
-7.270780E-1
-7.300180E-1
-7.300180E-1
-7.285480E-1
-7.256080E-1
-7.197280E-1
-7.138480E-1
-7.050280E-1
-6.947380E-1
-6.844480E-1
-6.741580E-1
-6.653380E-1
-6.579880E-1
-6.521080E-1
-6.476980E-1
-6.447580E-1
-6.418180E-1
-6.418180E-1
-6.403480E-1
-6.403480E-1
-6.418180E-1
-6.432880E-1
-6.447580E-1
-6.491680E-1
-6.535780E-1
-6.594580E-1
-6.653380E-1
-6.712180E-1
-6.770980E-1
-6.829780E-1
-6.873880E-1
-6.917980E-1
-6.962080E-1
-6.991480E-1
-7.020880E-1
-7.050280E-1
-7.079680E-1
-7.094380E-1
-7.123780E-1
-7.138480E-1
-7.167880E-1
-7.197280E-1
-7.226680E-1
-7.270780E-1
-7.300180E-1
-7.344280E-1
-7.373680E-1
-7.388380E-1
-7.403080E-1
-7.388380E-1
-7.358980E-1
-7.314880E-1
-7.270780E-1
-7.211980E-1
-7.153180E-1
-7.094380E-1
-7.064980E-1
-7.035580E-1
-7.020880E-1
-7.020880E-1
-7.020880E-1
-7.020880E-1
-7.035580E-1
-7.020880E-1
-7.020880E-1
-6.991480E-1
-6.976780E-1
-6.932680E-1
-6.903280E-1
-6.873880E-1
-6.844480E-1
-6.815080E-1
-6.800380E-1
-6.815080E-1
-6.829780E-1
-6.859180E-1
-6.888580E-1
-6.932680E-1
-6.976780E-1
-7.020880E-1
-7.035580E-1
-7.035580E-1
-7.006180E-1
-6.962080E-1
-6.888580E-1
-6.815080E-1
-6.726880E-1
-6.668080E-1
-6.638680E-1
-6.623980E-1
-6.653380E-1
-6.726880E-1
-6.815080E-1
-6.917980E-1
-7.035580E-1
-7.167880E-1
-7.285480E-1
-7.403080E-1
-7.520680E-1
-7.608880E-1
-7.697080E-1
-7.770580E-1
-7.814680E-1
-7.829380E-1
-7.814680E-1
-7.785280E-1
-7.726480E-1
-7.652980E-1
-7.579480E-1
-7.505980E-1
-7.461880E-1
-7.417780E-1
-7.403080E-1
-7.403080E-1
-7.417780E-1
-7.432480E-1
-7.461880E-1
-7.491280E-1
-7.505980E-1
-7.505980E-1
-7.505980E-1
-7.476580E-1
-7.447180E-1
-7.403080E-1
-7.344280E-1
-7.270780E-1
-7.197280E-1
-7.123780E-1
-7.035580E-1
-6.947380E-1
-6.888580E-1
-6.829780E-1
-6.785680E-1
-6.770980E-1
-6.785680E-1
-6.815080E-1
-6.859180E-1
-6.903280E-1
-6.947380E-1
-7.006180E-1
-7.050280E-1
-7.079680E-1
-7.123780E-1
-7.138480E-1
-7.153180E-1
-7.167880E-1
-7.182580E-1
-7.182580E-1
-7.167880E-1
-7.153180E-1
-7.123780E-1
-7.094380E-1
-7.050280E-1
-6.991480E-1
-6.917980E-1
-6.844480E-1
-6.785680E-1
-6.712180E-1
-6.653380E-1
-6.609280E-1
-6.565180E-1
-6.521080E-1
-6.491680E-1
-6.462280E-1
-6.432880E-1
-6.403480E-1
-6.403480E-1
-6.403480E-1
-6.418180E-1
-6.447580E-1
-6.506380E-1
-6.579880E-1
-6.668080E-1
-6.770980E-1
-6.859180E-1
-6.962080E-1
-7.035580E-1
-7.109080E-1
-7.167880E-1
-7.226680E-1
-7.270780E-1
-7.300180E-1
-7.344280E-1
-7.373680E-1
-7.417780E-1
-7.447180E-1
-7.476580E-1
-7.491280E-1
-7.491280E-1
-7.476580E-1
-7.432480E-1
-7.388380E-1
-7.344280E-1
-7.270780E-1
-7.211980E-1
-7.138480E-1
-7.064980E-1
-7.006180E-1
-6.932680E-1
-6.873880E-1
-6.815080E-1
-6.770980E-1
-6.726880E-1
-6.697480E-1
-6.697480E-1
-6.712180E-1
-6.741580E-1
-6.785680E-1
-6.844480E-1
-6.917980E-1
-6.976780E-1
-7.035580E-1
-7.094380E-1
-7.123780E-1
-7.153180E-1
-7.182580E-1
-7.197280E-1
-7.226680E-1
-7.241380E-1
-7.270780E-1
-7.285480E-1
-7.300180E-1
-7.314880E-1
-7.314880E-1
-7.300180E-1
-7.300180E-1
-7.300180E-1
-7.300180E-1
-7.300180E-1
-7.300180E-1
-7.300180E-1
-7.285480E-1
-7.256080E-1
-7.211980E-1
-7.138480E-1
-7.050280E-1
-6.962080E-1
-6.859180E-1
-6.770980E-1
-6.697480E-1
-6.623980E-1
-6.579880E-1
-6.550480E-1
-6.521080E-1
-6.506380E-1
-6.506380E-1
-6.506380E-1
-6.506380E-1
-6.506380E-1
-6.521080E-1
-6.550480E-1
-6.579880E-1
-6.609280E-1
-6.623980E-1
-6.638680E-1
-6.638680E-1
-6.609280E-1
-6.579880E-1
-6.521080E-1
-6.476980E-1
-6.418180E-1
-6.359380E-1
-6.329980E-1
-6.315280E-1
-6.315280E-1
-6.329980E-1
-6.374080E-1
-6.432880E-1
-6.491680E-1
-6.550480E-1
-6.609280E-1
-6.653380E-1
-6.697480E-1
-6.741580E-1
-6.770980E-1
-6.800380E-1
-6.829780E-1
-6.859180E-1
-6.888580E-1
-6.903280E-1
-6.932680E-1
-6.932680E-1
-6.932680E-1
-6.917980E-1
-6.888580E-1
-6.859180E-1
-6.829780E-1
-6.815080E-1
-6.800380E-1
-6.800380E-1
-6.815080E-1
-6.829780E-1
-6.859180E-1
-6.873880E-1
-6.888580E-1
-6.873880E-1
-6.859180E-1
-6.815080E-1
-6.756280E-1
-6.682780E-1
-6.609280E-1
-6.535780E-1
-6.476980E-1
-6.447580E-1
-6.432880E-1
-6.447580E-1
-6.491680E-1
-6.565180E-1
-6.653380E-1
-6.756280E-1
-6.873880E-1
-6.976780E-1
-7.079680E-1
-7.153180E-1
-7.211980E-1
-7.256080E-1
-7.285480E-1
-7.300180E-1
-7.285480E-1
-7.256080E-1
-7.226680E-1
-7.167880E-1
-7.109080E-1
-7.050280E-1
-6.976780E-1
-6.903280E-1
-6.859180E-1
-6.815080E-1
-6.815080E-1
-6.815080E-1
-6.844480E-1
-6.888580E-1
-6.947380E-1
-7.020880E-1
-7.079680E-1
-7.138480E-1
-7.182580E-1
-7.211980E-1
-7.226680E-1
-7.256080E-1
-7.285480E-1
-7.314880E-1
-7.373680E-1
-7.432480E-1
-7.520680E-1
-7.608880E-1
-7.697080E-1
-7.770580E-1
-7.829380E-1
-7.873480E-1
-7.888180E-1
-7.873480E-1
-7.844080E-1
-7.799980E-1
-7.755880E-1
-7.697080E-1
-7.638280E-1
-7.594180E-1
-7.535380E-1
-7.491280E-1
-7.447180E-1
-7.403080E-1
-7.373680E-1
-7.344280E-1
-7.329580E-1
-7.314880E-1
-7.314880E-1
-7.314880E-1
-7.314880E-1
-7.329580E-1
-7.329580E-1
-7.344280E-1
-7.373680E-1
-7.388380E-1
-7.417780E-1
-7.447180E-1
-7.461880E-1
-7.491280E-1
-7.520680E-1
-7.564780E-1
-7.638280E-1
-7.741180E-1
-7.888180E-1
-8.108680E-1
-8.387980E-1
-8.726080E-1
-9.152380E-1
-9.637480E-1
-1.016668E+0
-1.073998E+0
-1.132798E+0
-1.194538E+0
-1.257748E+0
-1.320958E+0
-1.382698E+0
-1.442968E+0
-1.501768E+0
-1.556158E+0
-1.606138E+0
-1.651708E+0
-1.691398E+0
-1.726678E+0
-1.756078E+0
-1.779598E+0
-1.800178E+0
-1.817818E+0
-1.831048E+0
-1.842808E+0
-1.853098E+0
-1.860448E+0
-1.866328E+0
-1.870738E+0
-1.875148E+0
-1.879558E+0
-1.882498E+0
-1.886908E+0
-1.891318E+0
-1.895728E+0
-1.900138E+0
-1.903078E+0
-1.904548E+0
-1.906018E+0
-1.904548E+0
-1.904548E+0
-1.906018E+0
-1.907488E+0
-1.911898E+0
-1.919248E+0
-1.929538E+0
-1.939828E+0
-1.953058E+0
-1.966288E+0
-1.978048E+0
-1.989808E+0
-2.001568E+0
-2.013328E+0
-2.025088E+0
-2.036848E+0
-2.048608E+0
-2.061838E+0
-2.073598E+0
-2.082418E+0
-2.089768E+0
-2.091238E+0
-2.088298E+0
-2.079478E+0
-2.066248E+0
-2.048608E+0
-2.030968E+0
-2.011858E+0
-1.994218E+0
-1.980988E+0
-1.972168E+0
-1.967758E+0
-1.967758E+0
-1.973638E+0
-1.983928E+0
-1.997158E+0
-2.013328E+0
-2.033908E+0
-2.053018E+0
-2.072128E+0
-2.089768E+0
-2.102998E+0
-2.111818E+0
-2.114758E+0
-2.110348E+0
-2.101528E+0
-2.086828E+0
-2.070658E+0
-2.053018E+0
-2.039788E+0
-2.028028E+0
-2.022148E+0
-2.022148E+0
-2.023618E+0
-2.029498E+0
-2.036848E+0
-2.042728E+0
-2.045668E+0
-2.047138E+0
-2.047138E+0
-2.045668E+0
-2.044198E+0
-2.044198E+0
-2.047138E+0
-2.053018E+0
-2.058898E+0
-2.066248E+0
-2.075068E+0
-2.083888E+0
-2.091238E+0
-2.101528E+0
-2.110348E+0
-2.122108E+0
-2.135338E+0
-2.151508E+0
-2.166208E+0
-2.183848E+0
-2.197078E+0
-2.208838E+0
-2.217658E+0
-2.223538E+0
-2.225008E+0
-2.223538E+0
-2.222068E+0
-2.217658E+0
-2.213248E+0
-2.208838E+0
-2.202958E+0
-2.198548E+0
-2.195608E+0
-2.195608E+0
-2.198548E+0
-2.204428E+0
-2.214718E+0
-2.229418E+0
-2.244118E+0
-2.260288E+0
-2.273518E+0
-2.283808E+0
-2.291158E+0
-2.295568E+0
-2.299978E+0
-2.304388E+0
-2.310268E+0
-2.320558E+0
-2.333788E+0
-2.349958E+0
-2.366128E+0
-2.380828E+0
-2.392588E+0
-2.399938E+0
-2.401408E+0
-2.398468E+0
-2.391118E+0
-2.380828E+0
-2.370538E+0
-2.360248E+0
-2.351428E+0
-2.342608E+0
-2.335258E+0
-2.327908E+0
-2.322028E+0
-2.316148E+0
-2.314678E+0
-2.314678E+0
-2.319088E+0
-2.327908E+0
-2.344078E+0
-2.364658E+0
-2.388178E+0
-2.416108E+0
-2.444038E+0
-2.473438E+0
-2.499898E+0
-2.523418E+0
-2.542528E+0
-2.554288E+0
-2.558698E+0
-2.557228E+0
-2.549878E+0
-2.538118E+0
-2.524888E+0
-2.510188E+0
-2.495488E+0
-2.483728E+0
-2.471968E+0
-2.463148E+0
-2.454328E+0
-2.442568E+0
-2.429338E+0
-2.414638E+0
-2.396998E+0
-2.379358E+0
-2.363188E+0
-2.348488E+0
-2.338198E+0
-2.332318E+0
-2.330848E+0
-2.332318E+0
-2.336728E+0
-2.344078E+0
-2.351428E+0
-2.358778E+0
-2.366128E+0
-2.376418E+0
-2.386708E+0
-2.399938E+0
-2.414638E+0
-2.432278E+0
-2.452858E+0
-2.474908E+0
-2.496958E+0
-2.517538E+0
-2.536648E+0
-2.551348E+0
-2.560168E+0
-2.564578E+0
-2.564578E+0
-2.558698E+0
-2.552818E+0
-2.545468E+0
-2.539588E+0
-2.536648E+0
-2.536648E+0
-2.542528E+0
-2.552818E+0
-2.567518E+0
-2.586628E+0
-2.610148E+0
-2.635138E+0
-2.661598E+0
-2.688058E+0
-2.711578E+0
-2.729218E+0
-2.742448E+0
-2.746858E+0
-2.743918E+0
-2.735098E+0
-2.718928E+0
-2.699818E+0
-2.679238E+0
-2.658658E+0
-2.641018E+0
-2.629258E+0
-2.621908E+0
-2.620438E+0
-2.626318E+0
-2.636608E+0
-2.652778E+0
-2.670418E+0
-2.692468E+0
-2.713048E+0
-2.732158E+0
-2.748328E+0
-2.760088E+0
-2.765968E+0
-2.765968E+0
-2.763028E+0
-2.755678E+0
-2.745388E+0
-2.733628E+0
-2.723338E+0
-2.714518E+0
-2.708638E+0
-2.704228E+0
-2.704228E+0
-2.707168E+0
-2.715988E+0
-2.730688E+0
-2.749798E+0
-2.774788E+0
-2.805658E+0
-2.839468E+0
-2.873278E+0
-2.905618E+0
-2.933548E+0
-2.954128E+0
-2.967358E+0
-2.974708E+0
-2.974708E+0
-2.970298E+0
-2.964418E+0
-2.961478E+0
-2.958538E+0
-2.958538E+0
-2.958538E+0
-2.958538E+0
-2.958538E+0
-2.952658E+0
-2.943838E+0
-2.933548E+0
-2.920318E+0
-2.907088E+0
-2.893858E+0
-2.883568E+0
-2.874748E+0
-2.867398E+0
-2.861518E+0
-2.854168E+0
-2.848288E+0
-2.840938E+0
-2.833588E+0
-2.827708E+0
-2.826238E+0
-2.824768E+0
-2.826238E+0
-2.830648E+0
-2.835058E+0
-2.840938E+0
-2.846818E+0
-2.851228E+0
-2.855638E+0
-2.860048E+0
-2.864458E+0
-2.867398E+0
-2.868868E+0
-2.867398E+0
-2.864458E+0
-2.861518E+0
-2.857108E+0
-2.857108E+0
-2.862988E+0
-2.873278E+0
-2.890918E+0
-2.915908E+0
-2.945308E+0
-2.979118E+0
-3.014398E+0
-3.049678E+0
-3.080548E+0
-3.107008E+0
-3.127588E+0
-3.139348E+0
-3.145228E+0
-3.143758E+0
-3.134938E+0
-3.118768E+0
-3.099658E+0
-3.077608E+0
-3.055558E+0
-3.036448E+0
-3.020278E+0
-3.009988E+0
-3.005578E+0
-3.008518E+0
-3.015868E+0
-3.026158E+0
-3.036448E+0
-3.046738E+0
-3.057028E+0
-3.065848E+0
-3.076138E+0
-3.087898E+0
-3.102598E+0
-3.121708E+0
-3.143758E+0
-3.168748E+0
-3.193738E+0
-3.218728E+0
-3.239308E+0
-3.256948E+0
-3.268708E+0
-3.274588E+0
-3.278998E+0
-3.280468E+0
-3.281938E+0
-3.283408E+0
-3.286348E+0
-3.290758E+0
-3.296638E+0
-3.306928E+0
-3.317218E+0
-3.330448E+0
-3.346618E+0
-3.365728E+0
-3.387778E+0
-3.412768E+0
-3.436288E+0
-3.459808E+0
-3.477448E+0
-3.489208E+0
-3.489208E+0
-3.478918E+0
-3.455398E+0
-3.421588E+0
-3.380428E+0
-3.336328E+0
-3.292228E+0
-3.251068E+0
-3.218728E+0
-3.193738E+0
-3.180508E+0
-3.176098E+0
-3.181978E+0
-3.196678E+0
-3.218728E+0
-3.243718E+0
-3.271648E+0
-3.296638E+0
-3.315748E+0
-3.328978E+0
-3.331918E+0
-3.327508E+0
-3.317218E+0
-3.303988E+0
-3.292228E+0
-3.284878E+0
-3.283408E+0
-3.289288E+0
-3.301048E+0
-3.317218E+0
-3.336328E+0
-3.353968E+0
-3.368668E+0
-3.378958E+0
-3.383368E+0
-3.387778E+0
-3.387778E+0
-3.389248E+0
-3.392188E+0
-3.396598E+0
-3.403948E+0
-3.414238E+0
-3.423058E+0
-3.433348E+0
-3.442168E+0
-3.450988E+0
-3.459808E+0
-3.468628E+0
-3.478918E+0
-3.490678E+0
-3.503908E+0
-3.518608E+0
-3.533308E+0
-3.546538E+0
-3.556828E+0
-3.561238E+0
-3.562708E+0
-3.558298E+0
-3.549478E+0
-3.537718E+0
-3.523018E+0
-3.506848E+0
-3.487738E+0
-3.468628E+0
-3.449518E+0
-3.430408E+0
-3.411298E+0
-3.395128E+0
-3.380428E+0
-3.371608E+0
-3.367198E+0
-3.370138E+0
-3.378958E+0
-3.390718E+0
-3.408358E+0
-3.427468E+0
-3.446578E+0
-3.468628E+0
-3.490678E+0
-3.512728E+0
-3.533308E+0
-3.553888E+0
-3.574468E+0
-3.590638E+0
-3.605338E+0
-3.614158E+0
-3.620038E+0
-3.622978E+0
-3.624448E+0
-3.627388E+0
-3.628858E+0
-3.636208E+0
-3.646498E+0
-3.661198E+0
-3.680308E+0
-3.703828E+0
-3.727348E+0
-3.752338E+0
-3.775858E+0
-3.794968E+0
-3.806728E+0
-3.809668E+0
-3.805258E+0
-3.789088E+0
-3.762628E+0
-3.730288E+0
-3.690598E+0
-3.649438E+0
-3.606808E+0
-3.565648E+0
-3.528898E+0
-3.496558E+0
-3.468628E+0
-3.446578E+0
-3.431878E+0
-3.423058E+0
-3.423058E+0
-3.431878E+0
-3.448048E+0
-3.468628E+0
-3.495088E+0
-3.520078E+0
-3.542128E+0
-3.558298E+0
-3.568588E+0
-3.568588E+0
-3.562708E+0
-3.552418E+0
-3.540658E+0
-3.531838E+0
-3.527428E+0
-3.533308E+0
-3.549478E+0
-3.574468E+0
-3.609748E+0
-3.652378E+0
-3.697948E+0
-3.744988E+0
-3.789088E+0
-3.825838E+0
-3.855238E+0
-3.872878E+0
-3.883168E+0
-3.887578E+0
-3.890518E+0
-3.894928E+0
-3.902278E+0
-3.915508E+0
-3.934618E+0
-3.955198E+0
-3.975778E+0
-3.989008E+0
-3.994888E+0
-3.987538E+0
-3.971368E+0
-3.944908E+0
-3.914038E+0
-3.884638E+0
-3.858178E+0
-3.840538E+0
-3.828778E+0
-3.822898E+0
-3.819958E+0
-3.815548E+0
-3.806728E+0
-3.790558E+0
-3.768508E+0
-3.742048E+0
-3.712648E+0
-3.684718E+0
-3.659728E+0
-3.642088E+0
-3.633268E+0
-3.631798E+0
-3.640618E+0
-3.655318E+0
-3.677368E+0
-3.703828E+0
-3.730288E+0
-3.755278E+0
-3.777328E+0
-3.794968E+0
-3.808198E+0
-3.819958E+0
-3.828778E+0
-3.839068E+0
-3.855238E+0
-3.878758E+0
-3.909628E+0
-3.947848E+0
-3.990478E+0
-4.036048E+0
-4.081618E+0
-4.121308E+0
-4.153648E+0
-4.177168E+0
-4.194808E+0
-4.205098E+0
-4.213918E+0
-4.219798E+0
-4.225678E+0
-4.231558E+0
-4.237438E+0
-4.241848E+0
-4.244788E+0
-4.246258E+0
-4.244788E+0
-4.238908E+0
-4.230088E+0
-4.218328E+0
-4.203628E+0
-4.181578E+0
-4.153648E+0
-4.116898E+0
-4.075738E+0
-4.027228E+0
-3.975778E+0
-3.921388E+0
-3.869938E+0
-3.822898E+0
-3.786148E+0
-3.756748E+0
-3.740578E+0
-3.736168E+0
-3.742048E+0
-3.759688E+0
-3.786148E+0
-3.819958E+0
-3.855238E+0
-3.893458E+0
-3.933148E+0
-3.974308E+0
-4.013998E+0
-4.052218E+0
-4.091908E+0
-4.127188E+0
-4.163938E+0
-4.197748E+0
-4.225678E+0
-4.252138E+0
-4.272718E+0
-4.290358E+0
-4.305058E+0
-4.316818E+0
-4.327108E+0
-4.334458E+0
-4.340338E+0
-4.338868E+0
-4.331518E+0
-4.315348E+0
-4.290358E+0
-4.256548E+0
-4.216858E+0
-4.175698E+0
-4.137478E+0
-4.103668E+0
-4.080148E+0
-4.066918E+0
-4.065448E+0
-4.074268E+0
-4.093378E+0
-4.121308E+0
-4.155118E+0
-4.196278E+0
-4.240378E+0
-4.287418E+0
-4.334458E+0
-4.381498E+0
-4.421188E+0
-4.454998E+0
-4.478518E+0
-4.490278E+0
-4.490278E+0
-4.478518E+0
-4.456468E+0
-4.427068E+0
-4.390318E+0
-4.346218E+0
-4.297708E+0
-4.243318E+0
-4.184518E+0
-4.128658E+0
-4.074268E+0
-4.025758E+0
-3.984598E+0
-3.958138E+0
-3.944908E+0
-3.944908E+0
-3.959608E+0
-3.987538E+0
-4.027228E+0
-4.074268E+0
-4.127188E+0
-4.181578E+0
-4.237438E+0
-4.290358E+0
-4.337398E+0
-4.378558E+0
-4.413838E+0
-4.441768E+0
-4.463818E+0
-4.482928E+0
-4.499098E+0
-4.512328E+0
-4.527028E+0
-4.546138E+0
-4.566718E+0
-4.587298E+0
-4.610818E+0
-4.631398E+0
-4.649038E+0
-4.660798E+0
-4.663738E+0
-4.659328E+0
-4.647568E+0
-4.629928E+0
-4.606408E+0
-4.582888E+0
-4.556428E+0
-4.528498E+0
-4.504978E+0
-4.484398E+0
-4.471168E+0
-4.463818E+0
-4.463818E+0
-4.475578E+0
-4.496158E+0
-4.524088E+0
-4.560838E+0
-4.600528E+0
-4.641688E+0
-4.679908E+0
-4.712248E+0
-4.737238E+0
-4.751938E+0
-4.757818E+0
-4.750468E+0
-4.735768E+0
-4.712248E+0
-4.688728E+0
-4.663738E+0
-4.641688E+0
-4.625518E+0
-4.618168E+0
-4.619638E+0
-4.628458E+0
-4.644628E+0
-4.666678E+0
-4.693138E+0
-4.725478E+0
-4.759288E+0
-4.791628E+0
-4.821028E+0
-4.848958E+0
-4.868068E+0
-4.872478E+0
-4.865128E+0
-4.840138E+0
-4.803388E+0
-4.759288E+0
-4.707838E+0
-4.659328E+0
-4.619638E+0
-4.593178E+0
-4.582888E+0
-4.587298E+0
-4.606408E+0
-4.638748E+0
-4.671088E+0
-4.694608E+0
-4.697548E+0
-4.665208E+0
-4.591708E+0
-4.477048E+0
-4.309468E+0
-4.108078E+0
-3.884638E+0
-3.628858E+0
-3.148168E+0
-2.302918E+0
-1.410628E+0
-7.035580E-1
-1.508380E-1
2.916320E-1
6.238520E-1
8.590520E-1
1.022222E+0
1.125122E+0
1.178042E+0
1.185392E+0
1.144232E+0
1.039862E+0
8.737520E-1
6.429620E-1
3.592520E-1
4.320200E-2
-2.993080E-1
-6.756280E-1
-1.107808E+0
-1.589968E+0
-2.088298E+0
-2.582218E+0
-3.065848E+0
-3.543598E+0
-4.018408E+0
-4.500568E+0
-4.990078E+0
-5.489878E+0
-5.994088E+0
-6.502708E+0
-7.008388E+0
-7.511128E+0
-8.028568E+0
-8.579818E+0
-9.222208E+0
-1.001454E+1
-1.112439E+1
-1.326324E+1
-2.050005E+1
-2.050005E+1
-2.050005E+1
-2.050005E+1
-2.050005E+1
-2.050005E+1
-2.050005E+1
-2.050005E+1
-2.050005E+1
-2.050005E+1
-2.050005E+1
-2.050005E+1
-2.050005E+1
-2.050005E+1
-1.899477E+1
-1.351020E+1
-1.233273E+1
-1.171974E+1
-1.146837E+1
-1.146837E+1
-1.175796E+1
-1.243563E+1
-1.388799E+1
-2.050005E+1
-2.050005E+1
-2.050005E+1
-2.050005E+1
-2.050005E+1
-2.050005E+1
-2.050005E+1
-2.050005E+1
-1.277961E+1
-1.118319E+1
-1.025268E+1
-9.619108E+0
-9.175168E+0
-8.857648E+0
-8.643028E+0
-8.509258E+0
-8.441638E+0
-8.432818E+0
-8.475448E+0
-8.597458E+0
-8.787088E+0
-9.060508E+0
-9.451528E+0
-1.003218E+1
-1.095681E+1
-1.260027E+1
-2.050005E+1
-2.050005E+1
-2.050005E+1
-2.050005E+1
-2.050005E+1
-2.050005E+1
-2.050005E+1
-2.050005E+1
-2.050005E+1
-2.050005E+1
-2.050005E+1
-2.050005E+1
-2.050005E+1
-2.050005E+1
-2.050005E+1
-2.050005E+1
-2.050005E+1
-2.050005E+1
-2.050005E+1
-2.050005E+1
-2.050005E+1
-2.050005E+1
-2.050005E+1
-1.461858E+1
-1.223277E+1
-1.133607E+1
-1.085244E+1
-1.056579E+1
-1.039380E+1
-1.029237E+1
-1.023357E+1
-1.015860E+1
-1.006746E+1
-9.946918E+0
-9.846958E+0
-9.783748E+0
-9.738178E+0
-9.752878E+0
-9.846958E+0
-1.004982E+1
-1.035264E+1
-1.082745E+1
-1.146837E+1
-1.228275E+1
-1.342494E+1
-1.510368E+1
-1.811424E+1
-2.050005E+1
-2.050005E+1
-1.811424E+1
-1.627380E+1
-1.529331E+1
-1.476852E+1
-1.461858E+1
-1.476852E+1
-1.510368E+1
-1.549911E+1
-1.598421E+1
-1.627380E+1
-1.598421E+1
-1.529331E+1
-1.422315E+1
-1.342494E+1
-1.271787E+1
-1.209312E+1
-1.164477E+1
-1.143456E+1
-1.140222E+1
-1.164477E+1
-1.218573E+1
-1.351020E+1
-2.050005E+1
-2.050005E+1
-2.050005E+1
-2.050005E+1
-2.050005E+1
-2.050005E+1
-2.050005E+1
-2.050005E+1
-2.050005E+1
-2.050005E+1
-2.050005E+1
-1.627380E+1
-1.290750E+1
-1.171974E+1
-1.106706E+1
-1.075248E+1
-1.065693E+1
-1.080099E+1
-1.121259E+1
-1.204902E+1
-1.399383E+1
-2.050005E+1
-2.050005E+1
-2.050005E+1
-2.050005E+1
-2.050005E+1
-2.050005E+1
-2.050005E+1
-2.050005E+1
-2.050005E+1
-2.050005E+1
-2.050005E+1
-1.529331E+1
-1.271787E+1
-1.164477E+1
-1.095681E+1
-1.049964E+1
-1.019535E+1
-1.001454E+1
-9.946918E+0
-9.913108E+0
-9.913108E+0
-9.913108E+0
-9.913108E+0
-9.879298E+0
-9.816088E+0
-9.738178E+0
-9.677908E+0
-9.633808E+0
-9.648508E+0
-9.692608E+0
-9.769048E+0
-9.896938E+0
-1.006746E+1
-1.027326E+1
-1.052169E+1
-1.085244E+1
-1.127433E+1
-1.187850E+1
-1.284135E+1
-1.493022E+1
-2.050005E+1
-2.050005E+1
-2.050005E+1
-2.050005E+1
-2.050005E+1
-2.050005E+1
-2.050005E+1
-2.050005E+1
-1.318680E+1
-1.150218E+1
-1.045554E+1
-9.752878E+0
-9.222208E+0
-8.826778E+0
-8.544538E+0
-8.357848E+0
-8.254948E+0
-8.224078E+0
-8.254948E+0
-8.350498E+0
-8.491618E+0
-8.670958E+0
-8.888518E+0
-9.116368E+0
-9.358918E+0
-9.619108E+0
-9.896938E+0
-1.017624E+1
-1.045554E+1
-1.072749E+1
-1.098327E+1
-1.118319E+1
-1.130520E+1
-1.143456E+1
-1.153746E+1
-1.160802E+1
-1.168152E+1
-1.183734E+1
-1.200492E+1
-1.213869E+1
-1.213869E+1
-1.200492E+1
-1.175796E+1
-1.143456E+1
-1.101120E+1
-1.054374E+1
-1.012185E+1
-9.752878E+0
-9.438298E+0
-9.163408E+0
-8.950258E+0
-8.787088E+0
-8.681248E+0
-8.634208E+0
-8.643028E+0
-8.690068E+0
-8.787088E+0
-8.939968E+0
-9.151648E+0
-9.425068E+0
-9.769048E+0
-1.019535E+1
-1.075248E+1
-1.146837E+1
-1.243563E+1
-1.399383E+1
-1.811424E+1
-2.050005E+1
-2.050005E+1
-2.050005E+1
-2.050005E+1
-1.627380E+1
-1.359840E+1
-1.233273E+1
-1.150218E+1
-1.090389E+1
-1.045554E+1
-1.013949E+1
-9.929278E+0
-9.816088E+0
-9.769048E+0
-9.816088E+0
-9.929278E+0
-1.012185E+1
-1.041438E+1
-1.080099E+1
-1.136841E+1
-1.213869E+1
-1.334262E+1
-1.598421E+1
-2.050005E+1
-2.050005E+1
-2.050005E+1
-2.050005E+1
-2.050005E+1
-2.050005E+1
-2.050005E+1
-1.461858E+1
-1.277961E+1
-1.187850E+1
-1.133607E+1
-1.101120E+1
-1.082745E+1
-1.072749E+1
-1.068045E+1
-1.065693E+1
-1.070397E+1
-1.077747E+1
-1.095681E+1
-1.124346E+1
-1.175796E+1
-1.271787E+1
-1.510368E+1
-2.050005E+1
-2.050005E+1
-2.050005E+1
-2.050005E+1
-2.050005E+1
-2.050005E+1
-2.050005E+1
-2.050005E+1
-2.050005E+1
-2.050005E+1
-2.050005E+1
-2.050005E+1
-2.050005E+1
-2.050005E+1
-1.493022E+1
-1.196082E+1
-1.075248E+1
-1.008510E+1
-9.707308E+0
-9.561778E+0
-9.604408E+0
-9.830788E+0
-1.025268E+1
-1.093035E+1
-1.191966E+1
-1.342494E+1
-1.700439E+1
-2.050005E+1
-2.050005E+1
-2.050005E+1
-2.050005E+1
-2.050005E+1
-1.899477E+1
-1.748949E+1
-1.899477E+1
-2.050005E+1
-2.050005E+1
-2.050005E+1
-2.050005E+1
-2.050005E+1
-2.050005E+1
-2.050005E+1
-2.050005E+1
-2.050005E+1
-2.050005E+1
-2.050005E+1
-2.050005E+1
-1.700439E+1
-1.213869E+1
-1.058784E+1
-9.589708E+0
-8.888518E+0
-8.357848E+0
-7.972708E+0
-7.687528E+0
-7.499368E+0
-7.387648E+0
-7.346488E+0
-7.377358E+0
-7.472908E+0
-7.622848E+0
-7.822768E+0
-8.069728E+0
-8.357848E+0
-8.690068E+0
-9.070798E+0
-9.519148E+0
-1.008510E+1
-1.082745E+1
-1.200492E+1
-1.461858E+1
-2.050005E+1
-2.050005E+1
-2.050005E+1
-2.050005E+1
-2.050005E+1
-2.050005E+1
-2.050005E+1
-2.050005E+1
-2.050005E+1
-1.510368E+1
-1.334262E+1
-1.271787E+1
-1.248855E+1
-1.248855E+1
-1.248855E+1
-1.254441E+1
-1.260027E+1
-1.254441E+1
-1.248855E+1
-1.238271E+1
-1.228275E+1
-1.233273E+1
-1.243563E+1
-1.260027E+1
-1.271787E+1
-1.271787E+1
-1.260027E+1
-1.238271E+1
-1.200492E+1
-1.160802E+1
-1.124346E+1
-1.095681E+1
-1.072749E+1
-1.054374E+1
-1.035264E+1
-1.015860E+1
-9.929278E+0
-9.677908E+0
-9.385378E+0
-9.094318E+0
-8.816488E+0
-8.597458E+0
-8.423998E+0
-8.325508E+0
-8.294638E+0
-8.350498E+0
-8.491618E+0
-8.728288E+0
-9.060508E+0
-9.533848E+0
-1.017624E+1
-1.112439E+1
-1.277961E+1
-2.050005E+1
-2.050005E+1
-2.050005E+1
-2.050005E+1
-2.050005E+1
-2.050005E+1
-2.050005E+1
-2.050005E+1
-2.050005E+1
-2.050005E+1
-1.243563E+1
-1.087743E+1
-1.006746E+1
-9.633808E+0
-9.425068E+0
-9.398608E+0
-9.519148E+0
-9.738178E+0
-1.004982E+1
-1.041438E+1
-1.072749E+1
-1.090389E+1
-1.090389E+1
-1.077747E+1
-1.054374E+1
-1.027326E+1
-1.004982E+1
-9.896938E+0
-9.830788E+0
-9.863128E+0
-9.996898E+0
-1.025268E+1
-1.068045E+1
-1.127433E+1
-1.209312E+1
-1.318680E+1
-1.461858E+1
-1.572843E+1
-1.549911E+1
-1.399383E+1
-1.271787E+1
-1.171974E+1
-1.098327E+1
-1.041438E+1
-9.980728E+0
-9.648508E+0
-9.398608E+0
-9.210448E+0
-9.070798E+0
-8.972308E+0
-8.919388E+0
-8.919388E+0
-8.950258E+0
-9.026698E+0
-9.151648E+0
-9.308938E+0
-9.519148E+0
-9.752878E+0
-1.004982E+1
-1.041438E+1
-1.087743E+1
-1.157274E+1
-1.260027E+1
-1.493022E+1
-2.050005E+1
-2.050005E+1
-2.050005E+1
-2.050005E+1
-2.050005E+1
-2.050005E+1
-2.050005E+1
-2.050005E+1
-2.050005E+1
-2.050005E+1
-2.050005E+1
-2.050005E+1
-2.050005E+1
-2.050005E+1
-2.050005E+1
-2.050005E+1
-2.050005E+1
-2.050005E+1
-2.050005E+1
-2.050005E+1
-1.811424E+1
-1.529331E+1
-1.410555E+1
-1.318680E+1
-1.243563E+1
-1.175796E+1
-1.118319E+1
-1.065693E+1
-1.021446E+1
-9.830788E+0
-9.519148E+0
-9.272188E+0
-9.104608E+0
-9.016408E+0
-8.982598E+0
-9.004648E+0
-9.070798E+0
-9.163408E+0
-9.272188E+0
-9.358918E+0
-9.411838E+0
-9.438298E+0
-9.438298E+0
-9.425068E+0
-9.385378E+0
-9.372148E+0
-9.372148E+0
-9.385378E+0
-9.438298E+0
-9.505918E+0
-9.589708E+0
-9.707308E+0
-9.863128E+0
-1.004982E+1
-1.025268E+1
-1.047759E+1
-1.065693E+1
-1.077747E+1
-1.080099E+1
-1.065693E+1
-1.039380E+1
-1.004982E+1
-9.707308E+0
-9.372148E+0
-9.094318E+0
-8.888518E+0
-8.747398E+0
-8.681248E+0
-8.681248E+0
-8.747398E+0
-8.878228E+0
-9.070798E+0
-9.358918E+0
-9.738178E+0
-1.025268E+1
-1.103913E+1
-1.243563E+1
-1.899477E+1
-2.050005E+1
-2.050005E+1
-2.050005E+1
-2.050005E+1
-2.050005E+1
-2.050005E+1
-2.050005E+1
-2.050005E+1
-2.050005E+1
-2.050005E+1
-2.050005E+1
-2.050005E+1
-2.050005E+1
-2.050005E+1
-2.050005E+1
-2.050005E+1
-2.050005E+1
-2.050005E+1
-2.050005E+1
-2.050005E+1
-2.050005E+1
-2.050005E+1
-2.050005E+1
-2.050005E+1
-2.050005E+1
-1.410555E+1
-1.238271E+1
-1.157274E+1
-1.109499E+1
-1.075248E+1
-1.045554E+1
-1.019535E+1
-9.929278E+0
-9.692608E+0
-9.451528E+0
-9.235438E+0
-9.060508E+0
-8.929678E+0
-8.878228E+0
-8.909098E+0
-9.048748E+0
-9.308938E+0
-9.769048E+0
-1.052169E+1
-1.191966E+1
-1.899477E+1
-2.050005E+1
-2.050005E+1
-2.050005E+1
-2.050005E+1
-2.050005E+1
-2.050005E+1
-2.050005E+1
-2.050005E+1
-2.050005E+1
-2.050005E+1
-2.050005E+1
-1.447893E+1
-1.168152E+1
-1.065693E+1
-1.010274E+1
-9.830788E+0
-9.783748E+0
-9.896938E+0
-1.019535E+1
-1.068045E+1
-1.143456E+1
-1.265907E+1
-1.529331E+1
-2.050005E+1
-2.050005E+1
-2.050005E+1
-2.050005E+1
-2.050005E+1
-2.050005E+1
-2.050005E+1
-2.050005E+1
-2.050005E+1
-2.050005E+1
-2.050005E+1
-2.050005E+1
-2.050005E+1
-2.050005E+1
-2.050005E+1
-2.050005E+1
-2.050005E+1
-2.050005E+1
-2.050005E+1
-2.050005E+1
-2.050005E+1
-2.050005E+1
-2.050005E+1
-2.050005E+1
-2.050005E+1
-2.050005E+1
-2.050005E+1
-2.050005E+1
-2.050005E+1
-2.050005E+1
-2.050005E+1
-2.050005E+1
-2.050005E+1
-2.050005E+1
-2.050005E+1
-2.050005E+1
-2.050005E+1
-2.050005E+1
-2.050005E+1
-2.050005E+1
-2.050005E+1
-2.050005E+1
-2.050005E+1
-2.050005E+1
-2.050005E+1
-2.050005E+1
-2.050005E+1
-2.050005E+1
-2.050005E+1
-2.050005E+1
-2.050005E+1
-2.050005E+1
-2.050005E+1
-2.050005E+1
-2.050005E+1
-2.050005E+1
-2.050005E+1
-2.050005E+1
-2.050005E+1
-2.050005E+1
-2.050005E+1
-2.050005E+1
-2.050005E+1
-2.050005E+1
-2.050005E+1
-2.050005E+1
-1.510368E+1
-1.311330E+1
-1.200492E+1
-1.124346E+1
-1.070397E+1
-1.027326E+1
-9.929278E+0
-9.648508E+0
-9.398608E+0
-9.175168E+0
-8.962018E+0
-8.767978E+0
-8.625388E+0
-8.544538E+0
-8.526898E+0
-8.597458E+0
-8.787088E+0
-9.094318E+0
-9.575008E+0
-1.027326E+1
-1.130520E+1
-1.304274E+1
-2.050005E+1
-2.050005E+1
-2.050005E+1
-2.050005E+1
-2.050005E+1
-2.050005E+1
-1.627380E+1
-1.388799E+1
-1.284135E+1
-1.233273E+1
-1.209312E+1
-1.204902E+1
-1.228275E+1
-1.277961E+1
-1.378803E+1
-1.660896E+1
-2.050005E+1
-2.050005E+1
-2.050005E+1
-2.050005E+1
-2.050005E+1
-2.050005E+1
-1.410555E+1
-1.150218E+1
-1.019535E+1
-9.372148E+0
-8.837068E+0
-8.500438E+0
-8.325508E+0
-8.287288E+0
-8.366668E+0
-8.579818E+0
-8.919388E+0
-9.411838E+0
-1.006746E+1
-1.098327E+1
-1.243563E+1
-1.598421E+1
-2.050005E+1
-2.050005E+1
-2.050005E+1
-2.050005E+1
-2.050005E+1
-2.050005E+1
-2.050005E+1
-2.050005E+1
-2.050005E+1
-2.050005E+1
-1.510368E+1
-1.369101E+1
-1.304274E+1
-1.290750E+1
-1.318680E+1
-1.388799E+1
-1.572843E+1
-2.050005E+1
-2.050005E+1
-2.050005E+1
-2.050005E+1
-2.050005E+1
-2.050005E+1
-2.050005E+1
-2.050005E+1
-2.050005E+1
-1.748949E+1
-1.410555E+1
-1.304274E+1
-1.243563E+1
-1.204902E+1
-1.179765E+1
-1.157274E+1
-1.136841E+1
-1.115379E+1
-1.087743E+1
-1.058784E+1
-1.027326E+1
-1.001454E+1
-9.799918E+0
-9.633808E+0
-9.575008E+0
-9.604408E+0
-9.769048E+0
-1.006746E+1
-1.056579E+1
-1.133607E+1
-1.260027E+1
-1.549911E+1
-2.050005E+1
-2.050005E+1
-2.050005E+1
-2.050005E+1
-2.050005E+1
-2.050005E+1
-2.050005E+1
-2.050005E+1
-2.050005E+1
-2.050005E+1
-2.050005E+1
-2.050005E+1
-2.050005E+1
-2.050005E+1
-2.050005E+1
-2.050005E+1
-2.050005E+1
-2.050005E+1
-2.050005E+1
-2.050005E+1
-2.050005E+1
-2.050005E+1
-1.342494E+1
-1.200492E+1
-1.133607E+1
-1.101120E+1
-1.098327E+1
-1.121259E+1
-1.171974E+1
-1.271787E+1
-1.476852E+1
-2.050005E+1
-2.050005E+1
-2.050005E+1
-2.050005E+1
-2.050005E+1
-2.050005E+1
-2.050005E+1
-2.050005E+1
-2.050005E+1
-2.050005E+1
-1.399383E+1
-1.260027E+1
-1.196082E+1
-1.168152E+1
-1.168152E+1
-1.196082E+1
-1.254441E+1
-1.359840E+1
-1.598421E+1
-2.050005E+1
-2.050005E+1
-2.050005E+1
-2.050005E+1
-2.050005E+1
-2.050005E+1
-2.050005E+1
-2.050005E+1
-2.050005E+1
-2.050005E+1
-2.050005E+1
-2.050005E+1
-2.050005E+1
-2.050005E+1
-2.050005E+1
-2.050005E+1
-2.050005E+1
-2.050005E+1
-2.050005E+1
-2.050005E+1
-2.050005E+1
-2.050005E+1
-2.050005E+1
-2.050005E+1
-2.050005E+1
-2.050005E+1
-1.422315E+1
-1.311330E+1
-1.277961E+1
-1.277961E+1
-1.311330E+1
-1.359840E+1
-1.434663E+1
-1.529331E+1
-1.572843E+1
-1.572843E+1
-1.529331E+1
-1.493022E+1
-1.476852E+1
-1.476852E+1
-1.476852E+1
-1.461858E+1
-1.410555E+1
-1.326324E+1
-1.243563E+1
-1.164477E+1
-1.103913E+1
-1.058784E+1
-1.029237E+1
-1.012185E+1
-1.004982E+1
-1.006746E+1
-1.015860E+1
-1.025268E+1
-1.035264E+1
-1.043496E+1
-1.052169E+1
-1.063341E+1
-1.080099E+1
-1.098327E+1
-1.118319E+1
-1.136841E+1
-1.143456E+1
-1.130520E+1
-1.101120E+1
-1.063341E+1
-1.027326E+1
-9.980728E+0
-9.799918E+0
-9.752878E+0
-9.846958E+0
-1.010274E+1
-1.052169E+1
-1.109499E+1
-1.179765E+1
-1.260027E+1
-1.326324E+1
-1.334262E+1
-1.290750E+1
-1.223277E+1
-1.168152E+1
-1.124346E+1
-1.095681E+1
-1.080099E+1
-1.077747E+1
-1.087743E+1
-1.106706E+1
-1.130520E+1
-1.157274E+1
-1.183734E+1
-1.204902E+1
-1.223277E+1
-1.243563E+1
-1.254441E+1
-1.277961E+1
-1.311330E+1
-1.369101E+1
-1.461858E+1
-1.700439E+1
-2.050005E+1
-2.050005E+1
-2.050005E+1
-2.050005E+1
-2.050005E+1
-2.050005E+1
-2.050005E+1
-2.050005E+1
-2.050005E+1
-2.050005E+1
-2.050005E+1
-2.050005E+1
-2.050005E+1
-2.050005E+1
-2.050005E+1
-2.050005E+1
-2.050005E+1
-2.050005E+1
-2.050005E+1
-2.050005E+1
-2.050005E+1
-2.050005E+1
-2.050005E+1
-2.050005E+1
-2.050005E+1
-2.050005E+1
-2.050005E+1
-2.050005E+1
-2.050005E+1
-2.050005E+1
-2.050005E+1
-2.050005E+1
-2.050005E+1
-2.050005E+1
-2.050005E+1
-2.050005E+1
-2.050005E+1
-2.050005E+1
-2.050005E+1
-1.627380E+1
-1.304274E+1
-1.183734E+1
-1.109499E+1
-1.056579E+1
-1.021446E+1
-9.996898E+0
-9.896938E+0
-9.929278E+0
-1.006746E+1
-1.031148E+1
-1.068045E+1
-1.115379E+1
-1.171974E+1
-1.233273E+1
-1.284135E+1
-1.334262E+1
-1.359840E+1
-1.388799E+1
-1.399383E+1
-1.434663E+1
-1.493022E+1
-1.660896E+1
-2.050005E+1
-2.050005E+1
-2.050005E+1
-2.050005E+1
-2.050005E+1
-2.050005E+1
-2.050005E+1
-2.050005E+1
-2.050005E+1
-2.050005E+1
-1.598421E+1
-1.378803E+1
-1.284135E+1
-1.243563E+1
-1.223277E+1
-1.213869E+1
-1.209312E+1
-1.200492E+1
-1.175796E+1
-1.136841E+1
-1.093035E+1
-1.047759E+1
-1.004982E+1
-9.707308E+0
-9.425068E+0
-9.222208E+0
-9.104608E+0
-9.070798E+0
-9.116368E+0
-9.210448E+0
-9.385378E+0
-9.633808E+0
-9.946918E+0
-1.029237E+1
-1.070397E+1
-1.118319E+1
-1.171974E+1
-1.254441E+1
-1.388799E+1
-2.050005E+1
-2.050005E+1
-2.050005E+1
-2.050005E+1
-2.050005E+1
-2.050005E+1
-2.050005E+1
-2.050005E+1
-2.050005E+1
-2.050005E+1
-2.050005E+1
-2.050005E+1
-2.050005E+1
-2.050005E+1
-2.050005E+1
-2.050005E+1
-2.050005E+1
-2.050005E+1
-1.598421E+1
-1.304274E+1
-1.218573E+1
-1.183734E+1
-1.183734E+1
-1.218573E+1
-1.304274E+1
-1.549911E+1
-2.050005E+1
-2.050005E+1
-2.050005E+1
-2.050005E+1
-2.050005E+1
-2.050005E+1
-2.050005E+1
-2.050005E+1
-2.050005E+1
-2.050005E+1
-2.050005E+1
-2.050005E+1
-2.050005E+1
-2.050005E+1
-2.050005E+1
-1.369101E+1
-1.228275E+1
-1.160802E+1
-1.124346E+1
-1.101120E+1
-1.093035E+1
-1.095681E+1
-1.101120E+1
-1.109499E+1
-1.115379E+1
-1.127433E+1
-1.140222E+1
-1.160802E+1
-1.187850E+1
-1.228275E+1
-1.290750E+1
-1.410555E+1
-1.700439E+1
-2.050005E+1
-2.050005E+1
-2.050005E+1
-2.050005E+1
-2.050005E+1
-2.050005E+1
-2.050005E+1
-2.050005E+1
-2.050005E+1
-2.050005E+1
-2.050005E+1
-2.050005E+1
-2.050005E+1
-1.549911E+1
-1.334262E+1
-1.223277E+1
-1.146837E+1
-1.098327E+1
-1.065693E+1
-1.047759E+1
-1.043496E+1
-1.054374E+1
-1.075248E+1
-1.106706E+1
-1.150218E+1
-1.204902E+1
-1.260027E+1
-1.318680E+1
-1.351020E+1
-1.359840E+1
-1.342494E+1
-1.304274E+1
-1.260027E+1
-1.218573E+1
-1.179765E+1
-1.153746E+1
-1.133607E+1
-1.127433E+1
-1.133607E+1
-1.157274E+1
-1.204902E+1
-1.297365E+1
-1.529331E+1
-2.050005E+1
-2.050005E+1
-2.050005E+1
-2.050005E+1
-2.050005E+1
-2.050005E+1
-2.050005E+1
-2.050005E+1
-2.050005E+1
-2.050005E+1
-2.050005E+1
-2.050005E+1
-2.050005E+1
-2.050005E+1
-2.050005E+1
-2.050005E+1
-2.050005E+1
-2.050005E+1
-2.050005E+1
-2.050005E+1
-2.050005E+1
-2.050005E+1
-2.050005E+1
-2.050005E+1
-2.050005E+1
-2.050005E+1
-2.050005E+1
-2.050005E+1
-2.050005E+1
-2.050005E+1
-2.050005E+1
-2.050005E+1
-2.050005E+1
-2.050005E+1
-2.050005E+1
-2.050005E+1
-2.050005E+1
-2.050005E+1
-2.050005E+1
-2.050005E+1
-1.318680E+1
-1.143456E+1
-1.052169E+1
-9.980728E+0
-9.633808E+0
-9.438298E+0
-9.385378E+0
-9.438298E+0
-9.575008E+0
-9.799918E+0
-1.008510E+1
-1.043496E+1
-1.085244E+1
-1.136841E+1
-1.200492E+1
-1.297365E+1
-1.510368E+1
-2.050005E+1
-2.050005E+1
-2.050005E+1
-2.050005E+1
-2.050005E+1
-2.050005E+1
-2.050005E+1
-2.050005E+1
-2.050005E+1
-2.050005E+1
-2.050005E+1
-2.050005E+1
-2.050005E+1
-2.050005E+1
-2.050005E+1
-2.050005E+1
-2.050005E+1
-2.050005E+1
-2.050005E+1
-2.050005E+1
-2.050005E+1
-2.050005E+1
-2.050005E+1
-2.050005E+1
-2.050005E+1
-2.050005E+1
-2.050005E+1
-2.050005E+1
-2.050005E+1
-2.050005E+1
-2.050005E+1
-2.050005E+1
-2.050005E+1
-1.811424E+1
-1.476852E+1
-1.359840E+1
-1.297365E+1
-1.271787E+1
-1.271787E+1
-1.290750E+1
-1.311330E+1
-1.311330E+1
-1.271787E+1
-1.204902E+1
-1.127433E+1
-1.056579E+1
-9.980728E+0
-9.533848E+0
-9.222208E+0
-9.048748E+0
-9.016408E+0
-9.104608E+0
-9.333928E+0
-9.677908E+0
-1.013949E+1
-1.068045E+1
-1.121259E+1
-1.153746E+1
-1.153746E+1
-1.127433E+1
-1.080099E+1
-1.027326E+1
-9.816088E+0
-9.411838E+0
-9.094318E+0
-8.847358E+0
-8.681248E+0
-8.597458E+0
-8.616568E+0
-8.747398E+0
-9.016408E+0
-9.451528E+0
-1.013949E+1
-1.127433E+1
-1.369101E+1
-2.050005E+1
-2.050005E+1
-2.050005E+1
-2.050005E+1
-2.050005E+1
-2.050005E+1
-2.050005E+1
-2.050005E+1
-2.050005E+1
-2.050005E+1
-2.050005E+1
-2.050005E+1
-2.050005E+1
-1.660896E+1
-1.388799E+1
-1.304274E+1
-1.284135E+1
-1.326324E+1
-1.493022E+1
-2.050005E+1
-2.050005E+1
-2.050005E+1
-2.050005E+1
-2.050005E+1
-2.050005E+1
-2.050005E+1
-2.050005E+1
-2.050005E+1
-2.050005E+1
-2.050005E+1
-2.050005E+1
-2.050005E+1
-2.050005E+1
-2.050005E+1
-2.050005E+1
-2.050005E+1
-1.434663E+1
-1.326324E+1
-1.284135E+1
-1.265907E+1
-1.254441E+1
-1.238271E+1
-1.223277E+1
-1.200492E+1
-1.175796E+1
-1.150218E+1
-1.130520E+1
-1.121259E+1
-1.121259E+1
-1.133607E+1
-1.157274E+1
-1.187850E+1
-1.238271E+1
-1.304274E+1
-1.388799E+1
-1.510368E+1
-1.700439E+1
-2.050005E+1
-2.050005E+1
-2.050005E+1
-2.050005E+1
-2.050005E+1
-2.050005E+1
-2.050005E+1
-2.050005E+1
-2.050005E+1
-2.050005E+1
-2.050005E+1
-2.050005E+1
-2.050005E+1
-2.050005E+1
-2.050005E+1
-2.050005E+1
-2.050005E+1
-2.050005E+1
-2.050005E+1
-2.050005E+1
-2.050005E+1
-2.050005E+1
-2.050005E+1
-2.050005E+1
-2.050005E+1
-2.050005E+1
-2.050005E+1
-2.050005E+1
-2.050005E+1
-2.050005E+1
-2.050005E+1
-2.050005E+1
-2.050005E+1
-1.304274E+1
-1.140222E+1
-1.063341E+1
-1.021446E+1
-1.003218E+1
-1.001454E+1
-1.012185E+1
-1.033206E+1
-1.063341E+1
-1.101120E+1
-1.146837E+1
-1.200492E+1
-1.265907E+1
-1.351020E+1
-1.510368E+1
-2.050005E+1
-2.050005E+1
-2.050005E+1
-2.050005E+1
-2.050005E+1
-2.050005E+1
-2.050005E+1
-2.050005E+1
-1.549911E+1
-1.248855E+1
-1.121259E+1
-1.041438E+1
-9.846958E+0
-9.451528E+0
-9.186928E+0
-9.026698E+0
-8.962018E+0
-8.972308E+0
-9.048748E+0
-9.186928E+0
-9.385378E+0
-9.619108E+0
-9.879298E+0
-1.013949E+1
-1.039380E+1
-1.060989E+1
-1.077747E+1
-1.087743E+1
-1.087743E+1
-1.085244E+1
-1.077747E+1
-1.072749E+1
-1.065693E+1
-1.065693E+1
-1.075248E+1
-1.093035E+1
-1.127433E+1
-1.179765E+1
-1.271787E+1
-1.476852E+1
-2.050005E+1
-2.050005E+1
-2.050005E+1
-2.050005E+1
-2.050005E+1
-2.050005E+1
-2.050005E+1
-2.050005E+1
-2.050005E+1
-2.050005E+1
-2.050005E+1
-2.050005E+1
-2.050005E+1
-2.050005E+1
-2.050005E+1
-2.050005E+1
-2.050005E+1
-2.050005E+1
-2.050005E+1
-2.050005E+1
-2.050005E+1
-2.050005E+1
-2.050005E+1
-2.050005E+1
-2.050005E+1
-2.050005E+1
-2.050005E+1
-2.050005E+1
-2.050005E+1
-1.899477E+1
-1.223277E+1
-1.072749E+1
-9.896938E+0
-9.358918E+0
-8.982598E+0
-8.728288E+0
-8.544538E+0
-8.423998E+0
-8.350498E+0
-8.325508E+0
-8.357848E+0
-8.457808E+0
-8.634208E+0
-8.919388E+0
-9.333928E+0
-9.913108E+0
-1.077747E+1
-1.218573E+1
-1.549911E+1
-2.050005E+1
-2.050005E+1
-2.050005E+1
-2.050005E+1
-2.050005E+1
-2.050005E+1
-1.351020E+1
-1.196082E+1
-1.118319E+1
-1.072749E+1
-1.049964E+1
-1.043496E+1
-1.052169E+1
-1.077747E+1
-1.124346E+1
-1.204902E+1
-1.378803E+1
-2.050005E+1
-2.050005E+1
-2.050005E+1
-2.050005E+1
-2.050005E+1
-2.050005E+1
-2.050005E+1
-2.050005E+1
-2.050005E+1
-2.050005E+1
-2.050005E+1
-2.050005E+1
-1.627380E+1
-1.223277E+1
-1.109499E+1
-1.054374E+1
-1.027326E+1
-1.021446E+1
-1.033206E+1
-1.058784E+1
-1.101120E+1
-1.160802E+1
-1.238271E+1
-1.326324E+1
-1.399383E+1
-1.422315E+1
-1.369101E+1
-1.277961E+1
-1.187850E+1
-1.115379E+1
-1.056579E+1
-1.012185E+1
-9.783748E+0
-9.519148E+0
-9.358918E+0
-9.272188E+0
-9.283948E+0
-9.385378E+0
-9.575008E+0
-9.896938E+0
-1.037322E+1
-1.106706E+1
-1.218573E+1
-1.461858E+1
-2.050005E+1
-2.050005E+1
-2.050005E+1
-2.050005E+1
-2.050005E+1
-2.050005E+1
-2.050005E+1
-2.050005E+1
-2.050005E+1
-2.050005E+1
-1.297365E+1
-1.157274E+1
-1.082745E+1
-1.041438E+1
-1.021446E+1
-1.013949E+1
-1.015860E+1
-1.023357E+1
-1.033206E+1
-1.047759E+1
-1.068045E+1
-1.098327E+1
-1.143456E+1
-1.218573E+1
-1.369101E+1
-2.050005E+1
-2.050005E+1
-2.050005E+1
-2.050005E+1
-2.050005E+1
-2.050005E+1
-2.050005E+1
-2.050005E+1
-2.050005E+1
-1.493022E+1
-1.271787E+1
-1.175796E+1
-1.118319E+1
-1.085244E+1
-1.070397E+1
-1.065693E+1
-1.070397E+1
-1.080099E+1
-1.093035E+1
-1.109499E+1
-1.124346E+1
-1.143456E+1
-1.164477E+1
-1.200492E+1
-1.260027E+1
-1.369101E+1
-1.700439E+1
-2.050005E+1
-2.050005E+1
-2.050005E+1
-2.050005E+1
-2.050005E+1
-2.050005E+1
-2.050005E+1
-2.050005E+1
-2.050005E+1
-2.050005E+1
-1.238271E+1
-1.085244E+1
-9.946918E+0
-9.358918E+0
-8.972308E+0
-8.747398E+0
-8.670958E+0
-8.728288E+0
-8.898808E+0
-9.198688E+0
-9.648508E+0
-1.029237E+1
-1.124346E+1
-1.271787E+1
-1.660896E+1
-2.050005E+1
-2.050005E+1
-2.050005E+1
-2.050005E+1
-2.050005E+1
-2.050005E+1
-2.050005E+1
-2.050005E+1
-2.050005E+1
-1.660896E+1
-1.493022E+1
-1.434663E+1
-1.410555E+1
-1.422315E+1
-1.461858E+1
-1.598421E+1
-2.050005E+1
-2.050005E+1
-2.050005E+1
-2.050005E+1
-2.050005E+1
-2.050005E+1
-2.050005E+1
-2.050005E+1
-2.050005E+1
-2.050005E+1
-2.050005E+1
-2.050005E+1
-2.050005E+1
-2.050005E+1
-2.050005E+1
-2.050005E+1
-2.050005E+1
-2.050005E+1
-2.050005E+1
-2.050005E+1
-1.700439E+1
-1.510368E+1
-1.461858E+1
-1.476852E+1
-1.598421E+1
-2.050005E+1
-2.050005E+1
-2.050005E+1
-2.050005E+1
-2.050005E+1
-2.050005E+1
-2.050005E+1
-2.050005E+1
-2.050005E+1
-2.050005E+1
-2.050005E+1
-2.050005E+1
-2.050005E+1
-2.050005E+1
-2.050005E+1
-2.050005E+1
-2.050005E+1
-1.359840E+1
-1.209312E+1
-1.136841E+1
-1.101120E+1
-1.087743E+1
-1.095681E+1
-1.121259E+1
-1.157274E+1
-1.200492E+1
-1.248855E+1
-1.284135E+1
-1.297365E+1
-1.284135E+1
-1.265907E+1
-1.243563E+1
-1.228275E+1
-1.223277E+1
-1.223277E+1
-1.233273E+1
-1.243563E+1
-1.243563E+1
-1.228275E+1
-1.204902E+1
-1.187850E+1
-1.168152E+1
-1.160802E+1
-1.164477E+1
-1.191966E+1
-1.243563E+1
-1.351020E+1
-1.598421E+1
-2.050005E+1
-2.050005E+1
-2.050005E+1
-2.050005E+1
-2.050005E+1
-2.050005E+1
-2.050005E+1
-2.050005E+1
-2.050005E+1
-2.050005E+1
-2.050005E+1
-2.050005E+1
-2.050005E+1
-2.050005E+1
-2.050005E+1
-2.050005E+1
-2.050005E+1
-2.050005E+1
-2.050005E+1
-2.050005E+1
-2.050005E+1
-2.050005E+1
-2.050005E+1
-2.050005E+1
-2.050005E+1
-2.050005E+1
-2.050005E+1
-2.050005E+1
-2.050005E+1
-2.050005E+1
-2.050005E+1
-2.050005E+1
-2.050005E+1
-2.050005E+1
-2.050005E+1
-2.050005E+1
-1.811424E+1
-1.476852E+1
-1.388799E+1
-1.369101E+1
-1.388799E+1
-1.461858E+1
-1.660896E+1
-2.050005E+1
-2.050005E+1
-2.050005E+1
-2.050005E+1
-2.050005E+1
-1.899477E+1
-1.399383E+1
-1.238271E+1
-1.146837E+1
-1.090389E+1
-1.060989E+1
-1.052169E+1
-1.060989E+1
-1.095681E+1
-1.168152E+1
-1.326324E+1
-2.050005E+1
-2.050005E+1
-2.050005E+1
-2.050005E+1
-2.050005E+1
-2.050005E+1
-2.050005E+1
-2.050005E+1
-2.050005E+1
-2.050005E+1
-2.050005E+1
-2.050005E+1
-2.050005E+1
-2.050005E+1
-2.050005E+1
-2.050005E+1
-2.050005E+1
-2.050005E+1
-2.050005E+1
-2.050005E+1
-2.050005E+1
-2.050005E+1
-2.050005E+1
-2.050005E+1
-2.050005E+1
-2.050005E+1
-2.050005E+1
-2.050005E+1
-2.050005E+1
-2.050005E+1
-2.050005E+1
-2.050005E+1
-1.334262E+1
-1.164477E+1
-1.063341E+1
-9.963088E+0
-9.477988E+0
-9.128128E+0
-8.878228E+0
-8.719468E+0
-8.625388E+0
-8.607748E+0
-8.634208E+0
-8.728288E+0
-8.857648E+0
-9.026698E+0
-9.222208E+0
-9.425068E+0
-9.633808E+0
-9.846958E+0
-1.006746E+1
-1.033206E+1
-1.068045E+1
-1.121259E+1
-1.209312E+1
-1.410555E+1
-2.050005E+1
-2.050005E+1
-2.050005E+1
-2.050005E+1
-2.050005E+1
-2.050005E+1
-2.050005E+1
-2.050005E+1
-2.050005E+1
-2.050005E+1
-2.050005E+1
-2.050005E+1
-2.050005E+1
-2.050005E+1
-2.050005E+1
-2.050005E+1
-1.510368E+1
-1.410555E+1
-1.369101E+1
-1.359840E+1
-1.351020E+1
-1.318680E+1
-1.260027E+1
-1.183734E+1
-1.106706E+1
-1.033206E+1
-9.707308E+0
-9.210448E+0
-8.816488E+0
-8.535718E+0
-8.341678E+0
-8.254948E+0
-8.254948E+0
-8.341678E+0
-8.518078E+0
-8.776798E+0
-9.128128E+0
-9.561778E+0
-1.006746E+1
-1.065693E+1
-1.127433E+1
-1.187850E+1
-1.238271E+1
-1.277961E+1
-1.290750E+1
-1.290750E+1
-1.284135E+1
-1.290750E+1
-1.297365E+1
-1.311330E+1
-1.334262E+1
-1.359840E+1
-1.369101E+1
-1.342494E+1
-1.284135E+1
-1.218573E+1
-1.153746E+1
-1.095681E+1
-1.052169E+1
-1.023357E+1
-1.012185E+1
-1.019535E+1
-1.049964E+1
-1.115379E+1
-1.243563E+1
-1.700439E+1
-2.050005E+1
-2.050005E+1
-2.050005E+1
-2.050005E+1
-2.050005E+1
-2.050005E+1
-2.050005E+1
-2.050005E+1
-2.050005E+1
-2.050005E+1
-2.050005E+1
-1.899477E+1
-2.050005E+1
-2.050005E+1
-2.050005E+1
-2.050005E+1
-2.050005E+1
-2.050005E+1
-2.050005E+1
-2.050005E+1
-2.050005E+1
-2.050005E+1
-1.549911E+1
-1.297365E+1
-1.171974E+1
-1.095681E+1
-1.041438E+1
-1.003218E+1
-9.752878E+0
-9.604408E+0
-9.575008E+0
-9.677908E+0
-9.963088E+0
-1.047759E+1
-1.140222E+1
